# n + P  31 : (n,n')    
# endfb8.0   M.Chadwick,P.Young,R.Howerton     EVAL-DEC97
# uncertainties: n
# # energies =    35
#   E(MeV)       xs(mb) 
 1.31000E+00    0.00000E+00
 1.50000E+00    5.00000E+01
 1.75000E+00    1.50000E+02
 2.00000E+00    4.00000E+02
 2.25000E+00    5.50000E+02
 2.75000E+00    7.50000E+02
 5.00000E+00    7.00000E+02
 9.00000E+00    7.00000E+02
 1.40000E+01    6.00000E+02
 2.00000E+01    5.00000E+02
 2.00000E+01    1.20675E+02
 2.20000E+01    8.55514E+01
 2.40000E+01    6.87016E+01
 2.60000E+01    5.60060E+01
 2.80000E+01    4.65339E+01
 3.00000E+01    4.05379E+01
 3.50000E+01    3.21637E+01
 4.00000E+01    2.76769E+01
 4.50000E+01    2.41215E+01
 5.00000E+01    2.10747E+01
 5.50000E+01    1.88864E+01
 6.00000E+01    1.67106E+01
 6.50000E+01    1.46900E+01
 7.00000E+01    1.35088E+01
 7.50000E+01    1.19248E+01
 8.00000E+01    1.05640E+01
 8.50000E+01    9.51864E+00
 9.00000E+01    8.69665E+00
 9.50000E+01    8.10328E+00
 1.00000E+02    7.62178E+00
 1.10000E+02    6.79731E+00
 1.20000E+02    5.92519E+00
 1.30000E+02    5.56611E+00
 1.40000E+02    5.27890E+00
 1.50000E+02    4.80945E+00
