# n + P  31 : (n,tot)   
# endfb8.0   M.Chadwick,P.Young,R.Howerton     EVAL-DEC97
# uncertainties: n
# # energies =   659
#   E(MeV)       xs(mb) 
 1.00000E-11    4.99926E+04
 1.04713E-11    4.88628E+04
 1.09648E-11    4.77581E+04
 1.14815E-11    4.66799E+04
 1.20226E-11    4.56251E+04
 1.25893E-11    4.45959E+04
 1.31826E-11    4.35890E+04
 1.38038E-11    4.26065E+04
 1.44544E-11    4.16455E+04
 1.51356E-11    4.07073E+04
 1.58489E-11    3.97903E+04
 1.65959E-11    3.88944E+04
 1.73780E-11    3.80195E+04
 1.81970E-11    3.71641E+04
 1.90546E-11    3.63293E+04
 1.99526E-11    3.55127E+04
 2.08930E-11    3.47160E+04
 2.18776E-11    3.39367E+04
 2.29087E-11    3.31763E+04
 2.39883E-11    3.24327E+04
 2.51189E-11    3.17068E+04
 2.63027E-11    3.09976E+04
 2.75423E-11    3.03046E+04
 2.88403E-11    2.96282E+04
 3.01995E-11    2.89667E+04
 3.16228E-11    2.83215E+04
 3.31131E-11    2.76903E+04
 3.46737E-11    2.70748E+04
 3.63078E-11    2.64728E+04
 3.80189E-11    2.58854E+04
 3.98107E-11    2.53113E+04
 4.16869E-11    2.47509E+04
 4.36516E-11    2.42036E+04
 4.57088E-11    2.36688E+04
 4.78630E-11    2.31471E+04
 5.01187E-11    2.26370E+04
 5.24807E-11    2.21396E+04
 5.49541E-11    2.16533E+04
 5.75440E-11    2.11790E+04
 6.02560E-11    2.07154E+04
 6.30957E-11    2.02632E+04
 6.60693E-11    1.98215E+04
 6.91831E-11    1.93903E+04
 7.24436E-11    1.89696E+04
 7.58578E-11    1.85586E+04
 7.94328E-11    1.81578E+04
 8.31764E-11    1.77661E+04
 8.70964E-11    1.73844E+04
 9.12011E-11    1.70113E+04
 9.54993E-11    1.66477E+04
 1.00000E-10    1.62925E+04
 1.04713E-10    1.59462E+04
 1.09648E-10    1.56082E+04
 1.14815E-10    1.52784E+04
 1.20226E-10    1.49569E+04
 1.25893E-10    1.46429E+04
 1.31826E-10    1.43371E+04
 1.38038E-10    1.40384E+04
 1.44544E-10    1.37475E+04
 1.51356E-10    1.34635E+04
 1.58489E-10    1.31870E+04
 1.65959E-10    1.29172E+04
 1.73780E-10    1.26540E+04
 1.81970E-10    1.23978E+04
 1.90546E-10    1.21479E+04
 1.99526E-10    1.19042E+04
 2.08930E-10    1.16672E+04
 2.18776E-10    1.14359E+04
 2.29087E-10    1.12107E+04
 2.39883E-10    1.09915E+04
 2.51189E-10    1.07778E+04
 2.63027E-10    1.05699E+04
 2.75423E-10    1.03675E+04
 2.88403E-10    1.01703E+04
 3.01995E-10    9.97860E+03
 3.16228E-10    9.79193E+03
 3.31131E-10    9.61023E+03
 3.46737E-10    9.43372E+03
 3.63078E-10    9.26185E+03
 3.80189E-10    9.09476E+03
 3.98107E-10    8.93246E+03
 4.16869E-10    8.77449E+03
 4.36516E-10    8.62118E+03
 4.57088E-10    8.47221E+03
 4.78630E-10    8.32739E+03
 5.01187E-10    8.18672E+03
 5.24807E-10    8.05032E+03
 5.49541E-10    7.91783E+03
 5.75440E-10    7.78917E+03
 6.02560E-10    7.66444E+03
 6.30957E-10    7.54351E+03
 6.60693E-10    7.42615E+03
 6.91831E-10    7.31234E+03
 7.24436E-10    7.20219E+03
 7.58578E-10    7.09545E+03
 7.94328E-10    6.99198E+03
 8.31764E-10    6.89174E+03
 8.70964E-10    6.79478E+03
 9.12011E-10    6.70097E+03
 9.54993E-10    6.61017E+03
 1.00000E-09    6.52235E+03
 1.04713E-09    6.43739E+03
 1.09648E-09    6.35527E+03
 1.14815E-09    6.27596E+03
 1.20226E-09    6.19933E+03
 1.25892E-09    6.12530E+03
 1.31826E-09    6.05382E+03
 1.38038E-09    5.98481E+03
 1.44544E-09    5.91820E+03
 1.51356E-09    5.85393E+03
 1.58489E-09    5.79193E+03
 1.65959E-09    5.73220E+03
 1.73780E-09    5.67457E+03
 1.81970E-09    5.61901E+03
 1.90546E-09    5.56548E+03
 1.99526E-09    5.51392E+03
 2.08930E-09    5.46421E+03
 2.18776E-09    5.41634E+03
 2.29087E-09    5.37027E+03
 2.39883E-09    5.32587E+03
 2.51189E-09    5.28311E+03
 2.63027E-09    5.24198E+03
 2.75423E-09    5.20234E+03
 2.88403E-09    5.16420E+03
 3.01995E-09    5.12747E+03
 3.16228E-09    5.09212E+03
 3.31131E-09    5.05811E+03
 3.46737E-09    5.02540E+03
 3.63078E-09    4.99395E+03
 3.80189E-09    4.96355E+03
 3.98107E-09    4.93431E+03
 4.16869E-09    4.90620E+03
 4.36516E-09    4.87917E+03
 4.57088E-09    4.85316E+03
 4.78630E-09    4.82798E+03
 5.01187E-09    4.80380E+03
 5.24807E-09    4.78061E+03
 5.49541E-09    4.75818E+03
 5.75440E-09    4.73650E+03
 6.02560E-09    4.71576E+03
 6.30957E-09    4.69578E+03
 6.60693E-09    4.67632E+03
 6.91831E-09    4.65778E+03
 7.24436E-09    4.63988E+03
 7.58578E-09    4.62245E+03
 7.94328E-09    4.60591E+03
 8.31764E-09    4.58975E+03
 8.70964E-09    4.57421E+03
 9.12011E-09    4.55939E+03
 9.54993E-09    4.54479E+03
 1.00000E-08    4.53106E+03
 1.04713E-08    4.51746E+03
 1.09648E-08    4.50462E+03
 1.14815E-08    4.49203E+03
 1.20226E-08    4.47998E+03
 1.25893E-08    4.46835E+03
 1.31826E-08    4.45705E+03
 1.38038E-08    4.44622E+03
 1.44544E-08    4.43568E+03
 1.51356E-08    4.42557E+03
 1.58489E-08    4.41578E+03
 1.65959E-08    4.40624E+03
 1.73780E-08    4.39720E+03
 1.81970E-08    4.38820E+03
 1.90546E-08    4.37984E+03
 1.99526E-08    4.37134E+03
 2.08930E-08    4.36357E+03
 2.18776E-08    4.35564E+03
 2.29087E-08    4.34824E+03
 2.39883E-08    4.34098E+03
 2.51189E-08    4.33388E+03
 2.63027E-08    4.32730E+03
 2.75423E-08    4.32049E+03
 2.88403E-08    4.31431E+03
 3.01995E-08    4.30815E+03
 3.16228E-08    4.30198E+03
 3.31131E-08    4.29644E+03
 3.46737E-08    4.29072E+03
 3.63078E-08    4.28522E+03
 3.80189E-08    4.28018E+03
 3.98107E-08    4.27491E+03
 4.16869E-08    4.26998E+03
 4.36516E-08    4.26539E+03
 4.57088E-08    4.26058E+03
 4.78630E-08    4.25607E+03
 5.01187E-08    4.25193E+03
 5.24807E-08    4.24759E+03
 5.49541E-08    4.24339E+03
 5.75440E-08    4.23967E+03
 6.02560E-08    4.23580E+03
 6.30957E-08    4.23185E+03
 6.60693E-08    4.22845E+03
 6.91831E-08    4.22504E+03
 7.24436E-08    4.22146E+03
 7.58578E-08    4.21811E+03
 7.94328E-08    4.21515E+03
 8.31764E-08    4.21204E+03
 8.70964E-08    4.20881E+03
 9.12011E-08    4.20597E+03
 9.54993E-08    4.20331E+03
 1.00000E-07    4.20053E+03
 1.04713E-07    4.19764E+03
 1.09648E-07    4.19512E+03
 1.14815E-07    4.19278E+03
 1.20226E-07    4.19033E+03
 1.25893E-07    4.18777E+03
 1.31826E-07    4.18542E+03
 1.38038E-07    4.18340E+03
 1.44544E-07    4.18128E+03
 1.51356E-07    4.17907E+03
 1.58489E-07    4.17680E+03
 1.65959E-07    4.17496E+03
 1.73780E-07    4.17317E+03
 1.81970E-07    4.17129E+03
 1.90546E-07    4.16933E+03
 1.99526E-07    4.16737E+03
 2.08930E-07    4.16581E+03
 2.18776E-07    4.16426E+03
 2.29087E-07    4.16263E+03
 2.39883E-07    4.16093E+03
 2.51189E-07    4.15918E+03
 2.63027E-07    4.15780E+03
 2.75423E-07    4.15650E+03
 2.88403E-07    4.15513E+03
 3.01995E-07    4.15370E+03
 3.16228E-07    4.15220E+03
 3.31131E-07    4.15074E+03
 3.46737E-07    4.14964E+03
 3.63078E-07    4.14853E+03
 3.80189E-07    4.14736E+03
 3.98107E-07    4.14614E+03
 4.16869E-07    4.14486E+03
 4.36516E-07    4.14358E+03
 4.57088E-07    4.14263E+03
 4.78630E-07    4.14171E+03
 5.01187E-07    4.14075E+03
 5.24807E-07    4.13974E+03
 5.49541E-07    4.13869E+03
 5.75440E-07    4.13758E+03
 6.02560E-07    4.13657E+03
 6.30957E-07    4.13583E+03
 6.60693E-07    4.13507E+03
 6.91831E-07    4.13428E+03
 7.24436E-07    4.13344E+03
 7.58578E-07    4.13257E+03
 7.94328E-07    4.13165E+03
 8.31764E-07    4.13073E+03
 8.70964E-07    4.13008E+03
 9.12011E-07    4.12948E+03
 9.54993E-07    4.12886E+03
 1.00000E-06    4.12820E+03
 1.04713E-06    4.12751E+03
 1.09648E-06    4.12680E+03
 1.14815E-06    4.12604E+03
 1.20226E-06    4.12526E+03
 1.25893E-06    4.12486E+03
 1.31826E-06    4.12468E+03
 1.38038E-06    4.12449E+03
 1.44544E-06    4.12430E+03
 1.51356E-06    4.12409E+03
 1.58489E-06    4.12388E+03
 1.65959E-06    4.12365E+03
 1.73780E-06    4.12342E+03
 1.81970E-06    4.12317E+03
 1.90546E-06    4.12292E+03
 1.99526E-06    4.12265E+03
 2.08930E-06    4.12236E+03
 2.18776E-06    4.12207E+03
 2.29087E-06    4.12176E+03
 2.39883E-06    4.12143E+03
 2.51189E-06    4.12110E+03
 2.63027E-06    4.12074E+03
 2.75423E-06    4.12037E+03
 2.88403E-06    4.11998E+03
 3.01995E-06    4.11957E+03
 3.16228E-06    4.11914E+03
 3.31131E-06    4.11870E+03
 3.46737E-06    4.11823E+03
 3.63078E-06    4.11774E+03
 3.80189E-06    4.11722E+03
 3.98107E-06    4.11669E+03
 4.16869E-06    4.11612E+03
 4.36516E-06    4.11553E+03
 4.57088E-06    4.11492E+03
 4.78630E-06    4.11427E+03
 5.01187E-06    4.11359E+03
 5.24807E-06    4.11288E+03
 5.49541E-06    4.11214E+03
 5.75440E-06    4.11137E+03
 6.02560E-06    4.11102E+03
 6.30957E-06    4.11102E+03
 6.60693E-06    4.11102E+03
 6.91831E-06    4.11102E+03
 7.24436E-06    4.11102E+03
 7.58578E-06    4.11102E+03
 7.94328E-06    4.11102E+03
 8.31764E-06    4.11102E+03
 8.70964E-06    4.11102E+03
 9.12011E-06    4.11102E+03
 9.54993E-06    4.11102E+03
 1.00000E-05    4.11102E+03
 1.04713E-05    4.11102E+03
 1.09648E-05    4.11102E+03
 1.14815E-05    4.11102E+03
 1.20226E-05    4.11102E+03
 1.25893E-05    4.11102E+03
 1.31826E-05    4.11102E+03
 1.38038E-05    4.11101E+03
 1.44544E-05    4.11101E+03
 1.51356E-05    4.11101E+03
 1.58489E-05    4.11101E+03
 1.65959E-05    4.11101E+03
 1.73780E-05    4.11101E+03
 1.81970E-05    4.11101E+03
 1.90546E-05    4.11101E+03
 1.99526E-05    4.11101E+03
 2.08930E-05    4.11101E+03
 2.18776E-05    4.11101E+03
 2.29087E-05    4.11101E+03
 2.39883E-05    4.11101E+03
 2.51189E-05    4.11101E+03
 2.63027E-05    4.11101E+03
 2.75423E-05    4.11101E+03
 2.88403E-05    4.11101E+03
 3.01995E-05    4.11101E+03
 3.16228E-05    4.11100E+03
 3.31131E-05    4.11100E+03
 3.46737E-05    4.11100E+03
 3.63078E-05    4.11100E+03
 3.80189E-05    4.11100E+03
 3.98107E-05    4.11100E+03
 4.16869E-05    4.11100E+03
 4.36516E-05    4.11100E+03
 4.57088E-05    4.11100E+03
 4.78630E-05    4.11100E+03
 5.01187E-05    4.11099E+03
 5.24807E-05    4.11099E+03
 5.49541E-05    4.11099E+03
 5.75440E-05    4.11099E+03
 6.02560E-05    4.11099E+03
 6.30957E-05    4.11099E+03
 6.60693E-05    4.11098E+03
 6.91831E-05    4.11098E+03
 7.24436E-05    4.11098E+03
 7.58578E-05    4.11098E+03
 7.94328E-05    4.11098E+03
 8.31764E-05    4.11097E+03
 8.70964E-05    4.11097E+03
 9.12011E-05    4.11097E+03
 9.54993E-05    4.11097E+03
 1.00000E-04    4.11096E+03
 1.04713E-04    4.11096E+03
 1.09648E-04    4.11096E+03
 1.14815E-04    4.11096E+03
 1.20226E-04    4.11095E+03
 1.25893E-04    4.11095E+03
 1.31826E-04    4.11095E+03
 1.38038E-04    4.11094E+03
 1.44544E-04    4.11094E+03
 1.51356E-04    4.11094E+03
 1.58489E-04    4.11093E+03
 1.65959E-04    4.11093E+03
 1.73780E-04    4.11092E+03
 1.81970E-04    4.11092E+03
 1.90546E-04    4.11091E+03
 1.99526E-04    4.11091E+03
 2.08930E-04    4.11090E+03
 2.18776E-04    4.11090E+03
 2.29087E-04    4.11089E+03
 2.39883E-04    4.11088E+03
 2.51189E-04    4.11088E+03
 2.63027E-04    4.11087E+03
 2.75423E-04    4.11086E+03
 2.88403E-04    4.11086E+03
 3.01995E-04    4.11085E+03
 3.16228E-04    4.11084E+03
 3.31131E-04    4.11083E+03
 3.46737E-04    4.11082E+03
 3.63078E-04    4.11081E+03
 3.80189E-04    4.11080E+03
 3.98107E-04    4.11079E+03
 4.16869E-04    4.11078E+03
 4.36516E-04    4.11077E+03
 4.57088E-04    4.11076E+03
 4.78630E-04    4.11075E+03
 5.01187E-04    4.11073E+03
 5.24807E-04    4.11072E+03
 5.49541E-04    4.11070E+03
 5.75440E-04    4.11069E+03
 6.02560E-04    4.11067E+03
 6.30957E-04    4.11066E+03
 6.60693E-04    4.11064E+03
 6.91831E-04    4.11062E+03
 7.24436E-04    4.11060E+03
 7.58578E-04    4.11058E+03
 7.94328E-04    4.11056E+03
 8.31764E-04    4.11054E+03
 8.70964E-04    4.11052E+03
 9.12011E-04    4.11049E+03
 9.54993E-04    4.11047E+03
 1.00000E-03    4.11044E+03
 1.04713E-03    4.11042E+03
 1.09648E-03    4.11039E+03
 1.14815E-03    4.11036E+03
 1.20226E-03    4.11032E+03
 1.25893E-03    4.11029E+03
 1.31826E-03    4.11026E+03
 1.38038E-03    4.11022E+03
 1.44544E-03    4.11018E+03
 1.51356E-03    4.11014E+03
 1.58489E-03    4.11010E+03
 1.65959E-03    4.11006E+03
 1.73780E-03    4.11001E+03
 1.81970E-03    4.10997E+03
 1.90546E-03    4.10992E+03
 1.99526E-03    4.10986E+03
 2.08930E-03    4.10981E+03
 2.18776E-03    4.10975E+03
 2.29087E-03    4.10969E+03
 2.39883E-03    4.10963E+03
 2.51189E-03    4.10956E+03
 2.63027E-03    4.10950E+03
 2.75423E-03    4.10942E+03
 2.88403E-03    4.10935E+03
 3.01995E-03    4.10927E+03
 3.16228E-03    4.10919E+03
 3.31131E-03    4.10910E+03
 3.46737E-03    4.10901E+03
 3.63078E-03    4.10891E+03
 3.80189E-03    4.10881E+03
 3.98107E-03    4.10871E+03
 4.16869E-03    4.10860E+03
 4.36516E-03    4.10849E+03
 4.57088E-03    4.10837E+03
 4.78630E-03    4.10824E+03
 5.01187E-03    4.10811E+03
 5.24807E-03    4.10798E+03
 5.49541E-03    4.10783E+03
 5.75440E-03    4.10835E+03
 6.02560E-03    4.19152E+03
 6.30957E-03    4.33687E+03
 6.60693E-03    4.48907E+03
 6.91831E-03    4.71186E+03
 7.24436E-03    5.10465E+03
 7.58578E-03    5.52354E+03
 7.94328E-03    5.36543E+03
 8.31764E-03    4.80372E+03
 8.70964E-03    5.35193E+03
 9.12011E-03    5.35660E+03
 9.54993E-03    5.30527E+03
 1.00000E-02    4.50753E+03
 1.04713E-02    4.56684E+03
 1.09648E-02    4.95248E+03
 1.14815E-02    4.88405E+03
 1.20226E-02    4.68144E+03
 1.25893E-02    4.88910E+03
 1.31826E-02    5.33202E+03
 1.38038E-02    5.48274E+03
 1.44544E-02    4.71019E+03
 1.51356E-02    4.55458E+03
 1.58489E-02    4.35338E+03
 1.65959E-02    3.82390E+03
 1.73780E-02    4.60661E+03
 1.81970E-02    4.40744E+03
 1.90546E-02    3.80029E+03
 1.99526E-02    3.72542E+03
 2.08930E-02    3.74259E+03
 2.18776E-02    3.76058E+03
 2.29087E-02    3.77941E+03
 2.39883E-02    3.79939E+03
 2.51189E-02    3.84953E+03
 2.63027E-02    3.92217E+03
 2.75423E-02    3.99823E+03
 2.88403E-02    4.07788E+03
 3.01995E-02    4.16128E+03
 3.16228E-02    4.24862E+03
 3.31131E-02    4.34006E+03
 3.46737E-02    4.43582E+03
 3.63078E-02    4.53610E+03
 3.80189E-02    4.64109E+03
 3.98107E-02    4.69484E+03
 4.16869E-02    4.66709E+03
 4.36516E-02    4.63726E+03
 4.57088E-02    4.60603E+03
 4.78630E-02    4.57333E+03
 5.01187E-02    4.53909E+03
 5.24807E-02    4.50323E+03
 5.49541E-02    4.46568E+03
 5.75440E-02    4.42637E+03
 6.02560E-02    4.39533E+03
 6.30957E-02    4.37581E+03
 6.60693E-02    4.35541E+03
 6.91831E-02    4.33405E+03
 7.24436E-02    4.31168E+03
 7.58578E-02    4.28825E+03
 7.94328E-02    4.26373E+03
 8.31764E-02    4.23804E+03
 8.70964E-02    4.19162E+03
 9.12011E-02    3.80558E+03
 9.54993E-02    3.27810E+03
 1.00000E-01    2.94058E+03
 1.04713E-01    2.80528E+03
 1.09648E-01    2.66361E+03
 1.14815E-01    2.51526E+03
 1.20226E-01    2.35554E+03
 1.25893E-01    1.95326E+03
 1.31826E-01    1.42875E+03
 1.38038E-01    2.34807E+03
 1.44544E-01    3.12253E+03
 1.51356E-01    5.21385E+03
 1.58489E-01    3.45353E+03
 1.65959E-01    2.20039E+03
 1.73780E-01    3.25428E+03
 1.81970E-01    3.97421E+03
 1.90546E-01    2.46061E+03
 1.99526E-01    3.68872E+03
 2.08930E-01    3.28304E+03
 2.18776E-01    2.08255E+03
 2.29087E-01    2.18906E+03
 2.39883E-01    2.67245E+03
 2.51189E-01    3.83525E+03
 2.63027E-01    2.45590E+03
 2.75423E-01    3.02257E+03
 2.88403E-01    2.74922E+03
 3.01995E-01    1.91881E+03
 3.16228E-01    2.18916E+03
 3.31131E-01    2.10211E+03
 3.46737E-01    3.29688E+03
 3.63078E-01    5.02491E+03
 3.80189E-01    2.98222E+03
 3.98107E-01    2.10236E+03
 4.16869E-01    3.31882E+03
 4.36516E-01    4.45283E+03
 4.57088E-01    4.30297E+03
 4.78630E-01    3.56764E+03
 5.01187E-01    2.28757E+03
 5.24807E-01    2.76525E+03
 5.49541E-01    4.21170E+03
 5.75440E-01    3.17151E+03
 6.02560E-01    2.90766E+03
 6.30957E-01    2.81997E+03
 6.60693E-01    2.72814E+03
 6.91831E-01    2.63198E+03
 7.24436E-01    2.53129E+03
 7.58578E-01    2.42586E+03
 7.94328E-01    2.31545E+03
 8.31764E-01    2.84588E+03
 8.70964E-01    3.12103E+03
 9.12011E-01    4.40954E+03
 9.54993E-01    3.58068E+03
 1.00000E+00    2.79840E+03
 1.04713E+00    2.76614E+03
 1.09648E+00    2.94208E+03
 1.14815E+00    4.14841E+03
 1.20226E+00    3.27223E+03
 1.25893E+00    3.21511E+03
 1.31826E+00    3.16317E+03
 1.38038E+00    3.11730E+03
 1.44544E+00    3.06927E+03
 1.51356E+00    3.02348E+03
 1.58489E+00    2.98241E+03
 1.65959E+00    2.93948E+03
 1.73780E+00    2.91223E+03
 1.81970E+00    2.91513E+03
 1.90546E+00    2.91875E+03
 1.99526E+00    2.90599E+03
 2.08930E+00    2.87211E+03
 2.18776E+00    2.82327E+03
 2.29087E+00    2.68302E+03
 2.39883E+00    2.82004E+03
 2.51189E+00    3.08261E+03
 2.63027E+00    3.08963E+03
 2.75423E+00    2.98191E+03
 2.88403E+00    3.18256E+03
 3.01995E+00    3.06421E+03
 3.16228E+00    2.92779E+03
 3.31131E+00    2.59805E+03
 3.46737E+00    2.57001E+03
 3.63078E+00    2.81520E+03
 3.80189E+00    2.80726E+03
 3.98107E+00    2.76433E+03
 4.16869E+00    2.82924E+03
 4.36516E+00    2.78118E+03
 4.57088E+00    2.67607E+03
 4.78630E+00    2.68514E+03
 5.01187E+00    2.52214E+03
 5.24807E+00    2.46943E+03
 5.49541E+00    2.38215E+03
 5.75440E+00    2.25621E+03
 6.02560E+00    2.29079E+03
 6.30957E+00    2.36792E+03
 6.60693E+00    2.35952E+03
 6.91831E+00    2.25513E+03
 7.24436E+00    2.18255E+03
 7.58578E+00    2.11770E+03
 7.94328E+00    2.06833E+03
 8.31764E+00    2.04983E+03
 8.70964E+00    2.03118E+03
 9.12011E+00    2.01699E+03
 9.54993E+00    2.00541E+03
 1.00000E+01    1.99043E+03
 1.04713E+01    1.97185E+03
 1.09648E+01    1.95517E+03
 1.14815E+01    1.94138E+03
 1.20226E+01    1.92544E+03
 1.25893E+01    1.90873E+03
 1.31826E+01    1.89404E+03
 1.38038E+01    1.87711E+03
 1.44544E+01    1.85606E+03
 1.51356E+01    1.83069E+03
 1.58489E+01    1.80148E+03
 1.65959E+01    1.77254E+03
 1.73780E+01    1.75284E+03
 1.81970E+01    1.72417E+03
 1.90546E+01    1.68979E+03
 1.99526E+01    1.92822E+03
 2.08930E+01    1.96188E+03
 2.18776E+01    1.97784E+03
 2.29087E+01    1.99243E+03
 2.39883E+01    2.00584E+03
 2.51189E+01    2.01683E+03
 2.63027E+01    2.02465E+03
 2.75423E+01    2.02927E+03
 2.88403E+01    2.03160E+03
 3.01995E+01    2.03200E+03
 3.16228E+01    2.03024E+03
 3.31131E+01    2.02638E+03
 3.46737E+01    2.02031E+03
 3.63078E+01    2.00979E+03
 3.80189E+01    1.99463E+03
 3.98107E+01    1.97566E+03
 4.16869E+01    1.95307E+03
 4.36516E+01    1.92727E+03
 4.57088E+01    1.89866E+03
 4.78630E+01    1.86687E+03
 5.01187E+01    1.83145E+03
 5.24807E+01    1.79146E+03
 5.49541E+01    1.74637E+03
 5.75440E+01    1.69857E+03
 6.02560E+01    1.64911E+03
 6.30957E+01    1.59974E+03
 6.60693E+01    1.55106E+03
 6.91831E+01    1.49921E+03
 7.24436E+01    1.44315E+03
 7.58578E+01    1.38799E+03
 7.94328E+01    1.33243E+03
 8.31764E+01    1.27575E+03
 8.70964E+01    1.22459E+03
 9.12011E+01    1.17204E+03
 9.54993E+01    1.12097E+03
 1.00000E+02    1.07293E+03
 1.04713E+02    1.02787E+03
 1.09648E+02    9.84577E+02
 1.14815E+02    9.42885E+02
 1.20226E+02    9.03357E+02
 1.25893E+02    8.66379E+02
 1.31826E+02    8.31749E+02
 1.38038E+02    8.00003E+02
 1.44544E+02    6.23031E+02
