# n + Ta181 : (n,np)    
# endfb8.0   I.J. Thompson and N.C. Summers    EVAL-Jan11
# uncertainties: n
# # energies =    54
#   E(MeV)       xs(mb) 
 5.97533E+00    0.00000E+00
 9.60000E+00    4.24360E-07
 9.80000E+00    8.89110E-07
 1.00000E+01    2.60280E-06
 1.02000E+01    3.57184E-05
 1.04000E+01    6.70790E-05
 1.06000E+01    1.46849E-04
 1.08000E+01    2.42833E-04
 1.10000E+01    4.86801E-04
 1.12000E+01    7.74148E-04
 1.14000E+01    1.25237E-03
 1.16000E+01    2.23037E-03
 1.18000E+01    3.18433E-03
 1.20000E+01    5.28716E-03
 1.22000E+01    8.15052E-03
 1.24000E+01    1.13532E-02
 1.26000E+01    1.71339E-02
 1.28000E+01    2.58257E-02
 1.30000E+01    3.54644E-02
 1.32000E+01    4.92635E-02
 1.34000E+01    7.06391E-02
 1.36000E+01    9.52409E-02
 1.38000E+01    1.20364E-01
 1.40000E+01    1.66237E-01
 1.42000E+01    2.19814E-01
 1.44000E+01    2.79724E-01
 1.46000E+01    3.43758E-01
 1.48000E+01    4.39673E-01
 1.50000E+01    5.52869E-01
 1.52000E+01    6.79413E-01
 1.54000E+01    8.10212E-01
 1.56000E+01    9.71481E-01
 1.58000E+01    1.16735E+00
 1.60000E+01    1.37932E+00
 1.62000E+01    1.61206E+00
 1.64000E+01    1.85194E+00
 1.66000E+01    2.12501E+00
 1.68000E+01    2.45508E+00
 1.70000E+01    2.80803E+00
 1.72000E+01    3.14796E+00
 1.74000E+01    3.53630E+00
 1.76000E+01    4.02999E+00
 1.78000E+01    4.45748E+00
 1.80000E+01    5.00231E+00
 1.82000E+01    5.49966E+00
 1.84000E+01    6.00348E+00
 1.86000E+01    6.56595E+00
 1.88000E+01    7.11272E+00
 1.90000E+01    7.76558E+00
 1.92000E+01    8.41563E+00
 1.94000E+01    9.11196E+00
 1.96000E+01    9.85310E+00
 1.98000E+01    1.05064E+01
 2.00000E+01    1.14078E+01
