# n + Zn 68 : (n,p)     
# tendl.2019 A.J. Koning and D. Rochman        EVAL-NOV19
# uncertainties: y
# # energies =    80
#   E(MeV)       xs(mb)       xslow(mb)      xsupp(mb)
 3.71202E+00    0.00000E+00    0.00000E+00    0.00000E+00
 4.20000E+00    6.59790E-11    4.40908E-11    8.78672E-11
 4.40000E+00    2.70120E-08    1.80509E-08    3.59731E-08
 4.60000E+00    1.27894E-06    8.54658E-07    1.70322E-06
 4.80000E+00    1.91375E-05    1.27887E-05    2.54863E-05
 5.00000E+00    1.40495E-04    9.38864E-05    1.87104E-04
 5.20000E+00    6.42397E-04    4.29285E-04    8.55509E-04
 5.40000E+00    2.11138E-03    1.41094E-03    2.81182E-03
 5.60000E+00    5.47384E-03    3.65792E-03    7.28976E-03
 5.80000E+00    1.19591E-02    7.99172E-03    1.59265E-02
 6.00000E+00    2.28878E-02    1.52949E-02    3.04807E-02
 6.20000E+00    3.94746E-02    2.63791E-02    5.25701E-02
 6.40000E+00    6.29308E-02    4.20538E-02    8.38078E-02
 6.60000E+00    9.42655E-02    6.32600E-02    1.25271E-01
 6.80000E+00    1.34238E-01    9.00849E-02    1.78391E-01
 7.00000E+00    1.83839E-01    1.23371E-01    2.44307E-01
 7.20000E+00    2.44851E-01    1.64315E-01    3.25386E-01
 7.40000E+00    3.20422E-01    2.15030E-01    4.25814E-01
 7.60000E+00    4.15838E-01    2.79062E-01    5.52614E-01
 7.80000E+00    5.37445E-01    3.60671E-01    7.14220E-01
 8.00000E+00    6.93073E-01    4.65110E-01    9.21036E-01
 8.50000E+00    1.29720E+00    8.70530E-01    1.72387E+00
 9.00000E+00    2.29212E+00    1.49788E+00    3.08636E+00
 9.50000E+00    3.74267E+00    2.44580E+00    5.03954E+00
 1.00000E+01    5.64523E+00    3.68911E+00    7.60135E+00
 1.05000E+01    7.92957E+00    5.18191E+00    1.06772E+01
 1.10000E+01    1.04998E+01    6.86153E+00    1.41381E+01
 1.15000E+01    1.32578E+01    8.66386E+00    1.78517E+01
 1.20000E+01    1.62020E+01    1.05879E+01    2.18161E+01
 1.25000E+01    1.90859E+01    1.24725E+01    2.56993E+01
 1.30000E+01    2.18317E+01    1.51071E+01    2.85563E+01
 1.35000E+01    2.42273E+01    1.67648E+01    3.16898E+01
 1.40000E+01    2.60138E+01    1.80010E+01    3.40266E+01
 1.45000E+01    2.71696E+01    1.88008E+01    3.55384E+01
 1.50000E+01    2.76291E+01    1.91188E+01    3.61394E+01
 1.60000E+01    2.67218E+01    1.72396E+01    3.62040E+01
 1.70000E+01    2.42996E+01    1.56769E+01    3.29223E+01
 1.80000E+01    2.12505E+01    1.37098E+01    2.87912E+01
 1.90000E+01    1.85298E+01    1.19545E+01    2.51051E+01
 2.00000E+01    1.63989E+01    8.23045E+00    2.45673E+01
 2.10000E+01    1.49397E+01    7.49809E+00    2.23813E+01
 2.20000E+01    1.39829E+01    7.01789E+00    2.09479E+01
 2.30000E+01    1.32491E+01    6.64960E+00    1.98486E+01
 2.40000E+01    1.27785E+01    6.40258E+00    1.91544E+01
 2.50000E+01    1.29359E+01    6.48144E+00    1.93904E+01
 2.60000E+01    1.26842E+01    6.35533E+00    1.90131E+01
 2.70000E+01    1.24651E+01    6.24555E+00    1.86846E+01
 2.80000E+01    1.19803E+01    6.00265E+00    1.79580E+01
 2.90000E+01    1.17602E+01    5.89237E+00    1.76280E+01
 3.00000E+01    1.13089E+01    5.66625E+00    1.69516E+01
 3.00000E+01    1.13259E+01    5.67474E+00    1.69770E+01
 3.20000E+01    1.06180E+01    5.32005E+00    1.59159E+01
 3.40000E+01    9.69944E+00    4.85984E+00    1.45390E+01
 3.60000E+01    9.03308E+00    4.52596E+00    1.35402E+01
 3.80000E+01    8.33926E+00    4.17833E+00    1.25002E+01
 4.00000E+01    7.70512E+00    3.86060E+00    1.15496E+01
 4.20000E+01    7.08426E+00    3.54952E+00    1.06190E+01
 4.40000E+01    6.47616E+00    3.24484E+00    9.70749E+00
 4.60000E+01    6.08782E+00    3.05026E+00    9.12538E+00
 4.80000E+01    5.70090E+00    2.85640E+00    8.54540E+00
 5.00000E+01    5.11644E+00    2.56356E+00    7.66932E+00
 5.20000E+01    4.72862E+00    2.36924E+00    7.08800E+00
 5.40000E+01    4.35838E+00    2.18374E+00    6.53303E+00
 5.60000E+01    3.94867E+00    1.97845E+00    5.91889E+00
 5.80000E+01    3.63122E+00    1.81940E+00    5.44304E+00
 6.00000E+01    3.40660E+00    1.70685E+00    5.10635E+00
 6.50000E+01    2.85370E+00    1.42983E+00    4.27757E+00
 7.00000E+01    2.35205E+00    1.17848E+00    3.52562E+00
 7.50000E+01    2.06218E+00    1.03324E+00    3.09111E+00
 8.00000E+01    1.74265E+00    8.73142E-01    2.61216E+00
 9.00000E+01    1.37795E+00    6.90411E-01    2.06548E+00
 1.00000E+02    1.09878E+00    5.50537E-01    1.64703E+00
 1.10000E+02    8.47490E-01    4.24629E-01    1.27035E+00
 1.20000E+02    6.49988E-01    3.25672E-01    9.74304E-01
 1.30000E+02    5.15581E-01    2.58328E-01    7.72834E-01
 1.40000E+02    3.98448E-01    1.99640E-01    5.97256E-01
 1.50000E+02    3.25429E-01    1.63054E-01    4.87804E-01
 1.60000E+02    2.70074E-01    1.35319E-01    4.04829E-01
 1.80000E+02    2.20433E-01    1.10446E-01    3.30419E-01
 2.00000E+02    1.83003E-01    9.16924E-02    2.74314E-01
