# n + Zn 68 : (n,xt)    
# tendl.2019 A.J. Koning and D. Rochman        EVAL-NOV19
# 
# # energies =   124
#   E(MeV)        xs(mb) 
 1.09337E+00    0.00000E+00
 1.20000E+00    0.00000E+00
 1.40000E+00    0.00000E+00
 1.60000E+00    0.00000E+00
 1.68050E+00    0.00000E+00
 1.80000E+00    0.00000E+00
 1.91117E+00    0.00000E+00
 2.00000E+00    0.00000E+00
 2.20000E+00    0.00000E+00
 2.37318E+00    0.00000E+00
 2.40000E+00    0.00000E+00
 2.40550E+00    0.00000E+00
 2.45330E+00    0.00000E+00
 2.54748E+00    0.00000E+00
 2.60000E+00    0.00000E+00
 2.79161E+00    0.00000E+00
 2.80000E+00    0.00000E+00
 2.86369E+00    0.00000E+00
 2.99979E+00    0.00000E+00
 3.00000E+00    0.00000E+00
 3.00344E+00    0.00000E+00
 3.05396E+00    0.00000E+00
 3.14858E+00    0.00000E+00
 3.20000E+00    0.00000E+00
 3.20063E+00    0.00000E+00
 3.20703E+00    0.00000E+00
 3.21139E+00    0.00000E+00
 3.23146E+00    0.00000E+00
 3.23392E+00    0.00000E+00
 3.33031E+00    0.00000E+00
 3.33590E+00    0.00000E+00
 3.38422E+00    0.00000E+00
 3.39578E+00    0.00000E+00
 3.40000E+00    0.00000E+00
 3.43628E+00    0.00000E+00
 3.45140E+00    0.00000E+00
 3.47593E+00    0.00000E+00
 3.48039E+00    0.00000E+00
 3.50225E+00    0.00000E+00
 3.51019E+00    0.00000E+00
 3.53949E+00    0.00000E+00
 3.54800E+00    0.00000E+00
 3.60000E+00    0.00000E+00
 3.80000E+00    0.00000E+00
 4.00000E+00    0.00000E+00
 4.20000E+00    0.00000E+00
 4.40000E+00    0.00000E+00
 4.60000E+00    0.00000E+00
 4.80000E+00    0.00000E+00
 5.00000E+00    0.00000E+00
 5.20000E+00    0.00000E+00
 5.40000E+00    0.00000E+00
 5.60000E+00    0.00000E+00
 5.80000E+00    0.00000E+00
 6.00000E+00    0.00000E+00
 6.20000E+00    0.00000E+00
 6.40000E+00    0.00000E+00
 6.60000E+00    0.00000E+00
 6.80000E+00    0.00000E+00
 7.00000E+00    0.00000E+00
 7.20000E+00    0.00000E+00
 7.40000E+00    0.00000E+00
 7.60000E+00    0.00000E+00
 7.80000E+00    0.00000E+00
 8.00000E+00    0.00000E+00
 8.50000E+00    0.00000E+00
 9.00000E+00    0.00000E+00
 9.50000E+00    0.00000E+00
 1.00000E+01    0.00000E+00
 1.05000E+01    0.00000E+00
 1.10000E+01    1.00738E-16
 1.15000E+01    3.35120E-16
 1.20000E+01    8.46560E-11
 1.25000E+01    5.51690E-08
 1.30000E+01    3.26551E-06
 1.35000E+01    5.54575E-05
 1.40000E+01    4.58320E-04
 1.45000E+01    2.37301E-03
 1.50000E+01    9.46702E-03
 1.60000E+01    7.61007E-02
 1.70000E+01    2.69872E-01
 1.80000E+01    6.25220E-01
 1.90000E+01    1.16245E+00
 2.00000E+01    1.81280E+00
 2.10000E+01    2.56825E+00
 2.20000E+01    3.40170E+00
 2.30000E+01    4.28998E+00
 2.40000E+01    5.21367E+00
 2.50000E+01    6.15190E+00
 2.60000E+01    7.04623E+00
 2.70000E+01    7.99804E+00
 2.80000E+01    8.94302E+00
 2.90000E+01    9.86603E+00
 3.00000E+01    1.07621E+01
 3.00000E+01    1.07626E+01
 3.20000E+01    1.25404E+01
 3.40000E+01    1.39297E+01
 3.60000E+01    1.52839E+01
 3.80000E+01    1.65163E+01
 4.00000E+01    1.76540E+01
 4.20000E+01    1.87103E+01
 4.40000E+01    1.96900E+01
 4.60000E+01    2.06082E+01
 4.80000E+01    2.14400E+01
 5.00000E+01    2.22675E+01
 5.20000E+01    2.30770E+01
 5.40000E+01    2.38563E+01
 5.60000E+01    2.46160E+01
 5.80000E+01    2.53478E+01
 6.00000E+01    2.60040E+01
 6.50000E+01    2.75043E+01
 7.00000E+01    2.85752E+01
 7.50000E+01    2.94184E+01
 8.00000E+01    2.99146E+01
 9.00000E+01    3.06198E+01
 1.00000E+02    3.03439E+01
 1.10000E+02    3.24274E+01
 1.20000E+02    3.66098E+01
 1.30000E+02    4.35500E+01
 1.40000E+02    5.26356E+01
 1.50000E+02    6.26490E+01
 1.60000E+02    7.51776E+01
 1.80000E+02    1.02924E+02
 2.00000E+02    1.29449E+02
