# n + Ru  0 : (n,n'01)
# tendl.2019 A.J. Koning and D. Rochman        EVAL-NOV19
# uncertainties: y
# # energies =   104
#   E(MeV)          xs(mb) 
 9.04835E-02    0.00000E+00
 1.00000E-01    1.64895E+01
 2.00000E-01    2.06570E+02
 3.00000E-01    2.56383E+02
 3.25274E-01    2.43814E+02
 3.44377E-01    2.34314E+02
 4.00000E-01    2.86227E+02
 4.47104E-01    3.07417E+02
 5.00000E-01    3.99103E+02
 5.81702E-01    5.73628E+02
 6.00000E-01    6.22162E+02
 6.24191E-01    6.46754E+02
 6.75823E-01    7.01512E+02
 7.00000E-01    7.29384E+02
 7.27211E-01    7.42639E+02
 7.41576E-01    7.49636E+02
 8.00000E-01    7.78094E+02
 9.00000E-01    8.19012E+02
 9.05996E-01    8.18467E+02
 1.00000E+00    8.09906E+02
 1.00890E+00    8.06736E+02
 1.05919E+00    7.88822E+02
 1.08079E+00    7.81128E+02
 1.12981E+00    7.63665E+02
 1.20000E+00    7.38664E+02
 1.21305E+00    7.34041E+02
 1.27416E+00    7.12397E+02
 1.29090E+00    7.06468E+02
 1.30394E+00    7.01849E+02
 1.31972E+00    6.96260E+02
 1.33313E+00    6.91510E+02
 1.39705E+00    6.68871E+02
 1.40000E+00    6.67826E+02
 1.42185E+00    6.61043E+02
 1.42847E+00    6.58988E+02
 1.48893E+00    6.40219E+02
 1.51233E+00    6.32955E+02
 1.51449E+00    6.32285E+02
 1.54708E+00    6.22168E+02
 1.58797E+00    6.09474E+02
 1.59935E+00    6.05941E+02
 1.60000E+00    6.05740E+02
 1.67900E+00    5.80383E+02
 1.80000E+00    5.41545E+02
 2.00000E+00    4.86694E+02
 2.20000E+00    4.14600E+02
 2.40000E+00    3.44576E+02
 2.60000E+00    2.91554E+02
 2.80000E+00    2.44921E+02
 3.00000E+00    2.07427E+02
 3.20000E+00    1.79447E+02
 3.40000E+00    1.58802E+02
 3.60000E+00    1.43938E+02
 3.80000E+00    1.33238E+02
 4.00000E+00    1.25408E+02
 4.20000E+00    1.19563E+02
 4.40000E+00    1.15106E+02
 4.60000E+00    1.11634E+02
 4.80000E+00    1.08874E+02
 5.00000E+00    1.06630E+02
 5.20000E+00    1.04767E+02
 5.40000E+00    1.03189E+02
 5.60000E+00    1.01826E+02
 5.80000E+00    1.00627E+02
 6.00000E+00    9.95558E+01
 6.20000E+00    9.85838E+01
 6.40000E+00    9.76902E+01
 6.60000E+00    9.68570E+01
 6.80000E+00    9.60721E+01
 7.00000E+00    9.53217E+01
 7.20000E+00    9.46017E+01
 7.40000E+00    9.39047E+01
 7.60000E+00    9.32264E+01
 7.80000E+00    9.25629E+01
 8.00000E+00    9.19140E+01
 8.50000E+00    9.03505E+01
 9.00000E+00    8.88752E+01
 9.50000E+00    8.74869E+01
 1.00000E+01    8.61671E+01
 1.05000E+01    8.48883E+01
 1.10000E+01    8.36210E+01
 1.15000E+01    8.23492E+01
 1.20000E+01    8.10747E+01
 1.25000E+01    7.98103E+01
 1.30000E+01    7.85757E+01
 1.35000E+01    7.73911E+01
 1.40000E+01    7.62704E+01
 1.45000E+01    7.52191E+01
 1.50000E+01    7.42376E+01
 1.60000E+01    7.24589E+01
 1.70000E+01    7.08779E+01
 1.80000E+01    6.94467E+01
 1.90000E+01    6.81286E+01
 2.00000E+01    6.68963E+01
 2.10000E+01    6.57348E+01
 2.20000E+01    6.46360E+01
 2.30000E+01    6.35845E+01
 2.40000E+01    6.25548E+01
 2.50000E+01    6.15226E+01
 2.60000E+01    6.04749E+01
 2.70000E+01    5.94134E+01
 2.80000E+01    5.83490E+01
 2.90000E+01    5.72959E+01
 3.00000E+01    5.62659E+01
