# n + Ru  0 : (n,4n)
# tendl.2019 A.J. Koning and D. Rochman        EVAL-NOV19
# uncertainties: n
# # energies =    37
#   E(MeV)          xs(mb) 
 2.41866E+01    0.00000E+00
 2.50000E+01    1.21551E-01
 2.60000E+01    2.00112E+00
 2.70000E+01    9.31188E+00
 2.80000E+01    2.50659E+01
 2.90000E+01    5.09077E+01
 3.00000E+01    8.53267E+01
 3.00000E+01    8.53267E+01
 3.20000E+01    1.66611E+02
 3.40000E+01    2.38927E+02
 3.60000E+01    2.87374E+02
 3.80000E+01    3.10271E+02
 4.00000E+01    3.07718E+02
 4.20000E+01    2.87443E+02
 4.40000E+01    2.61901E+02
 4.60000E+01    2.35562E+02
 4.80000E+01    2.11603E+02
 5.00000E+01    1.91387E+02
 5.20000E+01    1.76240E+02
 5.40000E+01    1.63483E+02
 5.60000E+01    1.52574E+02
 5.80000E+01    1.44253E+02
 6.00000E+01    1.37623E+02
 6.50000E+01    1.24270E+02
 7.00000E+01    1.13211E+02
 7.50000E+01    1.04306E+02
 8.00000E+01    9.63397E+01
 9.00000E+01    8.50179E+01
 1.00000E+02    7.56689E+01
 1.10000E+02    6.85860E+01
 1.20000E+02    6.20125E+01
 1.30000E+02    5.61534E+01
 1.40000E+02    5.11563E+01
 1.50000E+02    4.68658E+01
 1.60000E+02    4.26040E+01
 1.80000E+02    3.60435E+01
 2.00000E+02    3.09386E+01
