# n + Gd155 : (n,n'32)  
# jendl4.0   N.Iwamoto,A.Zukeran,K.Shibata     EVAL-Dec09
# uncertainties: n
# # energies =    60
#   E(MeV)       xs(mb) 
 5.37779E-01    0.00000E+00
 5.56974E-01    4.87980E-02
 5.63011E-01    6.47205E-02
 5.85241E-01    1.32270E-01
 5.95997E-01    1.69861E-01
 6.00000E-01    1.84761E-01
 6.14819E-01    2.41238E-01
 6.18858E-01    2.57543E-01
 7.00000E-01    6.72011E-01
 8.00000E-01    1.27868E+00
 9.00000E-01    1.85201E+00
 1.00000E+00    2.33728E+00
 1.10000E+00    2.77251E+00
 1.20000E+00    3.14887E+00
 1.30000E+00    3.43145E+00
 1.40000E+00    3.72223E+00
 1.50000E+00    4.03463E+00
 1.60000E+00    4.32932E+00
 1.70000E+00    4.61287E+00
 1.80000E+00    4.90479E+00
 1.90000E+00    5.20551E+00
 2.00000E+00    5.51210E+00
 2.25000E+00    6.24741E+00
 2.50000E+00    7.00419E+00
 2.75000E+00    7.64792E+00
 3.00000E+00    8.48563E+00
 3.50000E+00    9.44128E+00
 4.00000E+00    1.01692E+01
 4.50000E+00    1.07048E+01
 5.00000E+00    1.10728E+01
 5.50000E+00    1.12681E+01
 6.00000E+00    1.13389E+01
 6.50000E+00    1.13151E+01
 7.00000E+00    1.12342E+01
 7.50000E+00    1.11056E+01
 8.00000E+00    1.09351E+01
 8.50000E+00    1.07202E+01
 9.00000E+00    1.04720E+01
 9.50000E+00    1.02046E+01
 1.00000E+01    9.93810E+00
 1.05000E+01    9.68986E+00
 1.10000E+01    9.47091E+00
 1.15000E+01    9.28504E+00
 1.20000E+01    9.13018E+00
 1.25000E+01    9.00034E+00
 1.30000E+01    8.88741E+00
 1.35000E+01    8.78226E+00
 1.40000E+01    8.67574E+00
 1.45000E+01    8.55977E+00
 1.50000E+01    8.42871E+00
 1.55000E+01    8.28030E+00
 1.60000E+01    8.11561E+00
 1.65000E+01    7.93798E+00
 1.70000E+01    7.75140E+00
 1.75000E+01    7.55913E+00
 1.80000E+01    7.36334E+00
 1.85000E+01    7.16574E+00
 1.90000E+01    6.96839E+00
 1.95000E+01    6.77408E+00
 2.00000E+01    6.58586E+00
