# n + Bi210m: (n,n'22)  
# endfb8.0      G. Nobre, D. Brown, M. Herman  EVAL-Jul17
# uncertainties: n
# # energies =    35
#   E(MeV)       xs(mb) 
 1.04971E+00    0.00000E+00
 1.30000E+00    7.69022E+01
 1.50000E+00    1.07956E+02
 1.80000E+00    8.39273E+01
 2.00000E+00    5.36203E+01
 2.25000E+00    3.47043E+01
 2.50000E+00    2.39893E+01
 2.75000E+00    1.80527E+01
 3.00000E+00    1.32399E+01
 3.20000E+00    1.05667E+01
 3.40000E+00    8.51969E+00
 3.60000E+00    6.87241E+00
 3.80000E+00    5.58079E+00
 4.00000E+00    4.56762E+00
 4.20000E+00    3.77009E+00
 4.40000E+00    3.12829E+00
 4.60000E+00    2.61465E+00
 4.80000E+00    2.20036E+00
 5.00000E+00    1.85938E+00
 5.50000E+00    1.23737E+00
 6.00000E+00    8.34886E-01
 7.00000E+00    3.89901E-01
 8.00000E+00    1.87316E-01
 9.00000E+00    8.90767E-02
 1.00000E+01    4.09193E-02
 1.10000E+01    1.83035E-02
 1.20000E+01    8.12071E-03
 1.30000E+01    3.62352E-03
 1.40000E+01    1.62315E-03
 1.50000E+01    7.29987E-04
 1.60000E+01    3.27457E-04
 1.70000E+01    1.46587E-04
 1.80000E+01    6.55780E-05
 1.90000E+01    2.96857E-05
 2.00000E+01    1.35810E-05
