# p + Ce136 : (p,xa)    
# tendl.2019 A.J. Koning                       EVAL-OCT19
# 
# # energies =    52
#   E(MeV)        xs(mb) 
 5.99447E+00    3.97456E-03
 6.00000E+00    3.99596E-03
 6.03496E+00    4.16492E-03
 6.12603E+00    4.60505E-03
 6.13620E+00    4.65420E-03
 6.14469E+00    4.69524E-03
 6.17026E+00    4.81881E-03
 6.18034E+00    4.86753E-03
 6.33165E+00    5.59880E-03
 6.33542E+00    5.61702E-03
 6.34895E+00    5.68241E-03
 6.47462E+00    6.28976E-03
 7.00000E+00    8.82888E-03
 8.00000E+00    3.90842E-02
 9.00000E+00    8.99976E-02
 1.00000E+01    1.51506E-01
 1.10000E+01    2.15417E-01
 1.20000E+01    2.82695E-01
 1.30000E+01    3.79514E-01
 1.40000E+01    5.53569E-01
 1.50000E+01    8.59012E-01
 1.60000E+01    1.34234E+00
 1.70000E+01    2.06470E+00
 1.80000E+01    3.11958E+00
 1.90000E+01    4.70049E+00
 2.00000E+01    7.41136E+00
 2.20000E+01    1.94066E+01
 2.40000E+01    2.11526E+01
 2.60000E+01    1.84394E+01
 2.80000E+01    2.09406E+01
 3.00000E+01    2.38222E+01
 3.00000E+01    2.39319E+01
 3.50000E+01    3.06726E+01
 4.00000E+01    3.65057E+01
 4.50000E+01    4.17694E+01
 5.00000E+01    4.65769E+01
 5.50000E+01    5.00618E+01
 6.00000E+01    5.30845E+01
 6.50000E+01    5.53942E+01
 7.00000E+01    5.65542E+01
 7.50000E+01    5.83326E+01
 8.00000E+01    5.96574E+01
 9.00000E+01    6.25853E+01
 1.00000E+02    6.55396E+01
 1.10000E+02    6.48319E+01
 1.20000E+02    6.54019E+01
 1.30000E+02    6.69296E+01
 1.40000E+02    6.79626E+01
 1.50000E+02    7.00025E+01
 1.60000E+02    7.40400E+01
 1.80000E+02    9.06920E+01
 2.00000E+02    1.50566E+02
