# n + Pd106 : (n,np)g   
# tendl.2019 A.J. Koning and D. Rochman        EVAL-NOV19
# uncertainties: y
# # energies =    26
#   E(MeV)       xs(mb)       xslow(mb)      xsupp(mb)
 9.43426E+00    0.00000E+00    0.00000E+00    0.00000E+00
 1.05000E+01    1.33530E-10    0.00000E+00    0.00000E+00
 1.10000E+01    1.65900E-07    0.00000E+00    0.00000E+00
 1.15000E+01    1.54576E-05    0.00000E+00    0.00000E+00
 1.20000E+01    3.46407E-04    0.00000E+00    0.00000E+00
 1.25000E+01    2.20488E-03    0.00000E+00    0.00000E+00
 1.30000E+01    1.34986E-02    0.00000E+00    0.00000E+00
 1.35000E+01    4.57255E-02    0.00000E+00    0.00000E+00
 1.40000E+01    1.24618E-01    0.00000E+00    0.00000E+00
 1.45000E+01    2.84158E-01    0.00000E+00    0.00000E+00
 1.50000E+01    5.66740E-01    0.00000E+00    0.00000E+00
 1.60000E+01    1.59531E+00    0.00000E+00    0.00000E+00
 1.70000E+01    3.93665E+00    0.00000E+00    0.00000E+00
 1.80000E+01    7.43021E+00    0.00000E+00    0.00000E+00
 1.90000E+01    1.20955E+01    0.00000E+00    0.00000E+00
 2.00000E+01    1.83282E+01    0.00000E+00    0.00000E+00
 2.10000E+01    2.55093E+01    0.00000E+00    0.00000E+00
 2.20000E+01    3.25171E+01    0.00000E+00    0.00000E+00
 2.30000E+01    4.08777E+01    0.00000E+00    0.00000E+00
 2.40000E+01    4.91976E+01    0.00000E+00    0.00000E+00
 2.50000E+01    5.61480E+01    0.00000E+00    0.00000E+00
 2.60000E+01    6.29177E+01    0.00000E+00    0.00000E+00
 2.70000E+01    6.75255E+01    0.00000E+00    0.00000E+00
 2.80000E+01    7.21199E+01    0.00000E+00    0.00000E+00
 2.90000E+01    7.44657E+01    0.00000E+00    0.00000E+00
 3.00000E+01    7.74418E+01    0.00000E+00    0.00000E+00
