# n + Ge 73 : (n,a15)   
# endfb8.0   Iwamoto,Herman,Mughabghab+        EVAL-AUG04
# uncertainties: n
# # energies =    46
#   E(MeV)       xs(mb) 
 1.00000E-03    0.00000E+00
 2.00000E-03    1.72220E-12
 2.00000E-02    1.87840E-12
 5.00000E-02    2.17080E-12
 7.00000E-02    2.39060E-12
 1.00000E-01    2.76270E-12
 2.00000E-01    4.47490E-12
 3.00000E-01    7.24820E-12
 4.00000E-01    1.17400E-11
 5.00000E-01    1.90160E-11
 6.00000E-01    3.08010E-11
 7.00000E-01    4.98890E-11
 8.00000E-01    8.08070E-11
 9.00000E-01    1.30890E-10
 1.00000E+00    2.12000E-10
 1.20000E+00    5.56200E-10
 1.40000E+00    1.45920E-09
 1.60000E+00    3.82830E-09
 1.80000E+00    1.00440E-08
 2.00000E+00    2.63500E-08
 2.20000E+00    1.73120E-07
 2.40000E+00    6.92620E-07
 2.60000E+00    2.08287E-06
 2.80000E+00    5.87513E-06
 3.00000E+00    1.62198E-05
 3.20000E+00    3.60871E-05
 3.50000E+00    1.19217E-04
 3.70000E+00    2.15827E-04
 4.00000E+00    5.37046E-04
 4.50000E+00    1.72884E-03
 5.00000E+00    4.63935E-03
 6.00000E+00    1.61459E-02
 7.00000E+00    3.31392E-02
 8.00000E+00    3.92076E-02
 9.00000E+00    2.94949E-02
 1.00000E+01    1.68319E-02
 1.10000E+01    8.53822E-03
 1.20000E+01    3.90186E-03
 1.30000E+01    1.76099E-03
 1.40000E+01    7.79555E-04
 1.50000E+01    3.45798E-04
 1.60000E+01    1.58270E-04
 1.70000E+01    7.63665E-05
 1.80000E+01    3.88519E-05
 1.90000E+01    2.08577E-05
 2.00000E+01    1.27713E-05
