# n + Th229 : (n,n'26)  
# endfb8.0   O.Iwamoto, T.Nakagawa, et al.     EVAL-JAN10
# uncertainties: y
# # energies =    61
#   E(MeV)       xs(mb)       xslow(mb)      xsupp(mb)
 2.89188E-01    0.00000E+00    0.00000E+00    0.00000E+00
 2.89791E-01    1.94042E+00    1.20112E+00    2.67972E+00
 3.00000E-01    1.04472E+01    6.46682E+00    1.44276E+01
 3.04224E-01    1.32754E+01    8.21747E+00    1.83333E+01
 3.18567E-01    2.23440E+01    1.38309E+01    3.08571E+01
 3.21952E-01    2.42928E+01    1.50372E+01    3.35484E+01
 4.00000E-01    5.78598E+01    3.80713E+01    7.76483E+01
 5.00000E-01    7.70347E+01    5.06883E+01    1.03381E+02
 6.00000E-01    7.45468E+01    5.33742E+01    9.57194E+01
 7.00000E-01    6.75167E+01    4.83408E+01    8.66926E+01
 8.00000E-01    5.86430E+01    4.28678E+01    7.44182E+01
 9.00000E-01    4.99341E+01    3.65016E+01    6.33666E+01
 1.00000E+00    4.28726E+01    3.13826E+01    5.43626E+01
 1.10000E+00    3.60721E+01    2.64046E+01    4.57396E+01
 1.20000E+00    3.06088E+01    2.23743E+01    3.88433E+01
 1.30000E+00    2.61766E+01    1.91345E+01    3.32187E+01
 1.40000E+00    2.22361E+01    1.62541E+01    2.82181E+01
 1.50000E+00    1.89182E+01    1.37151E+01    2.41213E+01
 1.60000E+00    1.60491E+01    1.16351E+01    2.04631E+01
 1.70000E+00    1.36679E+01    9.90881E+00    1.74270E+01
 1.80000E+00    1.15707E+01    8.38841E+00    1.47530E+01
 1.90000E+00    9.80955E+00    7.11163E+00    1.25075E+01
 2.00000E+00    8.26283E+00    6.16402E+00    1.03616E+01
 2.30000E+00    4.87627E+00    3.63767E+00    6.11487E+00
 2.50000E+00    3.37133E+00    2.75772E+00    3.98494E+00
 2.70000E+00    2.32094E+00    1.89851E+00    2.74337E+00
 3.00000E+00    1.32246E+00    1.15844E+00    1.48648E+00
 3.50000E+00    5.44791E-01    4.81043E-01    6.08539E-01
 4.00000E+00    2.61150E-01    2.24063E-01    2.98237E-01
 4.50000E+00    1.55585E-01    1.33489E-01    1.77681E-01
 5.00000E+00    1.13639E-01    9.00004E-02    1.37278E-01
 5.50000E+00    9.33194E-02    7.39076E-02    1.12731E-01
 6.00000E+00    8.24155E-02    6.30454E-02    1.01786E-01
 6.50000E+00    7.47757E-02    5.72012E-02    9.23502E-02
 7.00000E+00    6.96259E-02    5.26353E-02    8.66165E-02
 7.50000E+00    6.50624E-02    4.91854E-02    8.09393E-02
 8.00000E+00    6.15086E-02    4.64383E-02    7.65789E-02
 8.50000E+00    5.79958E-02    4.37862E-02    7.22054E-02
 9.00000E+00    5.49603E-02    4.17685E-02    6.81521E-02
 9.50000E+00    5.19511E-02    3.94816E-02    6.44206E-02
 1.00000E+01    4.92129E-02    3.77943E-02    6.06315E-02
 1.05000E+01    4.66272E-02    3.58085E-02    5.74459E-02
 1.10000E+01    4.42395E-02    3.39748E-02    5.45042E-02
 1.15000E+01    4.20082E-02    3.22612E-02    5.17551E-02
 1.20000E+01    3.99167E-02    3.12136E-02    4.86198E-02
 1.25000E+01    3.79925E-02    2.97090E-02    4.62760E-02
 1.30000E+01    3.61894E-02    2.82990E-02    4.40798E-02
 1.35000E+01    3.45350E-02    2.70053E-02    4.20647E-02
 1.40000E+01    3.29734E-02    2.61472E-02    3.97996E-02
 1.45000E+01    3.15372E-02    2.50084E-02    3.80660E-02
 1.50000E+01    3.01809E-02    2.40537E-02    3.63081E-02
 1.55000E+01    2.89263E-02    2.30539E-02    3.47988E-02
 1.60000E+01    2.77389E-02    2.22462E-02    3.32316E-02
 1.65000E+01    2.66334E-02    2.13596E-02    3.19072E-02
 1.70000E+01    2.55854E-02    2.05191E-02    3.06517E-02
 1.75000E+01    2.45995E-02    1.97284E-02    2.94706E-02
 1.80000E+01    2.36556E-02    1.91604E-02    2.81508E-02
 1.85000E+01    2.27671E-02    1.84407E-02    2.70935E-02
 1.90000E+01    2.19154E-02    1.77509E-02    2.60799E-02
 1.95000E+01    2.11113E-02    1.70996E-02    2.51230E-02
 2.00000E+01    2.03499E-02    1.64828E-02    2.42170E-02
