# n + Ni 58 : (n,2n)    
# endfb8.0   T.Kawano,A.Kahler,L.Leal          EVAL-Aug12
# uncertainties: y
# # energies =    42
#   E(MeV)       xs(mb)       xslow(mb)      xsupp(mb)
 1.24290E+01    0.00000E+00    0.00000E+00    0.00000E+00
 1.25000E+01    3.13971E-02    3.13971E-02    3.13971E-02
 1.30000E+01    3.81359E+00    3.17685E+00    4.45034E+00
 1.35000E+01    1.18511E+01    1.11315E+01    1.25706E+01
 1.40000E+01    2.27104E+01    2.21933E+01    2.32275E+01
 1.45000E+01    3.36184E+01    3.28849E+01    3.43519E+01
 1.50000E+01    4.25063E+01    4.18208E+01    4.31918E+01
 1.55000E+01    4.89577E+01    4.61246E+01    5.17909E+01
 1.60000E+01    5.36337E+01    5.05299E+01    5.67374E+01
 1.65000E+01    5.73463E+01    5.53334E+01    5.93592E+01
 1.70000E+01    6.11743E+01    5.82146E+01    6.41341E+01
 1.75000E+01    6.51490E+01    6.27386E+01    6.75594E+01
 1.80000E+01    6.82314E+01    6.62248E+01    7.02380E+01
 1.85000E+01    7.18267E+01    6.88967E+01    7.47568E+01
 1.90000E+01    7.52293E+01    7.21605E+01    7.82982E+01
 1.95000E+01    7.83521E+01    7.51559E+01    8.15484E+01
 2.00000E+01    8.13538E+01    7.80351E+01    8.46725E+01
 2.00000E+01    6.92152E+01    6.63917E+01    7.20387E+01
 2.20000E+01    7.36972E+01    7.06908E+01    7.67035E+01
 2.40000E+01    7.38872E+01    7.08731E+01    7.69014E+01
 2.60000E+01    6.97925E+01    6.69454E+01    7.26396E+01
 2.80000E+01    6.43999E+01    6.17728E+01    6.70270E+01
 3.00000E+01    5.96360E+01    5.72033E+01    6.20688E+01
 3.50000E+01    5.30259E+01    5.08628E+01    5.51890E+01
 4.00000E+01    4.62877E+01    4.43994E+01    4.81759E+01
 4.50000E+01    4.20546E+01    4.03391E+01    4.37702E+01
 5.00000E+01    3.88507E+01    3.72658E+01    4.04355E+01
 5.50000E+01    3.66098E+01    3.51164E+01    3.81032E+01
 6.00000E+01    3.49790E+01    3.35521E+01    3.64059E+01
 6.50000E+01    3.40313E+01    3.26431E+01    3.54196E+01
 7.00000E+01    3.25725E+01    3.12437E+01    3.39012E+01
 7.50000E+01    3.14376E+01    3.01552E+01    3.27201E+01
 8.00000E+01    3.02265E+01    2.89935E+01    3.14595E+01
 8.50000E+01    2.81779E+01    2.70284E+01    2.93273E+01
 9.00000E+01    2.72793E+01    2.61665E+01    2.83921E+01
 9.50000E+01    2.63042E+01    2.52311E+01    2.73772E+01
 1.00000E+02    2.54515E+01    2.44133E+01    2.64898E+01
 1.10000E+02    2.50817E+01    2.40585E+01    2.61049E+01
 1.20000E+02    2.38281E+01    2.28561E+01    2.48001E+01
 1.30000E+02    2.27504E+01    2.18224E+01    2.36785E+01
 1.40000E+02    2.17749E+01    2.08867E+01    2.26632E+01
 1.50000E+02    2.01949E+01    1.93711E+01    2.10187E+01
