# n + Ni 58 : (n,g)     
# endfb8.0   T.Kawano,A.Kahler,L.Leal          EVAL-Aug12
# uncertainties: y
# # energies =   616
#   E(MeV)       xs(mb)       xslow(mb)      xsupp(mb)
 1.00000E-11    2.10098E+05    1.89088E+05    2.31108E+05
 1.04713E-11    2.05317E+05    1.84785E+05    2.25848E+05
 1.09648E-11    2.00641E+05    1.80577E+05    2.20705E+05
 1.14815E-11    1.96076E+05    1.76469E+05    2.15684E+05
 1.20226E-11    1.91610E+05    1.72449E+05    2.10771E+05
 1.25893E-11    1.87252E+05    1.68526E+05    2.05977E+05
 1.31826E-11    1.82986E+05    1.64688E+05    2.01285E+05
 1.38038E-11    1.78824E+05    1.60941E+05    1.96706E+05
 1.44544E-11    1.74751E+05    1.57276E+05    1.92226E+05
 1.51356E-11    1.70775E+05    1.53697E+05    1.87852E+05
 1.58489E-11    1.66887E+05    1.50198E+05    1.83576E+05
 1.65959E-11    1.63088E+05    1.46779E+05    1.79396E+05
 1.73780E-11    1.59377E+05    1.43439E+05    1.75314E+05
 1.81970E-11    1.55747E+05    1.40172E+05    1.71322E+05
 1.90546E-11    1.52204E+05    1.36983E+05    1.67424E+05
 1.99526E-11    1.48737E+05    1.33863E+05    1.63611E+05
 2.08930E-11    1.45354E+05    1.30818E+05    1.59889E+05
 2.18776E-11    1.42043E+05    1.27838E+05    1.56247E+05
 2.29087E-11    1.38811E+05    1.24930E+05    1.52692E+05
 2.39883E-11    1.35650E+05    1.22085E+05    1.49215E+05
 2.51189E-11    1.32563E+05    1.19307E+05    1.45819E+05
 2.63027E-11    1.29546E+05    1.16591E+05    1.42500E+05
 2.75423E-11    1.26596E+05    1.13936E+05    1.39256E+05
 2.88403E-11    1.23716E+05    1.11344E+05    1.36087E+05
 3.01995E-11    1.20898E+05    1.08808E+05    1.32988E+05
 3.16228E-11    1.18148E+05    1.06333E+05    1.29963E+05
 3.31131E-11    1.15457E+05    1.03911E+05    1.27002E+05
 3.46737E-11    1.12830E+05    1.01547E+05    1.24113E+05
 3.63078E-11    1.10260E+05    9.92344E+04    1.21286E+05
 3.80189E-11    1.07752E+05    9.69765E+04    1.18527E+05
 3.98107E-11    1.05298E+05    9.47685E+04    1.15828E+05
 4.16869E-11    1.02902E+05    9.26114E+04    1.13192E+05
 4.36516E-11    1.00560E+05    9.05037E+04    1.10616E+05
 4.57088E-11    9.82697E+04    8.84428E+04    1.08097E+05
 4.78630E-11    9.60340E+04    8.64306E+04    1.05637E+05
 5.01187E-11    9.38466E+04    8.44620E+04    1.03231E+05
 5.24807E-11    9.17119E+04    8.25407E+04    1.00883E+05
 5.49541E-11    8.96229E+04    8.06606E+04    9.85852E+04
 5.75440E-11    8.75841E+04    7.88257E+04    9.63425E+04
 6.02560E-11    8.55894E+04    7.70305E+04    9.41484E+04
 6.30957E-11    8.36418E+04    7.52777E+04    9.20060E+04
 6.60693E-11    8.17377E+04    7.35639E+04    8.99115E+04
 6.91831E-11    7.98769E+04    7.18892E+04    8.78646E+04
 7.24436E-11    7.80592E+04    7.02533E+04    8.58652E+04
 7.58578E-11    7.62815E+04    6.86534E+04    8.39097E+04
 7.94328E-11    7.45462E+04    6.70916E+04    8.20008E+04
 8.31764E-11    7.28482E+04    6.55633E+04    8.01330E+04
 8.70964E-11    7.11911E+04    6.40720E+04    7.83102E+04
 9.12011E-11    6.95695E+04    6.26126E+04    7.65265E+04
 9.54993E-11    6.79868E+04    6.11881E+04    7.47855E+04
 1.00000E-10    6.64386E+04    5.97948E+04    7.30825E+04
 1.04713E-10    6.49266E+04    5.84340E+04    7.14193E+04
 1.09648E-10    6.34487E+04    5.71039E+04    6.97936E+04
 1.14815E-10    6.20041E+04    5.58037E+04    6.82045E+04
 1.20226E-10    6.05933E+04    5.45340E+04    6.66527E+04
 1.25893E-10    5.92133E+04    5.32919E+04    6.51346E+04
 1.31826E-10    5.78663E+04    5.20796E+04    6.36529E+04
 1.38038E-10    5.65482E+04    5.08934E+04    6.22030E+04
 1.44544E-10    5.52618E+04    4.97357E+04    6.07880E+04
 1.51356E-10    5.40032E+04    4.86029E+04    5.94035E+04
 1.58489E-10    5.27745E+04    4.74971E+04    5.80520E+04
 1.65959E-10    5.15729E+04    4.64156E+04    5.67302E+04
 1.73780E-10    5.03990E+04    4.53591E+04    5.54389E+04
 1.81970E-10    4.92520E+04    4.43268E+04    5.41772E+04
 1.90546E-10    4.81304E+04    4.33174E+04    5.29435E+04
 1.99526E-10    4.70354E+04    4.23319E+04    5.17390E+04
 2.08930E-10    4.59641E+04    4.13677E+04    5.05605E+04
 2.18776E-10    4.49185E+04    4.04267E+04    4.94104E+04
 2.29087E-10    4.38954E+04    3.95058E+04    4.82849E+04
 2.39883E-10    4.28968E+04    3.86071E+04    4.71865E+04
 2.51189E-10    4.19199E+04    3.77279E+04    4.61118E+04
 2.63027E-10    4.09660E+04    3.68694E+04    4.50626E+04
 2.75423E-10    4.00334E+04    3.60300E+04    4.40367E+04
 2.88403E-10    3.91220E+04    3.52098E+04    4.30342E+04
 3.01995E-10    3.82317E+04    3.44086E+04    4.20549E+04
 3.16228E-10    3.73611E+04    3.36250E+04    4.10972E+04
 3.31131E-10    3.65111E+04    3.28600E+04    4.01622E+04
 3.46737E-10    3.56795E+04    3.21115E+04    3.92474E+04
 3.63078E-10    3.48679E+04    3.13811E+04    3.83547E+04
 3.80189E-10    3.40737E+04    3.06663E+04    3.74810E+04
 3.98107E-10    3.32985E+04    2.99687E+04    3.66284E+04
 4.16869E-10    3.25402E+04    2.92862E+04    3.57942E+04
 4.36516E-10    3.17997E+04    2.86197E+04    3.49797E+04
 4.57088E-10    3.10758E+04    2.79682E+04    3.41834E+04
 4.78630E-10    3.03683E+04    2.73315E+04    3.34051E+04
 5.01187E-10    2.96773E+04    2.67096E+04    3.26450E+04
 5.24807E-10    2.90014E+04    2.61013E+04    3.19015E+04
 5.49541E-10    2.83417E+04    2.55075E+04    3.11758E+04
 5.75440E-10    2.76961E+04    2.49265E+04    3.04657E+04
 6.02560E-10    2.70661E+04    2.43595E+04    2.97727E+04
 6.30957E-10    2.64496E+04    2.38046E+04    2.90946E+04
 6.60693E-10    2.58478E+04    2.32631E+04    2.84326E+04
 6.91831E-10    2.52593E+04    2.27334E+04    2.77852E+04
 7.24436E-10    2.46844E+04    2.22159E+04    2.71528E+04
 7.58578E-10    2.41226E+04    2.17103E+04    2.65348E+04
 7.94328E-10    2.35733E+04    2.12160E+04    2.59306E+04
 8.31764E-10    2.30369E+04    2.07332E+04    2.53406E+04
 8.70964E-10    2.25122E+04    2.02610E+04    2.47635E+04
 9.12011E-10    2.20001E+04    1.98001E+04    2.42002E+04
 9.54993E-10    2.14990E+04    1.93491E+04    2.36489E+04
 1.00000E-09    2.10100E+04    1.99595E+04    2.20605E+04
 1.04713E-09    2.05315E+04    1.95049E+04    2.15580E+04
 1.09648E-09    2.00643E+04    1.90611E+04    2.10675E+04
 1.14815E-09    1.96075E+04    1.86271E+04    2.05879E+04
 1.20226E-09    1.91612E+04    1.82031E+04    2.01192E+04
 1.25892E-09    1.87251E+04    1.77888E+04    1.96613E+04
 1.31826E-09    1.82987E+04    1.73837E+04    1.92136E+04
 1.38038E-09    1.78824E+04    1.69883E+04    1.87765E+04
 1.44544E-09    1.74751E+04    1.66013E+04    1.83488E+04
 1.51356E-09    1.70776E+04    1.62237E+04    1.79314E+04
 1.58489E-09    1.66886E+04    1.58541E+04    1.75230E+04
 1.65959E-09    1.63089E+04    1.54935E+04    1.71244E+04
 1.73780E-09    1.59375E+04    1.51406E+04    1.67344E+04
 1.81970E-09    1.55748E+04    1.47961E+04    1.63536E+04
 1.90546E-09    1.52203E+04    1.44593E+04    1.59813E+04
 1.99526E-09    1.48738E+04    1.41301E+04    1.56175E+04
 2.08930E-09    1.45353E+04    1.38086E+04    1.52621E+04
 2.18776E-09    1.42043E+04    1.34941E+04    1.49145E+04
 2.29087E-09    1.38812E+04    1.31871E+04    1.45752E+04
 2.39883E-09    1.35650E+04    1.28867E+04    1.42432E+04
 2.51189E-09    1.32564E+04    1.25936E+04    1.39192E+04
 2.63027E-09    1.29545E+04    1.23067E+04    1.36022E+04
 2.75423E-09    1.26597E+04    1.20268E+04    1.32927E+04
 2.88403E-09    1.23715E+04    1.17529E+04    1.29900E+04
 3.01995E-09    1.20899E+04    1.14854E+04    1.26944E+04
 3.16228E-09    1.18147E+04    1.12240E+04    1.24055E+04
 3.31131E-09    1.15457E+04    1.09684E+04    1.21230E+04
 3.46737E-09    1.12830E+04    1.07189E+04    1.18472E+04
 3.63078E-09    1.10260E+04    1.04747E+04    1.15773E+04
 3.80189E-09    1.07752E+04    1.02365E+04    1.13140E+04
 3.98107E-09    1.05298E+04    1.00033E+04    1.10563E+04
 4.16869E-09    1.02903E+04    9.77574E+03    1.08048E+04
 4.36516E-09    1.00559E+04    9.55309E+03    1.05587E+04
 4.57088E-09    9.82709E+03    9.33574E+03    1.03184E+04
 4.78630E-09    9.60334E+03    9.12318E+03    1.00835E+04
 5.01187E-09    9.38476E+03    8.91552E+03    9.85399E+03
 5.24807E-09    9.17117E+03    8.71262E+03    9.62973E+03
 5.49541E-09    8.96233E+03    8.51421E+03    9.41045E+03
 5.75440E-09    8.75843E+03    8.32051E+03    9.19635E+03
 6.02560E-09    8.55894E+03    8.13099E+03    8.98689E+03
 6.30957E-09    8.36425E+03    7.94604E+03    8.78246E+03
 6.60693E-09    8.17373E+03    7.76504E+03    8.58241E+03
 6.91831E-09    7.98779E+03    7.58840E+03    8.38718E+03
 7.24436E-09    7.80587E+03    7.41558E+03    8.19617E+03
 7.58578E-09    7.62825E+03    7.24684E+03    8.00967E+03
 7.94328E-09    7.45459E+03    7.08186E+03    7.82732E+03
 8.31764E-09    7.28489E+03    6.92064E+03    7.64913E+03
 8.70964E-09    7.11912E+03    6.76316E+03    7.47507E+03
 9.12011E-09    6.95699E+03    6.60914E+03    7.30484E+03
 9.54993E-09    6.79872E+03    6.45879E+03    7.13866E+03
 1.00000E-08    6.64386E+03    6.31167E+03    6.97606E+03
 1.04713E-08    6.49274E+03    6.16810E+03    6.81737E+03
 1.09648E-08    6.34485E+03    6.02761E+03    6.66209E+03
 1.14815E-08    6.20051E+03    5.89048E+03    6.51053E+03
 1.20226E-08    6.05931E+03    5.75635E+03    6.36228E+03
 1.25893E-08    5.92142E+03    5.62535E+03    6.21749E+03
 1.31826E-08    5.78664E+03    5.49731E+03    6.07597E+03
 1.38038E-08    5.65489E+03    5.37215E+03    5.93763E+03
 1.44544E-08    5.52623E+03    5.24992E+03    5.80254E+03
 1.51356E-08    5.40037E+03    5.13035E+03    5.67038E+03
 1.58489E-08    5.27752E+03    5.01365E+03    5.54140E+03
 1.65959E-08    5.15731E+03    4.89945E+03    5.41518E+03
 1.73780E-08    5.04000E+03    4.78800E+03    5.29200E+03
 1.81970E-08    4.92522E+03    4.67896E+03    5.17148E+03
 1.90546E-08    4.81316E+03    4.57251E+03    5.05382E+03
 1.99526E-08    4.70358E+03    4.46840E+03    4.93876E+03
 2.08930E-08    4.59653E+03    4.36670E+03    4.82635E+03
 2.18776E-08    4.49192E+03    4.26732E+03    4.71651E+03
 2.29087E-08    4.38964E+03    4.17015E+03    4.60912E+03
 2.39883E-08    4.28977E+03    4.07528E+03    4.50426E+03
 2.51189E-08    4.19205E+03    3.98245E+03    4.40166E+03
 2.63027E-08    4.09671E+03    3.99839E+03    4.19503E+03
 2.75423E-08    4.00339E+03    3.90731E+03    4.09948E+03
 2.88403E-08    3.91231E+03    3.81842E+03    4.00621E+03
 3.01995E-08    3.82322E+03    3.73146E+03    3.91498E+03
 3.16228E-08    3.73620E+03    3.64653E+03    3.82587E+03
 3.31131E-08    3.65116E+03    3.56353E+03    3.73878E+03
 3.46737E-08    3.56802E+03    3.48238E+03    3.65365E+03
 3.63078E-08    3.48683E+03    3.40315E+03    3.57052E+03
 3.80189E-08    3.40742E+03    3.32564E+03    3.48920E+03
 3.98107E-08    3.32991E+03    3.24999E+03    3.40983E+03
 4.16869E-08    3.25406E+03    3.17597E+03    3.33216E+03
 4.36516E-08    3.18005E+03    3.10373E+03    3.25637E+03
 4.57088E-08    3.10762E+03    3.03304E+03    3.18221E+03
 4.78630E-08    3.03692E+03    2.96403E+03    3.10980E+03
 5.01187E-08    2.96777E+03    2.89655E+03    3.03900E+03
 5.24807E-08    2.90022E+03    2.83061E+03    2.96982E+03
 5.49541E-08    2.83421E+03    2.76619E+03    2.90223E+03
 5.75440E-08    2.76966E+03    2.70319E+03    2.83613E+03
 6.02560E-08    2.70665E+03    2.64169E+03    2.77161E+03
 6.30957E-08    2.64500E+03    2.58152E+03    2.70848E+03
 6.60693E-08    2.58483E+03    2.52279E+03    2.64687E+03
 6.91831E-08    2.52595E+03    2.46533E+03    2.58658E+03
 7.24436E-08    2.46849E+03    2.40925E+03    2.52773E+03
 7.58578E-08    2.41227E+03    2.35438E+03    2.47017E+03
 7.94328E-08    2.35738E+03    2.30080E+03    2.41396E+03
 8.31764E-08    2.30371E+03    2.24842E+03    2.35900E+03
 8.70964E-08    2.25127E+03    2.19724E+03    2.30530E+03
 9.12011E-08    2.20005E+03    2.14725E+03    2.25285E+03
 9.54993E-08    2.14995E+03    2.09835E+03    2.20155E+03
 1.00000E-07    2.10105E+03    1.99600E+03    2.20610E+03
 1.04713E-07    2.05319E+03    1.95053E+03    2.15585E+03
 1.09648E-07    2.00648E+03    1.90616E+03    2.10681E+03
 1.14815E-07    1.96078E+03    1.86274E+03    2.05881E+03
 1.20226E-07    1.91616E+03    1.82035E+03    2.01197E+03
 1.25893E-07    1.87252E+03    1.77889E+03    1.96614E+03
 1.31826E-07    1.82990E+03    1.73840E+03    1.92139E+03
 1.38038E-07    1.78824E+03    1.69883E+03    1.87765E+03
 1.44544E-07    1.74752E+03    1.66014E+03    1.83490E+03
 1.51356E-07    1.70776E+03    1.62237E+03    1.79314E+03
 1.58489E-07    1.66886E+03    1.58542E+03    1.75230E+03
 1.65959E-07    1.63090E+03    1.54935E+03    1.71244E+03
 1.73780E-07    1.59376E+03    1.51407E+03    1.67344E+03
 1.81970E-07    1.55751E+03    1.47964E+03    1.63539E+03
 1.90546E-07    1.52204E+03    1.44594E+03    1.59815E+03
 1.99526E-07    1.48742E+03    1.41305E+03    1.56179E+03
 2.08930E-07    1.45355E+03    1.38087E+03    1.52622E+03
 2.18776E-07    1.42046E+03    1.34943E+03    1.49148E+03
 2.29087E-07    1.38812E+03    1.31872E+03    1.45753E+03
 2.39883E-07    1.35651E+03    1.28868E+03    1.42433E+03
 2.51189E-07    1.32564E+03    1.25936E+03    1.39192E+03
 2.63027E-07    1.29544E+03    1.23067E+03    1.36021E+03
 2.75423E-07    1.26597E+03    1.20267E+03    1.32927E+03
 2.88403E-07    1.23713E+03    1.17528E+03    1.29899E+03
 3.01995E-07    1.20899E+03    1.14854E+03    1.26944E+03
 3.16228E-07    1.18145E+03    1.12238E+03    1.24052E+03
 3.31131E-07    1.15457E+03    1.09684E+03    1.21230E+03
 3.46737E-07    1.12828E+03    1.07187E+03    1.18470E+03
 3.63078E-07    1.10260E+03    1.04747E+03    1.15773E+03
 3.80189E-07    1.07752E+03    1.02364E+03    1.13139E+03
 3.98107E-07    1.05298E+03    1.00033E+03    1.10563E+03
 4.16869E-07    1.02903E+03    9.77575E+02    1.08048E+03
 4.36516E-07    1.00558E+03    9.55303E+02    1.05586E+03
 4.57088E-07    9.82704E+02    9.33568E+02    1.03184E+03
 4.78630E-07    9.60316E+02    9.12300E+02    1.00833E+03
 5.01187E-07    9.38465E+02    8.91541E+02    9.85388E+02
 5.24807E-07    9.17089E+02    8.71234E+02    9.62943E+02
 5.49541E-07    8.96214E+02    8.51403E+02    9.41025E+02
 5.75440E-07    8.75810E+02    8.32019E+02    9.19600E+02
 6.02560E-07    8.55866E+02    8.13072E+02    8.98659E+02
 6.30957E-07    8.36388E+02    7.94568E+02    8.78207E+02
 6.60693E-07    8.17335E+02    7.76468E+02    8.58201E+02
 6.91831E-07    7.98740E+02    7.58803E+02    8.38677E+02
 7.24436E-07    7.80550E+02    7.41523E+02    8.19578E+02
 7.58578E-07    7.62801E+02    7.24661E+02    8.00941E+02
 7.94328E-07    7.45428E+02    7.08157E+02    7.82699E+02
 8.31764E-07    7.28465E+02    6.92042E+02    7.64888E+02
 8.70964E-07    7.11874E+02    6.76280E+02    7.47468E+02
 9.12011E-07    6.95667E+02    6.60884E+02    7.30451E+02
 9.54993E-07    6.79830E+02    6.45838E+02    7.13821E+02
 1.00000E-06    6.64349E+02    5.97914E+02    7.30784E+02
 1.04713E-06    6.49257E+02    5.84331E+02    7.14182E+02
 1.09648E-06    6.34514E+02    5.71062E+02    6.97965E+02
 1.14815E-06    6.20080E+02    5.58072E+02    6.82088E+02
 1.20226E-06    6.05968E+02    5.45371E+02    6.66565E+02
 1.25893E-06    5.92190E+02    5.32971E+02    6.51409E+02
 1.31826E-06    5.78789E+02    5.20910E+02    6.36668E+02
 1.38038E-06    5.65622E+02    5.09060E+02    6.22185E+02
 1.44544E-06    5.52744E+02    4.97469E+02    6.08018E+02
 1.51356E-06    5.40284E+02    4.86255E+02    5.94312E+02
 1.58489E-06    5.27876E+02    4.75089E+02    5.80664E+02
 1.65959E-06    5.15977E+02    4.64379E+02    5.67574E+02
 1.73780E-06    5.04153E+02    4.53737E+02    5.54568E+02
 1.81970E-06    4.92774E+02    4.43497E+02    5.42052E+02
 1.90546E-06    4.81516E+02    4.33364E+02    5.29667E+02
 1.99526E-06    4.70794E+02    4.23715E+02    5.17874E+02
 2.08930E-06    4.59858E+02    4.13872E+02    5.05843E+02
 2.18776E-06    4.49629E+02    4.04666E+02    4.94591E+02
 2.29087E-06    4.39135E+02    3.95221E+02    4.83048E+02
 2.39883E-06    4.29279E+02    3.86351E+02    4.72207E+02
 2.51189E-06    4.19376E+02    3.77438E+02    4.61313E+02
 2.63027E-06    4.09924E+02    3.68932E+02    4.50917E+02
 2.75423E-06    4.00527E+02    3.60475E+02    4.40580E+02
 2.88403E-06    3.91419E+02    3.52277E+02    4.30561E+02
 3.01995E-06    3.82514E+02    3.44262E+02    4.20765E+02
 3.16228E-06    3.73732E+02    3.36359E+02    4.11105E+02
 3.31131E-06    3.65306E+02    3.28775E+02    4.01836E+02
 3.46737E-06    3.56866E+02    3.21180E+02    3.92553E+02
 3.63078E-06    3.48871E+02    3.13984E+02    3.83759E+02
 3.80189E-06    3.40798E+02    3.06718E+02    3.74878E+02
 3.98107E-06    3.33272E+02    2.99945E+02    3.66599E+02
 4.16869E-06    3.25499E+02    2.92949E+02    3.58049E+02
 4.36516E-06    3.18189E+02    2.86371E+02    3.50008E+02
 4.57088E-06    3.10918E+02    2.79826E+02    3.42009E+02
 4.78630E-06    3.03766E+02    2.73389E+02    3.34142E+02
 5.01187E-06    2.96874E+02    2.67187E+02    3.26562E+02
 5.24807E-06    2.90100E+02    2.61090E+02    3.19110E+02
 5.49541E-06    2.83528E+02    2.55175E+02    3.11881E+02
 5.75440E-06    2.76983E+02    2.49285E+02    3.04681E+02
 6.02560E-06    2.70764E+02    2.43688E+02    2.97841E+02
 6.30957E-06    2.64488E+02    2.38039E+02    2.90937E+02
 6.60693E-06    2.58565E+02    2.32708E+02    2.84421E+02
 6.91831E-06    2.52548E+02    2.27293E+02    2.77802E+02
 7.24436E-06    2.46912E+02    2.22220E+02    2.71603E+02
 7.58578E-06    2.41180E+02    2.17062E+02    2.65298E+02
 7.94328E-06    2.35847E+02    2.12262E+02    2.59432E+02
 8.31764E-06    2.30405E+02    2.07364E+02    2.53445E+02
 8.70964E-06    2.25133E+02    2.02620E+02    2.47647E+02
 9.12011E-06    2.20033E+02    1.98030E+02    2.42037E+02
 9.54993E-06    2.14968E+02    1.93472E+02    2.36465E+02
 1.00000E-05    2.10103E+02    1.68083E+02    2.52124E+02
 1.04713E-05    2.05278E+02    1.64223E+02    2.46334E+02
 1.09648E-05    2.00614E+02    1.60491E+02    2.40736E+02
 1.14815E-05    1.96016E+02    1.56813E+02    2.35219E+02
 1.20226E-05    1.91586E+02    1.53269E+02    2.29903E+02
 1.25893E-05    1.87152E+02    1.49722E+02    2.24583E+02
 1.31826E-05    1.82944E+02    1.46355E+02    2.19533E+02
 1.38038E-05    1.78689E+02    1.42951E+02    2.14427E+02
 1.44544E-05    1.74693E+02    1.39754E+02    2.09631E+02
 1.51356E-05    1.70637E+02    1.36510E+02    2.04765E+02
 1.58489E-05    1.66884E+02    1.33507E+02    2.00261E+02
 1.65959E-05    1.63025E+02    1.30420E+02    1.95630E+02
 1.73780E-05    1.59263E+02    1.27410E+02    1.91115E+02
 1.81970E-05    1.55666E+02    1.24532E+02    1.86799E+02
 1.90546E-05    1.52068E+02    1.21655E+02    1.82482E+02
 1.99526E-05    1.48631E+02    1.18905E+02    1.78357E+02
 2.08930E-05    1.45202E+02    1.16162E+02    1.74243E+02
 2.18776E-05    1.41906E+02    1.13525E+02    1.70287E+02
 2.29087E-05    1.38636E+02    1.10909E+02    1.66363E+02
 2.39883E-05    1.35506E+02    1.08405E+02    1.62608E+02
 2.51189E-05    1.32356E+02    1.05885E+02    1.58828E+02
 2.63027E-05    1.29378E+02    1.03502E+02    1.55253E+02
 2.75423E-05    1.26356E+02    1.01085E+02    1.51628E+02
 2.88403E-05    1.23526E+02    9.88205E+01    1.48231E+02
 3.01995E-05    1.20649E+02    9.65194E+01    1.44779E+02
 3.16228E-05    1.17988E+02    9.43907E+01    1.41586E+02
 3.31131E-05    1.15267E+02    9.22138E+01    1.38321E+02
 3.46737E-05    1.12589E+02    9.00716E+01    1.35107E+02
 3.63078E-05    1.10047E+02    8.80378E+01    1.32057E+02
 3.80189E-05    1.07487E+02    8.59892E+01    1.28984E+02
 3.98107E-05    1.05040E+02    8.40321E+01    1.26048E+02
 4.16869E-05    1.02627E+02    8.21019E+01    1.23153E+02
 4.36516E-05    1.00281E+02    8.02248E+01    1.20337E+02
 4.57088E-05    9.79816E+01    7.83853E+01    1.17578E+02
 4.78630E-05    9.57610E+01    7.66088E+01    1.14913E+02
 5.01187E-05    9.35124E+01    7.48099E+01    1.12215E+02
 5.24807E-05    9.14001E+01    7.31200E+01    1.09680E+02
 5.49541E-05    8.92534E+01    7.14027E+01    1.07104E+02
 5.75440E-05    8.72452E+01    6.70890E+01    1.07401E+02
 6.02560E-05    8.52030E+01    6.55186E+01    1.04888E+02
 6.30957E-05    8.33010E+01    6.40560E+01    1.02546E+02
 6.60693E-05    8.13639E+01    6.25664E+01    1.00161E+02
 6.91831E-05    7.94818E+01    6.11191E+01    9.78444E+01
 7.24436E-05    7.76684E+01    5.97247E+01    9.56121E+01
 7.58578E-05    7.58622E+01    5.83358E+01    9.33887E+01
 7.94328E-05    7.41313E+01    5.70048E+01    9.12579E+01
 8.31764E-05    7.24073E+01    5.56790E+01    8.91356E+01
 8.70964E-05    7.07398E+01    5.43967E+01    8.70828E+01
 9.12011E-05    6.91157E+01    5.31479E+01    8.50834E+01
 9.54993E-05    6.75149E+01    5.19169E+01    8.31128E+01
 1.00000E-04    6.59408E+01    5.07065E+01    8.11751E+01
 1.04713E-04    6.44317E+01    4.95461E+01    7.93174E+01
 1.09648E-04    6.29208E+01    4.83842E+01    7.74574E+01
 1.14815E-04    6.14856E+01    4.72806E+01    7.56906E+01
 1.20226E-04    6.00377E+01    4.61672E+01    7.39082E+01
 1.25893E-04    5.86892E+01    4.51302E+01    7.22481E+01
 1.31826E-04    5.72910E+01    4.40551E+01    7.05270E+01
 1.38038E-04    5.59625E+01    4.30335E+01    6.88915E+01
 1.44544E-04    5.46734E+01    4.20422E+01    6.73046E+01
 1.51356E-04    5.33815E+01    4.10487E+01    6.57142E+01
 1.58489E-04    5.21515E+01    4.01029E+01    6.42000E+01
 1.65959E-04    5.09207E+01    3.91565E+01    6.26849E+01
 1.73780E-04    4.97361E+01    3.82456E+01    6.12267E+01
 1.81970E-04    4.85753E+01    3.73530E+01    5.97977E+01
 1.90546E-04    4.74398E+01    3.64798E+01    5.83998E+01
 1.99526E-04    4.63143E+01    3.56143E+01    5.70143E+01
 2.08930E-04    4.52424E+01    3.47900E+01    5.56947E+01
 2.18776E-04    4.41629E+01    3.39599E+01    5.43658E+01
 2.29087E-04    4.31406E+01    3.31738E+01    5.31074E+01
 2.39883E-04    4.21052E+01    3.23777E+01    5.18328E+01
 2.51189E-04    4.11419E+01    3.16369E+01    5.06469E+01
 2.63027E-04    4.01462E+01    3.08712E+01    4.94211E+01
 2.75423E-04    3.91930E+01    3.01383E+01    4.82478E+01
 2.88403E-04    3.82745E+01    2.94320E+01    4.71171E+01
 3.01995E-04    3.73525E+01    2.87229E+01    4.59820E+01
 3.16228E-04    3.64741E+01    2.80475E+01    4.49007E+01
 3.31131E-04    3.55941E+01    2.73708E+01    4.38174E+01
 3.46737E-04    3.47449E+01    2.67178E+01    4.27720E+01
 3.63078E-04    3.39124E+01    2.60776E+01    4.17471E+01
 3.80189E-04    3.30975E+01    2.54510E+01    4.07441E+01
 3.98107E-04    3.22889E+01    2.48292E+01    3.97486E+01
 4.16869E-04    3.15167E+01    2.42354E+01    3.87980E+01
 4.36516E-04    3.07505E+01    2.36462E+01    3.78548E+01
 4.57088E-04    3.00121E+01    2.30784E+01    3.69458E+01
 4.78630E-04    2.92713E+01    2.25087E+01    3.60338E+01
 5.01187E-04    2.85721E+01    2.19711E+01    3.51731E+01
 5.24807E-04    2.78667E+01    2.14287E+01    3.43048E+01
 5.49541E-04    2.71828E+01    2.09028E+01    3.34628E+01
 5.75440E-04    2.65182E+01    2.02040E+01    3.28325E+01
 6.02560E-04    2.58581E+01    1.97011E+01    3.20152E+01
 6.30957E-04    2.52257E+01    1.92192E+01    3.12322E+01
 6.60693E-04    2.45929E+01    1.87371E+01    3.04487E+01
 6.91831E-04    2.39830E+01    1.82724E+01    2.96936E+01
 7.24436E-04    2.33862E+01    1.78177E+01    2.89546E+01
 7.58578E-04    2.27972E+01    1.73689E+01    2.82254E+01
 7.94328E-04    2.22268E+01    1.69344E+01    2.75192E+01
 8.31764E-04    2.16653E+01    1.65065E+01    2.68240E+01
 8.70964E-04    2.11123E+01    1.60853E+01    2.61394E+01
 9.12011E-04    2.05731E+01    1.56744E+01    2.54717E+01
 9.54993E-04    2.00457E+01    1.52726E+01    2.48187E+01
 1.00000E-03    1.95306E+01    1.48802E+01    2.41811E+01
 1.04713E-03    1.90271E+01    1.44966E+01    2.35577E+01
 1.09648E-03    1.85389E+01    1.41246E+01    2.29532E+01
 1.14815E-03    1.80588E+01    1.37588E+01    2.23587E+01
 1.20226E-03    1.75845E+01    1.33975E+01    2.17716E+01
 1.25893E-03    1.71300E+01    1.30512E+01    2.12088E+01
 1.31826E-03    1.66751E+01    1.27046E+01    2.06456E+01
 1.38038E-03    1.62357E+01    1.23698E+01    2.01016E+01
 1.44544E-03    1.58071E+01    1.20432E+01    1.95709E+01
 1.51356E-03    1.53830E+01    1.17201E+01    1.90458E+01
 1.58489E-03    1.49752E+01    1.14094E+01    1.85409E+01
 1.65959E-03    1.45692E+01    1.11001E+01    1.80383E+01
 1.73780E-03    1.41804E+01    1.08039E+01    1.75569E+01
 1.81970E-03    1.37940E+01    1.05095E+01    1.70785E+01
 1.90546E-03    1.34197E+01    1.02244E+01    1.66151E+01
 1.99526E-03    1.30542E+01    9.94586E+00    1.61625E+01
 2.08930E-03    1.26988E+01    9.67510E+00    1.57225E+01
 2.18776E-03    1.23525E+01    9.41122E+00    1.52937E+01
 2.29087E-03    1.20130E+01    9.15259E+00    1.48734E+01
 2.39883E-03    1.16873E+01    8.90446E+00    1.44702E+01
 2.51189E-03    1.13647E+01    8.65864E+00    1.40707E+01
 2.63027E-03    1.10468E+01    8.41645E+00    1.36772E+01
 2.75423E-03    1.07388E+01    8.18176E+00    1.32958E+01
 2.88403E-03    1.04426E+01    7.95611E+00    1.29291E+01
 3.01995E-03    1.01501E+01    7.73326E+00    1.25669E+01
 3.16228E-03    9.86957E+00    7.51953E+00    1.22196E+01
 3.31131E-03    9.59788E+00    7.31253E+00    1.18832E+01
 3.46737E-03    9.33034E+00    7.10869E+00    1.15520E+01
 3.63078E-03    9.07944E+00    6.91753E+00    1.12413E+01
 3.80189E-03    8.82990E+00    6.72741E+00    1.09324E+01
 3.98107E-03    8.59528E+00    6.54866E+00    1.06419E+01
 4.16869E-03    8.36224E+00    6.37110E+00    1.03534E+01
 4.36516E-03    8.14156E+00    6.20297E+00    1.00801E+01
 4.57088E-03    7.92661E+00    6.03920E+00    9.81401E+00
 4.78630E-03    7.72210E+00    5.88339E+00    9.56081E+00
 5.01187E-03    7.53074E+00    5.73759E+00    9.32388E+00
 5.24807E-03    7.34388E+00    5.59523E+00    9.09253E+00
 5.49541E-03    7.17319E+00    5.46518E+00    8.88119E+00
 5.75440E-03    7.01087E+00    5.33836E+00    8.68339E+00
 6.02560E-03    6.86324E+00    5.22594E+00    8.50053E+00
 6.30957E-03    6.73291E+00    5.12671E+00    8.33912E+00
 6.60693E-03    4.10320E+01    3.12434E+01    5.08206E+01
 6.91831E-03    6.74216E+00    5.13375E+00    8.35057E+00
 7.24436E-03    6.42954E+00    4.89571E+00    7.96337E+00
 7.58578E-03    6.36803E+00    4.84887E+00    7.88718E+00
 7.94328E-03    6.33572E+00    4.82427E+00    7.84716E+00
 8.31764E-03    6.33939E+00    4.82706E+00    7.85171E+00
 8.70964E-03    6.38969E+00    4.86537E+00    7.91401E+00
 9.12011E-03    6.49998E+00    4.94934E+00    8.05061E+00
 9.54993E-03    6.69203E+00    5.09558E+00    8.28849E+00
 1.00000E-02    6.99843E+00    5.32889E+00    8.66798E+00
 1.04713E-02    7.47976E+00    5.69539E+00    9.26413E+00
 1.09648E-02    8.23342E+00    6.26925E+00    1.01976E+01
 1.14815E-02    9.46591E+00    7.20773E+00    1.17241E+01
 1.20226E-02    1.16556E+01    1.02137E+01    1.30975E+01
 1.25893E-02    2.85150E+01    2.49874E+01    3.20425E+01
 1.31826E-02    6.09863E+02    5.34417E+02    6.85309E+02
 1.38038E-02    4.51198E+01    4.26563E+01    4.75834E+01
 1.44544E-02    1.04817E+02    9.90940E+01    1.10540E+02
 1.51356E-02    1.23823E+02    1.17063E+02    1.30584E+02
 1.58489E-02    5.01520E+01    4.74137E+01    5.28903E+01
 1.65959E-02    2.88110E+01    2.50840E+01    3.25380E+01
 1.73780E-02    1.14266E+01    9.94846E+00    1.29048E+01
 1.81970E-02    2.63447E+01    2.29367E+01    2.97526E+01
 1.90546E-02    5.78772E+00    5.03902E+00    6.53642E+00
 1.99526E-02    6.55467E+01    5.70676E+01    7.40258E+01
 2.08930E-02    1.46254E+02    1.27334E+02    1.65173E+02
 2.18776E-02    3.26958E+00    2.84663E+00    3.69253E+00
 2.29087E-02    2.90800E+00    2.59822E+00    3.21779E+00
 2.39883E-02    5.22339E+00    4.66694E+00    5.77983E+00
 2.51189E-02    3.67909E+01    3.28716E+01    4.07102E+01
 2.63027E-02    1.05746E+02    9.44810E+01    1.17011E+02
 2.75423E-02    5.81118E+00    5.34820E+00    6.27415E+00
 2.88403E-02    2.12160E+00    1.95257E+00    2.29063E+00
 3.01995E-02    2.22212E+00    2.04508E+00    2.39916E+00
 3.16228E-02    1.31604E+02    1.21119E+02    1.42088E+02
 3.31131E-02    5.45188E+01    5.01753E+01    5.88623E+01
 3.46737E-02    8.56506E+01    7.88268E+01    9.24744E+01
 3.63078E-02    2.98686E+00    2.80567E+00    3.16804E+00
 3.80189E-02    4.40035E+01    4.13343E+01    4.66728E+01
 3.98107E-02    1.70806E+00    1.60445E+00    1.81167E+00
 4.16869E-02    1.65204E+00    1.55183E+00    1.75226E+00
 4.36516E-02    6.76743E+00    6.35691E+00    7.17794E+00
 4.57088E-02    2.61214E+00    2.36934E+00    2.85494E+00
 4.78630E-02    4.77562E+01    4.33172E+01    5.21951E+01
 5.01187E-02    5.63154E+01    5.10809E+01    6.15499E+01
 5.24807E-02    9.51368E+00    8.62938E+00    1.03980E+01
 5.49541E-02    3.01300E+00    2.88967E+00    3.13632E+00
 5.75440E-02    3.86003E+01    3.62183E+01    4.09823E+01
 6.02560E-02    4.59086E+01    4.30756E+01    4.87416E+01
 6.30957E-02    1.75519E+01    1.64688E+01    1.86350E+01
 6.60693E-02    2.16935E+01    2.00352E+01    2.33517E+01
 6.91831E-02    1.15001E+01    1.06210E+01    1.23791E+01
 7.24436E-02    1.63996E+00    1.51460E+00    1.76532E+00
 7.58578E-02    3.97355E+00    2.88647E+00    5.06063E+00
 7.94328E-02    3.95711E+01    2.87453E+01    5.03970E+01
 8.31764E-02    3.03338E+01    2.92120E+01    3.14555E+01
 8.70964E-02    9.25392E+00    8.91171E+00    9.59613E+00
 9.12011E-02    3.66928E+00    3.53359E+00    3.80497E+00
 9.54993E-02    2.01189E+01    1.93749E+01    2.08629E+01
 1.00000E-01    1.12258E+01    1.06413E+01    1.18104E+01
 1.04713E-01    4.41139E+01    4.18169E+01    4.64109E+01
 1.09648E-01    1.35509E+01    1.31101E+01    1.39917E+01
 1.14815E-01    2.33613E+01    2.23541E+01    2.43684E+01
 1.20226E-01    3.53399E+01    3.40980E+01    3.65817E+01
 1.25893E-01    5.05379E+00    4.87620E+00    5.23138E+00
 1.31826E-01    2.37489E+01    2.27726E+01    2.47252E+01
 1.38038E-01    2.04761E+01    1.96344E+01    2.13179E+01
 1.44544E-01    2.06946E+01    1.98439E+01    2.15454E+01
 1.51356E-01    1.14580E+01    1.09387E+01    1.19773E+01
 1.58489E-01    1.97818E+01    1.88853E+01    2.06783E+01
 1.65959E-01    1.86062E+01    1.77306E+01    1.94818E+01
 1.73780E-01    8.80751E+00    8.39303E+00    9.22199E+00
 1.81970E-01    2.00315E+01    1.92986E+01    2.07645E+01
 1.90546E-01    1.70623E+01    1.64380E+01    1.76866E+01
 1.99526E-01    8.95494E+00    8.57829E+00    9.33158E+00
 2.08930E-01    1.71350E+01    1.64143E+01    1.78557E+01
 2.18776E-01    8.29971E+00    7.94132E+00    8.65809E+00
 2.29087E-01    1.33158E+01    1.27408E+01    1.38907E+01
 2.39883E-01    1.39693E+01    1.33661E+01    1.45725E+01
 2.51189E-01    1.22951E+01    1.17553E+01    1.28350E+01
 2.63027E-01    8.66302E+00    8.31676E+00    9.00928E+00
 2.75423E-01    8.73871E+00    8.38943E+00    9.08800E+00
 2.88403E-01    1.68293E+01    1.61652E+01    1.74934E+01
 3.01995E-01    8.65797E+00    8.31632E+00    8.99961E+00
 3.16228E-01    7.22538E+00    6.92885E+00    7.52190E+00
 3.31131E-01    1.65269E+01    1.56439E+01    1.74100E+01
 3.46737E-01    6.03861E+00    5.84495E+00    6.23227E+00
 3.63078E-01    1.22537E+01    1.16925E+01    1.28150E+01
 3.80189E-01    6.87115E+00    6.55645E+00    7.18585E+00
 3.98107E-01    9.51757E+00    9.15000E+00    9.88514E+00
 4.16869E-01    1.07686E+01    1.03795E+01    1.11578E+01
 4.36516E-01    7.95636E+00    7.68863E+00    8.22409E+00
 4.57088E-01    1.20021E+01    1.15982E+01    1.24060E+01
 4.78630E-01    9.56938E+00    9.26287E+00    9.87588E+00
 5.01187E-01    1.19136E+01    1.15535E+01    1.22738E+01
 5.24807E-01    7.23048E+00    7.01190E+00    7.44906E+00
 5.49541E-01    1.00745E+01    9.55275E+00    1.05963E+01
 5.75440E-01    7.43687E+00    7.04852E+00    7.82523E+00
 6.02560E-01    1.11086E+01    1.05285E+01    1.16887E+01
 6.30957E-01    9.60447E+00    9.19696E+00    1.00120E+01
 6.60693E-01    8.08967E+00    7.74643E+00    8.43292E+00
 6.91831E-01    7.89312E+00    7.48662E+00    8.29961E+00
 7.24436E-01    9.12551E+00    8.65555E+00    9.59547E+00
 7.58578E-01    7.10022E+00    6.70985E+00    7.49059E+00
 7.94328E-01    8.07674E+00    7.63268E+00    8.52080E+00
 8.31764E-01    8.47460E+00    8.00867E+00    8.94053E+00
 8.70964E-01    8.49819E+00    8.03096E+00    8.96542E+00
 9.12011E-01    8.52289E+00    8.05430E+00    8.99148E+00
 9.54993E-01    8.54884E+00    8.07882E+00    9.01885E+00
 1.00000E+00    8.57637E+00    8.10484E+00    9.04790E+00
 1.04713E+00    8.60523E+00    8.13211E+00    9.07834E+00
 1.09648E+00    8.63519E+00    8.16043E+00    9.10995E+00
 1.14815E+00    8.65477E+00    8.17893E+00    9.13061E+00
 1.20226E+00    8.66752E+00    8.19098E+00    9.14406E+00
 1.25893E+00    8.66932E+00    8.19268E+00    9.14596E+00
 1.31826E+00    8.65138E+00    8.17573E+00    9.12704E+00
 1.38038E+00    8.35389E+00    7.89459E+00    8.81318E+00
 1.44544E+00    7.22595E+00    6.82867E+00    7.62323E+00
 1.51356E+00    6.12005E+00    5.78357E+00    6.45653E+00
 1.58489E+00    5.22370E+00    4.93650E+00    5.51089E+00
 1.65959E+00    4.73017E+00    4.47010E+00    4.99023E+00
 1.73780E+00    4.39495E+00    4.15331E+00    4.63658E+00
 1.81970E+00    4.14637E+00    3.91840E+00    4.37433E+00
 1.90546E+00    3.95226E+00    3.73496E+00    4.16955E+00
 1.99526E+00    3.80746E+00    3.59812E+00    4.01679E+00
 2.08930E+00    3.69481E+00    3.49167E+00    3.89795E+00
 2.18776E+00    3.59184E+00    3.39436E+00    3.78932E+00
 2.29087E+00    3.50638E+00    3.31360E+00    3.69916E+00
 2.39883E+00    3.43201E+00    3.24332E+00    3.62070E+00
 2.51189E+00    3.28971E+00    3.10884E+00    3.47058E+00
 2.63027E+00    3.15140E+00    2.97814E+00    3.32467E+00
 2.75423E+00    2.99541E+00    2.83072E+00    3.16010E+00
 2.88403E+00    2.68316E+00    2.53564E+00    2.83068E+00
 3.01995E+00    2.39176E+00    2.26026E+00    2.52326E+00
 3.16228E+00    2.15554E+00    2.03703E+00    2.27405E+00
 3.31131E+00    1.86588E+00    1.76329E+00    1.96846E+00
 3.46737E+00    1.61889E+00    1.52989E+00    1.70790E+00
 3.63078E+00    1.39926E+00    1.32233E+00    1.47619E+00
 3.80189E+00    1.21593E+00    1.14908E+00    1.28278E+00
 3.98107E+00    1.08597E+00    1.02626E+00    1.14568E+00
 4.16869E+00    9.83009E-01    9.28963E-01    1.03705E+00
 4.36516E+00    8.78515E-01    8.30214E-01    9.26816E-01
 4.57088E+00    8.07651E-01    7.63246E-01    8.52056E-01
 4.78630E+00    7.45285E-01    7.04309E-01    7.86261E-01
 5.01187E+00    6.97289E-01    6.58952E-01    7.35626E-01
 5.24807E+00    6.61437E-01    6.25071E-01    6.97803E-01
 5.49541E+00    6.22776E-01    5.88536E-01    6.57016E-01
 5.75440E+00    5.80314E-01    5.48408E-01    6.12220E-01
 6.02560E+00    5.55730E-01    5.25176E-01    5.86284E-01
 6.30957E+00    5.44711E-01    5.14763E-01    5.74659E-01
 6.60693E+00    5.38489E-01    5.08883E-01    5.68095E-01
 6.91831E+00    5.35229E-01    5.05802E-01    5.64656E-01
 7.24436E+00    5.36350E-01    5.06862E-01    5.65839E-01
 7.58578E+00    5.42638E-01    5.12804E-01    5.72472E-01
 7.94328E+00    5.51965E-01    5.21618E-01    5.82312E-01
 8.31764E+00    5.64417E-01    5.33385E-01    5.95449E-01
 8.70964E+00    5.81234E-01    5.49278E-01    6.13190E-01
 9.12011E+00    6.03883E-01    5.70682E-01    6.37085E-01
 9.54993E+00    6.29543E-01    5.94931E-01    6.64155E-01
 1.00000E+01    6.60001E-01    6.23714E-01    6.96288E-01
 1.04713E+01    6.97060E-01    6.58736E-01    7.35384E-01
 1.09648E+01    7.40322E-01    6.99619E-01    7.81025E-01
 1.14815E+01    7.75690E-01    7.33043E-01    8.18338E-01
 1.20226E+01    8.05373E-01    7.61094E-01    8.49652E-01
 1.25893E+01    8.32610E-01    7.86833E-01    8.78387E-01
 1.31826E+01    8.48309E-01    8.01669E-01    8.94949E-01
 1.38038E+01    8.56609E-01    8.09513E-01    9.03705E-01
 1.44544E+01    8.50675E-01    8.03905E-01    8.97445E-01
 1.51356E+01    8.10653E-01    7.66083E-01    8.55223E-01
 1.58489E+01    7.27669E-01    6.87662E-01    7.67676E-01
 1.65959E+01    6.16706E-01    5.82799E-01    6.50612E-01
 1.73780E+01    5.01874E-01    4.74281E-01    5.29467E-01
 1.81970E+01    4.00926E-01    3.78883E-01    4.22969E-01
 1.90546E+01    3.20107E-01    3.02508E-01    3.37707E-01
 1.99526E+01    1.46216E-02    1.38177E-02    1.54255E-02
