# n + Ni 58 : (n,xh)    
# endfb8.0   T.Kawano,A.Kahler,L.Leal          EVAL-Aug12
# 
# # energies =   116
#   E(MeV)        xs(mb) 
 1.47931E+00    0.00000E+00
 1.50000E+00    0.00000E+00
 1.60000E+00    0.00000E+00
 1.70000E+00    0.00000E+00
 1.80000E+00    0.00000E+00
 1.90000E+00    0.00000E+00
 2.00000E+00    0.00000E+00
 2.10000E+00    0.00000E+00
 2.20000E+00    0.00000E+00
 2.30000E+00    0.00000E+00
 2.40000E+00    0.00000E+00
 2.50000E+00    0.00000E+00
 2.50191E+00    0.00000E+00
 2.60000E+00    0.00000E+00
 2.70000E+00    0.00000E+00
 2.80000E+00    0.00000E+00
 2.82352E+00    0.00000E+00
 2.90000E+00    0.00000E+00
 2.95232E+00    0.00000E+00
 2.99363E+00    0.00000E+00
 3.00000E+00    0.00000E+00
 3.09049E+00    0.00000E+00
 3.10000E+00    0.00000E+00
 3.20000E+00    0.00000E+00
 3.30000E+00    0.00000E+00
 3.32022E+00    0.00000E+00
 3.32602E+00    0.00000E+00
 3.33070E+00    0.00000E+00
 3.40000E+00    0.00000E+00
 3.47985E+00    0.00000E+00
 3.50000E+00    0.00000E+00
 3.51098E+00    0.00000E+00
 3.58535E+00    0.00000E+00
 3.59237E+00    0.00000E+00
 3.60000E+00    0.00000E+00
 3.61995E+00    0.00000E+00
 3.65596E+00    0.00000E+00
 3.65779E+00    0.00000E+00
 3.68302E+00    0.00000E+00
 3.80000E+00    0.00000E+00
 3.84011E+00    0.00000E+00
 3.93738E+00    0.00000E+00
 3.96617E+00    0.00000E+00
 4.00000E+00    0.00000E+00
 4.00056E+00    0.00000E+00
 4.01226E+00    0.00000E+00
 4.08999E+00    0.00000E+00
 4.17922E+00    0.00000E+00
 4.33417E+00    0.00000E+00
 4.36876E+00    0.00000E+00
 4.42370E+00    0.00000E+00
 4.43693E+00    0.00000E+00
 4.45992E+00    0.00000E+00
 4.48149E+00    0.00000E+00
 4.50000E+00    0.00000E+00
 4.52747E+00    0.00000E+00
 4.55322E+00    0.00000E+00
 4.59666E+00    0.00000E+00
 4.61731E+00    0.00000E+00
 4.61833E+00    0.00000E+00
 5.00000E+00    0.00000E+00
 5.50000E+00    0.00000E+00
 6.00000E+00    0.00000E+00
 6.50000E+00    0.00000E+00
 7.00000E+00    0.00000E+00
 7.50000E+00    0.00000E+00
 8.00000E+00    0.00000E+00
 8.50000E+00    0.00000E+00
 9.00000E+00    0.00000E+00
 9.50000E+00    0.00000E+00
 1.00000E+01    0.00000E+00
 1.05000E+01    0.00000E+00
 1.10000E+01    0.00000E+00
 1.15000E+01    0.00000E+00
 1.20000E+01    0.00000E+00
 1.25000E+01    0.00000E+00
 1.30000E+01    0.00000E+00
 1.35000E+01    0.00000E+00
 1.40000E+01    0.00000E+00
 1.45000E+01    0.00000E+00
 1.50000E+01    0.00000E+00
 1.55000E+01    0.00000E+00
 1.60000E+01    0.00000E+00
 1.65000E+01    0.00000E+00
 1.70000E+01    0.00000E+00
 1.75000E+01    0.00000E+00
 1.80000E+01    0.00000E+00
 1.85000E+01    0.00000E+00
 1.90000E+01    0.00000E+00
 1.95000E+01    0.00000E+00
 2.00000E+01    0.00000E+00
 2.00000E+01    0.00000E+00
 2.20000E+01    0.00000E+00
 2.40000E+01    0.00000E+00
 2.60000E+01    0.00000E+00
 2.80000E+01    0.00000E+00
 3.00000E+01    0.00000E+00
 3.50000E+01    0.00000E+00
 4.00000E+01    0.00000E+00
 4.50000E+01    0.00000E+00
 5.00000E+01    0.00000E+00
 5.50000E+01    0.00000E+00
 6.00000E+01    0.00000E+00
 6.50000E+01    0.00000E+00
 7.00000E+01    0.00000E+00
 7.50000E+01    0.00000E+00
 8.00000E+01    0.00000E+00
 8.50000E+01    0.00000E+00
 9.00000E+01    0.00000E+00
 9.50000E+01    0.00000E+00
 1.00000E+02    0.00000E+00
 1.10000E+02    0.00000E+00
 1.20000E+02    0.00000E+00
 1.30000E+02    0.00000E+00
 1.40000E+02    0.00000E+00
 1.50000E+02    0.00000E+00
