# n + Zn 67 : (n,n'08)  
# tendl.2019 A.J. Koning and D. Rochman        EVAL-NOV19
# uncertainties: n
# # energies =    88
#   E(MeV)       xs(mb) 
 9.94607E-01    0.00000E+00
 1.00000E+00    2.01287E+01
 1.00492E+00    2.16029E+01
 1.07598E+00    4.28952E+01
 1.16003E+00    6.80799E+01
 1.20000E+00    8.00565E+01
 1.38414E+00    1.02134E+02
 1.40000E+00    1.04036E+02
 1.42820E+00    1.05336E+02
 1.46788E+00    1.07164E+02
 1.54000E+00    1.10488E+02
 1.56676E+00    1.11721E+02
 1.60000E+00    1.13253E+02
 1.62785E+00    1.12334E+02
 1.66483E+00    1.11114E+02
 1.66776E+00    1.11017E+02
 1.68168E+00    1.10558E+02
 1.70281E+00    1.09861E+02
 1.71223E+00    1.09550E+02
 1.75876E+00    1.08015E+02
 1.80000E+00    1.06654E+02
 1.80707E+00    1.06098E+02
 1.81003E+00    1.05865E+02
 1.82764E+00    1.04479E+02
 1.82916E+00    1.04360E+02
 1.83514E+00    1.03889E+02
 1.87058E+00    1.01101E+02
 1.90368E+00    9.84961E+01
 2.00000E+00    9.09174E+01
 2.20000E+00    7.44342E+01
 2.40000E+00    5.93481E+01
 2.60000E+00    4.68518E+01
 2.80000E+00    3.69984E+01
 3.00000E+00    2.93451E+01
 3.20000E+00    2.34123E+01
 3.40000E+00    1.86987E+01
 3.60000E+00    1.50648E+01
 3.80000E+00    1.21954E+01
 4.00000E+00    9.91159E+00
 4.20000E+00    8.07860E+00
 4.40000E+00    6.59886E+00
 4.60000E+00    5.39834E+00
 4.80000E+00    4.42019E+00
 5.00000E+00    3.62335E+00
 5.20000E+00    2.97158E+00
 5.40000E+00    2.43822E+00
 5.60000E+00    2.00390E+00
 5.80000E+00    1.64634E+00
 6.00000E+00    1.35594E+00
 6.20000E+00    1.11630E+00
 6.40000E+00    9.21945E-01
 6.60000E+00    7.62413E-01
 6.80000E+00    6.30163E-01
 7.00000E+00    5.23186E-01
 7.20000E+00    4.34296E-01
 7.40000E+00    3.61586E-01
 7.60000E+00    3.01838E-01
 7.80000E+00    2.51585E-01
 8.00000E+00    2.10073E-01
 8.50000E+00    1.35038E-01
 9.00000E+00    8.77030E-02
 9.50000E+00    5.75426E-02
 1.00000E+01    3.81087E-02
 1.05000E+01    2.54539E-02
 1.10000E+01    1.71212E-02
 1.15000E+01    1.16018E-02
 1.20000E+01    7.91259E-03
 1.25000E+01    5.42873E-03
 1.30000E+01    3.74574E-03
 1.35000E+01    2.59831E-03
 1.40000E+01    1.81218E-03
 1.45000E+01    1.27017E-03
 1.50000E+01    8.94497E-04
 1.60000E+01    4.49558E-04
 1.70000E+01    2.29308E-04
 1.80000E+01    1.18526E-04
 1.90000E+01    6.20299E-05
 2.00000E+01    3.28619E-05
 2.10000E+01    1.76386E-05
 2.20000E+01    9.59725E-06
 2.30000E+01    5.28491E-06
 2.40000E+01    2.93905E-06
 2.50000E+01    1.63498E-06
 2.60000E+01    9.28330E-07
 2.70000E+01    5.32330E-07
 2.80000E+01    3.07170E-07
 2.90000E+01    1.79160E-07
 3.00000E+01    1.05320E-07
