# n + Xe132 : (n,na)    
# jendl4.0   S.Kunieda, A.Ichihara, K.Shibata+ EVAL-FEB22
# uncertainties: n
# # energies =    29
#   E(MeV)       xs(mb) 
 3.00000E+00    0.00000E+00
 3.25000E+00    1.92900E-35
 3.50000E+00    9.37400E-31
 3.75000E+00    6.87900E-27
 4.00000E+00    3.40700E-24
 4.25000E+00    7.35300E-22
 4.50000E+00    5.45400E-20
 4.75000E+00    2.42300E-18
 5.00000E+00    6.72800E-17
 5.50000E+00    1.84200E-14
 6.00000E+00    1.85600E-12
 6.50000E+00    9.15300E-11
 7.00000E+00    2.65500E-09
 7.50000E+00    5.22900E-08
 8.00000E+00    7.36700E-07
 8.50000E+00    7.52300E-06
 9.00000E+00    5.67600E-05
 9.50000E+00    1.48400E-04
 1.00000E+01    2.63400E-04
 1.10000E+01    1.62600E-03
 1.20000E+01    9.15500E-03
 1.30000E+01    3.81500E-02
 1.40000E+01    1.23500E-01
 1.50000E+01    3.31200E-01
 1.60000E+01    7.66400E-01
 1.70000E+01    1.57900E+00
 1.80000E+01    2.93600E+00
 1.90000E+01    4.98700E+00
 2.00000E+01    7.83800E+00
