# n + Dy164 : (n,n'23)  
# tendl.2019 A.J. Koning and D. Rochman        EVAL-NOV19
# uncertainties: n
# # energies =    69
#   E(MeV)       xs(mb) 
 1.66538E+00    0.00000E+00
 1.67530E+00    3.05876E-05
 1.68500E+00    6.04966E-05
 1.69678E+00    9.68193E-05
 1.72676E+00    1.89261E-04
 1.73592E+00    2.17504E-04
 1.74879E+00    2.57188E-04
 1.75664E+00    2.81393E-04
 1.80000E+00    4.15090E-04
 2.00000E+00    3.25706E-03
 2.20000E+00    9.86753E-03
 2.40000E+00    1.95829E-02
 2.60000E+00    3.05853E-02
 2.80000E+00    4.11510E-02
 3.00000E+00    5.00811E-02
 3.20000E+00    6.25965E-02
 3.40000E+00    6.62288E-02
 3.60000E+00    6.68996E-02
 3.80000E+00    6.51230E-02
 4.00000E+00    6.15117E-02
 4.20000E+00    5.66928E-02
 4.40000E+00    5.11389E-02
 4.60000E+00    4.64404E-02
 4.80000E+00    4.16166E-02
 5.00000E+00    3.54630E-02
 5.20000E+00    3.00319E-02
 5.40000E+00    2.52366E-02
 5.60000E+00    2.10893E-02
 5.80000E+00    1.74949E-02
 6.00000E+00    1.44997E-02
 6.20000E+00    1.19967E-02
 6.40000E+00    9.90987E-03
 6.60000E+00    8.17390E-03
 6.80000E+00    6.75212E-03
 7.00000E+00    5.57085E-03
 7.20000E+00    4.60195E-03
 7.40000E+00    3.79862E-03
 7.60000E+00    3.13275E-03
 7.80000E+00    2.58615E-03
 8.00000E+00    2.13083E-03
 8.50000E+00    1.30999E-03
 9.00000E+00    8.02244E-04
 9.50000E+00    4.90577E-04
 1.00000E+01    3.00222E-04
 1.05000E+01    1.84182E-04
 1.10000E+01    1.13371E-04
 1.15000E+01    7.00891E-05
 1.20000E+01    4.35251E-05
 1.25000E+01    2.71377E-05
 1.30000E+01    1.69961E-05
 1.35000E+01    1.06823E-05
 1.40000E+01    6.74835E-06
 1.45000E+01    4.27592E-06
 1.50000E+01    2.72040E-06
 1.60000E+01    1.11488E-06
 1.70000E+01    4.64030E-07
 1.80000E+01    1.95280E-07
 1.90000E+01    8.39120E-08
 2.00000E+01    3.67600E-08
 2.10000E+01    1.63550E-08
 2.20000E+01    7.36440E-09
 2.30000E+01    3.38060E-09
 2.40000E+01    1.57370E-09
 2.50000E+01    7.45460E-10
 2.60000E+01    3.56040E-10
 2.70000E+01    1.71500E-10
 2.80000E+01    8.32500E-11
 2.90000E+01    4.10060E-11
 3.00000E+01    2.04060E-11
