# p + Zr 92 : (p,t)g    
# tendl.2019 A.J. Koning                       EVAL-OCT19
# uncertainties: y
# # energies =    18
#   E(MeV)       xs(mb)       xslow(mb)      xsupp(mb)
 7.42784E+00    0.00000E+00    0.00000E+00    0.00000E+00
 9.00000E+00    1.10108E-11    0.00000E+00    0.00000E+00
 1.00000E+01    2.36824E-07    0.00000E+00    0.00000E+00
 1.10000E+01    2.78460E-05    0.00000E+00    0.00000E+00
 1.20000E+01    5.23646E-04    0.00000E+00    0.00000E+00
 1.30000E+01    2.98031E-03    0.00000E+00    0.00000E+00
 1.40000E+01    7.08829E-03    0.00000E+00    0.00000E+00
 1.50000E+01    1.69934E-02    0.00000E+00    0.00000E+00
 1.60000E+01    3.22302E-02    0.00000E+00    0.00000E+00
 1.70000E+01    6.03863E-02    0.00000E+00    0.00000E+00
 1.80000E+01    1.18325E-01    0.00000E+00    0.00000E+00
 1.90000E+01    2.11448E-01    0.00000E+00    0.00000E+00
 2.00000E+01    3.37556E-01    0.00000E+00    0.00000E+00
 2.20000E+01    6.30499E-01    0.00000E+00    0.00000E+00
 2.40000E+01    9.12554E-01    0.00000E+00    0.00000E+00
 2.60000E+01    1.15584E+00    0.00000E+00    0.00000E+00
 2.80000E+01    1.24309E+00    0.00000E+00    0.00000E+00
 3.00000E+01    1.24174E+00    0.00000E+00    0.00000E+00
