# n + La138 : (n,p)     
# tendl.2019 A.J. Koning and D. Rochman        EVAL-NOV19
# uncertainties: y
# # energies =   583
#   E(MeV)       xs(mb)       xslow(mb)      xsupp(mb)
 1.00000E-11    2.97171E-01    0.00000E+00    6.35304E-01
 1.03223E-11    2.92495E-01    0.00000E+00    6.25308E-01
 1.06549E-11    2.87894E-01    0.00000E+00    6.15471E-01
 1.09984E-11    2.83363E-01    0.00000E+00    6.05785E-01
 1.13527E-11    2.78906E-01    0.00000E+00    5.96256E-01
 1.17186E-11    2.74516E-01    0.00000E+00    5.86871E-01
 1.20962E-11    2.70198E-01    0.00000E+00    5.77640E-01
 1.24861E-11    2.65946E-01    0.00000E+00    5.68550E-01
 1.28884E-11    2.61763E-01    0.00000E+00    5.59607E-01
 1.33038E-11    2.57643E-01    0.00000E+00    5.50799E-01
 1.37325E-11    2.53590E-01    0.00000E+00    5.42135E-01
 1.41751E-11    2.49600E-01    0.00000E+00    5.33605E-01
 1.46318E-11    2.45673E-01    0.00000E+00    5.25210E-01
 1.51034E-11    2.41807E-01    0.00000E+00    5.16945E-01
 1.55901E-11    2.38003E-01    0.00000E+00    5.08812E-01
 1.60926E-11    2.34258E-01    0.00000E+00    5.00806E-01
 1.66111E-11    2.30573E-01    0.00000E+00    4.92928E-01
 1.71465E-11    2.26944E-01    0.00000E+00    4.85170E-01
 1.76990E-11    2.23374E-01    0.00000E+00    4.77538E-01
 1.82694E-11    2.19859E-01    0.00000E+00    4.70023E-01
 1.88581E-11    2.16400E-01    0.00000E+00    4.62629E-01
 1.94659E-11    2.12995E-01    0.00000E+00    4.55349E-01
 2.00931E-11    2.09644E-01    0.00000E+00    4.48185E-01
 2.07407E-11    2.06345E-01    0.00000E+00    4.41133E-01
 2.14090E-11    2.03099E-01    0.00000E+00    4.34193E-01
 2.20991E-11    1.99903E-01    0.00000E+00    4.27361E-01
 2.28111E-11    1.96759E-01    0.00000E+00    4.20639E-01
 2.35464E-11    1.93662E-01    0.00000E+00    4.14018E-01
 2.43051E-11    1.90616E-01    0.00000E+00    4.07506E-01
 2.50884E-11    1.87616E-01    0.00000E+00    4.01093E-01
 2.58968E-11    1.84665E-01    0.00000E+00    3.94784E-01
 2.67315E-11    1.81759E-01    0.00000E+00    3.88572E-01
 2.75928E-11    1.78899E-01    0.00000E+00    3.82457E-01
 2.84822E-11    1.76084E-01    0.00000E+00    3.76439E-01
 2.93999E-11    1.73314E-01    0.00000E+00    3.70518E-01
 3.03475E-11    1.70587E-01    0.00000E+00    3.64688E-01
 3.13253E-11    1.67903E-01    0.00000E+00    3.58950E-01
 3.23350E-11    1.65261E-01    0.00000E+00    3.53302E-01
 3.33769E-11    1.62661E-01    0.00000E+00    3.47743E-01
 3.44526E-11    1.60102E-01    0.00000E+00    3.42272E-01
 3.55627E-11    1.57583E-01    0.00000E+00    3.36887E-01
 3.67089E-11    1.55103E-01    0.00000E+00    3.31585E-01
 3.78918E-11    1.52663E-01    0.00000E+00    3.26369E-01
 3.91130E-11    1.50261E-01    0.00000E+00    3.21234E-01
 4.03734E-11    1.47897E-01    0.00000E+00    3.16180E-01
 4.16746E-11    1.45570E-01    0.00000E+00    3.11205E-01
 4.30174E-11    1.43280E-01    0.00000E+00    3.06310E-01
 4.44039E-11    1.41025E-01    0.00000E+00    3.01489E-01
 4.58347E-11    1.38806E-01    0.00000E+00    2.96745E-01
 4.73119E-11    1.36622E-01    0.00000E+00    2.92076E-01
 4.88364E-11    1.34473E-01    0.00000E+00    2.87482E-01
 5.04104E-11    1.32357E-01    0.00000E+00    2.82958E-01
 5.20348E-11    1.30275E-01    0.00000E+00    2.78507E-01
 5.37119E-11    1.28225E-01    0.00000E+00    2.74125E-01
 5.54426E-11    1.26207E-01    0.00000E+00    2.69810E-01
 5.72295E-11    1.24222E-01    0.00000E+00    2.65567E-01
 5.90736E-11    1.22267E-01    0.00000E+00    2.61387E-01
 6.09775E-11    1.20343E-01    0.00000E+00    2.57274E-01
 6.29424E-11    1.18450E-01    0.00000E+00    2.53227E-01
 6.49710E-11    1.16586E-01    0.00000E+00    2.49242E-01
 6.70645E-11    1.14752E-01    0.00000E+00    2.45321E-01
 6.92260E-11    1.12946E-01    0.00000E+00    2.41460E-01
 7.14566E-11    1.11169E-01    0.00000E+00    2.37662E-01
 7.37596E-11    1.09420E-01    0.00000E+00    2.33922E-01
 7.61364E-11    1.07699E-01    0.00000E+00    2.30243E-01
 7.85902E-11    1.06004E-01    0.00000E+00    2.26620E-01
 8.11227E-11    1.04336E-01    0.00000E+00    2.23054E-01
 8.37372E-11    1.02695E-01    0.00000E+00    2.19545E-01
 8.64355E-11    1.01079E-01    0.00000E+00    2.16091E-01
 8.92212E-11    9.94885E-02    0.00000E+00    2.12690E-01
 9.20962E-11    9.79233E-02    0.00000E+00    2.09344E-01
 9.50644E-11    9.63825E-02    0.00000E+00    2.06050E-01
 9.81277E-11    9.48661E-02    0.00000E+00    2.02809E-01
 1.01291E-10    9.33732E-02    0.00000E+00    1.99617E-01
 1.04554E-10    9.19044E-02    0.00000E+00    1.96477E-01
 1.07924E-10    9.04581E-02    0.00000E+00    1.93385E-01
 1.11402E-10    8.90351E-02    0.00000E+00    1.90343E-01
 1.14992E-10    8.76340E-02    0.00000E+00    1.87347E-01
 1.18697E-10    8.62555E-02    0.00000E+00    1.84400E-01
 1.22523E-10    8.48981E-02    0.00000E+00    1.81499E-01
 1.26471E-10    8.35625E-02    0.00000E+00    1.78643E-01
 1.30547E-10    8.22475E-02    0.00000E+00    1.75832E-01
 1.34754E-10    8.09537E-02    0.00000E+00    1.73066E-01
 1.39097E-10    7.96798E-02    0.00000E+00    1.70343E-01
 1.43579E-10    7.84263E-02    0.00000E+00    1.67663E-01
 1.48207E-10    7.71922E-02    0.00000E+00    1.65025E-01
 1.52982E-10    7.59779E-02    0.00000E+00    1.62429E-01
 1.57913E-10    7.47822E-02    0.00000E+00    1.59872E-01
 1.63001E-10    7.36058E-02    0.00000E+00    1.57357E-01
 1.68254E-10    7.24475E-02    0.00000E+00    1.54881E-01
 1.73676E-10    7.13078E-02    0.00000E+00    1.52445E-01
 1.79274E-10    7.01857E-02    0.00000E+00    1.50046E-01
 1.85050E-10    6.90816E-02    0.00000E+00    1.47685E-01
 1.91014E-10    6.79945E-02    0.00000E+00    1.45361E-01
 1.97169E-10    6.69249E-02    0.00000E+00    1.43075E-01
 2.03524E-10    6.58717E-02    0.00000E+00    1.40823E-01
 2.10082E-10    6.48355E-02    0.00000E+00    1.38608E-01
 2.16853E-10    6.38152E-02    0.00000E+00    1.36427E-01
 2.23840E-10    6.28113E-02    0.00000E+00    1.34281E-01
 2.31055E-10    6.18229E-02    0.00000E+00    1.32167E-01
 2.38500E-10    6.08503E-02    0.00000E+00    1.30088E-01
 2.46187E-10    5.98928E-02    0.00000E+00    1.28041E-01
 2.54120E-10    5.89506E-02    0.00000E+00    1.26027E-01
 2.62310E-10    5.80229E-02    0.00000E+00    1.24044E-01
 2.70762E-10    5.71101E-02    0.00000E+00    1.22092E-01
 2.79489E-10    5.62114E-02    0.00000E+00    1.20171E-01
 2.88494E-10    5.53271E-02    0.00000E+00    1.18280E-01
 2.97793E-10    5.44565E-02    0.00000E+00    1.16419E-01
 3.07388E-10    5.35998E-02    0.00000E+00    1.14588E-01
 3.17295E-10    5.27564E-02    0.00000E+00    1.12785E-01
 3.27519E-10    5.19264E-02    0.00000E+00    1.11010E-01
 3.38075E-10    5.11093E-02    0.00000E+00    1.09264E-01
 3.48969E-10    5.03053E-02    0.00000E+00    1.07545E-01
 3.60216E-10    4.95137E-02    0.00000E+00    1.05852E-01
 3.71823E-10    4.87347E-02    0.00000E+00    1.04187E-01
 3.83807E-10    4.79679E-02    0.00000E+00    1.02548E-01
 3.96174E-10    4.72132E-02    0.00000E+00    1.00934E-01
 4.08943E-10    4.64703E-02    0.00000E+00    9.93461E-02
 4.22120E-10    4.57392E-02    0.00000E+00    9.77831E-02
 4.35725E-10    4.50195E-02    0.00000E+00    9.62445E-02
 4.49765E-10    4.43112E-02    0.00000E+00    9.47303E-02
 4.64261E-10    4.36140E-02    0.00000E+00    9.32398E-02
 4.79221E-10    4.29278E-02    0.00000E+00    9.17728E-02
 4.94666E-10    4.22524E-02    0.00000E+00    9.03289E-02
 5.10605E-10    4.15876E-02    0.00000E+00    8.89076E-02
 5.27062E-10    4.09332E-02    0.00000E+00    8.75086E-02
 5.44045E-10    4.02893E-02    0.00000E+00    8.61321E-02
 5.61580E-10    3.96553E-02    0.00000E+00    8.47767E-02
 5.79675E-10    3.90314E-02    0.00000E+00    8.34429E-02
 5.98358E-10    3.84172E-02    0.00000E+00    8.21298E-02
 6.17639E-10    3.78129E-02    0.00000E+00    8.08379E-02
 6.37545E-10    3.72179E-02    0.00000E+00    7.95659E-02
 6.58089E-10    3.66323E-02    0.00000E+00    7.83140E-02
 6.79298E-10    3.60559E-02    0.00000E+00    7.70817E-02
 7.01188E-10    3.54887E-02    0.00000E+00    7.58692E-02
 7.23786E-10    3.49302E-02    0.00000E+00    7.46752E-02
 7.47109E-10    3.43807E-02    0.00000E+00    7.35004E-02
 7.71188E-10    3.38397E-02    0.00000E+00    7.23439E-02
 7.96038E-10    3.33073E-02    0.00000E+00    7.12057E-02
 8.21693E-10    3.27832E-02    0.00000E+00    7.00852E-02
 8.48171E-10    3.22675E-02    0.00000E+00    6.89828E-02
 8.75507E-10    3.17597E-02    0.00000E+00    6.78972E-02
 9.03719E-10    3.12601E-02    0.00000E+00    6.68291E-02
 9.32845E-10    3.07682E-02    0.00000E+00    6.57775E-02
 9.62904E-10    3.02841E-02    0.00000E+00    6.47426E-02
 9.93937E-10    2.98076E-02    0.00000E+00    6.37239E-02
 1.02597E-09    2.93387E-02    0.00000E+00    6.27214E-02
 1.05903E-09    2.88770E-02    0.00000E+00    6.17344E-02
 1.09316E-09    2.84227E-02    0.00000E+00    6.07632E-02
 1.12839E-09    2.79755E-02    0.00000E+00    5.98071E-02
 1.16475E-09    2.75354E-02    0.00000E+00    5.88663E-02
 1.20229E-09    2.71021E-02    0.00000E+00    5.79400E-02
 1.24103E-09    2.66757E-02    0.00000E+00    5.70284E-02
 1.28103E-09    2.62560E-02    0.00000E+00    5.61311E-02
 1.32231E-09    2.58429E-02    0.00000E+00    5.52480E-02
 1.36492E-09    2.54362E-02    0.00000E+00    5.43785E-02
 1.40890E-09    2.50361E-02    0.00000E+00    5.35232E-02
 1.45431E-09    2.46421E-02    0.00000E+00    5.26809E-02
 1.50117E-09    2.42544E-02    0.00000E+00    5.18520E-02
 1.54956E-09    2.38728E-02    0.00000E+00    5.10362E-02
 1.59949E-09    2.34972E-02    0.00000E+00    5.02333E-02
 1.65104E-09    2.31275E-02    0.00000E+00    4.94429E-02
 1.70424E-09    2.27636E-02    0.00000E+00    4.86649E-02
 1.75917E-09    2.24054E-02    0.00000E+00    4.78992E-02
 1.81585E-09    2.20529E-02    0.00000E+00    4.71456E-02
 1.87438E-09    2.17059E-02    0.00000E+00    4.64037E-02
 1.93477E-09    2.13645E-02    0.00000E+00    4.56739E-02
 1.99713E-09    2.10283E-02    0.00000E+00    4.49551E-02
 2.06148E-09    2.06975E-02    0.00000E+00    4.42479E-02
 2.12792E-09    2.03718E-02    0.00000E+00    4.35516E-02
 2.19649E-09    2.00513E-02    0.00000E+00    4.28665E-02
 2.26728E-09    1.97358E-02    0.00000E+00    4.21920E-02
 2.34034E-09    1.94253E-02    0.00000E+00    4.15282E-02
 2.41577E-09    1.91196E-02    0.00000E+00    4.08746E-02
 2.49362E-09    1.88188E-02    0.00000E+00    4.02316E-02
 2.57398E-09    1.85227E-02    0.00000E+00    3.95986E-02
 2.65692E-09    1.82313E-02    0.00000E+00    3.89756E-02
 2.74255E-09    1.79444E-02    0.00000E+00    3.83623E-02
 2.83093E-09    1.76621E-02    0.00000E+00    3.77587E-02
 2.92217E-09    1.73842E-02    0.00000E+00    3.71646E-02
 3.01633E-09    1.71107E-02    0.00000E+00    3.65799E-02
 3.11354E-09    1.68415E-02    0.00000E+00    3.60044E-02
 3.21387E-09    1.65765E-02    0.00000E+00    3.54379E-02
 3.31745E-09    1.63157E-02    0.00000E+00    3.48804E-02
 3.42435E-09    1.60590E-02    0.00000E+00    3.43316E-02
 3.53471E-09    1.58064E-02    0.00000E+00    3.37916E-02
 3.64861E-09    1.55577E-02    0.00000E+00    3.32599E-02
 3.76620E-09    1.53130E-02    0.00000E+00    3.27367E-02
 3.88757E-09    1.50721E-02    0.00000E+00    3.22217E-02
 4.01286E-09    1.48350E-02    0.00000E+00    3.17149E-02
 4.14217E-09    1.46017E-02    0.00000E+00    3.12161E-02
 4.27566E-09    1.43720E-02    0.00000E+00    3.07250E-02
 4.41344E-09    1.41460E-02    0.00000E+00    3.02419E-02
 4.55568E-09    1.39236E-02    0.00000E+00    2.97664E-02
 4.70248E-09    1.37047E-02    0.00000E+00    2.92985E-02
 4.85404E-09    1.34893E-02    0.00000E+00    2.88380E-02
 5.01045E-09    1.32773E-02    0.00000E+00    2.83847E-02
 5.17193E-09    1.30687E-02    0.00000E+00    2.79388E-02
 5.33859E-09    1.28635E-02    0.00000E+00    2.75001E-02
 5.51065E-09    1.26615E-02    0.00000E+00    2.70683E-02
 5.68822E-09    1.24628E-02    0.00000E+00    2.66435E-02
 5.87154E-09    1.22673E-02    0.00000E+00    2.62255E-02
 6.06075E-09    1.20750E-02    0.00000E+00    2.58144E-02
 6.25608E-09    1.18857E-02    0.00000E+00    2.54097E-02
 6.45767E-09    1.16996E-02    0.00000E+00    2.50119E-02
 6.66579E-09    1.15164E-02    0.00000E+00    2.46202E-02
 6.88059E-09    1.13362E-02    0.00000E+00    2.42350E-02
 7.10234E-09    1.11588E-02    0.00000E+00    2.38557E-02
 7.33121E-09    1.09843E-02    0.00000E+00    2.34827E-02
 7.56748E-09    1.08126E-02    0.00000E+00    2.31156E-02
 7.81133E-09    1.06436E-02    0.00000E+00    2.27543E-02
 8.06308E-09    1.04772E-02    0.00000E+00    2.23986E-02
 8.32291E-09    1.03134E-02    0.00000E+00    2.20484E-02
 8.59114E-09    1.01521E-02    0.00000E+00    2.17036E-02
 8.86798E-09    9.99325E-03    0.00000E+00    2.13640E-02
 9.15378E-09    9.83681E-03    0.00000E+00    2.10295E-02
 9.44875E-09    9.68276E-03    0.00000E+00    2.07002E-02
 9.75327E-09    9.53101E-03    0.00000E+00    2.03758E-02
 1.00676E-08    9.38157E-03    0.00000E+00    2.00563E-02
 1.03920E-08    9.23435E-03    0.00000E+00    1.97416E-02
 1.07269E-08    9.08939E-03    0.00000E+00    1.94317E-02
 1.10726E-08    8.94661E-03    0.00000E+00    1.91264E-02
 1.14294E-08    8.80604E-03    0.00000E+00    1.88259E-02
 1.17978E-08    8.66761E-03    0.00000E+00    1.85300E-02
 1.21779E-08    8.53134E-03    0.00000E+00    1.82386E-02
 1.25704E-08    8.39717E-03    0.00000E+00    1.79518E-02
 1.29755E-08    8.26512E-03    0.00000E+00    1.76695E-02
 1.33937E-08    8.13512E-03    0.00000E+00    1.73916E-02
 1.38253E-08    8.00721E-03    0.00000E+00    1.71181E-02
 1.42708E-08    7.88133E-03    0.00000E+00    1.68490E-02
 1.47307E-08    7.75750E-03    0.00000E+00    1.65843E-02
 1.52054E-08    7.63569E-03    0.00000E+00    1.63239E-02
 1.56954E-08    7.51593E-03    0.00000E+00    1.60679E-02
 1.62012E-08    7.39819E-03    0.00000E+00    1.58161E-02
 1.67233E-08    7.28251E-03    0.00000E+00    1.55688E-02
 1.72623E-08    7.16885E-03    0.00000E+00    1.53259E-02
 1.78185E-08    7.05722E-03    0.00000E+00    1.50872E-02
 1.83928E-08    6.94752E-03    0.00000E+00    1.48527E-02
 1.89855E-08    6.83970E-03    0.00000E+00    1.46222E-02
 1.95974E-08    6.73357E-03    0.00000E+00    1.43953E-02
 2.02289E-08    6.62898E-03    0.00000E+00    1.41717E-02
 2.09250E-08    6.51884E-03    0.00000E+00    1.39362E-02
 2.16450E-08    6.40996E-03    0.00000E+00    1.37035E-02
 2.23899E-08    6.30220E-03    0.00000E+00    1.34731E-02
 2.31603E-08    6.19551E-03    0.00000E+00    1.32450E-02
 2.39573E-08    6.09004E-03    0.00000E+00    1.30195E-02
 2.47294E-08    5.99245E-03    0.00000E+00    1.28109E-02
 2.52522E-08    5.92890E-03    0.00000E+00    1.26750E-02
 2.53000E-08    5.92320E-03    0.00000E+00    1.26628E-02
 2.60602E-08    5.83462E-03    0.00000E+00    1.24735E-02
 2.68432E-08    5.74763E-03    0.00000E+00    1.22875E-02
 2.76497E-08    5.66228E-03    0.00000E+00    1.21050E-02
 2.84804E-08    5.57855E-03    0.00000E+00    1.19260E-02
 2.93362E-08    5.49635E-03    0.00000E+00    1.17503E-02
 3.02816E-08    5.40983E-03    0.00000E+00    1.15653E-02
 3.12574E-08    5.32480E-03    0.00000E+00    1.13835E-02
 3.22648E-08    5.24113E-03    0.00000E+00    1.12047E-02
 3.33045E-08    5.15878E-03    0.00000E+00    1.10286E-02
 3.43778E-08    5.07768E-03    0.00000E+00    1.08552E-02
 3.54856E-08    4.99783E-03    0.00000E+00    1.06845E-02
 3.66293E-08    4.91920E-03    0.00000E+00    1.05164E-02
 3.78096E-08    4.84181E-03    0.00000E+00    1.03510E-02
 3.90282E-08    4.76564E-03    0.00000E+00    1.01882E-02
 4.02858E-08    4.69068E-03    0.00000E+00    1.00279E-02
 4.15842E-08    4.61688E-03    0.00000E+00    9.87013E-03
 4.29242E-08    4.54423E-03    0.00000E+00    9.71482E-03
 4.43075E-08    4.47270E-03    0.00000E+00    9.56190E-03
 4.57353E-08    4.40233E-03    0.00000E+00    9.41146E-03
 4.72093E-08    4.33308E-03    0.00000E+00    9.26341E-03
 4.87306E-08    4.26494E-03    0.00000E+00    9.11774E-03
 5.03011E-08    4.19783E-03    0.00000E+00    8.97427E-03
 5.19220E-08    4.13175E-03    0.00000E+00    8.83300E-03
 5.35953E-08    4.06669E-03    0.00000E+00    8.69391E-03
 5.53224E-08    4.00273E-03    0.00000E+00    8.55718E-03
 5.71053E-08    3.93981E-03    0.00000E+00    8.42267E-03
 5.89455E-08    3.87787E-03    0.00000E+00    8.29025E-03
 6.08452E-08    3.81682E-03    0.00000E+00    8.15973E-03
 6.28059E-08    3.75668E-03    0.00000E+00    8.03116E-03
 6.48300E-08    3.69753E-03    0.00000E+00    7.90471E-03
 6.69191E-08    3.63943E-03    0.00000E+00    7.78050E-03
 6.90758E-08    3.58228E-03    0.00000E+00    7.65833E-03
 7.13017E-08    3.52594E-03    0.00000E+00    7.53788E-03
 7.35997E-08    3.47034E-03    0.00000E+00    7.41902E-03
 7.59713E-08    3.41560E-03    0.00000E+00    7.30199E-03
 7.82540E-08    3.36543E-03    0.00000E+00    7.19474E-03
 8.07760E-08    3.31265E-03    0.00000E+00    7.08190E-03
 8.35556E-08    3.25724E-03    0.00000E+00    6.96344E-03
 8.64308E-08    3.20249E-03    0.00000E+00    6.84640E-03
 8.92160E-08    3.15187E-03    0.00000E+00    6.73818E-03
 9.18965E-08    3.10547E-03    0.00000E+00    6.63898E-03
 9.46576E-08    3.06000E-03    0.00000E+00    6.54178E-03
 9.77083E-08    3.01214E-03    0.00000E+00    6.43946E-03
 1.01071E-07    2.96167E-03    0.00000E+00    6.33156E-03
 1.04549E-07    2.91168E-03    0.00000E+00    6.22469E-03
 1.07690E-07    2.86864E-03    0.00000E+00    6.13268E-03
 1.10925E-07    2.82654E-03    0.00000E+00    6.04268E-03
 1.14258E-07    2.78535E-03    0.00000E+00    5.95462E-03
 1.18190E-07    2.73893E-03    0.00000E+00    5.85538E-03
 1.22516E-07    2.68992E-03    0.00000E+00    5.75061E-03
 1.26464E-07    2.64715E-03    0.00000E+00    5.65917E-03
 1.29988E-07    2.61087E-03    0.00000E+00    5.58161E-03
 1.33611E-07    2.57549E-03    0.00000E+00    5.50597E-03
 1.37917E-07    2.53548E-03    0.00000E+00    5.42044E-03
 1.43267E-07    2.48777E-03    0.00000E+00    5.31844E-03
 1.48197E-07    2.44550E-03    0.00000E+00    5.22808E-03
 1.52328E-07    2.41173E-03    0.00000E+00    5.15588E-03
 1.56573E-07    2.37888E-03    0.00000E+00    5.08565E-03
 1.61277E-07    2.34446E-03    0.00000E+00    5.01207E-03
 1.67534E-07    2.30076E-03    0.00000E+00    4.91865E-03
 1.74402E-07    2.25450E-03    0.00000E+00    4.81975E-03
 1.79643E-07    2.22078E-03    0.00000E+00    4.74766E-03
 1.84259E-07    2.19267E-03    0.00000E+00    4.68757E-03
 1.89394E-07    2.16318E-03    0.00000E+00    4.62452E-03
 1.96326E-07    2.12541E-03    0.00000E+00    4.54378E-03
 2.05675E-07    2.07625E-03    0.00000E+00    4.43868E-03
 2.11855E-07    2.04501E-03    0.00000E+00    4.37189E-03
 2.17299E-07    2.01894E-03    0.00000E+00    4.31616E-03
 2.22884E-07    1.99378E-03    0.00000E+00    4.26237E-03
 2.30066E-07    1.96323E-03    0.00000E+00    4.19706E-03
 2.42556E-07    1.91213E-03    0.00000E+00    4.08782E-03
 2.50902E-07    1.87916E-03    0.00000E+00    4.01733E-03
 2.57350E-07    1.85506E-03    0.00000E+00    3.96581E-03
 2.63406E-07    1.83383E-03    0.00000E+00    3.92043E-03
 2.71320E-07    1.80769E-03    0.00000E+00    3.86454E-03
 2.87262E-07    1.75721E-03    0.00000E+00    3.75663E-03
 2.97146E-07    1.72679E-03    0.00000E+00    3.69159E-03
 3.04138E-07    1.70633E-03    0.00000E+00    3.64785E-03
 3.11296E-07    1.68669E-03    0.00000E+00    3.60587E-03
 3.19971E-07    1.66440E-03    0.00000E+00    3.55821E-03
 3.39488E-07    1.61658E-03    0.00000E+00    3.45598E-03
 3.52658E-07    1.58506E-03    0.00000E+00    3.38860E-03
 3.60958E-07    1.56618E-03    0.00000E+00    3.34824E-03
 3.68672E-07    1.54974E-03    0.00000E+00    3.31309E-03
 3.78146E-07    1.53086E-03    0.00000E+00    3.27273E-03
 4.01211E-07    1.48718E-03    0.00000E+00    3.17935E-03
 4.18542E-07    1.45498E-03    0.00000E+00    3.11051E-03
 4.28391E-07    1.43755E-03    0.00000E+00    3.07325E-03
 4.37546E-07    1.42244E-03    0.00000E+00    3.04094E-03
 4.48790E-07    1.40518E-03    0.00000E+00    3.00404E-03
 4.83265E-07    1.35490E-03    0.00000E+00    2.89655E-03
 5.00952E-07    1.32966E-03    0.00000E+00    2.84259E-03
 5.11657E-07    1.31524E-03    0.00000E+00    2.81177E-03
 5.21489E-07    1.30291E-03    0.00000E+00    2.78541E-03
 5.34891E-07    1.28723E-03    0.00000E+00    2.75189E-03
 5.88286E-07    1.22736E-03    0.00000E+00    2.62389E-03
 6.02131E-07    1.21246E-03    0.00000E+00    2.59204E-03
 6.13699E-07    1.20084E-03    0.00000E+00    2.56720E-03
 6.26814E-07    1.18867E-03    0.00000E+00    2.54118E-03
 6.59445E-07    1.16015E-03    0.00000E+00    2.48021E-03
 7.04121E-07    1.12162E-03    0.00000E+00    2.39784E-03
 7.19169E-07    1.10927E-03    0.00000E+00    2.37144E-03
 7.31438E-07    1.09992E-03    0.00000E+00    2.35145E-03
 7.47069E-07    1.08889E-03    0.00000E+00    2.32787E-03
 8.32136E-07    1.03191E-03    0.00000E+00    2.20605E-03
 8.51720E-07    1.01927E-03    0.00000E+00    2.17903E-03
 8.66250E-07    1.01053E-03    0.00000E+00    2.16035E-03
 8.84762E-07    1.00025E-03    0.00000E+00    2.13837E-03
 9.73084E-07    9.53815E-04    0.00000E+00    2.03910E-03
 9.91782E-07    9.44428E-04    0.00000E+00    2.01903E-03
 1.00657E-06    9.37532E-04    0.00000E+00    2.00429E-03
 1.02797E-06    9.28361E-04    0.00000E+00    1.98468E-03
 1.19084E-06    8.62344E-04    0.00000E+00    1.84355E-03
 1.22468E-06    8.49913E-04    0.00000E+00    1.81697E-03
 1.32281E-06    8.19251E-04    0.00000E+00    1.75142E-03
 1.43881E-06    7.84022E-04    0.00000E+00    1.67611E-03
 1.52174E-06    7.63498E-04    0.00000E+00    1.63223E-03
 1.71414E-06    7.18252E-04    0.00000E+00    1.53550E-03
 2.04226E-06    6.58000E-04    0.00000E+00    1.40670E-03
 2.43307E-06    6.02839E-04    0.00000E+00    1.28877E-03
 2.87850E-06    5.54189E-04    0.00000E+00    1.18477E-03
 3.42949E-06    5.07720E-04    0.00000E+00    1.08542E-03
 4.05734E-06    4.66751E-04    0.00000E+00    9.97837E-04
 4.83375E-06    4.27622E-04    0.00000E+00    9.14185E-04
 5.75902E-06    3.91722E-04    0.00000E+00    8.37437E-04
 6.33017E-06    3.73917E-04    0.00000E+00    7.99373E-04
 6.35241E-06    3.73621E-04    0.00000E+00    7.98740E-04
 6.40000E-06    3.74508E-04    1.54814E-04    5.94202E-04
 6.44515E-06    3.77834E-04    1.56189E-04    5.99479E-04
 6.53608E-06    3.88399E-04    1.60556E-04    6.16242E-04
 8.06458E-06    5.78369E-04    2.39086E-04    9.17652E-04
 8.95783E-06    7.13208E-04    2.94826E-04    1.13159E-03
 1.00202E-05    8.75306E-04    3.61834E-04    1.38878E-03
 1.13667E-05    1.11356E-03    4.60323E-04    1.76680E-03
 1.35425E-05    1.55606E-03    6.43244E-04    2.46888E-03
 1.60218E-05    2.14527E-03    8.86812E-04    3.40373E-03
 1.85604E-05    2.84875E-03    1.17762E-03    4.51988E-03
 1.90878E-05    2.99697E-03    1.23889E-03    4.75505E-03
 2.25822E-05    4.13235E-03    1.70823E-03    6.55647E-03
 2.38838E-05    4.62199E-03    1.91064E-03    7.33334E-03
 2.69049E-05    5.77299E-03    2.38644E-03    9.15954E-03
 3.19019E-05    7.98634E-03    3.30139E-03    1.26713E-02
 3.20564E-05    8.01483E-03    3.31317E-03    1.27165E-02
 3.24515E-05    7.96454E-03    3.29238E-03    1.26367E-02
 3.81254E-05    7.06747E-03    2.92155E-03    1.12134E-02
 4.51051E-05    6.24470E-03    2.58143E-03    9.90797E-03
 5.37364E-05    5.49003E-03    2.26947E-03    8.71059E-03
 6.35741E-05    4.85148E-03    2.00550E-03    7.69746E-03
 7.57434E-05    4.26460E-03    1.76290E-03    6.76630E-03
 9.02376E-05    3.74936E-03    1.54991E-03    5.94881E-03
 1.00238E-04    3.47055E-03    1.43466E-03    5.50644E-03
 1.27193E-04    2.88986E-03    1.19461E-03    4.58511E-03
 1.50479E-04    2.53930E-03    1.04970E-03    4.02890E-03
 1.78982E-04    2.22216E-03    9.18597E-04    3.52572E-03
 2.00000E-04    2.04049E-03    8.43498E-04    3.23748E-03
 3.00000E-04    1.48506E-03    5.50255E-04    2.41986E-03
 6.00000E-04    8.57619E-04    3.17771E-04    1.39747E-03
 1.00000E-03    5.73568E-04    2.12523E-04    9.34613E-04
 2.00000E-03    3.40491E-04    5.57916E-05    6.25190E-04
 3.00000E-03    2.58324E-04    4.23281E-05    4.74320E-04
 6.00000E-03    1.76107E-04    3.17418E-05    3.20472E-04
 1.00000E-02    1.45477E-04    2.62210E-05    2.64733E-04
 2.00000E-02    1.25051E-04    2.25394E-05    2.27563E-04
 3.02116E-02    1.18912E-04    4.59160E-05    1.91908E-04
 6.00000E-02    1.17343E-04    4.53102E-05    1.89376E-04
 1.00000E-01    9.77881E-05    3.77593E-05    1.57817E-04
 2.00000E-01    7.45552E-05    0.00000E+00    1.60741E-04
 3.00000E-01    6.64242E-05    0.00000E+00    1.43211E-04
 4.00000E-01    8.68889E-05    0.00000E+00    1.87333E-04
 5.00000E-01    1.10660E-04    0.00000E+00    2.38584E-04
 6.00000E-01    1.45372E-04    0.00000E+00    2.97291E-04
 6.99969E-01    1.94176E-04    0.00000E+00    3.97097E-04
 8.00000E-01    2.61065E-04    0.00000E+00    5.33887E-04
 9.00000E-01    3.36384E-04    0.00000E+00    6.87917E-04
 1.00000E+00    4.37304E-04    1.24896E-04    7.49712E-04
 1.20000E+00    1.12993E-03    3.22713E-04    1.93715E-03
 1.40000E+00    1.86956E-03    5.33955E-04    3.20517E-03
 1.60000E+00    3.03416E-03    8.66570E-04    5.20175E-03
 1.80000E+00    3.78402E-03    1.39590E-03    6.17214E-03
 2.00000E+00    8.05206E-03    2.97034E-03    1.31338E-02
 2.20000E+00    9.62432E-03    3.55034E-03    1.56983E-02
 2.40000E+00    1.17689E-02    4.34146E-03    1.91963E-02
 2.60000E+00    2.09202E-02    8.34627E-03    3.34941E-02
 2.80000E+00    2.88605E-02    1.15141E-02    4.62069E-02
 3.00000E+00    4.65833E-02    1.85848E-02    7.45818E-02
 3.20000E+00    4.93829E-02    1.97017E-02    7.90641E-02
 3.40000E+00    6.63471E-02    2.64697E-02    1.06225E-01
 3.60000E+00    9.57897E-02    3.82160E-02    1.53363E-01
 3.80000E+00    1.31360E-01    5.24071E-02    2.10313E-01
 4.00000E+00    1.34078E-01    5.34914E-02    2.14665E-01
 4.40000E+00    2.35647E-01    9.40132E-02    3.77281E-01
 4.60000E+00    2.94586E-01    1.36047E-01    4.53125E-01
 4.80000E+00    3.88084E-01    1.79227E-01    5.96941E-01
 5.00000E+00    3.88136E-01    1.79251E-01    5.97021E-01
 5.23668E+00    5.13747E-01    2.37261E-01    7.90233E-01
 5.40000E+00    5.99095E-01    2.76677E-01    9.21513E-01
 5.60000E+00    6.95659E-01    3.21272E-01    1.07005E+00
 5.80000E+00    8.84530E-01    4.08498E-01    1.36056E+00
 6.00000E+00    8.97030E-01    4.14270E-01    1.37979E+00
 6.20000E+00    1.08978E+00    5.03286E-01    1.67627E+00
 6.40000E+00    1.26901E+00    5.86058E-01    1.95196E+00
 6.60000E+00    1.41931E+00    6.99234E-01    2.13938E+00
 6.80000E+00    1.73866E+00    8.56568E-01    2.62076E+00
 7.00000E+00    1.79565E+00    8.84641E-01    2.70665E+00
 7.20000E+00    2.11129E+00    1.04015E+00    3.18244E+00
 7.40000E+00    2.37634E+00    1.17072E+00    3.58195E+00
 7.60000E+00    2.60401E+00    1.28289E+00    3.92514E+00
 7.80000E+00    3.07057E+00    1.51275E+00    4.62840E+00
 8.00000E+00    3.21303E+00    1.58293E+00    4.84314E+00
 8.50000E+00    4.14357E+00    2.04136E+00    6.24577E+00
 9.00000E+00    5.22277E+00    2.67939E+00    7.76614E+00
 9.50000E+00    6.45092E+00    3.30946E+00    9.59238E+00
 1.00000E+01    7.82605E+00    4.01493E+00    1.16372E+01
 1.01411E+01    8.25493E+00    4.23496E+00    1.22749E+01
 1.02842E+01    8.68988E+00    4.45809E+00    1.29217E+01
 1.04292E+01    9.13095E+00    4.68438E+00    1.35775E+01
 1.05000E+01    9.34605E+00    4.79473E+00    1.38974E+01
 1.06481E+01    9.83853E+00    5.04738E+00    1.46297E+01
 1.07984E+01    1.03380E+01    5.30359E+00    1.53723E+01
 1.09507E+01    1.08444E+01    5.56343E+00    1.61254E+01
 1.10000E+01    1.10083E+01    5.64750E+00    1.63691E+01
 1.11552E+01    1.15644E+01    5.93281E+00    1.71961E+01
 1.13126E+01    1.21284E+01    6.22214E+00    1.80347E+01
 1.14722E+01    1.27004E+01    6.51556E+00    1.88852E+01
 1.15000E+01    1.28001E+01    6.56673E+00    1.90335E+01
 1.16622E+01    1.34211E+01    6.88530E+00    1.99568E+01
 1.18268E+01    1.40508E+01    7.20837E+00    2.08932E+01
 1.19936E+01    1.46894E+01    7.53599E+00    2.18429E+01
 1.20000E+01    1.47138E+01    7.54850E+00    2.18791E+01
 1.21693E+01    1.53939E+01    7.89741E+00    2.28904E+01
 1.23410E+01    1.60836E+01    8.25124E+00    2.39160E+01
 1.25000E+01    1.67224E+01    8.57895E+00    2.48658E+01
 1.26764E+01    1.74664E+01    8.96064E+00    2.59722E+01
 1.28552E+01    1.82209E+01    9.34771E+00    2.70941E+01
 1.30000E+01    1.88318E+01    9.86879E+00    2.77948E+01
 1.31834E+01    1.96048E+01    1.02739E+01    2.89357E+01
 1.33694E+01    2.03887E+01    1.06847E+01    3.00927E+01
 1.35000E+01    2.09391E+01    1.09731E+01    3.09051E+01
 1.36905E+01    2.17595E+01    1.14031E+01    3.21160E+01
 1.38836E+01    2.25915E+01    1.18391E+01    3.33440E+01
 1.40000E+01    2.30929E+01    1.21018E+01    3.40840E+01
 1.41975E+01    2.39090E+01    1.25295E+01    3.52885E+01
 1.43978E+01    2.47366E+01    1.29632E+01    3.65100E+01
 1.45000E+01    2.51588E+01    1.31845E+01    3.71331E+01
 1.47046E+01    2.59463E+01    1.35971E+01    3.82955E+01
 1.49120E+01    2.67449E+01    1.40157E+01    3.94742E+01
 1.50000E+01    2.70836E+01    1.41931E+01    3.99741E+01
 1.52116E+01    2.78239E+01    1.45811E+01    4.10667E+01
 1.54262E+01    2.85746E+01    1.49745E+01    4.21748E+01
 1.56439E+01    2.93360E+01    1.53735E+01    4.32985E+01
 1.58646E+01    3.01081E+01    1.57781E+01    4.44380E+01
 1.60000E+01    3.05818E+01    1.62401E+01    4.49235E+01
 1.62257E+01    3.12090E+01    1.65732E+01    4.58448E+01
 1.64546E+01    3.18450E+01    1.69110E+01    4.67791E+01
 1.66868E+01    3.24901E+01    1.72535E+01    4.77266E+01
 1.69222E+01    3.31442E+01    1.76009E+01    4.86875E+01
 1.70000E+01    3.33603E+01    1.77156E+01    4.90050E+01
 1.72398E+01    3.38399E+01    1.79703E+01    4.97095E+01
 1.74831E+01    3.43263E+01    1.82286E+01    5.04240E+01
 1.77297E+01    3.48195E+01    1.84905E+01    5.11485E+01
 1.79799E+01    3.53197E+01    1.87562E+01    5.18833E+01
 1.80000E+01    3.53600E+01    1.87776E+01    5.19424E+01
 1.82539E+01    3.56942E+01    1.89550E+01    5.24333E+01
 1.85115E+01    3.60331E+01    1.91350E+01    5.29311E+01
 1.87726E+01    3.63767E+01    1.93175E+01    5.34360E+01
 1.90000E+01    3.66759E+01    1.94764E+01    5.38755E+01
 1.92681E+01    3.72063E+01    1.97580E+01    5.46545E+01
 1.95399E+01    3.77441E+01    2.00436E+01    5.54446E+01
 1.98156E+01    3.82896E+01    2.03333E+01    5.62459E+01
 2.00000E+01    3.86545E+01    2.12903E+01    5.60187E+01
 2.02822E+01    3.86129E+01    2.12673E+01    5.59584E+01
 2.05683E+01    3.85706E+01    2.12441E+01    5.58972E+01
 2.08585E+01    3.85278E+01    2.12205E+01    5.58351E+01
 2.10000E+01    3.85069E+01    2.12090E+01    5.58048E+01
 2.12963E+01    3.84737E+01    2.11907E+01    5.57567E+01
 2.15967E+01    3.84401E+01    2.11722E+01    5.57080E+01
 2.19014E+01    3.84059E+01    2.11534E+01    5.56585E+01
 2.20000E+01    3.83949E+01    2.11473E+01    5.56425E+01
 2.23104E+01    3.83454E+01    2.11200E+01    5.55707E+01
 2.26251E+01    3.82951E+01    2.10923E+01    5.54979E+01
 2.29443E+01    3.82442E+01    2.10643E+01    5.54241E+01
 2.30000E+01    3.82353E+01    2.10594E+01    5.54112E+01
 2.33245E+01    3.80022E+01    2.09310E+01    5.50734E+01
 2.36536E+01    3.77658E+01    2.08008E+01    5.47308E+01
 2.39873E+01    3.75261E+01    2.06687E+01    5.43834E+01
 2.40000E+01    3.75169E+01    2.10732E+01    5.39606E+01
 2.43386E+01    3.73876E+01    2.10006E+01    5.37745E+01
 2.46820E+01    3.72564E+01    2.09269E+01    5.35859E+01
 2.50000E+01    3.71349E+01    2.08587E+01    5.34111E+01
 2.53527E+01    3.68078E+01    2.06750E+01    5.29407E+01
 2.57104E+01    3.64762E+01    2.04887E+01    5.24637E+01
 2.60000E+01    3.62076E+01    2.03378E+01    5.20774E+01
 2.63668E+01    3.59618E+01    2.01997E+01    5.17239E+01
 2.67388E+01    3.57125E+01    2.00597E+01    5.13653E+01
 2.70000E+01    3.55375E+01    1.99614E+01    5.11136E+01
 2.73809E+01    3.51750E+01    1.97578E+01    5.05922E+01
 2.77672E+01    3.48074E+01    1.95513E+01    5.00635E+01
 2.80000E+01    3.45859E+01    1.94269E+01    4.97449E+01
 2.83950E+01    3.41585E+01    1.91868E+01    4.91301E+01
 2.87956E+01    3.37250E+01    1.89433E+01    4.85067E+01
 2.90000E+01    3.35039E+01    1.88191E+01    4.81887E+01
 2.94091E+01    3.31354E+01    1.86121E+01    4.76586E+01
 2.98240E+01    3.27617E+01    1.84022E+01    4.71211E+01
 3.00000E+01    3.26032E+01    1.83132E+01    4.68932E+01
 3.00000E+01    3.26035E+01    1.83134E+01    4.68936E+01
 3.20000E+01    3.01252E+01    1.69213E+01    4.33291E+01
 3.40000E+01    2.78194E+01    1.56262E+01    4.00127E+01
 3.60000E+01    2.57732E+01    1.44768E+01    3.70696E+01
 3.80000E+01    2.38458E+01    1.33942E+01    3.42974E+01
 4.00000E+01    2.21443E+01    1.24385E+01    3.18502E+01
 4.20000E+01    2.01230E+01    1.13031E+01    2.89429E+01
 4.40000E+01    1.85451E+01    1.04168E+01    2.66734E+01
 4.60000E+01    1.69608E+01    9.52688E+00    2.43947E+01
 4.80000E+01    1.58274E+01    8.89025E+00    2.27646E+01
 5.00000E+01    1.46023E+01    8.20211E+00    2.10025E+01
 5.20000E+01    1.34946E+01    7.57991E+00    1.94093E+01
 5.40000E+01    1.25779E+01    7.06500E+00    1.80908E+01
 5.60000E+01    1.17494E+01    6.59964E+00    1.68992E+01
 5.80000E+01    1.09799E+01    6.16741E+00    1.57924E+01
 6.00000E+01    1.02174E+01    5.73911E+00    1.46957E+01
 6.50000E+01    8.93933E+00    5.02122E+00    1.28574E+01
 7.00000E+01    7.69308E+00    4.32120E+00    1.10650E+01
 7.50000E+01    6.85556E+00    3.85077E+00    9.86035E+00
 8.00000E+01    6.06334E+00    3.40578E+00    8.72090E+00
 9.00000E+01    4.99770E+00    2.80721E+00    7.18819E+00
 1.00000E+02    4.13660E+00    2.32353E+00    5.94967E+00
 1.10000E+02    3.54670E+00    1.99218E+00    5.10122E+00
 1.20000E+02    3.15939E+00    1.77463E+00    4.54415E+00
 1.30000E+02    2.73446E+00    1.53595E+00    3.93297E+00
 1.40000E+02    2.29461E+00    1.28888E+00    3.30034E+00
 1.50000E+02    2.00375E+00    1.12551E+00    2.88199E+00
 1.60000E+02    1.78543E+00    1.00288E+00    2.56798E+00
 1.80000E+02    1.35281E+00    7.59873E-01    1.94575E+00
 2.00000E+02    1.08650E+00    6.10287E-01    1.56271E+00
