# n + La138 : (n,n'26)  
# tendl.2019 A.J. Koning and D. Rochman        EVAL-NOV19
# uncertainties: n
# # energies =    69
#   E(MeV)       xs(mb) 
 1.10402E+00    0.00000E+00
 1.11066E+00    1.69260E-01
 1.15841E+00    1.38646E+00
 1.16345E+00    1.51494E+00
 1.18662E+00    2.10557E+00
 1.20000E+00    2.44664E+00
 1.40000E+00    6.03009E+00
 1.60000E+00    8.57316E+00
 1.80000E+00    1.08120E+01
 2.00000E+00    1.21393E+01
 2.20000E+00    1.23874E+01
 2.40000E+00    1.18279E+01
 2.60000E+00    1.08608E+01
 2.80000E+00    9.78762E+00
 3.00000E+00    8.77142E+00
 3.20000E+00    7.87560E+00
 3.40000E+00    7.10872E+00
 3.60000E+00    6.45689E+00
 3.80000E+00    5.90238E+00
 4.00000E+00    5.42846E+00
 4.20000E+00    5.02111E+00
 4.40000E+00    4.66890E+00
 4.60000E+00    4.36182E+00
 4.80000E+00    4.09155E+00
 5.00000E+00    3.85121E+00
 5.20000E+00    3.63552E+00
 5.40000E+00    3.44059E+00
 5.60000E+00    3.26392E+00
 5.80000E+00    3.10384E+00
 6.00000E+00    2.95889E+00
 6.20000E+00    2.82824E+00
 6.40000E+00    2.71124E+00
 6.60000E+00    2.60700E+00
 6.80000E+00    2.51462E+00
 7.00000E+00    2.43306E+00
 7.20000E+00    2.36135E+00
 7.40000E+00    2.29840E+00
 7.60000E+00    2.24308E+00
 7.80000E+00    2.19433E+00
 8.00000E+00    2.15102E+00
 8.50000E+00    2.06016E+00
 9.00000E+00    1.98381E+00
 9.50000E+00    1.91308E+00
 1.00000E+01    1.84356E+00
 1.05000E+01    1.77425E+00
 1.10000E+01    1.70603E+00
 1.15000E+01    1.64044E+00
 1.20000E+01    1.57894E+00
 1.25000E+01    1.52253E+00
 1.30000E+01    1.47154E+00
 1.35000E+01    1.42579E+00
 1.40000E+01    1.38463E+00
 1.45000E+01    1.34711E+00
 1.50000E+01    1.31223E+00
 1.60000E+01    1.24696E+00
 1.70000E+01    1.18450E+00
 1.80000E+01    1.12372E+00
 1.90000E+01    1.06491E+00
 2.00000E+01    1.00905E+00
 2.10000E+01    9.57733E-01
 2.20000E+01    9.12418E-01
 2.30000E+01    8.73683E-01
 2.40000E+01    8.41201E-01
 2.50000E+01    8.14003E-01
 2.60000E+01    7.90691E-01
 2.70000E+01    7.69585E-01
 2.80000E+01    7.49147E-01
 2.90000E+01    7.28450E-01
 3.00000E+01    7.07409E-01
