# n + La138 : (n,tot)   
# tendl.2019 A.J. Koning and D. Rochman        EVAL-NOV19
# uncertainties: y
# # energies =   666
#   E(MeV)       xs(mb)       xslow(mb)      xsupp(mb)
 1.00000E-11    2.91423E+06    2.48571E+06    3.34275E+06
 1.04713E-11    2.84798E+06    2.42920E+06    3.26676E+06
 1.09648E-11    2.78320E+06    2.37395E+06    3.19245E+06
 1.14815E-11    2.71996E+06    2.32000E+06    3.11991E+06
 1.20226E-11    2.65808E+06    2.26723E+06    3.04893E+06
 1.25893E-11    2.59769E+06    2.21572E+06    2.97967E+06
 1.31826E-11    2.53861E+06    2.16532E+06    2.91189E+06
 1.38038E-11    2.48094E+06    2.11613E+06    2.84574E+06
 1.44544E-11    2.42452E+06    2.06801E+06    2.78103E+06
 1.51356E-11    2.36944E+06    2.02103E+06    2.71785E+06
 1.58489E-11    2.31559E+06    1.97509E+06    2.65608E+06
 1.65959E-11    2.26296E+06    1.93020E+06    2.59571E+06
 1.73780E-11    2.21156E+06    1.88636E+06    2.53675E+06
 1.81970E-11    2.16128E+06    1.84348E+06    2.47909E+06
 1.90546E-11    2.11221E+06    1.80163E+06    2.42280E+06
 1.99526E-11    2.06420E+06    1.76067E+06    2.36773E+06
 2.08930E-11    2.01735E+06    1.72071E+06    2.31398E+06
 2.18776E-11    1.97150E+06    1.68160E+06    2.26140E+06
 2.29087E-11    1.92675E+06    1.64344E+06    2.21007E+06
 2.39883E-11    1.88299E+06    1.60611E+06    2.15987E+06
 2.51189E-11    1.84024E+06    1.56965E+06    2.11084E+06
 2.63027E-11    1.79847E+06    1.53401E+06    2.06292E+06
 2.75423E-11    1.75763E+06    1.49918E+06    2.01608E+06
 2.88403E-11    1.71776E+06    1.46517E+06    1.97035E+06
 3.01995E-11    1.67876E+06    1.43191E+06    1.92561E+06
 3.16228E-11    1.64069E+06    1.39944E+06    1.88194E+06
 3.31131E-11    1.60344E+06    1.36767E+06    1.83922E+06
 3.46737E-11    1.56710E+06    1.33667E+06    1.79753E+06
 3.63078E-11    1.53154E+06    1.30633E+06    1.75674E+06
 3.80189E-11    1.49682E+06    1.27673E+06    1.71692E+06
 3.98107E-11    1.46288E+06    1.24777E+06    1.67799E+06
 4.16869E-11    1.42972E+06    1.21949E+06    1.63995E+06
 4.36516E-11    1.39732E+06    1.19186E+06    1.60279E+06
 4.57088E-11    1.36565E+06    1.16484E+06    1.56646E+06
 4.78630E-11    1.33473E+06    1.13847E+06    1.53099E+06
 5.01187E-11    1.30448E+06    1.11266E+06    1.49629E+06
 5.24807E-11    1.27496E+06    1.08749E+06    1.46244E+06
 5.49541E-11    1.24608E+06    1.06285E+06    1.42931E+06
 5.75440E-11    1.21789E+06    1.03881E+06    1.39698E+06
 6.02560E-11    1.19032E+06    1.01529E+06    1.36535E+06
 6.30957E-11    1.16340E+06    9.92332E+05    1.33447E+06
 6.60693E-11    1.13709E+06    9.69887E+05    1.30429E+06
 6.91831E-11    1.11138E+06    9.47956E+05    1.27480E+06
 7.24436E-11    1.08626E+06    9.26537E+05    1.24599E+06
 7.58578E-11    1.06171E+06    9.05591E+05    1.21783E+06
 7.94328E-11    1.03774E+06    8.86931E+05    1.18855E+06
 8.31764E-11    1.01429E+06    8.66890E+05    1.16169E+06
 8.70964E-11    9.91412E+05    8.47336E+05    1.13549E+06
 9.12011E-11    9.69027E+05    8.28203E+05    1.10985E+06
 9.54993E-11    9.47181E+05    8.09533E+05    1.08483E+06
 1.00000E-10    9.25816E+05    7.91272E+05    1.06036E+06
 1.04713E-10    9.04954E+05    7.73442E+05    1.03647E+06
 1.09648E-10    8.84567E+05    7.56018E+05    1.01312E+06
 1.14815E-10    8.64642E+05    7.38988E+05    9.90296E+05
 1.20226E-10    8.45188E+05    7.22361E+05    9.68014E+05
 1.25893E-10    8.26161E+05    7.06100E+05    9.46223E+05
 1.31826E-10    8.07595E+05    6.90232E+05    9.24958E+05
 1.38038E-10    7.89430E+05    6.74707E+05    9.04154E+05
 1.44544E-10    7.71708E+05    6.59560E+05    8.83856E+05
 1.51356E-10    7.54371E+05    6.44742E+05    8.63999E+05
 1.58489E-10    7.37450E+05    6.30281E+05    8.44620E+05
 1.65959E-10    7.20906E+05    6.16141E+05    8.25672E+05
 1.73780E-10    7.04749E+05    6.02332E+05    8.07166E+05
 1.81970E-10    6.88965E+05    5.88841E+05    7.89088E+05
 1.90546E-10    6.73536E+05    5.75654E+05    7.71417E+05
 1.99526E-10    6.58475E+05    5.62782E+05    7.54168E+05
 2.08930E-10    6.43744E+05    5.50193E+05    7.37296E+05
 2.18776E-10    6.29372E+05    5.37909E+05    7.20835E+05
 2.29087E-10    6.15312E+05    5.27303E+05    7.03320E+05
 2.39883E-10    6.01593E+05    5.15547E+05    6.87640E+05
 2.51189E-10    5.88176E+05    5.04048E+05    6.72303E+05
 2.63027E-10    5.75079E+05    4.92825E+05    6.57334E+05
 2.75423E-10    5.62277E+05    4.81854E+05    6.42701E+05
 2.88403E-10    5.49772E+05    4.71138E+05    6.28407E+05
 3.01995E-10    5.37560E+05    4.60672E+05    6.14448E+05
 3.16228E-10    5.25620E+05    4.50440E+05    6.00800E+05
 3.31131E-10    5.13968E+05    4.40455E+05    5.87482E+05
 3.46737E-10    5.02571E+05    4.30687E+05    5.74454E+05
 3.63078E-10    4.91451E+05    4.21158E+05    5.61744E+05
 3.80189E-10    4.80574E+05    4.11837E+05    5.49311E+05
 3.98107E-10    4.69961E+05    4.02742E+05    5.37180E+05
 4.16869E-10    4.59582E+05    3.93847E+05    5.25317E+05
 4.36516E-10    4.49450E+05    3.85164E+05    5.13735E+05
 4.57088E-10    4.39549E+05    3.76679E+05    5.02418E+05
 4.78630E-10    4.29874E+05    3.68388E+05    4.91360E+05
 5.01187E-10    4.20428E+05    3.60294E+05    4.80563E+05
 5.24807E-10    4.11192E+05    3.52379E+05    4.70005E+05
 5.49541E-10    4.02179E+05    3.44655E+05    4.59704E+05
 5.75440E-10    3.93363E+05    3.37100E+05    4.49626E+05
 6.02560E-10    3.84762E+05    3.29729E+05    4.39795E+05
 6.30957E-10    3.76348E+05    3.22519E+05    4.30178E+05
 6.60693E-10    3.68138E+05    3.16473E+05    4.19803E+05
 6.91831E-10    3.60110E+05    3.09572E+05    4.10648E+05
 7.24436E-10    3.52271E+05    3.02833E+05    4.01709E+05
 7.58578E-10    3.44613E+05    2.96249E+05    3.92976E+05
 7.94328E-10    3.37127E+05    2.89814E+05    3.84440E+05
 8.31764E-10    3.29820E+05    2.83533E+05    3.76108E+05
 8.70964E-10    3.22674E+05    2.77390E+05    3.67958E+05
 9.12011E-10    3.15701E+05    2.71395E+05    3.60007E+05
 9.54993E-10    3.08880E+05    2.65531E+05    3.52228E+05
 1.00000E-09    3.02224E+05    2.59810E+05    3.44638E+05
 1.04713E-09    2.95714E+05    2.54213E+05    3.37215E+05
 1.09648E-09    2.89360E+05    2.48751E+05    3.29969E+05
 1.14815E-09    2.83148E+05    2.43410E+05    3.22885E+05
 1.20226E-09    2.77080E+05    2.38194E+05    3.15966E+05
 1.25892E-09    2.71153E+05    2.37196E+05    3.05111E+05
 1.31826E-09    2.65359E+05    2.32127E+05    2.98591E+05
 1.38038E-09    2.59703E+05    2.27180E+05    2.92227E+05
 1.44544E-09    2.54171E+05    2.22340E+05    2.86002E+05
 1.51356E-09    2.48773E+05    2.17618E+05    2.79928E+05
 1.58489E-09    2.43492E+05    2.12999E+05    2.73986E+05
 1.65959E-09    2.38340E+05    2.08492E+05    2.68188E+05
 1.73780E-09    2.33302E+05    2.04085E+05    2.62519E+05
 1.81970E-09    2.28378E+05    1.99777E+05    2.56979E+05
 1.90546E-09    2.23572E+05    1.95573E+05    2.51571E+05
 1.99526E-09    2.18871E+05    1.91461E+05    2.46281E+05
 2.08930E-09    2.14280E+05    1.87445E+05    2.41115E+05
 2.18776E-09    2.09797E+05    1.83523E+05    2.36070E+05
 2.29087E-09    2.05411E+05    1.79686E+05    2.31135E+05
 2.39883E-09    2.01131E+05    1.75943E+05    2.26319E+05
 2.51189E-09    1.96948E+05    1.72283E+05    2.21612E+05
 2.63027E-09    1.92857E+05    1.68705E+05    2.17009E+05
 2.75423E-09    1.88866E+05    1.65213E+05    2.12518E+05
 2.88403E-09    1.84962E+05    1.61799E+05    2.08126E+05
 3.01995E-09    1.81147E+05    1.58462E+05    2.03833E+05
 3.16228E-09    1.77424E+05    1.55205E+05    1.99644E+05
 3.31131E-09    1.73782E+05    1.52019E+05    1.95546E+05
 3.46737E-09    1.70225E+05    1.48907E+05    1.91543E+05
 3.63078E-09    1.66752E+05    1.45869E+05    1.87635E+05
 3.80189E-09    1.63353E+05    1.42896E+05    1.83811E+05
 3.98107E-09    1.60037E+05    1.39995E+05    1.80079E+05
 4.16869E-09    1.56796E+05    1.37159E+05    1.76432E+05
 4.36516E-09    1.53626E+05    1.34386E+05    1.72865E+05
 4.57088E-09    1.50532E+05    1.31681E+05    1.69384E+05
 4.78630E-09    1.47508E+05    1.29035E+05    1.65981E+05
 5.01187E-09    1.44551E+05    1.26449E+05    1.62654E+05
 5.24807E-09    1.41666E+05    1.23925E+05    1.59408E+05
 5.49541E-09    1.38844E+05    1.21456E+05    1.56232E+05
 5.75440E-09    1.36087E+05    1.19044E+05    1.53129E+05
 6.02560E-09    1.33395E+05    1.16689E+05    1.50100E+05
 6.30957E-09    1.30761E+05    1.14386E+05    1.47137E+05
 6.60693E-09    1.28190E+05    1.12137E+05    1.44244E+05
 6.91831E-09    1.25678E+05    1.09939E+05    1.41418E+05
 7.24436E-09    1.23221E+05    1.07790E+05    1.38653E+05
 7.58578E-09    1.20823E+05    1.05692E+05    1.35955E+05
 7.94328E-09    1.18479E+05    1.03642E+05    1.33317E+05
 8.31764E-09    1.16187E+05    1.01637E+05    1.30738E+05
 8.70964E-09    1.13950E+05    9.96800E+04    1.28221E+05
 9.12011E-09    1.11763E+05    9.77664E+04    1.25759E+05
 9.54993E-09    1.09625E+05    9.58964E+04    1.23354E+05
 1.00000E-08    1.07539E+05    9.40711E+04    1.21006E+05
 1.04713E-08    1.05497E+05    9.22855E+04    1.18709E+05
 1.09648E-08    1.03504E+05    9.05420E+04    1.16466E+05
 1.14815E-08    1.01558E+05    8.88394E+04    1.14276E+05
 1.20226E-08    9.96540E+04    8.71739E+04    1.12134E+05
 1.25893E-08    9.77935E+04    8.55464E+04    1.10041E+05
 1.31826E-08    9.59775E+04    8.39578E+04    1.07997E+05
 1.38038E-08    9.42018E+04    8.24045E+04    1.05999E+05
 1.44544E-08    9.24655E+04    8.08857E+04    1.04045E+05
 1.51356E-08    9.07705E+04    7.94029E+04    1.02138E+05
 1.58489E-08    8.91144E+04    7.79543E+04    1.00275E+05
 1.65959E-08    8.74951E+04    7.65377E+04    9.84524E+04
 1.73780E-08    8.59124E+04    7.51533E+04    9.66715E+04
 1.81970E-08    8.43678E+04    7.38021E+04    9.49335E+04
 1.90546E-08    8.28577E+04    7.24811E+04    9.32343E+04
 1.99526E-08    8.13812E+04    7.11895E+04    9.15729E+04
 2.08930E-08    7.99395E+04    6.99284E+04    8.99506E+04
 2.18776E-08    7.85315E+04    6.86967E+04    8.83663E+04
 2.29087E-08    7.71547E+04    6.74923E+04    8.68171E+04
 2.39883E-08    7.58087E+04    6.63149E+04    8.53025E+04
 2.51189E-08    7.44944E+04    6.59651E+04    8.30237E+04
 2.63027E-08    7.32111E+04    6.49178E+04    8.15044E+04
 2.75423E-08    7.19566E+04    6.38054E+04    8.01078E+04
 2.88403E-08    7.07300E+04    6.27177E+04    7.87422E+04
 3.01995E-08    6.95314E+04    6.18476E+04    7.72152E+04
 3.16228E-08    6.83616E+04    6.08071E+04    7.59161E+04
 3.31131E-08    6.72182E+04    5.97901E+04    7.46464E+04
 3.46737E-08    6.61004E+04    5.87957E+04    7.34050E+04
 3.63078E-08    6.50080E+04    5.78241E+04    7.21919E+04
 3.80189E-08    6.39416E+04    5.68756E+04    7.10077E+04
 3.98107E-08    6.28997E+04    5.59487E+04    6.98506E+04
 4.16869E-08    6.18811E+04    5.52420E+04    6.85202E+04
 4.36516E-08    6.08853E+04    5.43531E+04    6.74176E+04
 4.57088E-08    5.99124E+04    5.34845E+04    6.63402E+04
 4.78630E-08    5.89624E+04    5.26365E+04    6.52884E+04
 5.01187E-08    5.80340E+04    5.19615E+04    6.41066E+04
 5.24807E-08    5.71266E+04    5.11490E+04    6.31042E+04
 5.49541E-08    5.62396E+04    5.03548E+04    6.21244E+04
 5.75440E-08    5.53733E+04    4.95792E+04    6.11674E+04
 6.02560E-08    5.45274E+04    4.89405E+04    6.01143E+04
 6.30957E-08    5.37008E+04    4.81986E+04    5.92030E+04
 6.60693E-08    5.28930E+04    4.74735E+04    5.83125E+04
 6.91831E-08    5.21035E+04    4.67650E+04    5.74421E+04
 7.24436E-08    5.13322E+04    4.61623E+04    5.65020E+04
 7.58578E-08    5.05790E+04    4.54850E+04    5.56730E+04
 7.94328E-08    4.98433E+04    4.48234E+04    5.48632E+04
 8.31764E-08    4.91243E+04    4.42682E+04    5.39804E+04
 8.70964E-08    4.84216E+04    4.36349E+04    5.32082E+04
 9.12011E-08    4.77348E+04    4.30767E+04    5.23929E+04
 9.54993E-08    4.70637E+04    4.24711E+04    5.16563E+04
 1.00000E-07    4.64081E+04    4.21315E+04    5.06846E+04
 1.04713E-07    4.57679E+04    4.15503E+04    4.99855E+04
 1.09648E-07    4.51426E+04    4.09826E+04    4.93025E+04
 1.14815E-07    4.45317E+04    4.04280E+04    4.86353E+04
 1.20226E-07    4.39346E+04    3.98859E+04    4.79832E+04
 1.25893E-07    4.33512E+04    3.93563E+04    4.73461E+04
 1.31826E-07    4.27813E+04    3.88389E+04    4.67237E+04
 1.38038E-07    4.22245E+04    3.83335E+04    4.61156E+04
 1.44544E-07    4.16807E+04    3.78397E+04    4.55216E+04
 1.51356E-07    4.11494E+04    3.73574E+04    4.49414E+04
 1.58489E-07    4.06304E+04    3.68863E+04    4.43746E+04
 1.65959E-07    4.01238E+04    3.64263E+04    4.38213E+04
 1.73780E-07    3.96292E+04    3.59773E+04    4.32811E+04
 1.81970E-07    3.91463E+04    3.55389E+04    4.27536E+04
 1.90546E-07    3.86742E+04    3.51103E+04    4.22381E+04
 1.99526E-07    3.82130E+04    3.46916E+04    4.17344E+04
 2.08930E-07    3.77626E+04    3.45068E+04    4.10184E+04
 2.18776E-07    3.73228E+04    3.41050E+04    4.05407E+04
 2.29087E-07    3.68934E+04    3.37126E+04    4.00742E+04
 2.39883E-07    3.64742E+04    3.33296E+04    3.96189E+04
 2.51189E-07    3.60651E+04    3.29557E+04    3.91745E+04
 2.63027E-07    3.56658E+04    3.25908E+04    3.87408E+04
 2.75423E-07    3.52760E+04    3.22347E+04    3.83174E+04
 2.88403E-07    3.48957E+04    3.18871E+04    3.79043E+04
 3.01995E-07    3.45247E+04    3.16577E+04    3.73916E+04
 3.16228E-07    3.41628E+04    3.13259E+04    3.69997E+04
 3.31131E-07    3.38100E+04    3.10024E+04    3.66176E+04
 3.46737E-07    3.34663E+04    3.06872E+04    3.62453E+04
 3.63078E-07    3.31314E+04    3.03802E+04    3.58827E+04
 3.80189E-07    3.28050E+04    3.00808E+04    3.55291E+04
 3.98107E-07    3.24870E+04    2.97892E+04    3.51847E+04
 4.16869E-07    3.21775E+04    2.95727E+04    3.47823E+04
 4.36516E-07    3.18765E+04    2.92961E+04    3.44569E+04
 4.57088E-07    3.15840E+04    2.90273E+04    3.41408E+04
 4.78630E-07    3.13000E+04    2.87662E+04    3.38337E+04
 5.01187E-07    3.10244E+04    2.85760E+04    3.34728E+04
 5.24807E-07    3.07573E+04    2.83300E+04    3.31847E+04
 5.49541E-07    3.04989E+04    2.80920E+04    3.29059E+04
 5.75440E-07    3.02493E+04    2.78620E+04    3.26365E+04
 6.02560E-07    3.00086E+04    2.76404E+04    3.23769E+04
 6.30957E-07    2.97772E+04    2.74272E+04    3.21272E+04
 6.60693E-07    2.95553E+04    2.72228E+04    3.18877E+04
 6.91831E-07    2.93432E+04    2.70275E+04    3.16590E+04
 7.24436E-07    2.91417E+04    2.69072E+04    3.13762E+04
 7.58578E-07    2.89513E+04    2.67314E+04    3.11712E+04
 7.94328E-07    2.87722E+04    2.65660E+04    3.09784E+04
 8.31764E-07    2.86055E+04    2.64122E+04    3.07989E+04
 8.70964E-07    2.84525E+04    2.62709E+04    3.06342E+04
 9.12011E-07    2.83144E+04    2.61433E+04    3.04855E+04
 9.54993E-07    2.81926E+04    2.60309E+04    3.03544E+04
 1.00000E-06    2.80897E+04    2.61144E+04    3.00651E+04
 1.04713E-06    2.80080E+04    2.60384E+04    2.99776E+04
 1.09648E-06    2.79502E+04    2.59847E+04    2.99157E+04
 1.14815E-06    2.79200E+04    2.59566E+04    2.98834E+04
 1.20226E-06    2.79254E+04    2.59616E+04    2.98892E+04
 1.25893E-06    2.79661E+04    2.59994E+04    2.99327E+04
 1.31826E-06    2.80542E+04    2.60814E+04    3.00271E+04
 1.38038E-06    2.82004E+04    2.62173E+04    3.01835E+04
 1.44544E-06    2.84191E+04    2.64206E+04    3.04176E+04
 1.51356E-06    2.87265E+04    2.67064E+04    3.07466E+04
 1.58489E-06    2.91536E+04    2.71034E+04    3.12037E+04
 1.65959E-06    2.97306E+04    2.76398E+04    3.18213E+04
 1.73780E-06    3.05208E+04    2.83745E+04    3.26672E+04
 1.81970E-06    3.15947E+04    2.93728E+04    3.38165E+04
 1.90546E-06    3.30806E+04    3.07543E+04    3.54070E+04
 1.99526E-06    3.51949E+04    3.27199E+04    3.76699E+04
 2.08930E-06    3.82832E+04    3.60103E+04    4.05560E+04
 2.18776E-06    4.29986E+04    4.04459E+04    4.55514E+04
 2.29087E-06    5.06758E+04    4.76672E+04    5.36843E+04
 2.39883E-06    6.43947E+04    6.05717E+04    6.82178E+04
 2.51189E-06    9.26630E+04    8.71617E+04    9.81643E+04
 2.63027E-06    1.68051E+05    1.58074E+05    1.78028E+05
 2.75423E-06    5.31285E+05    4.99743E+05    5.62826E+05
 2.88403E-06    3.02139E+06    2.84201E+06    3.20076E+06
 3.01995E-06    1.56621E+06    1.48775E+06    1.64467E+06
 3.16228E-06    2.55315E+05    2.42525E+05    2.68106E+05
 3.31131E-06    1.04067E+05    9.88537E+04    1.09280E+05
 3.46737E-06    6.18832E+04    5.87831E+04    6.49833E+04
 3.63078E-06    4.43089E+04    4.20892E+04    4.65286E+04
 3.80189E-06    3.53217E+04    3.35523E+04    3.70912E+04
 3.98107E-06    3.01042E+04    2.85961E+04    3.16122E+04
 4.16869E-06    2.67889E+04    2.47594E+04    2.88183E+04
 4.36516E-06    2.45301E+04    2.26718E+04    2.63885E+04
 4.57088E-06    2.29054E+04    2.11701E+04    2.46406E+04
 4.78630E-06    2.16855E+04    2.00427E+04    2.33284E+04
 5.01187E-06    2.07313E+04    1.89076E+04    2.25550E+04
 5.24807E-06    1.99550E+04    1.81996E+04    2.17104E+04
 5.49541E-06    1.93112E+04    1.76124E+04    2.10100E+04
 5.75440E-06    1.87596E+04    1.71094E+04    2.04099E+04
 6.02560E-06    1.82756E+04    1.65609E+04    1.99903E+04
 6.30957E-06    1.78454E+04    1.61710E+04    1.95197E+04
 6.60693E-06    1.74615E+04    1.58232E+04    1.90998E+04
 6.91831E-06    1.70952E+04    1.54912E+04    1.86991E+04
 7.24436E-06    1.67659E+04    1.51287E+04    1.84030E+04
 7.58578E-06    1.64459E+04    1.48400E+04    1.80519E+04
 7.94328E-06    1.61524E+04    1.45751E+04    1.77296E+04
 8.31764E-06    1.58581E+04    1.42626E+04    1.74537E+04
 8.70964E-06    1.55892E+04    1.40207E+04    1.71577E+04
 9.12011E-06    1.53141E+04    1.37354E+04    1.68928E+04
 9.54993E-06    1.50608E+04    1.35083E+04    1.66134E+04
 1.00000E-05    1.48047E+04    1.31924E+04    1.64169E+04
 1.04713E-05    1.45503E+04    1.29658E+04    1.61348E+04
 1.09648E-05    1.43130E+04    1.27544E+04    1.58717E+04
 1.14815E-05    1.40656E+04    1.25338E+04    1.55973E+04
 1.20226E-05    1.38285E+04    1.23225E+04    1.53344E+04
 1.25893E-05    1.35978E+04    1.21170E+04    1.50786E+04
 1.31826E-05    1.33581E+04    1.19034E+04    1.48128E+04
 1.38038E-05    1.31335E+04    1.17033E+04    1.45638E+04
 1.44544E-05    1.29070E+04    1.15014E+04    1.43125E+04
 1.51356E-05    1.26806E+04    1.12679E+04    1.40933E+04
 1.58489E-05    1.24716E+04    1.10822E+04    1.38610E+04
 1.65959E-05    1.22710E+04    1.09039E+04    1.36381E+04
 1.73780E-05    1.21236E+04    1.07729E+04    1.34743E+04
 1.81970E-05    1.21485E+04    1.07950E+04    1.35019E+04
 1.90546E-05    1.31405E+04    1.16766E+04    1.46045E+04
 1.99526E-05    8.64927E+04    7.68568E+04    9.61286E+04
 2.08930E-05    3.14377E+05    3.00652E+05    3.28102E+05
 2.18776E-05    1.68282E+04    1.60935E+04    1.75628E+04
 2.29087E-05    1.32226E+04    1.26453E+04    1.37998E+04
 2.39883E-05    1.21489E+04    1.16185E+04    1.26793E+04
 2.51189E-05    1.15800E+04    1.10745E+04    1.20856E+04
 2.63027E-05    1.11932E+04    1.07045E+04    1.16818E+04
 2.75423E-05    1.08881E+04    1.04128E+04    1.13635E+04
 2.88403E-05    1.06294E+04    1.01653E+04    1.10935E+04
 3.01995E-05    1.03970E+04    9.03118E+03    1.17629E+04
 3.16228E-05    1.01813E+04    8.84380E+03    1.15188E+04
 3.31131E-05    9.98505E+03    8.67334E+03    1.12968E+04
 3.46737E-05    9.79102E+03    8.50479E+03    1.10773E+04
 3.63078E-05    9.61343E+03    8.35053E+03    1.08763E+04
 3.80189E-05    9.43492E+03    8.19547E+03    1.06744E+04
 3.98107E-05    9.26536E+03    8.04818E+03    1.04825E+04
 4.16869E-05    9.10108E+03    7.83979E+03    1.03624E+04
 4.36516E-05    8.93449E+03    7.69628E+03    1.01727E+04
 4.57088E-05    8.77964E+03    7.56290E+03    9.99639E+03
 4.78630E-05    8.61926E+03    7.42474E+03    9.81378E+03
 5.01187E-05    8.45950E+03    7.23901E+03    9.67998E+03
 5.24807E-05    8.30417E+03    7.10609E+03    9.50225E+03
 5.49541E-05    8.14162E+03    6.96700E+03    9.31625E+03
 5.75440E-05    7.97141E+03    6.82134E+03    9.12148E+03
 6.02560E-05    7.83200E+03    7.01190E+03    8.65210E+03
 6.30957E-05    8.00761E+03    7.16912E+03    8.84609E+03
 6.60693E-05    9.51700E+04    8.52046E+04    1.05135E+05
 6.91831E-05    8.73564E+03    7.82092E+03    9.65036E+03
 7.24436E-05    7.89722E+03    6.72709E+03    9.06736E+03
 7.58578E-05    7.58328E+03    6.45966E+03    8.70690E+03
 7.94328E-05    7.35303E+03    6.26353E+03    8.44253E+03
 8.31764E-05    7.12749E+03    6.37621E+03    7.87877E+03
 8.70964E-05    2.72798E+04    2.44043E+04    3.01552E+04
 9.12011E-05    7.40185E+03    6.62165E+03    8.18205E+03
 9.54993E-05    6.91033E+03    6.18194E+03    7.63872E+03
 1.00000E-04    6.67767E+03    6.08993E+03    7.26541E+03
 1.04713E-04    6.46682E+03    5.89764E+03    7.03601E+03
 1.09648E-04    6.25224E+03    5.70194E+03    6.80254E+03
 1.14815E-04    5.98845E+03    5.46137E+03    6.51553E+03
 1.20226E-04    5.69665E+03    5.19525E+03    6.19804E+03
 1.25893E-04    5.32821E+03    4.85924E+03    5.79717E+03
 1.31826E-04    4.85452E+03    4.42725E+03    5.28180E+03
 1.38038E-04    4.33194E+03    3.95066E+03    4.71322E+03
 1.44544E-04    9.71071E+03    8.85601E+03    1.05654E+04
 1.51356E-04    4.68503E+05    4.27267E+05    5.09739E+05
 1.58489E-04    9.05555E+04    8.25851E+04    9.85258E+04
 1.65959E-04    1.56025E+05    1.42292E+05    1.69757E+05
 1.73780E-04    1.11103E+04    1.01324E+04    1.20881E+04
 1.81970E-04    8.89134E+03    8.10875E+03    9.67392E+03
 1.90546E-04    7.69102E+03    7.01408E+03    8.36795E+03
 1.99526E-04    6.45570E+03    5.88750E+03    7.02391E+03
 2.08930E-04    1.45920E+05    7.03515E+04    2.21488E+05
 2.18776E-04    6.31280E+04    0.00000E+00    1.43401E+05
 2.29087E-04    6.18844E+04    0.00000E+00    1.40576E+05
 2.39883E-04    6.05822E+04    0.00000E+00    1.37618E+05
 2.51189E-04    5.92186E+04    0.00000E+00    1.34520E+05
 2.63027E-04    5.77908E+04    0.00000E+00    1.31277E+05
 2.75423E-04    5.62957E+04    0.00000E+00    1.27881E+05
 2.88403E-04    5.47396E+04    0.00000E+00    1.24346E+05
 3.01995E-04    5.36944E+04    0.00000E+00    1.21972E+05
 3.16228E-04    5.29488E+04    0.00000E+00    1.20278E+05
 3.31131E-04    5.21680E+04    0.00000E+00    1.18504E+05
 3.46737E-04    5.13504E+04    0.00000E+00    1.16647E+05
 3.63078E-04    5.04943E+04    0.00000E+00    1.14702E+05
 3.80189E-04    4.95978E+04    0.00000E+00    1.12666E+05
 3.98107E-04    4.86591E+04    0.00000E+00    1.10533E+05
 4.16869E-04    4.76761E+04    0.00000E+00    1.08300E+05
 4.36516E-04    4.66468E+04    0.00000E+00    1.05962E+05
 4.57088E-04    4.55690E+04    0.00000E+00    1.03514E+05
 4.78630E-04    4.44404E+04    0.00000E+00    1.00950E+05
 5.01187E-04    4.32586E+04    0.00000E+00    9.82658E+04
 5.24807E-04    4.20211E+04    0.00000E+00    9.54547E+04
 5.49541E-04    4.07253E+04    0.00000E+00    9.25112E+04
 5.75440E-04    3.93720E+04    0.00000E+00    8.94370E+04
 6.02560E-04    3.84522E+04    0.00000E+00    8.73477E+04
 6.30957E-04    3.78453E+04    0.00000E+00    8.59689E+04
 6.60693E-04    3.72097E+04    0.00000E+00    8.45251E+04
 6.91831E-04    3.65442E+04    0.00000E+00    8.30133E+04
 7.24436E-04    3.58473E+04    0.00000E+00    8.14303E+04
 7.58578E-04    3.51175E+04    0.00000E+00    7.97726E+04
 7.94328E-04    3.43534E+04    0.00000E+00    7.80368E+04
 8.31764E-04    3.35533E+04    0.00000E+00    7.62192E+04
 8.70964E-04    3.27154E+04    0.00000E+00    7.43160E+04
 9.12011E-04    3.18381E+04    0.00000E+00    7.23230E+04
 9.54993E-04    3.09194E+04    0.00000E+00    7.02362E+04
 1.00000E-03    3.02493E+04    0.00000E+00    6.87140E+04
 1.04713E-03    2.98441E+04    0.00000E+00    6.77935E+04
 1.09648E-03    2.94198E+04    0.00000E+00    6.68296E+04
 1.14815E-03    2.89754E+04    0.00000E+00    6.58203E+04
 1.20226E-03    2.85102E+04    0.00000E+00    6.47634E+04
 1.25893E-03    2.80230E+04    0.00000E+00    6.36567E+04
 1.31826E-03    2.75128E+04    0.00000E+00    6.24979E+04
 1.38038E-03    2.69787E+04    0.00000E+00    6.12844E+04
 1.44544E-03    2.64193E+04    0.00000E+00    6.00138E+04
 1.51356E-03    2.58335E+04    0.00000E+00    5.86832E+04
 1.58489E-03    2.52202E+04    0.00000E+00    5.72900E+04
 1.65959E-03    2.45780E+04    0.00000E+00    5.58311E+04
 1.73780E-03    2.39055E+04    0.00000E+00    5.43034E+04
 1.81970E-03    2.32013E+04    0.00000E+00    5.27037E+04
 1.90546E-03    2.24639E+04    0.00000E+00    5.10287E+04
 1.99526E-03    2.18887E+04    0.00000E+00    4.97221E+04
 2.08930E-03    2.15304E+04    0.00000E+00    4.52475E+04
 2.18776E-03    2.11558E+04    0.00000E+00    4.44603E+04
 2.29087E-03    2.07636E+04    0.00000E+00    4.36360E+04
 2.39883E-03    2.03529E+04    0.00000E+00    4.27729E+04
 2.51189E-03    1.99229E+04    0.00000E+00    4.18692E+04
 2.63027E-03    1.94725E+04    0.00000E+00    4.09228E+04
 2.75423E-03    1.90010E+04    0.00000E+00    3.99318E+04
 2.88403E-03    1.85103E+04    0.00000E+00    3.89005E+04
 3.01995E-03    1.81808E+04    0.00000E+00    3.82080E+04
 3.16228E-03    1.79458E+04    0.00000E+00    3.77143E+04
 3.31131E-03    1.76998E+04    0.00000E+00    3.71973E+04
 3.46737E-03    1.74422E+04    0.00000E+00    3.66559E+04
 3.63078E-03    1.71725E+04    0.00000E+00    3.60890E+04
 3.80189E-03    1.68900E+04    0.00000E+00    3.54954E+04
 3.98107E-03    1.65943E+04    0.00000E+00    3.48741E+04
 4.16869E-03    1.62849E+04    0.00000E+00    3.42238E+04
 4.36516E-03    1.59609E+04    0.00000E+00    3.35429E+04
 4.57088E-03    1.56216E+04    0.00000E+00    3.28299E+04
 4.78630E-03    1.52664E+04    0.00000E+00    3.20833E+04
 5.01187E-03    1.48945E+04    0.00000E+00    3.13018E+04
 5.24807E-03    1.45053E+04    0.00000E+00    3.04838E+04
 5.49541E-03    1.40978E+04    0.00000E+00    2.96273E+04
 5.75440E-03    1.36721E+04    0.00000E+00    2.87328E+04
 6.02560E-03    1.33830E+04    3.63241E+03    2.31335E+04
 6.30957E-03    1.31923E+04    3.58066E+03    2.28039E+04
 6.60693E-03    1.29927E+04    3.52647E+03    2.24588E+04
 6.91831E-03    1.27837E+04    3.46975E+03    2.20976E+04
 7.24436E-03    1.25650E+04    3.41041E+03    2.17196E+04
 7.58578E-03    1.23361E+04    3.34827E+03    2.13239E+04
 7.94328E-03    1.20964E+04    3.28322E+03    2.09096E+04
 8.31764E-03    1.18456E+04    3.21513E+03    2.04760E+04
 8.70964E-03    1.15829E+04    3.14384E+03    2.00220E+04
 9.12011E-03    1.13081E+04    3.06924E+03    1.95469E+04
 9.54993E-03    1.10203E+04    2.99115E+03    1.90495E+04
 1.00000E-02    1.08108E+04    2.93428E+03    1.86873E+04
 1.04713E-02    1.06846E+04    2.90002E+03    1.84692E+04
 1.09648E-02    1.05524E+04    2.86415E+03    1.82407E+04
 1.14815E-02    1.04140E+04    2.82658E+03    1.80015E+04
 1.20226E-02    1.02691E+04    2.78725E+03    1.77510E+04
 1.25893E-02    1.01174E+04    2.74606E+03    1.74887E+04
 1.31826E-02    9.95848E+03    2.70294E+03    1.72140E+04
 1.38038E-02    9.79209E+03    2.65778E+03    1.69264E+04
 1.44544E-02    9.61787E+03    2.61049E+03    1.66252E+04
 1.51356E-02    9.43543E+03    2.56097E+03    1.63099E+04
 1.58489E-02    9.24439E+03    2.50912E+03    1.59797E+04
 1.65959E-02    9.04435E+03    2.45482E+03    1.56339E+04
 1.73780E-02    8.83489E+03    2.39797E+03    1.52718E+04
 1.81970E-02    8.61555E+03    2.33844E+03    1.48927E+04
 1.90546E-02    8.38587E+03    2.27610E+03    1.44956E+04
 1.99526E-02    8.20733E+03    2.22764E+03    1.41870E+04
 2.08930E-02    8.09712E+03    2.19773E+03    1.39965E+04
 2.18776E-02    7.98192E+03    2.16646E+03    1.37974E+04
 2.29087E-02    7.86128E+03    2.13371E+03    1.35888E+04
 2.39883E-02    7.73496E+03    2.09943E+03    1.33705E+04
 2.51189E-02    7.60268E+03    2.06352E+03    1.31418E+04
 2.63027E-02    7.46417E+03    2.02593E+03    1.29024E+04
 2.75423E-02    7.31913E+03    1.98656E+03    1.26517E+04
 2.88403E-02    7.16820E+03    1.94560E+03    1.23908E+04
 3.01995E-02    7.06735E+03    3.22974E+03    1.09050E+04
 3.16228E-02    6.99590E+03    3.19709E+03    1.07947E+04
 3.31131E-02    6.92109E+03    3.16290E+03    1.06793E+04
 3.46737E-02    6.84275E+03    3.12710E+03    1.05584E+04
 3.63078E-02    6.76118E+03    3.08982E+03    1.04325E+04
 3.80189E-02    6.67612E+03    3.05095E+03    1.03013E+04
 3.98107E-02    6.58745E+03    3.01043E+03    1.01645E+04
 4.16869E-02    6.49522E+03    2.96828E+03    1.00222E+04
 4.36516E-02    6.39865E+03    2.92415E+03    9.87315E+03
 4.57088E-02    6.29753E+03    2.87794E+03    9.71712E+03
 4.78630E-02    6.19164E+03    2.82955E+03    9.55374E+03
 5.01187E-02    6.08162E+03    2.77927E+03    9.38397E+03
 5.24807E-02    5.96712E+03    2.72694E+03    9.20729E+03
 5.49541E-02    5.84722E+03    2.67215E+03    9.02229E+03
 5.75440E-02    5.72201E+03    2.61493E+03    8.82909E+03
 6.02560E-02    5.63757E+03    2.57634E+03    8.69880E+03
 6.30957E-02    5.58259E+03    2.55121E+03    8.61396E+03
 6.60693E-02    5.52501E+03    2.52490E+03    8.52512E+03
 6.91831E-02    5.46505E+03    2.49750E+03    8.43260E+03
 7.24436E-02    5.40591E+03    2.47047E+03    8.34136E+03
 7.58578E-02    5.34572E+03    2.44296E+03    8.24848E+03
 7.94328E-02    5.28269E+03    2.41416E+03    8.15122E+03
 8.31764E-02    5.21669E+03    2.38400E+03    8.04938E+03
 8.70964E-02    5.14758E+03    2.35241E+03    7.94274E+03
 9.12011E-02    5.07521E+03    2.31934E+03    7.83107E+03
 9.54993E-02    4.99943E+03    2.28471E+03    7.71414E+03
 1.00000E-01    4.94750E+03    2.26098E+03    7.63402E+03
 1.04713E-01    4.92097E+03    2.24886E+03    7.59309E+03
 1.09648E-01    4.89320E+03    2.23616E+03    7.55023E+03
 1.14815E-01    4.86411E+03    2.22287E+03    7.50535E+03
 1.20226E-01    4.83366E+03    2.20895E+03    7.45836E+03
 1.25893E-01    4.80193E+03    2.19445E+03    7.40940E+03
 1.31826E-01    4.77122E+03    2.18042E+03    7.36202E+03
 1.38038E-01    4.73994E+03    2.16613E+03    7.31376E+03
 1.44544E-01    4.70719E+03    2.15116E+03    7.26322E+03
 1.51356E-01    4.67289E+03    2.13549E+03    7.21030E+03
 1.58489E-01    4.63709E+03    2.11913E+03    7.15506E+03
 1.65959E-01    4.60476E+03    2.10435E+03    7.10517E+03
 1.73780E-01    4.57369E+03    2.09015E+03    7.05723E+03
 1.81970E-01    4.54116E+03    2.07529E+03    7.00704E+03
 1.90546E-01    4.50710E+03    2.05972E+03    6.95448E+03
 1.99526E-01    4.48219E+03    2.04834E+03    6.91604E+03
 2.08930E-01    4.46944E+03    3.19028E+03    5.74861E+03
 2.18776E-01    4.45612E+03    3.18077E+03    5.73148E+03
 2.29087E-01    4.44938E+03    3.17596E+03    5.72281E+03
 2.39883E-01    4.46235E+03    3.18521E+03    5.73949E+03
 2.51189E-01    4.47709E+03    3.19573E+03    5.75844E+03
 2.63027E-01    4.49252E+03    3.20675E+03    5.77829E+03
 2.75423E-01    4.50868E+03    3.21828E+03    5.79907E+03
 2.88403E-01    4.52560E+03    3.23036E+03    5.82084E+03
 3.01995E-01    4.54736E+03    3.24590E+03    5.84883E+03
 3.16228E-01    4.57754E+03    3.26744E+03    5.88765E+03
 3.31131E-01    4.60930E+03    3.29010E+03    5.92849E+03
 3.46737E-01    4.64255E+03    3.31384E+03    5.97125E+03
 3.63078E-01    4.67736E+03    3.33869E+03    6.01604E+03
 3.80189E-01    4.71382E+03    3.36471E+03    6.06293E+03
 3.98107E-01    4.75200E+03    3.39196E+03    6.11203E+03
 4.16869E-01    4.79212E+03    3.42061E+03    6.16364E+03
 4.36516E-01    4.83715E+03    3.45275E+03    6.22156E+03
 4.57088E-01    4.88548E+03    3.48725E+03    6.28372E+03
 4.78630E-01    4.95366E+03    3.53591E+03    6.37142E+03
 5.01187E-01    5.03114E+03    3.59122E+03    6.47107E+03
 5.24807E-01    5.09570E+03    3.63730E+03    6.55410E+03
 5.49541E-01    5.17226E+03    3.69194E+03    6.65257E+03
 5.75440E-01    5.25245E+03    3.74919E+03    6.75572E+03
 6.02560E-01    5.33642E+03    4.83050E+03    5.84234E+03
 6.30957E-01    5.42419E+03    4.90995E+03    5.93844E+03
 6.60693E-01    5.51083E+03    4.98838E+03    6.03328E+03
 6.91831E-01    5.59896E+03    5.06815E+03    6.12977E+03
 7.24436E-01    5.69083E+03    5.15131E+03    6.23035E+03
 7.58578E-01    5.78688E+03    5.23826E+03    6.33551E+03
 7.94328E-01    5.88114E+03    5.32358E+03    6.43870E+03
 8.31764E-01    5.96558E+03    5.40001E+03    6.53115E+03
 8.70964E-01    6.07775E+03    5.50155E+03    6.65395E+03
 9.12011E-01    6.13891E+03    5.55691E+03    6.72091E+03
 9.54993E-01    6.24231E+03    5.65051E+03    6.83411E+03
 1.00000E+00    6.35959E+03    5.66352E+03    7.05567E+03
 1.04713E+00    6.43210E+03    5.72809E+03    7.13611E+03
 1.09648E+00    6.50802E+03    5.79570E+03    7.22034E+03
 1.14815E+00    6.59621E+03    5.87424E+03    7.31818E+03
 1.20226E+00    6.67667E+03    5.94589E+03    7.40745E+03
 1.25893E+00    6.73074E+03    5.99404E+03    7.46744E+03
 1.31826E+00    6.78353E+03    6.04105E+03    7.52600E+03
 1.38038E+00    6.82540E+03    6.07835E+03    7.57246E+03
 1.44544E+00    6.84961E+03    6.09990E+03    7.59932E+03
 1.51356E+00    6.86931E+03    6.11745E+03    7.62118E+03
 1.58489E+00    6.87584E+03    6.12326E+03    7.62842E+03
 1.65959E+00    6.86477E+03    6.11341E+03    7.61614E+03
 1.73780E+00    6.84924E+03    6.09957E+03    7.59891E+03
 1.81970E+00    6.81680E+03    5.74335E+03    7.89026E+03
 1.90546E+00    6.77993E+03    5.71228E+03    7.84758E+03
 1.99526E+00    6.72822E+03    5.66872E+03    7.78773E+03
 2.08930E+00    6.66951E+03    5.61925E+03    7.71977E+03
 2.18776E+00    6.60415E+03    5.56419E+03    7.64412E+03
 2.29087E+00    6.52527E+03    5.49772E+03    7.55281E+03
 2.39883E+00    6.44209E+03    5.42765E+03    7.45654E+03
 2.51189E+00    6.35500E+03    5.35427E+03    7.35573E+03
 2.63027E+00    6.26312E+03    5.59872E+03    6.92753E+03
 2.75423E+00    6.16332E+03    5.50950E+03    6.81714E+03
 2.88403E+00    6.05830E+03    5.41562E+03    6.70098E+03
 3.01995E+00    5.94832E+03    5.31731E+03    6.57933E+03
 3.16228E+00    5.83316E+03    5.21437E+03    6.45196E+03
 3.31131E+00    5.71258E+03    5.10657E+03    6.31858E+03
 3.46737E+00    5.58765E+03    4.99489E+03    6.18040E+03
 3.63078E+00    5.46522E+03    4.88546E+03    6.04499E+03
 3.80189E+00    5.33849E+03    4.77217E+03    5.90481E+03
 3.98107E+00    5.20710E+03    4.65472E+03    5.75949E+03
 4.16869E+00    5.07980E+03    4.54092E+03    5.61868E+03
 4.36516E+00    4.94873E+03    4.42375E+03    5.47370E+03
 4.57088E+00    4.82198E+03    4.31046E+03    5.33351E+03
 4.78630E+00    4.69854E+03    4.53739E+03    4.85968E+03
 5.01187E+00    4.58448E+03    4.42725E+03    4.74172E+03
 5.24807E+00    4.47877E+03    4.32516E+03    4.63237E+03
 5.49541E+00    4.38510E+03    4.23470E+03    4.53549E+03
 5.75440E+00    4.30864E+03    4.16087E+03    4.45642E+03
 6.02560E+00    4.24819E+03    4.10249E+03    4.39389E+03
 6.30957E+00    4.20726E+03    4.06296E+03    4.35155E+03
 6.60693E+00    4.18566E+03    4.01861E+03    4.35271E+03
 6.91831E+00    4.18022E+03    4.01339E+03    4.34705E+03
 7.24436E+00    4.18977E+03    4.02256E+03    4.35699E+03
 7.58578E+00    4.21962E+03    4.05121E+03    4.38802E+03
 7.94328E+00    4.26366E+03    4.09350E+03    4.43382E+03
 8.31764E+00    4.30993E+03    4.13792E+03    4.48194E+03
 8.70964E+00    4.36114E+03    4.18708E+03    4.53519E+03
 9.12011E+00    4.41767E+03    4.28744E+03    4.54789E+03
 9.54993E+00    4.47686E+03    4.34489E+03    4.60883E+03
 1.00000E+01    4.53605E+03    4.40233E+03    4.66977E+03
 1.04713E+01    4.59260E+03    4.45722E+03    4.72799E+03
 1.09648E+01    4.64634E+03    4.50937E+03    4.78331E+03
 1.14815E+01    4.69765E+03    4.55917E+03    4.83613E+03
 1.20226E+01    4.74440E+03    4.60454E+03    4.88426E+03
 1.25893E+01    4.78750E+03    4.64637E+03    4.92863E+03
 1.31826E+01    4.82414E+03    4.56678E+03    5.08150E+03
 1.38038E+01    4.85292E+03    4.59403E+03    5.11182E+03
 1.44544E+01    4.87208E+03    4.61216E+03    5.13199E+03
 1.51356E+01    4.87922E+03    4.61892E+03    5.13951E+03
 1.58489E+01    4.87186E+03    4.61196E+03    5.13177E+03
 1.65959E+01    4.84936E+03    4.47548E+03    5.22324E+03
 1.73780E+01    4.80914E+03    4.43836E+03    5.17992E+03
 1.81970E+01    4.74903E+03    4.38289E+03    5.11518E+03
 1.90546E+01    4.66952E+03    4.30950E+03    5.02953E+03
 1.99526E+01    4.57275E+03    4.22019E+03    4.92530E+03
 2.08930E+01    4.46507E+03    4.11040E+03    4.81974E+03
 2.18776E+01    4.35054E+03    4.00497E+03    4.69611E+03
 2.29087E+01    4.23442E+03    3.89807E+03    4.57077E+03
 2.39883E+01    4.12087E+03    3.79354E+03    4.44820E+03
 2.51189E+01    4.01226E+03    3.72045E+03    4.30406E+03
 2.63027E+01    3.90891E+03    3.62462E+03    4.19320E+03
 2.75423E+01    3.81049E+03    3.53336E+03    4.08763E+03
 2.88403E+01    3.71783E+03    3.47662E+03    3.95905E+03
 3.01995E+01    3.63556E+03    3.39968E+03    3.87143E+03
 3.16228E+01    3.56497E+03    3.33368E+03    3.79627E+03
 3.31131E+01    3.51093E+03    3.28314E+03    3.73871E+03
 3.46737E+01    3.47558E+03    3.25009E+03    3.70108E+03
 3.63078E+01    3.45909E+03    3.23466E+03    3.68351E+03
 3.80189E+01    3.45950E+03    3.23505E+03    3.68395E+03
 3.98107E+01    3.47476E+03    3.24932E+03    3.70020E+03
 4.16869E+01    3.50317E+03    3.27589E+03    3.73046E+03
 4.36516E+01    3.54312E+03    3.31325E+03    3.77300E+03
 4.57088E+01    3.59250E+03    3.35942E+03    3.82559E+03
 4.78630E+01    3.64840E+03    3.41169E+03    3.88510E+03
 5.01187E+01    3.70734E+03    3.46681E+03    3.94787E+03
 5.24807E+01    3.76582E+03    3.52150E+03    4.01015E+03
 5.49541E+01    3.82074E+03    3.57285E+03    4.06863E+03
 5.75440E+01    3.86928E+03    3.61824E+03    4.12032E+03
 6.02560E+01    3.90919E+03    3.65556E+03    4.16282E+03
 6.30957E+01    3.93759E+03    3.68212E+03    4.19306E+03
 6.60693E+01    3.95348E+03    3.69698E+03    4.20998E+03
 6.91831E+01    3.95517E+03    3.69856E+03    4.21178E+03
 7.24436E+01    3.94248E+03    3.68669E+03    4.19827E+03
 7.58578E+01    3.91527E+03    3.66124E+03    4.16929E+03
 7.94328E+01    3.87403E+03    3.62268E+03    4.12538E+03
 8.31764E+01    3.81976E+03    3.57193E+03    4.06758E+03
 8.70964E+01    3.75225E+03    3.50880E+03    3.99570E+03
 9.12011E+01    3.67482E+03    3.43640E+03    3.91324E+03
 9.54993E+01    3.58785E+03    3.35507E+03    3.82063E+03
 1.00000E+02    3.49355E+03    3.26688E+03    3.72021E+03
 1.04713E+02    3.39388E+03    3.17368E+03    3.61407E+03
 1.09648E+02    3.29015E+03    3.07668E+03    3.50361E+03
 1.14815E+02    3.18467E+03    2.97805E+03    3.39129E+03
 1.20226E+02    3.07868E+03    2.87894E+03    3.27843E+03
 1.25893E+02    2.97373E+03    2.78079E+03    3.16667E+03
 1.31826E+02    2.87132E+03    2.68503E+03    3.05761E+03
 1.38038E+02    2.77231E+03    2.59244E+03    2.95217E+03
 1.44544E+02    2.67798E+03    2.50423E+03    2.85173E+03
 1.51356E+02    2.58898E+03    2.42101E+03    2.75696E+03
 1.58489E+02    2.50600E+03    2.34341E+03    2.66859E+03
 1.65959E+02    2.42963E+03    2.27200E+03    2.58726E+03
 1.73780E+02    2.35931E+03    2.20624E+03    2.51238E+03
 1.81970E+02    2.29639E+03    2.14740E+03    2.44538E+03
 1.90546E+02    2.24027E+03    2.09492E+03    2.38562E+03
 1.99526E+02    1.13971E+02    1.06577E+02    1.21366E+02
