# p + Hf179 : (p,non)   
# tendl.2019 A.J. Koning                       EVAL-OCT19
# uncertainties: y
# # energies =    44
#   E(MeV)       xs(mb)       xslow(mb)      xsupp(mb)
 2.00000E+00    1.40724E-08    6.88330E-09    2.12615E-08
 3.00000E+00    7.08456E-05    3.32914E-05    1.08400E-04
 4.00000E+00    9.97807E-03    4.68884E-03    1.52673E-02
 5.00000E+00    2.66782E-01    1.69673E-01    3.63891E-01
 6.00000E+00    2.80010E+00    1.78086E+00    3.81934E+00
 7.00000E+00    1.60554E+01    1.37080E+01    1.84028E+01
 8.00000E+00    5.84163E+01    4.98756E+01    6.69570E+01
 9.00000E+00    1.44478E+02    1.23355E+02    1.65601E+02
 1.00000E+01    2.63479E+02    2.34221E+02    2.92737E+02
 1.10000E+01    3.95468E+02    3.51554E+02    4.39382E+02
 1.20000E+01    5.32175E+02    4.73080E+02    5.91270E+02
 1.30000E+01    6.69734E+02    5.95364E+02    7.44104E+02
 1.40000E+01    8.02459E+02    7.36873E+02    8.68045E+02
 1.50000E+01    9.24784E+02    8.49200E+02    1.00037E+03
 1.60000E+01    1.03274E+03    9.48333E+02    1.11715E+03
 1.70000E+01    1.12523E+03    1.03326E+03    1.21720E+03
 1.80000E+01    1.20452E+03    1.11496E+03    1.29408E+03
 1.90000E+01    1.27422E+03    1.17948E+03    1.36896E+03
 2.00000E+01    1.33682E+03    1.23743E+03    1.43621E+03
 2.20000E+01    1.44317E+03    1.34127E+03    1.54507E+03
 2.40000E+01    1.52716E+03    1.41933E+03    1.63499E+03
 2.60000E+01    1.59635E+03    1.49059E+03    1.70211E+03
 2.80000E+01    1.65578E+03    1.54609E+03    1.76547E+03
 3.00000E+01    1.70587E+03    1.59286E+03    1.81888E+03
 3.50000E+01    1.79324E+03    1.67444E+03    1.91204E+03
 4.00000E+01    1.84961E+03    1.72707E+03    1.97215E+03
 4.50000E+01    1.87886E+03    1.75439E+03    2.00333E+03
 5.00000E+01    1.89167E+03    1.76635E+03    2.01699E+03
 5.50000E+01    1.89192E+03    1.76658E+03    2.01726E+03
 6.00000E+01    1.88406E+03    1.75924E+03    2.00888E+03
 6.50000E+01    1.87081E+03    1.74687E+03    1.99475E+03
 7.00000E+01    1.85413E+03    1.73129E+03    1.97697E+03
 7.50000E+01    1.83547E+03    1.71387E+03    1.95707E+03
 8.00000E+01    1.81578E+03    1.69549E+03    1.93607E+03
 9.00000E+01    1.77583E+03    1.65818E+03    1.89348E+03
 1.00000E+02    1.73750E+03    1.62239E+03    1.85261E+03
 1.10000E+02    1.70218E+03    1.58941E+03    1.81495E+03
 1.20000E+02    1.67030E+03    1.55964E+03    1.78096E+03
 1.30000E+02    1.64187E+03    1.53310E+03    1.75064E+03
 1.40000E+02    1.61666E+03    1.50956E+03    1.72376E+03
 1.50000E+02    1.59437E+03    1.48874E+03    1.70000E+03
 1.60000E+02    1.57465E+03    1.47033E+03    1.67897E+03
 1.80000E+02    1.54168E+03    1.43954E+03    1.64382E+03
 2.00000E+02    1.51549E+03    1.41509E+03    1.61589E+03
