# n + Se  0 : (n,4n)
# tendl.2019 A.J. Koning and D. Rochman        EVAL-NOV19
# uncertainties: n
# # energies =    35
#   E(MeV)          xs(mb) 
 2.69491E+01    5.91099E-02
 2.70000E+01    6.32189E-02
 2.80000E+01    5.88336E-01
 2.90000E+01    2.54941E+00
 3.00000E+01    7.47569E+00
 3.00000E+01    7.47569E+00
 3.20000E+01    3.01392E+01
 3.40000E+01    6.93224E+01
 3.60000E+01    1.12878E+02
 3.80000E+01    1.52157E+02
 4.00000E+01    1.81167E+02
 4.20000E+01    1.98797E+02
 4.40000E+01    2.05177E+02
 4.60000E+01    2.01363E+02
 4.80000E+01    1.94141E+02
 5.00000E+01    1.83908E+02
 5.20000E+01    1.72831E+02
 5.40000E+01    1.64008E+02
 5.60000E+01    1.54646E+02
 5.80000E+01    1.44397E+02
 6.00000E+01    1.37615E+02
 6.50000E+01    1.22503E+02
 7.00000E+01    1.10804E+02
 7.50000E+01    1.02712E+02
 8.00000E+01    9.48098E+01
 9.00000E+01    8.32594E+01
 1.00000E+02    7.36577E+01
 1.10000E+02    6.60285E+01
 1.20000E+02    6.06107E+01
 1.30000E+02    5.58589E+01
 1.40000E+02    5.07703E+01
 1.50000E+02    4.70142E+01
 1.60000E+02    4.30863E+01
 1.80000E+02    3.68053E+01
 2.00000E+02    3.15732E+01
