253Rf  253  104    1    0    1    1    0.000000    2.470000
  1   0.000000   3.5  1  1.300E-02  0                 (7/2)(+#)  2 ?  0.0000E+00 %A      ?  0.0000E+00 %SF                                                                                                                                                                                      0.000000       
254Rf  254  104    1    0    1    1    8.430000    2.667000
  1   0.000000   0.0  1  2.300E-05  0                        0+  2 <  1.5000E+00 %A      ?  0.0000E+00 %SF                                                                                                                                                                                      0.000000       
255Rf  255  104    4    0    1    1    6.939000    2.831000
  1   0.000000   4.5 -1  1.660E+00  0                    (9/2-)  3 =  5.2000E+01 %SF     <  1.0000E+00 %EC+%B+ ?  0.0000E+00 %A                                                                                                                                                                 0.000000       
  2   0.063000  -1.0  0             0                            0                                                                                                                                                                                                                              0.000000       
  3   0.121000  -1.0  0             0                            0                                                                                                                                                                                                                              0.000000       
  4   0.656000  -1.0  0             0                            0                                                                                                                                                                                                                              0.000000       
256Rf  256  104    2    0    1    1    8.179000    3.013590
  1   0.000000   0.0  1  6.640E-03  0                        0+  2 =  3.2000E-01 %A      ?  0.0000E+00 %SF                                                                                                                                                                                      0.000000       
  2   0.051000   2.0  1             0                      (2+)  0                                                                                                                                                                                                                              0.000000       
257Rf  257  104   11   15    1    1    6.426390    3.167960
  1   0.000000   0.5  1  4.820E+00  0                    (1/2+)  3 =  1.9400E+01 %EC+%B+ =  1.3000E+00 %SF     ?  0.0000E+00 %A                                                                                                                                                                 0.000000       
  2   0.050000   2.5  1             0                    [5/2+]  0                                                                                                                                                                                                                              0.000000       
  3   0.075000   5.5 -1  4.100E+00  0                   (11/2-)  3 =  8.8000E+01 %A      =  1.1000E+01 %EC     LE 1.4000E+00 %SF                                                                                                                                                                0.000000  0    
  4   0.148000   6.5 -1             1                   (13/2-)  0                                                                                                                                                                                                                              0.000000  0    
                                          3      0.073  1.000E+00  1.000E+00  0.000E+00
  5   0.157000   1.5  1             2                    (3/2+)  0                                                                                                                                                                                                                              0.000000       
                                          2      0.107  0.000E+00  0.000E+00  0.000E+00
                                          1      0.157  0.000E+00  0.000E+00  0.000E+00
  6   0.234000   7.5 -1             2                   (15/2-)  0                                                                                                                                                                                                                              0.000000  0    
                                          4      0.086  0.000E+00  0.000E+00  0.000E+00
                                          3      0.159  0.000E+00  0.000E+00  0.000E+00
  7   0.334000   8.5 -1             2                   (17/2-)  0                                                                                                                                                                                                                              0.000000  0    
                                          6      0.100  0.000E+00  0.000E+00  0.000E+00
                                          4      0.186  0.000E+00  0.000E+00  0.000E+00
  8   0.446000   9.5 -1             2                   (19/2-)  0                                                                                                                                                                                                                              0.000000  0    
                                          7      0.112  0.000E+00  0.000E+00  0.000E+00
                                          6      0.212  0.000E+00  0.000E+00  0.000E+00
  9   0.572000  10.5 -1             2                   (21/2-)  0                                                                                                                                                                                                                              0.000000  0    
                                          8      0.126  0.000E+00  0.000E+00  0.000E+00
                                          7      0.238  0.000E+00  0.000E+00  0.000E+00
 10   0.711000  11.5 -1             2                   (23/2-)  0                                                                                                                                                                                                                              0.000000  0    
                                          9      0.139  0.000E+00  0.000E+00  0.000E+00
                                          8      0.265  0.000E+00  0.000E+00  0.000E+00
 11   1.157000  -1.0  0  1.399E-04  2               (21/2,23/2)  0                                                                                                                                                                                                                              0.000000       
                                         10      0.446  0.000E+00  0.000E+00  0.000E+00
                                          9      0.585  0.000E+00  0.000E+00  0.000E+00
258Rf  258  104    1    0    1    1    7.596670    3.554000
  1   0.000000   0.0  1  1.380E-02  0                        0+  2 =  8.7000E+01 %SF     =  1.3000E+01 %A                                                                                                                                                                                       0.000000       
259Rf  259  104    1    0    1    1    6.051000    3.711000
  1   0.000000   3.5  1  2.630E+00  0                     7/2+#  3 =  9.2000E+01 %A      =  8.0000E+00 %SF     =  3.0000E-01 %EC+%B+                                                                                                                                                            0.000000       
260Rf  260  104    1    0    1    1    7.285000    3.993000
  1   0.000000   0.0  1  2.100E-02  0                        0+  3 =  2.0000E+00 %A      =  1.0000E-02 %EC     ?  0.0000E+00 %SF                                                                                                                                                                0.000000       
261Rf  261  104    2    0    1    1    5.898000    4.244000
  1   0.000000   1.5  1  2.200E+00  0                     3/2+#  2 =  7.3000E+01 %SF     =  2.7000E+01 %A                                                                                                                                                                                       0.000000       
  2   0.070000  -1.0  0  7.800E+01  0   X                        1 LT 1.1000E+01 %SF                                                                                                                                                                                                            0.070000       
262Rf  262  104    2    0    1    1    6.999000    4.457000
  1   0.000000   0.0  1  2.500E-01  0                        0+  1 AP 1.0000E+02 %SF                                                                                                                                                                                                            0.000000       
  2   0.254000  -1.0  0             0                            0                                                                                                                                                                                                                              0.000000       
263Rf  263  104    1    0    1    1    5.677000    4.604000
  1   0.000000   1.5  1  6.600E+02  0                     3/2+#  2 =  3.0000E+01 %A      ?  0.0000E+00 %SF                                                                                                                                                                                      0.000000       
264Rf  264  104    1    0    1    1    6.782000    4.942000
  1   0.000000   0.0  1  3.600E+03  0                        0+  1 ?  0.0000E+00 %A                                                                                                                                                                                                             0.000000       
265Rf  265  104    1    0    1    1    5.458000    4.976000
  1   0.000000   1.5  1  3.960E+02  0   X                 3/2+#  2 AP 1.0000E+02 %SF     ?  0.0000E+00 %A                                                                                                                                                                                       0.000000       
266Rf  266  104    1    0    1    1    6.685000    5.446000
  1   0.000000   0.0  1  1.440E+04  0                        0+  2 ?  0.0000E+00 %A      ?  0.0000E+00 %SF                                                                                                                                                                                      0.000000       
267Rf  267  104    1    0    1    1    4.703000    5.466000
  1   0.000000  -1.0  0  9.000E+03  0   X                        1 =  1.0000E+02 %SF                                                                                                                                                                                                            0.000000       
268Rf  268  104    1    0    1    1    6.041000    0.000000
  1   0.000000   0.0  1  3.600E+03  0                        0+  2 ?  0.0000E+00 %A      ?  0.0000E+00 %SF                                                                                                                                                                                      0.000000       
