# n + Es252 : (n,a)     
# tendl.2019 A.J. Koning and D. Rochman        EVAL-NOV19
# uncertainties: y
# # energies =   645
#   E(MeV)       xs(mb)       xslow(mb)      xsupp(mb)
 1.00000E-11    1.26309E-02    0.00000E+00    1.17595E-01
 1.03223E-11    1.24321E-02    0.00000E+00    1.15745E-01
 1.06549E-11    1.22366E-02    0.00000E+00    1.13924E-01
 1.09984E-11    1.20440E-02    0.00000E+00    1.12131E-01
 1.13527E-11    1.18545E-02    0.00000E+00    1.10367E-01
 1.17186E-11    1.16680E-02    0.00000E+00    1.08631E-01
 1.20962E-11    1.14844E-02    0.00000E+00    1.06921E-01
 1.24861E-11    1.13037E-02    0.00000E+00    1.05239E-01
 1.28884E-11    1.11259E-02    0.00000E+00    1.03584E-01
 1.33038E-11    1.09508E-02    0.00000E+00    1.01953E-01
 1.37325E-11    1.07785E-02    0.00000E+00    1.00349E-01
 1.41751E-11    1.06089E-02    0.00000E+00    9.87703E-02
 1.46318E-11    1.04420E-02    0.00000E+00    9.72165E-02
 1.51034E-11    1.02777E-02    0.00000E+00    9.56868E-02
 1.55901E-11    1.01160E-02    0.00000E+00    9.41814E-02
 1.60926E-11    9.95684E-03    0.00000E+00    9.26996E-02
 1.66111E-11    9.80020E-03    0.00000E+00    9.12412E-02
 1.71465E-11    9.64598E-03    0.00000E+00    8.98054E-02
 1.76990E-11    9.49424E-03    0.00000E+00    8.83927E-02
 1.82694E-11    9.34484E-03    0.00000E+00    8.70017E-02
 1.88581E-11    9.19783E-03    0.00000E+00    8.56331E-02
 1.94659E-11    9.05309E-03    0.00000E+00    8.42855E-02
 2.00931E-11    8.91067E-03    0.00000E+00    8.29596E-02
 2.07407E-11    8.77045E-03    0.00000E+00    8.16541E-02
 2.14090E-11    8.63248E-03    0.00000E+00    8.03696E-02
 2.20991E-11    8.49664E-03    0.00000E+00    7.91049E-02
 2.28111E-11    8.36297E-03    0.00000E+00    7.78604E-02
 2.35464E-11    8.23137E-03    0.00000E+00    7.66352E-02
 2.43051E-11    8.10188E-03    0.00000E+00    7.54296E-02
 2.50884E-11    7.97439E-03    0.00000E+00    7.42427E-02
 2.58968E-11    7.84894E-03    0.00000E+00    7.30747E-02
 2.67315E-11    7.72543E-03    0.00000E+00    7.19248E-02
 2.75928E-11    7.60389E-03    0.00000E+00    7.07933E-02
 2.84822E-11    7.48424E-03    0.00000E+00    6.96793E-02
 2.93999E-11    7.36650E-03    0.00000E+00    6.85831E-02
 3.03475E-11    7.25058E-03    0.00000E+00    6.75039E-02
 3.13253E-11    7.13652E-03    0.00000E+00    6.64420E-02
 3.23350E-11    7.02422E-03    0.00000E+00    6.53965E-02
 3.33769E-11    6.91371E-03    0.00000E+00    6.43676E-02
 3.44526E-11    6.80492E-03    0.00000E+00    6.33547E-02
 3.55627E-11    6.69787E-03    0.00000E+00    6.23581E-02
 3.67089E-11    6.59247E-03    0.00000E+00    6.13768E-02
 3.78918E-11    6.48876E-03    0.00000E+00    6.04113E-02
 3.91130E-11    6.38665E-03    0.00000E+00    5.94606E-02
 4.03734E-11    6.28618E-03    0.00000E+00    5.85252E-02
 4.16746E-11    6.18726E-03    0.00000E+00    5.76042E-02
 4.30174E-11    6.08992E-03    0.00000E+00    5.66980E-02
 4.44039E-11    5.99410E-03    0.00000E+00    5.58059E-02
 4.58347E-11    5.89980E-03    0.00000E+00    5.49280E-02
 4.73119E-11    5.80696E-03    0.00000E+00    5.40636E-02
 4.88364E-11    5.71560E-03    0.00000E+00    5.32130E-02
 5.04104E-11    5.62567E-03    0.00000E+00    5.23758E-02
 5.20348E-11    5.53716E-03    0.00000E+00    5.15517E-02
 5.37119E-11    5.45003E-03    0.00000E+00    5.07405E-02
 5.54426E-11    5.36429E-03    0.00000E+00    4.99423E-02
 5.72295E-11    5.27988E-03    0.00000E+00    4.91564E-02
 5.90736E-11    5.19682E-03    0.00000E+00    4.83831E-02
 6.09775E-11    5.11504E-03    0.00000E+00    4.76217E-02
 6.29424E-11    5.03457E-03    0.00000E+00    4.68725E-02
 6.49710E-11    4.95535E-03    0.00000E+00    4.61350E-02
 6.70645E-11    4.87739E-03    0.00000E+00    4.54092E-02
 6.92260E-11    4.80065E-03    0.00000E+00    4.46947E-02
 7.14566E-11    4.72512E-03    0.00000E+00    4.39915E-02
 7.37596E-11    4.65077E-03    0.00000E+00    4.32993E-02
 7.61364E-11    4.57760E-03    0.00000E+00    4.26181E-02
 7.85902E-11    4.50557E-03    0.00000E+00    4.19475E-02
 8.11227E-11    4.43469E-03    0.00000E+00    4.12876E-02
 8.37372E-11    4.36491E-03    0.00000E+00    4.06379E-02
 8.64355E-11    4.29624E-03    0.00000E+00    3.99986E-02
 8.92212E-11    4.22863E-03    0.00000E+00    3.93691E-02
 9.20962E-11    4.16211E-03    0.00000E+00    3.87498E-02
 9.50644E-11    4.09662E-03    0.00000E+00    3.81401E-02
 9.81277E-11    4.03217E-03    0.00000E+00    3.75401E-02
 1.01291E-10    3.96871E-03    0.00000E+00    3.69492E-02
 1.04554E-10    3.90628E-03    0.00000E+00    3.63680E-02
 1.07924E-10    3.84481E-03    0.00000E+00    3.57957E-02
 1.11402E-10    3.78433E-03    0.00000E+00    3.52326E-02
 1.14992E-10    3.72477E-03    0.00000E+00    3.46781E-02
 1.18697E-10    3.66618E-03    0.00000E+00    3.41326E-02
 1.22523E-10    3.60849E-03    0.00000E+00    3.35955E-02
 1.26471E-10    3.55172E-03    0.00000E+00    3.30670E-02
 1.30547E-10    3.49583E-03    0.00000E+00    3.25467E-02
 1.34754E-10    3.44084E-03    0.00000E+00    3.20347E-02
 1.39097E-10    3.38669E-03    0.00000E+00    3.15306E-02
 1.43579E-10    3.33341E-03    0.00000E+00    3.10345E-02
 1.48207E-10    3.28096E-03    0.00000E+00    3.05462E-02
 1.52982E-10    3.22934E-03    0.00000E+00    3.00656E-02
 1.57913E-10    3.17853E-03    0.00000E+00    2.95926E-02
 1.63001E-10    3.12852E-03    0.00000E+00    2.91270E-02
 1.68254E-10    3.07929E-03    0.00000E+00    2.86686E-02
 1.73676E-10    3.03085E-03    0.00000E+00    2.82176E-02
 1.79274E-10    2.98316E-03    0.00000E+00    2.77736E-02
 1.85050E-10    2.93623E-03    0.00000E+00    2.73367E-02
 1.91014E-10    2.89002E-03    0.00000E+00    2.69065E-02
 1.97169E-10    2.84456E-03    0.00000E+00    2.64832E-02
 2.03524E-10    2.79980E-03    0.00000E+00    2.60665E-02
 2.10082E-10    2.75575E-03    0.00000E+00    2.56564E-02
 2.16853E-10    2.71239E-03    0.00000E+00    2.52527E-02
 2.23840E-10    2.66972E-03    0.00000E+00    2.48555E-02
 2.31055E-10    2.62771E-03    0.00000E+00    2.44643E-02
 2.38500E-10    2.58637E-03    0.00000E+00    2.40795E-02
 2.46187E-10    2.54567E-03    0.00000E+00    2.37005E-02
 2.54120E-10    2.50562E-03    0.00000E+00    2.33277E-02
 2.62310E-10    2.46619E-03    0.00000E+00    2.29606E-02
 2.70762E-10    2.42739E-03    0.00000E+00    2.25993E-02
 2.79489E-10    2.38920E-03    0.00000E+00    2.22438E-02
 2.88494E-10    2.35161E-03    0.00000E+00    2.18938E-02
 2.97793E-10    2.31461E-03    0.00000E+00    2.15493E-02
 3.07388E-10    2.27819E-03    0.00000E+00    2.12103E-02
 3.17295E-10    2.24234E-03    0.00000E+00    2.08765E-02
 3.27519E-10    2.20707E-03    0.00000E+00    2.05481E-02
 3.38075E-10    2.17234E-03    0.00000E+00    2.02248E-02
 3.48969E-10    2.13816E-03    0.00000E+00    1.99066E-02
 3.60216E-10    2.10452E-03    0.00000E+00    1.95934E-02
 3.71823E-10    2.07141E-03    0.00000E+00    1.92851E-02
 3.83807E-10    2.03882E-03    0.00000E+00    1.89817E-02
 3.96174E-10    2.00674E-03    0.00000E+00    1.86830E-02
 4.08943E-10    1.97516E-03    0.00000E+00    1.83890E-02
 4.22120E-10    1.94409E-03    0.00000E+00    1.80997E-02
 4.35725E-10    1.91350E-03    0.00000E+00    1.78150E-02
 4.49765E-10    1.88340E-03    0.00000E+00    1.75347E-02
 4.64261E-10    1.85376E-03    0.00000E+00    1.72588E-02
 4.79221E-10    1.82460E-03    0.00000E+00    1.69873E-02
 4.94666E-10    1.79588E-03    0.00000E+00    1.67199E-02
 5.10605E-10    1.76763E-03    0.00000E+00    1.64569E-02
 5.27062E-10    1.73982E-03    0.00000E+00    1.61980E-02
 5.44045E-10    1.71245E-03    0.00000E+00    1.59431E-02
 5.61580E-10    1.68550E-03    0.00000E+00    1.56922E-02
 5.79675E-10    1.65898E-03    0.00000E+00    1.54453E-02
 5.98358E-10    1.63288E-03    0.00000E+00    1.52023E-02
 6.17639E-10    1.60719E-03    0.00000E+00    1.49632E-02
 6.37545E-10    1.58190E-03    0.00000E+00    1.47277E-02
 6.58089E-10    1.55701E-03    0.00000E+00    1.44960E-02
 6.79298E-10    1.53251E-03    0.00000E+00    1.42679E-02
 7.01188E-10    1.50840E-03    0.00000E+00    1.40434E-02
 7.23786E-10    1.48467E-03    0.00000E+00    1.38225E-02
 7.47109E-10    1.46131E-03    0.00000E+00    1.36050E-02
 7.71188E-10    1.43832E-03    0.00000E+00    1.33910E-02
 7.96038E-10    1.41569E-03    0.00000E+00    1.31803E-02
 8.21693E-10    1.39341E-03    0.00000E+00    1.29728E-02
 8.48171E-10    1.37149E-03    0.00000E+00    1.27688E-02
 8.75507E-10    1.34991E-03    0.00000E+00    1.25678E-02
 9.03719E-10    1.32867E-03    0.00000E+00    1.23701E-02
 9.32845E-10    1.30776E-03    0.00000E+00    1.21754E-02
 9.62904E-10    1.28719E-03    0.00000E+00    1.19839E-02
 9.93937E-10    1.26694E-03    0.00000E+00    1.17954E-02
 1.02597E-09    1.24700E-03    0.00000E+00    1.16097E-02
 1.05903E-09    1.22738E-03    0.00000E+00    1.14271E-02
 1.09316E-09    1.20807E-03    0.00000E+00    1.12473E-02
 1.12839E-09    1.18906E-03    0.00000E+00    1.10703E-02
 1.16475E-09    1.17036E-03    0.00000E+00    1.08962E-02
 1.20229E-09    1.15194E-03    0.00000E+00    1.07247E-02
 1.24103E-09    1.13382E-03    0.00000E+00    1.05560E-02
 1.28103E-09    1.11598E-03    0.00000E+00    1.03899E-02
 1.32231E-09    1.09842E-03    0.00000E+00    1.02264E-02
 1.36492E-09    1.08114E-03    0.00000E+00    1.00656E-02
 1.40890E-09    1.06413E-03    0.00000E+00    9.90720E-03
 1.45431E-09    1.04738E-03    0.00000E+00    9.75125E-03
 1.50117E-09    1.03090E-03    0.00000E+00    9.59782E-03
 1.54956E-09    1.01468E-03    0.00000E+00    9.44681E-03
 1.59949E-09    9.98720E-04    0.00000E+00    9.29822E-03
 1.65104E-09    9.83005E-04    0.00000E+00    9.15191E-03
 1.70424E-09    9.67540E-04    0.00000E+00    9.00793E-03
 1.75917E-09    9.52316E-04    0.00000E+00    8.86619E-03
 1.81585E-09    9.37335E-04    0.00000E+00    8.72672E-03
 1.87438E-09    9.22587E-04    0.00000E+00    8.58941E-03
 1.93477E-09    9.08073E-04    0.00000E+00    8.45429E-03
 1.99713E-09    8.93787E-04    0.00000E+00    8.32128E-03
 2.06148E-09    8.79727E-04    0.00000E+00    8.19038E-03
 2.12792E-09    8.65887E-04    0.00000E+00    8.06153E-03
 2.19649E-09    8.52268E-04    0.00000E+00    7.93473E-03
 2.26728E-09    8.38863E-04    0.00000E+00    7.80993E-03
 2.34034E-09    8.25671E-04    0.00000E+00    7.68711E-03
 2.41577E-09    8.12686E-04    0.00000E+00    7.56622E-03
 2.49362E-09    7.99909E-04    0.00000E+00    7.44726E-03
 2.57398E-09    7.87333E-04    0.00000E+00    7.33018E-03
 2.65692E-09    7.74959E-04    0.00000E+00    7.21498E-03
 2.74255E-09    7.62781E-04    0.00000E+00    7.10160E-03
 2.83093E-09    7.50799E-04    0.00000E+00    6.99004E-03
 2.92217E-09    7.39007E-04    0.00000E+00    6.88026E-03
 3.01633E-09    7.27406E-04    0.00000E+00    6.77225E-03
 3.11354E-09    7.15990E-04    0.00000E+00    6.66597E-03
 3.21387E-09    7.04759E-04    0.00000E+00    6.56140E-03
 3.31745E-09    6.93707E-04    0.00000E+00    6.45851E-03
 3.42435E-09    6.82834E-04    0.00000E+00    6.35728E-03
 3.53471E-09    6.72135E-04    0.00000E+00    6.25767E-03
 3.64861E-09    6.61609E-04    0.00000E+00    6.15967E-03
 3.76620E-09    6.51250E-04    0.00000E+00    6.06323E-03
 3.88757E-09    6.41057E-04    0.00000E+00    5.96833E-03
 4.01286E-09    6.31025E-04    0.00000E+00    5.87493E-03
 4.14217E-09    6.21152E-04    0.00000E+00    5.78301E-03
 4.27566E-09    6.11433E-04    0.00000E+00    5.69253E-03
 4.41344E-09    6.01866E-04    0.00000E+00    5.60346E-03
 4.55568E-09    5.92445E-04    0.00000E+00    5.51575E-03
 4.70248E-09    5.83171E-04    0.00000E+00    5.42940E-03
 4.85404E-09    5.74036E-04    0.00000E+00    5.34435E-03
 5.01045E-09    5.65042E-04    0.00000E+00    5.26062E-03
 5.17193E-09    5.56183E-04    0.00000E+00    5.17814E-03
 5.33859E-09    5.47460E-04    0.00000E+00    5.09693E-03
 5.51065E-09    5.38868E-04    0.00000E+00    5.01694E-03
 5.68822E-09    5.30408E-04    0.00000E+00    4.93817E-03
 5.87154E-09    5.22076E-04    0.00000E+00    4.86060E-03
 6.06075E-09    5.13872E-04    0.00000E+00    4.78422E-03
 6.25608E-09    5.05794E-04    0.00000E+00    4.70901E-03
 6.45767E-09    4.97842E-04    0.00000E+00    4.63498E-03
 6.66579E-09    4.90012E-04    0.00000E+00    4.56208E-03
 6.88059E-09    4.82305E-04    0.00000E+00    4.49033E-03
 7.10234E-09    4.74717E-04    0.00000E+00    4.41968E-03
 7.33121E-09    4.67250E-04    0.00000E+00    4.35016E-03
 7.56748E-09    4.59898E-04    0.00000E+00    4.28171E-03
 7.81133E-09    4.52663E-04    0.00000E+00    4.21436E-03
 8.06308E-09    4.45540E-04    0.00000E+00    4.14804E-03
 8.32291E-09    4.38531E-04    0.00000E+00    4.08278E-03
 8.59114E-09    4.31631E-04    0.00000E+00    4.01854E-03
 8.86798E-09    4.24840E-04    0.00000E+00    3.95532E-03
 9.15378E-09    4.18155E-04    0.00000E+00    3.89308E-03
 9.44875E-09    4.11576E-04    0.00000E+00    3.83183E-03
 9.75327E-09    4.05100E-04    0.00000E+00    3.77154E-03
 1.00676E-08    3.98727E-04    0.00000E+00    3.71220E-03
 1.03920E-08    3.92453E-04    0.00000E+00    3.65379E-03
 1.07269E-08    3.86279E-04    0.00000E+00    3.59631E-03
 1.10726E-08    3.80201E-04    0.00000E+00    3.53972E-03
 1.14294E-08    3.74219E-04    0.00000E+00    3.48403E-03
 1.17978E-08    3.68331E-04    0.00000E+00    3.42921E-03
 1.21779E-08    3.62536E-04    0.00000E+00    3.37526E-03
 1.25704E-08    3.56831E-04    0.00000E+00    3.32215E-03
 1.29755E-08    3.51217E-04    0.00000E+00    3.26988E-03
 1.33937E-08    3.45691E-04    0.00000E+00    3.21843E-03
 1.38253E-08    3.40252E-04    0.00000E+00    3.16779E-03
 1.42708E-08    3.34898E-04    0.00000E+00    3.11795E-03
 1.47307E-08    3.29630E-04    0.00000E+00    3.06890E-03
 1.52054E-08    3.24443E-04    0.00000E+00    3.02061E-03
 1.56954E-08    3.19338E-04    0.00000E+00    2.97308E-03
 1.62012E-08    3.14314E-04    0.00000E+00    2.92631E-03
 1.67233E-08    3.09369E-04    0.00000E+00    2.88027E-03
 1.72623E-08    3.04500E-04    0.00000E+00    2.83494E-03
 1.78185E-08    2.99709E-04    0.00000E+00    2.79033E-03
 1.83928E-08    2.94991E-04    0.00000E+00    2.74641E-03
 1.89855E-08    2.90347E-04    0.00000E+00    2.70317E-03
 1.95974E-08    2.85773E-04    0.00000E+00    2.66059E-03
 2.02289E-08    2.81267E-04    0.00000E+00    2.61863E-03
 2.08808E-08    2.76827E-04    0.00000E+00    2.57730E-03
 2.15537E-08    2.72455E-04    0.00000E+00    2.53659E-03
 2.22483E-08    2.68154E-04    0.00000E+00    2.49655E-03
 2.29168E-08    2.64212E-04    0.00000E+00    2.45985E-03
 2.36053E-08    2.60346E-04    0.00000E+00    2.42386E-03
 2.43146E-08    2.56561E-04    0.00000E+00    2.38862E-03
 2.50451E-08    2.52858E-04    0.00000E+00    2.35414E-03
 2.52522E-08    2.51841E-04    0.00000E+00    2.34467E-03
 2.53000E-08    2.51609E-04    0.00000E+00    1.56198E-03
 2.61154E-08    2.47743E-04    0.00000E+00    1.53798E-03
 2.70140E-08    2.43678E-04    0.00000E+00    1.51274E-03
 2.80027E-08    2.39396E-04    0.00000E+00    1.48616E-03
 2.90277E-08    2.35131E-04    0.00000E+00    1.45968E-03
 3.00266E-08    2.31139E-04    0.00000E+00    1.43490E-03
 3.09942E-08    2.27438E-04    0.00000E+00    1.41192E-03
 3.19254E-08    2.24038E-04    0.00000E+00    1.39082E-03
 3.28846E-08    2.20702E-04    0.00000E+00    1.37011E-03
 3.38727E-08    2.17432E-04    0.00000E+00    1.34981E-03
 3.48904E-08    2.14229E-04    0.00000E+00    1.32992E-03
 3.59387E-08    2.11093E-04    0.00000E+00    1.31045E-03
 3.69404E-08    2.08253E-04    0.00000E+00    1.29282E-03
 3.78897E-08    2.05715E-04    0.00000E+00    1.27707E-03
 3.86995E-08    2.03697E-04    0.00000E+00    1.26454E-03
 3.93597E-08    2.02184E-04    0.00000E+00    1.25515E-03
 3.99465E-08    2.00975E-04    0.00000E+00    1.24764E-03
 4.04565E-08    2.00061E-04    0.00000E+00    1.24197E-03
 4.08866E-08    1.99416E-04    0.00000E+00    1.23796E-03
 4.13211E-08    1.98906E-04    0.00000E+00    1.23480E-03
 4.16721E-08    1.98616E-04    0.00000E+00    1.23300E-03
 4.20261E-08    1.98452E-04    0.00000E+00    1.23198E-03
 4.22489E-08    1.98422E-04    0.00000E+00    1.23179E-03
 4.25626E-08    1.98484E-04    0.00000E+00    1.23218E-03
 4.28336E-08    1.98643E-04    0.00000E+00    1.23317E-03
 4.31061E-08    1.98909E-04    0.00000E+00    1.23482E-03
 4.33805E-08    1.99291E-04    0.00000E+00    1.23719E-03
 4.36565E-08    1.99797E-04    0.00000E+00    1.24033E-03
 4.39344E-08    2.00435E-04    0.00000E+00    1.24429E-03
 4.42139E-08    2.01212E-04    0.00000E+00    1.24911E-03
 4.44953E-08    2.02134E-04    0.00000E+00    1.25484E-03
 4.47784E-08    2.03206E-04    0.00000E+00    1.26149E-03
 4.50634E-08    2.04435E-04    0.00000E+00    1.26912E-03
 4.52842E-08    2.05489E-04    0.00000E+00    1.27566E-03
 4.55725E-08    2.07000E-04    0.00000E+00    1.28504E-03
 4.58624E-08    2.08672E-04    0.00000E+00    1.29542E-03
 4.61543E-08    2.10507E-04    0.00000E+00    1.30682E-03
 4.64480E-08    2.12502E-04    0.00000E+00    1.31920E-03
 4.67436E-08    2.14658E-04    0.00000E+00    1.33259E-03
 4.70410E-08    2.16968E-04    0.00000E+00    1.34693E-03
 4.73405E-08    2.19432E-04    0.00000E+00    1.36222E-03
 4.76416E-08    2.22043E-04    0.00000E+00    1.37843E-03
 4.79449E-08    2.24799E-04    0.00000E+00    1.39554E-03
 4.82499E-08    2.27690E-04    0.00000E+00    1.41349E-03
 4.85571E-08    2.30715E-04    0.00000E+00    1.43227E-03
 4.89695E-08    2.34943E-04    0.00000E+00    1.45851E-03
 4.93855E-08    2.39380E-04    0.00000E+00    1.48606E-03
 4.98049E-08    2.44013E-04    0.00000E+00    1.51482E-03
 5.02280E-08    2.48831E-04    0.00000E+00    1.54473E-03
 5.07617E-08    2.55093E-04    0.00000E+00    1.58360E-03
 5.13014E-08    2.61607E-04    0.00000E+00    1.62404E-03
 5.18465E-08    2.68349E-04    0.00000E+00    1.66590E-03
 5.25085E-08    2.76727E-04    0.00000E+00    1.71791E-03
 5.31789E-08    2.85397E-04    0.00000E+00    1.77173E-03
 5.39720E-08    2.95863E-04    0.00000E+00    1.83670E-03
 5.47767E-08    3.06691E-04    0.00000E+00    1.90392E-03
 5.55937E-08    3.17889E-04    0.00000E+00    1.97344E-03
 5.64225E-08    3.29461E-04    0.00000E+00    2.04528E-03
 5.72640E-08    3.41443E-04    0.00000E+00    2.11966E-03
 5.81178E-08    3.53860E-04    0.00000E+00    2.19674E-03
 5.88598E-08    3.64883E-04    0.00000E+00    2.26517E-03
 5.96114E-08    3.76280E-04    0.00000E+00    2.33593E-03
 6.03725E-08    3.88066E-04    0.00000E+00    2.40909E-03
 6.11433E-08    4.00251E-04    0.00000E+00    2.48474E-03
 6.20552E-08    4.14974E-04    0.00000E+00    2.57614E-03
 6.29804E-08    4.30230E-04    0.00000E+00    2.67084E-03
 6.39197E-08    4.46016E-04    0.00000E+00    2.76884E-03
 6.48727E-08    4.62318E-04    0.00000E+00    2.87005E-03
 6.58402E-08    4.79155E-04    0.00000E+00    2.97457E-03
 6.68219E-08    4.96552E-04    0.00000E+00    3.08257E-03
 6.78184E-08    5.14572E-04    0.00000E+00    3.19443E-03
 6.86843E-08    5.30560E-04    0.00000E+00    3.29369E-03
 6.95613E-08    5.47096E-04    0.00000E+00    3.39634E-03
 7.04495E-08    5.64217E-04    0.00000E+00    3.50263E-03
 7.13490E-08    5.81946E-04    0.00000E+00    3.61269E-03
 7.22599E-08    6.00290E-04    0.00000E+00    3.72657E-03
 7.33373E-08    6.22452E-04    0.00000E+00    3.86415E-03
 7.44311E-08    6.45411E-04    0.00000E+00    4.00668E-03
 7.57008E-08    6.72569E-04    0.00000E+00    4.17527E-03
 7.69923E-08    7.00693E-04    0.00000E+00    4.34986E-03
 7.83058E-08    7.29831E-04    0.00000E+00    4.53075E-03
 7.94733E-08    7.56252E-04    0.00000E+00    4.69477E-03
 8.04880E-08    7.79687E-04    0.00000E+00    4.84025E-03
 8.15157E-08    8.03936E-04    0.00000E+00    4.99079E-03
 8.25565E-08    8.29072E-04    0.00000E+00    5.14683E-03
 8.36106E-08    8.55143E-04    0.00000E+00    5.30868E-03
 8.46781E-08    8.82166E-04    0.00000E+00    5.47644E-03
 8.57593E-08    9.10121E-04    0.00000E+00    5.64998E-03
 8.70383E-08    9.43856E-04    0.00000E+00    5.85941E-03
 8.85232E-08    9.83764E-04    0.00000E+00    6.10715E-03
 9.00334E-08    1.02503E-03    0.00000E+00    6.36333E-03
 9.15693E-08    1.06768E-03    0.00000E+00    6.62810E-03
 9.29346E-08    1.10625E-03    0.00000E+00    6.86754E-03
 9.43206E-08    1.14622E-03    0.00000E+00    7.11567E-03
 9.55249E-08    1.18175E-03    0.00000E+00    7.33624E-03
 9.67446E-08    1.21862E-03    0.00000E+00    7.56513E-03
 9.79798E-08    1.25694E-03    0.00000E+00    7.80301E-03
 9.92308E-08    1.29673E-03    0.00000E+00    8.05003E-03
 1.00498E-07    1.33797E-03    0.00000E+00    8.30605E-03
 1.01996E-07    1.38779E-03    0.00000E+00    8.61533E-03
 1.03736E-07    1.44675E-03    0.00000E+00    8.98135E-03
 1.05729E-07    1.51538E-03    0.00000E+00    9.40740E-03
 1.07761E-07    1.58640E-03    0.00000E+00    9.84829E-03
 1.09368E-07    1.64354E-03    0.00000E+00    1.02030E-02
 1.10764E-07    1.69412E-03    0.00000E+00    1.05170E-02
 1.12178E-07    1.74648E-03    0.00000E+00    1.08421E-02
 1.13370E-07    1.79165E-03    0.00000E+00    1.11225E-02
 1.14576E-07    1.83838E-03    0.00000E+00    1.14126E-02
 1.15793E-07    1.88669E-03    0.00000E+00    1.17125E-02
 1.17272E-07    1.94678E-03    0.00000E+00    1.20855E-02
 1.18769E-07    2.00903E-03    0.00000E+00    1.24719E-02
 1.20540E-07    2.08413E-03    0.00000E+00    1.29382E-02
 1.22856E-07    2.18398E-03    0.00000E+00    1.35580E-02
 1.25481E-07    2.29877E-03    0.00000E+00    1.42706E-02
 1.27893E-07    2.40575E-03    0.00000E+00    1.49348E-02
 1.29799E-07    2.49198E-03    0.00000E+00    1.54701E-02
 1.31457E-07    2.56863E-03    0.00000E+00    1.59459E-02
 1.32854E-07    2.63482E-03    0.00000E+00    1.63568E-02
 1.34266E-07    2.70333E-03    0.00000E+00    1.67821E-02
 1.35693E-07    2.77435E-03    0.00000E+00    1.72230E-02
 1.37135E-07    2.84785E-03    0.00000E+00    1.76793E-02
 1.38886E-07    2.93922E-03    0.00000E+00    1.82465E-02
 1.40958E-07    3.04972E-03    0.00000E+00    1.89325E-02
 1.43665E-07    3.19680E-03    0.00000E+00    1.98456E-02
 1.47358E-07    3.40010E-03    0.00000E+00    2.11076E-02
 1.50189E-07    3.55801E-03    0.00000E+00    2.20879E-02
 1.52428E-07    3.68504E-03    0.00000E+00    2.28765E-02
 1.54374E-07    3.79790E-03    0.00000E+00    2.35772E-02
 1.56016E-07    3.89545E-03    0.00000E+00    2.41827E-02
 1.57674E-07    3.99658E-03    0.00000E+00    2.48106E-02
 1.59350E-07    4.10164E-03    0.00000E+00    2.54628E-02
 1.61043E-07    4.21058E-03    0.00000E+00    2.61391E-02
 1.63099E-07    4.34623E-03    0.00000E+00    2.69812E-02
 1.65532E-07    4.51041E-03    0.00000E+00    2.80004E-02
 1.69069E-07    4.75354E-03    0.00000E+00    2.95097E-02
 1.73781E-07    5.08132E-03    0.00000E+00    3.15446E-02
 1.77120E-07    5.31653E-03    0.00000E+00    3.30047E-02
 1.79381E-07    5.47871E-03    0.00000E+00    3.40115E-02
 1.81288E-07    5.61842E-03    0.00000E+00    3.48788E-02
 1.83215E-07    5.76342E-03    0.00000E+00    3.57790E-02
 1.84771E-07    5.88378E-03    0.00000E+00    3.65262E-02
 1.86341E-07    6.00839E-03    0.00000E+00    3.72998E-02
 1.87923E-07    6.13738E-03    0.00000E+00    3.81005E-02
 1.89920E-07    6.30457E-03    0.00000E+00    3.91384E-02
 1.91939E-07    6.47794E-03    0.00000E+00    4.02147E-02
 1.94801E-07    6.72915E-03    0.00000E+00    4.17742E-02
 1.98964E-07    7.10098E-03    0.00000E+00    4.40825E-02
 2.10209E-07    8.11217E-03    0.00000E+00    5.03599E-02
 2.13344E-07    8.38926E-03    0.00000E+00    5.20801E-02
 2.15156E-07    8.54511E-03    0.00000E+00    5.30476E-02
 2.16525E-07    8.65918E-03    0.00000E+00    5.37557E-02
 2.17903E-07    8.76957E-03    0.00000E+00    5.44410E-02
 2.19289E-07    8.87464E-03    0.00000E+00    5.50933E-02
 2.20219E-07    8.94097E-03    0.00000E+00    5.55051E-02
 2.21152E-07    9.00372E-03    0.00000E+00    5.58946E-02
 2.22089E-07    9.06238E-03    0.00000E+00    5.62588E-02
 2.23030E-07    9.11649E-03    0.00000E+00    5.65947E-02
 2.23976E-07    9.16561E-03    0.00000E+00    5.68996E-02
 2.24925E-07    9.20941E-03    0.00000E+00    5.71715E-02
 2.25878E-07    9.24763E-03    0.00000E+00    5.74088E-02
 2.26901E-07    9.28213E-03    0.00000E+00    8.71473E-02
 2.27862E-07    9.30847E-03    0.00000E+00    8.73946E-02
 2.28828E-07    9.32914E-03    0.00000E+00    8.75887E-02
 2.29798E-07    9.34436E-03    0.00000E+00    8.77316E-02
 2.30772E-07    9.35441E-03    0.00000E+00    8.78259E-02
 2.31750E-07    9.35969E-03    0.00000E+00    8.78755E-02
 2.32240E-07    9.36068E-03    0.00000E+00    8.78848E-02
 2.33224E-07    9.35964E-03    0.00000E+00    8.78750E-02
 2.34709E-07    9.35149E-03    0.00000E+00    8.77985E-02
 2.36202E-07    9.33691E-03    0.00000E+00    8.76616E-02
 2.38208E-07    9.31007E-03    0.00000E+00    8.74096E-02
 2.40740E-07    9.26882E-03    0.00000E+00    8.70223E-02
 2.45885E-07    9.17472E-03    0.00000E+00    8.61389E-02
 2.53809E-07    9.02831E-03    0.00000E+00    8.47643E-02
 2.59233E-07    8.93401E-03    0.00000E+00    8.38789E-02
 2.65895E-07    8.82550E-03    0.00000E+00    8.28601E-02
 2.86925E-07    8.49903E-03    0.00000E+00    7.97950E-02
 2.96173E-07    8.35929E-03    0.00000E+00    7.84830E-02
 3.02502E-07    8.26946E-03    0.00000E+00    7.76396E-02
 3.08967E-07    8.18432E-03    0.00000E+00    7.68403E-02
 3.20274E-07    8.04453E-03    0.00000E+00    7.55278E-02
 3.44148E-07    7.75562E-03    0.00000E+00    7.28153E-02
 3.52247E-07    7.66222E-03    0.00000E+00    7.19384E-02
 3.59014E-07    7.58977E-03    0.00000E+00    7.12582E-02
 3.68241E-07    7.49809E-03    0.00000E+00    7.03975E-02
 4.04146E-07    7.15594E-03    0.00000E+00    6.71851E-02
 4.12782E-07    7.07706E-03    0.00000E+00    6.64445E-02
 4.20714E-07    7.00968E-03    0.00000E+00    6.58119E-02
 4.30613E-07    6.93205E-03    0.00000E+00    6.50831E-02
 4.76615E-07    6.58786E-03    0.00000E+00    6.18516E-02
 4.86800E-07    6.51532E-03    0.00000E+00    6.11705E-02
 4.95105E-07    6.46059E-03    0.00000E+00    6.06567E-02
 5.06757E-07    6.38950E-03    0.00000E+00    5.99892E-02
 5.62078E-07    6.06481E-03    0.00000E+00    5.69408E-02
 5.72879E-07    6.00471E-03    0.00000E+00    5.63765E-02
 5.82652E-07    5.95459E-03    0.00000E+00    5.59060E-02
 5.98889E-07    5.87775E-03    0.00000E+00    5.51845E-02
 6.61468E-07    5.58953E-03    0.00000E+00    5.24785E-02
 6.74175E-07    5.53415E-03    0.00000E+00    5.19586E-02
 6.85676E-07    5.48830E-03    0.00000E+00    5.15281E-02
 7.09271E-07    5.40152E-03    0.00000E+00    5.07134E-02
 7.78429E-07    5.15158E-03    0.00000E+00    4.83667E-02
 7.91709E-07    5.10653E-03    0.00000E+00    4.79438E-02
 8.03516E-07    5.07039E-03    0.00000E+00    4.76045E-02
 8.22423E-07    5.01787E-03    0.00000E+00    4.71114E-02
 9.82278E-07    4.58693E-03    0.00000E+00    4.30654E-02
 9.99036E-07    4.54434E-03    0.00000E+00    4.26655E-02
 1.01463E-06    4.50836E-03    0.00000E+00    4.23277E-02
 1.08063E-06    4.36787E-03    0.00000E+00    4.10087E-02
 1.10360E-06    4.32244E-03    0.00000E+00    4.05822E-02
 1.26068E-06    4.04556E-03    0.00000E+00    3.79826E-02
 1.29650E-06    3.98690E-03    0.00000E+00    3.74319E-02
 1.51251E-06    3.68987E-03    0.00000E+00    3.46432E-02
 1.77697E-06    3.40310E-03    0.00000E+00    3.19507E-02
 2.10228E-06    3.12784E-03    0.00000E+00    2.93664E-02
 2.46973E-06    2.88484E-03    0.00000E+00    2.70850E-02
 2.90155E-06    2.66067E-03    0.00000E+00    2.49803E-02
 3.40869E-06    2.45398E-03    0.00000E+00    2.30397E-02
 4.00468E-06    2.26330E-03    0.00000E+00    2.12495E-02
 4.70465E-06    2.08749E-03    0.00000E+00    1.95989E-02
 5.52722E-06    1.92529E-03    0.00000E+00    1.80760E-02
 6.49330E-06    1.77575E-03    0.00000E+00    1.66720E-02
 7.62861E-06    1.63778E-03    0.00000E+00    1.53767E-02
 8.96199E-06    1.51042E-03    0.00000E+00    1.41809E-02
 1.00956E-05    1.42336E-03    0.00000E+00    1.33635E-02
 1.23692E-05    1.28452E-03    0.00000E+00    1.20600E-02
 1.45319E-05    1.18438E-03    0.00000E+00    1.11198E-02
 1.70719E-05    1.09209E-03    0.00000E+00    1.02533E-02
 2.00568E-05    1.00696E-03    0.00000E+00    9.45407E-03
 2.35625E-05    9.28484E-04    0.00000E+00    8.71727E-03
 2.76822E-05    8.56110E-04    0.00000E+00    8.03778E-03
 3.22138E-05    7.93907E-04    0.00000E+00    7.45377E-03
 3.22684E-05    7.95787E-04    0.00000E+00    7.47142E-03
 3.23230E-05    8.02696E-04    0.00000E+00    7.53629E-03
 3.23594E-05    8.11754E-04    0.00000E+00    7.62133E-03
 3.24022E-05    8.27617E-04    0.00000E+00    7.77026E-03
 3.24450E-05    8.48382E-04    0.00000E+00    7.96522E-03
 3.25306E-05    8.98141E-04    0.00000E+00    8.43239E-03
 3.28575E-05    1.09981E-03    0.00000E+00    1.03258E-02
 3.29199E-05    1.13342E-03    0.00000E+00    1.06414E-02
 3.29615E-05    1.15118E-03    0.00000E+00    1.08081E-02
 3.30114E-05    1.16575E-03    0.00000E+00    1.04891E-02
 3.30696E-05    1.17402E-03    0.00000E+00    1.05635E-02
 3.31568E-05    1.17653E-03    0.00000E+00    1.05861E-02
 9.99323E-05    4.49232E-04    0.00000E+00    4.04205E-03
 1.00460E-04    4.47611E-04    0.00000E+00    4.02747E-03
 2.00000E-04    3.16656E-04    0.00000E+00    2.84917E-03
 3.00000E-04    2.58847E-04    0.00000E+00    2.32903E-03
 6.00000E-04    1.84707E-04    0.00000E+00    1.66194E-03
 1.00000E-03    1.45603E-04    0.00000E+00    1.31009E-03
 2.00000E-03    1.08495E-04    0.00000E+00    9.58232E-04
 3.00000E-03    9.36174E-05    0.00000E+00    8.26832E-04
 6.00000E-03    7.75190E-05    0.00000E+00    6.76264E-04
 1.00000E-02    7.17623E-05    0.00000E+00    6.26043E-04
 2.00000E-02    6.95814E-05    0.00000E+00    6.07017E-04
 3.00000E-02    6.97002E-05    0.00000E+00    6.01470E-04
 6.34583E-02    6.92960E-05    0.00000E+00    5.97982E-04
 1.26009E-01    6.71696E-05    0.00000E+00    5.79632E-04
 2.17538E-01    6.37394E-05    0.00000E+00    5.39726E-04
 3.00000E-01    6.03478E-05    0.00000E+00    5.11007E-04
 4.00000E-01    4.36543E-05    0.00000E+00    3.69651E-04
 5.00000E-01    4.05241E-05    0.00000E+00    3.43146E-04
 6.00000E-01    4.53187E-05    0.00000E+00    3.45640E-04
 6.99969E-01    3.90236E-05    0.00000E+00    2.97628E-04
 8.00000E-01    2.79325E-05    0.00000E+00    2.13038E-04
 9.00000E-01    2.19141E-05    0.00000E+00    1.67136E-04
 1.00000E+00    1.94105E-05    0.00000E+00    1.08033E-04
 1.20846E+00    1.81560E-05    0.00000E+00    1.01051E-04
 1.40000E+00    1.74064E-05    0.00000E+00    9.68788E-05
 1.60000E+00    1.78118E-05    0.00000E+00    9.91351E-05
 1.82539E+00    1.88047E-05    0.00000E+00    1.00467E-04
 2.00000E+00    1.96828E-05    0.00000E+00    1.05158E-04
 2.21552E+00    2.18069E-05    0.00000E+00    1.16507E-04
 2.40000E+00    2.34540E-05    0.00000E+00    1.25306E-04
 2.61834E+00    2.58338E-05    0.00000E+00    1.38239E-04
 2.81975E+00    2.82082E-05    0.00000E+00    1.50945E-04
 3.00000E+00    3.00839E-05    0.00000E+00    1.60982E-04
 3.31414E+00    3.49161E-05    0.00000E+00    1.86839E-04
 3.40000E+00    3.62594E-05    0.00000E+00    1.94027E-04
 3.60000E+00    4.00713E-05    0.00000E+00    2.14425E-04
 4.00000E+00    5.03388E-05    0.00000E+00    2.69368E-04
 4.20000E+00    5.80946E-05    0.00000E+00    3.10870E-04
 4.40000E+00    6.86629E-05    0.00000E+00    3.67421E-04
 4.60000E+00    8.01287E-05    0.00000E+00    4.41513E-04
 4.80000E+00    1.00008E-04    0.00000E+00    5.51048E-04
 5.00000E+00    1.17104E-04    0.00000E+00    6.45248E-04
 5.20000E+00    1.47396E-04    0.00000E+00    8.12158E-04
 5.40000E+00    1.93163E-04    0.00000E+00    1.06434E-03
 5.60000E+00    2.27127E-04    0.00000E+00    1.25148E-03
 5.80000E+00    3.08643E-04    0.00000E+00    1.70064E-03
 6.00000E+00    3.57291E-04    0.00000E+00    1.96869E-03
 6.20000E+00    4.68469E-04    0.00000E+00    2.58129E-03
 6.40000E+00    6.40369E-04    0.00000E+00    3.52846E-03
 6.60000E+00    7.33917E-04    0.00000E+00    3.08647E-03
 6.80000E+00    1.00600E-03    0.00000E+00    4.23071E-03
 7.00000E+00    1.04729E-03    0.00000E+00    4.40436E-03
 7.20000E+00    1.32324E-03    0.00000E+00    5.56486E-03
 7.40000E+00    1.81382E-03    0.00000E+00    7.62798E-03
 7.60000E+00    2.41640E-03    0.00000E+00    1.01621E-02
 7.80000E+00    3.46979E-03    0.00000E+00    1.45921E-02
 8.00000E+00    4.13506E-03    0.00000E+00    1.73899E-02
 8.50000E+00    7.03994E-03    0.00000E+00    2.96063E-02
 9.00000E+00    1.35665E-02    6.24628E-04    2.65084E-02
 9.50000E+00    2.21457E-02    1.01963E-03    4.32718E-02
 1.00000E+01    4.15214E-02    1.91172E-03    8.11311E-02
 1.01411E+01    4.83107E-02    2.22432E-03    9.43971E-02
 1.02842E+01    5.51961E-02    2.54133E-03    1.07851E-01
 1.04292E+01    6.21785E-02    2.86282E-03    1.21494E-01
 1.05000E+01    6.55836E-02    3.01959E-03    1.28148E-01
 1.06481E+01    7.96898E-02    3.66907E-03    1.55711E-01
 1.07984E+01    9.39951E-02    4.32771E-03    1.83662E-01
 1.09507E+01    1.08502E-01    4.99564E-03    2.12008E-01
 1.10000E+01    1.13196E-01    5.21176E-03    2.21180E-01
 1.11552E+01    1.31161E-01    6.03890E-03    2.56283E-01
 1.13126E+01    1.49380E-01    6.87774E-03    2.91882E-01
 1.14722E+01    1.67855E-01    7.72836E-03    3.27982E-01
 1.15000E+01    1.71077E-01    7.87671E-03    3.34277E-01
 1.16622E+01    2.02504E-01    9.32367E-03    3.95684E-01
 1.18268E+01    2.34374E-01    1.07910E-02    4.57957E-01
 1.19936E+01    2.66694E-01    1.22791E-02    5.21109E-01
 1.20000E+01    2.67927E-01    1.23359E-02    5.23518E-01
 1.21693E+01    3.07059E-01    1.41376E-02    5.99980E-01
 1.23410E+01    3.46743E-01    1.59647E-02    6.77521E-01
 1.25000E+01    3.83498E-01    1.76570E-02    7.49339E-01
 1.26764E+01    4.40383E-01    2.02761E-02    8.60490E-01
 1.28552E+01    4.98070E-01    2.29321E-02    9.73208E-01
 1.30000E+01    5.44779E-01    1.92716E-01    8.96842E-01
 1.31834E+01    6.14752E-01    2.17469E-01    1.01204E+00
 1.33694E+01    6.85711E-01    2.42571E-01    1.12885E+00
 1.35000E+01    7.35537E-01    2.60197E-01    1.21088E+00
 1.36905E+01    8.24283E-01    2.91591E-01    1.35698E+00
 1.38836E+01    9.14281E-01    3.23428E-01    1.50513E+00
 1.40000E+01    9.68514E-01    3.42613E-01    1.59442E+00
 1.41975E+01    1.07450E+00    3.80106E-01    1.76890E+00
 1.43978E+01    1.18199E+00    4.18129E-01    1.94585E+00
 1.45000E+01    1.23682E+00    4.37526E-01    2.03611E+00
 1.47046E+01    1.35525E+00    4.79420E-01    2.23108E+00
 1.49120E+01    1.47535E+00    5.21906E-01    2.42879E+00
 1.50000E+01    1.52628E+00    5.39923E-01    2.51264E+00
 1.52116E+01    1.65823E+00    5.86601E-01    2.72986E+00
 1.54262E+01    1.79205E+00    6.33938E-01    2.95016E+00
 1.56439E+01    1.92775E+00    6.81943E-01    3.17356E+00
 1.58646E+01    2.06537E+00    7.30626E-01    3.40011E+00
 1.60000E+01    2.14981E+00    6.81100E-01    3.61852E+00
 1.62257E+01    2.29977E+00    7.28611E-01    3.87094E+00
 1.64546E+01    2.45185E+00    7.76793E-01    4.12692E+00
 1.66868E+01    2.60608E+00    8.25655E-01    4.38651E+00
 1.69222E+01    2.76248E+00    8.75205E-01    4.64976E+00
 1.70000E+01    2.81416E+00    8.91578E-01    4.73674E+00
 1.72398E+01    2.98389E+00    9.45351E-01    5.02242E+00
 1.74831E+01    3.15601E+00    9.99882E-01    5.31214E+00
 1.77297E+01    3.33056E+00    1.05518E+00    5.60594E+00
 1.79799E+01    3.50757E+00    1.11126E+00    5.90388E+00
 1.80000E+01    3.52183E+00    1.11578E+00    5.92788E+00
 1.82539E+01    3.72893E+00    1.18140E+00    6.27647E+00
 1.85115E+01    3.93896E+00    1.24794E+00    6.62999E+00
 1.87726E+01    4.15195E+00    1.31541E+00    6.98849E+00
 1.90000E+01    4.33737E+00    1.37416E+00    7.30058E+00
 1.92681E+01    4.64730E+00    1.47235E+00    7.82225E+00
 1.95399E+01    4.96160E+00    1.57193E+00    8.35127E+00
 1.98156E+01    5.28034E+00    1.67291E+00    8.88776E+00
 2.00000E+01    5.49358E+00    9.18687E-01    1.00685E+01
 2.02822E+01    5.99538E+00    1.00260E+00    1.09881E+01
 2.05683E+01    6.50425E+00    1.08770E+00    1.19208E+01
 2.08585E+01    7.02030E+00    1.17400E+00    1.28666E+01
 2.10000E+01    7.27196E+00    1.21608E+00    1.33278E+01
 2.12963E+01    7.91810E+00    1.32414E+00    1.45121E+01
 2.15967E+01    8.57336E+00    1.43372E+00    1.57130E+01
 2.19014E+01    9.23787E+00    1.54484E+00    1.69309E+01
 2.20000E+01    9.45287E+00    1.58080E+00    1.73249E+01
 2.23104E+01    9.51161E+00    1.59062E+00    1.74326E+01
 2.26251E+01    9.57117E+00    1.60058E+00    1.75418E+01
 2.29443E+01    9.63158E+00    1.61068E+00    1.76525E+01
 2.30000E+01    9.64211E+00    1.61244E+00    1.76718E+01
 2.33245E+01    9.60224E+00    1.60578E+00    1.75987E+01
 2.36536E+01    9.56181E+00    1.59902E+00    1.75246E+01
 2.39873E+01    9.52081E+00    1.59216E+00    1.74495E+01
 2.40000E+01    9.51925E+00    0.00000E+00    2.54790E+01
 2.43386E+01    8.94375E+00    0.00000E+00    2.39386E+01
 2.46820E+01    8.36013E+00    0.00000E+00    2.23765E+01
 2.50000E+01    7.81958E+00    0.00000E+00    2.09297E+01
 2.53527E+01    7.23513E+00    0.00000E+00    1.93654E+01
 2.57104E+01    6.64244E+00    0.00000E+00    1.77790E+01
 2.60000E+01    6.16254E+00    0.00000E+00    1.64945E+01
 2.63668E+01    5.63468E+00    0.00000E+00    1.50816E+01
 2.67388E+01    5.09937E+00    0.00000E+00    1.36489E+01
 2.70000E+01    4.72350E+00    0.00000E+00    1.26428E+01
 2.73809E+01    4.28872E+00    0.00000E+00    1.14791E+01
 2.77672E+01    3.84781E+00    0.00000E+00    1.02989E+01
 2.80000E+01    3.58211E+00    0.00000E+00    9.58778E+00
 2.83950E+01    3.49097E+00    0.00000E+00    9.34385E+00
 2.87956E+01    3.39855E+00    0.00000E+00    9.09647E+00
 2.90000E+01    3.35140E+00    0.00000E+00    8.97027E+00
 2.94091E+01    3.04293E+00    0.00000E+00    8.14463E+00
 2.98240E+01    2.73011E+00    0.00000E+00    7.30734E+00
 3.00000E+01    2.59745E+00    0.00000E+00    6.95227E+00
