# n + Es252 : (n,xd)    
# tendl.2019 A.J. Koning and D. Rochman        EVAL-NOV19
# 
# # energies =   134
#   E(MeV)        xs(mb) 
 9.23681E-02    0.00000E+00
 1.00000E-01    0.00000E+00
 1.57628E-01    0.00000E+00
 2.00000E-01    0.00000E+00
 2.34936E-01    0.00000E+00
 3.00000E-01    0.00000E+00
 3.10236E-01    0.00000E+00
 4.00000E-01    0.00000E+00
 4.31721E-01    0.00000E+00
 5.00000E-01    0.00000E+00
 5.38145E-01    0.00000E+00
 6.00000E-01    0.00000E+00
 6.02401E-01    0.00000E+00
 6.04408E-01    0.00000E+00
 6.06416E-01    0.00000E+00
 6.07420E-01    0.00000E+00
 6.08424E-01    0.00000E+00
 6.09428E-01    0.00000E+00
 6.10432E-01    0.00000E+00
 6.11436E-01    0.00000E+00
 6.12440E-01    0.00000E+00
 6.13444E-01    0.00000E+00
 6.14448E-01    0.00000E+00
 6.15452E-01    0.00000E+00
 6.16456E-01    0.00000E+00
 6.17460E-01    0.00000E+00
 6.18464E-01    0.00000E+00
 6.19467E-01    0.00000E+00
 6.20471E-01    0.00000E+00
 6.21475E-01    0.00000E+00
 6.22479E-01    0.00000E+00
 6.23483E-01    0.00000E+00
 6.24487E-01    0.00000E+00
 6.25491E-01    0.00000E+00
 6.26495E-01    0.00000E+00
 6.27499E-01    0.00000E+00
 7.00000E-01    0.00000E+00
 8.00000E-01    0.00000E+00
 9.00000E-01    0.00000E+00
 1.00000E+00    0.00000E+00
 1.20000E+00    0.00000E+00
 1.40000E+00    0.00000E+00
 1.60000E+00    0.00000E+00
 1.80000E+00    0.00000E+00
 2.00000E+00    6.86212E-19
 2.20000E+00    2.25327E-18
 2.40000E+00    3.82032E-18
 2.60000E+00    5.38737E-18
 2.80000E+00    6.95442E-18
 3.00000E+00    8.52147E-18
 3.20000E+00    1.00885E-17
 3.40000E+00    1.16556E-17
 3.60000E+00    1.32226E-17
 3.80000E+00    1.47897E-17
 4.00000E+00    1.63567E-17
 4.20000E+00    1.79238E-17
 4.40000E+00    1.94908E-17
 4.60000E+00    2.10579E-17
 4.80000E+00    2.26249E-17
 5.00000E+00    2.41920E-17
 5.20000E+00    2.12320E-16
 5.40000E+00    1.56600E-15
 5.60000E+00    9.84560E-15
 5.80000E+00    5.34010E-14
 6.00000E+00    2.53960E-12
 6.20000E+00    6.87210E-12
 6.40000E+00    1.11170E-11
 6.60000E+00    1.86370E-10
 6.80000E+00    3.54760E-10
 7.00000E+00    1.56500E-09
 7.20000E+00    4.49081E-09
 7.40000E+00    7.76541E-09
 7.60000E+00    3.80700E-08
 7.80000E+00    6.71500E-08
 8.00000E+00    1.82720E-07
 8.50000E+00    1.30651E-06
 9.00000E+00    7.55693E-06
 9.50000E+00    3.64160E-05
 1.00000E+01    1.49699E-04
 1.05000E+01    5.34984E-04
 1.10000E+01    1.69053E-03
 1.15000E+01    4.79193E-03
 1.20000E+01    1.23180E-02
 1.25000E+01    2.89884E-02
 1.30000E+01    6.28167E-02
 1.35000E+01    1.25730E-01
 1.40000E+01    2.32617E-01
 1.45000E+01    3.99172E-01
 1.50000E+01    6.36138E-01
 1.60000E+01    1.37195E+00
 1.70000E+01    2.39719E+00
 1.80000E+01    3.66474E+00
 1.90000E+01    5.09846E+00
 2.00000E+01    6.62957E+00
 2.10000E+01    8.19688E+00
 2.20000E+01    9.75979E+00
 2.30000E+01    1.20144E+01
 2.40000E+01    1.34542E+01
 2.50000E+01    1.48337E+01
 2.60000E+01    1.60915E+01
 2.70000E+01    1.72178E+01
 2.80000E+01    1.82036E+01
 2.90000E+01    1.90492E+01
 3.00000E+01    1.97689E+01
 3.00000E+01    1.23420E+01
 3.20000E+01    1.38044E+01
 3.40000E+01    1.48195E+01
 3.60000E+01    1.58338E+01
 3.80000E+01    1.69028E+01
 4.00000E+01    1.80964E+01
 4.20000E+01    1.94278E+01
 4.40000E+01    2.05608E+01
 4.60000E+01    2.22385E+01
 4.80000E+01    2.39761E+01
 5.00000E+01    2.57858E+01
 5.20000E+01    2.77366E+01
 5.40000E+01    2.97893E+01
 5.60000E+01    3.19665E+01
 5.80000E+01    3.42627E+01
 6.00000E+01    3.66040E+01
 6.50000E+01    4.16935E+01
 7.00000E+01    4.64649E+01
 7.50000E+01    4.97986E+01
 8.00000E+01    5.45370E+01
 9.00000E+01    6.46370E+01
 1.00000E+02    6.99015E+01
 1.10000E+02    6.81895E+01
 1.20000E+02    6.40204E+01
 1.30000E+02    5.92779E+01
 1.40000E+02    5.62224E+01
 1.50000E+02    5.42623E+01
 1.60000E+02    5.45613E+01
 1.80000E+02    7.65299E+01
 2.00000E+02    1.90016E+02
