# n + Hf177 : (n,da)    
# tendl.2019 A.J. Koning and D. Rochman        EVAL-NOV19
# uncertainties: y
# # energies =    18
#   E(MeV)       xs(mb)       xslow(mb)      xsupp(mb)
 3.01262E+00    0.00000E+00    0.00000E+00    0.00000E+00
 1.45000E+01    3.89510E-17    3.89510E-17    3.89510E-17
 1.50000E+01    2.71460E-16    2.71460E-16    2.71460E-16
 1.60000E+01    6.44850E-15    6.44850E-15    6.44850E-15
 1.70000E+01    7.58900E-14    7.58900E-14    7.58900E-14
 1.80000E+01    4.58740E-12    4.58740E-12    4.58740E-12
 1.90000E+01    2.52360E-11    2.52360E-11    2.52360E-11
 2.00000E+01    1.06150E-10    0.00000E+00    3.42458E-10
 2.10000E+01    4.00840E-10    0.00000E+00    1.29318E-09
 2.20000E+01    1.35230E-09    0.00000E+00    4.36275E-09
 2.30000E+01    4.38650E-09    0.00000E+00    1.41516E-08
 2.40000E+01    1.39570E-08    0.00000E+00    3.36003E-08
 2.50000E+01    4.20110E-08    0.00000E+00    1.01138E-07
 2.60000E+01    1.17510E-07    0.00000E+00    2.82895E-07
 2.70000E+01    2.99090E-07    0.00000E+00    7.20033E-07
 2.80000E+01    7.25730E-07    0.00000E+00    1.74713E-06
 2.90000E+01    1.60237E-06    0.00000E+00    3.85757E-06
 3.00000E+01    3.35004E-06    0.00000E+00    8.06493E-06
