# n + Pd106 : (n,p)     
# jendl4.0   N.Iwamoto,K.Shibata               EVAL-Dec09
# uncertainties: n
# # energies =    35
#   E(MeV)       xs(mb) 
 2.78493E+00    0.00000E+00
 2.92323E+00    3.59770E-10
 4.00000E+00    3.18410E-09
 4.50000E+00    1.11352E-06
 5.00000E+00    4.65846E-05
 5.50000E+00    6.21175E-04
 6.00000E+00    3.95750E-03
 6.50000E+00    1.53501E-02
 7.00000E+00    4.24720E-02
 7.50000E+00    9.34105E-02
 8.00000E+00    1.76657E-01
 8.50000E+00    3.05681E-01
 9.00000E+00    5.04747E-01
 9.50000E+00    8.09256E-01
 1.00000E+01    1.26035E+00
 1.05000E+01    1.89762E+00
 1.10000E+01    2.74982E+00
 1.15000E+01    3.84134E+00
 1.20000E+01    5.18946E+00
 1.25000E+01    6.79722E+00
 1.30000E+01    8.65413E+00
 1.35000E+01    1.07224E+01
 1.40000E+01    1.29512E+01
 1.45000E+01    1.52434E+01
 1.50000E+01    1.75376E+01
 1.55000E+01    1.97253E+01
 1.60000E+01    2.17962E+01
 1.65000E+01    2.36708E+01
 1.70000E+01    2.54344E+01
 1.75000E+01    2.71583E+01
 1.80000E+01    2.85439E+01
 1.85000E+01    3.00262E+01
 1.90000E+01    3.14424E+01
 1.95000E+01    3.26620E+01
 2.00000E+01    3.37839E+01
