# n + Pd106 : (n,xp)    
# jendl4.0   N.Iwamoto,K.Shibata               EVAL-Dec09
# 
# # energies =   113
#   E(MeV)        xs(mb) 
 1.05000E-01    0.00000E+00
 1.10000E-01    0.00000E+00
 1.20000E-01    0.00000E+00
 1.30000E-01    0.00000E+00
 1.40000E-01    0.00000E+00
 1.50000E-01    0.00000E+00
 1.60000E-01    0.00000E+00
 1.70000E-01    0.00000E+00
 1.80000E-01    0.00000E+00
 1.90000E-01    0.00000E+00
 2.00000E-01    0.00000E+00
 2.25000E-01    0.00000E+00
 2.50000E-01    0.00000E+00
 2.75000E-01    0.00000E+00
 3.00000E-01    0.00000E+00
 4.00000E-01    0.00000E+00
 5.00000E-01    0.00000E+00
 5.16726E-01    0.00000E+00
 6.00000E-01    0.00000E+00
 7.00000E-01    0.00000E+00
 8.00000E-01    0.00000E+00
 9.00000E-01    0.00000E+00
 1.00000E+00    0.00000E+00
 1.10000E+00    0.00000E+00
 1.13875E+00    0.00000E+00
 1.14457E+00    0.00000E+00
 1.20000E+00    0.00000E+00
 1.24096E+00    0.00000E+00
 1.30000E+00    0.00000E+00
 1.40000E+00    0.00000E+00
 1.50000E+00    0.00000E+00
 1.57249E+00    0.00000E+00
 1.57713E+00    0.00000E+00
 1.60000E+00    0.00000E+00
 1.70000E+00    0.00000E+00
 1.72264E+00    0.00000E+00
 1.80000E+00    0.00000E+00
 1.90000E+00    0.00000E+00
 1.92245E+00    0.00000E+00
 1.92764E+00    0.00000E+00
 1.95068E+00    0.00000E+00
 2.00000E+00    0.00000E+00
 2.02055E+00    0.00000E+00
 2.09606E+00    0.00000E+00
 2.09607E+00    0.00000E+00
 2.09641E+00    0.00000E+00
 2.10371E+00    0.00000E+00
 2.25000E+00    0.00000E+00
 2.26385E+00    0.00000E+00
 2.29981E+00    0.00000E+00
 2.30468E+00    0.00000E+00
 2.32752E+00    0.00000E+00
 2.33080E+00    0.00000E+00
 2.37320E+00    0.00000E+00
 2.38849E+00    0.00000E+00
 2.42033E+00    0.00000E+00
 2.42034E+00    0.00000E+00
 2.42427E+00    0.00000E+00
 2.46233E+00    0.00000E+00
 2.49625E+00    0.00000E+00
 2.50000E+00    0.00000E+00
 2.50832E+00    0.00000E+00
 2.51876E+00    0.00000E+00
 2.52381E+00    0.00000E+00
 2.52412E+00    0.00000E+00
 2.60298E+00    0.00000E+00
 2.60457E+00    0.00000E+00
 2.61588E+00    0.00000E+00
 2.64940E+00    0.00000E+00
 2.65189E+00    0.00000E+00
 2.67413E+00    0.00000E+00
 2.72507E+00    0.00000E+00
 2.73107E+00    0.00000E+00
 2.73783E+00    0.00000E+00
 2.73944E+00    0.00000E+00
 2.73945E+00    0.00000E+00
 2.74344E+00    0.00000E+00
 2.75000E+00    0.00000E+00
 3.00000E+00    5.61135E-10
 3.50000E+00    1.87262E-09
 4.00000E+00    3.18410E-09
 4.50000E+00    1.11352E-06
 5.00000E+00    4.65846E-05
 5.50000E+00    6.21175E-04
 6.00000E+00    3.95750E-03
 6.50000E+00    1.53501E-02
 7.00000E+00    4.24720E-02
 7.50000E+00    9.34105E-02
 8.00000E+00    1.76657E-01
 8.50000E+00    3.05681E-01
 9.00000E+00    5.04747E-01
 9.50000E+00    8.09256E-01
 1.00000E+01    1.26035E+00
 1.05000E+01    1.89762E+00
 1.10000E+01    2.74982E+00
 1.15000E+01    3.84139E+00
 1.20000E+01    5.19029E+00
 1.25000E+01    6.80416E+00
 1.30000E+01    8.68790E+00
 1.35000E+01    1.08378E+01
 1.40000E+01    1.32600E+01
 1.45000E+01    1.59305E+01
 1.50000E+01    1.88648E+01
 1.55000E+01    2.20070E+01
 1.60000E+01    2.53905E+01
 1.65000E+01    2.89263E+01
 1.70000E+01    3.26687E+01
 1.75000E+01    3.65393E+01
 1.80000E+01    4.05673E+01
 1.85000E+01    4.47112E+01
 1.90000E+01    4.90077E+01
 1.95000E+01    5.33646E+01
 2.00000E+01    5.78913E+01
