# n + Pd106 : (n,xt)    
# jendl4.0   N.Iwamoto,K.Shibata               EVAL-Dec09
# 
# # energies =   113
#   E(MeV)        xs(mb) 
 1.05000E-01    0.00000E+00
 1.10000E-01    0.00000E+00
 1.20000E-01    0.00000E+00
 1.30000E-01    0.00000E+00
 1.40000E-01    0.00000E+00
 1.50000E-01    0.00000E+00
 1.60000E-01    0.00000E+00
 1.70000E-01    0.00000E+00
 1.80000E-01    0.00000E+00
 1.90000E-01    0.00000E+00
 2.00000E-01    0.00000E+00
 2.25000E-01    0.00000E+00
 2.50000E-01    0.00000E+00
 2.75000E-01    0.00000E+00
 3.00000E-01    0.00000E+00
 4.00000E-01    0.00000E+00
 5.00000E-01    0.00000E+00
 5.16726E-01    0.00000E+00
 6.00000E-01    0.00000E+00
 7.00000E-01    0.00000E+00
 8.00000E-01    0.00000E+00
 9.00000E-01    0.00000E+00
 1.00000E+00    0.00000E+00
 1.10000E+00    0.00000E+00
 1.13875E+00    0.00000E+00
 1.14457E+00    0.00000E+00
 1.20000E+00    0.00000E+00
 1.24096E+00    0.00000E+00
 1.30000E+00    0.00000E+00
 1.40000E+00    0.00000E+00
 1.50000E+00    0.00000E+00
 1.57249E+00    0.00000E+00
 1.57713E+00    0.00000E+00
 1.60000E+00    0.00000E+00
 1.70000E+00    0.00000E+00
 1.72264E+00    0.00000E+00
 1.80000E+00    0.00000E+00
 1.90000E+00    0.00000E+00
 1.92245E+00    0.00000E+00
 1.92764E+00    0.00000E+00
 1.95068E+00    0.00000E+00
 2.00000E+00    0.00000E+00
 2.02055E+00    0.00000E+00
 2.09606E+00    0.00000E+00
 2.09607E+00    0.00000E+00
 2.09641E+00    0.00000E+00
 2.10371E+00    0.00000E+00
 2.25000E+00    0.00000E+00
 2.26385E+00    0.00000E+00
 2.29981E+00    0.00000E+00
 2.30468E+00    0.00000E+00
 2.32752E+00    0.00000E+00
 2.33080E+00    0.00000E+00
 2.37320E+00    0.00000E+00
 2.38849E+00    0.00000E+00
 2.42033E+00    0.00000E+00
 2.42034E+00    0.00000E+00
 2.42427E+00    0.00000E+00
 2.46233E+00    0.00000E+00
 2.49625E+00    0.00000E+00
 2.50000E+00    0.00000E+00
 2.50832E+00    0.00000E+00
 2.51876E+00    0.00000E+00
 2.52381E+00    0.00000E+00
 2.52412E+00    0.00000E+00
 2.60298E+00    0.00000E+00
 2.60457E+00    0.00000E+00
 2.61588E+00    0.00000E+00
 2.64940E+00    0.00000E+00
 2.65189E+00    0.00000E+00
 2.67413E+00    0.00000E+00
 2.72507E+00    0.00000E+00
 2.73107E+00    0.00000E+00
 2.73783E+00    0.00000E+00
 2.73944E+00    0.00000E+00
 2.73945E+00    0.00000E+00
 2.74344E+00    0.00000E+00
 2.75000E+00    0.00000E+00
 3.00000E+00    0.00000E+00
 3.50000E+00    0.00000E+00
 4.00000E+00    0.00000E+00
 4.50000E+00    0.00000E+00
 5.00000E+00    0.00000E+00
 5.50000E+00    0.00000E+00
 6.00000E+00    0.00000E+00
 6.50000E+00    0.00000E+00
 7.00000E+00    0.00000E+00
 7.50000E+00    0.00000E+00
 8.00000E+00    0.00000E+00
 8.50000E+00    0.00000E+00
 9.00000E+00    0.00000E+00
 9.50000E+00    0.00000E+00
 1.00000E+01    3.96681E-20
 1.05000E+01    8.93361E-15
 1.10000E+01    2.57660E-14
 1.15000E+01    9.63670E-14
 1.20000E+01    1.07580E-10
 1.25000E+01    1.38510E-08
 1.30000E+01    4.62790E-07
 1.35000E+01    6.62555E-06
 1.40000E+01    5.38982E-05
 1.45000E+01    2.93634E-04
 1.50000E+01    1.18157E-03
 1.55000E+01    3.91702E-03
 1.60000E+01    9.70222E-03
 1.65000E+01    2.09970E-02
 1.70000E+01    4.00716E-02
 1.75000E+01    6.81923E-02
 1.80000E+01    1.07334E-01
 1.85000E+01    1.55354E-01
 1.90000E+01    2.13942E-01
 1.95000E+01    2.82758E-01
 2.00000E+01    3.61055E-01
