# n + Pd106 : (n,n'17)  
# jendl4.0   N.Iwamoto,K.Shibata               EVAL-Dec09
# uncertainties: n
# # energies =    61
#   E(MeV)       xs(mb) 
 2.30468E+00    0.00000E+00
 2.32752E+00    3.60995E+00
 2.33080E+00    4.12490E+00
 2.37320E+00    1.14439E+01
 2.38849E+00    1.41162E+01
 2.42034E+00    1.94331E+01
 2.42427E+00    2.00634E+01
 2.46233E+00    2.53712E+01
 2.49625E+00    2.97023E+01
 2.50000E+00    3.01608E+01
 2.50832E+00    3.10261E+01
 2.51876E+00    3.19294E+01
 2.52381E+00    3.23560E+01
 2.52412E+00    3.23815E+01
 2.60298E+00    3.80501E+01
 2.60457E+00    3.81262E+01
 2.61588E+00    3.85459E+01
 2.64940E+00    3.97952E+01
 2.65189E+00    3.98858E+01
 2.67413E+00    4.06929E+01
 2.72507E+00    4.20103E+01
 2.73107E+00    4.21144E+01
 2.73783E+00    4.22332E+01
 2.73944E+00    4.22532E+01
 2.74344E+00    4.23112E+01
 2.75000E+00    4.24040E+01
 3.00000E+00    4.17862E+01
 3.50000E+00    2.98589E+01
 4.00000E+00    1.95066E+01
 4.50000E+00    1.22598E+01
 5.00000E+00    7.31504E+00
 5.50000E+00    4.24926E+00
 6.00000E+00    2.47498E+00
 6.50000E+00    1.48183E+00
 7.00000E+00    9.31458E-01
 7.50000E+00    6.25538E-01
 8.00000E+00    4.53531E-01
 8.50000E+00    3.54939E-01
 9.00000E+00    2.96134E-01
 9.50000E+00    2.58786E-01
 1.00000E+01    2.33271E-01
 1.05000E+01    2.14574E-01
 1.10000E+01    1.99807E-01
 1.15000E+01    1.87725E-01
 1.20000E+01    1.77334E-01
 1.25000E+01    1.68151E-01
 1.30000E+01    1.59867E-01
 1.35000E+01    1.52187E-01
 1.40000E+01    1.45159E-01
 1.45000E+01    1.38476E-01
 1.50000E+01    1.32343E-01
 1.55000E+01    1.26510E-01
 1.60000E+01    1.21168E-01
 1.65000E+01    1.15588E-01
 1.70000E+01    1.10725E-01
 1.75000E+01    1.06102E-01
 1.80000E+01    1.01473E-01
 1.85000E+01    9.70251E-02
 1.90000E+01    9.30365E-02
 1.95000E+01    8.92890E-02
 2.00000E+01    8.55738E-02
