# n + Tl203 : (n,h)     
# tendl.2019 A.J. Koning and D. Rochman        EVAL-NOV19
# uncertainties: y
# # energies =    21
#   E(MeV)       xs(mb)       xslow(mb)      xsupp(mb)
 6.25146E+00    0.00000E+00    0.00000E+00    0.00000E+00
 1.30000E+01    5.55370E-17    5.55370E-17    5.55370E-17
 1.35000E+01    9.68740E-16    9.68740E-16    9.68740E-16
 1.40000E+01    1.20260E-14    1.20260E-14    1.20260E-14
 1.45000E+01    1.11570E-13    1.11570E-13    1.11570E-13
 1.50000E+01    3.90030E-12    3.90030E-12    3.90030E-12
 1.60000E+01    1.46010E-10    0.00000E+00    4.42319E-10
 1.70000E+01    1.94010E-09    0.00000E+00    5.87728E-09
 1.80000E+01    2.80670E-08    0.00000E+00    8.50254E-08
 1.90000E+01    2.73090E-07    0.00000E+00    8.27291E-07
 2.00000E+01    1.96256E-06    0.00000E+00    5.87437E-06
 2.10000E+01    1.11056E-05    0.00000E+00    3.32415E-05
 2.20000E+01    5.18740E-05    0.00000E+00    1.55270E-04
 2.30000E+01    2.07151E-04    0.00000E+00    6.20048E-04
 2.40000E+01    7.23072E-04    0.00000E+00    2.11329E-03
 2.50000E+01    2.23998E-03    0.00000E+00    6.54670E-03
 2.60000E+01    6.20568E-03    0.00000E+00    1.81371E-02
 2.70000E+01    1.55965E-02    0.00000E+00    4.55833E-02
 2.80000E+01    3.21624E-02    0.00000E+00    9.39997E-02
 2.90000E+01    6.25176E-02    0.00000E+00    1.82718E-01
 3.00000E+01    1.09539E-01    0.00000E+00    3.20145E-01
