# n + Fe 55 : (n,n'24)  
# tendl.2019 A.J. Koning and D. Rochman        EVAL-NOV19
# uncertainties: n
# # energies =    61
#   E(MeV)       xs(mb) 
 3.13248E+00    0.00000E+00
 3.16578E+00    9.90964E-01
 3.20000E+00    2.00930E+00
 3.34531E+00    3.75907E+00
 3.37179E+00    4.07793E+00
 3.40000E+00    4.41763E+00
 3.42373E+00    4.72443E+00
 3.48177E+00    5.47482E+00
 3.52037E+00    5.97387E+00
 3.60000E+00    7.00339E+00
 3.80000E+00    9.38030E+00
 4.00000E+00    1.12282E+01
 4.20000E+00    1.24016E+01
 4.40000E+00    1.29277E+01
 4.60000E+00    1.29434E+01
 4.80000E+00    1.25743E+01
 5.00000E+00    1.19821E+01
 5.20000E+00    1.12344E+01
 5.40000E+00    1.04358E+01
 5.60000E+00    9.62875E+00
 5.80000E+00    8.80592E+00
 6.00000E+00    8.04100E+00
 6.20000E+00    7.31928E+00
 6.40000E+00    6.63901E+00
 6.60000E+00    6.03115E+00
 6.80000E+00    5.46698E+00
 7.00000E+00    4.95890E+00
 7.20000E+00    4.49727E+00
 7.40000E+00    4.06929E+00
 7.60000E+00    3.70295E+00
 7.80000E+00    3.35837E+00
 8.00000E+00    3.05770E+00
 8.50000E+00    2.40640E+00
 9.00000E+00    1.90615E+00
 9.50000E+00    1.52149E+00
 1.00000E+01    1.22661E+00
 1.05000E+01    1.00037E+00
 1.10000E+01    8.31567E-01
 1.15000E+01    7.04438E-01
 1.20000E+01    6.08970E-01
 1.25000E+01    5.37384E-01
 1.30000E+01    4.83573E-01
 1.35000E+01    4.42934E-01
 1.40000E+01    4.11937E-01
 1.45000E+01    3.88095E-01
 1.50000E+01    3.69461E-01
 1.60000E+01    3.42663E-01
 1.70000E+01    3.24533E-01
 1.80000E+01    3.11504E-01
 1.90000E+01    3.01772E-01
 2.00000E+01    2.94340E-01
 2.10000E+01    2.88507E-01
 2.20000E+01    2.83693E-01
 2.30000E+01    2.79416E-01
 2.40000E+01    2.75342E-01
 2.50000E+01    2.71279E-01
 2.60000E+01    2.67168E-01
 2.70000E+01    2.63040E-01
 2.80000E+01    2.58951E-01
 2.90000E+01    2.54962E-01
 3.00000E+01    2.51107E-01
