# n + Mo 92 : (n,xn)    
# endfb8.0   11   S. F. MUGHABGHAB+ JENDL3.3   EVAL-MAY 2
# 
# # energies =   147
#   E(MeV)        xs(mb) 
 1.52607E+00    0.00000E+00
 1.52663E+00    2.78277E+00
 1.52775E+00    8.26129E+00
 1.52882E+00    1.35686E+01
 1.53091E+00    2.38515E+01
 1.53287E+00    3.34917E+01
 1.53472E+00    4.25294E+01
 1.53817E+00    5.94750E+01
 1.54121E+00    7.43024E+01
 1.54386E+00    8.72764E+01
 1.54853E+00    1.09981E+02
 1.55203E+00    1.27009E+02
 1.55731E+00    1.52552E+02
 1.56260E+00    1.78094E+02
 1.56723E+00    2.00886E+02
 1.57129E+00    2.20829E+02
 1.57842E+00    2.55729E+02
 1.58378E+00    2.81905E+02
 1.59187E+00    3.21167E+02
 1.60000E+00    3.60430E+02
 1.61217E+00    3.92406E+02
 1.62290E+00    4.20385E+02
 1.63234E+00    4.44867E+02
 1.64065E+00    4.66289E+02
 1.65529E+00    5.03777E+02
 1.66636E+00    5.31893E+02
 1.68309E+00    5.74066E+02
 1.70000E+00    6.16240E+02
 1.72447E+00    6.51010E+02
 1.74305E+00    6.77088E+02
 1.75711E+00    6.96646E+02
 1.77843E+00    7.25983E+02
 1.80000E+00    7.55320E+02
 1.82450E+00    7.76388E+02
 1.84309E+00    7.92188E+02
 1.87133E+00    8.15889E+02
 1.90000E+00    8.39590E+02
 1.92452E+00    8.53443E+02
 1.96190E+00    8.74221E+02
 2.00000E+00    8.95000E+02
 2.04823E+00    9.11950E+02
 2.08516E+00    9.24663E+02
 2.14181E+00    9.43731E+02
 2.20000E+00    9.62800E+02
 2.30765E+00    9.53687E+02
 2.33040E+00    9.75598E+02
 2.36494E+00    1.00846E+03
 2.40000E+00    1.04133E+03
 2.44949E+00    1.07719E+03
 2.50000E+00    1.11304E+03
 2.54735E+00    1.12561E+03
 2.55483E+00    1.13244E+03
 2.60000E+00    1.16287E+03
 2.64107E+00    1.19060E+03
 2.71485E+00    1.21326E+03
 2.79069E+00    1.23593E+03
 2.80000E+00    1.23667E+03
 2.88098E+00    1.23719E+03
 2.88100E+00    1.23721E+03
 2.93990E+00    1.27732E+03
 3.00000E+00    1.31742E+03
 3.04000E+00    1.32493E+03
 3.09773E+00    1.32857E+03
 3.12520E+00    1.33532E+03
 3.12523E+00    1.33533E+03
 3.19319E+00    1.37015E+03
 3.24513E+00    1.39626E+03
 3.32463E+00    1.43542E+03
 3.40608E+00    1.47459E+03
 3.50000E+00    1.48755E+03
 3.58087E+00    1.49457E+03
 3.61959E+00    1.50402E+03
 3.66094E+00    1.52024E+03
 3.66458E+00    1.52156E+03
 3.72848E+00    1.54226E+03
 3.72850E+00    1.54227E+03
 3.79460E+00    1.56149E+03
 3.89594E+00    1.59033E+03
 4.00000E+00    1.61917E+03
 4.50000E+00    1.62073E+03
 4.62011E+00    1.63996E+03
 4.80630E+00    1.66881E+03
 5.00000E+00    1.69765E+03
 5.50000E+00    1.70823E+03
 5.74456E+00    1.72044E+03
 6.00000E+00    1.73265E+03
 6.48074E+00    1.73908E+03
 7.00000E+00    1.74551E+03
 8.00000E+00    1.73997E+03
 8.48528E+00    1.72304E+03
 9.00000E+00    1.70611E+03
 9.48683E+00    1.68659E+03
 1.00000E+01    1.66727E+03
 1.02411E+01    1.65695E+03
 1.04258E+01    1.64970E+03
 1.07091E+01    1.63961E+03
 1.08536E+01    1.63494E+03
 1.10000E+01    1.63051E+03
 1.11203E+01    1.62660E+03
 1.12266E+01    1.62348E+03
 1.14152E+01    1.61874E+03
 1.15586E+01    1.61578E+03
 1.16674E+01    1.61390E+03
 1.18326E+01    1.61163E+03
 1.20000E+01    1.61004E+03
 1.21207E+01    1.60865E+03
 1.22272E+01    1.60772E+03
 1.24160E+01    1.60673E+03
 1.25595E+01    1.60654E+03
 1.26682E+01    1.60670E+03
 1.28330E+01    1.60752E+03
 1.30000E+01    1.61659E+03
 1.31210E+01    1.63585E+03
 1.32278E+01    1.65307E+03
 1.34167E+01    1.68400E+03
 1.35602E+01    1.70789E+03
 1.36689E+01    1.72620E+03
 1.38334E+01    1.75430E+03
 1.40000E+01    1.78318E+03
 1.41213E+01    1.80168E+03
 1.42282E+01    1.81814E+03
 1.44174E+01    1.84757E+03
 1.45609E+01    1.87017E+03
 1.46694E+01    1.88741E+03
 1.48338E+01    1.91376E+03
 1.50000E+01    1.94070E+03
 1.51215E+01    1.95422E+03
 1.53365E+01    1.97840E+03
 1.54997E+01    1.99696E+03
 1.56233E+01    2.01112E+03
 1.58105E+01    2.03277E+03
 1.60000E+01    2.05489E+03
 1.62443E+01    2.06796E+03
 1.64300E+01    2.07805E+03
 1.67126E+01    2.09364E+03
 1.70000E+01    2.10979E+03
 1.72447E+01    2.11520E+03
 1.74305E+01    2.11940E+03
 1.77129E+01    2.12596E+03
 1.80000E+01    2.13283E+03
 1.82450E+01    2.13387E+03
 1.86187E+01    2.13563E+03
 1.90000E+01    2.13764E+03
 1.92452E+01    2.13260E+03
 1.96190E+01    2.12510E+03
 1.98086E+01    2.12137E+03
 2.00000E+01    2.11767E+03
