# n + Ac227 : (n,n'03)  
# tendl.2019 A.J. Koning and D. Rochman        EVAL-NOV19
# uncertainties: y
# # energies =   103
#   E(MeV)       xs(mb)       xslow(mb)      xsupp(mb)
 4.65559E-02    0.00000E+00    0.00000E+00    0.00000E+00
 6.00000E-02    5.38605E+01    2.48625E+01    8.28585E+01
 7.44694E-02    7.27642E+01    3.35886E+01    1.11940E+02
 8.49256E-02    8.64249E+01    3.98945E+01    1.32955E+02
 1.00000E-01    1.06119E+02    4.89855E+01    1.63253E+02
 1.10428E-01    1.09846E+02    5.07057E+01    1.68986E+02
 1.27424E-01    1.15919E+02    5.35093E+01    1.78329E+02
 1.48658E-01    1.23507E+02    5.70121E+01    1.90003E+02
 1.60711E-01    1.27815E+02    5.90004E+01    1.96629E+02
 1.88152E-01    1.37621E+02    6.35271E+01    2.11715E+02
 1.99593E-01    1.41710E+02    6.54144E+01    2.18005E+02
 2.00000E-01    1.41855E+02    6.73357E+01    2.16374E+02
 2.11716E-01    1.42488E+02    6.76360E+01    2.17339E+02
 2.28009E-01    1.43367E+02    6.80536E+01    2.18681E+02
 2.50106E-01    1.44560E+02    6.86198E+01    2.20501E+02
 2.72495E-01    1.45769E+02    6.91936E+01    2.22344E+02
 2.74354E-01    1.45869E+02    6.92413E+01    2.22497E+02
 3.00000E-01    1.47254E+02    6.98985E+01    2.24609E+02
 3.06084E-01    1.46536E+02    6.95579E+01    2.23515E+02
 3.17404E-01    1.45201E+02    6.89241E+01    2.21478E+02
 3.31506E-01    1.43538E+02    6.81346E+01    2.18941E+02
 3.43519E-01    1.42121E+02    6.74620E+01    2.16780E+02
 3.56075E-01    1.40640E+02    6.67590E+01    2.14521E+02
 3.73653E-01    1.38567E+02    6.57748E+01    2.11358E+02
 3.88950E-01    1.36762E+02    6.49184E+01    2.08606E+02
 4.00000E-01    1.35459E+02    6.42997E+01    2.06618E+02
 4.04790E-01    1.34631E+02    6.39067E+01    2.05355E+02
 4.27481E-01    1.30708E+02    6.20447E+01    1.99372E+02
 4.30303E-01    1.30221E+02    6.18131E+01    1.98628E+02
 4.37124E-01    1.29041E+02    6.12534E+01    1.96829E+02
 4.39906E-01    1.28561E+02    6.10251E+01    1.96096E+02
 4.71325E-01    1.23129E+02    5.84469E+01    1.87811E+02
 5.00000E-01    1.18172E+02    5.60939E+01    1.80250E+02
 5.03507E-01    1.17574E+02    5.58101E+01    1.79338E+02
 6.00000E-01    1.01124E+02    3.70407E+01    1.65207E+02
 7.00000E-01    8.63645E+01    3.16344E+01    1.41095E+02
 8.00000E-01    7.40661E+01    2.71296E+01    1.21003E+02
 9.00000E-01    6.41246E+01    2.34882E+01    1.04761E+02
 1.00000E+00    5.60468E+01    8.38296E+00    1.03711E+02
 1.20000E+00    4.47632E+01    6.69526E+00    8.28311E+01
 1.40000E+00    3.69009E+01    5.51929E+00    6.82825E+01
 1.60000E+00    3.05523E+01    4.56973E+00    5.65349E+01
 1.80000E+00    2.48598E+01    0.00000E+00    5.01557E+01
 2.00000E+00    1.98897E+01    0.00000E+00    4.01283E+01
 2.20000E+00    1.58170E+01    0.00000E+00    3.19114E+01
 2.40000E+00    1.26319E+01    0.00000E+00    2.54854E+01
 2.60000E+00    1.02103E+01    3.81865E+00    1.66019E+01
 2.80000E+00    8.39792E+00    3.14082E+00    1.36550E+01
 3.00000E+00    7.04890E+00    2.63629E+00    1.14615E+01
 3.20000E+00    6.04101E+00    2.25934E+00    9.82268E+00
 3.40000E+00    5.27602E+00    1.97323E+00    8.57881E+00
 3.60000E+00    4.67926E+00    1.75004E+00    7.60848E+00
 3.80000E+00    4.19792E+00    1.57002E+00    6.82582E+00
 4.00000E+00    3.79768E+00    1.42033E+00    6.17503E+00
 4.20000E+00    3.45804E+00    1.29331E+00    5.62277E+00
 4.40000E+00    3.16682E+00    1.18439E+00    5.14925E+00
 4.60000E+00    2.91648E+00    8.14098E-01    5.01886E+00
 4.80000E+00    2.70155E+00    7.54103E-01    4.64900E+00
 5.00000E+00    2.51758E+00    7.02751E-01    4.33241E+00
 5.20000E+00    2.36076E+00    6.58976E-01    4.06254E+00
 5.40000E+00    2.22787E+00    6.21882E-01    3.83386E+00
 5.60000E+00    2.11618E+00    5.90705E-01    3.64165E+00
 5.80000E+00    2.02332E+00    5.64784E-01    3.48186E+00
 6.00000E+00    1.94714E+00    5.43519E-01    3.35076E+00
 6.20000E+00    1.88558E+00    5.26336E-01    3.24482E+00
 6.40000E+00    1.83655E+00    5.12650E-01    3.16045E+00
 6.60000E+00    1.79784E+00    7.92949E-01    2.80273E+00
 6.80000E+00    1.76702E+00    7.79355E-01    2.75468E+00
 7.00000E+00    1.74166E+00    7.68170E-01    2.71515E+00
 7.20000E+00    1.71942E+00    7.58361E-01    2.68048E+00
 7.40000E+00    1.69825E+00    7.49024E-01    2.64748E+00
 7.60000E+00    1.67659E+00    7.39471E-01    2.61371E+00
 7.80000E+00    1.65339E+00    7.29238E-01    2.57754E+00
 8.00000E+00    1.62815E+00    7.18106E-01    2.53819E+00
 8.50000E+00    1.55612E+00    6.86337E-01    2.42590E+00
 9.00000E+00    1.47542E+00    7.17180E-01    2.23366E+00
 9.50000E+00    1.39214E+00    6.76699E-01    2.10758E+00
 1.00000E+01    1.31102E+00    6.37268E-01    1.98477E+00
 1.05000E+01    1.23527E+00    6.00447E-01    1.87009E+00
 1.10000E+01    1.16653E+00    5.67033E-01    1.76603E+00
 1.15000E+01    1.10496E+00    5.37105E-01    1.67281E+00
 1.20000E+01    1.04958E+00    5.10186E-01    1.58897E+00
 1.25000E+01    9.98886E-01    4.85544E-01    1.51223E+00
 1.30000E+01    9.51553E-01    4.81859E-01    1.42125E+00
 1.35000E+01    9.06783E-01    4.59188E-01    1.35438E+00
 1.40000E+01    8.64353E-01    4.37701E-01    1.29100E+00
 1.45000E+01    8.24428E-01    4.17484E-01    1.23137E+00
 1.50000E+01    7.87330E-01    3.98697E-01    1.17596E+00
 1.60000E+01    7.22727E-01    3.69540E-01    1.07591E+00
 1.70000E+01    6.71172E-01    3.43179E-01    9.99165E-01
 1.80000E+01    6.30490E-01    3.22378E-01    9.38602E-01
 1.90000E+01    5.96479E-01    3.04987E-01    8.87971E-01
 2.00000E+01    5.64869E-01    2.91790E-01    8.37948E-01
 2.10000E+01    5.33170E-01    2.75416E-01    7.90924E-01
 2.20000E+01    5.01287E-01    2.58946E-01    7.43628E-01
 2.30000E+01    4.70803E-01    2.43199E-01    6.98407E-01
 2.40000E+01    4.43542E-01    2.45973E-01    6.41111E-01
 2.50000E+01    4.20470E-01    2.33178E-01    6.07762E-01
 2.60000E+01    4.01501E-01    2.22658E-01    5.80344E-01
 2.70000E+01    3.85816E-01    2.13960E-01    5.57672E-01
 2.80000E+01    3.72239E-01    2.06430E-01    5.38048E-01
 2.90000E+01    3.59596E-01    1.99419E-01    5.19773E-01
 3.00000E+01    3.47098E-01    1.92488E-01    5.01708E-01
