# n + Bk248 :  n        
# tendl.2019 A.J. Koning and D. Rochman        EVAL-NOV19
# uncertainties: n
# # energies =   101
#   E(MeV)       xs(mb) 
 3.00000E-01    0.00000E+00
 4.00000E-01    1.31952E-06
 5.00000E-01    3.53460E-06
 6.00000E-01    5.31372E-06
 7.00000E-01    6.67534E-06
 8.00000E-01    7.85983E-06
 9.00000E-01    9.00362E-06
 1.00000E+00    1.01252E-05
 1.20000E+00    1.20752E-05
 1.40000E+00    1.35131E-05
 1.60000E+00    1.46155E-05
 1.80000E+00    1.57324E-05
 2.00000E+00    1.73563E-05
 2.20000E+00    2.00984E-05
 2.40000E+00    2.49447E-05
 2.60000E+00    3.35402E-05
 2.80000E+00    4.88613E-05
 3.00000E+00    7.62282E-05
 3.20000E+00    1.25350E-04
 3.40000E+00    2.14184E-04
 3.60000E+00    3.76880E-04
 3.80000E+00    6.77984E-04
 4.00000E+00    1.24403E-03
 4.20000E+00    2.32426E-03
 4.40000E+00    4.41738E-03
 4.60000E+00    8.52711E-03
 4.80000E+00    1.67058E-02
 5.00000E+00    3.32065E-02
 5.20000E+00    6.68060E-02
 5.40000E+00    1.36566E-01
 5.60000E+00    2.73780E-01
 5.80000E+00    4.48021E-01
 6.00000E+00    6.85023E-01
 6.20000E+00    1.09472E+00
 6.40000E+00    1.86745E+00
 6.60000E+00    3.37072E+00
 6.80000E+00    6.22450E+00
 7.00000E+00    1.15991E+01
 7.20000E+00    2.14055E+01
 7.40000E+00    3.79213E+01
 7.60000E+00    6.21662E+01
 7.80000E+00    9.30745E+01
 8.00000E+00    1.28282E+02
 8.50000E+00    2.20309E+02
 9.00000E+00    2.98709E+02
 9.50000E+00    3.54297E+02
 1.00000E+01    3.92905E+02
 1.05000E+01    4.24230E+02
 1.10000E+01    4.53673E+02
 1.15000E+01    4.83684E+02
 1.20000E+01    5.13102E+02
 1.25000E+01    5.40931E+02
 1.30000E+01    5.66825E+02
 1.35000E+01    5.90856E+02
 1.40000E+01    6.13479E+02
 1.45000E+01    6.35115E+02
 1.50000E+01    6.55100E+02
 1.60000E+01    6.88012E+02
 1.70000E+01    7.15118E+02
 1.80000E+01    7.36416E+02
 1.90000E+01    7.53611E+02
 2.00000E+01    7.63053E+02
 2.10000E+01    7.66267E+02
 2.20000E+01    7.66105E+02
 2.30000E+01    7.61361E+02
 2.40000E+01    7.54973E+02
 2.50000E+01    7.46678E+02
 2.60000E+01    7.36284E+02
 2.70000E+01    7.24267E+02
 2.80000E+01    7.10078E+02
 2.90000E+01    6.93411E+02
 3.00000E+01    6.76324E+02
 3.20000E+01    6.41464E+02
 3.40000E+01    6.08374E+02
 3.60000E+01    5.76411E+02
 3.80000E+01    5.47471E+02
 4.00000E+01    5.21116E+02
 4.20000E+01    4.99857E+02
 4.40000E+01    4.81723E+02
 4.60000E+01    4.67481E+02
 4.80000E+01    4.57354E+02
 5.00000E+01    4.50205E+02
 5.20000E+01    4.45244E+02
 5.40000E+01    4.43183E+02
 5.60000E+01    4.42170E+02
 5.80000E+01    4.42622E+02
 6.00000E+01    4.43280E+02
 6.50000E+01    4.44470E+02
 7.00000E+01    4.26053E+02
 7.50000E+01    3.69029E+02
 8.00000E+01    2.89248E+02
 9.00000E+01    1.69720E+02
 1.00000E+02    1.14317E+02
 1.10000E+02    8.57503E+01
 1.20000E+02    6.91627E+01
 1.30000E+02    5.73955E+01
 1.40000E+02    4.91819E+01
 1.50000E+02    4.29672E+01
 1.60000E+02    3.79360E+01
 1.80000E+02    2.98259E+01
 2.00000E+02    2.37763E+01
