# p + Am241 : (p,t)     
# tendl.2019 A.J. Koning                       EVAL-OCT19
# uncertainties: y
# # energies =    18
#   E(MeV)       xs(mb)       xslow(mb)      xsupp(mb)
 4.13406E+00    0.00000E+00    0.00000E+00    0.00000E+00
 9.00000E+00    2.28038E-15    2.28038E-15    2.28038E-15
 1.00000E+01    3.17311E-11    2.77330E-11    3.57292E-11
 1.10000E+01    9.83713E-09    8.59766E-09    1.10766E-08
 1.20000E+01    7.24681E-07    6.33372E-07    8.15990E-07
 1.30000E+01    2.07393E-05    1.81262E-05    2.33524E-05
 1.40000E+01    3.02406E-04    2.85853E-04    3.18959E-04
 1.50000E+01    2.65899E-03    2.51344E-03    2.80454E-03
 1.60000E+01    1.56177E-02    1.47628E-02    1.64726E-02
 1.70000E+01    6.34885E-02    6.00133E-02    6.69637E-02
 1.80000E+01    1.84002E-01    1.75089E-01    1.92915E-01
 1.90000E+01    4.06929E-01    3.87218E-01    4.26640E-01
 2.00000E+01    7.33954E-01    6.98402E-01    7.69506E-01
 2.20000E+01    1.59137E+00    1.47294E+00    1.70980E+00
 2.40000E+01    2.39431E+00    2.21612E+00    2.57250E+00
 2.60000E+01    2.86240E+00    2.56191E+00    3.16288E+00
 2.80000E+01    2.94981E+00    2.64015E+00    3.25947E+00
 3.00000E+01    2.96426E+00    2.65308E+00    3.27544E+00
