# n + W 182 : (n,n'06)  
# endfb8.0                                     Eval090806
# uncertainties: y
# # energies =    65
#   E(MeV)       xs(mb)       xslow(mb)      xsupp(mb)
 1.22818E+00    0.00000E+00    0.00000E+00    0.00000E+00
 1.25000E+00    4.89729E+01    4.89729E+01    4.89729E+01
 1.30000E+00    1.27666E+02    1.27666E+02    1.27666E+02
 1.70000E+00    2.26013E+02    2.26013E+02    2.26013E+02
 1.80000E+00    2.14568E+02    2.14568E+02    2.14568E+02
 1.90000E+00    1.95547E+02    1.95547E+02    1.95547E+02
 2.00000E+00    1.62975E+02    1.62975E+02    1.62975E+02
 2.10000E+00    1.40875E+02    1.40875E+02    1.40875E+02
 2.20000E+00    1.20371E+02    1.20371E+02    1.20371E+02
 2.30000E+00    1.01589E+02    1.01589E+02    1.01589E+02
 2.50000E+00    7.18979E+01    7.18979E+01    7.18979E+01
 2.75000E+00    4.60472E+01    4.60472E+01    4.60472E+01
 3.00000E+00    3.08043E+01    3.08043E+01    3.08043E+01
 3.50000E+00    1.72740E+01    1.72740E+01    1.72740E+01
 4.00000E+00    1.21666E+01    1.21666E+01    1.21666E+01
 4.50000E+00    1.00969E+01    1.00969E+01    1.00969E+01
 5.00000E+00    9.02305E+00    9.02305E+00    9.02305E+00
 5.50000E+00    8.37227E+00    8.37227E+00    8.37227E+00
 6.00000E+00    7.85633E+00    7.85633E+00    7.85633E+00
 6.50000E+00    7.39220E+00    7.39220E+00    7.39220E+00
 7.00000E+00    6.94823E+00    6.94823E+00    6.94823E+00
 7.50000E+00    6.53352E+00    6.53352E+00    6.53352E+00
 8.00000E+00    6.15393E+00    6.15393E+00    6.15393E+00
 8.20000E+00    6.01223E+00    6.01223E+00    6.01223E+00
 8.40000E+00    5.87690E+00    5.87690E+00    5.87690E+00
 8.60000E+00    5.74780E+00    5.74780E+00    5.74780E+00
 8.80000E+00    5.62444E+00    5.62444E+00    5.62444E+00
 9.00000E+00    5.50702E+00    5.50702E+00    5.50702E+00
 9.30000E+00    5.34005E+00    5.34005E+00    5.34005E+00
 9.60000E+00    5.18211E+00    5.18211E+00    5.18211E+00
 1.00000E+01    4.98374E+00    4.98374E+00    4.98374E+00
 1.05000E+01    4.75634E+00    4.75634E+00    4.75634E+00
 1.10000E+01    4.54160E+00    4.54160E+00    4.54160E+00
 1.15000E+01    4.33836E+00    4.33836E+00    4.33836E+00
 1.20000E+01    4.14643E+00    4.14643E+00    4.14643E+00
 1.25000E+01    3.96537E+00    3.96537E+00    3.96537E+00
 1.30000E+01    3.79622E+00    3.79622E+00    3.79622E+00
 1.35000E+01    3.63787E+00    3.63787E+00    3.63787E+00
 1.40000E+01    3.49005E+00    3.49005E+00    3.49005E+00
 1.45000E+01    3.35266E+00    3.35266E+00    3.35266E+00
 1.50000E+01    3.22529E+00    3.22529E+00    3.22529E+00
 1.55000E+01    3.10793E+00    3.10793E+00    3.10793E+00
 1.60000E+01    3.00012E+00    3.00012E+00    3.00012E+00
 1.70000E+01    2.81194E+00    2.81194E+00    2.81194E+00
 1.80000E+01    2.65514E+00    2.65514E+00    2.65514E+00
 1.90000E+01    2.52571E+00    2.52571E+00    2.52571E+00
 2.00000E+01    2.41909E+00    2.41909E+00    2.41909E+00
 2.20000E+01    2.25983E+00    2.25983E+00    2.25983E+00
 2.40000E+01    2.14473E+00    2.14473E+00    2.14473E+00
 2.60000E+01    2.05723E+00    2.05723E+00    2.05723E+00
 2.80000E+01    1.99021E+00    1.99021E+00    1.99021E+00
 3.20000E+01    1.89209E+00    1.89209E+00    1.89209E+00
 3.40000E+01    1.85214E+00    1.85214E+00    1.85214E+00
 4.00000E+01    1.74259E+00    1.74259E+00    1.74259E+00
 4.50000E+01    1.65456E+00    1.65456E+00    1.65456E+00
 5.00000E+01    1.56780E+00    1.56780E+00    1.56780E+00
 5.50000E+01    1.48102E+00    1.48102E+00    1.48102E+00
 6.00000E+01    1.39659E+00    1.39659E+00    1.39659E+00
 7.00000E+01    1.23772E+00    1.23772E+00    1.23772E+00
 8.00000E+01    1.09701E+00    1.09701E+00    1.09701E+00
 9.00000E+01    9.74360E-01    9.74360E-01    9.74360E-01
 1.00000E+02    8.70739E-01    8.70739E-01    8.70739E-01
 1.15000E+02    7.45080E-01    7.45080E-01    7.45080E-01
 1.30000E+02    6.51824E-01    6.51824E-01    6.51824E-01
 1.50000E+02    5.59182E-01    5.59182E-01    5.59182E-01
