# n + W 182 : (n,tot)   
# endfb8.0                                     Eval090806
# uncertainties: y
# # energies =    69
#   E(MeV)       xs(mb)       xslow(mb)      xsupp(mb)
 1.00000E-10    1.51431E+05    1.51431E+05    1.51431E+05
 5.00000E-09    4.74072E+04    4.74072E+04    4.74072E+04
 1.00000E-08    3.80645E+04    3.80645E+04    3.80645E+04
 1.50000E-08    3.34126E+04    3.34126E+04    3.34126E+04
 2.00000E-08    3.04770E+04    3.04770E+04    3.04770E+04
 2.50000E-08    2.84043E+04    2.84043E+04    2.84043E+04
 3.00000E-08    2.68395E+04    2.68395E+04    2.68395E+04
 3.50000E-08    2.54060E+04    2.54060E+04    2.54060E+04
 4.20000E-08    2.40117E+04    2.40117E+04    2.40117E+04
 5.00000E-08    2.28529E+04    2.28529E+04    2.28529E+04
 5.80000E-08    2.18823E+04    2.18823E+04    2.18823E+04
 6.70000E-08    2.08972E+04    2.08972E+04    2.08972E+04
 8.00000E-08    1.97787E+04    1.97787E+04    1.97787E+04
 1.00000E-07    1.83987E+04    1.83987E+04    1.83987E+04
 1.40000E-07    1.71366E+04    1.71366E+04    1.71366E+04
 1.80000E-07    1.62898E+04    1.62898E+04    1.62898E+04
 2.20000E-07    1.57330E+04    1.57330E+04    1.57330E+04
 2.50000E-07    1.53550E+04    1.53550E+04    1.53550E+04
 2.80000E-07    1.50840E+04    1.50840E+04    1.50840E+04
 3.00000E-07    1.48941E+04    1.48941E+04    1.48941E+04
 3.20000E-07    1.46834E+04    1.46834E+04    1.46834E+04
 3.50000E-07    1.43935E+04    1.43935E+04    1.43935E+04
 4.00000E-07    1.39661E+04    1.39661E+04    1.39661E+04
 5.00000E-07    1.34866E+04    1.34866E+04    1.34866E+04
 6.25000E-07    1.30697E+04    1.30697E+04    1.30697E+04
 7.80000E-07    1.28150E+04    1.28150E+04    1.28150E+04
 8.50000E-07    1.26995E+04    1.26995E+04    1.26995E+04
 9.10000E-07    1.26214E+04    1.26214E+04    1.26214E+04
 9.50000E-07    1.25769E+04    1.25769E+04    1.25769E+04
 9.72000E-07    1.25466E+04    1.25466E+04    1.25466E+04
 9.96000E-07    1.25165E+04    1.25165E+04    1.25165E+04
 1.02000E-06    1.24868E+04    1.24868E+04    1.24868E+04
 1.04500E-06    1.24592E+04    1.24592E+04    1.24592E+04
 1.07100E-06    1.24314E+04    1.24314E+04    1.24314E+04
 1.09700E-06    1.24052E+04    1.24052E+04    1.24052E+04
 1.12300E-06    1.23820E+04    1.23820E+04    1.23820E+04
 1.15000E-06    1.23144E+04    1.23144E+04    1.23144E+04
 1.30000E-06    1.22246E+04    1.22246E+04    1.22246E+04
 1.50000E-06    1.22772E+04    1.22772E+04    1.22772E+04
 2.10000E-06    1.30576E+04    1.30576E+04    1.30576E+04
 2.60000E-06    1.70290E+04    1.70290E+04    1.70290E+04
 3.30000E-06    9.59967E+04    9.59967E+04    9.59967E+04
 4.00000E-06    4.02398E+05    4.02398E+05    4.02398E+05
 9.87700E-06    7.30410E+03    7.30410E+03    7.30410E+03
 1.59680E-05    6.68065E+05    6.68065E+05    6.68065E+05
 2.77000E-05    1.06227E+04    1.06227E+04    1.06227E+04
 4.80520E-05    6.18711E+03    6.18711E+03    6.18711E+03
 7.55014E-05    1.24137E+05    1.24137E+05    1.24137E+05
 1.48728E-04    7.49781E+04    7.49781E+04    7.49781E+04
 3.67262E-04    2.89905E+04    2.89905E+04    2.89905E+04
 9.06898E-04    4.89236E+04    4.89236E+04    4.89236E+04
 1.42510E-03    2.67842E+04    2.67842E+04    2.67842E+04
 2.23945E-03    2.10771E+04    2.10771E+04    2.10771E+04
 3.51910E-03    2.11419E+04    2.11419E+04    2.11419E+04
 5.53000E-03    2.07842E+04    2.07842E+04    2.07842E+04
 9.11800E-03    1.55229E+04    1.55229E+04    1.55229E+04
 1.50300E-02    1.46439E+04    1.46439E+04    1.46439E+04
 2.47800E-02    1.29956E+04    1.29956E+04    1.29956E+04
 4.08500E-02    1.13672E+04    1.13672E+04    1.13672E+04
 6.73400E-02    9.96275E+03    9.96275E+03    9.96275E+03
 1.11000E-01    8.61548E+03    8.61548E+03    8.61548E+03
 1.83000E-01    7.60230E+03    7.60230E+03    7.60230E+03
 3.02000E-01    7.02410E+03    7.02410E+03    7.02410E+03
 5.00000E-01    6.70884E+03    6.70884E+03    6.70884E+03
 8.21000E-01    6.78850E+03    6.78850E+03    6.78850E+03
 1.35300E+00    7.14309E+03    7.14309E+03    7.14309E+03
 2.23100E+00    7.02586E+03    7.02586E+03    7.02586E+03
 3.67900E+00    6.03126E+03    6.03126E+03    6.03126E+03
 6.06500E+00    5.18694E+03    5.18694E+03    5.18694E+03
