# n + W 182 : (n,xa)    
# endfb8.0                                     Eval090806
# 
# # energies =   110
#   E(MeV)        xs(mb) 
 1.00665E-01    4.52974E-09
 1.15000E-01    8.14566E-09
 1.20000E-01    8.64189E-09
 1.30000E-01    1.35304E-08
 1.40000E-01    1.56294E-08
 1.50000E-01    1.32686E-07
 1.60000E-01    1.35566E-07
 1.70000E-01    1.42337E-07
 1.80000E-01    1.50832E-07
 1.90000E-01    1.58436E-07
 2.00000E-01    1.92850E-07
 2.50000E-01    2.45948E-07
 2.70000E-01    2.72880E-07
 3.00000E-01    4.52711E-07
 3.20000E-01    7.27886E-07
 3.31256E-01    7.91410E-07
 3.50000E-01    8.97192E-07
 4.00000E-01    1.49329E-06
 4.20000E-01    1.71692E-06
 4.50000E-01    1.84404E-06
 5.00000E-01    2.31845E-06
 5.20000E-01    2.49891E-06
 5.50000E-01    2.88241E-06
 6.00000E-01    3.55266E-06
 6.10000E-01    3.65688E-06
 6.20000E-01    3.76063E-06
 6.30000E-01    3.87104E-06
 6.43500E-01    4.07466E-06
 6.50000E-01    4.17270E-06
 6.84273E-01    4.77939E-06
 7.00000E-01    5.05778E-06
 7.50000E-01    6.17824E-06
 8.50000E-01    8.96995E-06
 9.00000E-01    1.08984E-05
 9.50000E-01    1.31237E-05
 1.00000E+00    1.60142E-05
 1.05000E+00    1.89763E-05
 1.10000E+00    2.24751E-05
 1.14211E+00    2.59399E-05
 1.15000E+00    2.65890E-05
 1.15074E+00    2.66499E-05
 1.20000E+00    3.07046E-05
 1.22818E+00    3.34185E-05
 1.25000E+00    3.55200E-05
 1.26439E+00    3.67053E-05
 1.29631E+00    3.93347E-05
 1.30000E+00    3.96386E-05
 1.33851E+00    4.27868E-05
 1.70000E+00    7.23385E-05
 1.80000E+00    8.17462E-05
 1.90000E+00    9.10563E-05
 2.00000E+00    9.35271E-05
 2.10000E+00    1.02317E-04
 2.20000E+00    1.11427E-04
 2.30000E+00    1.27229E-04
 2.50000E+00    1.86372E-04
 2.75000E+00    2.92838E-04
 3.00000E+00    4.15104E-04
 3.50000E+00    6.67928E-04
 4.00000E+00    9.50092E-04
 4.50000E+00    1.29949E-03
 5.00000E+00    1.71673E-03
 5.50000E+00    2.08918E-03
 6.00000E+00    2.49241E-03
 6.50000E+00    3.02016E-03
 7.00000E+00    3.46639E-03
 7.50000E+00    4.22222E-03
 8.00000E+00    5.46597E-03
 8.20000E+00    6.78089E-03
 8.40000E+00    7.55157E-03
 8.60000E+00    8.74404E-03
 8.80000E+00    1.01451E-02
 9.00000E+00    1.33431E-02
 9.30000E+00    1.73287E-02
 9.60000E+00    2.14895E-02
 1.00000E+01    3.63201E-02
 1.05000E+01    5.78686E-02
 1.10000E+01    1.06300E-01
 1.15000E+01    1.66833E-01
 1.20000E+01    2.54915E-01
 1.25000E+01    4.36534E-01
 1.30000E+01    6.18481E-01
 1.35000E+01    8.45543E-01
 1.40000E+01    1.30500E+00
 1.45000E+01    1.64635E+00
 1.50000E+01    2.05872E+00
 1.55000E+01    2.86815E+00
 1.60000E+01    3.39924E+00
 1.70000E+01    4.41575E+00
 1.80000E+01    6.10826E+00
 1.90000E+01    7.31210E+00
 2.00000E+01    9.29956E+00
 2.20000E+01    1.18142E+01
 2.40000E+01    1.51058E+01
 2.60000E+01    1.74205E+01
 2.80000E+01    2.13821E+01
 3.20000E+01    2.64021E+01
 3.40000E+01    3.08194E+01
 4.00000E+01    4.09453E+01
 4.50000E+01    4.59228E+01
 5.00000E+01    4.97280E+01
 5.50000E+01    5.57744E+01
 6.00000E+01    5.78666E+01
 7.00000E+01    6.72907E+01
 8.00000E+01    7.26127E+01
 9.00000E+01    7.78838E+01
 1.00000E+02    8.45831E+01
 1.15000E+02    1.12378E+02
 1.30000E+02    1.25452E+02
 1.50000E+02    1.48183E+02
