# n + K  39 : (n,g)     
# jendl4.0   H.NAKAMURA                        EVAL-MAY87
# uncertainties: n
# # energies =   171
#   E(MeV)       xs(mb) 
 1.00000E-11    2.26855E+04
 1.00000E-07    7.55398E+02
 4.13990E-07    4.87441E+02
 5.31580E-07    4.30129E+02
 6.82560E-07    3.79559E+02
 8.76420E-07    3.34930E+02
 1.12540E-06    2.95591E+02
 1.44500E-06    2.60902E+02
 1.85540E-06    2.30486E+02
 2.37240E-06    2.03381E+02
 3.05900E-06    1.79197E+02
 3.92790E-06    1.58091E+02
 5.04350E-06    1.39412E+02
 6.47600E-06    1.22918E+02
 8.31530E-06    1.08389E+02
 1.06770E-05    9.55170E+01
 1.37100E-05    8.41574E+01
 1.76030E-05    7.41086E+01
 2.26030E-05    6.51170E+01
 2.92030E-05    5.72675E+01
 3.72670E-05    5.03907E+01
 4.78510E-05    4.42104E+01
 6.14420E-05    3.87407E+01
 7.88930E-05    3.38623E+01
 1.01300E-04    2.95296E+01
 1.30070E-04    2.56635E+01
 1.67020E-04    2.22104E+01
 2.14450E-04    1.91279E+01
 2.75360E-04    1.63672E+01
 3.53580E-04    1.38923E+01
 4.54000E-04    1.16824E+01
 5.82950E-04    9.72261E+00
 7.48520E-04    8.08107E+00
 9.61120E-04    1.10641E+02
 1.23410E-03    5.23144E+00
 1.58460E-03    3.94828E+00
 2.03470E-03    3.25461E+00
 2.24870E-03    2.91482E+00
 2.48520E-03    2.68675E+00
 2.61260E-03    2.55400E+00
 2.74650E-03    2.43914E+00
 3.03540E-03    1.95324E+02
 3.35460E-03    2.50747E+00
 3.70740E-03    1.62027E+00
 4.30740E-03    1.30089E+00
 5.53080E-03    1.22835E+00
 7.10170E-03    7.10007E+00
 9.11880E-03    2.26761E+02
 1.17090E-02    6.58468E+01
 1.50340E-02    3.44116E+01
 1.93050E-02    2.76910E-01
 2.18750E-02    5.35844E-01
 2.35790E-02    1.20126E+00
 2.41760E-02    2.87180E+00
 2.47880E-02    9.06427E+01
 2.60580E-02    3.84127E+00
 2.70000E-02    7.71628E-01
 2.85000E-02    3.41159E-01
 3.18280E-02    3.59992E+01
 3.43070E-02    4.97596E+00
 4.08680E-02    3.34017E+01
 4.63090E-02    1.45062E+01
 5.24750E-02    6.49760E+00
 5.65620E-02    9.90111E+00
 6.73790E-02    1.27059E-01
 7.20000E-02    9.26781E-02
 7.95000E-02    1.27070E-01
 8.25000E-02    4.95044E-01
 8.65170E-02    1.03800E+01
 9.80370E-02    7.04657E+00
 1.11090E-01    6.17288E-01
 1.16790E-01    1.16368E+01
 1.22770E-01    2.43166E-01
 1.29070E-01    1.17713E+01
 1.35690E-01    8.01835E+00
 1.42640E-01    5.19983E+00
 1.49960E-01    5.94784E+00
 1.57640E-01    5.62510E+00
 1.65730E-01    2.23175E-01
 1.74220E-01    1.92024E+00
 1.83160E-01    4.58713E+00
 1.92550E-01    2.31695E+00
 2.02420E-01    4.14971E+00
 2.12800E-01    4.06154E+00
 2.23710E-01    3.97648E+00
 2.35180E-01    3.89308E+00
 2.47240E-01    3.77030E+00
 2.73240E-01    3.65080E+00
 2.87250E-01    3.59482E+00
 2.94520E-01    3.56898E+00
 2.97200E-01    3.55867E+00
 2.98500E-01    3.54633E+00
 3.01970E-01    3.46265E+00
 3.33730E-01    3.31821E+00
 3.68830E-01    3.21381E+00
 3.87740E-01    3.14628E+00
 4.07620E-01    3.06336E+00
 4.50490E-01    2.95727E+00
 4.97870E-01    2.87987E+00
 5.23400E-01    2.83046E+00
 5.50230E-01    2.78120E+00
 5.78440E-01    2.73207E+00
 6.08100E-01    2.70559E+00
 6.39280E-01    2.68642E+00
 6.72060E-01    2.66628E+00
 7.06510E-01    2.64511E+00
 7.42740E-01    2.62557E+00
 7.80820E-01    2.60733E+00
 8.20850E-01    2.59466E+00
 8.62940E-01    2.58419E+00
 9.07180E-01    2.57225E+00
 9.61640E-01    2.56068E+00
 1.00260E+00    2.56656E+00
 1.10800E+00    2.58201E+00
 1.16480E+00    2.59303E+00
 1.22460E+00    2.60461E+00
 1.28730E+00    2.61678E+00
 1.35340E+00    2.62941E+00
 1.42270E+00    2.64216E+00
 1.49570E+00    2.65709E+00
 1.57240E+00    2.67801E+00
 1.65300E+00    2.70042E+00
 1.73770E+00    2.72398E+00
 1.82680E+00    2.74875E+00
 1.92050E+00    2.77376E+00
 2.01900E+00    2.79937E+00
 2.12250E+00    2.82629E+00
 2.23130E+00    2.84974E+00
 2.30690E+00    2.86429E+00
 2.34570E+00    2.87171E+00
 2.36530E+00    2.87672E+00
 2.38520E+00    2.88944E+00
 2.46600E+00    2.93567E+00
 2.59240E+00    2.98214E+00
 2.72530E+00    2.98011E+00
 2.86500E+00    2.74973E+00
 3.01190E+00    2.35919E+00
 3.16640E+00    2.13866E+00
 3.32870E+00    1.95486E+00
 3.67880E+00    1.57314E+00
 4.06570E+00    1.23762E+00
 4.49330E+00    1.04002E+00
 4.72370E+00    9.22592E-01
 4.96590E+00    8.23928E-01
 5.22050E+00    7.44516E-01
 5.48810E+00    6.72729E-01
 5.76950E+00    6.07974E-01
 6.06530E+00    5.49295E-01
 6.37630E+00    5.04745E-01
 6.59240E+00    4.79461E-01
 6.70320E+00    4.47120E-01
 7.04690E+00    4.02390E-01
 7.40820E+00    3.51154E-01
 7.78800E+00    2.83434E-01
 8.18730E+00    2.27860E-01
 8.60710E+00    1.83230E-01
 9.04840E+00    1.47306E-01
 9.51230E+00    1.18429E-01
 1.00000E+01    8.85434E-02
 1.05130E+01    6.11523E-02
 1.10520E+01    4.22498E-02
 1.16180E+01    2.91348E-02
 1.22140E+01    1.96052E-02
 1.28400E+01    1.30878E-02
 1.34990E+01    9.41534E-03
 1.38400E+01    7.35924E-03
 1.41910E+01    5.75037E-03
 1.45500E+01    4.46321E-03
 1.49180E+01    3.05556E-03
 1.56830E+01    1.81307E-03
 1.64870E+01    1.04667E-03
