# n + Ni 61 : (n,n'02)  
# endfb8.0   T.Kawano,A.Kahler,A.Trkov         EVAL-Oct12
# uncertainties: n
# # energies =    71
#   E(MeV)       xs(mb) 
 2.87641E-01    0.00000E+00
 3.00000E-01    9.15282E+01
 3.50000E-01    1.33624E+02
 4.00000E-01    1.49697E+02
 4.50000E-01    1.61377E+02
 5.00000E-01    1.71926E+02
 6.00000E-01    1.92309E+02
 7.00000E-01    2.00018E+02
 8.00000E-01    2.12129E+02
 9.00000E-01    2.24166E+02
 1.00000E+00    2.21764E+02
 1.10000E+00    2.20796E+02
 1.20000E+00    2.01652E+02
 1.30000E+00    1.84407E+02
 1.40000E+00    1.75091E+02
 1.50000E+00    1.65295E+02
 1.60000E+00    1.55788E+02
 1.70000E+00    1.44344E+02
 1.80000E+00    1.32680E+02
 1.90000E+00    1.23586E+02
 2.00000E+00    1.15938E+02
 2.10000E+00    1.05347E+02
 2.20000E+00    9.67520E+01
 2.30000E+00    9.00465E+01
 2.40000E+00    8.43353E+01
 2.50000E+00    7.84084E+01
 2.60000E+00    7.32223E+01
 2.70000E+00    6.83579E+01
 2.80000E+00    6.36254E+01
 2.90000E+00    5.90277E+01
 3.00000E+00    5.46778E+01
 3.10000E+00    5.05970E+01
 3.20000E+00    4.68148E+01
 3.30000E+00    4.33170E+01
 3.40000E+00    4.00940E+01
 3.50000E+00    3.71354E+01
 3.60000E+00    3.44270E+01
 3.80000E+00    2.96930E+01
 4.00000E+00    2.57406E+01
 4.50000E+00    1.83430E+01
 5.00000E+00    1.32455E+01
 5.50000E+00    9.57050E+00
 6.00000E+00    7.01351E+00
 6.50000E+00    5.00784E+00
 7.00000E+00    3.56979E+00
 7.50000E+00    2.54565E+00
 8.00000E+00    1.82537E+00
 8.50000E+00    1.31104E+00
 9.00000E+00    9.45070E-01
 9.50000E+00    6.82339E-01
 1.00000E+01    4.94102E-01
 1.05000E+01    3.57620E-01
 1.10000E+01    2.58619E-01
 1.15000E+01    1.87066E-01
 1.20000E+01    1.37319E-01
 1.25000E+01    9.98566E-02
 1.30000E+01    7.29564E-02
 1.35000E+01    5.37487E-02
 1.40000E+01    4.01162E-02
 1.45000E+01    3.04780E-02
 1.50000E+01    2.36653E-02
 1.55000E+01    1.85856E-02
 1.60000E+01    1.51560E-02
 1.65000E+01    1.26965E-02
 1.70000E+01    1.09017E-02
 1.75000E+01    9.56782E-03
 1.80000E+01    8.55112E-03
 1.85000E+01    8.72674E-03
 1.90000E+01    8.08053E-03
 1.95000E+01    7.53731E-03
 2.00000E+01    7.07469E-03
