# p + Bi208 : (p,n')    
# tendl.2019 A.J. Koning                       EVAL-OCT19
# uncertainties: y
# # energies =    55
#   E(MeV)       xs(mb)       xslow(mb)      xsupp(mb)
 2.19355E+00    0.00000E+00    0.00000E+00    0.00000E+00
 2.88340E+00    8.38020E-08    1.16520E-08    1.55952E-07
 3.00000E+00    2.88519E-07    4.01162E-08    5.36922E-07
 3.46270E+00    2.77538E-04    3.85894E-05    5.16487E-04
 3.47131E+00    2.82697E-04    3.93068E-05    5.26088E-04
 3.54663E+00    3.27829E-04    4.55820E-05    6.10077E-04
 3.62063E+00    3.72170E-04    5.17472E-05    6.92593E-04
 3.72510E+00    4.34769E-04    6.04510E-05    8.09086E-04
 3.72917E+00    4.37207E-04    6.07901E-05    8.13625E-04
 3.74001E+00    4.43703E-04    6.16932E-05    8.25712E-04
 3.78443E+00    4.70319E-04    6.53940E-05    8.75244E-04
 4.00000E+00    5.99489E-04    8.33540E-05    1.11562E-03
 4.19868E+00    1.02708E-03    1.42807E-04    1.91135E-03
 5.00000E+00    3.02447E-02    1.35869E-02    4.69025E-02
 6.00000E+00    4.90347E-01    2.20280E-01    7.60414E-01
 7.00000E+00    3.81008E+00    2.44281E+00    5.17735E+00
 8.00000E+00    1.74435E+01    1.11838E+01    2.37032E+01
 9.00000E+00    5.33633E+01    3.42135E+01    7.25130E+01
 1.00000E+01    1.21123E+02    7.16264E+01    1.70620E+02
 1.10000E+01    2.16760E+02    1.28181E+02    3.05339E+02
 1.20000E+01    2.61345E+02    1.54546E+02    3.68143E+02
 1.30000E+01    2.14343E+02    1.26752E+02    3.01934E+02
 1.40000E+01    1.43154E+02    9.42729E+01    1.92035E+02
 1.50000E+01    9.35724E+01    6.16213E+01    1.25524E+02
 1.60000E+01    7.09215E+01    4.67047E+01    9.51382E+01
 1.70000E+01    6.21525E+01    4.09300E+01    8.33750E+01
 1.80000E+01    5.87019E+01    3.78508E+01    7.95530E+01
 1.90000E+01    5.77452E+01    3.72340E+01    7.82565E+01
 2.00000E+01    5.73076E+01    3.69518E+01    7.76634E+01
 2.20000E+01    5.63003E+01    3.61809E+01    7.64197E+01
 2.40000E+01    5.48050E+01    3.52200E+01    7.43901E+01
 2.60000E+01    5.22288E+01    3.37558E+01    7.07018E+01
 2.80000E+01    4.97238E+01    3.21368E+01    6.73108E+01
 3.00000E+01    4.72176E+01    3.05171E+01    6.39182E+01
 3.00000E+01    4.34385E+01    2.80746E+01    5.88024E+01
 3.50000E+01    3.79600E+01    2.45338E+01    5.13862E+01
 4.00000E+01    3.28327E+01    2.12200E+01    4.44455E+01
 4.50000E+01    2.82987E+01    1.82896E+01    3.83077E+01
 5.00000E+01    2.45432E+01    1.58625E+01    3.32240E+01
 5.50000E+01    2.15828E+01    1.39491E+01    2.92164E+01
 6.00000E+01    1.85247E+01    1.19726E+01    2.50767E+01
 6.50000E+01    1.64574E+01    1.06365E+01    2.22782E+01
 7.00000E+01    1.41740E+01    9.16077E+00    1.91873E+01
 7.50000E+01    1.26485E+01    8.17482E+00    1.71222E+01
 8.00000E+01    1.10145E+01    7.11872E+00    1.49102E+01
 9.00000E+01    8.83694E+00    5.71137E+00    1.19625E+01
 1.00000E+02    7.34010E+00    4.74396E+00    9.93625E+00
 1.10000E+02    6.21426E+00    4.01632E+00    8.41220E+00
 1.20000E+02    5.40573E+00    3.49376E+00    7.31770E+00
 1.30000E+02    4.72472E+00    3.05362E+00    6.39582E+00
 1.40000E+02    4.20198E+00    2.71577E+00    5.68819E+00
 1.50000E+02    3.83840E+00    2.48078E+00    5.19602E+00
 1.60000E+02    3.41187E+00    2.20512E+00    4.61863E+00
 1.80000E+02    2.88039E+00    1.86161E+00    3.89916E+00
 2.00000E+02    2.44275E+00    1.57877E+00    3.30674E+00
