# n + Po209 : (n,n')    
# tendl.2019 A.J. Koning and D. Rochman        EVAL-NOV19
# uncertainties: y
# # energies =   129
#   E(MeV)       xs(mb)       xslow(mb)      xsupp(mb)
 5.47580E-01    0.00000E+00    0.00000E+00    0.00000E+00
 6.00000E-01    1.35851E+02    4.81626E+01    2.23539E+02
 7.00000E-01    2.54368E+02    9.01798E+01    4.18556E+02
 8.00000E-01    3.45819E+02    1.22601E+02    5.69037E+02
 8.58443E-01    3.80684E+02    1.34962E+02    6.26407E+02
 9.00000E-01    4.74032E+02    1.68056E+02    7.80008E+02
 1.00000E+00    6.01907E+02    4.39154E+02    7.64661E+02
 1.18097E+00    7.63596E+02    5.57123E+02    9.70070E+02
 1.20000E+00    8.05574E+02    5.87750E+02    1.02340E+03
 1.21956E+00    8.23248E+02    6.00645E+02    1.04585E+03
 1.33317E+00    9.64257E+02    7.03526E+02    1.22499E+03
 1.40000E+00    1.06869E+03    7.79718E+02    1.35766E+03
 1.41564E+00    1.08181E+03    7.89291E+02    1.37432E+03
 1.42443E+00    1.09276E+03    7.97283E+02    1.38824E+03
 1.47961E+00    1.16308E+03    8.48591E+02    1.47758E+03
 1.52910E+00    1.22616E+03    8.94612E+02    1.55771E+03
 1.60000E+00    1.32405E+03    9.66031E+02    1.68207E+03
 1.72391E+00    1.45184E+03    1.05927E+03    1.84441E+03
 1.76946E+00    1.50669E+03    1.09929E+03    1.91409E+03
 1.80000E+00    1.54481E+03    1.25090E+03    1.83872E+03
 1.94695E+00    1.68636E+03    1.36552E+03    2.00720E+03
 2.00000E+00    1.73746E+03    1.40690E+03    2.06803E+03
 2.00055E+00    1.73769E+03    1.40708E+03    2.06830E+03
 2.03950E+00    1.76203E+03    1.42679E+03    2.09727E+03
 2.07095E+00    1.78169E+03    1.44271E+03    2.12067E+03
 2.09205E+00    1.79950E+03    1.45714E+03    2.14187E+03
 2.17726E+00    1.89313E+03    1.53295E+03    2.25331E+03
 2.19655E+00    1.91432E+03    1.55011E+03    2.27854E+03
 2.20000E+00    1.92044E+03    1.55506E+03    2.28582E+03
 2.21665E+00    1.92835E+03    1.56147E+03    2.29523E+03
 2.24981E+00    1.95049E+03    1.57940E+03    2.32159E+03
 2.32314E+00    2.01083E+03    1.62825E+03    2.39340E+03
 2.35029E+00    2.03661E+03    1.64913E+03    2.42409E+03
 2.37441E+00    2.06295E+03    1.67046E+03    2.45545E+03
 2.40000E+00    2.09478E+03    1.69623E+03    2.49333E+03
 2.60000E+00    2.22657E+03    1.99609E+03    2.45706E+03
 2.66716E+00    2.24879E+03    2.01601E+03    2.48158E+03
 2.67686E+00    2.25303E+03    2.01981E+03    2.48625E+03
 2.78327E+00    2.31081E+03    2.07161E+03    2.55002E+03
 2.80000E+00    2.31990E+03    2.07975E+03    2.56005E+03
 2.84928E+00    2.32873E+03    2.08767E+03    2.56979E+03
 2.87826E+00    2.33485E+03    2.09315E+03    2.57654E+03
 2.91630E+00    2.34412E+03    2.10147E+03    2.58677E+03
 2.92242E+00    2.34583E+03    2.10300E+03    2.58866E+03
 3.00000E+00    2.38775E+03    2.14058E+03    2.63493E+03
 3.20000E+00    2.44209E+03    2.18930E+03    2.69489E+03
 3.40000E+00    2.48873E+03    2.23111E+03    2.74636E+03
 3.60000E+00    2.52822E+03    2.26651E+03    2.78993E+03
 3.80000E+00    2.56165E+03    2.29648E+03    2.82682E+03
 4.00000E+00    2.58954E+03    2.32148E+03    2.85760E+03
 4.20000E+00    2.61178E+03    2.34142E+03    2.88214E+03
 4.40000E+00    2.62725E+03    2.35529E+03    2.89921E+03
 4.60000E+00    2.63504E+03    2.46727E+03    2.80281E+03
 4.80000E+00    2.63492E+03    2.46716E+03    2.80267E+03
 5.00000E+00    2.62743E+03    2.46015E+03    2.79472E+03
 5.20000E+00    2.61442E+03    2.44797E+03    2.78088E+03
 5.40000E+00    2.59763E+03    2.43224E+03    2.76301E+03
 5.60000E+00    2.57915E+03    2.41494E+03    2.74336E+03
 5.80000E+00    2.56077E+03    2.39773E+03    2.72380E+03
 6.00000E+00    2.54380E+03    2.38184E+03    2.70575E+03
 6.20000E+00    2.52956E+03    2.36851E+03    2.69061E+03
 6.40000E+00    2.51857E+03    2.35822E+03    2.67892E+03
 6.60000E+00    2.51129E+03    2.17633E+03    2.84624E+03
 6.80000E+00    2.50757E+03    2.17311E+03    2.84203E+03
 7.00000E+00    2.50758E+03    2.17312E+03    2.84204E+03
 7.20000E+00    2.49686E+03    2.16383E+03    2.82989E+03
 7.40000E+00    2.46327E+03    2.13472E+03    2.79182E+03
 7.60000E+00    2.41168E+03    2.09001E+03    2.73334E+03
 7.80000E+00    2.34857E+03    2.03532E+03    2.66183E+03
 8.00000E+00    2.27390E+03    1.97060E+03    2.57719E+03
 8.50000E+00    2.03176E+03    1.76076E+03    2.30275E+03
 9.00000E+00    1.68978E+03    1.24027E+03    2.13929E+03
 9.50000E+00    1.31363E+03    9.64183E+02    1.66308E+03
 1.00000E+01    1.00854E+03    7.40248E+02    1.27682E+03
 1.05000E+01    7.65554E+02    5.61903E+02    9.69205E+02
 1.10000E+01    5.87474E+02    4.31196E+02    7.43753E+02
 1.15000E+01    4.79336E+02    3.51825E+02    6.06848E+02
 1.20000E+01    4.03792E+02    2.96376E+02    5.11208E+02
 1.25000E+01    3.60151E+02    2.64344E+02    4.55957E+02
 1.30000E+01    3.30833E+02    2.62367E+02    3.99299E+02
 1.35000E+01    3.10267E+02    2.46057E+02    3.74476E+02
 1.40000E+01    2.95255E+02    2.34152E+02    3.56358E+02
 1.45000E+01    2.83617E+02    2.24923E+02    3.42312E+02
 1.50000E+01    2.74008E+02    2.17302E+02    3.30714E+02
 1.60000E+01    2.57617E+02    2.08368E+02    3.06865E+02
 1.70000E+01    2.46936E+02    1.99730E+02    2.94143E+02
 1.80000E+01    2.34329E+02    1.89533E+02    2.79126E+02
 1.90000E+01    2.23250E+02    1.80572E+02    2.65929E+02
 2.00000E+01    2.13118E+02    1.74422E+02    2.51814E+02
 2.10000E+01    2.04173E+02    1.67101E+02    2.41245E+02
 2.20000E+01    1.96885E+02    1.61136E+02    2.32633E+02
 2.30000E+01    1.89341E+02    1.54962E+02    2.23720E+02
 2.40000E+01    1.79754E+02    1.49601E+02    2.09907E+02
 2.50000E+01    1.73588E+02    1.44470E+02    2.02707E+02
 2.60000E+01    1.66299E+02    1.38403E+02    1.94195E+02
 2.70000E+01    1.60422E+02    1.33512E+02    1.87332E+02
 2.80000E+01    1.54553E+02    1.28627E+02    1.80478E+02
 2.90000E+01    1.50180E+02    1.24988E+02    1.75373E+02
 3.00000E+01    1.43410E+02    1.19354E+02    1.67466E+02
 3.00000E+01    1.40731E+02    1.17124E+02    1.64338E+02
 3.20000E+01    1.30413E+02    1.08537E+02    1.52289E+02
 3.40000E+01    1.21862E+02    1.01420E+02    1.42304E+02
 3.60000E+01    1.12025E+02    9.32332E+01    1.30817E+02
 3.80000E+01    1.04860E+02    8.72701E+01    1.22450E+02
 4.00000E+01    9.69250E+01    8.06663E+01    1.13184E+02
 4.20000E+01    9.16259E+01    7.62560E+01    1.06996E+02
 4.40000E+01    8.62124E+01    7.17507E+01    1.00674E+02
 4.60000E+01    8.36082E+01    6.95833E+01    9.76331E+01
 4.80000E+01    8.19283E+01    6.81852E+01    9.56714E+01
 5.00000E+01    7.83092E+01    6.51731E+01    9.14452E+01
 5.20000E+01    7.49792E+01    6.24018E+01    8.75567E+01
 5.40000E+01    7.17353E+01    5.97020E+01    8.37686E+01
 5.60000E+01    6.75201E+01    5.61939E+01    7.88464E+01
 5.80000E+01    6.43010E+01    5.35148E+01    7.50872E+01
 6.00000E+01    6.14950E+01    5.11795E+01    7.18105E+01
 6.50000E+01    5.38152E+01    4.47880E+01    6.28425E+01
 7.00000E+01    4.89503E+01    4.07391E+01    5.71615E+01
 7.50000E+01    4.33721E+01    3.60966E+01    5.06476E+01
 8.00000E+01    3.95140E+01    3.28857E+01    4.61423E+01
 9.00000E+01    3.23705E+01    2.69405E+01    3.78005E+01
 1.00000E+02    2.69989E+01    2.24700E+01    3.15279E+01
 1.10000E+02    2.23421E+01    1.85943E+01    2.60898E+01
 1.20000E+02    1.88918E+01    1.57228E+01    2.20608E+01
 1.30000E+02    1.59683E+01    1.32897E+01    1.86469E+01
 1.40000E+02    1.34515E+01    1.11950E+01    1.57079E+01
 1.50000E+02    1.15053E+01    9.57537E+00    1.34353E+01
 1.60000E+02    9.85962E+00    8.20571E+00    1.15135E+01
 1.80000E+02    7.11834E+00    5.92427E+00    8.31240E+00
 2.00000E+02    5.52549E+00    4.59861E+00    6.45236E+00
