# n + Gd157 : (n,n'20)  
# endfb8.0    Mughabghab,Rochman,Leal,Kawano+  EVAL-SEP11
# uncertainties: n
# # energies =    52
#   E(MeV)       xs(mb) 
 6.11495E-01    0.00000E+00
 6.20000E-01    4.76808E+00
 6.50000E-01    1.87908E+01
 6.70000E-01    2.63231E+01
 7.00000E-01    3.54100E+01
 7.20000E-01    3.73165E+01
 7.40000E-01    3.86506E+01
 7.60000E-01    3.96270E+01
 7.80000E-01    4.02593E+01
 8.00000E-01    4.07558E+01
 9.00000E-01    4.22504E+01
 1.00000E+00    4.38324E+01
 1.10000E+00    4.43867E+01
 1.20000E+00    4.35215E+01
 1.30000E+00    4.12317E+01
 1.40000E+00    3.78147E+01
 1.50000E+00    3.37999E+01
 1.60000E+00    2.96582E+01
 1.70000E+00    2.56936E+01
 1.80000E+00    2.20666E+01
 1.90000E+00    1.98854E+01
 2.00000E+00    1.67656E+01
 2.20000E+00    1.18737E+01
 2.40000E+00    8.64121E+00
 2.60000E+00    6.10376E+00
 2.80000E+00    4.40735E+00
 3.00000E+00    3.18411E+00
 4.00000E+00    6.57121E-01
 4.50000E+00    3.05812E-01
 5.00000E+00    1.41823E-01
 5.50000E+00    5.93693E-02
 6.00000E+00    2.80757E-02
 6.50000E+00    1.39563E-02
 7.00000E+00    7.22606E-03
 7.50000E+00    3.72623E-03
 7.80000E+00    2.51452E-03
 8.00000E+00    1.94216E-03
 8.50000E+00    1.01674E-03
 9.00000E+00    5.42786E-04
 1.00000E+01    1.62640E-04
 1.05000E+01    9.15891E-05
 1.10000E+01    5.24543E-05
 1.15000E+01    3.06658E-05
 1.20000E+01    1.82105E-05
 1.30000E+01    6.75427E-06
 1.40000E+01    2.66767E-06
 1.50000E+01    1.10832E-06
 1.60000E+01    4.82790E-07
 1.70000E+01    2.18710E-07
 1.80000E+01    1.03410E-07
 1.90000E+01    5.08720E-08
 2.00000E+01    2.55370E-08
