# n + Gd157 : (n,p24)   
# endfb8.0    Mughabghab,Rochman,Leal,Kawano+  EVAL-SEP11
# uncertainties: n
# # energies =    34
#   E(MeV)       xs(mb) 
 3.50000E+00    0.00000E+00
 4.00000E+00    5.97830E-10
 4.50000E+00    1.45890E-08
 5.00000E+00    1.23640E-07
 6.00000E+00    4.39123E-06
 6.50000E+00    9.67253E-06
 7.00000E+00    1.67842E-05
 7.50000E+00    2.40839E-05
 8.00000E+00    2.94862E-05
 8.50000E+00    3.16134E-05
 9.00000E+00    3.07395E-05
 9.50000E+00    2.62864E-05
 1.00000E+01    2.09164E-05
 1.05000E+01    1.56054E-05
 1.10000E+01    1.18355E-05
 1.15000E+01    8.73777E-06
 1.20000E+01    5.89844E-06
 1.25000E+01    4.16672E-06
 1.30000E+01    2.79888E-06
 1.35000E+01    1.94263E-06
 1.40000E+01    1.35739E-06
 1.45000E+01    9.64540E-07
 1.50000E+01    6.62790E-07
 1.55000E+01    4.41560E-07
 1.60000E+01    2.97690E-07
 1.65000E+01    2.02280E-07
 1.70000E+01    1.28860E-07
 1.75000E+01    8.69410E-08
 1.80000E+01    5.57290E-08
 1.85000E+01    3.88290E-08
 1.91000E+01    2.51150E-08
 1.95000E+01    1.83830E-08
 1.99000E+01    1.33340E-08
 2.00000E+01    1.47070E-08
