# n + Dy160 : (n,n'17)  
# tendl.2019 A.J. Koning and D. Rochman        EVAL-NOV19
# uncertainties: n
# # energies =    76
#   E(MeV)       xs(mb) 
 1.41735E+00    0.00000E+00
 1.43704E+00    4.16892E-01
 1.44762E+00    6.40902E-01
 1.46594E+00    1.02879E+00
 1.49889E+00    1.72643E+00
 1.52799E+00    2.34256E+00
 1.53193E+00    2.42598E+00
 1.54483E+00    2.69911E+00
 1.56641E+00    3.15602E+00
 1.59675E+00    3.79841E+00
 1.60000E+00    3.86722E+00
 1.60443E+00    3.97385E+00
 1.61390E+00    4.20178E+00
 1.61697E+00    4.27567E+00
 1.61800E+00    4.30047E+00
 1.80000E+00    8.68109E+00
 2.00000E+00    1.33999E+01
 2.20000E+00    1.58803E+01
 2.40000E+00    1.60059E+01
 2.60000E+00    1.44931E+01
 2.80000E+00    1.21695E+01
 3.00000E+00    9.70666E+00
 3.20000E+00    7.73783E+00
 3.40000E+00    5.86252E+00
 3.60000E+00    4.42296E+00
 3.80000E+00    3.36267E+00
 4.00000E+00    2.60017E+00
 4.20000E+00    2.06106E+00
 4.40000E+00    1.70456E+00
 4.60000E+00    1.44586E+00
 4.80000E+00    1.26417E+00
 5.00000E+00    1.14559E+00
 5.20000E+00    1.07134E+00
 5.40000E+00    1.02832E+00
 5.60000E+00    1.00699E+00
 5.80000E+00    1.00010E+00
 6.00000E+00    1.00179E+00
 6.20000E+00    1.00910E+00
 6.40000E+00    1.01883E+00
 6.60000E+00    1.02931E+00
 6.80000E+00    1.03919E+00
 7.00000E+00    1.04779E+00
 7.20000E+00    1.05467E+00
 7.40000E+00    1.05960E+00
 7.60000E+00    1.06259E+00
 7.80000E+00    1.06368E+00
 8.00000E+00    1.06304E+00
 8.50000E+00    1.05551E+00
 9.00000E+00    1.04298E+00
 9.50000E+00    1.02937E+00
 1.00000E+01    1.01718E+00
 1.05000E+01    1.00738E+00
 1.10000E+01    9.99826E-01
 1.15000E+01    9.93748E-01
 1.20000E+01    9.88183E-01
 1.25000E+01    9.82237E-01
 1.30000E+01    9.75203E-01
 1.35000E+01    9.66662E-01
 1.40000E+01    9.56435E-01
 1.45000E+01    9.44594E-01
 1.50000E+01    9.31395E-01
 1.60000E+01    9.02348E-01
 1.70000E+01    8.72186E-01
 1.80000E+01    8.43054E-01
 1.90000E+01    8.15982E-01
 2.00000E+01    7.91104E-01
 2.10000E+01    7.68033E-01
 2.20000E+01    7.46105E-01
 2.30000E+01    7.24589E-01
 2.40000E+01    7.02977E-01
 2.50000E+01    6.81179E-01
 2.60000E+01    6.59509E-01
 2.70000E+01    6.38475E-01
 2.80000E+01    6.18502E-01
 2.90000E+01    5.99809E-01
 3.00000E+01    5.82380E-01
