# n + Dy160 : (n,non)   
# tendl.2019 A.J. Koning and D. Rochman        EVAL-NOV19
# uncertainties: y
# # energies =  1086
#   E(MeV)       xs(mb)       xslow(mb)      xsupp(mb)
 1.00000E-11    1.50558E+01    1.50558E+01    1.50558E+01
 1.03223E-11    1.48189E+01    1.48189E+01    1.48189E+01
 1.06549E-11    1.45858E+01    1.45858E+01    1.45858E+01
 1.09984E-11    1.43562E+01    1.43562E+01    1.43562E+01
 1.13527E-11    1.41304E+01    1.41304E+01    1.41304E+01
 1.17186E-11    1.39080E+01    1.39080E+01    1.39080E+01
 1.20962E-11    1.36893E+01    1.36893E+01    1.36893E+01
 1.24861E-11    1.34738E+01    1.34738E+01    1.34738E+01
 1.28884E-11    1.32619E+01    1.32619E+01    1.32619E+01
 1.33038E-11    1.30532E+01    1.30532E+01    1.30532E+01
 1.37325E-11    1.28478E+01    1.28478E+01    1.28478E+01
 1.41751E-11    1.26457E+01    1.26457E+01    1.26457E+01
 1.46318E-11    1.24467E+01    1.24467E+01    1.24467E+01
 1.51034E-11    1.22509E+01    1.22509E+01    1.22509E+01
 1.55901E-11    1.20581E+01    1.20581E+01    1.20581E+01
 1.60926E-11    1.18684E+01    1.18684E+01    1.18684E+01
 1.66111E-11    1.16817E+01    1.16817E+01    1.16817E+01
 1.71465E-11    1.14979E+01    1.14979E+01    1.14979E+01
 1.76990E-11    1.13170E+01    1.13170E+01    1.13170E+01
 1.82694E-11    1.11389E+01    1.11389E+01    1.11389E+01
 1.88581E-11    1.09637E+01    1.09637E+01    1.09637E+01
 1.94659E-11    1.07911E+01    1.07911E+01    1.07911E+01
 2.00931E-11    1.06214E+01    1.06214E+01    1.06214E+01
 2.07407E-11    1.04542E+01    1.04542E+01    1.04542E+01
 2.14090E-11    1.02898E+01    1.02898E+01    1.02898E+01
 2.20991E-11    1.01279E+01    1.01279E+01    1.01279E+01
 2.28111E-11    9.96853E+00    9.96853E+00    9.96853E+00
 2.35464E-11    9.81166E+00    9.81166E+00    9.81166E+00
 2.43051E-11    9.65731E+00    9.65731E+00    9.65731E+00
 2.50884E-11    9.50534E+00    9.50534E+00    9.50534E+00
 2.58968E-11    9.35581E+00    9.35581E+00    9.35581E+00
 2.67315E-11    9.20858E+00    9.20858E+00    9.20858E+00
 2.75928E-11    9.06372E+00    9.06372E+00    9.06372E+00
 2.84822E-11    8.92109E+00    8.92109E+00    8.92109E+00
 2.93999E-11    8.78075E+00    8.78075E+00    8.78075E+00
 3.03475E-11    8.64258E+00    8.64258E+00    8.64258E+00
 3.13253E-11    8.50661E+00    8.50661E+00    8.50661E+00
 3.23350E-11    8.37275E+00    8.37275E+00    8.37275E+00
 3.33769E-11    8.24103E+00    8.24103E+00    8.24103E+00
 3.44526E-11    8.11136E+00    8.11136E+00    8.11136E+00
 3.55627E-11    7.98375E+00    7.98375E+00    7.98375E+00
 3.67089E-11    7.85812E+00    7.85812E+00    7.85812E+00
 3.78918E-11    7.73450E+00    7.73450E+00    7.73450E+00
 3.91130E-11    7.61279E+00    7.61279E+00    7.61279E+00
 4.03734E-11    7.49302E+00    7.49302E+00    7.49302E+00
 4.16746E-11    7.37512E+00    7.37512E+00    7.37512E+00
 4.30174E-11    7.25909E+00    7.25909E+00    7.25909E+00
 4.44039E-11    7.14487E+00    7.14487E+00    7.14487E+00
 4.58347E-11    7.03246E+00    7.03246E+00    7.03246E+00
 4.73119E-11    6.92180E+00    6.92180E+00    6.92180E+00
 4.88364E-11    6.81291E+00    6.81291E+00    6.81291E+00
 5.04104E-11    6.70570E+00    6.70570E+00    6.70570E+00
 5.20348E-11    6.60021E+00    6.60021E+00    6.60021E+00
 5.37119E-11    6.49635E+00    6.49635E+00    6.49635E+00
 5.54426E-11    6.39415E+00    6.39415E+00    6.39415E+00
 5.72295E-11    6.29353E+00    6.29353E+00    6.29353E+00
 5.90736E-11    6.19452E+00    6.19452E+00    6.19452E+00
 6.09775E-11    6.09705E+00    6.09705E+00    6.09705E+00
 6.29424E-11    6.00113E+00    6.00113E+00    6.00113E+00
 6.49710E-11    5.90670E+00    5.90670E+00    5.90670E+00
 6.70645E-11    5.81377E+00    5.81377E+00    5.81377E+00
 6.92260E-11    5.72229E+00    5.72229E+00    5.72229E+00
 7.14566E-11    5.63227E+00    5.63227E+00    5.63227E+00
 7.37596E-11    5.54364E+00    5.54364E+00    5.54364E+00
 7.61364E-11    5.45643E+00    5.45643E+00    5.45643E+00
 7.85902E-11    5.37057E+00    5.37057E+00    5.37057E+00
 8.11227E-11    5.28608E+00    5.28608E+00    5.28608E+00
 8.37372E-11    5.20290E+00    5.20290E+00    5.20290E+00
 8.64355E-11    5.12104E+00    5.12104E+00    5.12104E+00
 8.92212E-11    5.04046E+00    5.04046E+00    5.04046E+00
 9.20962E-11    4.96116E+00    4.96116E+00    4.96116E+00
 9.50644E-11    4.88310E+00    4.88310E+00    4.88310E+00
 9.81277E-11    4.80628E+00    4.80628E+00    4.80628E+00
 1.01291E-10    4.73064E+00    4.73064E+00    4.73064E+00
 1.04554E-10    4.65622E+00    4.65622E+00    4.65622E+00
 1.07924E-10    4.58295E+00    4.58295E+00    4.58295E+00
 1.11402E-10    4.51086E+00    4.51086E+00    4.51086E+00
 1.14992E-10    4.43987E+00    4.43987E+00    4.43987E+00
 1.18697E-10    4.37003E+00    4.37003E+00    4.37003E+00
 1.22523E-10    4.30126E+00    4.30126E+00    4.30126E+00
 1.26471E-10    4.23359E+00    4.23359E+00    4.23359E+00
 1.30547E-10    4.16697E+00    4.16697E+00    4.16697E+00
 1.34754E-10    4.10142E+00    4.10142E+00    4.10142E+00
 1.39097E-10    4.03688E+00    4.03688E+00    4.03688E+00
 1.43579E-10    3.97337E+00    3.97337E+00    3.97337E+00
 1.48207E-10    3.91085E+00    3.91085E+00    3.91085E+00
 1.52982E-10    3.84932E+00    3.84932E+00    3.84932E+00
 1.57913E-10    3.78875E+00    3.78875E+00    3.78875E+00
 1.63001E-10    3.72915E+00    3.72915E+00    3.72915E+00
 1.68254E-10    3.67046E+00    3.67046E+00    3.67046E+00
 1.73676E-10    3.61272E+00    3.61272E+00    3.61272E+00
 1.79274E-10    3.55587E+00    3.55587E+00    3.55587E+00
 1.85050E-10    3.49993E+00    3.49993E+00    3.49993E+00
 1.91014E-10    3.44486E+00    3.44486E+00    3.44486E+00
 1.97169E-10    3.39067E+00    3.39067E+00    3.39067E+00
 2.03524E-10    3.33731E+00    3.33731E+00    3.33731E+00
 2.10082E-10    3.28481E+00    3.28481E+00    3.28481E+00
 2.16853E-10    3.23312E+00    3.23312E+00    3.23312E+00
 2.23840E-10    3.18226E+00    3.18226E+00    3.18226E+00
 2.31055E-10    3.13218E+00    3.13218E+00    3.13218E+00
 2.38500E-10    3.08291E+00    3.08291E+00    3.08291E+00
 2.46187E-10    3.03439E+00    3.03439E+00    3.03439E+00
 2.54120E-10    2.98666E+00    2.98666E+00    2.98666E+00
 2.62310E-10    2.93966E+00    2.93966E+00    2.93966E+00
 2.70762E-10    2.89341E+00    2.89341E+00    2.89341E+00
 2.79489E-10    2.84788E+00    2.84788E+00    2.84788E+00
 2.88494E-10    2.80308E+00    2.80308E+00    2.80308E+00
 2.97793E-10    2.75897E+00    2.75897E+00    2.75897E+00
 3.07388E-10    2.71557E+00    2.71557E+00    2.71557E+00
 3.17295E-10    2.67284E+00    2.67284E+00    2.67284E+00
 3.27519E-10    2.63079E+00    2.63079E+00    2.63079E+00
 3.38075E-10    2.58939E+00    2.58939E+00    2.58939E+00
 3.48969E-10    2.54866E+00    2.54866E+00    2.54866E+00
 3.60216E-10    2.50855E+00    2.50855E+00    2.50855E+00
 3.71823E-10    2.46909E+00    2.46909E+00    2.46909E+00
 3.83807E-10    2.43023E+00    2.43023E+00    2.43023E+00
 3.96174E-10    2.39200E+00    2.39200E+00    2.39200E+00
 4.08943E-10    2.35436E+00    2.35436E+00    2.35436E+00
 4.22120E-10    2.31732E+00    2.31732E+00    2.31732E+00
 4.35725E-10    2.28086E+00    2.28086E+00    2.28086E+00
 4.49765E-10    2.24498E+00    2.24498E+00    2.24498E+00
 4.64261E-10    2.20965E+00    2.20965E+00    2.20965E+00
 4.79221E-10    2.17489E+00    2.17489E+00    2.17489E+00
 4.94666E-10    2.14067E+00    2.14067E+00    2.14067E+00
 5.10605E-10    2.10699E+00    2.10699E+00    2.10699E+00
 5.27062E-10    2.07383E+00    2.07383E+00    2.07383E+00
 5.44045E-10    2.04121E+00    2.04121E+00    2.04121E+00
 5.61580E-10    2.00909E+00    2.00909E+00    2.00909E+00
 5.79675E-10    1.97748E+00    1.97748E+00    1.97748E+00
 5.98358E-10    1.94636E+00    1.94636E+00    1.94636E+00
 6.17639E-10    1.91574E+00    1.91574E+00    1.91574E+00
 6.37545E-10    1.88560E+00    1.88560E+00    1.88560E+00
 6.58089E-10    1.85593E+00    1.85593E+00    1.85593E+00
 6.79298E-10    1.82673E+00    1.82673E+00    1.82673E+00
 7.01188E-10    1.79799E+00    1.79799E+00    1.79799E+00
 7.23786E-10    1.76970E+00    1.76970E+00    1.76970E+00
 7.47109E-10    1.74186E+00    1.74186E+00    1.74186E+00
 7.71188E-10    1.71445E+00    1.71445E+00    1.71445E+00
 7.96038E-10    1.68748E+00    1.68748E+00    1.68748E+00
 8.21693E-10    1.66092E+00    1.66092E+00    1.66092E+00
 8.48171E-10    1.63479E+00    1.63479E+00    1.63479E+00
 8.75507E-10    1.60907E+00    1.60907E+00    1.60907E+00
 9.03719E-10    1.58376E+00    1.58376E+00    1.58376E+00
 9.32845E-10    1.55883E+00    1.55883E+00    1.55883E+00
 9.62904E-10    1.53431E+00    1.53431E+00    1.53431E+00
 9.93937E-10    1.51017E+00    1.51017E+00    1.51017E+00
 1.02597E-09    1.48641E+00    1.48641E+00    1.48641E+00
 1.05903E-09    1.46302E+00    1.46302E+00    1.46302E+00
 1.09316E-09    1.44000E+00    1.44000E+00    1.44000E+00
 1.12839E-09    1.41734E+00    1.41734E+00    1.41734E+00
 1.16475E-09    1.39505E+00    1.39505E+00    1.39505E+00
 1.20229E-09    1.37309E+00    1.37309E+00    1.37309E+00
 1.24103E-09    1.35149E+00    1.35149E+00    1.35149E+00
 1.28103E-09    1.33023E+00    1.33023E+00    1.33023E+00
 1.32231E-09    1.30930E+00    1.30930E+00    1.30930E+00
 1.36492E-09    1.28870E+00    1.28870E+00    1.28870E+00
 1.40890E-09    1.26842E+00    1.26842E+00    1.26842E+00
 1.45431E-09    1.24846E+00    1.24846E+00    1.24846E+00
 1.50117E-09    1.22882E+00    1.22882E+00    1.22882E+00
 1.54956E-09    1.20949E+00    1.20949E+00    1.20949E+00
 1.59949E-09    1.19046E+00    1.19046E+00    1.19046E+00
 1.65104E-09    1.17173E+00    1.17173E+00    1.17173E+00
 1.70424E-09    1.15329E+00    1.15329E+00    1.15329E+00
 1.75917E-09    1.13514E+00    1.13514E+00    1.13514E+00
 1.81585E-09    1.11729E+00    1.11729E+00    1.11729E+00
 1.87438E-09    1.09970E+00    1.09970E+00    1.09970E+00
 1.93477E-09    1.08240E+00    1.08240E+00    1.08240E+00
 1.99713E-09    1.06537E+00    1.06537E+00    1.06537E+00
 2.06148E-09    1.04861E+00    1.04861E+00    1.04861E+00
 2.12792E-09    1.03211E+00    1.03211E+00    1.03211E+00
 2.19649E-09    1.01587E+00    1.01587E+00    1.01587E+00
 2.26728E-09    9.99889E-01    9.99889E-01    9.99889E-01
 2.34034E-09    9.84158E-01    9.84158E-01    9.84158E-01
 2.41577E-09    9.68673E-01    9.68673E-01    9.68673E-01
 2.49362E-09    9.53433E-01    9.53433E-01    9.53433E-01
 2.57398E-09    9.38431E-01    9.38431E-01    9.38431E-01
 2.65692E-09    9.23667E-01    9.23667E-01    9.23667E-01
 2.74255E-09    9.09134E-01    9.09134E-01    9.09134E-01
 2.83093E-09    8.94832E-01    8.94832E-01    8.94832E-01
 2.92217E-09    8.80752E-01    8.80752E-01    8.80752E-01
 3.01633E-09    8.66897E-01    8.66897E-01    8.66897E-01
 3.11354E-09    8.53258E-01    8.53258E-01    8.53258E-01
 3.21387E-09    8.39836E-01    8.39836E-01    8.39836E-01
 3.31745E-09    8.26623E-01    8.26623E-01    8.26623E-01
 3.42435E-09    8.13622E-01    8.13622E-01    8.13622E-01
 3.53471E-09    8.00824E-01    8.00824E-01    8.00824E-01
 3.64861E-09    7.88230E-01    7.88230E-01    7.88230E-01
 3.76620E-09    7.75835E-01    7.75835E-01    7.75835E-01
 3.88757E-09    7.63637E-01    7.63637E-01    7.63637E-01
 4.01286E-09    7.51633E-01    7.51633E-01    7.51633E-01
 4.14217E-09    7.39821E-01    7.39821E-01    7.39821E-01
 4.27566E-09    7.28197E-01    7.28197E-01    7.28197E-01
 4.41344E-09    7.16761E-01    7.16761E-01    7.16761E-01
 4.55568E-09    7.05507E-01    7.05507E-01    7.05507E-01
 4.70248E-09    6.94437E-01    6.94437E-01    6.94437E-01
 4.85404E-09    6.83545E-01    6.83545E-01    6.83545E-01
 5.01045E-09    6.72831E-01    6.72831E-01    6.72831E-01
 5.17193E-09    6.62290E-01    6.62290E-01    6.62290E-01
 5.33859E-09    6.51922E-01    6.51922E-01    6.51922E-01
 5.51065E-09    6.41722E-01    6.41722E-01    6.41722E-01
 5.68822E-09    6.31689E-01    6.31689E-01    6.31689E-01
 5.87154E-09    6.21817E-01    6.21817E-01    6.21817E-01
 6.06075E-09    6.12106E-01    6.12106E-01    6.12106E-01
 6.25608E-09    6.02550E-01    6.02550E-01    6.02550E-01
 6.45767E-09    5.93147E-01    5.93147E-01    5.93147E-01
 6.66579E-09    5.83890E-01    5.83890E-01    5.83890E-01
 6.88059E-09    5.74779E-01    5.74779E-01    5.74779E-01
 7.10234E-09    5.65807E-01    5.65807E-01    5.65807E-01
 7.33121E-09    5.56972E-01    5.56972E-01    5.56972E-01
 7.56748E-09    5.48270E-01    5.48270E-01    5.48270E-01
 7.81133E-09    5.39699E-01    5.39699E-01    5.39699E-01
 8.06308E-09    5.31254E-01    5.31254E-01    5.31254E-01
 8.32291E-09    5.22936E-01    5.22936E-01    5.22936E-01
 8.59114E-09    5.14740E-01    5.14740E-01    5.14740E-01
 8.86798E-09    5.06668E-01    5.06668E-01    5.06668E-01
 9.15378E-09    4.98716E-01    4.98716E-01    4.98716E-01
 9.44875E-09    4.90884E-01    4.90884E-01    4.90884E-01
 9.75327E-09    4.83171E-01    4.83171E-01    4.83171E-01
 1.00676E-08    4.75577E-01    4.75577E-01    4.75577E-01
 1.03920E-08    4.68099E-01    4.68099E-01    4.68099E-01
 1.07269E-08    4.60738E-01    4.60738E-01    4.60738E-01
 1.10726E-08    4.53490E-01    4.53490E-01    4.53490E-01
 1.14294E-08    4.46357E-01    4.46357E-01    4.46357E-01
 1.17978E-08    4.39334E-01    4.39334E-01    4.39334E-01
 1.21779E-08    4.32422E-01    4.32422E-01    4.32422E-01
 1.25704E-08    4.25618E-01    4.25618E-01    4.25618E-01
 1.29755E-08    4.18922E-01    4.18922E-01    4.18922E-01
 1.33937E-08    4.12331E-01    4.12331E-01    4.12331E-01
 1.38253E-08    4.05844E-01    4.05844E-01    4.05844E-01
 1.42708E-08    3.99458E-01    3.99458E-01    3.99458E-01
 1.47307E-08    3.93173E-01    3.93173E-01    3.93173E-01
 1.52054E-08    3.86986E-01    3.86986E-01    3.86986E-01
 1.56954E-08    3.80898E-01    3.80898E-01    3.80898E-01
 1.62012E-08    3.74905E-01    3.74905E-01    3.74905E-01
 1.67233E-08    3.69006E-01    3.69006E-01    3.69006E-01
 1.72623E-08    3.63200E-01    3.63200E-01    3.63200E-01
 1.78185E-08    3.57486E-01    3.57486E-01    3.57486E-01
 1.83928E-08    3.51860E-01    3.51860E-01    3.51860E-01
 1.89855E-08    3.46324E-01    3.46324E-01    3.46324E-01
 1.95974E-08    3.40874E-01    3.40874E-01    3.40874E-01
 2.02289E-08    3.35511E-01    3.35511E-01    3.35511E-01
 2.08808E-08    3.30231E-01    3.30231E-01    3.30231E-01
 2.15537E-08    3.25036E-01    3.25036E-01    3.25036E-01
 2.22483E-08    3.19921E-01    3.19921E-01    3.19921E-01
 2.29652E-08    3.14888E-01    3.14888E-01    3.14888E-01
 2.37054E-08    3.09934E-01    3.09934E-01    3.09934E-01
 2.44693E-08    3.05058E-01    3.05058E-01    3.05058E-01
 2.52522E-08    3.00293E-01    3.00293E-01    3.00293E-01
 2.53000E-08    3.00010E-01    3.00010E-01    3.00010E-01
 2.61154E-08    2.95291E-01    2.95291E-01    2.95291E-01
 2.69569E-08    2.90647E-01    2.90647E-01    2.90647E-01
 2.78257E-08    2.86073E-01    2.86073E-01    2.86073E-01
 2.87224E-08    2.81572E-01    2.81572E-01    2.81572E-01
 2.96480E-08    2.77140E-01    2.77140E-01    2.77140E-01
 3.06034E-08    2.72780E-01    2.72780E-01    2.72780E-01
 3.15897E-08    2.68489E-01    2.68489E-01    2.68489E-01
 3.26077E-08    2.64266E-01    2.64266E-01    2.64266E-01
 3.36586E-08    2.60107E-01    2.60107E-01    2.60107E-01
 3.47432E-08    2.56012E-01    2.56012E-01    2.56012E-01
 3.58629E-08    2.51981E-01    2.51981E-01    2.51981E-01
 3.70185E-08    2.48017E-01    2.48017E-01    2.48017E-01
 3.82116E-08    2.44117E-01    2.44117E-01    2.44117E-01
 3.94429E-08    2.40280E-01    2.40280E-01    2.40280E-01
 4.07141E-08    2.36500E-01    2.36500E-01    2.36500E-01
 4.20261E-08    2.32776E-01    2.32776E-01    2.32776E-01
 4.33805E-08    2.29107E-01    2.29107E-01    2.29107E-01
 4.47784E-08    2.25501E-01    2.25501E-01    2.25501E-01
 4.62215E-08    2.21957E-01    2.21957E-01    2.21957E-01
 4.77110E-08    2.18473E-01    2.18473E-01    2.18473E-01
 4.92486E-08    2.15039E-01    2.15039E-01    2.15039E-01
 5.08356E-08    2.11650E-01    2.11650E-01    2.11650E-01
 5.24740E-08    2.08309E-01    2.08309E-01    2.08309E-01
 5.40506E-08    2.05243E-01    2.05243E-01    2.05243E-01
 5.56746E-08    2.02233E-01    2.02233E-01    2.02233E-01
 5.74686E-08    1.99065E-01    1.99065E-01    1.99065E-01
 5.94462E-08    1.95735E-01    1.95735E-01    1.95735E-01
 6.14918E-08    1.92444E-01    1.92444E-01    1.92444E-01
 6.34736E-08    1.89399E-01    1.89399E-01    1.89399E-01
 6.53807E-08    1.86606E-01    1.86606E-01    1.86606E-01
 6.73451E-08    1.83871E-01    1.83871E-01    1.83871E-01
 6.95153E-08    1.80998E-01    1.80998E-01    1.80998E-01
 7.19074E-08    1.77978E-01    1.77978E-01    1.77978E-01
 7.43818E-08    1.74983E-01    1.74983E-01    1.74983E-01
 7.67790E-08    1.72205E-01    1.72205E-01    1.72205E-01
 7.90859E-08    1.69659E-01    1.69659E-01    1.69659E-01
 8.12898E-08    1.67349E-01    1.67349E-01    1.67349E-01
 8.37322E-08    1.64915E-01    1.64915E-01    1.64915E-01
 8.66136E-08    1.62174E-01    1.62174E-01    1.62174E-01
 8.99737E-08    1.59108E-01    1.59108E-01    1.59108E-01
 9.28735E-08    1.56572E-01    1.56572E-01    1.56572E-01
 9.54616E-08    1.54413E-01    1.54413E-01    1.54413E-01
 9.81224E-08    1.52309E-01    1.52309E-01    1.52309E-01
 1.01071E-07    1.50101E-01    1.50101E-01    1.50101E-01
 1.04770E-07    1.47464E-01    1.47464E-01    1.47464E-01
 1.09065E-07    1.44520E-01    1.44520E-01    1.44520E-01
 1.12579E-07    1.42205E-01    1.42205E-01    1.42205E-01
 1.15717E-07    1.40237E-01    1.40237E-01    1.40237E-01
 1.18691E-07    1.38473E-01    1.38473E-01    1.38473E-01
 1.21999E-07    1.36615E-01    1.36615E-01    1.36615E-01
 1.26464E-07    1.34229E-01    1.34229E-01    1.34229E-01
 1.32206E-07    1.31271E-01    1.31271E-01    1.31271E-01
 1.36467E-07    1.29156E-01    1.29156E-01    1.29156E-01
 1.39974E-07    1.27498E-01    1.27498E-01    1.27498E-01
 1.43571E-07    1.25893E-01    1.25893E-01    1.25893E-01
 1.47572E-07    1.24212E-01    1.24212E-01    1.24212E-01
 1.53297E-07    1.21927E-01    1.21927E-01    1.21927E-01
 1.60937E-07    1.18977E-01    1.18977E-01    1.18977E-01
 1.66123E-07    1.17049E-01    1.17049E-01    1.17049E-01
 1.70392E-07    1.15545E-01    1.15545E-01    1.15545E-01
 1.74402E-07    1.14218E-01    1.14218E-01    1.14218E-01
 1.79263E-07    1.12703E-01    1.12703E-01    1.12703E-01
 1.87006E-07    1.10407E-01    1.10407E-01    1.10407E-01
 1.96742E-07    1.07595E-01    1.07595E-01    1.07595E-01
 2.02225E-07    1.06073E-01    1.06073E-01    1.06073E-01
 2.06984E-07    1.04824E-01    1.04824E-01    1.04824E-01
 2.11855E-07    1.03626E-01    1.03626E-01    1.03626E-01
 2.17759E-07    1.02263E-01    1.02263E-01    1.02263E-01
 2.30066E-07    9.95495E-02    9.95495E-02    9.95495E-02
 2.40513E-07    9.72953E-02    9.72953E-02    9.72953E-02
 2.46694E-07    9.60203E-02    9.60203E-02    9.60203E-02
 2.51966E-07    9.49976E-02    9.49976E-02    9.49976E-02
 2.57894E-07    9.39241E-02    9.39241E-02    9.39241E-02
 2.66206E-07    9.25119E-02    9.25119E-02    9.25119E-02
 2.88479E-07    8.88603E-02    8.88603E-02    8.88603E-02
 2.96518E-07    8.75878E-02    8.75878E-02    8.75878E-02
 3.02855E-07    8.66412E-02    8.66412E-02    8.66412E-02
 3.09327E-07    8.57408E-02    8.57408E-02    8.57408E-02
 3.17276E-07    8.47089E-02    8.47089E-02    8.47089E-02
 3.41649E-07    8.16935E-02    8.16935E-02    8.16935E-02
 3.55654E-07    7.99912E-02    7.99912E-02    7.99912E-02
 3.64024E-07    7.90248E-02    7.90248E-02    7.90248E-02
 3.71017E-07    7.82728E-02    7.82728E-02    7.82728E-02
 3.78946E-07    7.74804E-02    7.74804E-02    7.74804E-02
 3.93647E-07    7.60977E-02    7.60977E-02    7.60977E-02
 4.28391E-07    7.28954E-02    7.28954E-02    7.28954E-02
 4.38473E-07    7.20046E-02    7.20046E-02    7.20046E-02
 4.46896E-07    7.13100E-02    7.13100E-02    7.13100E-02
 4.55483E-07    7.06550E-02    7.06550E-02    7.06550E-02
 4.70161E-07    6.96101E-02    6.96101E-02    6.96101E-02
 5.20386E-07    6.61316E-02    6.61316E-02    6.61316E-02
 5.32633E-07    6.53215E-02    6.53215E-02    6.53215E-02
 5.41720E-07    6.47633E-02    6.47633E-02    6.47633E-02
 5.52127E-07    6.41732E-02    6.41732E-02    6.41732E-02
 5.72337E-07    6.31029E-02    6.31029E-02    6.31029E-02
 6.33477E-07    5.99263E-02    5.99263E-02    5.99263E-02
 6.47015E-07    5.92588E-02    5.92588E-02    5.92588E-02
 6.58053E-07    5.87574E-02    5.87574E-02    5.87574E-02
 6.70695E-07    5.82295E-02    5.82295E-02    5.82295E-02
 7.22216E-07    5.62061E-02    5.62061E-02    5.62061E-02
 7.69515E-07    5.43650E-02    5.43650E-02    5.43650E-02
 7.84298E-07    5.38221E-02    5.38221E-02    5.38221E-02
 7.95995E-07    5.34295E-02    5.34295E-02    5.34295E-02
 8.11286E-07    5.29635E-02    5.29635E-02    5.29635E-02
 9.09419E-07    5.01728E-02    5.01728E-02    5.01728E-02
 9.77208E-07    4.82559E-02    4.82559E-02    4.82559E-02
 9.93879E-07    4.78093E-02    4.78093E-02    4.78093E-02
 1.00657E-06    4.74955E-02    4.74955E-02    4.74955E-02
 1.02797E-06    4.70128E-02    4.70128E-02    4.70128E-02
 1.14183E-06    4.45931E-02    4.45931E-02    4.45931E-02
 1.16611E-06    4.41260E-02    4.41260E-02    4.41260E-02
 1.24196E-06    4.28518E-02    4.28518E-02    4.28518E-02
 1.38926E-06    4.04309E-02    4.04309E-02    4.04309E-02
 1.43881E-06    3.97520E-02    3.97520E-02    3.97520E-02
 1.69029E-06    3.66480E-02    3.66480E-02    3.66480E-02
 1.85149E-06    3.51060E-02    3.51060E-02    3.51060E-02
 2.05657E-06    3.32213E-02    3.32213E-02    3.32213E-02
 2.48480E-06    3.02219E-02    3.02219E-02    3.02219E-02
 3.02323E-06    2.73980E-02    2.73980E-02    2.73980E-02
 3.65257E-06    2.49245E-02    2.49245E-02    2.49245E-02
 4.41313E-06    2.26745E-02    2.26745E-02    2.26745E-02
 5.35061E-06    2.05783E-02    2.05783E-02    2.05783E-02
 5.38822E-06    2.04260E-02    2.04260E-02    2.04260E-02
 5.42610E-06    2.01770E-02    9.83253E-03    3.05215E-02
 5.48331E-06    1.96605E-02    9.58083E-03    2.97402E-02
 6.39691E-06    1.06608E-02    5.19516E-03    1.61264E-02
 6.44204E-06    1.02583E-02    4.99901E-03    1.55176E-02
 6.47588E-06    1.00118E-02    4.87889E-03    1.51447E-02
 6.51004E-06    9.81995E-03    4.78540E-03    1.48545E-02
 6.57868E-06    9.52754E-03    4.64290E-03    1.44122E-02
 7.75599E-06    4.93059E-03    2.40275E-03    7.45843E-03
 7.79679E-06    4.78719E-03    2.33286E-03    7.24151E-03
 7.83796E-06    4.66981E-03    2.27566E-03    7.06396E-03
 7.87914E-06    4.58493E-03    2.23430E-03    6.93556E-03
 8.00422E-06    4.40736E-03    2.14777E-03    6.66695E-03
 9.91089E-06    1.86469E-03    9.08689E-04    2.82069E-03
 9.96314E-06    1.80117E-03    8.77735E-04    2.72460E-03
 1.00154E-05    1.75020E-03    8.52897E-04    2.64750E-03
 1.00684E-05    1.71331E-03    8.34920E-04    2.59170E-03
 1.02283E-05    1.63069E-03    7.94658E-04    2.46672E-03
 1.14013E-05    1.04451E-03    5.09004E-04    1.58002E-03
 1.14614E-05    1.01855E-03    4.96354E-04    1.54075E-03
 1.15215E-05    9.98592E-04    4.86628E-04    1.51056E-03
 1.16841E-05    9.60307E-04    4.67971E-04    1.45264E-03
 1.37270E-05    5.05659E-04    2.46415E-04    7.64903E-04
 1.38475E-05    4.80201E-04    2.34009E-04    7.26393E-04
 1.38963E-05    4.71933E-04    2.29980E-04    7.13886E-04
 1.39694E-05    4.62897E-04    2.25576E-04    7.00218E-04
 1.47230E-05    3.97820E-04    1.93863E-04    6.01777E-04
 1.67307E-05    2.26120E-04    1.10191E-04    3.42049E-04
 1.68185E-05    2.19949E-04    1.07184E-04    3.32714E-04
 1.69075E-05    2.15709E-04    1.05118E-04    3.26300E-04
 2.02494E-05    1.05470E-04    5.13970E-05    1.59543E-04
 2.03205E-05    1.03421E-04    5.03985E-05    1.56443E-04
 2.03917E-05    1.01852E-04    4.96339E-05    1.54070E-04
 2.04629E-05    1.00779E-04    4.91110E-05    1.52447E-04
 2.67977E-05    3.50280E-05    1.70696E-05    5.29864E-05
 2.69154E-05    3.38899E-05    1.65150E-05    5.12648E-05
 2.69861E-05    3.33610E-05    1.62573E-05    5.04647E-05
 2.70567E-05    3.30243E-05    1.60932E-05    4.99554E-05
 2.71758E-05    3.27836E-05    1.59759E-05    4.95913E-05
 2.98705E-05    3.03889E-05    1.48089E-05    4.59689E-05
 3.60904E-05    2.61336E-05    1.27353E-05    3.95319E-05
 4.36032E-05    2.24769E-05    1.09533E-05    3.40005E-05
 5.30516E-05    1.92181E-05    9.36525E-06    2.90710E-05
 6.40984E-05    1.65247E-05    8.05272E-06    2.49967E-05
 7.74417E-05    1.42121E-05    6.92575E-06    2.14984E-05
 1.00356E-04    1.15555E-05    5.63116E-06    1.74798E-05
 1.13842E-04    1.04061E-05    5.07104E-06    1.57412E-05
 1.37541E-04    8.89491E-06    4.33461E-06    1.34552E-05
 1.66685E-04    7.58300E-06    3.69530E-06    1.14707E-05
 1.99982E-04    6.51915E-06    3.17687E-06    9.86143E-06
 2.45033E-04    5.49324E-06    2.67693E-06    8.30955E-06
 3.00000E-04    4.62900E-06    2.92745E-06    6.33055E-06
 3.58045E-04    3.97944E-06    2.51666E-06    5.44222E-06
 4.33458E-04    3.37960E-06    2.13731E-06    4.62189E-06
 5.24756E-04    2.87012E-06    1.81511E-06    3.92513E-06
 6.00000E-04    2.55952E-06    1.61868E-06    3.50036E-06
 7.69091E-04    2.06724E-06    1.30735E-06    2.82713E-06
 1.00000E-03    1.64918E-06    1.04297E-06    2.25539E-06
 1.12719E-03    1.48887E-06    9.41583E-07    2.03616E-06
 1.36461E-03    1.26466E-06    7.99790E-07    1.72953E-06
 1.98936E-03    8.50650E-07    5.37964E-07    1.16334E-06
 1.98946E-03    8.55730E-07    5.41176E-07    1.17028E-06
 1.98954E-03    8.64150E-07    5.46501E-07    1.18180E-06
 1.98959E-03    8.73770E-07    5.52585E-07    1.19496E-06
 1.98964E-03    8.88580E-07    5.61951E-07    1.21521E-06
 1.98968E-03    9.04690E-07    5.72139E-07    1.23724E-06
 1.98972E-03    9.26830E-07    5.86141E-07    1.26752E-06
 1.98974E-03    9.45990E-07    5.98258E-07    1.29372E-06
 1.98977E-03    9.69640E-07    6.13215E-07    1.32607E-06
 1.98979E-03    9.98770E-07    6.31637E-07    1.36590E-06
 1.98982E-03    1.03463E-06    6.54315E-07    1.41494E-06
 1.98984E-03    1.06684E-06    6.74685E-07    1.45899E-06
 1.98985E-03    1.10441E-06    6.98445E-07    1.51038E-06
 1.98987E-03    1.14824E-06    7.26164E-07    1.57032E-06
 1.98989E-03    1.19929E-06    7.58449E-07    1.64013E-06
 1.98991E-03    1.25882E-06    7.96096E-07    1.72154E-06
 1.98993E-03    1.32807E-06    8.39891E-07    1.81625E-06
 1.98995E-03    1.40868E-06    8.90870E-07    1.92649E-06
 1.98996E-03    1.46961E-06    9.29403E-07    2.00982E-06
 1.98997E-03    1.53696E-06    9.71996E-07    2.10192E-06
 1.98999E-03    1.61139E-06    1.01907E-06    2.20371E-06
 1.99000E-03    1.69365E-06    1.07109E-06    2.31621E-06
 1.99001E-03    1.78453E-06    1.12856E-06    2.44050E-06
 1.99003E-03    1.88488E-06    1.19203E-06    2.57773E-06
 1.99004E-03    1.99567E-06    1.26209E-06    2.72925E-06
 1.99005E-03    2.11800E-06    1.33945E-06    2.89655E-06
 1.99006E-03    2.25304E-06    1.42486E-06    3.08122E-06
 1.99008E-03    2.40201E-06    1.51907E-06    3.28495E-06
 1.99009E-03    2.56629E-06    1.62296E-06    3.50962E-06
 1.99010E-03    2.74748E-06    1.73755E-06    3.75741E-06
 1.99011E-03    2.94727E-06    1.86390E-06    4.03064E-06
 1.99013E-03    3.16743E-06    2.00313E-06    4.33173E-06
 1.99014E-03    3.40999E-06    2.15653E-06    4.66345E-06
 1.99015E-03    3.67730E-06    2.32558E-06    5.02902E-06
 1.99016E-03    3.97185E-06    2.51186E-06    5.43184E-06
 1.99018E-03    4.29612E-06    2.71693E-06    5.87531E-06
 1.99019E-03    4.65302E-06    2.94264E-06    6.36340E-06
 1.99020E-03    5.04586E-06    3.19108E-06    6.90065E-06
 1.99021E-03    5.47814E-06    3.46446E-06    7.49182E-06
 1.99023E-03    5.95357E-06    3.76512E-06    8.14202E-06
 1.99024E-03    6.47630E-06    4.09571E-06    8.85689E-06
 1.99025E-03    6.90233E-06    4.36513E-06    9.43953E-06
 1.99026E-03    7.35959E-06    4.65431E-06    1.00649E-05
 1.99027E-03    7.85082E-06    4.96497E-06    1.07367E-05
 1.99028E-03    8.37762E-06    5.29813E-06    1.14571E-05
 1.99029E-03    8.94315E-06    5.65578E-06    1.22305E-05
 1.99030E-03    9.54895E-06    6.03890E-06    1.30590E-05
 1.99031E-03    1.02005E-05    6.45095E-06    1.39501E-05
 1.99032E-03    1.08983E-05    6.89224E-06    1.49044E-05
 1.99033E-03    1.16470E-05    7.36573E-06    1.59283E-05
 1.99034E-03    1.24492E-05    7.87306E-06    1.70253E-05
 1.99034E-03    1.33099E-05    8.41738E-06    1.82024E-05
 1.99035E-03    1.42326E-05    9.00090E-06    1.94643E-05
 1.99036E-03    1.52223E-05    9.62681E-06    2.08178E-05
 1.99037E-03    1.62813E-05    1.02965E-05    2.22661E-05
 1.99038E-03    1.74184E-05    1.10157E-05    2.38211E-05
 1.99039E-03    1.86348E-05    1.17849E-05    2.54847E-05
 1.99040E-03    1.99386E-05    1.26095E-05    2.72677E-05
 1.99041E-03    2.13346E-05    1.34923E-05    2.91769E-05
 1.99042E-03    2.28309E-05    1.44386E-05    3.12232E-05
 1.99043E-03    2.44318E-05    1.54510E-05    3.34126E-05
 1.99044E-03    2.61466E-05    1.65355E-05    3.57577E-05
 1.99045E-03    2.79792E-05    1.76945E-05    3.82639E-05
 1.99046E-03    2.99464E-05    1.89385E-05    4.09543E-05
 1.99047E-03    3.20485E-05    2.02679E-05    4.38291E-05
 1.99048E-03    3.42988E-05    2.16911E-05    4.69065E-05
 1.99049E-03    3.67043E-05    2.32123E-05    5.01963E-05
 1.99050E-03    3.92797E-05    2.48411E-05    5.37183E-05
 1.99051E-03    4.20332E-05    2.65824E-05    5.74840E-05
 1.99052E-03    4.49798E-05    2.84459E-05    6.15137E-05
 1.99052E-03    4.81254E-05    3.04352E-05    6.58156E-05
 1.99053E-03    5.14951E-05    3.25663E-05    7.04240E-05
 1.99054E-03    5.50916E-05    3.48407E-05    7.53425E-05
 1.99056E-03    6.02787E-05    3.81211E-05    8.24363E-05
 1.99057E-03    6.59479E-05    4.17064E-05    9.01894E-05
 1.99058E-03    7.21391E-05    4.56218E-05    9.86564E-05
 1.99059E-03    7.88985E-05    4.98966E-05    1.07900E-04
 1.99061E-03    8.62786E-05    5.45638E-05    1.17993E-04
 1.99062E-03    9.43344E-05    5.96585E-05    1.29010E-04
 1.99063E-03    1.03123E-04    6.52165E-05    1.41030E-04
 1.99064E-03    1.12708E-04    7.12782E-05    1.54138E-04
 1.99066E-03    1.23165E-04    7.78913E-05    1.68439E-04
 1.99067E-03    1.34569E-04    8.51034E-05    1.84035E-04
 1.99068E-03    1.46997E-04    9.29631E-05    2.01031E-04
 1.99070E-03    1.60539E-04    1.01527E-04    2.19551E-04
 1.99071E-03    1.75295E-04    1.10859E-04    2.39731E-04
 1.99072E-03    1.91369E-04    1.21025E-04    2.61713E-04
 1.99073E-03    2.08869E-04    1.32092E-04    2.85646E-04
 1.99075E-03    2.27918E-04    1.44139E-04    3.11697E-04
 1.99076E-03    2.48657E-04    1.57254E-04    3.40060E-04
 1.99077E-03    2.71231E-04    1.71530E-04    3.70932E-04
 1.99078E-03    2.95785E-04    1.87059E-04    4.04511E-04
 1.99080E-03    3.22484E-04    2.03944E-04    4.41024E-04
 1.99081E-03    3.51517E-04    2.22304E-04    4.80730E-04
 1.99082E-03    3.83081E-04    2.42266E-04    5.23896E-04
 1.99083E-03    4.17376E-04    2.63955E-04    5.70797E-04
 1.99085E-03    4.54631E-04    2.87515E-04    6.21747E-04
 1.99086E-03    4.95106E-04    3.13112E-04    6.77100E-04
 1.99087E-03    5.39072E-04    3.40917E-04    7.37227E-04
 1.99089E-03    5.86796E-04    3.71098E-04    8.02494E-04
 1.99090E-03    6.38585E-04    4.03851E-04    8.73320E-04
 1.99091E-03    6.94787E-04    4.39393E-04    9.50181E-04
 1.99092E-03    7.55764E-04    4.77956E-04    1.03357E-03
 1.99094E-03    8.21885E-04    5.19772E-04    1.12400E-03
 1.99095E-03    8.93565E-04    5.65104E-04    1.22203E-03
 1.99096E-03    9.71296E-04    6.14262E-04    1.32833E-03
 1.99097E-03    1.05557E-03    6.67558E-04    1.44358E-03
 1.99099E-03    1.14687E-03    7.25297E-04    1.56844E-03
 1.99100E-03    1.24574E-03    7.87824E-04    1.70366E-03
 1.99101E-03    1.35282E-03    8.55543E-04    1.85010E-03
 1.99102E-03    1.46877E-03    9.28872E-04    2.00867E-03
 1.99104E-03    1.59425E-03    1.00823E-03    2.18027E-03
 1.99105E-03    1.73001E-03    1.09408E-03    2.36594E-03
 1.99106E-03    1.87691E-03    1.18699E-03    2.56683E-03
 1.99107E-03    2.03584E-03    1.28750E-03    2.78419E-03
 1.99109E-03    2.20765E-03    1.39615E-03    3.01915E-03
 1.99110E-03    2.39335E-03    1.51359E-03    3.27311E-03
 1.99111E-03    2.59407E-03    1.64053E-03    3.54761E-03
 1.99113E-03    2.81097E-03    1.77770E-03    3.84424E-03
 1.99114E-03    3.04521E-03    1.92584E-03    4.16458E-03
 1.99115E-03    3.29813E-03    2.08579E-03    4.51047E-03
 1.99116E-03    3.57128E-03    2.25853E-03    4.88403E-03
 1.99118E-03    3.86621E-03    2.44505E-03    5.28737E-03
 1.99119E-03    4.18443E-03    2.64629E-03    5.72257E-03
 1.99120E-03    4.52767E-03    2.86336E-03    6.19198E-03
 1.99121E-03    4.89792E-03    3.09752E-03    6.69832E-03
 1.99123E-03    5.29720E-03    3.35003E-03    7.24437E-03
 1.99124E-03    5.72756E-03    3.62219E-03    7.83293E-03
 1.99125E-03    6.19129E-03    3.91546E-03    8.46712E-03
 1.99126E-03    6.69107E-03    4.23153E-03    9.15061E-03
 1.99128E-03    7.22959E-03    4.57210E-03    9.88708E-03
 1.99129E-03    7.80943E-03    4.93880E-03    1.06801E-02
 1.99130E-03    8.43361E-03    5.33354E-03    1.15337E-02
 1.99131E-03    9.10554E-03    5.75848E-03    1.24526E-02
 1.99133E-03    9.82870E-03    6.21581E-03    1.34416E-02
 1.99134E-03    1.06066E-02    6.70777E-03    1.45054E-02
 1.99135E-03    1.14430E-02    7.23672E-03    1.56493E-02
 1.99137E-03    1.23428E-02    7.80577E-03    1.68798E-02
 1.99138E-03    1.33105E-02    8.41776E-03    1.82032E-02
 1.99139E-03    1.43504E-02    9.07540E-03    1.96254E-02
 1.99140E-03    1.54675E-02    9.78187E-03    2.11531E-02
 1.99142E-03    1.66677E-02    1.05409E-02    2.27945E-02
 1.99143E-03    1.79568E-02    1.13561E-02    2.45575E-02
 1.99144E-03    1.93406E-02    1.22313E-02    2.64499E-02
 1.99145E-03    2.08258E-02    1.31705E-02    2.84811E-02
 1.99147E-03    2.24199E-02    1.41787E-02    3.06611E-02
 1.99148E-03    2.41307E-02    1.52606E-02    3.30008E-02
 1.99149E-03    2.59654E-02    1.64209E-02    3.55099E-02
 1.99150E-03    2.79324E-02    1.76649E-02    3.81999E-02
 1.99152E-03    3.00414E-02    1.89986E-02    4.10842E-02
 1.99153E-03    3.23020E-02    2.04283E-02    4.41757E-02
 1.99154E-03    3.47239E-02    2.19599E-02    4.74879E-02
 1.99156E-03    3.73178E-02    2.36003E-02    5.10353E-02
 1.99157E-03    4.00967E-02    2.53577E-02    5.48357E-02
 1.99158E-03    4.30732E-02    2.72401E-02    5.89063E-02
 1.99159E-03    4.62587E-02    2.92547E-02    6.32627E-02
 1.99161E-03    4.96672E-02    3.14103E-02    6.79241E-02
 1.99162E-03    5.33143E-02    3.37167E-02    7.29119E-02
 1.99163E-03    5.72158E-02    3.61841E-02    7.82475E-02
 1.99164E-03    6.13872E-02    3.88222E-02    8.39522E-02
 1.99166E-03    6.58459E-02    4.16419E-02    9.00499E-02
 1.99167E-03    7.06126E-02    4.46564E-02    9.65688E-02
 1.99168E-03    7.57075E-02    4.78785E-02    1.03536E-01
 1.99169E-03    8.11493E-02    5.13200E-02    1.10979E-01
 1.99171E-03    8.69601E-02    5.49948E-02    1.18925E-01
 1.99172E-03    9.31653E-02    5.89191E-02    1.27411E-01
 1.99173E-03    9.97898E-02    6.31085E-02    1.36471E-01
 1.99174E-03    1.06858E-01    6.75786E-02    1.46137E-01
 1.99176E-03    1.14398E-01    7.23470E-02    1.56449E-01
 1.99177E-03    1.22444E-01    7.74354E-02    1.67453E-01
 1.99178E-03    1.31028E-01    8.28640E-02    1.79192E-01
 1.99180E-03    1.40178E-01    8.86506E-02    1.91705E-01
 1.99181E-03    1.49929E-01    9.48173E-02    2.05041E-01
 1.99182E-03    1.60320E-01    1.01389E-01    2.19251E-01
 1.99183E-03    1.71392E-01    1.08391E-01    2.34393E-01
 1.99185E-03    1.83182E-01    1.15847E-01    2.50517E-01
 1.99186E-03    1.95734E-01    1.23785E-01    2.67683E-01
 1.99187E-03    2.09099E-01    1.32237E-01    2.85961E-01
 1.99188E-03    2.23326E-01    1.41235E-01    3.05417E-01
 1.99190E-03    2.38461E-01    1.50806E-01    3.26116E-01
 1.99191E-03    2.54558E-01    1.60986E-01    3.48130E-01
 1.99192E-03    2.71677E-01    1.71813E-01    3.71542E-01
 1.99193E-03    2.89881E-01    1.83325E-01    3.96437E-01
 1.99195E-03    3.19343E-01    2.01957E-01    4.36729E-01
 1.99197E-03    3.51621E-01    2.22370E-01    4.80872E-01
 1.99199E-03    3.86950E-01    2.44713E-01    5.29187E-01
 1.99201E-03    4.25616E-01    2.69166E-01    5.82066E-01
 1.99203E-03    4.67876E-01    2.95892E-01    6.39860E-01
 1.99205E-03    5.14065E-01    3.25102E-01    7.03028E-01
 1.99207E-03    5.64469E-01    3.56978E-01    7.71960E-01
 1.99209E-03    6.19557E-01    3.91817E-01    8.47297E-01
 1.99211E-03    6.79606E-01    4.29793E-01    9.29419E-01
 1.99212E-03    7.45089E-01    4.71205E-01    1.01897E+00
 1.99214E-03    8.16415E-01    5.16313E-01    1.11652E+00
 1.99216E-03    8.94121E-01    5.65455E-01    1.22279E+00
 1.99218E-03    9.78696E-01    6.18942E-01    1.33845E+00
 1.99220E-03    1.07073E+00    6.77147E-01    1.46432E+00
 1.99222E-03    1.17071E+00    7.40377E-01    1.60105E+00
 1.99224E-03    1.27946E+00    8.09150E-01    1.74977E+00
 1.99226E-03    1.39746E+00    8.83777E-01    1.91115E+00
 1.99228E-03    1.52558E+00    9.64797E-01    2.08636E+00
 1.99229E-03    1.66452E+00    1.05266E+00    2.27637E+00
 1.99231E-03    1.81520E+00    1.14796E+00    2.48245E+00
 1.99233E-03    1.97841E+00    1.25118E+00    2.70565E+00
 1.99235E-03    2.15518E+00    1.36297E+00    2.94740E+00
 1.99237E-03    2.34634E+00    1.48386E+00    3.20882E+00
 1.99239E-03    2.55341E+00    1.61481E+00    3.49201E+00
 1.99241E-03    2.77709E+00    1.75627E+00    3.79791E+00
 1.99243E-03    3.01881E+00    1.90914E+00    4.12848E+00
 1.99245E-03    3.27972E+00    2.07414E+00    4.48530E+00
 1.99247E-03    3.56141E+00    2.25229E+00    4.87053E+00
 1.99248E-03    3.86518E+00    2.44440E+00    5.28596E+00
 1.99250E-03    4.19274E+00    2.65155E+00    5.73393E+00
 1.99252E-03    4.54537E+00    2.87456E+00    6.21618E+00
 1.99254E-03    4.92544E+00    3.11492E+00    6.73596E+00
 1.99256E-03    5.33413E+00    3.37338E+00    7.29488E+00
 1.99258E-03    5.77387E+00    3.65148E+00    7.89626E+00
 1.99260E-03    6.24655E+00    3.95041E+00    8.54269E+00
 1.99262E-03    6.75457E+00    4.27169E+00    9.23746E+00
 1.99264E-03    7.29984E+00    4.61653E+00    9.98316E+00
 1.99265E-03    7.88510E+00    4.98665E+00    1.07835E+01
 1.99267E-03    8.51229E+00    5.38330E+00    1.16413E+01
 1.99269E-03    9.18544E+00    5.80901E+00    1.25619E+01
 1.99271E-03    9.90603E+00    6.26472E+00    1.35473E+01
 1.99273E-03    1.06777E+01    6.75274E+00    1.46027E+01
 1.99275E-03    1.15031E+01    7.27475E+00    1.57315E+01
 1.99277E-03    1.23862E+01    7.83324E+00    1.69392E+01
 1.99279E-03    1.33301E+01    8.43014E+00    1.82300E+01
 1.99281E-03    1.43387E+01    9.06801E+00    1.96094E+01
 1.99283E-03    1.54147E+01    9.74850E+00    2.10810E+01
 1.99284E-03    1.65640E+01    1.04753E+01    2.26527E+01
 1.99286E-03    1.77888E+01    1.12499E+01    2.43276E+01
 1.99289E-03    1.95484E+01    1.23627E+01    2.67341E+01
 1.99291E-03    2.14623E+01    1.35731E+01    2.93515E+01
 1.99294E-03    2.35416E+01    1.48881E+01    3.21952E+01
 1.99296E-03    2.57985E+01    1.63153E+01    3.52816E+01
 1.99299E-03    2.82460E+01    1.78632E+01    3.86289E+01
 1.99302E-03    3.08979E+01    1.95403E+01    4.22555E+01
 1.99304E-03    3.37674E+01    2.13550E+01    4.61798E+01
 1.99307E-03    3.68693E+01    2.33167E+01    5.04219E+01
 1.99309E-03    4.02195E+01    2.54354E+01    5.50037E+01
 1.99312E-03    4.38344E+01    2.77215E+01    5.99472E+01
 1.99314E-03    4.77302E+01    3.01852E+01    6.52751E+01
 1.99317E-03    5.19245E+01    3.28378E+01    7.10112E+01
 1.99319E-03    5.64367E+01    3.56914E+01    7.71820E+01
 1.99322E-03    6.12861E+01    3.87582E+01    8.38140E+01
 1.99324E-03    6.64914E+01    4.20501E+01    9.09327E+01
 1.99327E-03    7.20731E+01    4.55801E+01    9.85661E+01
 1.99329E-03    7.80533E+01    4.93620E+01    1.06745E+02
 1.99332E-03    8.44539E+01    5.34099E+01    1.15498E+02
 1.99334E-03    9.12967E+01    5.77374E+01    1.24856E+02
 1.99337E-03    9.86048E+01    6.23591E+01    1.34850E+02
 1.99339E-03    1.06404E+02    6.72916E+01    1.45517E+02
 1.99342E-03    1.14720E+02    7.25504E+01    1.56889E+02
 1.99344E-03    1.23574E+02    7.81499E+01    1.68998E+02
 1.99347E-03    1.32992E+02    8.41062E+01    1.81878E+02
 1.99350E-03    1.43002E+02    9.04366E+01    1.95568E+02
 1.99352E-03    1.53630E+02    9.71577E+01    2.10102E+02
 1.99355E-03    1.64901E+02    1.04286E+02    2.25516E+02
 1.99357E-03    1.76841E+02    1.11837E+02    2.41846E+02
 1.99361E-03    1.96072E+02    1.23999E+02    2.68145E+02
 1.99365E-03    2.16969E+02    1.37215E+02    2.96724E+02
 1.99369E-03    2.39614E+02    1.51535E+02    3.27693E+02
 1.99372E-03    2.64119E+02    1.67033E+02    3.61205E+02
 1.99376E-03    2.90553E+02    1.83750E+02    3.97356E+02
 1.99380E-03    3.19019E+02    2.01753E+02    4.36286E+02
 1.99384E-03    3.49599E+02    2.21091E+02    4.78106E+02
 1.99387E-03    3.82382E+02    2.41824E+02    5.22940E+02
 1.99391E-03    4.17434E+02    2.63991E+02    5.70877E+02
 1.99395E-03    4.54839E+02    2.87647E+02    6.22031E+02
 1.99399E-03    4.94643E+02    3.12820E+02    6.76467E+02
 1.99403E-03    5.36950E+02    3.39575E+02    7.34325E+02
 1.99406E-03    5.81769E+02    3.67919E+02    7.95618E+02
 1.99412E-03    6.45537E+02    4.08247E+02    8.82826E+02
 1.99417E-03    7.13949E+02    4.51512E+02    9.76387E+02
 1.99422E-03    7.87060E+02    4.97748E+02    1.07637E+03
 1.99427E-03    8.64878E+02    5.46961E+02    1.18279E+03
 1.99432E-03    9.47363E+02    5.99126E+02    1.29560E+03
 1.99437E-03    1.03444E+03    6.54197E+02    1.41469E+03
 1.99442E-03    1.12601E+03    7.12107E+02    1.53992E+03
 1.99449E-03    1.27142E+03    8.04063E+02    1.73877E+03
 1.99457E-03    1.42587E+03    9.01739E+02    1.94999E+03
 1.99465E-03    1.58842E+03    1.00454E+03    2.17230E+03
 1.99475E-03    1.81583E+03    1.14836E+03    2.48331E+03
 1.99490E-03    2.17328E+03    1.37441E+03    2.97214E+03
 1.99520E-03    2.88477E+03    2.42598E+03    3.34356E+03
 1.99535E-03    3.24040E+03    2.72505E+03    3.75575E+03
 1.99547E-03    3.48834E+03    2.93356E+03    4.04312E+03
 1.99559E-03    3.71575E+03    3.12481E+03    4.30670E+03
 1.99570E-03    3.91986E+03    3.29645E+03    4.54327E+03
 1.99582E-03    4.09914E+03    3.44722E+03    4.75107E+03
 1.99594E-03    4.25322E+03    3.57680E+03    4.92965E+03
 1.99605E-03    4.38284E+03    3.68580E+03    5.07988E+03
 1.99617E-03    4.48950E+03    3.77550E+03    5.20350E+03
 1.99633E-03    4.59984E+03    3.86829E+03    5.33139E+03
 1.99648E-03    4.67937E+03    3.93517E+03    5.42357E+03
 1.99664E-03    4.73447E+03    3.98151E+03    5.48744E+03
 1.99688E-03    4.78422E+03    4.02334E+03    5.54509E+03
 1.99719E-03    4.81354E+03    4.04800E+03    5.57908E+03
 1.99750E-03    4.82289E+03    4.05587E+03    5.58992E+03
 3.00000E-03    3.43096E+03    2.88531E+03    3.97662E+03
 5.99882E-03    1.98756E+03    1.67146E+03    2.30366E+03
 1.00000E-02    1.39112E+03    1.22649E+03    1.55576E+03
 2.00000E-02    9.29122E+02    8.19161E+02    1.03908E+03
 3.00000E-02    7.62965E+02    4.50181E+02    1.07575E+03
 5.99882E-02    5.77637E+02    3.40830E+02    8.14444E+02
 8.73354E-02    4.75646E+02    2.80651E+02    6.70641E+02
 1.00000E-01    5.29400E+02    3.12368E+02    7.46432E+02
 2.01411E-01    7.30503E+02    6.32174E+02    8.28832E+02
 3.17291E-01    1.00104E+03    8.66297E+02    1.13579E+03
 4.05643E-01    1.20142E+03    1.03971E+03    1.36314E+03
 5.03527E-01    1.40556E+03    1.21636E+03    1.59475E+03
 6.04232E-01    1.59160E+03    1.29499E+03    1.88822E+03
 7.04938E-01    1.75000E+03    1.42386E+03    2.07613E+03
 8.05643E-01    1.87943E+03    1.52917E+03    2.22969E+03
 9.00000E-01    1.97529E+03    1.60717E+03    2.34342E+03
 9.72263E-01    1.93137E+03    1.57143E+03    2.29131E+03
 1.00000E+00    2.12235E+03    1.92506E+03    2.31965E+03
 1.05572E+00    2.13045E+03    1.93240E+03    2.32850E+03
 1.16701E+00    2.27063E+03    2.05955E+03    2.48171E+03
 1.20000E+00    2.31983E+03    2.10418E+03    2.53548E+03
 1.27272E+00    2.21270E+03    2.00700E+03    2.41839E+03
 1.29086E+00    2.20120E+03    1.99657E+03    2.40582E+03
 1.29371E+00    2.20086E+03    1.99626E+03    2.40545E+03
 1.35827E+00    2.30369E+03    2.08954E+03    2.51784E+03
 1.36724E+00    2.34534E+03    2.12732E+03    2.56337E+03
 1.39520E+00    2.51793E+03    2.28386E+03    2.75200E+03
 1.40000E+00    2.55749E+03    2.31974E+03    2.79523E+03
 1.46594E+00    2.50870E+03    2.27549E+03    2.74191E+03
 1.49889E+00    2.49556E+03    2.26357E+03    2.72755E+03
 1.52996E+00    2.50570E+03    2.27277E+03    2.73863E+03
 1.55562E+00    2.55382E+03    2.31642E+03    2.79123E+03
 1.56641E+00    2.57611E+03    2.33663E+03    2.81558E+03
 1.60000E+00    2.70287E+03    2.45160E+03    2.95413E+03
 1.61800E+00    2.69327E+03    2.44290E+03    2.94364E+03
 1.80000E+00    2.77886E+03    2.56965E+03    2.98808E+03
 2.07134E+00    2.81771E+03    2.60557E+03    3.02985E+03
 2.81975E+00    2.88188E+03    2.66017E+03    3.10358E+03
 3.00000E+00    2.89427E+03    2.67161E+03    3.11693E+03
 3.20000E+00    2.98576E+03    2.75606E+03    3.21546E+03
 3.40000E+00    2.98914E+03    2.75918E+03    3.21910E+03
 3.77610E+00    2.97533E+03    2.74644E+03    3.20423E+03
 4.39014E+00    2.92172E+03    2.69695E+03    3.14649E+03
 5.29595E+00    2.83757E+03    2.64294E+03    3.03220E+03
 6.08465E+00    2.78675E+03    2.59561E+03    2.97789E+03
 7.26897E+00    2.73919E+03    2.57779E+03    2.90059E+03
 8.50000E+00    2.69996E+03    2.54087E+03    2.85905E+03
 8.63101E+00    2.66397E+03    2.50701E+03    2.82094E+03
 9.00000E+00    2.68448E+03    2.49631E+03    2.87264E+03
 1.00000E+01    2.65657E+03    2.47036E+03    2.84278E+03
 1.01411E+01    2.65332E+03    2.46734E+03    2.83931E+03
 1.01498E+01    2.65312E+03    2.46715E+03    2.83909E+03
 1.02930E+01    2.64982E+03    2.46409E+03    2.83556E+03
 1.04382E+01    2.64648E+03    2.46097E+03    2.83198E+03
 1.05000E+01    2.64505E+03    2.45965E+03    2.83046E+03
 1.06481E+01    2.64222E+03    2.45701E+03    2.82742E+03
 1.07984E+01    2.63934E+03    2.45434E+03    2.82434E+03
 1.09507E+01    2.63642E+03    2.45162E+03    2.82122E+03
 1.10000E+01    2.63548E+03    2.45075E+03    2.82021E+03
 1.11552E+01    2.63311E+03    2.44854E+03    2.81767E+03
 1.13126E+01    2.63070E+03    2.44631E+03    2.81510E+03
 1.14081E+01    2.62925E+03    2.44495E+03    2.81354E+03
 1.15000E+01    2.62784E+03    2.44365E+03    2.81204E+03
 1.16622E+01    2.62591E+03    2.44185E+03    2.80997E+03
 1.18268E+01    2.62394E+03    2.44002E+03    2.80787E+03
 1.19936E+01    2.62195E+03    2.43817E+03    2.80574E+03
 1.20000E+01    2.62188E+03    2.43810E+03    2.80566E+03
 1.20715E+01    2.62120E+03    2.43747E+03    2.80493E+03
 1.22410E+01    2.61959E+03    2.43597E+03    2.80321E+03
 1.24137E+01    2.61795E+03    2.43445E+03    2.80146E+03
 1.25000E+01    2.61713E+03    2.43369E+03    2.80058E+03
 1.26764E+01    2.61569E+03    2.43234E+03    2.79903E+03
 1.28552E+01    2.61422E+03    2.43098E+03    2.79747E+03
 1.30000E+01    2.61304E+03    2.41382E+03    2.81226E+03
 1.30988E+01    2.61225E+03    2.41309E+03    2.81141E+03
 1.32836E+01    2.61077E+03    2.41172E+03    2.80981E+03
 1.34219E+01    2.60966E+03    2.41069E+03    2.80862E+03
 1.34927E+01    2.60909E+03    2.41017E+03    2.80801E+03
 1.35000E+01    2.60903E+03    2.41012E+03    2.80795E+03
 1.35804E+01    2.60832E+03    2.40946E+03    2.80719E+03
 1.36467E+01    2.60774E+03    2.40893E+03    2.80656E+03
 1.36999E+01    2.60728E+03    2.40849E+03    2.80606E+03
 1.37665E+01    2.60669E+03    2.40795E+03    2.80543E+03
 1.37918E+01    2.60647E+03    2.40775E+03    2.80519E+03
 1.38674E+01    2.60580E+03    2.40713E+03    2.80447E+03
 1.39465E+01    2.60511E+03    2.40649E+03    2.80373E+03
 1.40000E+01    2.60464E+03    2.40606E+03    2.80322E+03
 1.41498E+01    2.60310E+03    2.40464E+03    2.80156E+03
 1.43101E+01    2.60145E+03    2.40311E+03    2.79979E+03
 1.44533E+01    2.59998E+03    2.40175E+03    2.79820E+03
 1.45000E+01    2.59950E+03    2.40131E+03    2.79768E+03
 1.45604E+01    2.59876E+03    2.40062E+03    2.79689E+03
 1.46260E+01    2.59795E+03    2.39988E+03    2.79602E+03
 1.48323E+01    2.59543E+03    2.39755E+03    2.79330E+03
 1.50000E+01    2.59337E+03    2.39565E+03    2.79109E+03
 1.51734E+01    2.58950E+03    2.39207E+03    2.78693E+03
 1.53875E+01    2.58472E+03    2.38766E+03    2.78178E+03
 1.55000E+01    2.58220E+03    2.38533E+03    2.77907E+03
 1.55052E+01    2.58209E+03    2.38523E+03    2.77895E+03
 1.56605E+01    2.58073E+03    2.38398E+03    2.77749E+03
 1.56970E+01    2.58042E+03    2.38368E+03    2.77715E+03
 1.58190E+01    2.57935E+03    2.38270E+03    2.77601E+03
 1.60000E+01    2.57778E+03    2.42113E+03    2.73442E+03
 1.62257E+01    2.57337E+03    2.41699E+03    2.72974E+03
 1.63154E+01    2.57162E+03    2.41535E+03    2.72789E+03
 1.63884E+01    2.57019E+03    2.41401E+03    2.72637E+03
 1.65000E+01    2.56801E+03    2.41196E+03    2.72406E+03
 1.67328E+01    2.56346E+03    2.40769E+03    2.71924E+03
 1.69689E+01    2.55885E+03    2.40336E+03    2.71435E+03
 1.70000E+01    2.55824E+03    2.40279E+03    2.71370E+03
 1.71569E+01    2.55486E+03    2.39961E+03    2.71011E+03
 1.72602E+01    2.55264E+03    2.39752E+03    2.70775E+03
 1.74587E+01    2.54836E+03    2.39350E+03    2.70321E+03
 1.74909E+01    2.54766E+03    2.39285E+03    2.70248E+03
 1.75000E+01    2.54747E+03    2.39267E+03    2.70227E+03
 1.77469E+01    2.54215E+03    2.38767E+03    2.69662E+03
 1.78499E+01    2.53993E+03    2.38558E+03    2.69427E+03
 1.80000E+01    2.53669E+03    2.38254E+03    2.69084E+03
 1.82539E+01    2.53125E+03    2.37743E+03    2.68506E+03
 1.85000E+01    2.52597E+03    2.37248E+03    2.67947E+03
 1.87610E+01    2.52038E+03    2.36722E+03    2.67354E+03
 1.90000E+01    2.51526E+03    2.36241E+03    2.66810E+03
 1.92681E+01    2.50991E+03    2.35739E+03    2.66243E+03
 1.93955E+01    2.50737E+03    2.35501E+03    2.65974E+03
 1.94988E+01    2.50531E+03    2.35307E+03    2.65755E+03
 1.95000E+01    2.50529E+03    2.35305E+03    2.65752E+03
 1.96973E+01    2.50135E+03    2.34935E+03    2.65335E+03
 1.97093E+01    2.50111E+03    2.34913E+03    2.65310E+03
 1.97883E+01    2.49954E+03    2.34765E+03    2.65143E+03
 1.97894E+01    2.49951E+03    2.34763E+03    2.65140E+03
 1.98539E+01    2.49823E+03    2.34642E+03    2.65004E+03
 1.99814E+01    2.49568E+03    2.34403E+03    2.64734E+03
 2.00000E+01    2.49531E+03    2.30822E+03    2.68240E+03
 2.02822E+01    2.49058E+03    2.30385E+03    2.67731E+03
 2.05683E+01    2.48578E+03    2.29940E+03    2.67215E+03
 2.08585E+01    2.48091E+03    2.29490E+03    2.66692E+03
 2.10000E+01    2.47853E+03    2.29270E+03    2.66436E+03
 2.12963E+01    2.47455E+03    2.28902E+03    2.66008E+03
 2.15967E+01    2.47050E+03    2.28528E+03    2.65573E+03
 2.19014E+01    2.46640E+03    2.28148E+03    2.65132E+03
 2.20000E+01    2.46508E+03    2.28025E+03    2.64990E+03
 2.23104E+01    2.46177E+03    2.27719E+03    2.64634E+03
 2.26251E+01    2.45841E+03    2.27409E+03    2.64273E+03
 2.29443E+01    2.45501E+03    2.27094E+03    2.63908E+03
 2.30000E+01    2.45442E+03    2.27039E+03    2.63844E+03
 2.33245E+01    2.45136E+03    2.26757E+03    2.63515E+03
 2.36536E+01    2.44826E+03    2.26470E+03    2.63182E+03
 2.39873E+01    2.44512E+03    2.26180E+03    2.62845E+03
 2.40000E+01    2.44500E+03    2.24602E+03    2.64398E+03
 2.43386E+01    2.44165E+03    2.24294E+03    2.64035E+03
 2.46820E+01    2.43825E+03    2.23982E+03    2.63668E+03
 2.50000E+01    2.43510E+03    2.23692E+03    2.63327E+03
 2.53527E+01    2.43099E+03    2.23315E+03    2.62883E+03
 2.57104E+01    2.42682E+03    2.22932E+03    2.62432E+03
 2.60000E+01    2.42345E+03    2.22623E+03    2.62068E+03
 2.63668E+01    2.41842E+03    2.22161E+03    2.61524E+03
 2.67388E+01    2.41333E+03    2.21693E+03    2.60973E+03
 2.70000E+01    2.40975E+03    2.21364E+03    2.60586E+03
 2.73809E+01    2.40398E+03    2.20833E+03    2.59962E+03
 2.77672E+01    2.39812E+03    2.20296E+03    2.59328E+03
 2.80000E+01    2.39459E+03    2.19557E+03    2.59361E+03
 2.83950E+01    2.38840E+03    2.18989E+03    2.58691E+03
 2.87956E+01    2.38212E+03    2.18413E+03    2.58010E+03
 2.90000E+01    2.37891E+03    2.18119E+03    2.57663E+03
 2.94091E+01    2.37268E+03    2.17548E+03    2.56988E+03
 2.98240E+01    2.36636E+03    2.16968E+03    2.56304E+03
 3.00000E+01    2.36368E+03    2.16723E+03    2.56013E+03
 3.04232E+01    2.35808E+03    2.16210E+03    2.55407E+03
 3.08525E+01    2.35241E+03    2.15689E+03    2.54793E+03
 3.10000E+01    2.35046E+03    2.15510E+03    2.54581E+03
 3.14374E+01    2.34448E+03    2.14962E+03    2.53933E+03
 3.18809E+01    2.33841E+03    2.14406E+03    2.53276E+03
 3.20000E+01    2.33678E+03    2.14256E+03    2.53100E+03
 3.24515E+01    2.33128E+03    2.13752E+03    2.52504E+03
 3.29093E+01    2.32570E+03    2.13241E+03    2.51900E+03
 3.30000E+01    2.32460E+03    2.13139E+03    2.51781E+03
 3.34656E+01    2.31893E+03    2.12619E+03    2.51166E+03
 3.39377E+01    2.31318E+03    2.12092E+03    2.50544E+03
 3.40000E+01    2.31242E+03    2.12023E+03    2.50461E+03
 3.44797E+01    2.30654E+03    2.11483E+03    2.49824E+03
 3.49661E+01    2.30058E+03    2.10937E+03    2.49178E+03
 3.50000E+01    2.30016E+03    2.10899E+03    2.49133E+03
 3.54938E+01    2.29411E+03    2.10343E+03    2.48478E+03
 3.59945E+01    2.28797E+03    2.09781E+03    2.47813E+03
 3.60000E+01    2.28790E+03    2.09774E+03    2.47806E+03
 3.65079E+01    2.28137E+03    2.09176E+03    2.47099E+03
 3.70000E+01    2.27505E+03    2.08596E+03    2.46414E+03
 3.75220E+01    2.26834E+03    2.07981E+03    2.45687E+03
 3.80000E+01    2.26220E+03    2.07418E+03    2.45022E+03
 3.85361E+01    2.25530E+03    2.06785E+03    2.44275E+03
 3.90000E+01    2.24933E+03    2.06238E+03    2.43628E+03
 3.95502E+01    2.24225E+03    2.05589E+03    2.42862E+03
 4.00000E+01    2.23647E+03    2.05059E+03    2.42235E+03
 4.05643E+01    2.22950E+03    2.04420E+03    2.41480E+03
 4.10000E+01    2.22412E+03    2.03927E+03    2.40897E+03
 4.15784E+01    2.21698E+03    2.03272E+03    2.40124E+03
 4.20000E+01    2.21178E+03    2.02795E+03    2.39561E+03
 4.25925E+01    2.20477E+03    2.02152E+03    2.38802E+03
 4.30000E+01    2.19995E+03    2.01710E+03    2.38280E+03
 4.36067E+01    2.19277E+03    2.01052E+03    2.37502E+03
 4.40000E+01    2.18811E+03    2.00625E+03    2.36997E+03
 4.46208E+01    2.18095E+03    1.99969E+03    2.36222E+03
 4.50000E+01    2.17658E+03    1.99568E+03    2.35748E+03
 4.56349E+01    2.16926E+03    1.98896E+03    2.34955E+03
 4.60000E+01    2.16505E+03    1.98510E+03    2.34500E+03
 4.66490E+01    2.15770E+03    1.97837E+03    2.33704E+03
 4.70000E+01    2.15373E+03    1.97473E+03    2.33273E+03
 4.76631E+01    2.14622E+03    1.96784E+03    2.32460E+03
 4.80000E+01    2.14241E+03    1.96435E+03    2.32047E+03
 4.86772E+01    2.13492E+03    1.95748E+03    2.31236E+03
 4.90000E+01    2.13135E+03    1.95421E+03    2.30849E+03
 4.96913E+01    2.12371E+03    1.94720E+03    2.30022E+03
 5.00000E+01    2.12030E+03    1.94407E+03    2.29653E+03
 5.07054E+01    2.11274E+03    1.93714E+03    2.28833E+03
 5.10000E+01    2.10958E+03    1.93425E+03    2.28491E+03
 5.17195E+01    2.10186E+03    1.92717E+03    2.27655E+03
 5.20000E+01    2.09885E+03    1.92441E+03    2.27329E+03
 5.27336E+01    2.09124E+03    1.91743E+03    2.26505E+03
 5.30000E+01    2.08848E+03    1.91490E+03    2.26206E+03
 5.37477E+01    2.08073E+03    1.90779E+03    2.25366E+03
 5.40000E+01    2.07811E+03    1.90539E+03    2.25083E+03
 5.47618E+01    2.07047E+03    1.89838E+03    2.24255E+03
 5.50000E+01    2.06808E+03    1.89619E+03    2.23997E+03
 5.57760E+01    2.06029E+03    1.88905E+03    2.23153E+03
 5.60000E+01    2.05804E+03    1.88699E+03    2.22909E+03
 5.67901E+01    2.05036E+03    1.87995E+03    2.22077E+03
 5.70000E+01    2.04832E+03    1.87808E+03    2.21856E+03
 5.78042E+01    2.04051E+03    1.87092E+03    2.21011E+03
 5.80000E+01    2.03861E+03    1.86917E+03    2.20805E+03
 5.88183E+01    2.03091E+03    1.86211E+03    2.19971E+03
 5.90000E+01    2.02920E+03    1.86055E+03    2.19785E+03
 5.98324E+01    2.02136E+03    1.85336E+03    2.18936E+03
 6.00000E+01    2.01978E+03    1.85191E+03    2.18765E+03
 6.08465E+01    2.01226E+03    1.84502E+03    2.17951E+03
 6.10000E+01    2.01090E+03    1.84377E+03    2.17803E+03
 6.18606E+01    2.00327E+03    1.83677E+03    2.16977E+03
 6.20000E+01    2.00203E+03    1.83563E+03    2.16843E+03
 6.28747E+01    1.99426E+03    1.82851E+03    2.16001E+03
 6.30000E+01    1.99315E+03    1.82749E+03    2.15881E+03
 6.38888E+01    1.98527E+03    1.82026E+03    2.15027E+03
 6.40000E+01    1.98428E+03    1.81936E+03    2.14920E+03
 6.49029E+01    1.97626E+03    1.81201E+03    2.14052E+03
 6.50000E+01    1.97540E+03    1.81122E+03    2.13958E+03
 6.59170E+01    1.96794E+03    1.80437E+03    2.13150E+03
 6.60000E+01    1.96726E+03    1.80375E+03    2.13077E+03
 6.69311E+01    1.95967E+03    1.79680E+03    2.12255E+03
 6.70000E+01    1.95911E+03    1.79628E+03    2.12194E+03
 6.79453E+01    1.95142E+03    1.78923E+03    2.11360E+03
 6.80000E+01    1.95097E+03    1.78882E+03    2.11312E+03
 6.89594E+01    1.94315E+03    1.78165E+03    2.10465E+03
 6.90000E+01    1.94282E+03    1.78135E+03    2.10429E+03
 6.99735E+01    1.93490E+03    1.77408E+03    2.09571E+03
 7.00000E+01    1.93468E+03    1.77388E+03    2.09548E+03
 7.09876E+01    1.92730E+03    1.76712E+03    2.08749E+03
 7.10000E+01    1.92721E+03    1.76703E+03    2.08739E+03
 7.20000E+01    1.91974E+03    1.76018E+03    2.07930E+03
 7.30000E+01    1.91228E+03    1.75334E+03    2.07122E+03
 7.40000E+01    1.90481E+03    1.74649E+03    2.06313E+03
 7.50000E+01    1.89734E+03    1.73965E+03    2.05503E+03
 7.60000E+01    1.89049E+03    1.73336E+03    2.04762E+03
 7.70000E+01    1.88364E+03    1.72708E+03    2.04020E+03
 7.80000E+01    1.87680E+03    1.72081E+03    2.03279E+03
 7.90000E+01    1.86995E+03    1.71453E+03    2.02537E+03
 8.00000E+01    1.86310E+03    1.70825E+03    2.01795E+03
 8.10000E+01    1.85707E+03    1.70272E+03    2.01142E+03
 8.20000E+01    1.85104E+03    1.69719E+03    2.00489E+03
 8.30000E+01    1.84500E+03    1.69166E+03    1.99834E+03
 8.40000E+01    1.83897E+03    1.68613E+03    1.99181E+03
 8.50000E+01    1.83294E+03    1.68060E+03    1.98528E+03
 8.60000E+01    1.82691E+03    1.67507E+03    1.97875E+03
 8.70000E+01    1.82088E+03    1.66954E+03    1.97222E+03
 8.80000E+01    1.81484E+03    1.66400E+03    1.96568E+03
 8.90000E+01    1.80881E+03    1.65847E+03    1.95915E+03
 9.00000E+01    1.80278E+03    1.65294E+03    1.95262E+03
 9.10000E+01    1.79767E+03    1.64826E+03    1.94708E+03
 9.20000E+01    1.79256E+03    1.64357E+03    1.94155E+03
 9.30000E+01    1.78744E+03    1.63888E+03    1.93600E+03
 9.40000E+01    1.78233E+03    1.63419E+03    1.93047E+03
 9.50000E+01    1.77722E+03    1.62951E+03    1.92493E+03
 9.60000E+01    1.77211E+03    1.62482E+03    1.91940E+03
 9.70000E+01    1.76700E+03    1.62014E+03    1.91386E+03
 9.80000E+01    1.76188E+03    1.61544E+03    1.90832E+03
 9.90000E+01    1.75677E+03    1.61076E+03    1.90278E+03
 1.00000E+02    1.75166E+03    1.60607E+03    1.89725E+03
 1.01411E+02    1.74550E+03    1.60043E+03    1.89058E+03
 1.02000E+02    1.74293E+03    1.59807E+03    1.88779E+03
 1.03439E+02    1.73665E+03    1.59231E+03    1.88099E+03
 1.04000E+02    1.73420E+03    1.59006E+03    1.87834E+03
 1.05467E+02    1.72780E+03    1.58419E+03    1.87140E+03
 1.06000E+02    1.72547E+03    1.58206E+03    1.86888E+03
 1.07495E+02    1.71894E+03    1.57607E+03    1.86181E+03
 1.08000E+02    1.71674E+03    1.57406E+03    1.85942E+03
 1.09524E+02    1.71009E+03    1.56796E+03    1.85222E+03
 1.10000E+02    1.70801E+03    1.56605E+03    1.84997E+03
 1.11552E+02    1.70217E+03    1.56070E+03    1.84365E+03
 1.12000E+02    1.70049E+03    1.55916E+03    1.84182E+03
 1.13580E+02    1.69455E+03    1.55371E+03    1.83539E+03
 1.14000E+02    1.69297E+03    1.55226E+03    1.83368E+03
 1.15608E+02    1.68693E+03    1.54672E+03    1.82714E+03
 1.16000E+02    1.68546E+03    1.54538E+03    1.82554E+03
 1.17637E+02    1.67931E+03    1.53973E+03    1.81888E+03
 1.18000E+02    1.67794E+03    1.53848E+03    1.81740E+03
 1.19665E+02    1.67168E+03    1.53274E+03    1.81062E+03
 1.20000E+02    1.67042E+03    1.53159E+03    1.80925E+03
 1.21693E+02    1.66489E+03    1.52652E+03    1.80327E+03
 1.22000E+02    1.66389E+03    1.52560E+03    1.80218E+03
 1.23721E+02    1.65827E+03    1.52045E+03    1.79609E+03
 1.24000E+02    1.65736E+03    1.51961E+03    1.79511E+03
 1.25749E+02    1.65165E+03    1.51437E+03    1.78892E+03
 1.26000E+02    1.65083E+03    1.51362E+03    1.78804E+03
 1.27778E+02    1.64503E+03    1.50830E+03    1.78175E+03
 1.28000E+02    1.64430E+03    1.50764E+03    1.78096E+03
 1.29806E+02    1.63840E+03    1.50223E+03    1.77458E+03
 1.30000E+02    1.63777E+03    1.50165E+03    1.77389E+03
 1.31834E+02    1.63252E+03    1.49684E+03    1.76821E+03
 1.32000E+02    1.63205E+03    1.49640E+03    1.76770E+03
 1.33862E+02    1.62672E+03    1.49152E+03    1.76193E+03
 1.34000E+02    1.62633E+03    1.49116E+03    1.76150E+03
 1.35891E+02    1.62092E+03    1.48620E+03    1.75564E+03
 1.36000E+02    1.62061E+03    1.48592E+03    1.75530E+03
 1.37919E+02    1.61512E+03    1.48088E+03    1.74936E+03
 1.38000E+02    1.61489E+03    1.48067E+03    1.74911E+03
 1.39947E+02    1.60932E+03    1.47557E+03    1.74308E+03
 1.40000E+02    1.60917E+03    1.47543E+03    1.74291E+03
 1.41975E+02    1.60418E+03    1.47085E+03    1.73751E+03
 1.42000E+02    1.60412E+03    1.47080E+03    1.73744E+03
 1.44000E+02    1.59906E+03    1.46616E+03    1.73196E+03
 1.46000E+02    1.59401E+03    1.46153E+03    1.72649E+03
 1.48000E+02    1.58895E+03    1.45689E+03    1.72101E+03
 1.50000E+02    1.58390E+03    1.45226E+03    1.71554E+03
 1.52000E+02    1.57940E+03    1.44813E+03    1.71067E+03
 1.54000E+02    1.57490E+03    1.44400E+03    1.70580E+03
 1.56000E+02    1.57041E+03    1.43989E+03    1.70093E+03
 1.58000E+02    1.56591E+03    1.43576E+03    1.69606E+03
 1.60000E+02    1.56141E+03    1.43164E+03    1.69118E+03
 1.62000E+02    1.55757E+03    1.42811E+03    1.68703E+03
 1.64000E+02    1.55373E+03    1.42459E+03    1.68287E+03
 1.66000E+02    1.54989E+03    1.42107E+03    1.67871E+03
 1.68000E+02    1.54605E+03    1.41755E+03    1.67455E+03
 1.70000E+02    1.54221E+03    1.41403E+03    1.67039E+03
 1.72000E+02    1.53836E+03    1.41050E+03    1.66622E+03
 1.74000E+02    1.53452E+03    1.40698E+03    1.66206E+03
 1.76000E+02    1.53068E+03    1.40346E+03    1.65790E+03
 1.78000E+02    1.52684E+03    1.39994E+03    1.65374E+03
 1.80000E+02    1.52300E+03    1.39642E+03    1.64958E+03
 1.82000E+02    1.51982E+03    1.39350E+03    1.64614E+03
 1.84000E+02    1.51665E+03    1.39060E+03    1.64270E+03
 1.86000E+02    1.51347E+03    1.38768E+03    1.63926E+03
 1.88000E+02    1.51030E+03    1.38477E+03    1.63583E+03
 1.90000E+02    1.50712E+03    1.38186E+03    1.63238E+03
 1.92000E+02    1.50395E+03    1.37895E+03    1.62895E+03
 1.94000E+02    1.50078E+03    1.37604E+03    1.62552E+03
 1.96000E+02    1.49760E+03    1.37313E+03    1.62207E+03
 1.98000E+02    1.49443E+03    1.37022E+03    1.61864E+03
 2.00000E+02    1.49125E+03    1.36731E+03    1.61519E+03
