# p + Ir192n: (p,d)n    
# tendl.2019 A.J. Koning                       EVAL-OCT19
# uncertainties: y
# # energies =    19
#   E(MeV)       xs(mb)       xslow(mb)      xsupp(mb)
 6.03793E+00    0.00000E+00    0.00000E+00    0.00000E+00
 8.00000E+00    0.00000E+00    0.00000E+00    0.00000E+00
 9.00000E+00    2.17228E-13    0.00000E+00    0.00000E+00
 1.00000E+01    6.70138E-10    0.00000E+00    0.00000E+00
 1.10000E+01    2.08392E-07    0.00000E+00    0.00000E+00
 1.20000E+01    9.04118E-06    0.00000E+00    0.00000E+00
 1.30000E+01    1.59974E-04    0.00000E+00    0.00000E+00
 1.40000E+01    1.43326E-03    0.00000E+00    0.00000E+00
 1.50000E+01    7.68584E-03    0.00000E+00    0.00000E+00
 1.60000E+01    2.83788E-02    0.00000E+00    0.00000E+00
 1.70000E+01    7.91830E-02    0.00000E+00    0.00000E+00
 1.80000E+01    1.65997E-01    0.00000E+00    0.00000E+00
 1.90000E+01    2.91197E-01    0.00000E+00    0.00000E+00
 2.00000E+01    4.58958E-01    0.00000E+00    0.00000E+00
 2.20000E+01    8.57814E-01    0.00000E+00    0.00000E+00
 2.40000E+01    1.25198E+00    0.00000E+00    0.00000E+00
 2.60000E+01    1.56045E+00    0.00000E+00    0.00000E+00
 2.80000E+01    1.77543E+00    0.00000E+00    0.00000E+00
 3.00000E+01    1.91550E+00    0.00000E+00    0.00000E+00
