# n + Kr 82 : (n,xd)    
# tendl.2019 A.J. Koning and D. Rochman        EVAL-NOV19
# 
# # energies =   127
#   E(MeV)        xs(mb) 
 7.86082E-01    0.00000E+00
 8.00000E-01    0.00000E+00
 9.00000E-01    0.00000E+00
 1.00000E+00    0.00000E+00
 1.20000E+00    0.00000E+00
 1.40000E+00    0.00000E+00
 1.49306E+00    0.00000E+00
 1.50592E+00    0.00000E+00
 1.60000E+00    0.00000E+00
 1.80000E+00    0.00000E+00
 1.84295E+00    0.00000E+00
 1.90821E+00    0.00000E+00
 1.98087E+00    0.00000E+00
 2.00000E+00    0.00000E+00
 2.11980E+00    0.00000E+00
 2.19841E+00    0.00000E+00
 2.20000E+00    0.00000E+00
 2.40000E+00    0.00000E+00
 2.45677E+00    0.00000E+00
 2.48026E+00    0.00000E+00
 2.51025E+00    0.00000E+00
 2.53990E+00    0.00000E+00
 2.57908E+00    0.00000E+00
 2.58765E+00    0.00000E+00
 2.59324E+00    0.00000E+00
 2.60000E+00    0.00000E+00
 2.68097E+00    0.00000E+00
 2.68856E+00    0.00000E+00
 2.80000E+00    0.00000E+00
 2.83201E+00    0.00000E+00
 2.86292E+00    0.00000E+00
 2.88483E+00    0.00000E+00
 2.95576E+00    0.00000E+00
 2.98039E+00    0.00000E+00
 3.00000E+00    0.00000E+00
 3.04828E+00    0.00000E+00
 3.07525E+00    0.00000E+00
 3.11489E+00    0.00000E+00
 3.20000E+00    0.00000E+00
 3.20658E+00    0.00000E+00
 3.22606E+00    0.00000E+00
 3.26110E+00    0.00000E+00
 3.29604E+00    0.00000E+00
 3.36291E+00    0.00000E+00
 3.40000E+00    0.00000E+00
 3.60000E+00    0.00000E+00
 3.80000E+00    0.00000E+00
 4.00000E+00    0.00000E+00
 4.20000E+00    0.00000E+00
 4.40000E+00    0.00000E+00
 4.60000E+00    0.00000E+00
 4.80000E+00    0.00000E+00
 5.00000E+00    0.00000E+00
 5.20000E+00    0.00000E+00
 5.40000E+00    0.00000E+00
 5.60000E+00    0.00000E+00
 5.80000E+00    0.00000E+00
 6.00000E+00    0.00000E+00
 6.20000E+00    0.00000E+00
 6.40000E+00    0.00000E+00
 6.60000E+00    0.00000E+00
 6.80000E+00    0.00000E+00
 7.00000E+00    0.00000E+00
 7.20000E+00    0.00000E+00
 7.40000E+00    0.00000E+00
 7.60000E+00    0.00000E+00
 7.80000E+00    0.00000E+00
 8.00000E+00    5.32947E-18
 8.50000E+00    2.33820E-17
 9.00000E+00    1.21310E-11
 9.50000E+00    9.73790E-09
 1.00000E+01    5.99600E-07
 1.05000E+01    1.19392E-05
 1.10000E+01    2.67017E-04
 1.15000E+01    2.11824E-03
 1.20000E+01    1.39517E-02
 1.25000E+01    6.67716E-02
 1.30000E+01    1.75707E-01
 1.35000E+01    4.09485E-01
 1.40000E+01    7.92516E-01
 1.45000E+01    1.33543E+00
 1.50000E+01    2.03123E+00
 1.60000E+01    3.78327E+00
 1.70000E+01    5.87641E+00
 1.80000E+01    8.21087E+00
 1.90000E+01    1.06543E+01
 2.00000E+01    1.33570E+01
 2.10000E+01    1.58481E+01
 2.20000E+01    1.83096E+01
 2.30000E+01    2.11181E+01
 2.40000E+01    2.34834E+01
 2.50000E+01    2.57775E+01
 2.60000E+01    2.63768E+01
 2.70000E+01    2.85611E+01
 2.80000E+01    3.12951E+01
 2.90000E+01    3.35958E+01
 3.00000E+01    3.54244E+01
 3.00000E+01    3.54408E+01
 3.20000E+01    3.90403E+01
 3.40000E+01    4.23696E+01
 3.60000E+01    4.54379E+01
 3.80000E+01    4.82818E+01
 4.00000E+01    5.09331E+01
 4.20000E+01    5.34291E+01
 4.40000E+01    5.59828E+01
 4.60000E+01    5.82165E+01
 4.80000E+01    6.03554E+01
 5.00000E+01    6.27484E+01
 5.20000E+01    6.47407E+01
 5.40000E+01    6.67086E+01
 5.60000E+01    6.86652E+01
 5.80000E+01    7.06392E+01
 6.00000E+01    7.26172E+01
 6.50000E+01    7.73015E+01
 7.00000E+01    8.25376E+01
 7.50000E+01    8.69682E+01
 8.00000E+01    9.24481E+01
 9.00000E+01    9.58921E+01
 1.00000E+02    1.01548E+02
 1.10000E+02    1.07289E+02
 1.20000E+02    1.14982E+02
 1.30000E+02    1.26637E+02
 1.40000E+02    1.40457E+02
 1.50000E+02    1.61828E+02
 1.60000E+02    1.93053E+02
 1.80000E+02    2.73518E+02
 2.00000E+02    3.89882E+02
