# n + Kr 82 : (n,p)     
# tendl.2019 A.J. Koning and D. Rochman        EVAL-NOV19
# uncertainties: y
# # energies =    86
#   E(MeV)       xs(mb)       xslow(mb)      xsupp(mb)
 2.41791E+00    0.00000E+00    0.00000E+00    0.00000E+00
 3.00000E+00    2.44540E-11    1.03494E-11    3.85586E-11
 3.20000E+00    9.30570E-09    3.93835E-09    1.46730E-08
 3.40000E+00    5.69280E-07    2.40930E-07    8.97630E-07
 3.60000E+00    1.04089E-05    4.40525E-06    1.64126E-05
 3.80000E+00    8.51632E-05    3.60427E-05    1.34284E-04
 4.00000E+00    4.20225E-04    1.77847E-04    6.62603E-04
 4.20000E+00    1.48305E-03    6.27655E-04    2.33844E-03
 4.40000E+00    4.13392E-03    1.74955E-03    6.51829E-03
 4.60000E+00    9.79924E-03    2.95870E-03    1.66398E-02
 4.80000E+00    1.99906E-02    6.03579E-03    3.39454E-02
 5.00000E+00    3.65808E-02    1.10449E-02    6.21167E-02
 5.20000E+00    6.15553E-02    1.85855E-02    1.04525E-01
 5.40000E+00    9.67591E-02    2.92146E-02    1.64304E-01
 5.60000E+00    1.43884E-01    4.34431E-02    2.44325E-01
 5.80000E+00    2.03813E-01    6.15375E-02    3.46088E-01
 6.00000E+00    2.78431E-01    8.40670E-02    4.72795E-01
 6.20000E+00    3.68466E-01    1.11251E-01    6.25681E-01
 6.40000E+00    4.74683E-01    1.43322E-01    8.06044E-01
 6.60000E+00    5.98013E-01    2.82190E-01    9.13836E-01
 6.80000E+00    7.39058E-01    3.48746E-01    1.12937E+00
 7.00000E+00    8.97951E-01    4.23724E-01    1.37218E+00
 7.20000E+00    1.07643E+00    5.07944E-01    1.64492E+00
 7.40000E+00    1.29485E+00    6.11012E-01    1.97869E+00
 7.60000E+00    1.48558E+00    7.01014E-01    2.27015E+00
 7.80000E+00    1.77234E+00    8.36330E-01    2.70835E+00
 8.00000E+00    2.00398E+00    9.45636E-01    3.06232E+00
 8.50000E+00    2.78679E+00    1.31503E+00    4.25855E+00
 9.00000E+00    3.73627E+00    1.98903E+00    5.48351E+00
 9.50000E+00    4.88082E+00    2.59833E+00    7.16331E+00
 1.00000E+01    6.23739E+00    3.32051E+00    9.15427E+00
 1.05000E+01    7.81995E+00    4.16300E+00    1.14769E+01
 1.10000E+01    9.63847E+00    5.13110E+00    1.41458E+01
 1.15000E+01    1.16901E+01    6.22329E+00    1.71569E+01
 1.20000E+01    1.39520E+01    7.42743E+00    2.04766E+01
 1.25000E+01    1.63885E+01    8.72451E+00    2.40525E+01
 1.30000E+01    1.89277E+01    1.02726E+01    2.75828E+01
 1.35000E+01    2.15027E+01    1.16701E+01    3.13353E+01
 1.40000E+01    2.38229E+01    1.29293E+01    3.47165E+01
 1.45000E+01    2.58124E+01    1.40091E+01    3.76157E+01
 1.50000E+01    2.76033E+01    1.49810E+01    4.02256E+01
 1.60000E+01    2.94434E+01    1.40946E+01    4.47922E+01
 1.70000E+01    3.03719E+01    1.45390E+01    4.62048E+01
 1.80000E+01    3.06227E+01    1.46591E+01    4.65863E+01
 1.90000E+01    3.05709E+01    1.46343E+01    4.65075E+01
 2.00000E+01    3.06109E+01    1.46913E+01    4.65305E+01
 2.10000E+01    3.03380E+01    1.45603E+01    4.61157E+01
 2.20000E+01    2.99416E+01    1.43700E+01    4.55132E+01
 2.30000E+01    3.03798E+01    1.45803E+01    4.61793E+01
 2.40000E+01    3.03293E+01    1.49530E+01    4.57056E+01
 2.50000E+01    2.95701E+01    1.45787E+01    4.45615E+01
 2.60000E+01    2.89944E+01    1.42949E+01    4.36939E+01
 2.70000E+01    2.81337E+01    1.38705E+01    4.23969E+01
 2.80000E+01    2.74410E+01    1.35290E+01    4.13530E+01
 2.90000E+01    2.66286E+01    1.31285E+01    4.01287E+01
 3.00000E+01    2.55465E+01    1.25950E+01    3.84980E+01
 3.00000E+01    2.55520E+01    1.25977E+01    3.85063E+01
 3.20000E+01    2.37424E+01    1.17055E+01    3.57793E+01
 3.40000E+01    2.20910E+01    1.08913E+01    3.32906E+01
 3.60000E+01    2.04636E+01    1.00890E+01    3.08381E+01
 3.80000E+01    1.89637E+01    9.34951E+00    2.85779E+01
 4.00000E+01    1.72564E+01    8.50776E+00    2.60050E+01
 4.20000E+01    1.58205E+01    7.79983E+00    2.38411E+01
 4.40000E+01    1.44851E+01    7.14149E+00    2.18288E+01
 4.60000E+01    1.32040E+01    6.50986E+00    1.98982E+01
 4.80000E+01    1.20616E+01    5.94664E+00    1.81766E+01
 5.00000E+01    1.11093E+01    5.47715E+00    1.67415E+01
 5.20000E+01    1.01932E+01    5.02545E+00    1.53609E+01
 5.40000E+01    9.31332E+00    4.59167E+00    1.40350E+01
 5.60000E+01    8.61307E+00    4.24643E+00    1.29797E+01
 5.80000E+01    8.03410E+00    3.96099E+00    1.21072E+01
 6.00000E+01    7.54047E+00    3.71762E+00    1.13633E+01
 6.50000E+01    6.42262E+00    3.16649E+00    9.67875E+00
 7.00000E+01    5.23339E+00    2.58017E+00    7.88660E+00
 7.50000E+01    4.73807E+00    2.33597E+00    7.14017E+00
 8.00000E+01    4.05278E+00    1.99811E+00    6.10745E+00
 9.00000E+01    3.12180E+00    1.53912E+00    4.70448E+00
 1.00000E+02    2.44897E+00    1.20740E+00    3.69055E+00
 1.10000E+02    2.00339E+00    9.87715E-01    3.01907E+00
 1.20000E+02    1.66149E+00    8.19148E-01    2.50382E+00
 1.30000E+02    1.41165E+00    6.95972E-01    2.12732E+00
 1.40000E+02    1.19088E+00    5.87132E-01    1.79464E+00
 1.50000E+02    1.02674E+00    5.06207E-01    1.54728E+00
 1.60000E+02    8.88101E-01    4.37853E-01    1.33835E+00
 1.80000E+02    6.69539E-01    3.30097E-01    1.00898E+00
 2.00000E+02    5.29616E-01    2.61112E-01    7.98120E-01
