# n + Kr 82 : (n,n'21)  
# tendl.2019 A.J. Koning and D. Rochman        EVAL-NOV19
# uncertainties: n
# # energies =    65
#   E(MeV)       xs(mb) 
 2.95576E+00    0.00000E+00
 2.98039E+00    1.37691E-01
 3.00000E+00    2.47318E-01
 3.04828E+00    5.13906E-01
 3.07525E+00    6.62826E-01
 3.11489E+00    8.81708E-01
 3.20000E+00    1.35166E+00
 3.20658E+00    1.37778E+00
 3.22606E+00    1.45513E+00
 3.26110E+00    1.59425E+00
 3.29604E+00    1.73297E+00
 3.36291E+00    1.99847E+00
 3.40000E+00    2.14573E+00
 3.60000E+00    2.67336E+00
 3.80000E+00    2.99019E+00
 4.00000E+00    3.10529E+00
 4.20000E+00    3.14148E+00
 4.40000E+00    3.11457E+00
 4.60000E+00    3.02412E+00
 4.80000E+00    2.87982E+00
 5.00000E+00    2.69349E+00
 5.20000E+00    2.47342E+00
 5.40000E+00    2.23486E+00
 5.60000E+00    1.99256E+00
 5.80000E+00    1.75895E+00
 6.00000E+00    1.54282E+00
 6.20000E+00    1.34914E+00
 6.40000E+00    1.17947E+00
 6.60000E+00    1.03346E+00
 6.80000E+00    9.09364E-01
 7.00000E+00    8.04880E-01
 7.20000E+00    7.17571E-01
 7.40000E+00    6.44169E-01
 7.60000E+00    5.83117E-01
 7.80000E+00    5.32887E-01
 8.00000E+00    4.91169E-01
 8.50000E+00    4.15685E-01
 9.00000E+00    3.68768E-01
 9.50000E+00    3.39732E-01
 1.00000E+01    3.21934E-01
 1.05000E+01    3.11053E-01
 1.10000E+01    3.04226E-01
 1.15000E+01    2.99568E-01
 1.20000E+01    2.95942E-01
 1.25000E+01    2.92770E-01
 1.30000E+01    2.89819E-01
 1.35000E+01    2.87032E-01
 1.40000E+01    2.84405E-01
 1.45000E+01    2.81917E-01
 1.50000E+01    2.79515E-01
 1.60000E+01    2.74700E-01
 1.70000E+01    2.69628E-01
 1.80000E+01    2.64413E-01
 1.90000E+01    2.59397E-01
 2.00000E+01    2.54884E-01
 2.10000E+01    2.51011E-01
 2.20000E+01    2.47707E-01
 2.30000E+01    2.44701E-01
 2.40000E+01    2.41620E-01
 2.50000E+01    2.38157E-01
 2.60000E+01    2.34182E-01
 2.70000E+01    2.29768E-01
 2.80000E+01    2.25111E-01
 2.90000E+01    2.20439E-01
 3.00000E+01    2.15922E-01
