# n + Pt193 : (n,pa)    
# endfb8.0   A.J. Koning and D. Rochman        EVAL-DEC15
# uncertainties: y
# # energies =    36
#   E(MeV)       xs(mb)       xslow(mb)      xsupp(mb)
 1.00000E-11    1.00000E-17    1.00000E-17    1.00000E-17
 1.44544E-11    1.00000E-17    1.00000E-17    1.00000E-17
 2.53000E-08    1.00000E-17    1.00000E-17    1.00000E-17
 8.31765E-04    1.00000E-17    1.00000E-17    1.00000E-17
 9.55027E-04    1.00000E-17    1.00000E-17    1.00000E-17
 7.80000E+00    1.00000E-17    1.00000E-17    1.00000E-17
 8.00000E+00    1.38870E-17    1.38870E-17    1.38870E-17
 8.50000E+00    1.21164E-16    1.21164E-16    1.21164E-16
 9.00000E+00    8.55895E-16    8.55895E-16    8.55895E-16
 9.50000E+00    5.28536E-15    5.28536E-15    5.28536E-15
 1.00000E+01    2.72777E-14    2.72777E-14    2.72777E-14
 1.05000E+01    1.19183E-13    1.19183E-13    1.19183E-13
 1.10000E+01    1.48050E-12    1.48050E-12    1.48050E-12
 1.15000E+01    5.01306E-12    5.01306E-12    5.01306E-12
 1.20000E+01    1.42212E-11    1.42212E-11    1.42212E-11
 1.25000E+01    3.64481E-11    3.64481E-11    3.64481E-11
 1.30000E+01    8.82436E-11    0.00000E+00    8.82436E-10
 1.35000E+01    1.91055E-10    0.00000E+00    1.91055E-09
 1.40000E+01    3.93557E-10    0.00000E+00    3.93557E-09
 1.45000E+01    7.38343E-10    0.00000E+00    7.38343E-09
 1.50000E+01    1.32498E-09    0.00000E+00    1.32498E-08
 1.60000E+01    3.62177E-09    0.00000E+00    1.97856E-08
 1.70000E+01    9.77932E-09    0.00000E+00    5.34240E-08
 1.80000E+01    2.26087E-08    0.00000E+00    1.23510E-07
 1.90000E+01    6.41607E-08    0.00000E+00    3.50507E-07
 2.00000E+01    1.48067E-07    0.00000E+00    6.96097E-07
 2.10000E+01    3.27885E-07    0.00000E+00    1.54146E-06
 2.20000E+01    8.63223E-07    0.00000E+00    4.05821E-06
 2.30000E+01    8.16321E-07    0.00000E+00    3.83771E-06
 2.40000E+01    1.95350E-06    0.00000E+00    9.43046E-06
 2.50000E+01    1.97487E-06    0.00000E+00    9.53362E-06
 2.60000E+01    4.47259E-06    0.00000E+00    2.15913E-05
 2.70000E+01    4.63733E-06    0.00000E+00    2.23866E-05
 2.80000E+01    1.00294E-05    0.00000E+00    4.84166E-05
 2.90000E+01    1.01502E-05    0.00000E+00    4.89998E-05
 3.00000E+01    1.24605E-05    0.00000E+00    6.01526E-05
