# n + Zr 91 : (n,n'05)  
# tendl.2019 A.J. Koning and D. Rochman        EVAL-NOV19
# uncertainties: n
# # energies =    85
#   E(MeV)       xs(mb) 
 2.15514E+00    0.00000E+00
 2.19423E+00    4.51312E+01
 2.20000E+00    5.17929E+01
 2.21379E+00    6.30379E+01
 2.22492E+00    7.21140E+01
 2.28500E+00    1.21107E+02
 2.31318E+00    1.44086E+02
 2.34625E+00    1.71053E+02
 2.38255E+00    2.00654E+02
 2.39282E+00    2.09029E+02
 2.40000E+00    2.14884E+02
 2.42147E+00    2.17064E+02
 2.56281E+00    2.31418E+02
 2.58618E+00    2.33792E+02
 2.60000E+00    2.35195E+02
 2.60650E+00    2.34963E+02
 2.66949E+00    2.32719E+02
 2.72359E+00    2.30792E+02
 2.79528E+00    2.28238E+02
 2.80000E+00    2.28070E+02
 2.80599E+00    2.27005E+02
 2.82243E+00    2.24081E+02
 2.84209E+00    2.20585E+02
 2.84421E+00    2.20208E+02
 2.85736E+00    2.17870E+02
 2.86716E+00    2.16127E+02
 2.88876E+00    2.12286E+02
 2.90336E+00    2.09689E+02
 2.93450E+00    2.04152E+02
 2.94654E+00    2.02011E+02
 3.00000E+00    1.92504E+02
 3.20000E+00    1.44039E+02
 3.40000E+00    1.16325E+02
 3.60000E+00    9.63797E+01
 3.80000E+00    8.17749E+01
 4.00000E+00    7.07794E+01
 4.20000E+00    6.22652E+01
 4.40000E+00    5.55461E+01
 4.60000E+00    5.00641E+01
 4.80000E+00    4.54484E+01
 5.00000E+00    4.14914E+01
 5.20000E+00    3.80944E+01
 5.40000E+00    3.52075E+01
 5.60000E+00    3.27589E+01
 5.80000E+00    3.06784E+01
 6.00000E+00    2.89033E+01
 6.20000E+00    2.74178E+01
 6.40000E+00    2.61594E+01
 6.60000E+00    2.51060E+01
 6.80000E+00    2.42484E+01
 7.00000E+00    2.35850E+01
 7.20000E+00    2.30822E+01
 7.40000E+00    2.26774E+01
 7.60000E+00    2.22845E+01
 7.80000E+00    2.18874E+01
 8.00000E+00    2.15164E+01
 8.50000E+00    2.07163E+01
 9.00000E+00    2.00056E+01
 9.50000E+00    1.93109E+01
 1.00000E+01    1.86095E+01
 1.05000E+01    1.79071E+01
 1.10000E+01    1.72186E+01
 1.15000E+01    1.65587E+01
 1.20000E+01    1.59374E+01
 1.25000E+01    1.53602E+01
 1.30000E+01    1.48291E+01
 1.35000E+01    1.43433E+01
 1.40000E+01    1.38994E+01
 1.45000E+01    1.34925E+01
 1.50000E+01    1.31163E+01
 1.60000E+01    1.24334E+01
 1.70000E+01    1.18189E+01
 1.80000E+01    1.12635E+01
 1.90000E+01    1.07636E+01
 2.00000E+01    1.03065E+01
 2.10000E+01    9.87281E+00
 2.20000E+01    9.45005E+00
 2.30000E+01    9.03918E+00
 2.40000E+01    8.65052E+00
 2.50000E+01    8.29538E+00
 2.60000E+01    7.98059E+00
 2.70000E+01    7.70680E+00
 2.80000E+01    7.46908E+00
 2.90000E+01    7.25915E+00
 3.00000E+01    7.06761E+00
