# n + Ca 42 : (n,n'23)  
# tendl.2019 A.J. Koning and D. Rochman        EVAL-NOV19
# uncertainties: n
# # energies =    55
#   E(MeV)       xs(mb) 
 4.54981E+00    0.00000E+00
 4.55575E+00    6.51177E-01
 4.60000E+00    5.50215E+00
 4.61330E+00    5.87135E+00
 4.67679E+00    7.63379E+00
 4.77817E+00    1.04480E+01
 4.80000E+00    1.10540E+01
 4.80282E+00    1.10902E+01
 4.82835E+00    1.14179E+01
 4.83347E+00    1.14836E+01
 5.00000E+00    1.36210E+01
 5.20000E+00    1.55249E+01
 5.40000E+00    1.70510E+01
 5.60000E+00    1.82226E+01
 5.80000E+00    1.89947E+01
 6.00000E+00    1.93053E+01
 6.20000E+00    1.91209E+01
 6.40000E+00    1.85057E+01
 6.60000E+00    1.75260E+01
 6.80000E+00    1.62586E+01
 7.00000E+00    1.48929E+01
 7.20000E+00    1.33886E+01
 7.40000E+00    1.19445E+01
 7.60000E+00    1.05807E+01
 7.80000E+00    9.29339E+00
 8.00000E+00    8.16466E+00
 8.50000E+00    5.80172E+00
 9.00000E+00    4.09648E+00
 9.50000E+00    2.91517E+00
 1.00000E+01    2.09861E+00
 1.05000E+01    1.53210E+00
 1.10000E+01    1.13530E+00
 1.15000E+01    8.54770E-01
 1.20000E+01    6.53937E-01
 1.25000E+01    5.09233E-01
 1.30000E+01    4.04082E-01
 1.35000E+01    3.27180E-01
 1.40000E+01    2.70689E-01
 1.45000E+01    2.29142E-01
 1.50000E+01    1.98219E-01
 1.60000E+01    1.58208E-01
 1.70000E+01    1.35835E-01
 1.80000E+01    1.23210E-01
 1.90000E+01    1.15887E-01
 2.00000E+01    1.11419E-01
 2.10000E+01    1.08426E-01
 2.20000E+01    1.06155E-01
 2.30000E+01    1.04285E-01
 2.40000E+01    1.02621E-01
 2.50000E+01    1.01091E-01
 2.60000E+01    9.96731E-02
 2.70000E+01    9.83407E-02
 2.80000E+01    9.70761E-02
 2.90000E+01    9.58544E-02
 3.00000E+01    9.46560E-02
