# n + Cs134 : (n,h)     
# endfb8.0   JNDC FPND W.G., Mughabghab        EVAL-JAN05
# uncertainties: n
# # energies =   635
#   E(MeV)       xs(mb) 
 1.10000E+01    0.00000E+00
 1.20000E+01    7.71610E-16
 1.30000E+01    2.03640E-13
 1.35398E+01    4.86250E-12
 1.40000E+01    5.16830E-11
 1.45000E+01    8.16830E-10
 1.50000E+01    1.28500E-08
 1.52500E+01    5.08130E-08
 1.53438E+01    8.50880E-08
 1.53643E+01    9.52450E-08
 1.53692E+01    9.78830E-08
 1.53742E+01    1.00570E-07
 1.53790E+01    1.03310E-07
 1.53839E+01    1.06110E-07
 1.53887E+01    1.08950E-07
 1.53935E+01    1.11850E-07
 1.53982E+01    1.14800E-07
 1.54029E+01    1.17810E-07
 1.54076E+01    1.20870E-07
 1.54122E+01    1.23990E-07
 1.54168E+01    1.27160E-07
 1.54214E+01    1.30380E-07
 1.54259E+01    1.33670E-07
 1.54304E+01    1.37000E-07
 1.54348E+01    1.40400E-07
 1.54392E+01    1.43850E-07
 1.54436E+01    1.47360E-07
 1.54480E+01    1.50920E-07
 1.54523E+01    1.54540E-07
 1.54566E+01    1.58220E-07
 1.54608E+01    1.61960E-07
 1.54650E+01    1.65760E-07
 1.54692E+01    1.69610E-07
 1.54733E+01    1.73520E-07
 1.54775E+01    1.77490E-07
 1.54815E+01    1.81520E-07
 1.54856E+01    1.85610E-07
 1.54896E+01    1.89760E-07
 1.54936E+01    1.93970E-07
 1.54976E+01    1.98230E-07
 1.55015E+01    2.02560E-07
 1.55054E+01    2.06950E-07
 1.55092E+01    2.11390E-07
 1.55131E+01    2.15890E-07
 1.55169E+01    2.20460E-07
 1.55206E+01    2.25080E-07
 1.55244E+01    2.29770E-07
 1.55281E+01    2.34510E-07
 1.55318E+01    2.39310E-07
 1.55355E+01    2.44170E-07
 1.55391E+01    2.49100E-07
 1.55427E+01    2.54080E-07
 1.55463E+01    2.59120E-07
 1.55498E+01    2.64220E-07
 1.55533E+01    2.69380E-07
 1.55568E+01    2.74600E-07
 1.55603E+01    2.79880E-07
 1.55637E+01    2.85220E-07
 1.55671E+01    2.90610E-07
 1.55705E+01    2.96070E-07
 1.55739E+01    3.01580E-07
 1.55772E+01    3.07150E-07
 1.55805E+01    3.12790E-07
 1.55838E+01    3.18470E-07
 1.55870E+01    3.24220E-07
 1.55902E+01    3.30020E-07
 1.55934E+01    3.35890E-07
 1.55966E+01    3.41800E-07
 1.55998E+01    3.47780E-07
 1.56029E+01    3.53810E-07
 1.56060E+01    3.59900E-07
 1.56091E+01    3.66040E-07
 1.56121E+01    3.72240E-07
 1.56152E+01    3.78500E-07
 1.56182E+01    3.84810E-07
 1.56212E+01    3.91170E-07
 1.56241E+01    3.97590E-07
 1.56271E+01    4.04060E-07
 1.56300E+01    4.10590E-07
 1.56329E+01    4.17170E-07
 1.56357E+01    4.23800E-07
 1.56386E+01    4.30490E-07
 1.56414E+01    4.37220E-07
 1.56442E+01    4.44010E-07
 1.56470E+01    4.50850E-07
 1.56497E+01    4.57740E-07
 1.56525E+01    4.64680E-07
 1.56552E+01    4.71670E-07
 1.56579E+01    4.78710E-07
 1.56606E+01    4.85800E-07
 1.56632E+01    4.92940E-07
 1.56658E+01    5.00120E-07
 1.56684E+01    5.07350E-07
 1.56710E+01    5.14630E-07
 1.56762E+01    5.29390E-07
 1.56812E+01    5.44320E-07
 1.56862E+01    5.59440E-07
 1.56911E+01    5.74730E-07
 1.56959E+01    5.90190E-07
 1.57007E+01    6.05810E-07
 1.57054E+01    6.21590E-07
 1.57100E+01    6.37530E-07
 1.57145E+01    6.53610E-07
 1.57190E+01    6.69840E-07
 1.57234E+01    6.86220E-07
 1.57277E+01    7.02720E-07
 1.57319E+01    7.19360E-07
 1.57361E+01    7.36120E-07
 1.57403E+01    7.53000E-07
 1.57443E+01    7.70000E-07
 1.57483E+01    7.87100E-07
 1.57522E+01    8.04310E-07
 1.57561E+01    8.21620E-07
 1.57599E+01    8.39020E-07
 1.57637E+01    8.56500E-07
 1.57674E+01    8.74070E-07
 1.57710E+01    8.91720E-07
 1.57746E+01    9.09440E-07
 1.57781E+01    9.27230E-07
 1.57816E+01    9.45080E-07
 1.57850E+01    9.62990E-07
 1.57883E+01    9.80940E-07
 1.57916E+01    9.98950E-07
 1.57949E+01    1.01699E-06
 1.57981E+01    1.03507E-06
 1.58013E+01    1.05319E-06
 1.58044E+01    1.07132E-06
 1.58074E+01    1.08949E-06
 1.58104E+01    1.10766E-06
 1.58134E+01    1.12585E-06
 1.58163E+01    1.14405E-06
 1.58192E+01    1.16225E-06
 1.58220E+01    1.18045E-06
 1.58248E+01    1.19864E-06
 1.58275E+01    1.21683E-06
 1.58302E+01    1.23499E-06
 1.58329E+01    1.25314E-06
 1.58355E+01    1.27127E-06
 1.58406E+01    1.30772E-06
 1.58456E+01    1.34403E-06
 1.58504E+01    1.38017E-06
 1.58551E+01    1.41611E-06
 1.58596E+01    1.45181E-06
 1.58640E+01    1.48726E-06
 1.58683E+01    1.52242E-06
 1.58724E+01    1.55728E-06
 1.58764E+01    1.59181E-06
 1.58802E+01    1.62599E-06
 1.58840E+01    1.65980E-06
 1.58876E+01    1.69322E-06
 1.58911E+01    1.72624E-06
 1.58945E+01    1.75885E-06
 1.58978E+01    1.79102E-06
 1.59010E+01    1.82275E-06
 1.59041E+01    1.85402E-06
 1.59071E+01    1.88483E-06
 1.59100E+01    1.91516E-06
 1.59128E+01    1.94501E-06
 1.59155E+01    1.97437E-06
 1.59182E+01    2.00324E-06
 1.59233E+01    2.06037E-06
 1.59281E+01    2.11541E-06
 1.59326E+01    2.16835E-06
 1.59368E+01    2.21918E-06
 1.59407E+01    2.26791E-06
 1.59445E+01    2.31457E-06
 1.59479E+01    2.35919E-06
 1.59512E+01    2.40179E-06
 1.59542E+01    2.44244E-06
 1.59571E+01    2.48116E-06
 1.59598E+01    2.51803E-06
 1.59648E+01    2.58863E-06
 1.59692E+01    2.65203E-06
 1.59731E+01    2.70878E-06
 1.59764E+01    2.75942E-06
 1.59794E+01    2.80452E-06
 1.59819E+01    2.84458E-06
 1.59865E+01    2.91606E-06
 1.59898E+01    2.97086E-06
 1.59949E+01    3.05498E-06
 1.60000E+01    3.14148E-06
 1.60059E+01    3.20185E-06
 1.60098E+01    3.25090E-06
 1.60137E+01    3.30050E-06
 1.60175E+01    3.35067E-06
 1.60213E+01    3.40139E-06
 1.60252E+01    3.45268E-06
 1.60290E+01    3.50454E-06
 1.60328E+01    3.55698E-06
 1.60365E+01    3.60998E-06
 1.60403E+01    3.66357E-06
 1.60441E+01    3.71773E-06
 1.60478E+01    3.77248E-06
 1.60515E+01    3.82782E-06
 1.60552E+01    3.88375E-06
 1.60589E+01    3.94027E-06
 1.60626E+01    3.99739E-06
 1.60662E+01    4.05511E-06
 1.60699E+01    4.11343E-06
 1.60735E+01    4.17236E-06
 1.60771E+01    4.23190E-06
 1.60844E+01    4.35305E-06
 1.60915E+01    4.47669E-06
 1.60986E+01    4.60283E-06
 1.61056E+01    4.73149E-06
 1.61126E+01    4.86271E-06
 1.61196E+01    4.99650E-06
 1.61264E+01    5.13287E-06
 1.61333E+01    5.27186E-06
 1.61400E+01    5.41349E-06
 1.61468E+01    5.55777E-06
 1.61534E+01    5.70472E-06
 1.61600E+01    5.85436E-06
 1.61666E+01    6.00672E-06
 1.61731E+01    6.16180E-06
 1.61796E+01    6.31962E-06
 1.61860E+01    6.48021E-06
 1.61923E+01    6.64358E-06
 1.61987E+01    6.80974E-06
 1.62049E+01    6.97871E-06
 1.62111E+01    7.15050E-06
 1.62173E+01    7.32513E-06
 1.62234E+01    7.50261E-06
 1.62295E+01    7.68295E-06
 1.62355E+01    7.86617E-06
 1.62415E+01    8.05228E-06
 1.62474E+01    8.24128E-06
 1.62533E+01    8.43319E-06
 1.62591E+01    8.62802E-06
 1.62649E+01    8.82577E-06
 1.62706E+01    9.02646E-06
 1.62763E+01    9.23008E-06
 1.62820E+01    9.43666E-06
 1.62876E+01    9.64620E-06
 1.62932E+01    9.85869E-06
 1.62987E+01    1.00741E-05
 1.63042E+01    1.02926E-05
 1.63096E+01    1.05140E-05
 1.63150E+01    1.07384E-05
 1.63203E+01    1.09657E-05
 1.63257E+01    1.11961E-05
 1.63309E+01    1.14294E-05
 1.63362E+01    1.16657E-05
 1.63413E+01    1.19050E-05
 1.63465E+01    1.21473E-05
 1.63516E+01    1.23925E-05
 1.63567E+01    1.26407E-05
 1.63617E+01    1.28919E-05
 1.63667E+01    1.31461E-05
 1.63716E+01    1.34032E-05
 1.63765E+01    1.36633E-05
 1.63814E+01    1.39264E-05
 1.63862E+01    1.41924E-05
 1.63910E+01    1.44614E-05
 1.63958E+01    1.47332E-05
 1.64005E+01    1.50080E-05
 1.64052E+01    1.52858E-05
 1.64098E+01    1.55664E-05
 1.64144E+01    1.58500E-05
 1.64190E+01    1.61364E-05
 1.64236E+01    1.64257E-05
 1.64281E+01    1.67179E-05
 1.64325E+01    1.70129E-05
 1.64370E+01    1.73108E-05
 1.64414E+01    1.76115E-05
 1.64457E+01    1.79150E-05
 1.64501E+01    1.82213E-05
 1.64544E+01    1.85304E-05
 1.64586E+01    1.88422E-05
 1.64628E+01    1.91568E-05
 1.64670E+01    1.94741E-05
 1.64712E+01    1.97942E-05
 1.64753E+01    2.01170E-05
 1.64794E+01    2.04424E-05
 1.64835E+01    2.07705E-05
 1.64875E+01    2.11012E-05
 1.64915E+01    2.14346E-05
 1.64955E+01    2.17705E-05
 1.64995E+01    2.21090E-05
 1.65034E+01    2.24501E-05
 1.65072E+01    2.27938E-05
 1.65111E+01    2.31399E-05
 1.65149E+01    2.34885E-05
 1.65187E+01    2.38396E-05
 1.65225E+01    2.41932E-05
 1.65262E+01    2.45491E-05
 1.65299E+01    2.49075E-05
 1.65336E+01    2.52682E-05
 1.65372E+01    2.56313E-05
 1.65408E+01    2.59966E-05
 1.65480E+01    2.67372E-05
 1.65551E+01    2.74868E-05
 1.65620E+01    2.82452E-05
 1.65689E+01    2.90121E-05
 1.65756E+01    2.97875E-05
 1.65822E+01    3.05709E-05
 1.65888E+01    3.13623E-05
 1.65952E+01    3.21612E-05
 1.66015E+01    3.29676E-05
 1.66077E+01    3.37811E-05
 1.66139E+01    3.46015E-05
 1.66199E+01    3.54285E-05
 1.66258E+01    3.62619E-05
 1.66317E+01    3.71015E-05
 1.66374E+01    3.79469E-05
 1.66431E+01    3.87979E-05
 1.66487E+01    3.96543E-05
 1.66542E+01    4.05157E-05
 1.66596E+01    4.13819E-05
 1.66649E+01    4.22527E-05
 1.66701E+01    4.31278E-05
 1.66753E+01    4.40069E-05
 1.66804E+01    4.48898E-05
 1.66854E+01    4.57762E-05
 1.66903E+01    4.66658E-05
 1.66951E+01    4.75584E-05
 1.66999E+01    4.84537E-05
 1.67046E+01    4.93515E-05
 1.67092E+01    5.02515E-05
 1.67137E+01    5.11535E-05
 1.67182E+01    5.20572E-05
 1.67226E+01    5.29624E-05
 1.67269E+01    5.38688E-05
 1.67312E+01    5.47762E-05
 1.67354E+01    5.56843E-05
 1.67395E+01    5.65930E-05
 1.67436E+01    5.75019E-05
 1.67476E+01    5.84109E-05
 1.67516E+01    5.93197E-05
 1.67554E+01    6.02281E-05
 1.67593E+01    6.11359E-05
 1.67630E+01    6.20429E-05
 1.67667E+01    6.29489E-05
 1.67704E+01    6.38536E-05
 1.67775E+01    6.56730E-05
 1.67845E+01    6.74849E-05
 1.67912E+01    6.92878E-05
 1.67978E+01    7.10803E-05
 1.68041E+01    7.28611E-05
 1.68102E+01    7.46287E-05
 1.68161E+01    7.63819E-05
 1.68219E+01    7.81196E-05
 1.68274E+01    7.98407E-05
 1.68328E+01    8.15442E-05
 1.68381E+01    8.32291E-05
 1.68431E+01    8.48945E-05
 1.68480E+01    8.65397E-05
 1.68528E+01    8.81638E-05
 1.68574E+01    8.97663E-05
 1.68618E+01    9.13464E-05
 1.68661E+01    9.29037E-05
 1.68703E+01    9.44377E-05
 1.68744E+01    9.59478E-05
 1.68783E+01    9.74338E-05
 1.68821E+01    9.88953E-05
 1.68858E+01    1.00332E-04
 1.68929E+01    1.03175E-04
 1.68996E+01    1.05914E-04
 1.69059E+01    1.08547E-04
 1.69118E+01    1.11076E-04
 1.69173E+01    1.13500E-04
 1.69225E+01    1.15820E-04
 1.69273E+01    1.18038E-04
 1.69319E+01    1.20157E-04
 1.69361E+01    1.22177E-04
 1.69401E+01    1.24102E-04
 1.69438E+01    1.25934E-04
 1.69509E+01    1.29443E-04
 1.69570E+01    1.32593E-04
 1.69624E+01    1.35412E-04
 1.69671E+01    1.37928E-04
 1.69712E+01    1.40167E-04
 1.69784E+01    1.44175E-04
 1.69838E+01    1.47255E-04
 1.69879E+01    1.49609E-04
 1.69939E+01    1.53210E-04
 1.70000E+01    1.56897E-04
 1.70078E+01    1.59561E-04
 1.70156E+01    1.62250E-04
 1.70233E+01    1.64962E-04
 1.70309E+01    1.67697E-04
 1.70385E+01    1.70457E-04
 1.70460E+01    1.73239E-04
 1.70534E+01    1.76045E-04
 1.70608E+01    1.78873E-04
 1.70682E+01    1.81725E-04
 1.70754E+01    1.84599E-04
 1.70827E+01    1.87495E-04
 1.70898E+01    1.90414E-04
 1.70969E+01    1.93355E-04
 1.71040E+01    1.96318E-04
 1.71110E+01    1.99302E-04
 1.71179E+01    2.02308E-04
 1.71248E+01    2.05336E-04
 1.71317E+01    2.08384E-04
 1.71385E+01    2.11453E-04
 1.71452E+01    2.14544E-04
 1.71519E+01    2.17654E-04
 1.71585E+01    2.20785E-04
 1.71651E+01    2.23936E-04
 1.71781E+01    2.30322E-04
 1.71909E+01    2.36787E-04
 1.72036E+01    2.43327E-04
 1.72160E+01    2.49942E-04
 1.72283E+01    2.56629E-04
 1.72403E+01    2.63386E-04
 1.72522E+01    2.70212E-04
 1.72639E+01    2.77103E-04
 1.72754E+01    2.84059E-04
 1.72867E+01    2.91076E-04
 1.72979E+01    2.98153E-04
 1.73088E+01    3.05287E-04
 1.73196E+01    3.12477E-04
 1.73303E+01    3.19720E-04
 1.73407E+01    3.27013E-04
 1.73510E+01    3.34355E-04
 1.73612E+01    3.41743E-04
 1.73712E+01    3.49175E-04
 1.73810E+01    3.56649E-04
 1.73907E+01    3.64162E-04
 1.74002E+01    3.71713E-04
 1.74095E+01    3.79298E-04
 1.74188E+01    3.86916E-04
 1.74279E+01    3.94565E-04
 1.74368E+01    4.02242E-04
 1.74456E+01    4.09944E-04
 1.74543E+01    4.17670E-04
 1.74628E+01    4.25418E-04
 1.74712E+01    4.33185E-04
 1.74794E+01    4.40969E-04
 1.74876E+01    4.48768E-04
 1.74956E+01    4.56580E-04
 1.75035E+01    4.64403E-04
 1.75112E+01    4.72234E-04
 1.75189E+01    4.80072E-04
 1.75264E+01    4.87915E-04
 1.75338E+01    4.95760E-04
 1.75411E+01    5.03605E-04
 1.75482E+01    5.11450E-04
 1.75553E+01    5.19291E-04
 1.75622E+01    5.27127E-04
 1.75691E+01    5.34956E-04
 1.75758E+01    5.42776E-04
 1.75824E+01    5.50586E-04
 1.75955E+01    5.66291E-04
 1.76081E+01    5.81933E-04
 1.76204E+01    5.97498E-04
 1.76322E+01    6.12973E-04
 1.76437E+01    6.28346E-04
 1.76549E+01    6.43607E-04
 1.76657E+01    6.58744E-04
 1.76761E+01    6.73748E-04
 1.76862E+01    6.88609E-04
 1.76960E+01    7.03317E-04
 1.77055E+01    7.17866E-04
 1.77147E+01    7.32247E-04
 1.77236E+01    7.46453E-04
 1.77323E+01    7.60478E-04
 1.77406E+01    7.74316E-04
 1.77488E+01    7.87961E-04
 1.77566E+01    8.01410E-04
 1.77642E+01    8.14656E-04
 1.77716E+01    8.27698E-04
 1.77787E+01    8.40532E-04
 1.77856E+01    8.53154E-04
 1.77923E+01    8.65562E-04
 1.78053E+01    8.90118E-04
 1.78175E+01    9.13773E-04
 1.78289E+01    9.36519E-04
 1.78396E+01    9.58358E-04
 1.78496E+01    9.79294E-04
 1.78590E+01    9.99337E-04
 1.78678E+01    1.01850E-03
 1.78761E+01    1.03680E-03
 1.78838E+01    1.05425E-03
 1.78911E+01    1.07088E-03
 1.78979E+01    1.08671E-03
 1.79107E+01    1.11702E-03
 1.79218E+01    1.14423E-03
 1.79316E+01    1.16859E-03
 1.79401E+01    1.19033E-03
 1.79476E+01    1.20968E-03
 1.79607E+01    1.24430E-03
 1.79705E+01    1.27092E-03
 1.79779E+01    1.29125E-03
 1.79890E+01    1.32237E-03
 1.80000E+01    1.35423E-03
 1.80156E+01    1.38904E-03
 1.80310E+01    1.42418E-03
 1.80461E+01    1.45965E-03
 1.80611E+01    1.49541E-03
 1.80757E+01    1.53148E-03
 1.80902E+01    1.56783E-03
 1.81044E+01    1.60446E-03
 1.81184E+01    1.64135E-03
 1.81322E+01    1.67849E-03
 1.81457E+01    1.71588E-03
 1.81591E+01    1.75349E-03
 1.81722E+01    1.79132E-03
 1.81851E+01    1.82935E-03
 1.81979E+01    1.86758E-03
 1.82104E+01    1.90599E-03
 1.82227E+01    1.94458E-03
 1.82349E+01    1.98332E-03
 1.82468E+01    2.02221E-03
 1.82586E+01    2.06124E-03
 1.82702E+01    2.10040E-03
 1.82816E+01    2.13967E-03
 1.82928E+01    2.17904E-03
 1.83039E+01    2.21850E-03
 1.83147E+01    2.25805E-03
 1.83255E+01    2.29767E-03
 1.83360E+01    2.33735E-03
 1.83464E+01    2.37707E-03
 1.83566E+01    2.41684E-03
 1.83666E+01    2.45663E-03
 1.83765E+01    2.49644E-03
 1.83863E+01    2.53626E-03
 1.83959E+01    2.57608E-03
 1.84053E+01    2.61588E-03
 1.84146E+01    2.65567E-03
 1.84237E+01    2.69542E-03
 1.84327E+01    2.73513E-03
 1.84416E+01    2.77480E-03
 1.84503E+01    2.81441E-03
 1.84675E+01    2.89404E-03
 1.84841E+01    2.97334E-03
 1.85003E+01    3.05222E-03
 1.85159E+01    3.13064E-03
 1.85310E+01    3.20853E-03
 1.85457E+01    3.28583E-03
 1.85599E+01    3.36249E-03
 1.85736E+01    3.43846E-03
 1.85869E+01    3.51370E-03
 1.85999E+01    3.58815E-03
 1.86124E+01    3.66178E-03
 1.86245E+01    3.73455E-03
 1.86362E+01    3.80642E-03
 1.86476E+01    3.87736E-03
 1.86586E+01    3.94735E-03
 1.86693E+01    4.01636E-03
 1.86796E+01    4.08436E-03
 1.86896E+01    4.15134E-03
 1.86993E+01    4.21726E-03
 1.87087E+01    4.28213E-03
 1.87178E+01    4.34592E-03
 1.87266E+01    4.40862E-03
 1.87437E+01    4.53269E-03
 1.87597E+01    4.65218E-03
 1.87747E+01    4.76706E-03
 1.87888E+01    4.87733E-03
 1.88020E+01    4.98303E-03
 1.88144E+01    5.08420E-03
 1.88260E+01    5.18091E-03
 1.88369E+01    5.27324E-03
 1.88471E+01    5.36130E-03
 1.88566E+01    5.44520E-03
 1.88656E+01    5.52504E-03
 1.88824E+01    5.67790E-03
 1.88971E+01    5.81513E-03
 1.89100E+01    5.93792E-03
 1.89212E+01    6.04748E-03
 1.89311E+01    6.14501E-03
 1.89483E+01    6.31948E-03
 1.89612E+01    6.45358E-03
 1.89709E+01    6.55601E-03
 1.89855E+01    6.71272E-03
 1.90000E+01    6.87318E-03
 1.90156E+01    7.01509E-03
 1.90310E+01    7.15764E-03
 1.90461E+01    7.30080E-03
 1.90611E+01    7.44452E-03
 1.90757E+01    7.58875E-03
 1.90902E+01    7.73346E-03
 1.91044E+01    7.87860E-03
 1.91184E+01    8.02413E-03
 1.91322E+01    8.17002E-03
 1.91457E+01    8.31621E-03
 1.91591E+01    8.46268E-03
 1.91722E+01    8.60938E-03
 1.91851E+01    8.75627E-03
 1.91979E+01    8.90331E-03
 1.92104E+01    9.05046E-03
 1.92227E+01    9.19769E-03
 1.92349E+01    9.34496E-03
 1.92468E+01    9.49223E-03
 1.92586E+01    9.63947E-03
 1.92702E+01    9.78664E-03
 1.92816E+01    9.93370E-03
 1.92928E+01    1.00806E-02
 1.93039E+01    1.02274E-02
 1.93147E+01    1.03739E-02
 1.93362E+01    1.06686E-02
 1.93569E+01    1.09620E-02
 1.93770E+01    1.12540E-02
 1.93965E+01    1.15442E-02
 1.94153E+01    1.18325E-02
 1.94336E+01    1.21187E-02
 1.94513E+01    1.24025E-02
 1.94684E+01    1.26838E-02
 1.94851E+01    1.29624E-02
 1.95012E+01    1.32382E-02
 1.95167E+01    1.35108E-02
 1.95318E+01    1.37804E-02
 1.95465E+01    1.40466E-02
 1.95606E+01    1.43094E-02
 1.95744E+01    1.45687E-02
 1.95877E+01    1.48244E-02
 1.96006E+01    1.50763E-02
 1.96130E+01    1.53245E-02
 1.96251E+01    1.55688E-02
 1.96369E+01    1.58092E-02
 1.96482E+01    1.60456E-02
 1.96592E+01    1.62780E-02
 1.96805E+01    1.67378E-02
 1.97005E+01    1.71808E-02
 1.97192E+01    1.76067E-02
 1.97367E+01    1.80155E-02
 1.97532E+01    1.84074E-02
 1.97686E+01    1.87826E-02
 1.97831E+01    1.91412E-02
 1.97966E+01    1.94837E-02
 1.98093E+01    1.98103E-02
 1.98213E+01    2.01215E-02
 1.98324E+01    2.04176E-02
 1.98534E+01    2.09847E-02
 1.98717E+01    2.14939E-02
 1.98877E+01    2.19495E-02
 1.99018E+01    2.23560E-02
 1.99141E+01    2.27179E-02
 1.99355E+01    2.33654E-02
 1.99517E+01    2.38632E-02
 1.99637E+01    2.42434E-02
 1.99819E+01    2.48251E-02
 2.00000E+01    2.54208E-02
