# n + Np236 : (n,n'04)  
# tendl.2019 A.J. Koning and D. Rochman        EVAL-NOV19
# uncertainties: y
# # energies =    98
#   E(MeV)       xs(mb)       xslow(mb)      xsupp(mb)
 3.25385E-01    0.00000E+00    0.00000E+00    0.00000E+00
 3.27370E-01    1.01644E+00    3.85130E-01    1.64774E+00
 3.29308E-01    2.00882E+00    7.61147E-01    3.25650E+00
 3.35599E-01    5.23021E+00    1.98174E+00    8.47869E+00
 3.39232E-01    7.09054E+00    2.68662E+00    1.14945E+01
 3.41862E-01    8.43726E+00    3.19689E+00    1.36776E+01
 3.46116E-01    1.06156E+01    4.02226E+00    1.72089E+01
 3.53621E-01    1.44586E+01    5.47840E+00    2.34388E+01
 3.56858E-01    1.61162E+01    6.10644E+00    2.61259E+01
 3.59624E-01    1.75325E+01    6.64311E+00    2.84220E+01
 3.66833E-01    2.12240E+01    8.04181E+00    3.44062E+01
 3.68818E-01    2.22404E+01    8.42695E+00    3.60540E+01
 3.69799E-01    2.27428E+01    8.61728E+00    3.68683E+01
 3.70758E-01    2.32338E+01    8.80334E+00    3.76643E+01
 3.76602E-01    2.62263E+01    9.93721E+00    4.25155E+01
 3.77864E-01    2.68726E+01    1.01821E+01    4.35631E+01
 3.80150E-01    2.80431E+01    1.06256E+01    4.54607E+01
 3.81431E-01    2.86991E+01    1.08741E+01    4.65241E+01
 3.82990E-01    2.94974E+01    1.11766E+01    4.78182E+01
 3.85103E-01    3.05794E+01    1.15866E+01    4.95722E+01
 3.86207E-01    3.11447E+01    1.18008E+01    5.04887E+01
 3.89253E-01    3.27044E+01    1.23918E+01    5.30171E+01
 3.91913E-01    3.40665E+01    1.29079E+01    5.52252E+01
 3.93568E-01    3.49140E+01    1.32290E+01    5.65990E+01
 3.95873E-01    3.60943E+01    1.36762E+01    5.85124E+01
 4.00000E-01    3.82076E+01    1.44769E+01    6.19383E+01
 4.04406E-01    3.95901E+01    1.50008E+01    6.41795E+01
 4.07158E-01    4.04537E+01    1.53280E+01    6.55794E+01
 5.00000E-01    6.95864E+01    2.63664E+01    1.12806E+02
 6.00000E-01    7.16115E+01    4.07949E+01    1.02428E+02
 7.00000E-01    6.22720E+01    3.54745E+01    8.90695E+01
 8.00000E-01    5.13493E+01    2.92522E+01    7.34464E+01
 9.00000E-01    4.20485E+01    2.39538E+01    6.01432E+01
 1.00000E+00    2.54210E+01    1.23101E+01    3.85319E+01
 1.20000E+00    1.80190E+01    8.72567E+00    2.73123E+01
 1.40000E+00    1.30691E+01    6.32869E+00    1.98095E+01
 1.60000E+00    9.07068E+00    4.39246E+00    1.37489E+01
 1.80000E+00    5.96059E+00    3.31616E+00    8.60502E+00
 2.00000E+00    3.83335E+00    2.13267E+00    5.53403E+00
 2.20000E+00    2.51409E+00    1.39871E+00    3.62947E+00
 2.40000E+00    1.74937E+00    9.73257E-01    2.52548E+00
 2.60000E+00    1.33205E+00    5.25748E-01    2.13835E+00
 2.80000E+00    1.12162E+00    4.42693E-01    1.80055E+00
 3.00000E+00    1.02990E+00    4.06492E-01    1.65331E+00
 3.20000E+00    1.00356E+00    3.96096E-01    1.61102E+00
 3.40000E+00    1.01192E+00    3.99396E-01    1.62444E+00
 3.60000E+00    1.03755E+00    4.09512E-01    1.66559E+00
 3.80000E+00    1.07123E+00    4.22805E-01    1.71966E+00
 4.00000E+00    1.10799E+00    4.37314E-01    1.77867E+00
 4.20000E+00    1.14586E+00    4.52261E-01    1.83946E+00
 4.40000E+00    1.18405E+00    4.67334E-01    1.90077E+00
 4.60000E+00    1.22292E+00    5.13258E-01    1.93258E+00
 4.80000E+00    1.26279E+00    5.29991E-01    1.99559E+00
 5.00000E+00    1.30434E+00    5.47429E-01    2.06125E+00
 5.20000E+00    1.34804E+00    5.65770E-01    2.13031E+00
 5.40000E+00    1.39373E+00    5.84946E-01    2.20251E+00
 5.60000E+00    1.44117E+00    6.04857E-01    2.27748E+00
 5.80000E+00    1.48954E+00    6.25157E-01    2.35392E+00
 6.00000E+00    1.53753E+00    6.45299E-01    2.42976E+00
 6.20000E+00    1.58349E+00    6.64588E-01    2.50239E+00
 6.40000E+00    1.62567E+00    6.82291E-01    2.56905E+00
 6.60000E+00    1.66234E+00    6.30193E-01    2.69449E+00
 6.80000E+00    1.69217E+00    6.41501E-01    2.74284E+00
 7.00000E+00    1.71428E+00    6.49883E-01    2.77868E+00
 7.20000E+00    1.72839E+00    6.55232E-01    2.80155E+00
 7.40000E+00    1.73471E+00    6.57628E-01    2.81179E+00
 7.60000E+00    1.73381E+00    6.57287E-01    2.81033E+00
 7.80000E+00    1.72691E+00    6.54671E-01    2.79915E+00
 8.00000E+00    1.71501E+00    6.50160E-01    2.77986E+00
 8.50000E+00    1.67041E+00    6.33252E-01    2.70757E+00
 9.00000E+00    1.61670E+00    6.43353E-01    2.59005E+00
 9.50000E+00    1.56403E+00    6.22393E-01    2.50567E+00
 1.00000E+01    1.51751E+00    6.03881E-01    2.43114E+00
 1.05000E+01    1.47814E+00    5.88214E-01    2.36807E+00
 1.10000E+01    1.44468E+00    5.74899E-01    2.31446E+00
 1.15000E+01    1.41477E+00    5.62996E-01    2.26654E+00
 1.20000E+01    1.38598E+00    5.51539E-01    2.22042E+00
 1.25000E+01    1.35683E+00    5.39939E-01    2.17372E+00
 1.30000E+01    1.32635E+00    5.16160E-01    2.13654E+00
 1.35000E+01    1.29445E+00    5.03746E-01    2.08515E+00
 1.40000E+01    1.26170E+00    4.91001E-01    2.03240E+00
 1.45000E+01    1.22853E+00    4.78092E-01    1.97897E+00
 1.50000E+01    1.19559E+00    4.65273E-01    1.92591E+00
 1.60000E+01    1.13202E+00    3.37377E-01    1.92666E+00
 1.70000E+01    1.07248E+00    3.19633E-01    1.82533E+00
 1.80000E+01    1.01701E+00    3.03101E-01    1.73092E+00
 1.90000E+01    9.64988E-01    2.87597E-01    1.64238E+00
 2.00000E+01    9.16369E-01    2.21087E-01    1.61165E+00
 2.10000E+01    8.71317E-01    2.10218E-01    1.53242E+00
 2.20000E+01    8.30221E-01    2.00303E-01    1.46014E+00
 2.30000E+01    7.93088E-01    1.91344E-01    1.39483E+00
 2.40000E+01    7.59751E-01    1.14595E-01    1.40491E+00
 2.50000E+01    7.29635E-01    1.10053E-01    1.34922E+00
 2.60000E+01    7.02169E-01    1.05910E-01    1.29843E+00
 2.70000E+01    6.76709E-01    1.02070E-01    1.25135E+00
 2.80000E+01    6.52971E-01    9.84894E-02    1.20745E+00
 2.90000E+01    6.30633E-01    9.51201E-02    1.16615E+00
 3.00000E+01    6.09733E-01    9.19677E-02    1.12750E+00
