# n + Gd154 : (n,n'19)  
# tendl.2019 A.J. Koning and D. Rochman        EVAL-NOV19
# uncertainties: n
# # energies =    74
#   E(MeV)       xs(mb) 
 1.42745E+00    0.00000E+00
 1.44198E+00    9.17528E+00
 1.50751E+00    5.05554E+01
 1.54134E+00    7.19180E+01
 1.57014E+00    9.01043E+01
 1.58429E+00    9.90396E+01
 1.60000E+00    1.08960E+02
 1.61708E+00    1.09172E+02
 1.62772E+00    1.09303E+02
 1.64778E+00    1.09552E+02
 1.65660E+00    1.09661E+02
 1.66115E+00    1.09717E+02
 1.67179E+00    1.09849E+02
 1.80000E+00    1.11437E+02
 2.00000E+00    1.04195E+02
 2.20000E+00    9.50348E+01
 2.40000E+00    8.34415E+01
 2.60000E+00    6.97902E+01
 2.80000E+00    5.54976E+01
 3.00000E+00    4.22516E+01
 3.20000E+00    3.17680E+01
 3.40000E+00    2.32117E+01
 3.60000E+00    1.70632E+01
 3.80000E+00    1.28084E+01
 4.00000E+00    9.92357E+00
 4.20000E+00    7.97275E+00
 4.40000E+00    6.66710E+00
 4.60000E+00    5.74283E+00
 4.80000E+00    5.07081E+00
 5.00000E+00    4.57957E+00
 5.20000E+00    4.21115E+00
 5.40000E+00    3.92996E+00
 5.60000E+00    3.71277E+00
 5.80000E+00    3.54416E+00
 6.00000E+00    3.41240E+00
 6.20000E+00    3.31104E+00
 6.40000E+00    3.23350E+00
 6.60000E+00    3.17510E+00
 6.80000E+00    3.13168E+00
 7.00000E+00    3.09960E+00
 7.20000E+00    3.07560E+00
 7.40000E+00    3.05665E+00
 7.60000E+00    3.04013E+00
 7.80000E+00    3.02381E+00
 8.00000E+00    3.00589E+00
 8.50000E+00    2.94677E+00
 9.00000E+00    2.86281E+00
 9.50000E+00    2.75881E+00
 1.00000E+01    2.64456E+00
 1.05000E+01    2.52960E+00
 1.10000E+01    2.42066E+00
 1.15000E+01    2.32137E+00
 1.20000E+01    2.23261E+00
 1.25000E+01    2.15331E+00
 1.30000E+01    2.08124E+00
 1.35000E+01    2.01377E+00
 1.40000E+01    1.94866E+00
 1.45000E+01    1.88439E+00
 1.50000E+01    1.82037E+00
 1.60000E+01    1.69409E+00
 1.70000E+01    1.57515E+00
 1.80000E+01    1.46999E+00
 1.90000E+01    1.38246E+00
 2.00000E+01    1.31209E+00
 2.10000E+01    1.25527E+00
 2.20000E+01    1.20765E+00
 2.30000E+01    1.16543E+00
 2.40000E+01    1.12530E+00
 2.50000E+01    1.08448E+00
 2.60000E+01    1.04182E+00
 2.70000E+01    9.98387E-01
 2.80000E+01    9.56639E-01
 2.90000E+01    9.18896E-01
 3.00000E+01    8.86435E-01
