# n + Cd112 : (n,h)     
# tendl.2019 A.J. Koning and D. Rochman        EVAL-NOV19
# uncertainties: y
# # energies =    20
#   E(MeV)       xs(mb)       xslow(mb)      xsupp(mb)
 9.18589E+00    0.00000E+00    0.00000E+00    0.00000E+00
 1.35000E+01    1.88330E-16    1.88330E-16    1.88330E-16
 1.40000E+01    2.88590E-15    2.88590E-15    2.88590E-15
 1.45000E+01    2.52650E-14    2.52650E-14    2.52650E-14
 1.50000E+01    1.56680E-13    1.56680E-13    1.56680E-13
 1.60000E+01    4.22700E-11    0.00000E+00    2.21564E-10
 1.70000E+01    4.92200E-09    0.00000E+00    2.57993E-08
 1.80000E+01    2.11010E-07    0.00000E+00    1.10604E-06
 1.90000E+01    4.34087E-06    0.00000E+00    2.27532E-05
 2.00000E+01    5.23589E-05    0.00000E+00    2.22074E-04
 2.10000E+01    4.17591E-04    0.00000E+00    1.77117E-03
 2.20000E+01    2.37202E-03    0.00000E+00    1.00607E-02
 2.30000E+01    1.00237E-02    0.00000E+00    4.25144E-02
 2.40000E+01    3.23290E-02    0.00000E+00    1.05786E-01
 2.50000E+01    8.38715E-02    0.00000E+00    2.74441E-01
 2.60000E+01    1.73796E-01    0.00000E+00    5.68688E-01
 2.70000E+01    3.10650E-01    0.00000E+00    1.01650E+00
 2.80000E+01    4.96623E-01    0.00000E+00    1.62503E+00
 2.90000E+01    7.28468E-01    0.00000E+00    2.38366E+00
 3.00000E+01    9.93712E-01    0.00000E+00    3.25158E+00
