# p + Pd105 : (p,2n)    
# tendl.2019 A.J. Koning                       EVAL-OCT19
# uncertainties: y
# # energies =    35
#   E(MeV)       xs(mb)       xslow(mb)      xsupp(mb)
 1.22718E+01    0.00000E+00    0.00000E+00    0.00000E+00
 1.30000E+01    2.22620E+02    1.55071E+02    2.90169E+02
 1.40000E+01    4.94426E+02    3.44404E+02    6.44448E+02
 1.50000E+01    6.68152E+02    4.65417E+02    8.70887E+02
 1.60000E+01    7.46118E+02    5.19727E+02    9.72509E+02
 1.70000E+01    7.87845E+02    5.48793E+02    1.02690E+03
 1.80000E+01    8.02243E+02    4.89924E+02    1.11456E+03
 1.90000E+01    8.05751E+02    4.92066E+02    1.11944E+03
 2.00000E+01    8.05921E+02    4.92170E+02    1.11967E+03
 2.20000E+01    7.21083E+02    4.85430E+02    9.56736E+02
 2.40000E+01    4.73483E+02    3.18747E+02    6.28219E+02
 2.60000E+01    2.93180E+02    2.39717E+02    3.46643E+02
 2.80000E+01    1.96706E+02    1.60836E+02    2.32576E+02
 3.00000E+01    1.53191E+02    1.25256E+02    1.81126E+02
 3.00000E+01    1.54444E+02    1.26280E+02    1.82607E+02
 3.50000E+01    1.10524E+02    9.03691E+01    1.30678E+02
 4.00000E+01    8.97912E+01    7.34173E+01    1.06165E+02
 4.50000E+01    7.44436E+01    6.08684E+01    8.80188E+01
 5.00000E+01    6.28549E+01    5.13930E+01    7.43168E+01
 5.50000E+01    5.40948E+01    4.42303E+01    6.39593E+01
 6.00000E+01    4.70962E+01    3.85079E+01    5.56844E+01
 6.50000E+01    4.18652E+01    3.42309E+01    4.94995E+01
 7.00000E+01    3.68708E+01    3.01472E+01    4.35943E+01
 7.50000E+01    3.25094E+01    2.65812E+01    3.84377E+01
 8.00000E+01    2.90154E+01    2.37243E+01    3.43065E+01
 9.00000E+01    2.31303E+01    1.89123E+01    2.73482E+01
 1.00000E+02    1.89332E+01    1.54806E+01    2.23858E+01
 1.10000E+02    1.57203E+01    1.28536E+01    1.85870E+01
 1.20000E+02    1.33228E+01    1.08933E+01    1.57523E+01
 1.30000E+02    1.13810E+01    9.30563E+00    1.34564E+01
 1.40000E+02    9.97119E+00    8.15289E+00    1.17895E+01
 1.50000E+02    8.67630E+00    7.09413E+00    1.02585E+01
 1.60000E+02    7.85385E+00    6.42166E+00    9.28604E+00
 1.80000E+02    6.34017E+00    5.18401E+00    7.49633E+00
 2.00000E+02    5.41495E+00    4.42751E+00    6.40239E+00
