# n + Mg 26 : (n,g)     
# jendl4.0   M.HATCHYA(DEC),T.ASAMI(NEDAC)     EVAL-MAR87
# uncertainties: n
# # energies =  1774
#   E(MeV)       xs(mb) 
 1.00000E-11    1.92690E+03
 1.03223E-11    1.89658E+03
 1.06549E-11    1.86674E+03
 1.09984E-11    1.83736E+03
 1.13527E-11    1.80846E+03
 1.17186E-11    1.78000E+03
 1.20962E-11    1.75200E+03
 1.24861E-11    1.72443E+03
 1.28884E-11    1.69730E+03
 1.33038E-11    1.67059E+03
 1.37325E-11    1.64431E+03
 1.41751E-11    1.61844E+03
 1.46318E-11    1.59298E+03
 1.51034E-11    1.56791E+03
 1.55901E-11    1.54325E+03
 1.60926E-11    1.51896E+03
 1.66111E-11    1.49506E+03
 1.71465E-11    1.47154E+03
 1.76990E-11    1.44839E+03
 1.82694E-11    1.42560E+03
 1.88581E-11    1.40317E+03
 1.94659E-11    1.38109E+03
 2.00931E-11    1.35936E+03
 2.07407E-11    1.33797E+03
 2.14090E-11    1.31692E+03
 2.20991E-11    1.29620E+03
 2.28111E-11    1.27581E+03
 2.35464E-11    1.25573E+03
 2.43051E-11    1.23598E+03
 2.50884E-11    1.21653E+03
 2.58968E-11    1.19739E+03
 2.67315E-11    1.17855E+03
 2.75928E-11    1.16001E+03
 2.84822E-11    1.14175E+03
 2.93999E-11    1.12379E+03
 3.03475E-11    1.10611E+03
 3.13253E-11    1.08871E+03
 3.23350E-11    1.07158E+03
 3.33769E-11    1.05472E+03
 3.44526E-11    1.03812E+03
 3.55627E-11    1.02179E+03
 3.67089E-11    1.00571E+03
 3.78918E-11    9.89889E+02
 3.91130E-11    9.74313E+02
 4.03734E-11    9.58985E+02
 4.16746E-11    9.43895E+02
 4.30174E-11    9.29045E+02
 4.44039E-11    9.14426E+02
 4.58347E-11    9.00040E+02
 4.73119E-11    8.85878E+02
 4.88364E-11    8.71941E+02
 5.04104E-11    8.58221E+02
 5.20348E-11    8.44719E+02
 5.37119E-11    8.31427E+02
 5.54426E-11    8.18347E+02
 5.72295E-11    8.05470E+02
 5.90736E-11    7.92798E+02
 6.09775E-11    7.80323E+02
 6.29424E-11    7.68047E+02
 6.49710E-11    7.55961E+02
 6.70645E-11    7.44068E+02
 6.92260E-11    7.32360E+02
 7.14566E-11    7.20838E+02
 7.37596E-11    7.09496E+02
 7.61364E-11    6.98334E+02
 7.85902E-11    6.87345E+02
 8.11227E-11    6.76531E+02
 8.37372E-11    6.65886E+02
 8.64355E-11    6.55410E+02
 8.92212E-11    6.45097E+02
 9.20962E-11    6.34948E+02
 9.50644E-11    6.24957E+02
 9.81277E-11    6.15125E+02
 1.01291E-10    6.05445E+02
 1.04554E-10    5.95921E+02
 1.07924E-10    5.86543E+02
 1.11402E-10    5.77316E+02
 1.14992E-10    5.68231E+02
 1.18697E-10    5.59292E+02
 1.22523E-10    5.50491E+02
 1.26471E-10    5.41831E+02
 1.30547E-10    5.33304E+02
 1.34754E-10    5.24915E+02
 1.39097E-10    5.16655E+02
 1.43579E-10    5.08527E+02
 1.48207E-10    5.00525E+02
 1.52982E-10    4.92651E+02
 1.57913E-10    4.84898E+02
 1.63001E-10    4.77270E+02
 1.68254E-10    4.69760E+02
 1.73676E-10    4.62370E+02
 1.79274E-10    4.55094E+02
 1.85050E-10    4.47935E+02
 1.91014E-10    4.40886E+02
 1.97169E-10    4.33950E+02
 2.03524E-10    4.27121E+02
 2.10082E-10    4.20402E+02
 2.16853E-10    4.13787E+02
 2.23840E-10    4.07277E+02
 2.31055E-10    4.00868E+02
 2.38500E-10    3.94562E+02
 2.46187E-10    3.88353E+02
 2.54120E-10    3.82244E+02
 2.62310E-10    3.76229E+02
 2.70762E-10    3.70310E+02
 2.79489E-10    3.64483E+02
 2.88494E-10    3.58749E+02
 2.97793E-10    3.53104E+02
 3.07388E-10    3.47549E+02
 3.17295E-10    3.42080E+02
 3.27519E-10    3.36698E+02
 3.38075E-10    3.31400E+02
 3.48969E-10    3.26186E+02
 3.60216E-10    3.21054E+02
 3.71823E-10    3.16003E+02
 3.83807E-10    3.11030E+02
 3.96174E-10    3.06137E+02
 4.08943E-10    3.01320E+02
 4.22120E-10    2.96579E+02
 4.35725E-10    2.91913E+02
 4.49765E-10    2.87320E+02
 4.64261E-10    2.82799E+02
 4.79221E-10    2.78350E+02
 4.94666E-10    2.73970E+02
 5.10605E-10    2.69660E+02
 5.27062E-10    2.65417E+02
 5.44045E-10    2.61241E+02
 5.61580E-10    2.57130E+02
 5.79675E-10    2.53085E+02
 5.98358E-10    2.49103E+02
 6.17639E-10    2.45184E+02
 6.37545E-10    2.41326E+02
 6.58089E-10    2.37529E+02
 6.79298E-10    2.33792E+02
 7.01188E-10    2.30113E+02
 7.23786E-10    2.26493E+02
 7.47109E-10    2.22929E+02
 7.71188E-10    2.19421E+02
 7.96038E-10    2.15969E+02
 8.21693E-10    2.12571E+02
 8.48171E-10    2.09227E+02
 8.75507E-10    2.05935E+02
 9.03719E-10    2.02695E+02
 9.32845E-10    1.99505E+02
 9.62904E-10    1.96367E+02
 9.93937E-10    1.93277E+02
 1.02597E-09    1.90236E+02
 1.05903E-09    1.87243E+02
 1.09316E-09    1.84297E+02
 1.12839E-09    1.81397E+02
 1.16475E-09    1.78543E+02
 1.20229E-09    1.75734E+02
 1.24103E-09    1.72969E+02
 1.28103E-09    1.70247E+02
 1.32231E-09    1.67569E+02
 1.36492E-09    1.64932E+02
 1.40890E-09    1.62337E+02
 1.45431E-09    1.59783E+02
 1.50117E-09    1.57269E+02
 1.54956E-09    1.54794E+02
 1.59949E-09    1.52359E+02
 1.65104E-09    1.49962E+02
 1.70424E-09    1.47602E+02
 1.75917E-09    1.45280E+02
 1.81585E-09    1.42994E+02
 1.87438E-09    1.40744E+02
 1.93477E-09    1.38530E+02
 1.99713E-09    1.36350E+02
 2.06148E-09    1.34205E+02
 2.12792E-09    1.32093E+02
 2.19649E-09    1.30015E+02
 2.26728E-09    1.27969E+02
 2.34034E-09    1.25956E+02
 2.41577E-09    1.23974E+02
 2.49362E-09    1.22024E+02
 2.57398E-09    1.20104E+02
 2.65692E-09    1.18214E+02
 2.74255E-09    1.16354E+02
 2.83093E-09    1.14523E+02
 2.92217E-09    1.12721E+02
 3.01633E-09    1.10948E+02
 3.11354E-09    1.09202E+02
 3.21387E-09    1.07484E+02
 3.31745E-09    1.05793E+02
 3.42435E-09    1.04129E+02
 3.53471E-09    1.02490E+02
 3.64861E-09    1.00878E+02
 3.76620E-09    9.92904E+01
 3.88757E-09    9.77283E+01
 4.01286E-09    9.61905E+01
 4.14217E-09    9.46772E+01
 4.27566E-09    9.31874E+01
 4.41344E-09    9.17213E+01
 4.55568E-09    9.02781E+01
 4.70248E-09    8.88578E+01
 4.85404E-09    8.74596E+01
 5.01045E-09    8.60836E+01
 5.17193E-09    8.47291E+01
 5.33859E-09    8.33961E+01
 5.51065E-09    8.20839E+01
 5.68822E-09    8.07925E+01
 5.87154E-09    7.95212E+01
 6.06075E-09    7.82701E+01
 6.25608E-09    7.70385E+01
 6.45767E-09    7.58265E+01
 6.66579E-09    7.46334E+01
 6.88059E-09    7.34592E+01
 7.10234E-09    7.23033E+01
 7.33121E-09    7.11658E+01
 7.56748E-09    7.00460E+01
 7.81133E-09    6.89440E+01
 8.06308E-09    6.78592E+01
 8.32291E-09    6.67915E+01
 8.59114E-09    6.57406E+01
 8.86798E-09    6.47063E+01
 9.15378E-09    6.36882E+01
 9.44875E-09    6.26862E+01
 9.75327E-09    6.16998E+01
 1.00676E-08    6.07291E+01
 1.03920E-08    5.97735E+01
 1.07269E-08    5.88331E+01
 1.10726E-08    5.79074E+01
 1.14294E-08    5.69963E+01
 1.17978E-08    5.60995E+01
 1.21779E-08    5.52169E+01
 1.25704E-08    5.43481E+01
 1.29755E-08    5.34930E+01
 1.33937E-08    5.26513E+01
 1.38253E-08    5.18230E+01
 1.42708E-08    5.10075E+01
 1.47307E-08    5.02051E+01
 1.52054E-08    4.94151E+01
 1.56954E-08    4.86376E+01
 1.62012E-08    4.78723E+01
 1.67233E-08    4.71192E+01
 1.72623E-08    4.63778E+01
 1.78185E-08    4.56481E+01
 1.83928E-08    4.49298E+01
 1.89855E-08    4.42230E+01
 1.95974E-08    4.35271E+01
 2.02289E-08    4.28423E+01
 2.08808E-08    4.21682E+01
 2.15537E-08    4.15048E+01
 2.22483E-08    4.08517E+01
 2.29652E-08    4.02090E+01
 2.37054E-08    3.95763E+01
 2.44693E-08    3.89537E+01
 2.52522E-08    3.83451E+01
 2.53000E-08    3.83089E+01
 2.61154E-08    3.77061E+01
 2.69569E-08    3.71129E+01
 2.78257E-08    3.65289E+01
 2.87224E-08    3.59543E+01
 2.96480E-08    3.53885E+01
 3.06034E-08    3.48318E+01
 3.15897E-08    3.42838E+01
 3.26077E-08    3.37444E+01
 3.36586E-08    3.32135E+01
 3.47432E-08    3.26910E+01
 3.58629E-08    3.21767E+01
 3.70185E-08    3.16705E+01
 3.82116E-08    3.11722E+01
 3.94429E-08    3.06818E+01
 4.07141E-08    3.01991E+01
 4.20261E-08    2.97240E+01
 4.33805E-08    2.92564E+01
 4.47784E-08    2.87961E+01
 4.62215E-08    2.83430E+01
 4.77110E-08    2.78972E+01
 4.92486E-08    2.74582E+01
 5.08356E-08    2.70263E+01
 5.24740E-08    2.66011E+01
 5.41649E-08    2.61826E+01
 5.59105E-08    2.57706E+01
 5.77122E-08    2.53652E+01
 5.95722E-08    2.49662E+01
 6.14918E-08    2.45734E+01
 6.34736E-08    2.41868E+01
 6.55190E-08    2.38063E+01
 6.76305E-08    2.34317E+01
 6.98099E-08    2.30631E+01
 7.20597E-08    2.27002E+01
 7.43818E-08    2.23430E+01
 7.67790E-08    2.19914E+01
 7.92531E-08    2.16454E+01
 8.18073E-08    2.13048E+01
 8.44435E-08    2.09696E+01
 8.71649E-08    2.06396E+01
 8.99737E-08    2.03148E+01
 9.28735E-08    1.99952E+01
 9.58662E-08    1.96806E+01
 9.89558E-08    1.93709E+01
 1.02145E-07    1.90661E+01
 1.05437E-07    1.87661E+01
 1.08834E-07    1.84709E+01
 1.12342E-07    1.81803E+01
 1.15962E-07    1.78943E+01
 1.19699E-07    1.76128E+01
 1.23556E-07    1.73357E+01
 1.27538E-07    1.70630E+01
 1.31648E-07    1.67946E+01
 1.35891E-07    1.65303E+01
 1.40270E-07    1.62702E+01
 1.44790E-07    1.60142E+01
 1.49456E-07    1.57622E+01
 1.54273E-07    1.55142E+01
 1.59244E-07    1.52701E+01
 1.64376E-07    1.50298E+01
 1.69673E-07    1.47933E+01
 1.75142E-07    1.45605E+01
 1.80785E-07    1.43314E+01
 1.86612E-07    1.41058E+01
 1.92625E-07    1.38839E+01
 1.98833E-07    1.36654E+01
 2.05240E-07    1.34504E+01
 2.11855E-07    1.32388E+01
 2.18682E-07    1.30305E+01
 2.25730E-07    1.28255E+01
 2.33003E-07    1.26238E+01
 2.40513E-07    1.24252E+01
 2.48263E-07    1.22297E+01
 2.56264E-07    1.20374E+01
 2.64522E-07    1.18480E+01
 2.73047E-07    1.16616E+01
 2.81846E-07    1.14781E+01
 2.90929E-07    1.12974E+01
 3.00304E-07    1.11197E+01
 3.09982E-07    1.09447E+01
 3.19971E-07    1.07724E+01
 3.30284E-07    1.06029E+01
 3.40927E-07    1.04361E+01
 3.51914E-07    1.02718E+01
 3.63254E-07    1.01102E+01
 3.74961E-07    9.95110E+00
 3.87044E-07    9.79452E+00
 3.99518E-07    9.64038E+00
 4.12392E-07    9.48869E+00
 4.25683E-07    9.33938E+00
 4.39400E-07    9.19244E+00
 4.53561E-07    9.04781E+00
 4.68177E-07    8.90550E+00
 4.83265E-07    8.76543E+00
 4.98838E-07    8.62758E+00
 5.14915E-07    8.49187E+00
 5.31507E-07    8.35828E+00
 5.48637E-07    8.22676E+00
 5.66316E-07    8.09730E+00
 5.84568E-07    7.96986E+00
 6.03405E-07    7.84445E+00
 6.22852E-07    7.72099E+00
 6.42922E-07    7.59949E+00
 6.63643E-07    7.47989E+00
 6.85028E-07    7.36219E+00
 7.07105E-07    7.24632E+00
 7.29891E-07    7.13230E+00
 7.53414E-07    7.02005E+00
 7.77692E-07    6.90958E+00
 8.02756E-07    6.80084E+00
 8.28624E-07    6.69383E+00
 8.55329E-07    6.58849E+00
 8.82891E-07    6.48482E+00
 9.11346E-07    6.38277E+00
 9.40713E-07    6.28237E+00
 9.71031E-07    6.18357E+00
 1.00232E-06    6.08634E+00
 1.03517E-06    5.98903E+00
 1.07210E-06    5.88500E+00
 1.11811E-06    5.76266E+00
 1.17428E-06    5.62339E+00
 1.24196E-06    5.46826E+00
 1.31355E-06    5.31712E+00
 1.39906E-06    5.15196E+00
 1.50057E-06    4.97468E+00
 1.62073E-06    4.78772E+00
 1.76285E-06    4.59053E+00
 1.93096E-06    4.38586E+00
 2.12992E-06    4.17576E+00
 2.34938E-06    3.97574E+00
 2.59146E-06    3.78605E+00
 2.89880E-06    3.58014E+00
 3.19748E-06    3.40863E+00
 3.52694E-06    3.24522E+00
 3.89035E-06    3.08961E+00
 4.29120E-06    2.94164E+00
 4.73335E-06    2.80071E+00
 5.18449E-06    2.67646E+00
 5.75902E-06    2.53962E+00
 6.35241E-06    2.41807E+00
 6.95787E-06    2.31031E+00
 7.67478E-06    2.19929E+00
 8.46557E-06    2.09406E+00
 9.33784E-06    1.99359E+00
 1.03000E-05    1.89828E+00
 1.15215E-05    1.79510E+00
 1.26203E-05    1.71508E+00
 1.38231E-05    1.63869E+00
 1.51414E-05    1.56538E+00
 1.67015E-05    1.49031E+00
 1.84224E-05    1.41873E+00
 2.03205E-05    1.35077E+00
 2.28898E-05    1.27284E+00
 2.52482E-05    1.21195E+00
 2.74623E-05    1.16193E+00
 2.98705E-05    1.11393E+00
 3.29483E-05    1.06019E+00
 3.63432E-05    1.00940E+00
 4.00879E-05    9.60951E-01
 4.51586E-05    9.05141E-01
 5.01605E-05    8.58865E-01
 5.45591E-05    8.23366E-01
 5.93435E-05    7.89319E-01
 6.50027E-05    7.53803E-01
 7.17004E-05    7.17609E-01
 7.90882E-05    6.82987E-01
 8.54210E-05    6.57417E-01
 9.22654E-05    6.32195E-01
 1.00356E-04    6.05905E-01
 1.09157E-04    5.80750E-01
 1.17897E-04    5.58585E-01
 1.28236E-04    5.35321E-01
 1.41449E-04    5.09355E-01
 1.56023E-04    4.84594E-01
 1.68525E-04    4.66322E-01
 1.83303E-04    4.46726E-01
 2.00774E-04    4.26539E-01
 2.18380E-04    4.08676E-01
 2.35878E-04    3.92921E-01
 2.54765E-04    3.77756E-01
 2.79060E-04    3.60440E-01
 3.07814E-04    3.42819E-01
 3.34807E-04    3.28462E-01
 3.66717E-04    3.13374E-01
 4.01689E-04    2.98984E-01
 4.36914E-04    2.86248E-01
 4.71899E-04    2.75016E-01
 5.09710E-04    2.64182E-01
 5.58290E-04    2.51819E-01
 6.11071E-04    2.40211E-01
 6.64657E-04    2.29841E-01
 7.33141E-04    2.18215E-01
 7.97432E-04    2.08646E-01
 8.67360E-04    1.99478E-01
 9.36812E-04    1.91382E-01
 1.01187E-03    1.83571E-01
 1.10061E-03    1.75334E-01
 1.20551E-03    1.66806E-01
 1.31114E-03    1.59203E-01
 1.46259E-03    1.49847E-01
 1.60207E-03    1.42358E-01
 1.74071E-03    1.35794E-01
 1.88009E-03    1.29917E-01
 2.03074E-03    1.24236E-01
 2.18785E-03    1.18916E-01
 2.39649E-03    1.12655E-01
 2.62225E-03    1.06696E-01
 2.92516E-03    9.98455E-02
 3.18168E-03    9.47541E-02
 3.45701E-03    8.99233E-02
 3.73400E-03    8.55914E-02
 4.03299E-03    8.14096E-02
 4.31480E-03    7.78520E-02
 4.62788E-03    7.42701E-02
 5.05254E-03    6.99363E-02
 5.46958E-03    6.61650E-02
 5.85030E-03    6.31005E-02
 6.36332E-03    5.93660E-02
 6.91399E-03    5.58303E-02
 7.44583E-03    5.27846E-02
 7.97768E-03    5.00461E-02
 8.50952E-03    4.75677E-02
 9.04136E-03    4.53121E-02
 9.62995E-03    4.30429E-02
 1.01763E-02    4.11153E-02
 1.07870E-02    3.91414E-02
 1.15378E-02    3.69273E-02
 1.23750E-02    3.47365E-02
 1.32961E-02    3.25712E-02
 1.41600E-02    3.07437E-02
 1.48916E-02    2.93563E-02
 1.58443E-02    2.76819E-02
 1.69006E-02    2.60208E-02
 1.79569E-02    2.45283E-02
 1.91250E-02    2.30503E-02
 2.02101E-02    2.18104E-02
 2.12738E-02    2.07057E-02
 2.23374E-02    1.96978E-02
 2.34011E-02    1.87754E-02
 2.44648E-02    1.79293E-02
 2.56949E-02    1.70359E-02
 2.69674E-02    1.61939E-02
 2.85198E-02    1.52686E-02
 2.99933E-02    1.44842E-02
 3.16887E-02    1.36728E-02
 3.34395E-02    1.29281E-02
 3.51017E-02    1.22995E-02
 3.64205E-02    1.18533E-02
 3.79838E-02    1.13560E-02
 4.01390E-02    1.07547E-02
 4.22515E-02    1.02381E-02
 4.43641E-02    9.78459E-03
 4.64767E-02    9.38634E-03
 4.85893E-02    9.03672E-03
 5.06749E-02    8.73370E-03
 5.28144E-02    8.46216E-03
 5.53117E-02    8.19095E-03
 5.74391E-02    7.99319E-03
 5.95665E-02    7.82515E-03
 6.16938E-02    7.68751E-03
 6.33773E-02    7.60063E-03
 6.50311E-02    7.55531E-03
 6.57192E-02    7.56723E-03
 6.60800E-02    7.58457E-03
 6.66045E-02    7.65124E-03
 6.68667E-02    7.71628E-03
 6.71289E-02    7.82270E-03
 6.72860E-02    7.91985E-03
 6.74824E-02    8.10257E-03
 6.76002E-02    8.26274E-03
 6.76787E-02    8.40377E-03
 6.77573E-02    8.58247E-03
 6.78457E-02    8.84484E-03
 6.79007E-02    9.05521E-03
 6.79517E-02    9.29332E-03
 6.80008E-02    9.57551E-03
 6.80479E-02    9.90730E-03
 6.80819E-02    1.01945E-02
 6.81132E-02    1.05065E-02
 6.81445E-02    1.08722E-02
 6.81763E-02    1.13145E-02
 6.81977E-02    1.16602E-02
 6.82191E-02    1.20560E-02
 6.82405E-02    1.25045E-02
 6.82620E-02    1.30206E-02
 6.82834E-02    1.36221E-02
 6.83049E-02    1.43248E-02
 6.83210E-02    1.49320E-02
 6.83377E-02    1.56537E-02
 6.83547E-02    1.64981E-02
 6.83717E-02    1.74733E-02
 6.83831E-02    1.82146E-02
 6.83944E-02    1.90434E-02
 6.84058E-02    1.99708E-02
 6.84171E-02    2.10115E-02
 6.84261E-02    2.19324E-02
 6.84351E-02    2.29497E-02
 6.84442E-02    2.40762E-02
 6.84532E-02    2.53284E-02
 6.84622E-02    2.67277E-02
 6.84712E-02    2.82988E-02
 6.84802E-02    3.00703E-02
 6.84870E-02    3.15509E-02
 6.84951E-02    3.35402E-02
 6.85011E-02    3.51379E-02
 6.85070E-02    3.68874E-02
 6.85129E-02    3.88090E-02
 6.85188E-02    4.09263E-02
 6.85247E-02    4.32656E-02
 6.85306E-02    4.58580E-02
 6.85365E-02    4.87407E-02
 6.85410E-02    5.11675E-02
 6.85456E-02    5.38151E-02
 6.85501E-02    5.67124E-02
 6.85546E-02    5.98926E-02
 6.85591E-02    6.33940E-02
 6.85636E-02    6.72611E-02
 6.85681E-02    7.15462E-02
 6.85726E-02    7.63114E-02
 6.85760E-02    8.01858E-02
 6.85793E-02    8.43990E-02
 6.85827E-02    8.89925E-02
 6.85860E-02    9.40139E-02
 6.85893E-02    9.95195E-02
 6.85927E-02    1.05574E-01
 6.85960E-02    1.12254E-01
 6.85994E-02    1.19650E-01
 6.86019E-02    1.25855E-01
 6.86045E-02    1.32599E-01
 6.86070E-02    1.39947E-01
 6.86096E-02    1.47975E-01
 6.86121E-02    1.56773E-01
 6.86147E-02    1.66444E-01
 6.86172E-02    1.77113E-01
 6.86198E-02    1.88925E-01
 6.86217E-02    1.98899E-01
 6.86237E-02    2.09746E-01
 6.86257E-02    2.21577E-01
 6.86276E-02    2.34520E-01
 6.86296E-02    2.48725E-01
 6.86316E-02    2.64374E-01
 6.86335E-02    2.81683E-01
 6.86355E-02    3.00919E-01
 6.86371E-02    3.17920E-01
 6.86386E-02    3.36581E-01
 6.86402E-02    3.57173E-01
 6.86418E-02    3.80040E-01
 6.86433E-02    4.05645E-01
 6.86445E-02    4.27012E-01
 6.86457E-02    4.50614E-01
 6.86469E-02    4.76909E-01
 6.86481E-02    5.06491E-01
 6.86490E-02    5.33496E-01
 6.86500E-02    5.63735E-01
 6.86509E-02    5.97904E-01
 6.86519E-02    6.36870E-01
 6.86525E-02    6.66047E-01
 6.86532E-02    6.98226E-01
 6.86538E-02    7.33875E-01
 6.86544E-02    7.73511E-01
 6.86551E-02    8.17753E-01
 6.86557E-02    8.67300E-01
 6.86563E-02    9.22986E-01
 6.86570E-02    9.85731E-01
 6.86575E-02    1.03808E+00
 6.86579E-02    1.09551E+00
 6.86585E-02    1.17056E+00
 6.86590E-02    1.24303E+00
 6.86595E-02    1.32297E+00
 6.86600E-02    1.41121E+00
 6.86605E-02    1.50866E+00
 6.86610E-02    1.61632E+00
 6.86615E-02    1.73526E+00
 6.86620E-02    1.86667E+00
 6.86624E-02    2.01184E+00
 6.86629E-02    2.17218E+00
 6.86634E-02    2.34919E+00
 6.86639E-02    2.54448E+00
 6.86644E-02    2.75984E+00
 6.86649E-02    2.99714E+00
 6.86653E-02    3.19072E+00
 6.86656E-02    3.39864E+00
 6.86660E-02    3.62191E+00
 6.86663E-02    3.82857E+00
 6.86667E-02    4.10077E+00
 6.86671E-02    4.39383E+00
 6.86675E-02    4.70910E+00
 6.86679E-02    5.04803E+00
 6.86683E-02    5.41210E+00
 6.86687E-02    5.80279E+00
 6.86691E-02    6.22167E+00
 6.86695E-02    6.67043E+00
 6.86698E-02    7.15075E+00
 6.86703E-02    7.66428E+00
 6.86706E-02    8.21275E+00
 6.86710E-02    8.79802E+00
 6.86714E-02    9.42190E+00
 6.86718E-02    1.00862E+01
 6.86722E-02    1.07927E+01
 6.86727E-02    1.18367E+01
 6.86733E-02    1.29158E+01
 6.86738E-02    1.40792E+01
 6.86743E-02    1.53319E+01
 6.86748E-02    1.66771E+01
 6.86753E-02    1.81192E+01
 6.86758E-02    1.96616E+01
 6.86764E-02    2.13081E+01
 6.86769E-02    2.30614E+01
 6.86774E-02    2.49246E+01
 6.86779E-02    2.68995E+01
 6.86784E-02    2.90919E+01
 6.86790E-02    3.14109E+01
 6.86798E-02    3.51299E+01
 6.86806E-02    3.91362E+01
 6.86814E-02    4.34265E+01
 6.86822E-02    4.79906E+01
 6.86831E-02    5.32674E+01
 6.86840E-02    5.88283E+01
 6.86853E-02    6.76288E+01
 6.86871E-02    8.03302E+01
 6.86902E-02    1.02226E+02
 6.86917E-02    1.11836E+02
 6.86929E-02    1.19363E+02
 6.86939E-02    1.25272E+02
 6.86949E-02    1.29912E+02
 6.86957E-02    1.33274E+02
 6.86967E-02    1.37033E+02
 6.86978E-02    1.39838E+02
 6.86988E-02    1.41329E+02
 6.86998E-02    1.41962E+02
 6.86999E-02    1.41964E+02
 6.87009E-02    1.41459E+02
 6.87020E-02    1.39830E+02
 6.87029E-02    1.37672E+02
 6.87036E-02    1.35318E+02
 6.87045E-02    1.31971E+02
 6.87056E-02    1.26869E+02
 6.87066E-02    1.21162E+02
 6.87078E-02    1.13821E+02
 6.87092E-02    1.04831E+02
 6.87113E-02    8.97900E+01
 6.87137E-02    7.33759E+01
 6.87148E-02    6.52843E+01
 6.87160E-02    5.75556E+01
 6.87169E-02    5.20571E+01
 6.87179E-02    4.62899E+01
 6.87186E-02    4.22199E+01
 6.87193E-02    3.83797E+01
 6.87201E-02    3.47743E+01
 6.87206E-02    3.22817E+01
 6.87212E-02    2.97084E+01
 6.87218E-02    2.72866E+01
 6.87224E-02    2.50144E+01
 6.87230E-02    2.28888E+01
 6.87236E-02    2.09062E+01
 6.87242E-02    1.90624E+01
 6.87247E-02    1.73526E+01
 6.87252E-02    1.60261E+01
 6.87258E-02    1.45477E+01
 6.87264E-02    1.31870E+01
 6.87270E-02    1.19384E+01
 6.87274E-02    1.11650E+01
 6.87278E-02    1.04367E+01
 6.87282E-02    9.75172E+00
 6.87286E-02    9.10781E+00
 6.87290E-02    8.50356E+00
 6.87294E-02    7.93690E+00
 6.87298E-02    7.40624E+00
 6.87301E-02    6.90950E+00
 6.87305E-02    6.44524E+00
 6.87309E-02    6.01158E+00
 6.87313E-02    5.60704E+00
 6.87318E-02    5.13952E+00
 6.87323E-02    4.71193E+00
 6.87328E-02    4.32125E+00
 6.87333E-02    3.96484E+00
 6.87338E-02    3.63994E+00
 6.87341E-02    3.41550E+00
 6.87345E-02    3.20649E+00
 6.87350E-02    2.95011E+00
 6.87355E-02    2.71725E+00
 6.87360E-02    2.50593E+00
 6.87365E-02    2.31432E+00
 6.87370E-02    2.14069E+00
 6.87375E-02    1.98340E+00
 6.87379E-02    1.84098E+00
 6.87384E-02    1.71207E+00
 6.87389E-02    1.59540E+00
 6.87393E-02    1.51007E+00
 6.87398E-02    1.42186E+00
 6.87402E-02    1.34117E+00
 6.87407E-02    1.26737E+00
 6.87411E-02    1.19982E+00
 6.87415E-02    1.13797E+00
 6.87421E-02    1.06344E+00
 6.87427E-02    9.96996E-01
 6.87433E-02    9.37646E-01
 6.87439E-02    8.84534E-01
 6.87445E-02    8.36869E-01
 6.87451E-02    7.93998E-01
 6.87457E-02    7.55318E-01
 6.87462E-02    7.20320E-01
 6.87468E-02    6.88538E-01
 6.87477E-02    6.46060E-01
 6.87486E-02    6.08837E-01
 6.87494E-02    5.79406E-01
 6.87502E-02    5.52878E-01
 6.87510E-02    5.28814E-01
 6.87521E-02    4.96579E-01
 6.87533E-02    4.68145E-01
 6.87545E-02    4.42787E-01
 6.87557E-02    4.19959E-01
 6.87565E-02    4.05935E-01
 6.87580E-02    3.80317E-01
 6.87596E-02    3.57436E-01
 6.87612E-02    3.36835E-01
 6.87626E-02    3.19279E-01
 6.87641E-02    3.03199E-01
 6.87661E-02    2.83743E-01
 6.87680E-02    2.66246E-01
 6.87700E-02    2.50434E-01
 6.87720E-02    2.36087E-01
 6.87739E-02    2.23019E-01
 6.87759E-02    2.11078E-01
 6.87782E-02    1.98569E-01
 6.87807E-02    1.85805E-01
 6.87833E-02    1.74311E-01
 6.87858E-02    1.63918E-01
 6.87884E-02    1.54486E-01
 6.87909E-02    1.45899E-01
 6.87935E-02    1.38056E-01
 6.87960E-02    1.30873E-01
 6.87989E-02    1.23548E-01
 6.88020E-02    1.16207E-01
 6.88052E-02    1.09549E-01
 6.88083E-02    1.03491E-01
 6.88114E-02    9.79627E-02
 6.88146E-02    9.29023E-02
 6.88177E-02    8.82586E-02
 6.88209E-02    8.39865E-02
 6.88244E-02    7.95766E-02
 6.88283E-02    7.51129E-02
 6.88323E-02    7.10544E-02
 6.88362E-02    6.73531E-02
 6.88401E-02    6.39678E-02
 6.88440E-02    6.08632E-02
 6.88499E-02    5.66673E-02
 6.88539E-02    5.41401E-02
 6.88594E-02    5.09178E-02
 6.88649E-02    4.80187E-02
 6.88704E-02    4.54007E-02
 6.88758E-02    4.30286E-02
 6.88813E-02    4.08724E-02
 6.88869E-02    3.89064E-02
 6.88923E-02    3.71084E-02
 6.89000E-02    3.48492E-02
 6.89065E-02    3.31327E-02
 6.89151E-02    3.10836E-02
 6.89238E-02    2.92700E-02
 6.89324E-02    2.76570E-02
 6.89410E-02    2.62162E-02
 6.89497E-02    2.49239E-02
 6.89583E-02    2.37602E-02
 6.89670E-02    2.27082E-02
 6.89773E-02    2.15738E-02
 6.89877E-02    2.05605E-02
 6.89981E-02    1.96517E-02
 6.90084E-02    1.88336E-02
 6.90240E-02    1.77515E-02
 6.90395E-02    1.68149E-02
 6.90553E-02    1.59910E-02
 6.90714E-02    1.52570E-02
 6.90874E-02    1.46101E-02
 6.91035E-02    1.40376E-02
 6.91250E-02    1.33756E-02
 6.91480E-02    1.27725E-02
 6.91725E-02    1.22189E-02
 6.91971E-02    1.17445E-02
 6.92217E-02    1.13358E-02
 6.92473E-02    1.09679E-02
 6.92739E-02    1.06355E-02
 6.93139E-02    1.02154E-02
 6.93538E-02    9.87004E-03
 6.93937E-02    9.58384E-03
 6.94470E-02    9.27067E-03
 6.95003E-02    9.01615E-03
 6.95535E-02    8.80759E-03
 6.96334E-02    8.55970E-03
 6.97133E-02    8.36596E-03
 6.97666E-02    8.26106E-03
 6.98731E-02    8.09146E-03
 6.99797E-02    7.96121E-03
 7.00862E-02    7.85956E-03
 7.02993E-02    7.71196E-03
 7.05123E-02    7.61119E-03
 7.08319E-02    7.51173E-03
 7.13646E-02    7.41056E-03
 7.17907E-02    7.36127E-03
 7.26429E-02    7.29973E-03
 7.43474E-02    7.23647E-03
 7.65884E-02    7.20178E-03
 7.94608E-02    7.18580E-03
 8.34544E-02    7.21624E-03
 8.70051E-02    7.27888E-03
 9.05558E-02    7.37390E-03
 9.41065E-02    7.49958E-03
 9.83412E-02    7.68936E-03
 1.01917E-01    7.88088E-03
 1.05492E-01    8.10192E-03
 1.09068E-01    8.35287E-03
 1.11860E-01    8.57048E-03
 1.16132E-01    8.93591E-03
 1.21117E-01    9.42753E-03
 1.27135E-01    1.01159E-02
 1.31300E-01    1.06552E-02
 1.35735E-01    1.12980E-02
 1.40170E-01    1.20174E-02
 1.44605E-01    1.28235E-02
 1.48967E-01    1.37136E-02
 1.52810E-01    1.45892E-02
 1.56579E-01    1.55452E-02
 1.60349E-01    1.66132E-02
 1.63177E-01    1.75041E-02
 1.66115E-01    1.85108E-02
 1.69108E-01    1.96579E-02
 1.71104E-01    2.04900E-02
 1.73876E-01    2.17467E-02
 1.75650E-01    2.26333E-02
 1.77424E-01    2.35894E-02
 1.79198E-01    2.46246E-02
 1.80750E-01    2.56044E-02
 1.82303E-01    2.66629E-02
 1.83855E-01    2.78115E-02
 1.85407E-01    2.90641E-02
 1.87181E-01    3.06445E-02
 1.88955E-01    3.24145E-02
 1.90729E-01    3.44151E-02
 1.92060E-01    3.61091E-02
 1.93168E-01    3.76732E-02
 1.93834E-01    3.86473E-02
 1.95164E-01    4.08349E-02
 1.96051E-01    4.24530E-02
 1.96938E-01    4.42212E-02
 1.97825E-01    4.61624E-02
 1.98712E-01    4.83044E-02
 1.99599E-01    5.06815E-02
 2.00486E-01    5.33355E-02
 2.01373E-01    5.63188E-02
 2.02260E-01    5.96956E-02
 2.02925E-01    6.25508E-02
 2.03590E-01    6.56890E-02
 2.04256E-01    6.92267E-02
 2.04921E-01    7.31528E-02
 2.05364E-01    7.60607E-02
 2.05808E-01    7.92227E-02
 2.06252E-01    8.26718E-02
 2.06695E-01    8.64464E-02
 2.07138E-01    9.05918E-02
 2.07582E-01    9.51616E-02
 2.08026E-01    1.00219E-01
 2.08469E-01    1.05841E-01
 2.08913E-01    1.12118E-01
 2.09356E-01    1.19161E-01
 2.09799E-01    1.27101E-01
 2.10132E-01    1.33773E-01
 2.10465E-01    1.41081E-01
 2.10797E-01    1.49237E-01
 2.11130E-01    1.58227E-01
 2.11463E-01    1.68350E-01
 2.11684E-01    1.75740E-01
 2.11906E-01    1.83733E-01
 2.12128E-01    1.92398E-01
 2.12350E-01    2.01815E-01
 2.12571E-01    2.12075E-01
 2.12793E-01    2.23282E-01
 2.12904E-01    2.29178E-01
 2.13126E-01    2.42028E-01
 2.13347E-01    2.56168E-01
 2.13569E-01    2.71780E-01
 2.13791E-01    2.89076E-01
 2.14013E-01    3.08310E-01
 2.14290E-01    3.35531E-01
 2.14456E-01    3.53811E-01
 2.14623E-01    3.73883E-01
 2.14789E-01    3.95800E-01
 2.14955E-01    4.20011E-01
 2.15121E-01    4.46604E-01
 2.15288E-01    4.76181E-01
 2.15454E-01    5.08886E-01
 2.15620E-01    5.45547E-01
 2.15731E-01    5.72328E-01
 2.15842E-01    6.01269E-01
 2.15953E-01    6.32608E-01
 2.16064E-01    6.66619E-01
 2.16175E-01    7.03614E-01
 2.16286E-01    7.43954E-01
 2.16397E-01    7.88053E-01
 2.16494E-01    8.29855E-01
 2.16618E-01    8.89166E-01
 2.16743E-01    9.55575E-01
 2.16826E-01    1.00417E+00
 2.16909E-01    1.05671E+00
 2.16993E-01    1.11364E+00
 2.17076E-01    1.17546E+00
 2.17156E-01    1.24032E+00
 2.17234E-01    1.30842E+00
 2.17311E-01    1.38246E+00
 2.17389E-01    1.46314E+00
 2.17472E-01    1.55818E+00
 2.17516E-01    1.61223E+00
 2.17605E-01    1.72986E+00
 2.17672E-01    1.82687E+00
 2.17738E-01    1.93276E+00
 2.17805E-01    2.04832E+00
 2.17871E-01    2.17472E+00
 2.17938E-01    2.31339E+00
 2.18004E-01    2.46593E+00
 2.18071E-01    2.63428E+00
 2.18137E-01    2.82065E+00
 2.18204E-01    3.02775E+00
 2.18270E-01    3.25868E+00
 2.18337E-01    3.51731E+00
 2.18381E-01    3.70731E+00
 2.18426E-01    3.91320E+00
 2.18470E-01    4.13678E+00
 2.18514E-01    4.38014E+00
 2.18559E-01    4.64566E+00
 2.18603E-01    4.93608E+00
 2.18647E-01    5.25459E+00
 2.18692E-01    5.60490E+00
 2.18736E-01    5.99134E+00
 2.18780E-01    6.41900E+00
 2.18825E-01    6.89353E+00
 2.18868E-01    7.40627E+00
 2.18900E-01    7.81927E+00
 2.18931E-01    8.26783E+00
 2.18963E-01    8.75587E+00
 2.18994E-01    9.28810E+00
 2.19015E-01    9.67048E+00
 2.19053E-01    1.04148E+01
 2.19081E-01    1.10277E+01
 2.19110E-01    1.16946E+01
 2.19138E-01    1.24243E+01
 2.19166E-01    1.32238E+01
 2.19196E-01    1.41559E+01
 2.19226E-01    1.51877E+01
 2.19256E-01    1.63333E+01
 2.19286E-01    1.76095E+01
 2.19316E-01    1.90363E+01
 2.19344E-01    2.05118E+01
 2.19370E-01    2.20892E+01
 2.19397E-01    2.38474E+01
 2.19415E-01    2.51333E+01
 2.19432E-01    2.65206E+01
 2.19450E-01    2.80198E+01
 2.19468E-01    2.96422E+01
 2.19491E-01    3.19807E+01
 2.19514E-01    3.45871E+01
 2.19530E-01    3.64922E+01
 2.19545E-01    3.85465E+01
 2.19561E-01    4.07639E+01
 2.19576E-01    4.31602E+01
 2.19592E-01    4.57523E+01
 2.19612E-01    4.94041E+01
 2.19632E-01    5.34551E+01
 2.19652E-01    5.79546E+01
 2.19672E-01    6.29556E+01
 2.19685E-01    6.65967E+01
 2.19698E-01    7.05033E+01
 2.19712E-01    7.46939E+01
 2.19725E-01    7.91849E+01
 2.19738E-01    8.39930E+01
 2.19758E-01    9.18298E+01
 2.19778E-01    1.00445E+02
 2.19798E-01    1.09846E+02
 2.19819E-01    1.20292E+02
 2.19840E-01    1.31585E+02
 2.19895E-01    1.63055E+02
 2.19916E-01    1.74127E+02
 2.19932E-01    1.81686E+02
 2.19947E-01    1.88152E+02
 2.19963E-01    1.93216E+02
 2.19974E-01    1.95683E+02
 2.19984E-01    1.97354E+02
 2.19995E-01    1.98190E+02
 2.20000E-01    1.98287E+02
 2.20011E-01    1.97836E+02
 2.20021E-01    1.96537E+02
 2.20032E-01    1.94423E+02
 2.20047E-01    1.89834E+02
 2.20063E-01    1.83761E+02
 2.20079E-01    1.76498E+02
 2.20098E-01    1.66577E+02
 2.20140E-01    1.43077E+02
 2.20167E-01    1.27491E+02
 2.20188E-01    1.16438E+02
 2.20208E-01    1.06409E+02
 2.20228E-01    9.72921E+01
 2.20248E-01    8.89625E+01
 2.20268E-01    8.14003E+01
 2.20282E-01    7.67663E+01
 2.20295E-01    7.24407E+01
 2.20308E-01    6.84079E+01
 2.20322E-01    6.46502E+01
 2.20341E-01    5.94883E+01
 2.20361E-01    5.48447E+01
 2.20381E-01    5.06637E+01
 2.20401E-01    4.68934E+01
 2.20416E-01    4.43902E+01
 2.20431E-01    4.18842E+01
 2.20447E-01    3.95685E+01
 2.20463E-01    3.74259E+01
 2.20478E-01    3.54408E+01
 2.20502E-01    3.27289E+01
 2.20525E-01    3.02996E+01
 2.20542E-01    2.87304E+01
 2.20560E-01    2.71916E+01
 2.20577E-01    2.57676E+01
 2.20604E-01    2.38242E+01
 2.20630E-01    2.20845E+01
 2.20656E-01    2.05223E+01
 2.20684E-01    1.90656E+01
 2.20713E-01    1.76659E+01
 2.20742E-01    1.64116E+01
 2.20772E-01    1.52862E+01
 2.20801E-01    1.42697E+01
 2.20830E-01    1.33472E+01
 2.20860E-01    1.25095E+01
 2.20889E-01    1.17470E+01
 2.20918E-01    1.10512E+01
 2.20948E-01    1.04146E+01
 2.20977E-01    9.83085E+00
 2.21006E-01    9.29432E+00
 2.21046E-01    8.64406E+00
 2.21085E-01    8.05921E+00
 2.21124E-01    7.53139E+00
 2.21163E-01    7.05350E+00
 2.21202E-01    6.61949E+00
 2.21241E-01    6.22423E+00
 2.21280E-01    5.86327E+00
 2.21319E-01    5.53278E+00
 2.21359E-01    5.22947E+00
 2.21398E-01    4.95045E+00
 2.21437E-01    4.69323E+00
 2.21476E-01    4.45559E+00
 2.21535E-01    4.13173E+00
 2.21593E-01    3.84210E+00
 2.21652E-01    3.58318E+00
 2.21711E-01    3.34920E+00
 2.21769E-01    3.13717E+00
 2.21840E-01    2.90855E+00
 2.21910E-01    2.70436E+00
 2.21981E-01    2.52122E+00
 2.22051E-01    2.35630E+00
 2.22121E-01    2.20727E+00
 2.22192E-01    2.07216E+00
 2.22262E-01    1.94933E+00
 2.22333E-01    1.83734E+00
 2.22403E-01    1.73498E+00
 2.22473E-01    1.64116E+00
 2.22520E-01    1.58285E+00
 2.22614E-01    1.47554E+00
 2.22708E-01    1.37900E+00
 2.22802E-01    1.29202E+00
 2.22896E-01    1.21323E+00
 2.22990E-01    1.14176E+00
 2.23084E-01    1.07662E+00
 2.23178E-01    1.01720E+00
 2.23271E-01    9.62864E-01
 2.23397E-01    8.97269E-01
 2.23522E-01    8.38393E-01
 2.23647E-01    7.85457E-01
 2.23772E-01    7.37692E-01
 2.23897E-01    6.94448E-01
 2.24023E-01    6.55173E-01
 2.24148E-01    6.19398E-01
 2.24273E-01    5.86720E-01
 2.24392E-01    5.58249E-01
 2.24511E-01    5.31986E-01
 2.24679E-01    4.98179E-01
 2.24848E-01    4.67700E-01
 2.25017E-01    4.40386E-01
 2.25186E-01    4.15592E-01
 2.25354E-01    3.93217E-01
 2.25523E-01    3.72787E-01
 2.25720E-01    3.51285E-01
 2.25973E-01    3.26727E-01
 2.26198E-01    3.07378E-01
 2.26423E-01    2.90051E-01
 2.26648E-01    2.74478E-01
 2.26873E-01    2.60434E-01
 2.27098E-01    2.47730E-01
 2.27323E-01    2.36203E-01
 2.27548E-01    2.25715E-01
 2.27773E-01    2.16150E-01
 2.27998E-01    2.07403E-01
 2.28223E-01    1.99389E-01
 2.28561E-01    1.88625E-01
 2.28898E-01    1.79021E-01
 2.29236E-01    1.70581E-01
 2.29573E-01    1.62998E-01
 2.29798E-01    1.58428E-01
 2.30248E-01    1.50234E-01
 2.30698E-01    1.43128E-01
 2.31148E-01    1.36949E-01
 2.31598E-01    1.31555E-01
 2.32048E-01    1.26834E-01
 2.32498E-01    1.22692E-01
 2.32948E-01    1.19053E-01
 2.33398E-01    1.15851E-01
 2.34073E-01    1.11785E-01
 2.34748E-01    1.08366E-01
 2.35423E-01    1.05601E-01
 2.36098E-01    1.03294E-01
 2.36998E-01    1.00907E-01
 2.37898E-01    9.91434E-02
 2.38798E-01    9.78997E-02
 2.39698E-01    9.70938E-02
 2.40598E-01    9.66614E-02
 2.41499E-01    9.65519E-02
 2.42849E-01    9.69341E-02
 2.44199E-01    9.77960E-02
 2.45999E-01    9.96820E-02
 2.47799E-01    1.02255E-01
 2.49599E-01    1.05431E-01
 2.51399E-01    1.09152E-01
 2.53199E-01    1.13378E-01
 2.54999E-01    1.18083E-01
 2.56799E-01    1.23246E-01
 2.58599E-01    1.28853E-01
 2.60399E-01    1.34888E-01
 2.63099E-01    1.44759E-01
 2.65799E-01    1.55403E-01
 2.67599E-01    1.62963E-01
 2.71199E-01    1.78932E-01
 2.80199E-01    2.20236E-01
 2.82900E-01    2.31531E-01
 2.84700E-01    2.38282E-01
 2.86500E-01    2.44252E-01
 2.88300E-01    2.49292E-01
 2.90100E-01    2.53269E-01
 2.91900E-01    2.56074E-01
 2.94150E-01    2.57784E-01
 2.95050E-01    2.57952E-01
 2.97480E-01    2.56672E-01
 2.99640E-01    2.53670E-01
 3.00720E-01    2.51519E-01
 3.02700E-01    2.46582E-01
 3.04500E-01    2.41095E-01
 3.07200E-01    2.31333E-01
 3.09900E-01    2.20407E-01
 3.15300E-01    1.96414E-01
 3.20701E-01    1.72275E-01
 3.24076E-01    1.58064E-01
 3.27001E-01    1.46424E-01
 3.29701E-01    1.36480E-01
 3.32401E-01    1.27175E-01
 3.35101E-01    1.18657E-01
 3.37801E-01    1.10759E-01
 3.40501E-01    1.03590E-01
 3.43201E-01    9.69781E-02
 3.45901E-01    9.10092E-02
 3.48601E-01    8.55231E-02
 3.51301E-01    8.05898E-02
 3.54001E-01    7.60699E-02
 3.56701E-01    7.20231E-02
 3.59402E-01    6.83316E-02
 3.62102E-01    6.50500E-02
 3.64802E-01    6.20799E-02
 3.67502E-01    5.94752E-02
 3.70202E-01    5.71545E-02
 3.72902E-01    5.51766E-02
 3.75602E-01    5.34743E-02
 3.78302E-01    5.21193E-02
 3.81002E-01    5.10576E-02
 3.82802E-01    5.05554E-02
 3.84602E-01    5.02206E-02
 3.86852E-01    5.00594E-02
 3.89215E-01    5.02675E-02
 3.90002E-01    5.03883E-02
 3.91802E-01    5.09172E-02
 3.93602E-01    5.17431E-02
 3.95402E-01    5.29180E-02
 3.96752E-01    5.40832E-02
 3.98102E-01    5.54945E-02
 3.99453E-01    5.72575E-02
 4.00803E-01    5.93606E-02
 4.01703E-01    6.10208E-02
 4.02603E-01    6.29084E-02
 4.03503E-01    6.50552E-02
 4.04403E-01    6.74992E-02
 4.05303E-01    7.02863E-02
 4.06203E-01    7.34716E-02
 4.07103E-01    7.71229E-02
 4.08003E-01    8.13206E-02
 4.08678E-01    8.49076E-02
 4.09353E-01    8.88780E-02
 4.10028E-01    9.33727E-02
 4.10703E-01    9.83746E-02
 4.11378E-01    1.04082E-01
 4.11828E-01    1.08282E-01
 4.12278E-01    1.12857E-01
 4.12728E-01    1.17852E-01
 4.13178E-01    1.23320E-01
 4.13403E-01    1.26192E-01
 4.13853E-01    1.32475E-01
 4.14303E-01    1.39398E-01
 4.14753E-01    1.47050E-01
 4.15203E-01    1.55535E-01
 4.15653E-01    1.64979E-01
 4.16103E-01    1.75532E-01
 4.16553E-01    1.87365E-01
 4.16891E-01    1.97244E-01
 4.17228E-01    2.08028E-01
 4.17565E-01    2.19971E-01
 4.17903E-01    2.33075E-01
 4.18241E-01    2.47695E-01
 4.18578E-01    2.63844E-01
 4.18893E-01    2.80684E-01
 4.19162E-01    2.96519E-01
 4.19431E-01    3.14016E-01
 4.19700E-01    3.33211E-01
 4.19969E-01    3.54574E-01
 4.20238E-01    3.78174E-01
 4.20508E-01    4.04659E-01
 4.20687E-01    4.24005E-01
 4.20866E-01    4.44920E-01
 4.21046E-01    4.67583E-01
 4.21225E-01    4.92197E-01
 4.21405E-01    5.18997E-01
 4.21584E-01    5.48257E-01
 4.21764E-01    5.80291E-01
 4.21853E-01    5.97258E-01
 4.22033E-01    6.34137E-01
 4.22212E-01    6.74832E-01
 4.22392E-01    7.19895E-01
 4.22571E-01    7.69986E-01
 4.22750E-01    8.25775E-01
 4.22885E-01    8.71980E-01
 4.23020E-01    9.22501E-01
 4.23154E-01    9.77889E-01
 4.23289E-01    1.03866E+00
 4.23423E-01    1.10548E+00
 4.23558E-01    1.17969E+00
 4.23692E-01    1.26187E+00
 4.23827E-01    1.35324E+00
 4.23928E-01    1.42878E+00
 4.24029E-01    1.51110E+00
 4.24130E-01    1.60098E+00
 4.24231E-01    1.69937E+00
 4.24332E-01    1.80732E+00
 4.24424E-01    1.91594E+00
 4.24513E-01    2.02926E+00
 4.24601E-01    2.15251E+00
 4.24702E-01    2.30858E+00
 4.24803E-01    2.48198E+00
 4.24897E-01    2.66132E+00
 4.24977E-01    2.82915E+00
 4.25057E-01    3.01301E+00
 4.25137E-01    3.21485E+00
 4.25217E-01    3.43689E+00
 4.25297E-01    3.68164E+00
 4.25377E-01    3.95197E+00
 4.25456E-01    4.25104E+00
 4.25536E-01    4.58241E+00
 4.25616E-01    4.95003E+00
 4.25696E-01    5.35820E+00
 4.25776E-01    5.81158E+00
 4.25856E-01    6.31504E+00
 4.25935E-01    6.87343E+00
 4.26015E-01    7.49120E+00
 4.26095E-01    8.17180E+00
 4.26175E-01    8.91684E+00
 4.26255E-01    9.72499E+00
 4.26335E-01    1.05905E+01
 4.26477E-01    1.22281E+01
 4.26619E-01    1.38681E+01
 4.26698E-01    1.47091E+01
 4.26752E-01    1.52106E+01
 4.26805E-01    1.56390E+01
 4.26854E-01    1.59561E+01
 4.26902E-01    1.61919E+01
 4.26951E-01    1.63386E+01
 4.27000E-01    1.63926E+01
 4.27043E-01    1.63586E+01
 4.27087E-01    1.62516E+01
 4.27144E-01    1.60002E+01
 4.27202E-01    1.56358E+01
 4.27264E-01    1.51337E+01
 4.27330E-01    1.45000E+01
 4.27430E-01    1.34340E+01
 4.27657E-01    1.09010E+01
 4.27736E-01    1.00655E+01
 4.27816E-01    9.28813E+00
 4.27896E-01    8.57455E+00
 4.27976E-01    7.92641E+00
 4.28056E-01    7.34235E+00
 4.28136E-01    6.81918E+00
 4.28215E-01    6.35267E+00
 4.28295E-01    5.93816E+00
 4.28375E-01    5.57094E+00
 4.28455E-01    5.24650E+00
 4.28535E-01    4.96071E+00
 4.28615E-01    4.70981E+00
 4.28694E-01    4.49047E+00
 4.28774E-01    4.29978E+00
 4.28854E-01    4.13516E+00
 4.28934E-01    3.99441E+00
 4.29014E-01    3.87565E+00
 4.29094E-01    3.77730E+00
 4.29174E-01    3.69807E+00
 4.29263E-01    3.63070E+00
 4.29357E-01    3.58286E+00
 4.29452E-01    3.55847E+00
 4.29509E-01    3.55485E+00
 4.29613E-01    3.57007E+00
 4.29717E-01    3.61281E+00
 4.29815E-01    3.67871E+00
 4.29898E-01    3.75564E+00
 4.29981E-01    3.85270E+00
 4.30064E-01    3.97118E+00
 4.30147E-01    4.11230E+00
 4.30230E-01    4.27887E+00
 4.30313E-01    4.47301E+00
 4.30396E-01    4.69669E+00
 4.30479E-01    4.95325E+00
 4.30562E-01    5.24609E+00
 4.30645E-01    5.57897E+00
 4.30728E-01    5.95599E+00
 4.30811E-01    6.38056E+00
 4.30866E-01    6.69166E+00
 4.30949E-01    7.20713E+00
 4.31032E-01    7.78165E+00
 4.31115E-01    8.41722E+00
 4.31198E-01    9.11366E+00
 4.31281E-01    9.86707E+00
 4.31396E-01    1.09897E+01
 4.31576E-01    1.27970E+01
 4.31659E-01    1.35736E+01
 4.31742E-01    1.42595E+01
 4.31797E-01    1.46375E+01
 4.31846E-01    1.49052E+01
 4.31895E-01    1.51029E+01
 4.31944E-01    1.52242E+01
 4.31993E-01    1.52660E+01
 4.32045E-01    1.52170E+01
 4.32098E-01    1.50751E+01
 4.32150E-01    1.48446E+01
 4.32203E-01    1.45334E+01
 4.32258E-01    1.41301E+01
 4.32341E-01    1.34086E+01
 4.32454E-01    1.22857E+01
 4.32664E-01    1.00999E+01
 4.32747E-01    9.28195E+00
 4.32830E-01    8.51488E+00
 4.32913E-01    7.80547E+00
 4.32996E-01    7.15589E+00
 4.33079E-01    6.56523E+00
 4.33162E-01    6.03066E+00
 4.33245E-01    5.54830E+00
 4.33328E-01    5.11380E+00
 4.33411E-01    4.72261E+00
 4.33494E-01    4.37037E+00
 4.33577E-01    4.05290E+00
 4.33660E-01    3.76642E+00
 4.33743E-01    3.50751E+00
 4.33826E-01    3.27312E+00
 4.33909E-01    3.06054E+00
 4.33992E-01    2.86740E+00
 4.34075E-01    2.69155E+00
 4.34158E-01    2.53112E+00
 4.34241E-01    2.38444E+00
 4.34324E-01    2.25006E+00
 4.34407E-01    2.12669E+00
 4.34490E-01    2.01321E+00
 4.34600E-01    1.87560E+00
 4.34711E-01    1.75180E+00
 4.34822E-01    1.64004E+00
 4.34932E-01    1.53885E+00
 4.35043E-01    1.44695E+00
 4.35154E-01    1.36327E+00
 4.35264E-01    1.28685E+00
 4.35393E-01    1.20579E+00
 4.35467E-01    1.16316E+00
 4.35615E-01    1.08442E+00
 4.35739E-01    1.02414E+00
 4.35864E-01    9.69487E-01
 4.35947E-01    9.35010E-01
 4.36080E-01    8.83785E-01
 4.36214E-01    8.36771E-01
 4.36390E-01    7.80716E-01
 4.36564E-01    7.30900E-01
 4.36755E-01    6.82120E-01
 4.36979E-01    6.30852E-01
 4.37164E-01    5.93183E-01
 4.37348E-01    5.58988E-01
 4.37533E-01    5.27846E-01
 4.37717E-01    4.99399E-01
 4.37901E-01    4.73338E-01
 4.38086E-01    4.49399E-01
 4.38270E-01    4.27354E-01
 4.38455E-01    4.07004E-01
 4.38639E-01    3.88177E-01
 4.38916E-01    3.62537E-01
 4.39192E-01    3.39407E-01
 4.39469E-01    3.18698E-01
 4.39746E-01    2.99872E-01
 4.40022E-01    2.82884E-01
 4.40299E-01    2.67340E-01
 4.40576E-01    2.53215E-01
 4.40806E-01    2.42319E-01
 4.41221E-01    2.24582E-01
 4.41590E-01    2.10535E-01
 4.41959E-01    1.97887E-01
 4.42328E-01    1.86453E-01
 4.42696E-01    1.76077E-01
 4.43019E-01    1.67765E-01
 4.43342E-01    1.60094E-01
 4.43665E-01    1.52994E-01
 4.43987E-01    1.46409E-01
 4.44333E-01    1.39870E-01
 4.44679E-01    1.33812E-01
 4.45198E-01    1.25558E-01
 4.45716E-01    1.18077E-01
 4.46235E-01    1.11384E-01
 4.46754E-01    1.05275E-01
 4.47362E-01    9.88669E-02
 4.47971E-01    9.30592E-02
 4.48580E-01    8.78695E-02
 4.49188E-01    8.31324E-02
 4.49848E-01    7.85244E-02
 4.49899E-01    7.82896E-02
 4.49911E-01    7.85642E-02
 4.49918E-01    7.89725E-02
 4.49924E-01    7.97431E-02
 4.49929E-01    8.06921E-02
 4.49933E-01    8.20991E-02
 4.49938E-01    8.41257E-02
 4.49941E-01    8.59146E-02
 4.49945E-01    8.81274E-02
 4.49948E-01    9.08322E-02
 4.49951E-01    9.41003E-02
 4.49954E-01    9.80032E-02
 4.49957E-01    1.02610E-01
 4.49960E-01    1.07984E-01
 4.49964E-01    1.14183E-01
 4.49967E-01    1.21253E-01
 4.49970E-01    1.29221E-01
 4.49973E-01    1.38100E-01
 4.49976E-01    1.47884E-01
 4.49979E-01    1.58543E-01
 4.49983E-01    1.70021E-01
 4.49987E-01    1.88596E-01
 4.49992E-01    2.08492E-01
 4.50006E-01    2.70700E-01
 4.50012E-01    2.96917E-01
 4.50017E-01    3.15201E-01
 4.50022E-01    3.31913E-01
 4.50026E-01    3.46825E-01
 4.50031E-01    3.59806E-01
 4.50036E-01    3.70838E-01
 4.50040E-01    3.79982E-01
 4.50047E-01    3.89490E-01
 4.50053E-01    3.96356E-01
 4.50059E-01    4.01105E-01
 4.50068E-01    4.05363E-01
 4.50081E-01    4.07849E-01
 4.50112E-01    4.08915E-01
 4.50124E-01    4.08934E-01
 5.03527E-01    3.90684E-01
 5.66484E-01    3.73845E-01
 6.08465E-01    3.64187E-01
 6.92012E-01    3.49049E-01
 7.75948E-01    3.37934E-01
 8.22732E-01    3.33019E-01
 9.00000E-01    3.26525E-01
 1.00000E+00    3.65475E-01
 1.30460E+00    3.79134E-01
 1.50000E+00    3.86515E-01
 1.79174E+00    4.13054E-01
 1.87892E+00    4.20398E-01
 1.89622E+00    3.84458E-01
 1.91247E+00    3.53739E-01
 1.92872E+00    3.25680E-01
 1.94471E+00    3.00456E-01
 1.95981E+00    2.78634E-01
 1.97634E+00    2.56678E-01
 1.99182E+00    2.37871E-01
 2.00000E+00    2.28542E-01
 2.10416E+00    2.14933E-01
 2.22213E+00    2.01242E-01
 2.33496E+00    1.89557E-01
 2.46424E+00    1.77619E-01
 2.50000E+00    1.74560E-01
 3.00000E+00    1.76613E-01
 3.05247E+00    1.78105E-01
 3.21187E+00    1.67345E-01
 3.38118E+00    1.57130E-01
 3.50000E+00    1.50621E-01
 3.72729E+00    1.51043E-01
 4.00000E+00    1.50884E-01
 4.09347E+00    1.52454E-01
 4.48563E+00    1.47341E-01
 4.50000E+00    1.43876E-01
 4.50017E+00    1.43883E-01
 4.51887E+00    1.40643E-01
 4.71208E+00    1.32314E-01
 4.93784E+00    1.23592E-01
 5.00000E+00    1.21360E-01
 5.02166E+00    1.21261E-01
 5.12613E+00    1.17496E-01
 5.16502E+00    1.16198E-01
 5.49640E+00    1.11253E-01
 5.50000E+00    1.10860E-01
 5.68651E+00    1.08432E-01
 5.91089E+00    1.07062E-01
 6.00000E+00    1.05816E-01
 6.50000E+00    1.07126E-01
 7.00000E+00    1.13905E-01
 7.50000E+00    1.24136E-01
 8.00000E+00    1.37023E-01
 8.31057E+00    1.45921E-01
 9.00000E+00    1.41013E-01
 9.21836E+00    1.31430E-01
 9.46474E+00    1.21635E-01
 9.68268E+00    1.13770E-01
 9.93221E+00    1.05579E-01
 1.00299E+01    1.02431E-01
 1.00597E+01    1.01372E-01
 1.01161E+01    9.94246E-02
 1.01692E+01    9.76330E-02
 1.02192E+01    9.59827E-02
 1.02664E+01    9.44609E-02
 1.03107E+01    9.30562E-02
 1.03525E+01    9.17582E-02
 1.03918E+01    9.05578E-02
 1.04660E+01    8.83492E-02
 1.05313E+01    8.64609E-02
 1.05888E+01    8.48417E-02
 1.06393E+01    8.34499E-02
 1.06838E+01    8.22508E-02
 1.07228E+01    8.12157E-02
 1.07914E+01    7.94355E-02
 1.08432E+01    7.81261E-02
 1.08822E+01    7.71582E-02
 1.09409E+01    7.57287E-02
 1.10000E+01    7.43258E-02
 1.10600E+01    7.29069E-02
 1.11165E+01    7.16013E-02
 1.11698E+01    7.03985E-02
 1.12199E+01    6.92893E-02
 1.12672E+01    6.82652E-02
 1.13116E+01    6.73189E-02
 1.13535E+01    6.64437E-02
 1.14323E+01    6.48332E-02
 1.15018E+01    6.34561E-02
 1.15629E+01    6.22751E-02
 1.16167E+01    6.12598E-02
 1.16639E+01    6.03850E-02
 1.17054E+01    5.96298E-02
 1.17784E+01    5.83309E-02
 1.18334E+01    5.73753E-02
 1.19164E+01    5.59712E-02
 1.20000E+01    5.46014E-02
 1.20301E+01    5.38556E-02
 1.20592E+01    5.31427E-02
 1.21160E+01    5.17884E-02
 1.21694E+01    5.05501E-02
 1.22198E+01    4.94160E-02
 1.22671E+01    4.83760E-02
 1.23117E+01    4.74208E-02
 1.23536E+01    4.65425E-02
 1.23931E+01    4.57339E-02
 1.24301E+01    4.49885E-02
 1.24650E+01    4.43008E-02
 1.24978E+01    4.36656E-02
 1.25286E+01    4.30784E-02
 1.25866E+01    4.19986E-02
 1.26375E+01    4.10760E-02
 1.26823E+01    4.02853E-02
 1.27216E+01    3.96060E-02
 1.27560E+01    3.90210E-02
 1.27863E+01    3.85162E-02
 1.28394E+01    3.76485E-02
 1.28794E+01    3.70106E-02
 1.29395E+01    3.60739E-02
 1.30000E+01    3.51609E-02
 1.30301E+01    3.46113E-02
 1.30594E+01    3.40872E-02
 1.30878E+01    3.35869E-02
 1.31154E+01    3.31093E-02
 1.31422E+01    3.26531E-02
 1.31682E+01    3.22172E-02
 1.32187E+01    3.13890E-02
 1.32662E+01    3.06320E-02
 1.33109E+01    2.99389E-02
 1.33530E+01    2.93033E-02
 1.33925E+01    2.87197E-02
 1.34297E+01    2.81831E-02
 1.34647E+01    2.76892E-02
 1.34975E+01    2.72341E-02
 1.35284E+01    2.68141E-02
 1.35574E+01    2.64263E-02
 1.35846E+01    2.60679E-02
 1.36359E+01    2.54088E-02
 1.36809E+01    2.48458E-02
 1.37204E+01    2.43634E-02
 1.37550E+01    2.39490E-02
 1.37854E+01    2.35922E-02
 1.38387E+01    2.29805E-02
 1.38789E+01    2.25322E-02
 1.39091E+01    2.22017E-02
 1.39545E+01    2.17150E-02
 1.40000E+01    2.12390E-02
 1.40302E+01    2.08926E-02
 1.40596E+01    2.05625E-02
 1.40880E+01    2.02476E-02
 1.41157E+01    1.99472E-02
 1.41425E+01    1.96604E-02
 1.41685E+01    1.93865E-02
 1.41938E+01    1.91248E-02
 1.42429E+01    1.86278E-02
 1.42891E+01    1.81736E-02
 1.43325E+01    1.77578E-02
 1.43733E+01    1.73767E-02
 1.44117E+01    1.70268E-02
 1.44478E+01    1.67052E-02
 1.44817E+01    1.64092E-02
 1.45136E+01    1.61365E-02
 1.45435E+01    1.58849E-02
 1.45716E+01    1.56526E-02
 1.45980E+01    1.54380E-02
 1.46477E+01    1.50433E-02
 1.46913E+01    1.47063E-02
 1.47295E+01    1.44177E-02
 1.47631E+01    1.41697E-02
 1.47925E+01    1.39563E-02
 1.48441E+01    1.35904E-02
 1.48829E+01    1.33224E-02
 1.49121E+01    1.31248E-02
 1.49560E+01    1.28339E-02
 1.50000E+01    1.25495E-02
 1.50303E+01    1.23738E-02
 1.50597E+01    1.22060E-02
 1.50882E+01    1.20456E-02
 1.51436E+01    1.17408E-02
 1.51958E+01    1.14621E-02
 1.52449E+01    1.12067E-02
 1.52910E+01    1.09725E-02
 1.53344E+01    1.07574E-02
 1.53751E+01    1.05596E-02
 1.54135E+01    1.03774E-02
 1.54495E+01    1.02095E-02
 1.54833E+01    1.00546E-02
 1.55151E+01    9.91142E-03
 1.55450E+01    9.77908E-03
 1.56012E+01    9.53569E-03
 1.56505E+01    9.32770E-03
 1.56937E+01    9.14943E-03
 1.57317E+01    8.99624E-03
 1.57650E+01    8.86430E-03
 1.58234E+01    8.63806E-03
 1.58674E+01    8.47217E-03
 1.59004E+01    8.34985E-03
 1.59501E+01    8.16967E-03
 1.60000E+01    7.99338E-03
 1.60607E+01    7.80176E-03
 1.61179E+01    7.62630E-03
 1.61717E+01    7.46538E-03
 1.62222E+01    7.31761E-03
 1.62698E+01    7.18173E-03
 1.63145E+01    7.05664E-03
 1.63565E+01    6.94134E-03
 1.63960E+01    6.83497E-03
 1.64331E+01    6.73672E-03
 1.64680E+01    6.64589E-03
 1.65336E+01    6.47888E-03
 1.65912E+01    6.33620E-03
 1.66417E+01    6.21393E-03
 1.66861E+01    6.10888E-03
 1.67250E+01    6.01842E-03
 1.67933E+01    5.86332E-03
 1.68448E+01    5.74963E-03
 1.68834E+01    5.66581E-03
 1.69416E+01    5.54236E-03
 1.70000E+01    5.42161E-03
 1.70608E+01    5.31555E-03
 1.71181E+01    5.21799E-03
 1.71719E+01    5.12817E-03
 1.72225E+01    5.04536E-03
 1.72701E+01    4.96894E-03
 1.73149E+01    4.89835E-03
 1.73569E+01    4.83308E-03
 1.74360E+01    4.71304E-03
 1.75055E+01    4.61046E-03
 1.75666E+01    4.52253E-03
 1.76202E+01    4.44696E-03
 1.76672E+01    4.38188E-03
 1.77498E+01    4.27027E-03
 1.78121E+01    4.18844E-03
 1.78589E+01    4.12809E-03
 1.79293E+01    4.03920E-03
 1.80000E+01    3.95222E-03
 1.80609E+01    3.89257E-03
 1.81182E+01    3.83746E-03
 1.81721E+01    3.78651E-03
 1.82736E+01    3.69279E-03
 1.83629E+01    3.61268E-03
 1.84413E+01    3.54402E-03
 1.85103E+01    3.48501E-03
 1.85708E+01    3.43419E-03
 1.86239E+01    3.39032E-03
 1.87172E+01    3.31491E-03
 1.87875E+01    3.25945E-03
 1.88935E+01    3.17799E-03
 1.90000E+01    3.09857E-03
 1.91222E+01    3.02616E-03
 1.92298E+01    2.96419E-03
 1.93244E+01    2.91101E-03
 1.94076E+01    2.86525E-03
 1.94807E+01    2.82581E-03
 1.96092E+01    2.75809E-03
 1.97062E+01    2.70837E-03
 1.97792E+01    2.67166E-03
 1.98893E+01    2.61754E-03
 2.00000E+01    2.56451E-03
