# n + Es252 : (n,n'05)  
# endfb8.0   O.Iwamoto, T.Nakagawa, et al.     EVAL-FEB10
# uncertainties: y
# # energies =    60
#   E(MeV)       xs(mb)       xslow(mb)      xsupp(mb)
 2.10840E-01    0.00000E+00    0.00000E+00    0.00000E+00
 2.34936E-01    2.01936E+00    5.04458E-02    3.98827E+00
 2.50000E-01    3.25959E+00    8.14281E-02    6.43775E+00
 3.00000E-01    7.62853E+00    1.90569E-01    1.50665E+01
 4.00000E-01    1.39093E+01    2.69748E+00    2.51211E+01
 5.00000E-01    1.75682E+01    3.40707E+00    3.17293E+01
 6.00000E-01    2.00083E+01    9.04255E+00    3.09740E+01
 7.00000E-01    2.23145E+01    1.00848E+01    3.45442E+01
 8.00000E-01    2.42182E+01    1.41671E+01    3.42693E+01
 9.00000E-01    2.62408E+01    1.53502E+01    3.71314E+01
 1.00000E+00    2.84204E+01    1.76758E+01    3.91650E+01
 1.10000E+00    3.02299E+01    1.88012E+01    4.16586E+01
 1.20000E+00    3.19123E+01    1.92426E+01    4.45820E+01
 1.30000E+00    3.30402E+01    1.99227E+01    4.61577E+01
 1.40000E+00    3.42819E+01    2.06715E+01    4.78923E+01
 1.50000E+00    3.47030E+01    1.85992E+01    5.08068E+01
 1.60000E+00    3.52824E+01    1.89098E+01    5.16550E+01
 1.70000E+00    3.52007E+01    1.88660E+01    5.15354E+01
 1.80000E+00    3.52488E+01    1.88918E+01    5.16058E+01
 1.90000E+00    3.49600E+01    1.87370E+01    5.11830E+01
 2.00000E+00    3.47664E+01    1.70338E+01    5.24990E+01
 2.10000E+00    3.44824E+01    1.68947E+01    5.20701E+01
 2.30000E+00    3.40609E+01    1.66881E+01    5.14337E+01
 2.50000E+00    3.37759E+01    1.80686E+01    4.94832E+01
 2.70000E+00    3.35918E+01    1.79701E+01    4.92135E+01
 3.00000E+00    3.33275E+01    1.86949E+01    4.79601E+01
 3.50000E+00    3.26920E+01    1.86327E+01    4.67513E+01
 4.00000E+00    3.16153E+01    1.79558E+01    4.52748E+01
 4.50000E+00    3.03812E+01    1.72549E+01    4.35075E+01
 5.00000E+00    2.91948E+01    1.58809E+01    4.25087E+01
 5.50000E+00    2.80598E+01    1.52635E+01    4.08561E+01
 6.00000E+00    2.68445E+01    1.37435E+01    3.99455E+01
 6.50000E+00    2.54324E+01    1.30205E+01    3.78443E+01
 7.00000E+00    2.38214E+01    1.17667E+01    3.58761E+01
 7.50000E+00    2.21228E+01    1.09277E+01    3.33179E+01
 8.00000E+00    2.04754E+01    1.01138E+01    3.08370E+01
 8.50000E+00    1.89698E+01    9.37010E+00    2.85695E+01
 9.00000E+00    1.76324E+01    8.77974E+00    2.64851E+01
 9.50000E+00    1.64454E+01    8.18869E+00    2.47021E+01
 1.00000E+01    1.53734E+01    7.73228E+00    2.30145E+01
 1.05000E+01    1.43826E+01    7.23394E+00    2.15313E+01
 1.10000E+01    1.34512E+01    6.76548E+00    2.01369E+01
 1.15000E+01    1.25705E+01    6.32252E+00    1.88185E+01
 1.20000E+01    1.17411E+01    6.10435E+00    1.73778E+01
 1.25000E+01    1.09675E+01    5.70215E+00    1.62329E+01
 1.30000E+01    1.02536E+01    5.33098E+00    1.51762E+01
 1.35000E+01    9.60079E+00    4.99158E+00    1.42100E+01
 1.40000E+01    9.00704E+00    4.88146E+00    1.31326E+01
 1.45000E+01    8.46804E+00    4.58934E+00    1.23467E+01
 1.50000E+01    7.97807E+00    4.39542E+00    1.15607E+01
 1.55000E+01    7.54993E+00    4.15954E+00    1.09403E+01
 1.60000E+01    7.12188E+00    3.98078E+00    1.02630E+01
 1.65000E+01    6.76077E+00    3.77894E+00    9.74260E+00
 1.70000E+01    6.39980E+00    3.57717E+00    9.22243E+00
 1.75000E+01    6.09394E+00    3.40621E+00    8.78167E+00
 1.80000E+01    5.78819E+00    3.31633E+00    8.26005E+00
 1.85000E+01    5.53067E+00    3.16878E+00    7.89256E+00
 1.90000E+01    5.27325E+00    3.02129E+00    7.52521E+00
 1.95000E+01    5.05794E+00    2.89793E+00    7.21795E+00
 2.00000E+01    4.84271E+00    2.77462E+00    6.91080E+00
