# p + Ni 63 : (p,xg)    
# tendl.2019 A.J. Koning                       EVAL-OCT19
# 
# # energies =    57
#   E(MeV)        xs(mb) 
 7.26827E-01    0.00000E+00
 1.00000E+00    0.00000E+00
 1.40748E+00    0.00000E+00
 1.70425E+00    0.00000E+00
 2.00000E+00    0.00000E+00
 2.07482E+00    0.00000E+00
 2.16159E+00    0.00000E+00
 2.29859E+00    0.00000E+00
 2.61724E+00    0.00000E+00
 2.71010E+00    0.00000E+00
 2.77197E+00    0.00000E+00
 2.82229E+00    0.00000E+00
 2.84146E+00    0.00000E+00
 3.00000E+00    0.00000E+00
 4.00000E+00    0.00000E+00
 5.00000E+00    0.00000E+00
 6.00000E+00    0.00000E+00
 7.00000E+00    0.00000E+00
 8.00000E+00    0.00000E+00
 9.00000E+00    0.00000E+00
 1.00000E+01    0.00000E+00
 1.10000E+01    0.00000E+00
 1.20000E+01    0.00000E+00
 1.30000E+01    0.00000E+00
 1.40000E+01    0.00000E+00
 1.50000E+01    0.00000E+00
 1.60000E+01    0.00000E+00
 1.70000E+01    0.00000E+00
 1.80000E+01    0.00000E+00
 1.90000E+01    0.00000E+00
 2.00000E+01    0.00000E+00
 2.20000E+01    0.00000E+00
 2.40000E+01    0.00000E+00
 2.60000E+01    0.00000E+00
 2.80000E+01    0.00000E+00
 3.00000E+01    0.00000E+00
 3.00000E+01    1.68115E+03
 3.50000E+01    1.80419E+03
 4.00000E+01    1.69478E+03
 4.50000E+01    1.62621E+03
 5.00000E+01    1.55922E+03
 5.50000E+01    1.47038E+03
 6.00000E+01    1.41834E+03
 6.50000E+01    1.36281E+03
 7.00000E+01    1.32398E+03
 7.50000E+01    1.27327E+03
 8.00000E+01    1.23794E+03
 9.00000E+01    1.15761E+03
 1.00000E+02    1.08612E+03
 1.10000E+02    1.03300E+03
 1.20000E+02    9.86949E+02
 1.30000E+02    9.46660E+02
 1.40000E+02    9.11675E+02
 1.50000E+02    8.82306E+02
 1.60000E+02    8.53091E+02
 1.80000E+02    8.12328E+02
 2.00000E+02    7.70113E+02
