# n + Sm154 : (n,n'20)  
# jendl4.0   N.Iwamoto                         EVAL-Nov09
# uncertainties: n
# # energies =    63
#   E(MeV)       xs(mb) 
 1.44949E+00    0.00000E+00
 1.48178E+00    7.22452E+01
 1.48467E+00    7.46260E+01
 1.48538E+00    7.51976E+01
 1.50000E+00    8.46905E+01
 1.52512E+00    9.68015E+01
 1.54935E+00    1.04825E+02
 1.58694E+00    1.11693E+02
 1.59493E+00    1.13241E+02
 1.60000E+00    1.14048E+02
 1.62540E+00    1.17459E+02
 1.67279E+00    1.22426E+02
 1.67580E+00    1.22685E+02
 1.68480E+00    1.23512E+02
 1.70000E+00    1.24786E+02
 1.71800E+00    1.25660E+02
 1.75241E+00    1.27212E+02
 1.76614E+00    1.27872E+02
 1.76740E+00    1.27871E+02
 1.77153E+00    1.27905E+02
 1.77596E+00    1.28041E+02
 1.78587E+00    1.28275E+02
 1.80000E+00    1.28771E+02
 1.90000E+00    1.27412E+02
 2.00000E+00    1.20996E+02
 2.25000E+00    1.00813E+02
 2.50000E+00    7.39929E+01
 2.75000E+00    5.46709E+01
 3.00000E+00    3.69449E+01
 3.50000E+00    1.75499E+01
 4.00000E+00    8.39245E+00
 4.50000E+00    4.00142E+00
 5.00000E+00    2.00018E+00
 5.50000E+00    1.08618E+00
 6.00000E+00    6.65375E-01
 6.50000E+00    4.66588E-01
 7.00000E+00    3.67149E-01
 7.50000E+00    3.12052E-01
 8.00000E+00    2.77026E-01
 8.50000E+00    2.51338E-01
 9.00000E+00    2.30435E-01
 9.50000E+00    2.12498E-01
 1.00000E+01    1.96793E-01
 1.05000E+01    1.82981E-01
 1.10000E+01    1.70791E-01
 1.15000E+01    1.60010E-01
 1.20000E+01    1.50390E-01
 1.25000E+01    1.41714E-01
 1.30000E+01    1.33827E-01
 1.35000E+01    1.26596E-01
 1.40000E+01    1.19916E-01
 1.45000E+01    1.13722E-01
 1.50000E+01    1.07956E-01
 1.55000E+01    1.02531E-01
 1.60000E+01    9.72111E-02
 1.65000E+01    9.27300E-02
 1.70000E+01    8.85667E-02
 1.75000E+01    8.44163E-02
 1.80000E+01    8.03910E-02
 1.85000E+01    7.66922E-02
 1.90000E+01    7.35272E-02
 1.95000E+01    7.05751E-02
 2.00000E+01    6.76353E-02
