# n + Cd111 : (n,n'08)  
# jendl4.0   S.Kunieda, A.Ichihara, K.Shibata+ EVAL-FEB22
# uncertainties: n
# # energies =    45
#   E(MeV)       xs(mb) 
 7.11341E-01    0.00000E+00
 7.50000E-01    1.94800E+01
 8.00000E-01    3.73300E+01
 8.50000E-01    4.90800E+01
 9.00000E-01    5.50600E+01
 9.50000E-01    5.82800E+01
 1.00000E+00    6.10300E+01
 1.20000E+00    6.10500E+01
 1.40000E+00    5.63000E+01
 1.60000E+00    4.72200E+01
 1.80000E+00    4.01200E+01
 2.00000E+00    3.39200E+01
 2.20000E+00    2.83300E+01
 2.40000E+00    2.33700E+01
 2.60000E+00    1.91000E+01
 2.80000E+00    1.55000E+01
 3.00000E+00    1.25300E+01
 3.25000E+00    9.70700E+00
 3.50000E+00    7.37300E+00
 3.75000E+00    5.71500E+00
 4.00000E+00    4.41200E+00
 4.25000E+00    3.44000E+00
 4.50000E+00    2.69800E+00
 4.75000E+00    2.11500E+00
 5.00000E+00    1.68400E+00
 5.50000E+00    1.08100E+00
 6.00000E+00    7.27100E-01
 6.50000E+00    5.25200E-01
 7.00000E+00    4.12300E-01
 7.50000E+00    3.49200E-01
 8.00000E+00    3.13200E-01
 8.50000E+00    2.91500E-01
 9.00000E+00    2.77500E-01
 9.50000E+00    2.67600E-01
 1.00000E+01    2.60100E-01
 1.10000E+01    2.48300E-01
 1.20000E+01    2.38500E-01
 1.30000E+01    2.54700E-01
 1.40000E+01    2.47000E-01
 1.50000E+01    2.39900E-01
 1.60000E+01    2.33200E-01
 1.70000E+01    2.26500E-01
 1.80000E+01    2.19800E-01
 1.90000E+01    2.13500E-01
 2.00000E+01    2.07600E-01
