# n + Ge 70 : (n,n'05)  
# tendl.2019 A.J. Koning and D. Rochman        EVAL-NOV19
# uncertainties: n
# # energies =    85
#   E(MeV)       xs(mb) 
 2.18783E+00    0.00000E+00
 2.20000E+00    2.24242E+01
 2.34018E+00    9.51143E+01
 2.40000E+00    1.26134E+02
 2.48665E+00    1.52100E+02
 2.57149E+00    1.77523E+02
 2.59900E+00    1.85766E+02
 2.60000E+00    1.86066E+02
 2.80000E+00    2.02573E+02
 2.84672E+00    2.03701E+02
 2.92895E+00    2.05686E+02
 2.98738E+00    2.07096E+02
 3.00000E+00    2.07401E+02
 3.09037E+00    2.02814E+02
 3.10283E+00    2.02181E+02
 3.15182E+00    1.99695E+02
 3.17515E+00    1.98510E+02
 3.20000E+00    1.97249E+02
 3.22648E+00    1.93703E+02
 3.24028E+00    1.91855E+02
 3.28877E+00    1.85362E+02
 3.34228E+00    1.78197E+02
 3.34462E+00    1.77884E+02
 3.36191E+00    1.75568E+02
 3.38290E+00    1.72758E+02
 3.39325E+00    1.71372E+02
 3.39934E+00    1.70556E+02
 3.40000E+00    1.70468E+02
 3.42027E+00    1.66698E+02
 3.46564E+00    1.58260E+02
 3.47238E+00    1.57006E+02
 3.47745E+00    1.56063E+02
 3.48151E+00    1.55308E+02
 3.60000E+00    1.33271E+02
 3.80000E+00    1.03408E+02
 4.00000E+00    8.06184E+01
 4.20000E+00    6.32733E+01
 4.40000E+00    5.03037E+01
 4.60000E+00    4.01814E+01
 4.80000E+00    3.23727E+01
 5.00000E+00    2.62378E+01
 5.20000E+00    2.13429E+01
 5.40000E+00    1.74293E+01
 5.60000E+00    1.42846E+01
 5.80000E+00    1.17635E+01
 6.00000E+00    9.73654E+00
 6.20000E+00    8.10483E+00
 6.40000E+00    6.79345E+00
 6.60000E+00    5.73738E+00
 6.80000E+00    4.88688E+00
 7.00000E+00    4.20139E+00
 7.20000E+00    3.64527E+00
 7.40000E+00    3.19544E+00
 7.60000E+00    2.83169E+00
 7.80000E+00    2.52674E+00
 8.00000E+00    2.28489E+00
 8.50000E+00    1.84273E+00
 9.00000E+00    1.56420E+00
 9.50000E+00    1.38321E+00
 1.00000E+01    1.26169E+00
 1.05000E+01    1.17700E+00
 1.10000E+01    1.11521E+00
 1.15000E+01    1.06743E+00
 1.20000E+01    1.02796E+00
 1.25000E+01    9.93290E-01
 1.30000E+01    9.61603E-01
 1.35000E+01    9.32199E-01
 1.40000E+01    9.04953E-01
 1.45000E+01    8.79955E-01
 1.50000E+01    8.57177E-01
 1.60000E+01    8.17075E-01
 1.70000E+01    7.80799E-01
 1.80000E+01    7.44923E-01
 1.90000E+01    7.08784E-01
 2.00000E+01    6.73717E-01
 2.10000E+01    6.41294E-01
 2.20000E+01    6.12496E-01
 2.30000E+01    5.87682E-01
 2.40000E+01    5.66662E-01
 2.50000E+01    5.48744E-01
 2.60000E+01    5.32883E-01
 2.70000E+01    5.17979E-01
 2.80000E+01    5.03164E-01
 2.90000E+01    4.88029E-01
 3.00000E+01    4.72583E-01
