# n + Hg204 : (n,n'02)  
# tendl.2019 A.J. Koning and D. Rochman        EVAL-NOV19
# uncertainties: y
# # energies =    93
#   E(MeV)       xs(mb)       xslow(mb)      xsupp(mb)
 1.13381E+00    0.00000E+00    0.00000E+00    0.00000E+00
 1.20000E+00    2.52928E+01    7.72330E+00    4.28623E+01
 1.40000E+00    1.04368E+02    3.18693E+01    1.76867E+02
 1.60000E+00    1.81883E+02    5.55390E+01    3.08227E+02
 1.64385E+00    1.96070E+02    5.98711E+01    3.32269E+02
 1.72525E+00    2.22406E+02    6.79130E+01    3.76900E+02
 1.80000E+00    2.46591E+02    1.67199E+02    3.25983E+02
 1.83775E+00    2.52695E+02    1.71338E+02    3.34052E+02
 1.85049E+00    2.54755E+02    1.72735E+02    3.36775E+02
 1.86041E+00    2.56359E+02    1.73823E+02    3.38896E+02
 1.95732E+00    2.72030E+02    1.84448E+02    3.59611E+02
 1.99920E+00    2.78802E+02    1.89040E+02    3.68564E+02
 2.00000E+00    2.78931E+02    1.89127E+02    3.68735E+02
 2.09884E+00    2.80943E+02    1.90492E+02    3.71395E+02
 2.10482E+00    2.81065E+02    1.90574E+02    3.71556E+02
 2.12794E+00    2.81536E+02    1.90894E+02    3.72178E+02
 2.14180E+00    2.81818E+02    1.91085E+02    3.72551E+02
 2.15145E+00    2.82014E+02    1.91218E+02    3.72811E+02
 2.20000E+00    2.83003E+02    1.91888E+02    3.74118E+02
 2.20184E+00    2.82771E+02    1.91731E+02    3.73811E+02
 2.24700E+00    2.77077E+02    1.87870E+02    3.66284E+02
 2.27416E+00    2.73652E+02    1.85548E+02    3.61756E+02
 2.27556E+00    2.73476E+02    1.85428E+02    3.61523E+02
 2.30701E+00    2.69510E+02    1.82740E+02    3.56281E+02
 2.31157E+00    2.68935E+02    1.82350E+02    3.55521E+02
 2.34135E+00    2.65180E+02    1.79804E+02    3.50557E+02
 2.37067E+00    2.61483E+02    1.77297E+02    3.45669E+02
 2.39770E+00    2.58075E+02    1.74986E+02    3.41164E+02
 2.40000E+00    2.57785E+02    1.74789E+02    3.40781E+02
 2.40745E+00    2.57253E+02    1.74429E+02    3.40078E+02
 2.47765E+00    2.52244E+02    1.71033E+02    3.33456E+02
 2.52687E+00    2.48732E+02    1.68651E+02    3.28813E+02
 2.58154E+00    2.44831E+02    1.66006E+02    3.23656E+02
 2.60000E+00    2.43514E+02    1.69127E+02    3.17901E+02
 2.64126E+00    2.40560E+02    1.67075E+02    3.14045E+02
 2.67044E+00    2.38472E+02    1.65625E+02    3.11318E+02
 2.68848E+00    2.37180E+02    1.64728E+02    3.09633E+02
 2.80000E+00    2.29197E+02    1.59183E+02    2.99211E+02
 3.00000E+00    2.07129E+02    1.43856E+02    2.70402E+02
 3.20000E+00    1.82509E+02    1.26757E+02    2.38261E+02
 3.40000E+00    1.58618E+02    1.10164E+02    2.07072E+02
 3.60000E+00    1.37038E+02    9.51765E+01    1.78900E+02
 3.80000E+00    1.18331E+02    8.21840E+01    1.54478E+02
 4.00000E+00    1.02525E+02    7.12063E+01    1.33844E+02
 4.20000E+00    8.93672E+01    6.20678E+01    1.16667E+02
 4.40000E+00    7.84830E+01    5.45085E+01    1.02458E+02
 4.60000E+00    6.94877E+01    4.60655E+01    9.29099E+01
 4.80000E+00    6.20343E+01    4.11244E+01    8.29442E+01
 5.00000E+00    5.58488E+01    3.70239E+01    7.46737E+01
 5.20000E+00    5.06890E+01    3.36033E+01    6.77747E+01
 5.40000E+00    4.63318E+01    3.07148E+01    6.19489E+01
 5.60000E+00    4.26497E+01    2.82738E+01    5.70256E+01
 5.80000E+00    3.94992E+01    2.61852E+01    5.28132E+01
 6.00000E+00    3.67712E+01    2.43767E+01    4.91657E+01
 6.20000E+00    3.43793E+01    2.27911E+01    4.59675E+01
 6.40000E+00    3.22541E+01    2.13822E+01    4.31260E+01
 6.60000E+00    3.03546E+01    2.01220E+01    4.05872E+01
 6.80000E+00    2.86518E+01    1.89933E+01    3.83103E+01
 7.00000E+00    2.71189E+01    1.79771E+01    3.62607E+01
 7.20000E+00    2.57469E+01    1.70676E+01    3.44262E+01
 7.40000E+00    2.45198E+01    1.62542E+01    3.27854E+01
 7.60000E+00    2.34293E+01    1.55313E+01    3.13273E+01
 7.80000E+00    2.24633E+01    1.48909E+01    3.00357E+01
 8.00000E+00    2.16109E+01    1.43258E+01    2.88960E+01
 8.50000E+00    1.99081E+01    1.31971E+01    2.66191E+01
 9.00000E+00    1.86739E+01    1.36942E+01    2.36536E+01
 9.50000E+00    1.77387E+01    1.30084E+01    2.24690E+01
 1.00000E+01    1.69649E+01    1.24410E+01    2.14888E+01
 1.05000E+01    1.62653E+01    1.19279E+01    2.06027E+01
 1.10000E+01    1.56006E+01    1.14405E+01    1.97607E+01
 1.15000E+01    1.49627E+01    1.09727E+01    1.89527E+01
 1.20000E+01    1.43585E+01    1.05296E+01    1.81874E+01
 1.25000E+01    1.37966E+01    1.01175E+01    1.74757E+01
 1.30000E+01    1.32823E+01    9.93383E+00    1.66308E+01
 1.35000E+01    1.28152E+01    9.58449E+00    1.60459E+01
 1.40000E+01    1.23898E+01    9.26633E+00    1.55133E+01
 1.45000E+01    1.19971E+01    8.97263E+00    1.50216E+01
 1.50000E+01    1.16271E+01    8.69591E+00    1.45583E+01
 1.60000E+01    1.09230E+01    8.19703E+00    1.36490E+01
 1.70000E+01    1.02469E+01    7.68966E+00    1.28041E+01
 1.80000E+01    9.61392E+00    7.21465E+00    1.20132E+01
 1.90000E+01    9.05498E+00    6.79520E+00    1.13148E+01
 2.00000E+01    8.58864E+00    6.35768E+00    1.08196E+01
 2.10000E+01    8.21247E+00    6.07922E+00    1.03457E+01
 2.20000E+01    7.90792E+00    5.85378E+00    9.96206E+00
 2.30000E+01    7.64991E+00    5.66279E+00    9.63703E+00
 2.40000E+01    7.41501E+00    5.32400E+00    9.50602E+00
 2.50000E+01    7.18640E+00    5.15986E+00    9.21294E+00
 2.60000E+01    6.95806E+00    4.99591E+00    8.92021E+00
 2.70000E+01    6.73506E+00    4.83579E+00    8.63433E+00
 2.80000E+01    6.52783E+00    4.68700E+00    8.36866E+00
 2.90000E+01    6.34500E+00    4.55573E+00    8.13427E+00
 3.00000E+01    6.18912E+00    4.44381E+00    7.93443E+00
