# p + Pu240 : (p,xp)    
# tendl.2019 A.J. Koning                       EVAL-OCT19
# 
# # energies =    55
#   E(MeV)        xs(mb) 
 2.17624E+00    2.28772E-10
 2.21741E+00    2.33187E-10
 2.22946E+00    2.34479E-10
 2.26360E+00    2.38140E-10
 2.27264E+00    2.39110E-10
 2.30678E+00    2.42771E-10
 2.33490E+00    2.45787E-10
 2.36302E+00    2.48802E-10
 2.39013E+00    2.51709E-10
 2.41021E+00    2.53863E-10
 2.42929E+00    2.55909E-10
 3.00000E+00    3.17113E-10
 4.00000E+00    4.24354E-10
 5.00000E+00    5.31596E-10
 6.00000E+00    3.16393E-07
 7.00000E+00    3.90713E-05
 8.00000E+00    1.60333E-03
 9.00000E+00    2.91102E-02
 1.00000E+01    2.70003E-01
 1.10000E+01    1.34981E+00
 1.20000E+01    3.94306E+00
 1.30000E+01    8.17473E+00
 1.40000E+01    1.44642E+01
 1.50000E+01    2.30101E+01
 1.60000E+01    3.26660E+01
 1.70000E+01    4.16618E+01
 1.80000E+01    4.90233E+01
 1.90000E+01    5.51123E+01
 2.00000E+01    6.09286E+01
 2.20000E+01    7.32325E+01
 2.40000E+01    8.65713E+01
 2.60000E+01    1.00876E+02
 2.80000E+01    1.14635E+02
 3.00000E+01    1.28493E+02
 3.00000E+01    1.96081E+01
 3.50000E+01    4.83983E+01
 4.00000E+01    7.31474E+01
 4.50000E+01    9.80499E+01
 5.00000E+01    1.24825E+02
 5.50000E+01    1.49368E+02
 6.00000E+01    1.73692E+02
 6.50000E+01    1.95586E+02
 7.00000E+01    2.16065E+02
 7.50000E+01    2.34435E+02
 8.00000E+01    2.54265E+02
 9.00000E+01    2.89943E+02
 1.00000E+02    3.16561E+02
 1.10000E+02    3.39775E+02
 1.20000E+02    3.53709E+02
 1.30000E+02    3.71644E+02
 1.40000E+02    3.88860E+02
 1.50000E+02    4.07826E+02
 1.60000E+02    4.29349E+02
 1.80000E+02    4.68558E+02
 2.00000E+02    5.77036E+02
