# p + Sr 84 : (p,xg)    
# tendl.2019 A.J. Koning                       EVAL-OCT19
# 
# # energies =    50
#   E(MeV)        xs(mb) 
 7.62797E+00    0.00000E+00
 7.64497E+00    0.00000E+00
 7.69577E+00    0.00000E+00
 7.74172E+00    0.00000E+00
 7.75994E+00    0.00000E+00
 7.77841E+00    0.00000E+00
 7.78655E+00    0.00000E+00
 7.79001E+00    0.00000E+00
 7.79281E+00    0.00000E+00
 7.82888E+00    0.00000E+00
 7.84092E+00    0.00000E+00
 8.00000E+00    0.00000E+00
 9.00000E+00    0.00000E+00
 1.00000E+01    0.00000E+00
 1.10000E+01    0.00000E+00
 1.20000E+01    0.00000E+00
 1.30000E+01    0.00000E+00
 1.40000E+01    0.00000E+00
 1.50000E+01    0.00000E+00
 1.60000E+01    0.00000E+00
 1.70000E+01    0.00000E+00
 1.80000E+01    0.00000E+00
 1.90000E+01    0.00000E+00
 2.00000E+01    0.00000E+00
 2.20000E+01    0.00000E+00
 2.40000E+01    0.00000E+00
 2.60000E+01    0.00000E+00
 2.80000E+01    0.00000E+00
 3.00000E+01    0.00000E+00
 3.00000E+01    2.45789E+03
 3.50000E+01    2.46138E+03
 4.00000E+01    2.68940E+03
 4.50000E+01    2.62512E+03
 5.00000E+01    2.64948E+03
 5.50000E+01    2.64682E+03
 6.00000E+01    2.55908E+03
 6.50000E+01    2.48926E+03
 7.00000E+01    2.43592E+03
 7.50000E+01    2.37772E+03
 8.00000E+01    2.31764E+03
 9.00000E+01    2.20540E+03
 1.00000E+02    2.11478E+03
 1.10000E+02    2.04228E+03
 1.20000E+02    1.98889E+03
 1.30000E+02    1.92611E+03
 1.40000E+02    1.88454E+03
 1.50000E+02    1.82818E+03
 1.60000E+02    1.78814E+03
 1.80000E+02    1.67839E+03
 2.00000E+02    1.55747E+03
