# n + Ag109 : (n,n'19)  
# tendl.2019 A.J. Koning and D. Rochman        EVAL-NOV19
# uncertainties: n
# # energies =    77
#   E(MeV)       xs(mb) 
 9.39421E-01    0.00000E+00
 1.00000E+00    6.20364E-02
 1.10070E+00    2.85409E-01
 1.10867E+00    3.03089E-01
 1.20000E+00    5.05677E-01
 1.21111E+00    5.45770E-01
 1.27167E+00    7.64314E-01
 1.32213E+00    9.46409E-01
 1.33646E+00    9.98122E-01
 1.40000E+00    1.22742E+00
 1.44324E+00    1.43526E+00
 1.50380E+00    1.72635E+00
 1.51389E+00    1.77485E+00
 1.53812E+00    1.89131E+00
 1.58454E+00    2.11444E+00
 1.60000E+00    2.18875E+00
 1.80000E+00    3.18787E+00
 2.00000E+00    4.06451E+00
 2.20000E+00    4.66488E+00
 2.40000E+00    4.93864E+00
 2.60000E+00    4.91788E+00
 2.80000E+00    4.66450E+00
 3.00000E+00    4.25756E+00
 3.20000E+00    3.66023E+00
 3.40000E+00    3.14720E+00
 3.60000E+00    2.66416E+00
 3.80000E+00    2.23265E+00
 4.00000E+00    1.85466E+00
 4.20000E+00    1.54182E+00
 4.40000E+00    1.29126E+00
 4.60000E+00    1.09396E+00
 4.80000E+00    9.41211E-01
 5.00000E+00    8.24455E-01
 5.20000E+00    7.35999E-01
 5.40000E+00    6.69572E-01
 5.60000E+00    6.19782E-01
 5.80000E+00    5.82160E-01
 6.00000E+00    5.53567E-01
 6.20000E+00    5.31111E-01
 6.40000E+00    5.12762E-01
 6.60000E+00    4.97507E-01
 6.80000E+00    4.83363E-01
 7.00000E+00    4.70957E-01
 7.20000E+00    4.59435E-01
 7.40000E+00    4.48387E-01
 7.60000E+00    4.37832E-01
 7.80000E+00    4.27569E-01
 8.00000E+00    4.17651E-01
 8.50000E+00    3.94472E-01
 9.00000E+00    3.73984E-01
 9.50000E+00    3.56473E-01
 1.00000E+01    3.41863E-01
 1.05000E+01    3.29789E-01
 1.10000E+01    3.19687E-01
 1.15000E+01    3.10935E-01
 1.20000E+01    3.02990E-01
 1.25000E+01    2.95496E-01
 1.30000E+01    2.88294E-01
 1.35000E+01    2.81377E-01
 1.40000E+01    2.74816E-01
 1.45000E+01    2.68646E-01
 1.50000E+01    2.62864E-01
 1.60000E+01    2.52214E-01
 1.70000E+01    2.42418E-01
 1.80000E+01    2.33476E-01
 1.90000E+01    2.25643E-01
 2.00000E+01    2.19068E-01
 2.10000E+01    2.13742E-01
 2.20000E+01    2.09537E-01
 2.30000E+01    2.06176E-01
 2.40000E+01    2.03201E-01
 2.50000E+01    2.00093E-01
 2.60000E+01    1.96480E-01
 2.70000E+01    1.92272E-01
 2.80000E+01    1.87651E-01
 2.90000E+01    1.82912E-01
 3.00000E+01    1.78328E-01
