# n + Re185 : (n,n'04)  
# endfb8.0   I.J. Thompson and N.C. Summers    EVAL-Jan11
# uncertainties: n
# # energies =    99
#   E(MeV)       xs(mb) 
 4.78194E-01    0.00000E+00
 6.00000E-01    3.91789E+01
 8.00000E-01    7.44785E+01
 1.00000E+00    8.51067E+01
 1.20000E+00    7.41371E+01
 1.40000E+00    5.80316E+01
 1.60000E+00    4.38425E+01
 1.80000E+00    3.29539E+01
 2.00000E+00    2.48942E+01
 2.20000E+00    1.89312E+01
 2.40000E+00    1.44588E+01
 2.60000E+00    1.10515E+01
 2.80000E+00    8.42753E+00
 3.00000E+00    6.40076E+00
 3.20000E+00    4.84009E+00
 3.40000E+00    3.64522E+00
 3.60000E+00    2.73756E+00
 3.80000E+00    2.05288E+00
 4.00000E+00    1.53936E+00
 4.20000E+00    1.15617E+00
 4.40000E+00    8.71591E-01
 4.60000E+00    6.61477E-01
 4.80000E+00    5.08045E-01
 5.00000E+00    3.97680E-01
 5.20000E+00    3.18647E-01
 5.40000E+00    2.62943E-01
 5.60000E+00    2.23358E-01
 5.80000E+00    1.95560E-01
 6.00000E+00    1.75907E-01
 6.20000E+00    1.61573E-01
 6.40000E+00    1.50801E-01
 6.60000E+00    1.42339E-01
 6.80000E+00    1.35372E-01
 7.00000E+00    1.29428E-01
 7.20000E+00    1.24188E-01
 7.40000E+00    1.19487E-01
 7.60000E+00    1.15232E-01
 7.80000E+00    1.11372E-01
 8.00000E+00    1.07880E-01
 8.20000E+00    1.04740E-01
 8.40000E+00    1.01936E-01
 8.60000E+00    9.94491E-02
 8.80000E+00    9.72591E-02
 9.00000E+00    9.53420E-02
 9.20000E+00    9.36689E-02
 9.40000E+00    9.22105E-02
 9.60000E+00    9.09361E-02
 9.80000E+00    8.98155E-02
 1.00000E+01    8.88207E-02
 1.02000E+01    8.79257E-02
 1.04000E+01    8.71062E-02
 1.06000E+01    8.63434E-02
 1.08000E+01    8.56214E-02
 1.10000E+01    8.49265E-02
 1.12000E+01    8.42495E-02
 1.14000E+01    8.35838E-02
 1.16000E+01    8.29248E-02
 1.18000E+01    8.22702E-02
 1.20000E+01    8.16190E-02
 1.22000E+01    8.09712E-02
 1.24000E+01    8.03288E-02
 1.26000E+01    7.96928E-02
 1.28000E+01    7.90649E-02
 1.30000E+01    7.84475E-02
 1.32000E+01    7.78425E-02
 1.34000E+01    7.72512E-02
 1.36000E+01    7.66750E-02
 1.38000E+01    7.61151E-02
 1.40000E+01    7.55719E-02
 1.42000E+01    7.50454E-02
 1.44000E+01    7.45355E-02
 1.46000E+01    7.40417E-02
 1.48000E+01    7.35628E-02
 1.50000E+01    7.30975E-02
 1.52000E+01    7.26444E-02
 1.54000E+01    7.22017E-02
 1.56000E+01    7.17674E-02
 1.58000E+01    7.13398E-02
 1.60000E+01    7.09173E-02
 1.62000E+01    7.04980E-02
 1.64000E+01    7.00799E-02
 1.66000E+01    6.96622E-02
 1.68000E+01    6.92433E-02
 1.70000E+01    6.88221E-02
 1.72000E+01    6.83982E-02
 1.74000E+01    6.79704E-02
 1.76000E+01    6.75389E-02
 1.78000E+01    6.71034E-02
 1.80000E+01    6.66637E-02
 1.82000E+01    6.62203E-02
 1.84000E+01    6.57734E-02
 1.86000E+01    6.53235E-02
 1.88000E+01    6.48711E-02
 1.90000E+01    6.44172E-02
 1.92000E+01    6.39627E-02
 1.94000E+01    6.35083E-02
 1.96000E+01    6.30554E-02
 1.98000E+01    6.26048E-02
 2.00000E+01    6.21576E-02
