# n + Pu236 : (n,nd)    
# tendl.2019 A.J. Koning and D. Rochman        EVAL-NOV19
# uncertainties: y
# # energies =    20
#   E(MeV)       xs(mb)       xslow(mb)      xsupp(mb)
 1.02325E+01    0.00000E+00    0.00000E+00    0.00000E+00
 1.35000E+01    1.30310E-15    0.00000E+00    1.21874E-14
 1.40000E+01    1.74270E-13    0.00000E+00    1.62988E-12
 1.45000E+01    6.53000E-12    0.00000E+00    6.10726E-11
 1.50000E+01    2.10150E-10    0.00000E+00    1.96545E-09
 1.60000E+01    2.17670E-08    0.00000E+00    1.76163E-07
 1.70000E+01    7.18610E-07    0.00000E+00    5.81580E-06
 1.80000E+01    1.20119E-05    0.00000E+00    9.72138E-05
 1.90000E+01    1.29982E-04    0.00000E+00    1.05196E-03
 2.00000E+01    8.92741E-04    0.00000E+00    5.00402E-03
 2.10000E+01    4.46168E-03    0.00000E+00    2.50088E-02
 2.20000E+01    1.67988E-02    0.00000E+00    9.41612E-02
 2.30000E+01    4.93410E-02    0.00000E+00    2.76568E-01
 2.40000E+01    1.16797E-01    0.00000E+00    4.13901E-01
 2.50000E+01    2.31810E-01    0.00000E+00    8.21480E-01
 2.60000E+01    3.94949E-01    0.00000E+00    1.39961E+00
 2.70000E+01    5.95418E-01    0.00000E+00    2.11002E+00
 2.80000E+01    8.10003E-01    0.00000E+00    2.87046E+00
 2.90000E+01    1.01483E+00    0.00000E+00    3.59632E+00
 3.00000E+01    1.20253E+00    0.00000E+00    4.26148E+00
