# n + Pd110 : (n,n'16)  
# endfb8.0   P.G.Young, Mughabghab             EVAL-MAR05
# uncertainties: n
# # energies =    66
#   E(MeV)       xs(mb) 
 1.95221E+00    0.00000E+00
 2.00000E+00    4.69544E+00
 2.05638E+00    8.67824E+00
 2.10000E+00    1.15288E+01
 2.11140E+00    1.22392E+01
 2.14480E+00    1.42352E+01
 2.15459E+00    1.47955E+01
 2.16015E+00    1.51082E+01
 2.16136E+00    1.51759E+01
 2.20000E+00    1.72438E+01
 2.21313E+00    1.79128E+01
 2.29689E+00    2.20510E+01
 2.30000E+00    2.21995E+01
 2.40000E+00    2.67037E+01
 2.50000E+00    3.06321E+01
 2.60000E+00    3.38135E+01
 2.70000E+00    3.59368E+01
 2.80000E+00    3.70213E+01
 2.90000E+00    3.74187E+01
 3.00000E+00    3.71080E+01
 3.10000E+00    3.62009E+01
 3.20000E+00    3.47835E+01
 3.50000E+00    2.90958E+01
 4.00000E+00    1.86788E+01
 4.50000E+00    1.09406E+01
 5.00000E+00    6.18818E+00
 5.50000E+00    3.46069E+00
 6.00000E+00    1.95803E+00
 6.50000E+00    1.16400E+00
 7.00000E+00    7.56920E-01
 7.50000E+00    5.51962E-01
 8.00000E+00    4.51946E-01
 8.50000E+00    4.06219E-01
 9.00000E+00    3.90132E-01
 9.50000E+00    3.91901E-01
 1.00000E+01    4.05971E-01
 1.05000E+01    4.30994E-01
 1.10000E+01    4.70297E-01
 1.15000E+01    5.30891E-01
 1.20000E+01    6.26548E-01
 1.25000E+01    5.92456E-01
 1.30000E+01    5.52605E-01
 1.35000E+01    5.20578E-01
 1.40000E+01    4.90477E-01
 1.45000E+01    4.62645E-01
 1.50000E+01    4.37860E-01
 1.55000E+01    4.16173E-01
 1.60000E+01    3.97085E-01
 1.65000E+01    3.79420E-01
 1.70000E+01    3.62621E-01
 1.75000E+01    3.46628E-01
 1.80000E+01    3.31202E-01
 1.85000E+01    3.16496E-01
 1.90000E+01    3.02323E-01
 1.95000E+01    2.88783E-01
 2.00000E+01    2.75931E-01
 2.10000E+01    2.52142E-01
 2.20000E+01    2.30839E-01
 2.30000E+01    2.12163E-01
 2.40000E+01    1.96048E-01
 2.50000E+01    1.81901E-01
 2.60000E+01    1.70210E-01
 2.70000E+01    1.61020E-01
 2.80000E+01    1.53666E-01
 2.90000E+01    1.47712E-01
 3.00000E+01    1.43085E-01
