# n + Pm146 : (n,tot)   
# endfb8.0      G. Nobre, D. Brown, M. Herman  EVAL-Jul17
# uncertainties: n
# # energies =   280
#   E(MeV)       xs(mb) 
 1.00000E-11    5.34082E+05
 1.09051E-11    5.11438E+05
 1.17640E-11    4.92414E+05
 1.25708E-11    4.76350E+05
 1.33221E-11    4.62724E+05
 1.47465E-11    4.39809E+05
 1.59138E-11    4.23371E+05
 1.68495E-11    4.11448E+05
 1.83573E-11    3.94188E+05
 2.00000E-11    3.77653E+05
 2.18102E-11    3.61642E+05
 2.35280E-11    3.48189E+05
 2.51417E-11    3.36830E+05
 2.66442E-11    3.27195E+05
 2.94929E-11    3.10992E+05
 3.18275E-11    2.99369E+05
 3.36990E-11    2.90937E+05
 3.67146E-11    2.78733E+05
 4.00000E-11    2.67041E+05
 4.36203E-11    2.55719E+05
 4.70559E-11    2.46207E+05
 5.02833E-11    2.38175E+05
 5.32883E-11    2.31362E+05
 5.89856E-11    2.19905E+05
 6.36549E-11    2.11686E+05
 6.73979E-11    2.05724E+05
 7.34291E-11    1.97094E+05
 8.00000E-11    1.88827E+05
 8.72406E-11    1.80821E+05
 9.41117E-11    1.74095E+05
 1.00566E-10    1.68416E+05
 1.06576E-10    1.63598E+05
 1.17971E-10    1.55496E+05
 1.27310E-10    1.49685E+05
 1.34796E-10    1.45469E+05
 1.46858E-10    1.39367E+05
 1.60000E-10    1.33521E+05
 1.74481E-10    1.27860E+05
 1.88223E-10    1.23104E+05
 2.01133E-10    1.19088E+05
 2.13153E-10    1.15681E+05
 2.35942E-10    1.09953E+05
 2.54619E-10    1.05843E+05
 2.69591E-10    1.02862E+05
 2.93716E-10    9.85472E+04
 3.20000E-10    9.44133E+04
 3.48962E-10    9.04106E+04
 3.76447E-10    8.70475E+04
 4.02266E-10    8.42076E+04
 4.26306E-10    8.17989E+04
 4.71885E-10    7.77481E+04
 5.09240E-10    7.48423E+04
 5.39184E-10    7.27344E+04
 5.87433E-10    6.96834E+04
 6.40000E-10    6.67603E+04
 6.97925E-10    6.39299E+04
 7.52894E-10    6.15519E+04
 8.04532E-10    5.95438E+04
 8.52612E-10    5.78406E+04
 9.43770E-10    5.49762E+04
 1.01848E-09    5.29215E+04
 1.07837E-09    5.14310E+04
 1.17487E-09    4.92736E+04
 1.28000E-09    4.72067E+04
 1.39585E-09    4.52052E+04
 1.50579E-09    4.35237E+04
 1.60906E-09    4.21038E+04
 1.70523E-09    4.08994E+04
 1.88754E-09    3.88741E+04
 2.03696E-09    3.74211E+04
 2.15674E-09    3.63672E+04
 2.34973E-09    3.48417E+04
 2.56000E-09    3.33801E+04
 2.79170E-09    3.19649E+04
 3.01158E-09    3.07759E+04
 3.21813E-09    2.97719E+04
 3.41045E-09    2.89203E+04
 3.77508E-09    2.74881E+04
 4.07392E-09    2.64607E+04
 4.31347E-09    2.57155E+04
 4.69946E-09    2.46368E+04
 5.12000E-09    2.36033E+04
 5.58340E-09    2.26026E+04
 6.02315E-09    2.17619E+04
 6.43626E-09    2.10519E+04
 6.82090E-09    2.04497E+04
 7.55016E-09    1.94370E+04
 8.14783E-09    1.87106E+04
 8.62694E-09    1.81836E+04
 9.39893E-09    1.74208E+04
 1.02400E-08    1.66901E+04
 1.11668E-08    1.59825E+04
 1.20463E-08    1.53880E+04
 1.28725E-08    1.48859E+04
 1.36418E-08    1.44601E+04
 1.51003E-08    1.37441E+04
 1.62957E-08    1.32304E+04
 1.72539E-08    1.28577E+04
 1.87979E-08    1.23184E+04
 2.04800E-08    1.18017E+04
 2.15912E-08    1.14940E+04
 2.33722E-08    1.10474E+04
 2.53000E-08    1.06181E+04
 2.75899E-08    1.01680E+04
 2.97628E-08    9.78974E+03
 3.18042E-08    9.47036E+03
 3.37048E-08    9.19945E+03
 3.73084E-08    8.74389E+03
 4.02618E-08    8.41709E+03
 4.26292E-08    8.18002E+03
 4.64439E-08    7.83689E+03
 5.06000E-08    7.50815E+03
 5.51797E-08    7.18983E+03
 5.95257E-08    6.92239E+03
 6.36083E-08    6.69655E+03
 6.74097E-08    6.50500E+03
 7.46168E-08    6.18286E+03
 8.05235E-08    5.95178E+03
 8.52584E-08    5.78415E+03
 9.28878E-08    5.54152E+03
 1.01200E-07    5.30906E+03
 1.10359E-07    5.08398E+03
 1.19051E-07    4.89487E+03
 1.27217E-07    4.73518E+03
 1.34819E-07    4.59973E+03
 1.49234E-07    4.37195E+03
 1.61047E-07    4.20854E+03
 1.70517E-07    4.09001E+03
 1.85776E-07    3.91844E+03
 2.02400E-07    3.75407E+03
 2.20719E-07    3.59491E+03
 2.38103E-07    3.46119E+03
 2.54433E-07    3.34828E+03
 2.69639E-07    3.25250E+03
 2.98467E-07    3.09143E+03
 3.22094E-07    2.97589E+03
 3.41034E-07    2.89207E+03
 3.71551E-07    2.77076E+03
 4.04800E-07    2.65453E+03
 4.41438E-07    2.54199E+03
 4.76205E-07    2.44743E+03
 5.08866E-07    2.36759E+03
 5.39277E-07    2.29986E+03
 5.96935E-07    2.18597E+03
 6.44188E-07    2.10427E+03
 6.82067E-07    2.04501E+03
 7.43103E-07    1.95922E+03
 8.09600E-07    1.87704E+03
 8.82875E-07    1.79746E+03
 9.52411E-07    1.73060E+03
 1.01773E-06    1.67414E+03
 1.07855E-06    1.62625E+03
 1.19387E-06    1.54572E+03
 1.28838E-06    1.48794E+03
 1.36413E-06    1.44604E+03
 1.48620E-06    1.38538E+03
 1.61920E-06    1.32727E+03
 1.76575E-06    1.27099E+03
 1.90482E-06    1.22372E+03
 2.03547E-06    1.18379E+03
 2.15711E-06    1.14993E+03
 2.38774E-06    1.09299E+03
 2.57675E-06    1.05214E+03
 2.72827E-06    1.02250E+03
 2.97241E-06    9.79611E+02
 3.23840E-06    9.38519E+02
 3.53150E-06    8.98729E+02
 3.80964E-06    8.65299E+02
 4.07093E-06    8.37069E+02
 4.31422E-06    8.13124E+02
 4.77548E-06    7.72858E+02
 5.15350E-06    7.43972E+02
 5.45654E-06    7.23019E+02
 5.94482E-06    6.92690E+02
 6.47680E-06    6.63633E+02
 6.83818E-06    6.45859E+02
 7.51978E-06    6.15893E+02
 8.07521E-06    5.94335E+02
 8.51855E-06    5.78663E+02
 9.22960E-06    5.55926E+02
 1.00000E-05    5.34082E+02
 2.00000E-05    2.94218E+02
 5.00000E-05    1.55461E+02
 7.00000E-05    1.21879E+02
 1.00000E-04    9.36955E+01
 1.55365E-04    7.24744E+01
 1.55365E-04    2.54342E+05
 2.00000E-04    2.14764E+05
 5.00000E-04    1.36063E+05
 7.00000E-04    1.15085E+05
 1.00000E-03    9.63754E+04
 2.00000E-03    6.82848E+04
 5.00000E-03    4.33042E+04
 7.00000E-03    3.66272E+04
 1.00000E-02    3.06599E+04
 1.73491E-02    2.37644E+04
 2.00000E-02    2.16645E+04
 3.35000E-02    1.80344E+04
 5.00000E-02    1.36237E+04
 7.00000E-02    1.14889E+04
 7.36355E-02    1.12200E+04
 8.37550E-02    1.05543E+04
 8.97059E-02    1.02082E+04
 9.49317E-02    9.90892E+03
 1.00000E-01    9.62364E+03
 1.08243E-01    9.38087E+03
 1.37363E-01    8.59497E+03
 1.50896E-01    8.23358E+03
 1.68084E-01    7.81752E+03
 1.89118E-01    7.34073E+03
 2.00000E-01    7.11529E+03
 2.02490E-01    7.08454E+03
 2.13888E-01    6.98194E+03
 2.33704E-01    6.82028E+03
 2.37158E-01    6.79295E+03
 2.87172E-01    6.44079E+03
 2.94663E-01    6.39526E+03
 3.00000E-01    6.37197E+03
 3.04551E-01    6.35702E+03
 3.12727E-01    6.33524E+03
 3.54937E-01    6.25879E+03
 3.94680E-01    6.19854E+03
 4.00000E-01    6.19433E+03
 4.20799E-01    6.19470E+03
 4.55729E-01    6.20681E+03
 5.00000E-01    6.25082E+03
 5.21913E-01    6.26052E+03
 5.35849E-01    6.27336E+03
 5.68322E-01    6.31153E+03
 5.85661E-01    6.33220E+03
 5.93575E-01    6.34454E+03
 6.53516E-01    6.45672E+03
 6.70423E-01    6.49577E+03
 6.80200E-01    6.52027E+03
 7.00000E-01    6.57685E+03
 7.04356E-01    6.57881E+03
 7.08343E-01    6.58154E+03
 7.63743E-01    6.63962E+03
 7.70570E-01    6.65051E+03
 7.72503E-01    6.65383E+03
 7.96971E-01    6.69993E+03
 8.16425E-01    6.74280E+03
 8.26373E-01    6.76594E+03
 8.50000E-01    6.82284E+03
 1.00000E+00    7.01047E+03
 1.30000E+00    7.19658E+03
 1.50000E+00    7.21164E+03
 1.80000E+00    7.13240E+03
 2.00000E+00    7.03686E+03
 2.25000E+00    6.88782E+03
 2.50000E+00    6.71622E+03
 2.75000E+00    6.52864E+03
 3.00000E+00    6.32982E+03
 3.20000E+00    6.16576E+03
 3.40000E+00    5.99991E+03
 3.60000E+00    5.83476E+03
 3.80000E+00    5.67268E+03
 4.00000E+00    5.51594E+03
 4.20000E+00    5.36651E+03
 4.40000E+00    5.22609E+03
 4.60000E+00    5.09602E+03
 4.80000E+00    4.97726E+03
 5.00000E+00    4.87044E+03
 5.50000E+00    4.65661E+03
 6.00000E+00    4.51441E+03
 6.29925E+00    4.40130E+03
 7.00000E+00    4.39489E+03
 8.00000E+00    4.40553E+03
 9.00000E+00    4.47547E+03
 1.00000E+01    4.57289E+03
 1.10000E+01    4.68301E+03
 1.20000E+01    4.79372E+03
 1.30000E+01    4.89253E+03
 1.40000E+01    4.96898E+03
 1.50000E+01    5.01622E+03
 1.60000E+01    5.03164E+03
 1.70000E+01    5.01588E+03
 1.80000E+01    4.97246E+03
 1.90000E+01    4.90693E+03
 2.00000E+01    4.82570E+03
