# n + Pm146 : (n,p14)   
# endfb8.0      G. Nobre, D. Brown, M. Herman  EVAL-Jul17
# uncertainties: n
# # energies =    37
#   E(MeV)       xs(mb) 
 1.00000E-11    0.00000E+00
 2.53000E-08    0.00000E+00
 1.00000E-05    0.00000E+00
 1.30000E+00    1.23550E-08
 1.50000E+00    7.49990E-08
 1.80000E+00    5.82890E-07
 2.00000E+00    1.74050E-06
 2.25000E+00    5.19718E-06
 2.50000E+00    1.25188E-05
 2.75000E+00    2.62863E-05
 3.00000E+00    4.73636E-05
 3.20000E+00    6.98943E-05
 3.40000E+00    9.64448E-05
 3.60000E+00    1.25599E-04
 3.80000E+00    1.55634E-04
 4.00000E+00    1.85808E-04
 4.20000E+00    2.14973E-04
 4.40000E+00    2.42612E-04
 4.60000E+00    2.67901E-04
 4.80000E+00    2.90240E-04
 5.00000E+00    3.09423E-04
 5.50000E+00    3.39758E-04
 6.00000E+00    3.47913E-04
 7.00000E+00    2.97618E-04
 8.00000E+00    1.90831E-04
 9.00000E+00    1.04929E-04
 1.00000E+01    5.09186E-05
 1.10000E+01    2.34846E-05
 1.20000E+01    1.08215E-05
 1.30000E+01    5.09135E-06
 1.40000E+01    2.47231E-06
 1.50000E+01    1.23427E-06
 1.60000E+01    6.32080E-07
 1.70000E+01    3.29240E-07
 1.80000E+01    1.73780E-07
 1.90000E+01    9.25000E-08
 2.00000E+01    4.95710E-08
