# n + Pm146 : (n,p38)   
# endfb8.0      G. Nobre, D. Brown, M. Herman  EVAL-Jul17
# uncertainties: n
# # energies =    35
#   E(MeV)       xs(mb) 
 1.00000E-11    0.00000E+00
 2.53000E-08    0.00000E+00
 1.00000E-05    0.00000E+00
 1.80000E+00    1.40800E-08
 2.00000E+00    7.57500E-08
 2.25000E+00    3.94300E-07
 2.50000E+00    1.45337E-06
 2.75000E+00    4.11705E-06
 3.00000E+00    9.42270E-06
 3.20000E+00    1.62779E-05
 3.40000E+00    2.56566E-05
 3.60000E+00    3.73902E-05
 3.80000E+00    5.09621E-05
 4.00000E+00    6.60016E-05
 4.20000E+00    8.18014E-05
 4.40000E+00    9.78894E-05
 4.60000E+00    1.13630E-04
 4.80000E+00    1.28489E-04
 5.00000E+00    1.42264E-04
 5.50000E+00    1.68811E-04
 6.00000E+00    1.84795E-04
 7.00000E+00    1.81074E-04
 8.00000E+00    1.30654E-04
 9.00000E+00    8.21939E-05
 1.00000E+01    4.40727E-05
 1.10000E+01    2.15293E-05
 1.20000E+01    1.02051E-05
 1.30000E+01    4.85750E-06
 1.40000E+01    2.36459E-06
 1.50000E+01    1.18001E-06
 1.60000E+01    6.05020E-07
 1.70000E+01    3.16380E-07
 1.80000E+01    1.67880E-07
 1.90000E+01    8.98190E-08
 2.00000E+01    4.83300E-08
