# n + Nd146 : (n,p)     
# jendl4.0   N.Iwamoto,A.Zukeran,K.Shibata     EVAL-Dec09
# uncertainties: n
# # energies =    39
#   E(MeV)       xs(mb) 
 3.45864E+00    0.00000E+00
 3.47095E+00    1.37080E-14
 3.49393E+00    3.93120E-14
 3.54646E+00    2.80670E-13
 3.56022E+00    3.65250E-13
 3.59311E+00    6.08470E-13
 3.60090E+00    6.71760E-13
 4.50000E+00    8.55200E-12
 5.00000E+00    5.70840E-11
 5.50000E+00    1.28400E-08
 6.00000E+00    4.54040E-07
 6.50000E+00    5.66846E-06
 7.00000E+00    3.70518E-05
 7.50000E+00    1.63964E-04
 8.00000E+00    5.89346E-04
 8.50000E+00    1.89140E-03
 9.00000E+00    5.53967E-03
 9.50000E+00    1.47283E-02
 1.00000E+01    3.54603E-02
 1.05000E+01    7.77786E-02
 1.10000E+01    1.56439E-01
 1.15000E+01    2.92194E-01
 1.20000E+01    5.09250E-01
 1.25000E+01    8.36475E-01
 1.30000E+01    1.29884E+00
 1.35000E+01    1.92027E+00
 1.40000E+01    2.71156E+00
 1.45000E+01    3.67650E+00
 1.50000E+01    4.80225E+00
 1.55000E+01    6.06433E+00
 1.60000E+01    7.41740E+00
 1.65000E+01    8.84739E+00
 1.70000E+01    1.02247E+01
 1.75000E+01    1.15636E+01
 1.80000E+01    1.27738E+01
 1.85000E+01    1.37962E+01
 1.90000E+01    1.47394E+01
 1.95000E+01    1.55161E+01
 2.00000E+01    1.61846E+01
