# n + Al 27 : (n,n'23)  
# endfb8.0   M.B.Chadwick+,Derrien+            EVAL-FEB01
# uncertainties: n
# # energies =    42
#   E(MeV)       xs(mb) 
 6.04463E+00    0.00000E+00
 6.18239E+00    3.03144E+00
 6.25000E+00    4.51915E+00
 6.30729E+00    5.46433E+00
 6.34402E+00    6.07018E+00
 6.38945E+00    6.81978E+00
 6.50000E+00    8.64353E+00
 6.52203E+00    8.84173E+00
 6.70565E+00    1.04936E+01
 6.71944E+00    1.06177E+01
 6.75000E+00    1.08926E+01
 6.75524E+00    1.09022E+01
 6.77723E+00    1.09427E+01
 6.85223E+00    1.10808E+01
 6.90016E+00    1.11691E+01
 6.96396E+00    1.12865E+01
 7.00000E+00    1.13529E+01
 7.01790E+00    1.14997E+01
 7.02869E+00    1.15882E+01
 7.06894E+00    1.19184E+01
 7.07496E+00    1.19678E+01
 7.25000E+00    1.34037E+01
 7.50000E+00    1.28509E+01
 7.75000E+00    1.21815E+01
 8.00000E+00    1.15820E+01
 8.25000E+00    1.09111E+01
 8.50000E+00    1.01985E+01
 9.00000E+00    9.33826E+00
 9.50000E+00    8.34132E+00
 1.00000E+01    7.59115E+00
 1.05000E+01    6.73669E+00
 1.10000E+01    6.09413E+00
 1.15000E+01    5.51749E+00
 1.20000E+01    4.90626E+00
 1.30000E+01    3.89937E+00
 1.40000E+01    3.10796E+00
 1.50000E+01    2.48467E+00
 1.60000E+01    2.01859E+00
 1.70000E+01    1.68901E+00
 1.80000E+01    1.42684E+00
 1.90000E+01    1.21796E+00
 2.00000E+01    1.05204E+00
