# n + Kr 81 :  n        
# endfb8.0   A.J. Koning and D. Rochman        EVAL-DEC15
# uncertainties: y
# # energies =    63
#   E(MeV)       xs(mb)       xslow(mb)      xsupp(mb)
 1.46122E+00    0.00000E+00   -0.00000E+00    0.00000E+00
 1.60000E+00    3.26218E+01    0.00000E+00    6.67512E+01
 1.80000E+00    2.49354E+02    1.97819E+02    3.00889E+02
 2.00000E+00    5.64232E+02    4.47620E+02    6.80845E+02
 2.20000E+00    8.78085E+02    6.96607E+02    1.05956E+03
 2.40000E+00    1.14899E+03    9.11525E+02    1.38646E+03
 2.60000E+00    1.36796E+03    1.26657E+03    1.46934E+03
 2.80000E+00    1.53797E+03    1.42398E+03    1.65195E+03
 3.00000E+00    1.66557E+03    1.54213E+03    1.78901E+03
 3.20000E+00    1.75767E+03    1.62740E+03    1.88794E+03
 3.40000E+00    1.82091E+03    1.68595E+03    1.95586E+03
 3.60000E+00    1.86123E+03    1.72328E+03    1.99917E+03
 3.80000E+00    1.88363E+03    1.74403E+03    2.02324E+03
 4.00000E+00    1.89252E+03    1.75226E+03    2.03279E+03
 4.20000E+00    1.89153E+03    1.75134E+03    2.03172E+03
 4.40000E+00    1.88350E+03    1.74391E+03    2.02310E+03
 4.60000E+00    1.87108E+03    1.74904E+03    1.99313E+03
 4.80000E+00    1.85600E+03    1.73494E+03    1.97706E+03
 5.00000E+00    1.83985E+03    1.71985E+03    1.95985E+03
 5.20000E+00    1.82363E+03    1.70468E+03    1.94258E+03
 5.40000E+00    1.80780E+03    1.68988E+03    1.92571E+03
 5.60000E+00    1.79332E+03    1.67635E+03    1.91029E+03
 5.80000E+00    1.78002E+03    1.66392E+03    1.89612E+03
 6.00000E+00    1.76835E+03    1.65301E+03    1.88369E+03
 6.20000E+00    1.75839E+03    1.64370E+03    1.87308E+03
 6.40000E+00    1.74941E+03    1.63530E+03    1.86351E+03
 6.60000E+00    1.74230E+03    1.61840E+03    1.86620E+03
 6.80000E+00    1.73597E+03    1.61252E+03    1.85942E+03
 7.00000E+00    1.73083E+03    1.60775E+03    1.85392E+03
 7.20000E+00    1.72654E+03    1.60376E+03    1.84932E+03
 7.40000E+00    1.72254E+03    1.60004E+03    1.84503E+03
 7.60000E+00    1.71935E+03    1.59708E+03    1.84162E+03
 7.80000E+00    1.71609E+03    1.59405E+03    1.83812E+03
 8.00000E+00    1.71216E+03    1.59040E+03    1.83391E+03
 8.50000E+00    1.68600E+03    1.56610E+03    1.80589E+03
 9.00000E+00    1.62099E+03    1.18390E+03    2.05808E+03
 9.50000E+00    1.51280E+03    1.10488E+03    1.92072E+03
 1.00000E+01    1.37540E+03    1.00453E+03    1.74627E+03
 1.05000E+01    1.22456E+03    8.94361E+02    1.55476E+03
 1.10000E+01    1.07206E+03    7.82981E+02    1.36113E+03
 1.15000E+01    9.28967E+02    6.78475E+02    1.17946E+03
 1.20000E+01    7.96185E+02    5.81497E+02    1.01087E+03
 1.25000E+01    6.81329E+02    4.97611E+02    8.65046E+02
 1.30000E+01    5.86020E+02    3.32540E+02    8.39501E+02
 1.35000E+01    5.08735E+02    2.88684E+02    7.28786E+02
 1.40000E+01    4.47980E+02    2.54208E+02    6.41753E+02
 1.45000E+01    4.00238E+02    2.27117E+02    5.73359E+02
 1.50000E+01    3.63379E+02    2.06201E+02    5.20557E+02
 1.60000E+01    3.12862E+02    1.71838E+02    4.53885E+02
 1.70000E+01    2.81959E+02    1.54865E+02    4.09054E+02
 1.80000E+01    2.61079E+02    1.43396E+02    3.78762E+02
 1.90000E+01    2.45819E+02    1.35015E+02    3.56623E+02
 2.00000E+01    2.33469E+02    1.36488E+02    3.30450E+02
 2.10000E+01    2.22953E+02    1.30340E+02    3.15565E+02
 2.20000E+01    2.12605E+02    1.24291E+02    3.00920E+02
 2.30000E+01    2.05860E+02    1.20348E+02    2.91372E+02
 2.40000E+01    1.97518E+02    1.23838E+02    2.71199E+02
 2.50000E+01    1.89407E+02    1.18752E+02    2.60062E+02
 2.60000E+01    1.81938E+02    1.14069E+02    2.49807E+02
 2.70000E+01    1.75562E+02    1.10072E+02    2.41053E+02
 2.80000E+01    1.69315E+02    1.06155E+02    2.32475E+02
 2.90000E+01    1.64034E+02    1.02844E+02    2.25223E+02
 3.00000E+01    1.59102E+02    9.97521E+01    2.18453E+02
