# n + Kr 81 : (n,n')    
# endfb8.0   A.J. Koning and D. Rochman        EVAL-DEC15
# uncertainties: y
# # energies =   135
#   E(MeV)       xs(mb)       xslow(mb)      xsupp(mb)
 5.01879E-02    0.00000E+00    0.00000E+00    0.00000E+00
 6.00000E-02    1.34578E+02    1.91502E+01    2.50006E+02
 1.00000E-01    2.93587E+02    4.17768E+01    5.45397E+02
 1.93016E-01    4.71967E+02    6.71600E+01    8.76775E+02
 2.00000E-01    4.85793E+02    3.61458E+02    6.10127E+02
 3.00000E-01    6.00927E+02    4.47125E+02    7.54730E+02
 4.00000E-01    6.70588E+02    4.98956E+02    8.42220E+02
 4.62433E-01    6.88800E+02    5.12507E+02    8.65092E+02
 5.00000E-01    7.65942E+02    5.69905E+02    9.61978E+02
 5.55823E-01    8.00996E+02    5.95987E+02    1.00600E+03
 6.00000E-01    8.73230E+02    7.23850E+02    1.02261E+03
 6.16095E-01    8.84311E+02    7.33036E+02    1.03559E+03
 6.44708E-01    9.12756E+02    7.56615E+02    1.06890E+03
 7.00000E-01    9.85940E+02    8.17280E+02    1.15460E+03
 7.09536E-01    9.88960E+02    8.19784E+02    1.15814E+03
 7.41145E-01    1.01631E+03    8.42452E+02    1.19016E+03
 8.00000E-01    1.09785E+03    9.10045E+02    1.28565E+03
 8.84571E-01    1.15048E+03    9.53674E+02    1.34729E+03
 9.00000E-01    1.17452E+03    9.73603E+02    1.37544E+03
 9.13791E-01    1.17615E+03    9.74954E+02    1.37735E+03
 9.31276E-01    1.18793E+03    9.84719E+02    1.39115E+03
 9.45774E-01    1.19944E+03    9.94255E+02    1.40462E+03
 9.88349E-01    1.25518E+03    1.04046E+03    1.46989E+03
 9.91325E-01    1.26015E+03    1.04458E+03    1.47572E+03
 9.93826E-01    1.26440E+03    1.04811E+03    1.48070E+03
 1.00000E+00    1.28210E+03    1.12816E+03    1.43604E+03
 1.00673E+00    1.28422E+03    1.13003E+03    1.43841E+03
 1.02748E+00    1.29213E+03    1.13699E+03    1.44728E+03
 1.03843E+00    1.29965E+03    1.14361E+03    1.45570E+03
 1.10713E+00    1.35931E+03    1.19610E+03    1.52252E+03
 1.11374E+00    1.36633E+03    1.20228E+03    1.53038E+03
 1.20000E+00    1.47476E+03    1.29769E+03    1.65183E+03
 1.22166E+00    1.47633E+03    1.29907E+03    1.65359E+03
 1.25450E+00    1.48526E+03    1.30693E+03    1.66359E+03
 1.29418E+00    1.49857E+03    1.31865E+03    1.67850E+03
 1.29649E+00    1.49945E+03    1.31942E+03    1.67949E+03
 1.35498E+00    1.52890E+03    1.34533E+03    1.71247E+03
 1.36589E+00    1.53567E+03    1.35129E+03    1.72005E+03
 1.36799E+00    1.53771E+03    1.35308E+03    1.72233E+03
 1.40000E+00    1.57811E+03    1.38863E+03    1.76759E+03
 1.41316E+00    1.57809E+03    1.38861E+03    1.76756E+03
 1.46122E+00    1.58439E+03    1.39416E+03    1.77462E+03
 1.51023E+00    1.61085E+03    1.41744E+03    1.80426E+03
 1.60000E+00    1.65933E+03    1.46010E+03    1.85856E+03
 1.80000E+00    1.74243E+03    1.56984E+03    1.91502E+03
 2.00000E+00    1.82856E+03    1.64744E+03    2.00968E+03
 2.20000E+00    1.90832E+03    1.71930E+03    2.09734E+03
 2.40000E+00    1.97538E+03    1.77972E+03    2.17104E+03
 2.60000E+00    2.02745E+03    1.87311E+03    2.18179E+03
 2.80000E+00    2.06314E+03    1.90608E+03    2.22020E+03
 3.00000E+00    2.08327E+03    1.92468E+03    2.24185E+03
 3.20000E+00    2.08926E+03    1.93022E+03    2.24831E+03
 3.40000E+00    2.08349E+03    1.92489E+03    2.24210E+03
 3.60000E+00    2.06867E+03    1.91119E+03    2.22615E+03
 3.80000E+00    2.04707E+03    1.89124E+03    2.20290E+03
 4.00000E+00    2.02119E+03    1.86732E+03    2.17505E+03
 4.20000E+00    1.99285E+03    1.84114E+03    2.14455E+03
 4.40000E+00    1.96344E+03    1.81397E+03    2.11291E+03
 4.60000E+00    1.93438E+03    1.81078E+03    2.05799E+03
 4.80000E+00    1.90640E+03    1.78459E+03    2.02822E+03
 5.00000E+00    1.88029E+03    1.76014E+03    2.00044E+03
 5.20000E+00    1.85637E+03    1.73775E+03    1.97498E+03
 5.40000E+00    1.83458E+03    1.71736E+03    1.95181E+03
 5.60000E+00    1.81551E+03    1.69950E+03    1.93152E+03
 5.80000E+00    1.79864E+03    1.68371E+03    1.91357E+03
 6.00000E+00    1.78423E+03    1.67022E+03    1.89823E+03
 6.20000E+00    1.77211E+03    1.65888E+03    1.88535E+03
 6.40000E+00    1.76145E+03    1.64890E+03    1.87401E+03
 6.60000E+00    1.75304E+03    1.63047E+03    1.87561E+03
 6.80000E+00    1.74567E+03    1.62362E+03    1.86773E+03
 7.00000E+00    1.73974E+03    1.61810E+03    1.86138E+03
 7.20000E+00    1.73480E+03    1.61351E+03    1.85610E+03
 7.40000E+00    1.73029E+03    1.60931E+03    1.85127E+03
 7.60000E+00    1.72670E+03    1.60597E+03    1.84743E+03
 7.80000E+00    1.72311E+03    1.60263E+03    1.84359E+03
 8.00000E+00    1.71892E+03    1.59874E+03    1.83911E+03
 8.50000E+00    1.69233E+03    1.57400E+03    1.81065E+03
 9.00000E+00    1.62706E+03    1.19343E+03    2.06069E+03
 9.50000E+00    1.51872E+03    1.11397E+03    1.92348E+03
 1.00000E+01    1.38122E+03    1.01311E+03    1.74934E+03
 1.05000E+01    1.23033E+03    9.02436E+02    1.55823E+03
 1.10000E+01    1.07780E+03    7.90555E+02    1.36504E+03
 1.15000E+01    9.34693E+02    6.85588E+02    1.18380E+03
 1.20000E+01    8.01904E+02    5.88188E+02    1.01562E+03
 1.25000E+01    6.87044E+02    5.03940E+02    8.70148E+02
 1.30000E+01    5.91735E+02    3.40406E+02    8.43064E+02
 1.35000E+01    5.14448E+02    2.95945E+02    7.32951E+02
 1.40000E+01    4.53692E+02    2.60994E+02    6.46390E+02
 1.45000E+01    4.05945E+02    2.33527E+02    5.78364E+02
 1.50000E+01    3.69081E+02    2.12320E+02    5.25842E+02
 1.60000E+01    3.18549E+02    1.78050E+02    4.59047E+02
 1.70000E+01    2.87631E+02    1.60769E+02    4.14493E+02
 1.80000E+01    2.66739E+02    1.49092E+02    3.84387E+02
 1.90000E+01    2.51472E+02    1.40558E+02    3.62385E+02
 2.00000E+01    2.39117E+02    1.42284E+02    3.35950E+02
 2.10000E+01    2.28594E+02    1.36023E+02    3.21165E+02
 2.20000E+01    2.18234E+02    1.29858E+02    3.06609E+02
 2.30000E+01    2.11465E+02    1.25831E+02    2.97100E+02
 2.40000E+01    2.03090E+02    1.29270E+02    2.76910E+02
 2.50000E+01    1.94934E+02    1.24078E+02    2.65790E+02
 2.60000E+01    1.87412E+02    1.19290E+02    2.55534E+02
 2.70000E+01    1.80976E+02    1.15194E+02    2.46758E+02
 2.80000E+01    1.74663E+02    1.11176E+02    2.38151E+02
 2.90000E+01    1.69314E+02    1.07771E+02    2.30857E+02
 3.00000E+01    1.64312E+02    1.04587E+02    2.24038E+02
 3.00000E+01    1.63511E+02    1.04077E+02    2.22945E+02
 3.20000E+01    1.52647E+02    9.71620E+01    2.08132E+02
 3.40000E+01    1.40602E+02    8.94954E+01    1.91709E+02
 3.60000E+01    1.29377E+02    8.23500E+01    1.76403E+02
 3.80000E+01    1.19635E+02    7.61492E+01    1.63120E+02
 4.00000E+01    1.09901E+02    6.99538E+01    1.49849E+02
 4.20000E+01    1.01330E+02    6.44981E+01    1.38162E+02
 4.40000E+01    9.18915E+01    5.84902E+01    1.25293E+02
 4.60000E+01    8.64800E+01    5.50458E+01    1.17914E+02
 4.80000E+01    8.28530E+01    5.27371E+01    1.12969E+02
 5.00000E+01    8.14800E+01    5.18632E+01    1.11097E+02
 5.20000E+01    7.84252E+01    4.99187E+01    1.06932E+02
 5.40000E+01    7.37525E+01    4.69445E+01    1.00561E+02
 5.60000E+01    6.93196E+01    4.41229E+01    9.45164E+01
 5.80000E+01    6.53779E+01    4.16140E+01    8.91419E+01
 6.00000E+01    6.16600E+01    3.92474E+01    8.40725E+01
 6.50000E+01    5.48965E+01    3.49424E+01    7.48506E+01
 7.00000E+01    4.76982E+01    3.03606E+01    6.50358E+01
 7.50000E+01    4.25069E+01    2.70562E+01    5.79576E+01
 8.00000E+01    3.77833E+01    2.40496E+01    5.15171E+01
 9.00000E+01    3.02574E+01    1.92593E+01    4.12556E+01
 1.00000E+02    2.44977E+01    1.55931E+01    3.34022E+01
 1.10000E+02    2.01063E+01    1.27980E+01    2.74147E+01
 1.20000E+02    1.66221E+01    1.05802E+01    2.26640E+01
 1.30000E+02    1.38552E+01    8.81901E+00    1.88913E+01
 1.40000E+02    1.16900E+01    7.44087E+00    1.59392E+01
 1.50000E+02    9.91238E+00    6.30937E+00    1.35154E+01
 1.60000E+02    8.49562E+00    5.40758E+00    1.15837E+01
 1.80000E+02    6.59884E+00    4.20025E+00    8.99742E+00
 2.00000E+02    5.46524E+00    3.47870E+00    7.45178E+00
