# n + Zr 92 : (n,xh)    
# tendl.2019 A.J. Koning and D. Rochman        EVAL-NOV19
# 
# # energies =   125
#   E(MeV)        xs(mb) 
 9.44766E-01    0.00000E+00
 1.00000E+00    0.00000E+00
 1.20000E+00    0.00000E+00
 1.39795E+00    0.00000E+00
 1.40000E+00    0.00000E+00
 1.51187E+00    0.00000E+00
 1.60000E+00    0.00000E+00
 1.80000E+00    0.00000E+00
 1.86754E+00    0.00000E+00
 2.00000E+00    0.00000E+00
 2.08933E+00    0.00000E+00
 2.20000E+00    0.00000E+00
 2.20595E+00    0.00000E+00
 2.36534E+00    0.00000E+00
 2.40000E+00    0.00000E+00
 2.42468E+00    0.00000E+00
 2.50055E+00    0.00000E+00
 2.51329E+00    0.00000E+00
 2.60000E+00    0.00000E+00
 2.69526E+00    0.00000E+00
 2.77366E+00    0.00000E+00
 2.78220E+00    0.00000E+00
 2.80000E+00    0.00000E+00
 2.85048E+00    0.00000E+00
 2.89610E+00    0.00000E+00
 2.93595E+00    0.00000E+00
 2.94136E+00    0.00000E+00
 2.98986E+00    0.00000E+00
 3.00000E+00    0.00000E+00
 3.07306E+00    0.00000E+00
 3.09096E+00    0.00000E+00
 3.15890E+00    0.00000E+00
 3.20000E+00    0.00000E+00
 3.21319E+00    0.00000E+00
 3.22601E+00    0.00000E+00
 3.27243E+00    0.00000E+00
 3.29843E+00    0.00000E+00
 3.31171E+00    0.00000E+00
 3.32523E+00    0.00000E+00
 3.34026E+00    0.00000E+00
 3.34501E+00    0.00000E+00
 3.36149E+00    0.00000E+00
 3.40000E+00    0.00000E+00
 3.60000E+00    0.00000E+00
 3.80000E+00    0.00000E+00
 4.00000E+00    0.00000E+00
 4.20000E+00    0.00000E+00
 4.40000E+00    0.00000E+00
 4.60000E+00    0.00000E+00
 4.80000E+00    0.00000E+00
 5.00000E+00    0.00000E+00
 5.20000E+00    0.00000E+00
 5.40000E+00    0.00000E+00
 5.60000E+00    0.00000E+00
 5.80000E+00    0.00000E+00
 6.00000E+00    0.00000E+00
 6.20000E+00    0.00000E+00
 6.40000E+00    0.00000E+00
 6.60000E+00    0.00000E+00
 6.80000E+00    0.00000E+00
 7.00000E+00    0.00000E+00
 7.20000E+00    0.00000E+00
 7.40000E+00    0.00000E+00
 7.60000E+00    0.00000E+00
 7.80000E+00    0.00000E+00
 8.00000E+00    0.00000E+00
 8.50000E+00    0.00000E+00
 9.00000E+00    0.00000E+00
 9.50000E+00    1.51640E-18
 1.00000E+01    3.02687E-17
 1.05000E+01    5.90209E-17
 1.10000E+01    8.77732E-17
 1.15000E+01    1.16525E-16
 1.20000E+01    1.45278E-16
 1.25000E+01    1.74030E-16
 1.30000E+01    1.68360E-14
 1.35000E+01    4.57230E-13
 1.40000E+01    7.37920E-12
 1.45000E+01    7.07020E-11
 1.50000E+01    4.59150E-10
 1.60000E+01    8.97930E-09
 1.70000E+01    1.52730E-07
 1.80000E+01    3.32070E-06
 1.90000E+01    4.97459E-05
 2.00000E+01    4.59157E-04
 2.10000E+01    2.83355E-03
 2.20000E+01    1.24841E-02
 2.30000E+01    4.07402E-02
 2.40000E+01    1.02607E-01
 2.50000E+01    2.10643E-01
 2.60000E+01    3.79382E-01
 2.70000E+01    5.97550E-01
 2.80000E+01    8.68083E-01
 2.90000E+01    1.18763E+00
 3.00000E+01    1.55212E+00
 3.00000E+01    1.55212E+00
 3.20000E+01    2.39677E+00
 3.40000E+01    3.36717E+00
 3.60000E+01    4.50823E+00
 3.80000E+01    5.67232E+00
 4.00000E+01    6.90488E+00
 4.20000E+01    8.19191E+00
 4.40000E+01    9.52156E+00
 4.60000E+01    1.08874E+01
 4.80000E+01    1.22855E+01
 5.00000E+01    1.37156E+01
 5.20000E+01    1.52179E+01
 5.40000E+01    1.67320E+01
 5.60000E+01    1.82753E+01
 5.80000E+01    1.98782E+01
 6.00000E+01    2.15344E+01
 6.50000E+01    2.59696E+01
 7.00000E+01    3.10448E+01
 7.50000E+01    3.68081E+01
 8.00000E+01    4.35276E+01
 9.00000E+01    6.03265E+01
 1.00000E+02    8.30110E+01
 1.10000E+02    1.03616E+02
 1.20000E+02    1.23269E+02
 1.30000E+02    1.44299E+02
 1.40000E+02    1.66269E+02
 1.50000E+02    1.88639E+02
 1.60000E+02    2.10723E+02
 1.80000E+02    2.52793E+02
 2.00000E+02    2.90206E+02
