# n + Zr 92 : (n,n'24)  
# tendl.2019 A.J. Koning and D. Rochman        EVAL-NOV19
# uncertainties: n
# # energies =    60
#   E(MeV)       xs(mb) 
 3.27243E+00    0.00000E+00
 3.29843E+00    3.53351E+00
 3.31171E+00    5.33830E+00
 3.32523E+00    7.17572E+00
 3.34026E+00    9.21838E+00
 3.34501E+00    9.86393E+00
 3.36149E+00    1.21036E+01
 3.40000E+00    1.73373E+01
 3.60000E+00    3.19826E+01
 3.80000E+00    3.21714E+01
 4.00000E+00    2.94078E+01
 4.20000E+00    2.60253E+01
 4.40000E+00    2.29676E+01
 4.60000E+00    2.01866E+01
 4.80000E+00    1.75602E+01
 5.00000E+00    1.52584E+01
 5.20000E+00    1.32023E+01
 5.40000E+00    1.13711E+01
 5.60000E+00    9.74000E+00
 5.80000E+00    8.29516E+00
 6.00000E+00    7.02865E+00
 6.20000E+00    5.93581E+00
 6.40000E+00    5.00739E+00
 6.60000E+00    4.23174E+00
 6.80000E+00    3.59022E+00
 7.00000E+00    3.06317E+00
 7.20000E+00    2.62203E+00
 7.40000E+00    2.26029E+00
 7.60000E+00    1.96073E+00
 7.80000E+00    1.71458E+00
 8.00000E+00    1.51180E+00
 8.50000E+00    1.14571E+00
 9.00000E+00    9.17993E-01
 9.50000E+00    7.72140E-01
 1.00000E+01    6.74683E-01
 1.05000E+01    6.06857E-01
 1.10000E+01    5.58321E-01
 1.15000E+01    5.22331E-01
 1.20000E+01    4.94675E-01
 1.25000E+01    4.72714E-01
 1.30000E+01    4.54728E-01
 1.35000E+01    4.39623E-01
 1.40000E+01    4.26652E-01
 1.45000E+01    4.15305E-01
 1.50000E+01    4.05219E-01
 1.60000E+01    3.87832E-01
 1.70000E+01    3.73043E-01
 1.80000E+01    3.60085E-01
 1.90000E+01    3.48601E-01
 2.00000E+01    3.38356E-01
 2.10000E+01    3.29051E-01
 2.20000E+01    3.20371E-01
 2.30000E+01    3.12118E-01
 2.40000E+01    3.04295E-01
 2.50000E+01    2.97030E-01
 2.60000E+01    2.90457E-01
 2.70000E+01    2.84615E-01
 2.80000E+01    2.79433E-01
 2.90000E+01    2.74750E-01
 3.00000E+01    2.70360E-01
