# n + Cd110 :  n        
# endfb8.0   I.Sirakov,S.Kopecky+,J.McCabe+    EVAL-OCT10
# uncertainties: n
# # energies =    31
#   E(MeV)       xs(mb) 
 2.38000E+00    0.00000E+00
 2.50000E+00    1.00000E-02
 2.88700E+00    5.05500E+02
 3.00000E+00    6.66000E+02
 3.50000E+00    1.19400E+03
 4.00000E+00    1.52300E+03
 4.50000E+00    1.77700E+03
 5.00000E+00    1.90300E+03
 6.00000E+00    1.90600E+03
 6.75300E+00    1.84500E+03
 7.00000E+00    1.82500E+03
 7.75700E+00    1.74500E+03
 8.00000E+00    1.71900E+03
 8.99800E+00    1.67200E+03
 9.00000E+00    1.67200E+03
 9.71400E+00    1.65800E+03
 9.97100E+00    1.65300E+03
 1.00000E+01    1.64600E+03
 1.10000E+01    1.41800E+03
 1.20000E+01    1.05700E+03
 1.30000E+01    6.97500E+02
 1.40000E+01    4.21500E+02
 1.50000E+01    2.86300E+02
 1.60000E+01    2.17900E+02
 1.60300E+01    2.17200E+02
 1.70000E+01    1.96300E+02
 1.70500E+01    1.96100E+02
 1.74000E+01    1.94400E+02
 1.80000E+01    1.90800E+02
 1.90000E+01    1.74500E+02
 2.00000E+01    1.67100E+02
