# p + Pm146 : (p,xa)    
# tendl.2019 A.J. Koning                       EVAL-OCT19
# 
# # energies =    58
#   E(MeV)        xs(mb) 
 1.00000E-11    0.00000E+00
 1.00000E-03    7.00000E-17
 5.00000E-01    7.00000E-17
 6.24910E-01    7.00000E-17
 6.25924E-01    7.00000E-17
 8.94414E-01    7.00000E-17
 1.00000E+00    7.00000E-17
 1.05930E+00    1.50572E-07
 1.29491E+00    7.48824E-07
 1.33289E+00    8.45261E-07
 1.40579E+00    1.03037E-06
 1.46137E+00    1.17149E-06
 1.47289E+00    1.20074E-06
 2.00000E+00    2.53916E-06
 3.00000E+00    6.44146E-05
 4.00000E+00    6.03942E-04
 5.00000E+00    4.42296E-03
 6.00000E+00    2.38951E-02
 7.00000E+00    1.00286E-01
 8.00000E+00    3.34236E-01
 9.00000E+00    7.75071E-01
 1.00000E+01    1.48591E+00
 1.10000E+01    2.53593E+00
 1.20000E+01    3.98701E+00
 1.30000E+01    5.87206E+00
 1.40000E+01    8.17992E+00
 1.50000E+01    1.16849E+01
 1.60000E+01    2.08588E+01
 1.70000E+01    3.61418E+01
 1.80000E+01    4.37795E+01
 1.90000E+01    3.42054E+01
 2.00000E+01    2.60658E+01
 2.20000E+01    2.79988E+01
 2.40000E+01    3.15572E+01
 2.60000E+01    3.56909E+01
 2.80000E+01    4.01461E+01
 3.00000E+01    4.47322E+01
 3.00000E+01    4.49091E+01
 3.50000E+01    5.72710E+01
 4.00000E+01    6.92942E+01
 4.50000E+01    7.92577E+01
 5.00000E+01    8.64590E+01
 5.50000E+01    9.14828E+01
 6.00000E+01    9.37149E+01
 6.50000E+01    9.30359E+01
 7.00000E+01    9.21620E+01
 7.50000E+01    8.97454E+01
 8.00000E+01    8.35554E+01
 9.00000E+01    8.09485E+01
 1.00000E+02    7.75923E+01
 1.10000E+02    7.08704E+01
 1.20000E+02    6.76098E+01
 1.30000E+02    6.74124E+01
 1.40000E+02    6.76442E+01
 1.50000E+02    7.10717E+01
 1.60000E+02    7.31370E+01
 1.80000E+02    7.82931E+01
 2.00000E+02    1.13310E+02
