# p + Pm146 : (p,t)     
# tendl.2019 A.J. Koning                       EVAL-OCT19
# uncertainties: y
# # energies =    19
#   E(MeV)       xs(mb)       xslow(mb)      xsupp(mb)
 5.73838E+00    0.00000E+00    0.00000E+00    0.00000E+00
 8.00000E+00    2.27156E-16    0.00000E+00    2.27156E-15
 9.00000E+00    1.05357E-10    0.00000E+00    1.05357E-09
 1.00000E+01    1.21486E-07    0.00000E+00    7.02683E-07
 1.10000E+01    1.47276E-05    0.00000E+00    8.51854E-05
 1.20000E+01    4.11940E-04    0.00000E+00    2.38269E-03
 1.30000E+01    4.11230E-03    0.00000E+00    2.37858E-02
 1.40000E+01    2.59035E-02    0.00000E+00    1.44792E-01
 1.50000E+01    1.01418E-01    0.00000E+00    5.66895E-01
 1.60000E+01    2.75274E-01    0.00000E+00    1.53869E+00
 1.70000E+01    5.72113E-01    0.00000E+00    3.19793E+00
 1.80000E+01    9.63282E-01    0.00000E+00    5.30909E+00
 1.90000E+01    1.48419E+00    0.00000E+00    8.18006E+00
 2.00000E+01    2.06733E+00    0.00000E+00    1.13940E+01
 2.20000E+01    3.16725E+00    0.00000E+00    1.55808E+01
 2.40000E+01    3.90826E+00    0.00000E+00    1.92261E+01
 2.60000E+01    4.21070E+00    0.00000E+00    1.79672E+01
 2.80000E+01    4.18102E+00    0.00000E+00    1.78405E+01
 3.00000E+01    3.94093E+00    0.00000E+00    1.68161E+01
