# p + Sn116 : (p,p)     
# tendl.2019 A.J. Koning                       EVAL-OCT19
# uncertainties: y
# # energies =    45
#   E(MeV)       xs(mb)       xslow(mb)      xsupp(mb)
 1.30480E+00    0.00000E+00   -0.00000E+00    0.00000E+00
 3.00000E+00    5.44884E-07    2.91060E-07    7.98708E-07
 4.00000E+00    4.99586E-03    2.66863E-03    7.32309E-03
 5.00000E+00    4.91258E-01    2.70603E-01    7.11913E-01
 6.00000E+00    2.19270E+00    1.20782E+00    3.17758E+00
 7.00000E+00    3.64281E+00    8.03701E-01    6.48192E+00
 8.00000E+00    6.58837E+00    1.45357E+00    1.17232E+01
 9.00000E+00    1.08338E+01    2.39022E+00    1.92774E+01
 1.00000E+01    1.71502E+01    9.54390E+00    2.47565E+01
 1.10000E+01    2.61910E+01    1.45750E+01    3.78070E+01
 1.20000E+01    3.80990E+01    2.12017E+01    5.49963E+01
 1.30000E+01    5.24278E+01    2.91755E+01    7.56801E+01
 1.40000E+01    6.77338E+01    3.26731E+01    1.02794E+02
 1.50000E+01    8.13193E+01    3.92265E+01    1.23412E+02
 1.60000E+01    9.14853E+01    4.41303E+01    1.38840E+02
 1.70000E+01    9.88149E+01    4.76659E+01    1.49964E+02
 1.80000E+01    1.05885E+02    5.33727E+01    1.58397E+02
 1.90000E+01    1.13003E+02    5.69606E+01    1.69045E+02
 2.00000E+01    1.19501E+02    6.02360E+01    1.78766E+02
 2.20000E+01    1.28780E+02    6.35467E+01    1.94013E+02
 2.40000E+01    1.32515E+02    6.53898E+01    1.99640E+02
 2.60000E+01    1.32799E+02    6.36908E+01    2.01907E+02
 2.80000E+01    1.31465E+02    6.30510E+01    1.99879E+02
 3.00000E+01    1.28935E+02    6.18376E+01    1.96032E+02
 3.00000E+01    1.28973E+02    6.18558E+01    1.96090E+02
 3.50000E+01    1.18691E+02    5.69246E+01    1.80457E+02
 4.00000E+01    1.08313E+02    5.19473E+01    1.64679E+02
 4.50000E+01    9.80831E+01    4.70410E+01    1.49125E+02
 5.00000E+01    9.42931E+01    4.52233E+01    1.43363E+02
 5.50000E+01    8.64601E+01    4.14665E+01    1.31454E+02
 6.00000E+01    7.99609E+01    3.83495E+01    1.21572E+02
 6.50000E+01    7.24358E+01    3.47404E+01    1.10131E+02
 7.00000E+01    6.62525E+01    3.17749E+01    1.00730E+02
 7.50000E+01    6.03846E+01    2.89606E+01    9.18086E+01
 8.00000E+01    5.46579E+01    2.62141E+01    8.31017E+01
 9.00000E+01    4.50121E+01    2.15879E+01    6.84363E+01
 1.00000E+02    3.69774E+01    1.77345E+01    5.62203E+01
 1.10000E+02    3.02526E+01    1.45092E+01    4.59960E+01
 1.20000E+02    2.51220E+01    1.20486E+01    3.81954E+01
 1.30000E+02    2.07298E+01    9.94208E+00    3.15175E+01
 1.40000E+02    1.71732E+01    8.23632E+00    2.61101E+01
 1.50000E+02    1.44714E+01    6.94053E+00    2.20023E+01
 1.60000E+02    1.21822E+01    5.84262E+00    1.85218E+01
 1.80000E+02    9.07436E+00    4.35209E+00    1.37966E+01
 2.00000E+02    7.08425E+00    3.39763E+00    1.07709E+01
