# p + Ge 74 : (p,d)     
# tendl.2019 A.J. Koning                       EVAL-OCT19
# uncertainties: y
# # energies =    18
#   E(MeV)       xs(mb)       xslow(mb)      xsupp(mb)
 8.08029E+00    0.00000E+00   -0.00000E+00    0.00000E+00
 9.00000E+00    5.20046E-12    0.00000E+00    1.66202E-11
 1.00000E+01    3.55321E-06    0.00000E+00    1.13557E-05
 1.10000E+01    9.76369E-04    0.00000E+00    3.12038E-03
 1.20000E+01    2.37960E-02    0.00000E+00    7.60498E-02
 1.30000E+01    1.48647E-01    0.00000E+00    4.75062E-01
 1.40000E+01    6.24870E-01    0.00000E+00    1.35792E+00
 1.50000E+01    1.71524E+00    0.00000E+00    3.72744E+00
 1.60000E+01    3.51915E+00    0.00000E+00    7.64756E+00
 1.70000E+01    5.90576E+00    0.00000E+00    1.28340E+01
 1.80000E+01    8.70146E+00    3.68610E-01    1.70343E+01
 1.90000E+01    1.17274E+01    4.96794E-01    2.29580E+01
 2.00000E+01    1.33946E+01    5.67419E-01    2.62218E+01
 2.20000E+01    1.84572E+01    1.92346E+00    3.49909E+01
 2.40000E+01    2.16901E+01    2.26037E+00    4.11198E+01
 2.60000E+01    2.35606E+01    2.37442E+00    4.47468E+01
 2.80000E+01    2.44314E+01    2.46218E+00    4.64006E+01
 3.00000E+01    2.43147E+01    2.45042E+00    4.61790E+01
