# n + Ru100 : (n,g)     
# endfb8.0   JNDC FPND W.G., Mughabghab        EVAL-MAR05
# uncertainties: n
# # energies =    69
#   E(MeV)       xs(mb) 
 1.00000E-10    4.04410E+04
 5.00000E-09    1.10105E+04
 1.00000E-08    8.33833E+03
 1.50000E-08    7.00526E+03
 2.00000E-08    6.16285E+03
 2.50000E-08    5.56742E+03
 3.00000E-08    5.11743E+03
 3.50000E-08    4.70472E+03
 4.20000E-08    4.30277E+03
 5.00000E-08    3.96845E+03
 5.80000E-08    3.68804E+03
 6.70000E-08    3.40298E+03
 8.00000E-08    3.07868E+03
 1.00000E-07    2.67754E+03
 1.40000E-07    2.30918E+03
 1.80000E-07    2.06088E+03
 2.20000E-07    1.89710E+03
 2.50000E-07    1.78535E+03
 2.80000E-07    1.70509E+03
 3.00000E-07    1.64868E+03
 3.20000E-07    1.58592E+03
 3.50000E-07    1.49927E+03
 4.00000E-07    1.37063E+03
 5.00000E-07    1.22427E+03
 6.25000E-07    1.09372E+03
 7.80000E-07    1.01105E+03
 8.50000E-07    9.72100E+02
 9.10000E-07    9.44903E+02
 9.50000E-07    9.29154E+02
 9.72000E-07    9.18021E+02
 9.96000E-07    9.06791E+02
 1.02000E-06    8.95758E+02
 1.04500E-06    8.84724E+02
 1.07100E-06    8.73854E+02
 1.09700E-06    8.63322E+02
 1.12300E-06    8.53023E+02
 1.15000E-06    8.21866E+02
 1.30000E-06    7.67981E+02
 1.50000E-06    6.80203E+02
 2.10000E-06    5.90775E+02
 2.60000E-06    5.27494E+02
 3.30000E-06    4.75188E+02
 4.00000E-06    1.54195E+03
 9.87700E-06    9.84857E+03
 1.59680E-05    1.38270E+02
 2.77000E-05    7.83733E+01
 4.80520E-05    4.37647E+01
 7.55014E-05    2.11625E+01
 1.48728E-04    2.07248E+03
 3.67262E-04    1.00691E+00
 9.06898E-04    2.15772E-01
 1.42510E-03    1.33876E-01
 2.23945E-03    4.35967E+02
 3.51910E-03    6.93447E+02
 5.53000E-03    6.13826E+02
 9.11800E-03    3.58537E+02
 1.50300E-02    2.79935E+02
 2.47800E-02    2.01831E+02
 4.08500E-02    1.45079E+02
 6.73400E-02    1.07446E+02
 1.11000E-01    8.75811E+01
 1.83000E-01    8.10769E+01
 3.02000E-01    8.71762E+01
 5.00000E-01    7.07276E+01
 8.21000E-01    5.83578E+01
 1.35300E+00    5.59609E+01
 2.23100E+00    4.57848E+01
 3.67900E+00    2.35699E+01
 6.06500E+00    5.38232E+00
