# p + Zn 67 : (p,g)     
# tendl.2019 A.J. Koning                       EVAL-OCT19
# uncertainties: y
# # energies =    49
#   E(MeV)       xs(mb)       xslow(mb)      xsupp(mb)
 1.00000E-11    0.00000E+00    0.00000E+00    0.00000E+00
 1.00000E-03    2.76240E-09    2.76240E-09    2.76240E-09
 5.00000E-01    2.76240E-09    8.36728E-10    4.68807E-09
 1.00000E+00    3.15522E-04    1.80979E-04    4.50065E-04
 2.00000E+00    2.01476E-01    1.15564E-01    2.87388E-01
 3.00000E+00    3.76442E-01    1.72019E-01    5.80865E-01
 4.00000E+00    4.63164E-01    2.11648E-01    7.14680E-01
 5.00000E+00    7.81650E-01    2.97381E-01    1.26592E+00
 6.00000E+00    9.34233E-01    3.55432E-01    1.51303E+00
 7.00000E+00    9.53085E-01    4.09842E-01    1.49633E+00
 8.00000E+00    8.93761E-01    3.84331E-01    1.40319E+00
 9.00000E+00    8.05741E-01    3.46481E-01    1.26500E+00
 1.00000E+01    7.42791E-01    2.02384E-01    1.28320E+00
 1.10000E+01    7.32206E-01    1.99500E-01    1.26491E+00
 1.20000E+01    7.72269E-01    2.10416E-01    1.33412E+00
 1.30000E+01    8.28771E-01    2.25811E-01    1.43173E+00
 1.40000E+01    8.82190E-01    2.86198E-02    1.73576E+00
 1.50000E+01    9.26304E-01    3.00509E-02    1.82256E+00
 1.60000E+01    9.49265E-01    3.07958E-02    1.86773E+00
 1.70000E+01    9.46398E-01    3.07028E-02    1.86209E+00
 1.80000E+01    9.12922E-01    0.00000E+00    1.98832E+00
 1.90000E+01    8.22738E-01    0.00000E+00    1.79190E+00
 2.00000E+01    7.34173E-01    0.00000E+00    1.59901E+00
 2.20000E+01    5.47549E-01    0.00000E+00    1.15811E+00
 2.40000E+01    4.23935E-01    0.00000E+00    8.96658E-01
 2.60000E+01    3.53786E-01    0.00000E+00    7.32524E-01
 2.80000E+01    3.05701E-01    0.00000E+00    6.32962E-01
 3.00000E+01    2.69425E-01    0.00000E+00    5.57852E-01
 3.00000E+01    2.69425E-01    0.00000E+00    5.57852E-01
 3.50000E+01    2.10625E-01    0.00000E+00    4.36105E-01
 4.00000E+01    1.80599E-01    0.00000E+00    3.73935E-01
 4.50000E+01    1.57656E-01    0.00000E+00    3.26431E-01
 5.00000E+01    1.47234E-01    0.00000E+00    3.04852E-01
 5.50000E+01    1.31014E-01    0.00000E+00    2.71268E-01
 6.00000E+01    1.20655E-01    0.00000E+00    2.49819E-01
 6.50000E+01    1.12445E-01    0.00000E+00    2.32821E-01
 7.00000E+01    1.03205E-01    0.00000E+00    2.13689E-01
 7.50000E+01    8.71975E-02    0.00000E+00    1.80545E-01
 8.00000E+01    8.82731E-02    0.00000E+00    1.82772E-01
 9.00000E+01    7.79302E-02    0.00000E+00    1.61357E-01
 1.00000E+02    6.10803E-02    0.00000E+00    1.26468E-01
 1.10000E+02    5.19671E-02    0.00000E+00    1.07599E-01
 1.20000E+02    4.82405E-02    0.00000E+00    9.98833E-02
 1.30000E+02    4.13566E-02    0.00000E+00    8.56300E-02
 1.40000E+02    3.91098E-02    0.00000E+00    8.09779E-02
 1.50000E+02    3.50419E-02    0.00000E+00    7.25552E-02
 1.60000E+02    3.09033E-02    0.00000E+00    6.39862E-02
 1.80000E+02    2.12448E-02    0.00000E+00    4.39879E-02
 2.00000E+02    1.54889E-02    0.00000E+00    3.20702E-02
