# n + Ir191 : (n,d)m    
# tendl.2019 A.J. Koning and D. Rochman        EVAL-NOV19
# uncertainties: y
# # energies =    40
#   E(MeV)       xs(mb)       xslow(mb)      xsupp(mb)
 4.79598E+00    0.00000E+00    0.00000E+00    0.00000E+00
 6.20000E+00    0.00000E+00    0.00000E+00    0.00000E+00
 6.40000E+00    5.57770E-17    0.00000E+00    0.00000E+00
 6.60000E+00    1.55250E-15    0.00000E+00    0.00000E+00
 6.80000E+00    2.78000E-14    0.00000E+00    0.00000E+00
 7.00000E+00    3.49290E-13    0.00000E+00    0.00000E+00
 7.20000E+00    3.28830E-12    0.00000E+00    0.00000E+00
 7.40000E+00    2.43540E-11    0.00000E+00    0.00000E+00
 7.60000E+00    1.47480E-10    0.00000E+00    0.00000E+00
 7.80000E+00    7.52450E-10    0.00000E+00    0.00000E+00
 8.00000E+00    3.31380E-09    0.00000E+00    0.00000E+00
 8.50000E+00    4.59390E-08    0.00000E+00    0.00000E+00
 9.00000E+00    6.69010E-07    0.00000E+00    0.00000E+00
 9.50000E+00    6.33140E-06    0.00000E+00    0.00000E+00
 1.00000E+01    4.16689E-05    0.00000E+00    0.00000E+00
 1.05000E+01    2.05334E-04    0.00000E+00    0.00000E+00
 1.10000E+01    8.01660E-04    0.00000E+00    0.00000E+00
 1.15000E+01    2.58823E-03    0.00000E+00    0.00000E+00
 1.20000E+01    7.14929E-03    0.00000E+00    0.00000E+00
 1.25000E+01    1.73686E-02    0.00000E+00    0.00000E+00
 1.30000E+01    3.77500E-02    0.00000E+00    0.00000E+00
 1.35000E+01    7.45002E-02    0.00000E+00    0.00000E+00
 1.40000E+01    1.33851E-01    0.00000E+00    0.00000E+00
 1.45000E+01    2.19467E-01    0.00000E+00    0.00000E+00
 1.50000E+01    3.30270E-01    0.00000E+00    0.00000E+00
 1.60000E+01    6.04003E-01    0.00000E+00    0.00000E+00
 1.70000E+01    9.21151E-01    0.00000E+00    0.00000E+00
 1.80000E+01    1.29866E+00    0.00000E+00    0.00000E+00
 1.90000E+01    1.71268E+00    0.00000E+00    0.00000E+00
 2.00000E+01    2.15547E+00    0.00000E+00    0.00000E+00
 2.10000E+01    2.62067E+00    0.00000E+00    0.00000E+00
 2.20000E+01    3.08455E+00    0.00000E+00    0.00000E+00
 2.30000E+01    3.51836E+00    0.00000E+00    0.00000E+00
 2.40000E+01    3.91399E+00    0.00000E+00    0.00000E+00
 2.50000E+01    4.19373E+00    0.00000E+00    0.00000E+00
 2.60000E+01    4.44491E+00    0.00000E+00    0.00000E+00
 2.70000E+01    4.67060E+00    0.00000E+00    0.00000E+00
 2.80000E+01    4.83164E+00    0.00000E+00    0.00000E+00
 2.90000E+01    4.94719E+00    0.00000E+00    0.00000E+00
 3.00000E+01    5.01771E+00    0.00000E+00    0.00000E+00
