# n + Cs135 : (n,el)    
# endfb8.0   JNDC FPND W.G., Mughabghab        EVAL-JAN05
# uncertainties: y
# # energies =   171
#   E(MeV)       xs(mb)       xslow(mb)      xsupp(mb)
 1.00000E-11    1.02618E+04    1.02618E+04    1.02618E+04
 1.00000E-07    6.34447E+03    6.34447E+03    6.34447E+03
 4.13990E-07    6.32721E+03    6.32721E+03    6.32721E+03
 5.31580E-07    6.31887E+03    6.31887E+03    6.31887E+03
 6.82560E-07    6.30926E+03    6.30926E+03    6.30926E+03
 8.76420E-07    6.29695E+03    6.29695E+03    6.29695E+03
 1.12540E-06    6.28257E+03    6.28257E+03    6.28257E+03
 1.44500E-06    6.26731E+03    6.26731E+03    6.26731E+03
 1.85540E-06    6.24799E+03    6.24799E+03    6.24799E+03
 2.37240E-06    6.22298E+03    6.22298E+03    6.22298E+03
 3.05900E-06    6.19060E+03    6.19060E+03    6.19060E+03
 3.92790E-06    6.15617E+03    6.15617E+03    6.15617E+03
 5.04350E-06    6.12085E+03    6.12085E+03    6.12085E+03
 6.47600E-06    6.07553E+03    6.07553E+03    6.07553E+03
 8.31530E-06    6.02099E+03    6.02099E+03    6.02099E+03
 1.06770E-05    5.95871E+03    5.95871E+03    5.95871E+03
 1.37100E-05    5.87897E+03    5.87897E+03    5.87897E+03
 1.76030E-05    5.77060E+03    5.77060E+03    5.77060E+03
 2.26030E-05    5.57053E+03    5.57053E+03    5.57053E+03
 2.92030E-05    5.04814E+03    5.04814E+03    5.04814E+03
 3.72670E-05    4.50626E+04    4.50626E+04    4.50626E+04
 4.78510E-05    7.31167E+03    7.31167E+03    7.31167E+03
 6.14420E-05    6.50060E+03    6.50060E+03    6.50060E+03
 7.88930E-05    6.39806E+03    6.39806E+03    6.39806E+03
 1.01300E-04    6.12849E+03    6.12849E+03    6.12849E+03
 1.30070E-04    5.78460E+03    5.78460E+03    5.78460E+03
 1.67020E-04    2.68685E+04    2.68685E+04    2.68685E+04
 2.14450E-04    3.71841E+04    3.71841E+04    3.71841E+04
 2.75360E-04    3.35507E+04    3.35507E+04    3.35507E+04
 3.53580E-04    3.04250E+04    3.04250E+04    3.04250E+04
 4.54000E-04    2.75875E+04    2.75875E+04    2.75875E+04
 5.82950E-04    2.50230E+04    2.50230E+04    2.50230E+04
 7.48520E-04    2.27086E+04    2.27086E+04    2.27086E+04
 9.61120E-04    2.06227E+04    2.06227E+04    2.06227E+04
 1.23410E-03    1.87464E+04    1.87464E+04    1.87464E+04
 1.58460E-03    1.70648E+04    1.70648E+04    1.70648E+04
 2.03470E-03    1.59873E+04    1.59873E+04    1.59873E+04
 2.24870E-03    1.54111E+04    1.54111E+04    1.54111E+04
 2.48520E-03    1.49950E+04    1.49950E+04    1.49950E+04
 2.61260E-03    1.47261E+04    1.47261E+04    1.47261E+04
 2.74650E-03    1.43347E+04    1.43347E+04    1.43347E+04
 3.03540E-03    1.38333E+04    1.38333E+04    1.38333E+04
 3.35460E-03    1.33558E+04    1.33558E+04    1.33558E+04
 3.70740E-03    1.27876E+04    1.27876E+04    1.27876E+04
 4.30740E-03    1.19485E+04    1.19485E+04    1.19485E+04
 5.53080E-03    1.10053E+04    1.10053E+04    1.10053E+04
 7.10170E-03    1.01714E+04    1.01714E+04    1.01714E+04
 9.11880E-03    9.43655E+03    9.43655E+03    9.43655E+03
 1.17090E-02    8.79118E+03    8.79118E+03    8.79118E+03
 1.50340E-02    8.22439E+03    8.22439E+03    8.22439E+03
 1.93050E-02    7.84246E+03    7.84246E+03    7.84246E+03
 2.18750E-02    7.65427E+03    7.65427E+03    7.65427E+03
 2.35790E-02    7.56349E+03    7.56349E+03    7.56349E+03
 2.41760E-02    7.51961E+03    7.51961E+03    7.51961E+03
 2.47880E-02    7.45413E+03    7.45413E+03    7.45413E+03
 2.60580E-02    7.38106E+03    7.38106E+03    7.38106E+03
 2.70000E-02    7.30637E+03    7.30637E+03    7.30637E+03
 2.85000E-02    7.17423E+03    7.17423E+03    7.17423E+03
 3.18280E-02    7.03085E+03    7.03085E+03    7.03085E+03
 3.43070E-02    6.84826E+03    6.84826E+03    6.84826E+03
 4.08680E-02    6.64227E+03    6.64227E+03    6.64227E+03
 4.63090E-02    6.48185E+03    6.48185E+03    6.48185E+03
 5.24750E-02    6.35997E+03    6.35997E+03    6.35997E+03
 5.65620E-02    6.21646E+03    6.21646E+03    6.21646E+03
 6.73790E-02    6.08394E+03    6.08394E+03    6.08394E+03
 7.20000E-02    5.99716E+03    5.99716E+03    5.99716E+03
 7.95000E-02    5.92757E+03    5.92757E+03    5.92757E+03
 8.25000E-02    5.88553E+03    5.88553E+03    5.88553E+03
 8.65170E-02    5.80213E+03    5.80213E+03    5.80213E+03
 9.80370E-02    5.70482E+03    5.70482E+03    5.70482E+03
 1.11090E-01    5.65789E+03    5.65789E+03    5.65789E+03
 1.16790E-01    5.62929E+03    5.62929E+03    5.62929E+03
 1.22770E-01    5.59922E+03    5.59922E+03    5.59922E+03
 1.29070E-01    5.56910E+03    5.56910E+03    5.56910E+03
 1.35690E-01    5.54349E+03    5.54349E+03    5.54349E+03
 1.42640E-01    5.51718E+03    5.51718E+03    5.51718E+03
 1.49960E-01    5.49400E+03    5.49400E+03    5.49400E+03
 1.57640E-01    5.48224E+03    5.48224E+03    5.48224E+03
 1.65730E-01    5.47062E+03    5.47062E+03    5.47062E+03
 1.74220E-01    5.45840E+03    5.45840E+03    5.45840E+03
 1.83160E-01    5.44555E+03    5.44555E+03    5.44555E+03
 1.92550E-01    5.43249E+03    5.43249E+03    5.43249E+03
 2.02420E-01    5.42946E+03    5.42946E+03    5.42946E+03
 2.12800E-01    5.43085E+03    5.43085E+03    5.43085E+03
 2.23710E-01    5.43232E+03    5.43232E+03    5.43232E+03
 2.35180E-01    5.43386E+03    5.43386E+03    5.43386E+03
 2.47240E-01    5.41873E+03    5.41873E+03    5.41873E+03
 2.73240E-01    5.38161E+03    5.38161E+03    5.38161E+03
 2.87250E-01    5.36152E+03    5.36152E+03    5.36152E+03
 2.94520E-01    5.35214E+03    5.35214E+03    5.35214E+03
 2.97200E-01    5.34840E+03    5.34840E+03    5.34840E+03
 2.98500E-01    5.34543E+03    5.34543E+03    5.34543E+03
 3.01970E-01    5.35917E+03    5.35917E+03    5.35917E+03
 3.33730E-01    5.38733E+03    5.38733E+03    5.38733E+03
 3.68830E-01    5.41027E+03    5.41027E+03    5.41027E+03
 3.87740E-01    5.42662E+03    5.42662E+03    5.42662E+03
 4.07620E-01    5.45510E+03    5.45510E+03    5.45510E+03
 4.50490E-01    5.50659E+03    5.50659E+03    5.50659E+03
 4.97870E-01    5.54968E+03    5.54968E+03    5.54968E+03
 5.23400E-01    5.58278E+03    5.58278E+03    5.58278E+03
 5.50230E-01    5.61869E+03    5.61869E+03    5.61869E+03
 5.78440E-01    5.65644E+03    5.65644E+03    5.65644E+03
 6.08100E-01    5.69333E+03    5.69333E+03    5.69333E+03
 6.39280E-01    5.71889E+03    5.71889E+03    5.71889E+03
 6.72060E-01    5.74408E+03    5.74408E+03    5.74408E+03
 7.06510E-01    5.77056E+03    5.77056E+03    5.77056E+03
 7.42740E-01    5.80042E+03    5.80042E+03    5.80042E+03
 7.80820E-01    5.81420E+03    5.81420E+03    5.81420E+03
 8.20850E-01    5.81288E+03    5.81288E+03    5.81288E+03
 8.62940E-01    5.81857E+03    5.81857E+03    5.81857E+03
 9.07180E-01    5.82506E+03    5.82506E+03    5.82506E+03
 9.61640E-01    5.83116E+03    5.83116E+03    5.83116E+03
 1.00260E+00    5.80964E+03    5.80964E+03    5.80964E+03
 1.10800E+00    5.77434E+03    5.77434E+03    5.77434E+03
 1.16480E+00    5.74918E+03    5.74918E+03    5.74918E+03
 1.22460E+00    5.71618E+03    5.71618E+03    5.71618E+03
 1.28730E+00    5.65287E+03    5.65287E+03    5.65287E+03
 1.35340E+00    5.58301E+03    5.58301E+03    5.58301E+03
 1.42270E+00    5.50953E+03    5.50953E+03    5.50953E+03
 1.49570E+00    5.42498E+03    5.42498E+03    5.42498E+03
 1.57240E+00    5.32208E+03    5.32208E+03    5.32208E+03
 1.65300E+00    5.21410E+03    5.21410E+03    5.21410E+03
 1.73770E+00    5.10078E+03    5.10078E+03    5.10078E+03
 1.82680E+00    4.97216E+03    4.97216E+03    4.97216E+03
 1.92050E+00    4.83771E+03    4.83771E+03    4.83771E+03
 2.01900E+00    4.68663E+03    4.68663E+03    4.68663E+03
 2.12250E+00    4.51980E+03    4.51980E+03    4.51980E+03
 2.23130E+00    4.38787E+03    4.38787E+03    4.38787E+03
 2.30690E+00    4.30770E+03    4.30770E+03    4.30770E+03
 2.34570E+00    4.26778E+03    4.26778E+03    4.26778E+03
 2.36530E+00    4.24353E+03    4.24353E+03    4.24353E+03
 2.38520E+00    4.18226E+03    4.18226E+03    4.18226E+03
 2.46600E+00    4.05700E+03    4.05700E+03    4.05700E+03
 2.59240E+00    3.91121E+03    3.91121E+03    3.91121E+03
 2.72530E+00    3.76135E+03    3.76135E+03    3.76135E+03
 2.86500E+00    3.61259E+03    3.61259E+03    3.61259E+03
 3.01190E+00    3.46517E+03    3.46517E+03    3.46517E+03
 3.16640E+00    3.31396E+03    3.31396E+03    3.31396E+03
 3.32870E+00    3.09592E+03    3.09592E+03    3.09592E+03
 3.67880E+00    2.81523E+03    2.81523E+03    2.81523E+03
 4.06570E+00    2.58740E+03    2.58740E+03    2.58740E+03
 4.49330E+00    2.43889E+03    2.43889E+03    2.43889E+03
 4.72370E+00    2.34198E+03    2.34198E+03    2.34198E+03
 4.96590E+00    2.26647E+03    2.26647E+03    2.26647E+03
 5.22050E+00    2.22298E+03    2.22298E+03    2.22298E+03
 5.48810E+00    2.17819E+03    2.17819E+03    2.17819E+03
 5.76950E+00    2.13611E+03    2.13611E+03    2.13611E+03
 6.06530E+00    2.12903E+03    2.12903E+03    2.12903E+03
 6.37630E+00    2.13684E+03    2.13684E+03    2.13684E+03
 6.59240E+00    2.14169E+03    2.14169E+03    2.14169E+03
 6.70320E+00    2.14871E+03    2.14871E+03    2.14871E+03
 7.04690E+00    2.18308E+03    2.18308E+03    2.18308E+03
 7.40820E+00    2.23382E+03    2.23382E+03    2.23382E+03
 7.78800E+00    2.28805E+03    2.28805E+03    2.28805E+03
 8.18730E+00    2.35537E+03    2.35537E+03    2.35537E+03
 8.60710E+00    2.42912E+03    2.42912E+03    2.42912E+03
 9.04840E+00    2.50630E+03    2.50630E+03    2.50630E+03
 9.51230E+00    2.58438E+03    2.58438E+03    2.58438E+03
 1.00000E+01    2.61412E+03    2.61412E+03    2.61412E+03
 1.05130E+01    2.61973E+03    2.61973E+03    2.61973E+03
 1.10520E+01    2.70143E+03    2.70143E+03    2.70143E+03
 1.16180E+01    2.82514E+03    2.82514E+03    2.82514E+03
 1.22140E+01    2.85803E+03    2.85803E+03    2.85803E+03
 1.28400E+01    2.87437E+03    2.87437E+03    2.87437E+03
 1.34990E+01    2.90798E+03    2.90798E+03    2.90798E+03
 1.38400E+01    2.92960E+03    2.92960E+03    2.92960E+03
 1.41910E+01    2.92985E+03    2.92985E+03    2.92985E+03
 1.45500E+01    2.92851E+03    2.92851E+03    2.92851E+03
 1.49180E+01    2.91944E+03    2.91944E+03    2.91944E+03
 1.56830E+01    2.89040E+03    2.89040E+03    2.89040E+03
 1.64870E+01    2.83604E+03    2.83604E+03    2.83604E+03
