# n + Ni  0 : (n,xn)
# endfb8.0   T.Kawano, A.Kahler, A.Trkov       EVAL-Oct12
#
# # energies =   138
#   E(MeV)          xs(mb) 
 6.85290E-02    0.00000E+00
 7.00000E-02    2.98352E+00
 8.00000E-02    5.04064E+00
 9.00000E-02    5.51812E+00
 1.00000E-01    5.70152E+00
 1.50000E-01    5.80562E+00
 2.00000E-01    5.84443E+00
 2.50000E-01    5.98840E+00
 2.87641E-01    6.09507E+00
 3.00000E-01    7.17351E+00
 3.50000E-01    7.83896E+00
 4.00000E-01    8.23301E+00
 4.50000E-01    8.57978E+00
 5.00000E-01    8.90590E+00
 6.00000E-01    9.50428E+00
 6.66873E-01    9.70184E+00
 7.00000E-01    1.03859E+01
 8.00000E-01    1.09736E+01
 9.00000E-01    1.13779E+01
 9.23659E-01    1.12781E+01
 1.00000E+00    1.24229E+01
 1.03193E+00    1.23688E+01
 1.10000E+00    1.33312E+01
 1.11782E+00    1.32184E+01
 1.15108E+00    1.33704E+01
 1.20000E+00    2.11951E+01
 1.20487E+00    2.15257E+01
 1.30000E+00    2.87549E+01
 1.40000E+00    1.13257E+02
 1.47888E+00    1.37738E+02
 1.50000E+00    3.10285E+02
 1.60000E+00    4.21827E+02
 1.63631E+00    4.43888E+02
 1.70000E+00    4.83024E+02
 1.75811E+00    5.12289E+02
 1.80000E+00    5.33663E+02
 1.83763E+00    5.50185E+02
 1.90000E+00    5.77744E+02
 2.00000E+00    6.15455E+02
 2.01074E+00    6.18744E+02
 2.02090E+00    6.21884E+02
 2.03067E+00    6.24919E+02
 2.05151E+00    6.31479E+02
 2.06361E+00    6.35341E+02
 2.10000E+00    6.48090E+02
 2.15672E+00    6.58750E+02
 2.15914E+00    6.59212E+02
 2.16444E+00    6.60237E+02
 2.20000E+00    6.81966E+02
 2.30000E+00    7.15612E+02
 2.40000E+00    7.43603E+02
 2.44959E+00    7.50847E+02
 2.45396E+00    7.51491E+02
 2.50000E+00    7.58417E+02
 2.50987E+00    7.59503E+02
 2.57087E+00    7.70015E+02
 2.60000E+00    7.76576E+02
 2.63593E+00    7.78421E+02
 2.68341E+00    7.85578E+02
 2.70000E+00    7.92309E+02
 2.74165E+00    7.96976E+02
 2.75384E+00    7.98372E+02
 2.77926E+00    8.01328E+02
 2.80000E+00    8.03807E+02
 2.81087E+00    8.01546E+02
 2.83212E+00    8.04512E+02
 2.84737E+00    8.14426E+02
 2.90000E+00    8.48730E+02
 2.90023E+00    8.48720E+02
 2.91088E+00    8.48289E+02
 2.95309E+00    8.47472E+02
 2.95411E+00    8.48231E+02
 3.00000E+00    8.89343E+02
 3.10000E+00    9.21546E+02
 3.20000E+00    9.47965E+02
 3.30000E+00    9.66515E+02
 3.40000E+00    1.01664E+03
 3.50000E+00    1.04000E+03
 3.60000E+00    1.06285E+03
 3.80000E+00    1.10627E+03
 4.00000E+00    1.12892E+03
 4.50000E+00    1.15314E+03
 5.00000E+00    1.14667E+03
 5.50000E+00    1.12161E+03
 6.00000E+00    1.08861E+03
 6.50000E+00    1.05340E+03
 7.00000E+00    1.02028E+03
 7.50000E+00    9.90845E+02
 8.00000E+00    9.69085E+02
 8.50000E+00    9.49594E+02
 9.00000E+00    9.34477E+02
 9.50000E+00    9.19449E+02
 1.00000E+01    9.11016E+02
 1.05000E+01    9.07677E+02
 1.10000E+01    9.10988E+02
 1.15000E+01    9.24807E+02
 1.20000E+01    9.55338E+02
 1.25000E+01    1.00774E+03
 1.30000E+01    1.07222E+03
 1.35000E+01    1.13985E+03
 1.40000E+01    1.20853E+03
 1.45000E+01    1.26991E+03
 1.50000E+01    1.32147E+03
 1.55000E+01    1.36223E+03
 1.60000E+01    1.39329E+03
 1.65000E+01    1.41569E+03
 1.70000E+01    1.43189E+03
 1.75000E+01    1.44156E+03
 1.80000E+01    1.44651E+03
 1.85000E+01    1.44716E+03
 1.90000E+01    1.44358E+03
 1.95000E+01    1.43757E+03
 2.00000E+01    1.42964E+03
 2.00000E+01    1.42964E+03
 2.20000E+01    1.35330E+03
 2.40000E+01    1.32179E+03
 2.60000E+01    1.30727E+03
 2.80000E+01    1.31423E+03
 3.00000E+01    1.32681E+03
 3.50000E+01    1.33703E+03
 4.00000E+01    1.32118E+03
 4.50000E+01    1.33695E+03
 5.00000E+01    1.36614E+03
 5.50000E+01    1.40173E+03
 6.00000E+01    1.44157E+03
 6.50000E+01    1.48360E+03
 7.00000E+01    1.51206E+03
 7.50000E+01    1.54066E+03
 8.00000E+01    1.56849E+03
 8.50000E+01    1.58795E+03
 9.00000E+01    1.60298E+03
 9.50000E+01    1.61619E+03
 1.00000E+02    1.62443E+03
 1.10000E+02    1.63882E+03
 1.20000E+02    1.64491E+03
 1.30000E+02    1.64873E+03
 1.40000E+02    1.64268E+03
 1.50000E+02    1.63392E+03
