# n + Xe131 : (n,tot)   
# endfb8.0   Kim,Herman,Oh,Mughabghab+         EVAL-FEB06
# uncertainties: n
# # energies =   616
#   E(MeV)       xs(mb) 
 1.00000E-11    4.47273E+06
 1.04713E-11    4.37095E+06
 1.09648E-11    4.27141E+06
 1.14815E-11    4.17424E+06
 1.20226E-11    4.07917E+06
 1.25893E-11    3.98638E+06
 1.31826E-11    3.89559E+06
 1.38038E-11    3.80697E+06
 1.44544E-11    3.72028E+06
 1.51356E-11    3.63563E+06
 1.58489E-11    3.55287E+06
 1.65959E-11    3.47199E+06
 1.73780E-11    3.39299E+06
 1.81970E-11    3.31572E+06
 1.90546E-11    3.24030E+06
 1.99526E-11    3.16650E+06
 2.08930E-11    3.09448E+06
 2.18776E-11    3.02400E+06
 2.29087E-11    2.95521E+06
 2.39883E-11    2.88792E+06
 2.51189E-11    2.82221E+06
 2.63027E-11    2.75798E+06
 2.75423E-11    2.69519E+06
 2.88403E-11    2.63387E+06
 3.01995E-11    2.57389E+06
 3.16228E-11    2.51535E+06
 3.31131E-11    2.45806E+06
 3.46737E-11    2.40215E+06
 3.63078E-11    2.34745E+06
 3.80189E-11    2.29405E+06
 3.98107E-11    2.24183E+06
 4.16869E-11    2.19081E+06
 4.36516E-11    2.14096E+06
 4.57088E-11    2.09222E+06
 4.78630E-11    2.04463E+06
 5.01187E-11    1.99807E+06
 5.24807E-11    1.95262E+06
 5.49541E-11    1.90816E+06
 5.75440E-11    1.86476E+06
 6.02560E-11    1.82230E+06
 6.30957E-11    1.78085E+06
 6.60693E-11    1.74032E+06
 6.91831E-11    1.70071E+06
 7.24436E-11    1.66202E+06
 7.58578E-11    1.62418E+06
 7.94328E-11    1.58725E+06
 8.31764E-11    1.55111E+06
 8.70964E-11    1.51584E+06
 9.12011E-11    1.48132E+06
 9.54993E-11    1.44764E+06
 1.00000E-10    1.41468E+06
 1.04713E-10    1.38250E+06
 1.09648E-10    1.35105E+06
 1.14815E-10    1.32030E+06
 1.20226E-10    1.29027E+06
 1.25893E-10    1.26090E+06
 1.31826E-10    1.23223E+06
 1.38038E-10    1.20418E+06
 1.44544E-10    1.17681E+06
 1.51356E-10    1.15002E+06
 1.58489E-10    1.12387E+06
 1.65959E-10    1.09830E+06
 1.73780E-10    1.07332E+06
 1.81970E-10    1.04891E+06
 1.90546E-10    1.02504E+06
 1.99526E-10    1.00174E+06
 2.08930E-10    9.78936E+05
 2.18776E-10    9.56687E+05
 2.29087E-10    9.34914E+05
 2.39883E-10    9.13665E+05
 2.51189E-10    8.92876E+05
 2.63027E-10    8.72579E+05
 2.75423E-10    8.52733E+05
 2.88403E-10    8.33341E+05
 3.01995E-10    8.14398E+05
 3.16228E-10    7.95872E+05
 3.31131E-10    7.77787E+05
 3.46737E-10    7.60092E+05
 3.63078E-10    7.42823E+05
 3.80189E-10    7.25925E+05
 3.98107E-10    7.09433E+05
 4.16869E-10    6.93299E+05
 4.36516E-10    6.77544E+05
 4.57088E-10    6.62144E+05
 4.78630E-10    6.47091E+05
 5.01187E-10    6.32391E+05
 5.24807E-10    6.18011E+05
 5.49541E-10    6.03976E+05
 5.75440E-10    5.90242E+05
 6.02560E-10    5.76840E+05
 6.30957E-10    5.63726E+05
 6.60693E-10    5.50924E+05
 6.91831E-10    5.38404E+05
 7.24436E-10    5.26175E+05
 7.58578E-10    5.14224E+05
 7.94328E-10    5.02540E+05
 8.31764E-10    4.91132E+05
 8.70964E-10    4.79971E+05
 9.12011E-10    4.69079E+05
 9.54993E-10    4.58420E+05
 1.00000E-09    4.48018E+05
 1.04713E-09    4.37840E+05
 1.09648E-09    4.27904E+05
 1.14815E-09    4.18188E+05
 1.20226E-09    4.08696E+05
 1.25892E-09    3.99422E+05
 1.31826E-09    3.90352E+05
 1.38038E-09    3.81499E+05
 1.44544E-09    3.72836E+05
 1.51356E-09    3.64383E+05
 1.58489E-09    3.56110E+05
 1.65959E-09    3.48037E+05
 1.73780E-09    3.40138E+05
 1.81970E-09    3.32426E+05
 1.90546E-09    3.24886E+05
 1.99526E-09    3.17518E+05
 2.08930E-09    3.10321E+05
 2.18776E-09    3.03281E+05
 2.29087E-09    2.96411E+05
 2.39883E-09    2.89687E+05
 2.51189E-09    2.83126E+05
 2.63027E-09    2.76706E+05
 2.75423E-09    2.70440E+05
 2.88403E-09    2.64310E+05
 3.01995E-09    2.58324E+05
 3.16228E-09    2.52473E+05
 3.31131E-09    2.46754E+05
 3.46737E-09    2.41169E+05
 3.63078E-09    2.35705E+05
 3.80189E-09    2.30373E+05
 3.98107E-09    2.25155E+05
 4.16869E-09    2.20063E+05
 4.36516E-09    2.15080E+05
 4.57088E-09    2.10217E+05
 4.78630E-09    2.05460E+05
 5.01187E-09    2.00814E+05
 5.24807E-09    1.96274E+05
 5.49541E-09    1.91835E+05
 5.75440E-09    1.87501E+05
 6.02560E-09    1.83261E+05
 6.30957E-09    1.79123E+05
 6.60693E-09    1.75074E+05
 6.91831E-09    1.71122E+05
 7.24436E-09    1.67256E+05
 7.58578E-09    1.63481E+05
 7.94328E-09    1.59791E+05
 8.31764E-09    1.56184E+05
 8.70964E-09    1.52661E+05
 9.12011E-09    1.49216E+05
 9.54993E-09    1.45853E+05
 1.00000E-08    1.42563E+05
 1.04713E-08    1.39352E+05
 1.09648E-08    1.36211E+05
 1.14815E-08    1.33144E+05
 1.20226E-08    1.30145E+05
 1.25893E-08    1.27216E+05
 1.31826E-08    1.24353E+05
 1.38038E-08    1.21555E+05
 1.44544E-08    1.18822E+05
 1.51356E-08    1.16149E+05
 1.58489E-08    1.13540E+05
 1.65959E-08    1.10987E+05
 1.73780E-08    1.08495E+05
 1.81970E-08    1.06058E+05
 1.90546E-08    1.03679E+05
 1.99526E-08    1.01352E+05
 2.08930E-08    9.90794E+04
 2.18776E-08    9.68589E+04
 2.29087E-08    9.46881E+04
 2.39883E-08    9.25687E+04
 2.51189E-08    9.04954E+04
 2.63027E-08    8.84726E+04
 2.75423E-08    8.64932E+04
 2.88403E-08    8.45614E+04
 3.01995E-08    8.26720E+04
 3.16228E-08    8.08267E+04
 3.31131E-08    7.90232E+04
 3.46737E-08    7.72603E+04
 3.63078E-08    7.55389E+04
 3.80189E-08    7.38552E+04
 3.98107E-08    7.22121E+04
 4.16869E-08    7.06045E+04
 4.36516E-08    6.90359E+04
 4.57088E-08    6.75014E+04
 4.78630E-08    6.60037E+04
 5.01187E-08    6.45396E+04
 5.24807E-08    6.31095E+04
 5.49541E-08    6.17126E+04
 5.75440E-08    6.03469E+04
 6.02560E-08    5.90136E+04
 6.30957E-08    5.77093E+04
 6.60693E-08    5.64366E+04
 6.91831E-08    5.51914E+04
 7.24436E-08    5.39764E+04
 7.58578E-08    5.27882E+04
 7.94328E-08    5.16283E+04
 8.31764E-08    5.04947E+04
 8.70964E-08    4.93872E+04
 9.12011E-08    4.83058E+04
 9.54993E-08    4.72486E+04
 1.00000E-07    4.62172E+04
 1.04713E-07    4.52086E+04
 1.09648E-07    4.42247E+04
 1.14815E-07    4.32621E+04
 1.20226E-07    4.23227E+04
 1.25893E-07    4.14041E+04
 1.31826E-07    4.05074E+04
 1.38038E-07    3.96315E+04
 1.44544E-07    3.87757E+04
 1.51356E-07    3.79405E+04
 1.58489E-07    3.71240E+04
 1.65959E-07    3.63276E+04
 1.73780E-07    3.55487E+04
 1.81970E-07    3.47892E+04
 1.90546E-07    3.40467E+04
 1.99526E-07    3.33228E+04
 2.08930E-07    3.26155E+04
 2.18776E-07    3.19250E+04
 2.29087E-07    3.12506E+04
 2.39883E-07    3.05917E+04
 2.51189E-07    2.99491E+04
 2.63027E-07    2.93210E+04
 2.75423E-07    2.87090E+04
 2.88403E-07    2.81108E+04
 3.01995E-07    2.75274E+04
 3.16228E-07    2.69582E+04
 3.31131E-07    2.64022E+04
 3.46737E-07    2.58603E+04
 3.63078E-07    2.53315E+04
 3.80189E-07    2.48152E+04
 3.98107E-07    2.43126E+04
 4.16869E-07    2.38222E+04
 4.36516E-07    2.33437E+04
 4.57088E-07    2.28774E+04
 4.78630E-07    2.24222E+04
 5.01187E-07    2.19789E+04
 5.24807E-07    2.15471E+04
 5.49541E-07    2.11259E+04
 5.75440E-07    2.07161E+04
 6.02560E-07    2.03170E+04
 6.30957E-07    1.99282E+04
 6.60693E-07    1.95503E+04
 6.91831E-07    1.91823E+04
 7.24436E-07    1.88244E+04
 7.58578E-07    1.84769E+04
 7.94328E-07    1.81392E+04
 8.31764E-07    1.78114E+04
 8.70964E-07    1.74930E+04
 9.12011E-07    1.71838E+04
 9.54993E-07    1.68845E+04
 1.00000E-06    1.65946E+04
 1.04713E-06    1.63143E+04
 1.09648E-06    1.60443E+04
 1.14815E-06    1.57837E+04
 1.20226E-06    1.55312E+04
 1.25893E-06    1.52884E+04
 1.31826E-06    1.50568E+04
 1.38038E-06    1.48313E+04
 1.44544E-06    1.46181E+04
 1.51356E-06    1.44147E+04
 1.58489E-06    1.42188E+04
 1.65959E-06    1.40380E+04
 1.73780E-06    1.38613E+04
 1.81970E-06    1.37037E+04
 1.90546E-06    1.35507E+04
 1.99526E-06    1.34098E+04
 2.08930E-06    1.32860E+04
 2.18776E-06    1.31660E+04
 2.29087E-06    1.30721E+04
 2.39883E-06    1.29795E+04
 2.51189E-06    1.29163E+04
 2.63027E-06    1.28601E+04
 2.75423E-06    1.28314E+04
 2.88403E-06    1.28557E+04
 3.01995E-06    1.31379E+04
 3.16228E-06    1.35098E+04
 3.31131E-06    1.29971E+04
 3.46737E-06    1.29822E+04
 3.63078E-06    1.30764E+04
 3.80189E-06    1.32122E+04
 3.98107E-06    1.33988E+04
 4.16869E-06    1.36279E+04
 4.36516E-06    1.39094E+04
 4.57088E-06    1.42564E+04
 4.78630E-06    1.46736E+04
 5.01187E-06    1.51748E+04
 5.24807E-06    1.57734E+04
 5.49541E-06    1.64928E+04
 5.75440E-06    1.73546E+04
 6.02560E-06    1.83919E+04
 6.30957E-06    1.96436E+04
 6.60693E-06    2.11657E+04
 6.91831E-06    2.30324E+04
 7.24436E-06    2.53314E+04
 7.58578E-06    2.82093E+04
 7.94328E-06    3.18555E+04
 8.31764E-06    3.65559E+04
 8.70964E-06    4.27052E+04
 9.12011E-06    5.10054E+04
 9.54993E-06    6.25288E+04
 1.00000E-05    7.91153E+04
 1.04713E-05    1.04222E+05
 1.09648E-05    1.44725E+05
 1.14815E-05    2.16401E+05
 1.20226E-05    3.61622E+05
 1.25893E-05    7.32465E+05
 1.31826E-05    2.28576E+06
 1.38038E-05    2.85378E+07
 1.44544E-05    2.02607E+07
 1.51356E-05    1.89094E+06
 1.58489E-05    6.67456E+05
 1.65959E-05    3.43215E+05
 1.73780E-05    2.10262E+05
 1.81970E-05    1.42828E+05
 1.90546E-05    1.03928E+05
 1.99526E-05    7.93477E+04
 2.08930E-05    6.28492E+04
 2.18776E-05    5.12222E+04
 2.29087E-05    4.27059E+04
 2.39883E-05    3.62697E+04
 2.51189E-05    3.12847E+04
 2.63027E-05    2.73254E+04
 2.75423E-05    2.41310E+04
 2.88403E-05    2.15105E+04
 3.01995E-05    1.93274E+04
 3.16228E-05    1.74878E+04
 3.31131E-05    1.59118E+04
 3.46737E-05    1.45408E+04
 3.63078E-05    1.33362E+04
 3.80189E-05    1.22546E+04
 3.98107E-05    1.12845E+04
 4.16869E-05    1.05662E+04
 4.36516E-05    2.99437E+04
 4.57088E-05    2.82243E+05
 4.78630E-05    1.31951E+04
 5.01187E-05    1.05069E+04
 5.24807E-05    9.40968E+03
 5.49541E-05    8.68696E+03
 5.75440E-05    8.12005E+03
 6.02560E-05    7.63447E+03
 6.30957E-05    7.19460E+03
 6.60693E-05    6.77441E+03
 6.91831E-05    6.38552E+03
 7.24436E-05    9.92218E+04
 7.58578E-05    2.28213E+04
 7.94328E-05    6.94985E+03
 8.31764E-05    6.24166E+03
 8.70964E-05    5.84215E+03
 9.12011E-05    5.52341E+03
 9.54993E-05    5.22558E+03
 1.00000E-04    4.91220E+03
 1.04713E-04    4.53735E+03
 1.09648E-04    4.49373E+04
 1.14815E-04    9.68473E+04
 1.20226E-04    5.98240E+03
 1.25893E-04    5.23270E+03
 1.31826E-04    4.87943E+03
 1.38038E-04    4.63063E+03
 1.44544E-04    4.41871E+03
 1.51356E-04    4.21436E+03
 1.58489E-04    4.00084E+03
 1.65959E-04    3.34462E+04
 1.73780E-04    1.60145E+04
 1.81970E-04    3.89779E+03
 1.90546E-04    3.41917E+03
 1.99526E-04    1.00733E+04
 2.08930E-04    9.95017E+04
 2.18776E-04    4.72664E+03
 2.29087E-04    4.06465E+03
 2.39883E-04    3.70231E+03
 2.51189E-04    3.36873E+03
 2.63027E-04    3.02150E+03
 2.75423E-04    1.34556E+05
 2.88403E-04    6.67092E+03
 3.01995E-04    9.91580E+03
 3.16228E-04    3.95274E+03
 3.31131E-04    4.48364E+03
 3.46737E-04    4.89296E+03
 3.63078E-04    3.36113E+03
 3.80189E-04    2.59697E+03
 3.98107E-04    1.86516E+03
 4.16869E-04    5.31057E+04
 4.36516E-04    2.06360E+05
 4.57088E-04    1.20440E+04
 4.78630E-04    8.32389E+03
 5.01187E-04    4.99077E+03
 5.24807E-04    4.16098E+03
 5.49541E-04    2.18170E+04
 5.75440E-04    4.33713E+03
 6.02560E-04    3.90589E+03
 6.30957E-04    6.86731E+03
 6.60693E-04    3.29644E+03
 6.91831E-04    2.81360E+04
 7.24436E-04    4.72219E+04
 7.58578E-04    4.98426E+03
 7.94328E-04    4.16746E+03
 8.31764E-04    1.09156E+04
 8.70964E-04    3.95488E+03
 9.12011E-04    3.43774E+03
 9.54993E-04    2.42864E+04
 1.00000E-03    8.78671E+03
 1.04713E-03    1.67059E+04
 1.09648E-03    4.21197E+03
 1.14815E-03    3.83517E+03
 1.20226E-03    3.55295E+03
 1.25893E-03    1.23804E+04
 1.31826E-03    6.79802E+03
 1.38038E-03    5.11971E+03
 1.44544E-03    9.20371E+03
 1.51356E-03    3.85212E+03
 1.58489E-03    1.44766E+04
 1.65959E-03    4.04810E+03
 1.73780E-03    7.76087E+03
 1.81970E-03    2.80811E+04
 1.90546E-03    1.54856E+04
 1.99526E-03    9.11599E+03
 2.08930E-03    1.72985E+04
 2.18776E-03    5.16259E+03
 2.29087E-03    1.04348E+04
 2.39883E-03    1.03069E+04
 2.51189E-03    1.43885E+04
 2.63027E-03    4.55133E+03
 2.75423E-03    4.18335E+03
 2.88403E-03    3.91192E+03
 3.01995E-03    8.43152E+03
 3.16228E-03    4.10194E+03
 3.31131E-03    3.66715E+03
 3.46737E-03    8.13525E+03
 3.63078E-03    3.70697E+03
 3.80189E-03    9.95638E+03
 3.98107E-03    8.99113E+03
 4.16869E-03    8.87910E+03
 4.36516E-03    8.77024E+03
 4.57088E-03    8.66425E+03
 4.78630E-03    8.56090E+03
 5.01187E-03    8.45997E+03
 5.24807E-03    8.36167E+03
 5.49541E-03    8.26737E+03
 5.75440E-03    8.17392E+03
 6.02560E-03    8.08316E+03
 6.30957E-03    7.99387E+03
 6.60693E-03    7.90824E+03
 6.91831E-03    7.82350E+03
 7.24436E-03    7.74171E+03
 7.58578E-03    7.66231E+03
 7.94328E-03    7.58445E+03
 8.31764E-03    7.50889E+03
 8.70964E-03    7.43551E+03
 9.12011E-03    7.36412E+03
 9.54993E-03    7.29465E+03
 1.00000E-02    7.22739E+03
 1.04713E-02    7.16156E+03
 1.09648E-02    7.09775E+03
 1.14815E-02    7.03579E+03
 1.20226E-02    6.97562E+03
 1.25893E-02    6.91854E+03
 1.31826E-02    6.86136E+03
 1.38038E-02    6.80641E+03
 1.44544E-02    6.75263E+03
 1.51356E-02    6.70120E+03
 1.58489E-02    6.65047E+03
 1.65959E-02    6.60227E+03
 1.73780E-02    6.55488E+03
 1.81970E-02    6.50927E+03
 1.90546E-02    6.46540E+03
 1.99526E-02    6.42270E+03
 2.08930E-02    6.38147E+03
 2.18776E-02    6.34175E+03
 2.29087E-02    6.30344E+03
 2.39883E-02    6.26650E+03
 2.51189E-02    6.23175E+03
 2.63027E-02    6.19730E+03
 2.75423E-02    6.16426E+03
 2.88403E-02    6.13241E+03
 3.01995E-02    6.10213E+03
 3.16228E-02    6.07262E+03
 3.31131E-02    6.04494E+03
 3.46737E-02    6.01793E+03
 3.63078E-02    5.99237E+03
 3.80189E-02    5.96811E+03
 3.98107E-02    5.94479E+03
 4.16869E-02    5.92267E+03
 4.36516E-02    5.90173E+03
 4.57088E-02    5.88190E+03
 4.78630E-02    5.86317E+03
 5.01187E-02    5.84550E+03
 5.24807E-02    5.82891E+03
 5.49541E-02    5.81375E+03
 5.75440E-02    5.79923E+03
 6.02560E-02    5.78582E+03
 6.30957E-02    5.77321E+03
 6.60693E-02    5.76195E+03
 6.91831E-02    5.75139E+03
 7.24436E-02    5.74202E+03
 7.58578E-02    5.73363E+03
 7.94328E-02    5.72612E+03
 8.31764E-02    5.71996E+03
 8.70964E-02    5.71367E+03
 9.12011E-02    5.70708E+03
 9.54993E-02    5.70019E+03
 1.00000E-01    5.69715E+03
 1.04713E-01    5.69822E+03
 1.09648E-01    5.69934E+03
 1.14815E-01    5.70051E+03
 1.20226E-01    5.70173E+03
 1.25893E-01    5.70302E+03
 1.31826E-01    5.70436E+03
 1.38038E-01    5.70577E+03
 1.44544E-01    5.70724E+03
 1.51356E-01    5.70953E+03
 1.58489E-01    5.71798E+03
 1.65959E-01    5.72814E+03
 1.73780E-01    5.73879E+03
 1.81970E-01    5.74993E+03
 1.90546E-01    5.76160E+03
 1.99526E-01    5.77381E+03
 2.08930E-01    5.78799E+03
 2.18776E-01    5.80647E+03
 2.29087E-01    5.82601E+03
 2.39883E-01    5.84647E+03
 2.51189E-01    5.86790E+03
 2.63027E-01    5.89034E+03
 2.75423E-01    5.91383E+03
 2.88403E-01    5.93844E+03
 3.01995E-01    5.96420E+03
 3.16228E-01    5.99117E+03
 3.31131E-01    6.01942E+03
 3.46737E-01    6.04899E+03
 3.63078E-01    6.07994E+03
 3.80189E-01    6.11235E+03
 3.98107E-01    6.14629E+03
 4.16869E-01    6.18183E+03
 4.36516E-01    6.21904E+03
 4.57088E-01    6.25800E+03
 4.78630E-01    6.29880E+03
 5.01187E-01    6.34084E+03
 5.24807E-01    6.37958E+03
 5.49541E-01    6.41903E+03
 5.75440E-01    6.46034E+03
 6.02560E-01    6.50359E+03
 6.30957E-01    6.54821E+03
 6.60693E-01    6.58912E+03
 6.91831E-01    6.63061E+03
 7.24436E-01    6.67275E+03
 7.58578E-01    6.70974E+03
 7.94328E-01    6.74741E+03
 8.31764E-01    6.78474E+03
 8.70964E-01    6.81591E+03
 9.12011E-01    6.84775E+03
 9.54993E-01    6.87436E+03
 1.00000E+00    6.89701E+03
 1.04713E+00    6.91503E+03
 1.09648E+00    6.92647E+03
 1.14815E+00    6.93596E+03
 1.20226E+00    6.93031E+03
 1.25893E+00    6.91440E+03
 1.31826E+00    6.89773E+03
 1.38038E+00    6.87631E+03
 1.44544E+00    6.83326E+03
 1.51356E+00    6.78522E+03
 1.58489E+00    6.73413E+03
 1.65959E+00    6.67032E+03
 1.73780E+00    6.60033E+03
 1.81970E+00    6.52705E+03
 1.90546E+00    6.45030E+03
 1.99526E+00    6.36679E+03
 2.08930E+00    6.26808E+03
 2.18776E+00    6.16373E+03
 2.29087E+00    6.05447E+03
 2.39883E+00    5.94005E+03
 2.51189E+00    5.82036E+03
 2.63027E+00    5.70988E+03
 2.75423E+00    5.60459E+03
 2.88403E+00    5.49434E+03
 3.01995E+00    5.39451E+03
 3.16228E+00    5.30640E+03
 3.31131E+00    5.21413E+03
 3.46737E+00    5.11752E+03
 3.63078E+00    5.01635E+03
 3.80189E+00    4.91041E+03
 3.98107E+00    4.80827E+03
 4.16869E+00    4.72356E+03
 4.36516E+00    4.63592E+03
 4.57088E+00    4.54416E+03
 4.78630E+00    4.44812E+03
 5.01187E+00    4.37096E+03
 5.24807E+00    4.30964E+03
 5.49541E+00    4.24542E+03
 5.75440E+00    4.17845E+03
 6.02560E+00    4.14450E+03
 6.30957E+00    4.13488E+03
 6.60693E+00    4.12481E+03
 6.91831E+00    4.12834E+03
 7.24436E+00    4.16758E+03
 7.58578E+00    4.21037E+03
 7.94328E+00    4.25904E+03
 8.31764E+00    4.32167E+03
 8.70964E+00    4.38802E+03
 9.12011E+00    4.45750E+03
 9.54993E+00    4.52827E+03
 1.00000E+01    4.59248E+03
 1.04713E+01    4.65123E+03
 1.09648E+01    4.70403E+03
 1.14815E+01    4.74775E+03
 1.20226E+01    4.78337E+03
 1.25893E+01    4.81120E+03
 1.31826E+01    4.82875E+03
 1.38038E+01    4.83947E+03
 1.44544E+01    4.83951E+03
 1.51356E+01    4.82891E+03
 1.58489E+01    4.80820E+03
 1.65959E+01    4.77471E+03
 1.73780E+01    4.72661E+03
 1.81970E+01    4.66133E+03
 1.90546E+01    4.57769E+03
 1.99526E+01    2.33204E+02
