# n + Mn 53 : (n,n'24)  
# tendl.2019 A.J. Koning and D. Rochman        EVAL-NOV19
# uncertainties: n
# # energies =    61
#   E(MeV)       xs(mb) 
 3.16100E+00    0.00000E+00
 3.18695E+00    3.50015E+00
 3.20000E+00    5.26035E+00
 3.24271E+00    5.78903E+00
 3.26091E+00    6.01431E+00
 3.31080E+00    6.63187E+00
 3.40000E+00    7.73601E+00
 3.44552E+00    8.12208E+00
 3.49127E+00    8.51010E+00
 3.60000E+00    9.43228E+00
 3.80000E+00    1.07713E+01
 4.00000E+00    1.16406E+01
 4.20000E+00    1.19030E+01
 4.40000E+00    1.16214E+01
 4.60000E+00    1.09566E+01
 4.80000E+00    1.00807E+01
 5.00000E+00    9.12288E+00
 5.20000E+00    8.18024E+00
 5.40000E+00    7.28947E+00
 5.60000E+00    6.47238E+00
 5.80000E+00    5.74342E+00
 6.00000E+00    5.09618E+00
 6.20000E+00    4.52634E+00
 6.40000E+00    4.02628E+00
 6.60000E+00    3.58644E+00
 6.80000E+00    3.20039E+00
 7.00000E+00    2.85924E+00
 7.20000E+00    2.55726E+00
 7.40000E+00    2.29002E+00
 7.60000E+00    2.05214E+00
 7.80000E+00    1.83861E+00
 8.00000E+00    1.65055E+00
 8.50000E+00    1.25596E+00
 9.00000E+00    9.47768E-01
 9.50000E+00    7.15226E-01
 1.00000E+01    5.37917E-01
 1.05000E+01    4.03728E-01
 1.10000E+01    3.02927E-01
 1.15000E+01    2.27384E-01
 1.20000E+01    1.70996E-01
 1.25000E+01    1.28984E-01
 1.30000E+01    9.76831E-02
 1.35000E+01    7.43645E-02
 1.40000E+01    5.70400E-02
 1.45000E+01    4.41685E-02
 1.50000E+01    3.46423E-02
 1.60000E+01    2.24581E-02
 1.70000E+01    1.59015E-02
 1.80000E+01    1.23975E-02
 1.90000E+01    1.05069E-02
 2.00000E+01    9.46240E-03
 2.10000E+01    8.86327E-03
 2.20000E+01    8.49875E-03
 2.30000E+01    8.25920E-03
 2.40000E+01    8.08405E-03
 2.50000E+01    7.94007E-03
 2.60000E+01    7.81016E-03
 2.70000E+01    7.68615E-03
 2.80000E+01    7.56554E-03
 2.90000E+01    7.44741E-03
 3.00000E+01    7.33223E-03
