# n + Ni  0 : (n,d)
# tendl.2019 A.J. Koning and D. Rochman        EVAL-DEC19
# uncertainties: y
# # energies =    38
#   E(MeV)          xs(mb) 
 6.05113E+00    0.00000E+00
 6.60000E+00    1.11619E-12
 6.80000E+00    5.60641E-10
 7.00000E+00    4.00415E-08
 7.20000E+00    9.17433E-07
 7.40000E+00    9.97485E-06
 7.60000E+00    6.48852E-05
 7.80000E+00    2.90711E-04
 8.00000E+00    9.91147E-04
 8.50000E+00    9.27130E-03
 9.00000E+00    4.20955E-02
 9.50000E+00    1.18957E-01
 1.00000E+01    2.98187E-01
 1.05000E+01    5.79619E-01
 1.10000E+01    1.03388E+00
 1.15000E+01    1.86223E+00
 1.20000E+01    2.91109E+00
 1.25000E+01    4.24199E+00
 1.30000E+01    5.80729E+00
 1.35000E+01    7.56422E+00
 1.40000E+01    9.49315E+00
 1.45000E+01    1.15273E+01
 1.50000E+01    1.34449E+01
 1.60000E+01    1.78300E+01
 1.70000E+01    2.22498E+01
 1.80000E+01    2.64668E+01
 1.90000E+01    3.02254E+01
 2.00000E+01    3.32990E+01
 2.10000E+01    3.57145E+01
 2.20000E+01    3.74083E+01
 2.30000E+01    3.84250E+01
 2.40000E+01    3.89499E+01
 2.50000E+01    3.90326E+01
 2.60000E+01    3.95061E+01
 2.70000E+01    4.03353E+01
 2.80000E+01    3.98371E+01
 2.90000E+01    3.86523E+01
 3.00000E+01    3.66753E+01
