# p + I 129 : (p,xt)    
# tendl.2019 A.J. Koning                       EVAL-OCT19
# 
# # energies =    57
#   E(MeV)        xs(mb) 
 5.92174E-01    0.00000E+00
 6.32061E-01    0.00000E+00
 8.30159E-01    0.00000E+00
 8.68597E-01    0.00000E+00
 9.12839E-01    0.00000E+00
 9.16399E-01    0.00000E+00
 1.00000E+00    0.00000E+00
 1.00689E+00    0.00000E+00
 1.03783E+00    0.00000E+00
 1.11493E+00    0.00000E+00
 1.12154E+00    0.00000E+00
 1.16933E+00    0.00000E+00
 2.00000E+00    0.00000E+00
 3.00000E+00    0.00000E+00
 4.00000E+00    0.00000E+00
 5.00000E+00    0.00000E+00
 6.00000E+00    0.00000E+00
 7.00000E+00    0.00000E+00
 8.00000E+00    4.30392E-17
 9.00000E+00    9.96832E-17
 1.00000E+01    2.95965E-11
 1.10000E+01    1.54317E-08
 1.20000E+01    8.32996E-07
 1.30000E+01    1.39111E-05
 1.40000E+01    2.48887E-04
 1.50000E+01    3.21334E-03
 1.60000E+01    2.28392E-02
 1.70000E+01    9.26162E-02
 1.80000E+01    2.45861E-01
 1.90000E+01    4.95126E-01
 2.00000E+01    8.35184E-01
 2.20000E+01    1.73189E+00
 2.40000E+01    2.81068E+00
 2.60000E+01    3.97525E+00
 2.80000E+01    5.15827E+00
 3.00000E+01    6.33489E+00
 3.00000E+01    6.37187E+00
 3.50000E+01    9.11684E+00
 4.00000E+01    1.14331E+01
 4.50000E+01    1.32457E+01
 5.00000E+01    1.48309E+01
 5.50000E+01    1.63180E+01
 6.00000E+01    1.77208E+01
 6.50000E+01    1.92595E+01
 7.00000E+01    2.10178E+01
 7.50000E+01    2.29060E+01
 8.00000E+01    2.47877E+01
 9.00000E+01    2.86311E+01
 1.00000E+02    3.29068E+01
 1.10000E+02    3.56414E+01
 1.20000E+02    3.84355E+01
 1.30000E+02    4.15487E+01
 1.40000E+02    4.50615E+01
 1.50000E+02    4.89208E+01
 1.60000E+02    5.39331E+01
 1.80000E+02    7.01447E+01
 2.00000E+02    1.06875E+02
