# n + Ag108m: (n,non)   
# tendl.2019 A.J. Koning and D. Rochman        EVAL-NOV19
# uncertainties: y
# # energies =  1021
#   E(MeV)       xs(mb)       xslow(mb)      xsupp(mb)
 1.00000E-11    2.74688E-01    2.74687E-01    2.74689E-01
 1.03223E-11    2.70365E-01    2.70364E-01    2.70366E-01
 1.06549E-11    2.66112E-01    2.66111E-01    2.66113E-01
 1.09984E-11    2.61924E-01    2.61923E-01    2.61925E-01
 1.13527E-11    2.57804E-01    2.57804E-01    2.57804E-01
 1.17186E-11    2.53747E-01    2.53747E-01    2.53747E-01
 1.20962E-11    2.49755E-01    2.49755E-01    2.49755E-01
 1.24861E-11    2.45825E-01    2.45825E-01    2.45825E-01
 1.28884E-11    2.41958E-01    2.41958E-01    2.41958E-01
 1.33038E-11    2.38150E-01    2.38150E-01    2.38150E-01
 1.37325E-11    2.34404E-01    2.34404E-01    2.34404E-01
 1.41751E-11    2.30715E-01    2.30715E-01    2.30715E-01
 1.46318E-11    2.27086E-01    2.27086E-01    2.27086E-01
 1.51034E-11    2.23512E-01    2.23512E-01    2.23512E-01
 1.55901E-11    2.19996E-01    2.19996E-01    2.19996E-01
 1.60926E-11    2.16534E-01    2.16534E-01    2.16534E-01
 1.66111E-11    2.13128E-01    2.13128E-01    2.13128E-01
 1.71465E-11    2.09774E-01    2.09774E-01    2.09774E-01
 1.76990E-11    2.06474E-01    2.06474E-01    2.06474E-01
 1.82694E-11    2.03225E-01    2.03225E-01    2.03225E-01
 1.88581E-11    2.00028E-01    2.00028E-01    2.00028E-01
 1.94659E-11    1.96880E-01    1.96880E-01    1.96880E-01
 2.00931E-11    1.93783E-01    1.93783E-01    1.93783E-01
 2.07407E-11    1.90733E-01    1.90733E-01    1.90733E-01
 2.14090E-11    1.87733E-01    1.87733E-01    1.87733E-01
 2.20991E-11    1.84779E-01    1.84779E-01    1.84779E-01
 2.28111E-11    1.81872E-01    1.81872E-01    1.81872E-01
 2.35464E-11    1.79010E-01    1.79010E-01    1.79010E-01
 2.43051E-11    1.76194E-01    1.76194E-01    1.76194E-01
 2.50884E-11    1.73421E-01    1.73421E-01    1.73421E-01
 2.58968E-11    1.70693E-01    1.70693E-01    1.70693E-01
 2.67315E-11    1.68007E-01    1.68007E-01    1.68007E-01
 2.75928E-11    1.65364E-01    1.65364E-01    1.65364E-01
 2.84822E-11    1.62762E-01    1.62762E-01    1.62762E-01
 2.93999E-11    1.60201E-01    1.60201E-01    1.60201E-01
 3.03475E-11    1.57680E-01    1.57680E-01    1.57680E-01
 3.13253E-11    1.55200E-01    1.55200E-01    1.55200E-01
 3.23350E-11    1.52758E-01    1.52758E-01    1.52758E-01
 3.33769E-11    1.50354E-01    1.50354E-01    1.50354E-01
 3.44526E-11    1.47989E-01    1.47989E-01    1.47989E-01
 3.55627E-11    1.45660E-01    1.45660E-01    1.45660E-01
 3.67089E-11    1.43368E-01    1.43368E-01    1.43368E-01
 3.78918E-11    1.41113E-01    1.41113E-01    1.41113E-01
 3.91130E-11    1.38892E-01    1.38892E-01    1.38892E-01
 4.03734E-11    1.36707E-01    1.36707E-01    1.36707E-01
 4.16746E-11    1.34556E-01    1.34556E-01    1.34556E-01
 4.30174E-11    1.32439E-01    1.32439E-01    1.32439E-01
 4.44039E-11    1.30355E-01    1.30355E-01    1.30355E-01
 4.58347E-11    1.28305E-01    1.28305E-01    1.28305E-01
 4.73119E-11    1.26286E-01    1.26286E-01    1.26286E-01
 4.88364E-11    1.24299E-01    1.24299E-01    1.24299E-01
 5.04104E-11    1.22343E-01    1.22343E-01    1.22343E-01
 5.20348E-11    1.20418E-01    1.20418E-01    1.20418E-01
 5.37119E-11    1.18523E-01    1.18523E-01    1.18523E-01
 5.54426E-11    1.16659E-01    1.16659E-01    1.16659E-01
 5.72295E-11    1.14823E-01    1.14823E-01    1.14823E-01
 5.90736E-11    1.13017E-01    1.13017E-01    1.13017E-01
 6.09775E-11    1.11238E-01    1.11238E-01    1.11238E-01
 6.29424E-11    1.09488E-01    1.09488E-01    1.09488E-01
 6.49710E-11    1.07765E-01    1.07765E-01    1.07765E-01
 6.70645E-11    1.06070E-01    1.06070E-01    1.06070E-01
 6.92260E-11    1.04401E-01    1.04401E-01    1.04401E-01
 7.14566E-11    1.02759E-01    1.02759E-01    1.02759E-01
 7.37596E-11    1.01142E-01    1.01142E-01    1.01142E-01
 7.61364E-11    9.95504E-02    9.95502E-02    9.95506E-02
 7.85902E-11    9.79839E-02    9.79837E-02    9.79841E-02
 8.11227E-11    9.64424E-02    9.64422E-02    9.64426E-02
 8.37372E-11    9.49249E-02    9.49247E-02    9.49251E-02
 8.64355E-11    9.34315E-02    9.34313E-02    9.34317E-02
 8.92212E-11    9.19613E-02    9.19611E-02    9.19615E-02
 9.20962E-11    9.05145E-02    9.05143E-02    9.05147E-02
 9.50644E-11    8.90903E-02    8.90901E-02    8.90905E-02
 9.81277E-11    8.76887E-02    8.76885E-02    8.76889E-02
 1.01291E-10    8.63087E-02    8.63085E-02    8.63089E-02
 1.04554E-10    8.49510E-02    8.49508E-02    8.49512E-02
 1.07924E-10    8.36141E-02    8.36139E-02    8.36143E-02
 1.11402E-10    8.22988E-02    8.22986E-02    8.22990E-02
 1.14992E-10    8.10037E-02    8.10035E-02    8.10039E-02
 1.18697E-10    7.97294E-02    7.97293E-02    7.97295E-02
 1.22523E-10    7.84747E-02    7.84746E-02    7.84748E-02
 1.26471E-10    7.72403E-02    7.72402E-02    7.72405E-02
 1.30547E-10    7.60248E-02    7.60247E-02    7.60249E-02
 1.34754E-10    7.48288E-02    7.48287E-02    7.48289E-02
 1.39097E-10    7.36513E-02    7.36512E-02    7.36514E-02
 1.43579E-10    7.24927E-02    7.24926E-02    7.24928E-02
 1.48207E-10    7.13519E-02    7.13518E-02    7.13520E-02
 1.52982E-10    7.02294E-02    7.02293E-02    7.02295E-02
 1.57913E-10    6.91243E-02    6.91242E-02    6.91244E-02
 1.63001E-10    6.80369E-02    6.80368E-02    6.80370E-02
 1.68254E-10    6.69662E-02    6.69661E-02    6.69663E-02
 1.73676E-10    6.59128E-02    6.59127E-02    6.59129E-02
 1.79274E-10    6.48755E-02    6.48754E-02    6.48756E-02
 1.85050E-10    6.38550E-02    6.38549E-02    6.38551E-02
 1.91014E-10    6.28501E-02    6.28500E-02    6.28502E-02
 1.97169E-10    6.18614E-02    6.18613E-02    6.18615E-02
 2.03524E-10    6.08879E-02    6.08878E-02    6.08880E-02
 2.10082E-10    5.99301E-02    5.99300E-02    5.99302E-02
 2.16853E-10    5.89870E-02    5.89869E-02    5.89871E-02
 2.23840E-10    5.80591E-02    5.80590E-02    5.80592E-02
 2.31055E-10    5.71454E-02    5.71453E-02    5.71455E-02
 2.38500E-10    5.62464E-02    5.62463E-02    5.62465E-02
 2.46187E-10    5.53614E-02    5.53613E-02    5.53615E-02
 2.54120E-10    5.44904E-02    5.44903E-02    5.44905E-02
 2.62310E-10    5.36330E-02    5.36329E-02    5.36331E-02
 2.70762E-10    5.27892E-02    5.27891E-02    5.27893E-02
 2.79489E-10    5.19585E-02    5.19584E-02    5.19586E-02
 2.88494E-10    5.11411E-02    5.11410E-02    5.11412E-02
 2.97793E-10    5.03364E-02    5.03363E-02    5.03365E-02
 3.07388E-10    4.95445E-02    4.95444E-02    4.95446E-02
 3.17295E-10    4.87649E-02    4.87648E-02    4.87650E-02
 3.27519E-10    4.79977E-02    4.79976E-02    4.79978E-02
 3.38075E-10    4.72425E-02    4.72424E-02    4.72426E-02
 3.48969E-10    4.64992E-02    4.64991E-02    4.64993E-02
 3.60216E-10    4.57675E-02    4.57674E-02    4.57676E-02
 3.71823E-10    4.50475E-02    4.50474E-02    4.50476E-02
 3.83807E-10    4.43387E-02    4.43386E-02    4.43388E-02
 3.96174E-10    4.36411E-02    4.36410E-02    4.36412E-02
 4.08943E-10    4.29544E-02    4.29543E-02    4.29545E-02
 4.22120E-10    4.22787E-02    4.22786E-02    4.22788E-02
 4.35725E-10    4.16134E-02    4.16133E-02    4.16135E-02
 4.49765E-10    4.09587E-02    4.09586E-02    4.09588E-02
 4.64261E-10    4.03142E-02    4.03141E-02    4.03143E-02
 4.79221E-10    3.96800E-02    3.96799E-02    3.96801E-02
 4.94666E-10    3.90556E-02    3.90555E-02    3.90557E-02
 5.10605E-10    3.84412E-02    3.84411E-02    3.84413E-02
 5.27062E-10    3.78363E-02    3.78362E-02    3.78364E-02
 5.44045E-10    3.72410E-02    3.72409E-02    3.72411E-02
 5.61580E-10    3.66550E-02    3.66549E-02    3.66551E-02
 5.79675E-10    3.60784E-02    3.60783E-02    3.60785E-02
 5.98358E-10    3.55107E-02    3.55106E-02    3.55108E-02
 6.17639E-10    3.49520E-02    3.49519E-02    3.49521E-02
 6.37545E-10    3.44020E-02    3.44019E-02    3.44021E-02
 6.58089E-10    3.38608E-02    3.38607E-02    3.38609E-02
 6.79298E-10    3.33280E-02    3.33279E-02    3.33281E-02
 7.01188E-10    3.28037E-02    3.28036E-02    3.28038E-02
 7.23786E-10    3.22875E-02    3.22874E-02    3.22876E-02
 7.47109E-10    3.17795E-02    3.17794E-02    3.17796E-02
 7.71188E-10    3.12795E-02    3.12794E-02    3.12796E-02
 7.96038E-10    3.07874E-02    3.07873E-02    3.07875E-02
 8.21693E-10    3.03029E-02    3.03028E-02    3.03030E-02
 8.48171E-10    2.98262E-02    2.98261E-02    2.98263E-02
 8.75507E-10    2.93569E-02    2.93568E-02    2.93570E-02
 9.03719E-10    2.88950E-02    2.88949E-02    2.88951E-02
 9.32845E-10    2.84403E-02    2.84402E-02    2.84404E-02
 9.62904E-10    2.79929E-02    2.79928E-02    2.79930E-02
 9.93937E-10    2.75524E-02    2.75523E-02    2.75525E-02
 1.02597E-09    2.71190E-02    2.71189E-02    2.71191E-02
 1.05903E-09    2.66922E-02    2.66922E-02    2.66923E-02
 1.09316E-09    2.62723E-02    2.62723E-02    2.62724E-02
 1.12839E-09    2.58589E-02    2.58589E-02    2.58589E-02
 1.16475E-09    2.54521E-02    2.54521E-02    2.54521E-02
 1.20229E-09    2.50516E-02    2.50516E-02    2.50516E-02
 1.24103E-09    2.46575E-02    2.46575E-02    2.46575E-02
 1.28103E-09    2.42695E-02    2.42695E-02    2.42695E-02
 1.32231E-09    2.38877E-02    2.38877E-02    2.38877E-02
 1.36492E-09    2.35118E-02    2.35118E-02    2.35118E-02
 1.40890E-09    2.31419E-02    2.31419E-02    2.31419E-02
 1.45431E-09    2.27777E-02    2.27777E-02    2.27777E-02
 1.50117E-09    2.24194E-02    2.24194E-02    2.24194E-02
 1.54956E-09    2.20666E-02    2.20666E-02    2.20666E-02
 1.59949E-09    2.17194E-02    2.17194E-02    2.17194E-02
 1.65104E-09    2.13777E-02    2.13777E-02    2.13777E-02
 1.70424E-09    2.10414E-02    2.10414E-02    2.10414E-02
 1.75917E-09    2.07103E-02    2.07103E-02    2.07103E-02
 1.81585E-09    2.03845E-02    2.03845E-02    2.03845E-02
 1.87438E-09    2.00637E-02    2.00637E-02    2.00637E-02
 1.93477E-09    1.97480E-02    1.97480E-02    1.97480E-02
 1.99713E-09    1.94373E-02    1.94373E-02    1.94373E-02
 2.06148E-09    1.91315E-02    1.91315E-02    1.91315E-02
 2.12792E-09    1.88305E-02    1.88305E-02    1.88305E-02
 2.19649E-09    1.85342E-02    1.85342E-02    1.85342E-02
 2.26728E-09    1.82426E-02    1.82426E-02    1.82426E-02
 2.34034E-09    1.79556E-02    1.79556E-02    1.79556E-02
 2.41577E-09    1.76730E-02    1.76730E-02    1.76730E-02
 2.49362E-09    1.73950E-02    1.73950E-02    1.73950E-02
 2.57398E-09    1.71213E-02    1.71213E-02    1.71213E-02
 2.65692E-09    1.68519E-02    1.68519E-02    1.68519E-02
 2.74255E-09    1.65868E-02    1.65868E-02    1.65868E-02
 2.83093E-09    1.63258E-02    1.63258E-02    1.63258E-02
 2.92217E-09    1.60689E-02    1.60689E-02    1.60689E-02
 3.01633E-09    1.58161E-02    1.58161E-02    1.58161E-02
 3.11354E-09    1.55673E-02    1.55673E-02    1.55673E-02
 3.21387E-09    1.53223E-02    1.53223E-02    1.53223E-02
 3.31745E-09    1.50812E-02    1.50812E-02    1.50812E-02
 3.42435E-09    1.48440E-02    1.48440E-02    1.48440E-02
 3.53471E-09    1.46104E-02    1.46104E-02    1.46104E-02
 3.64861E-09    1.43806E-02    1.43806E-02    1.43806E-02
 3.76620E-09    1.41543E-02    1.41543E-02    1.41543E-02
 3.88757E-09    1.39316E-02    1.39316E-02    1.39316E-02
 4.01286E-09    1.37124E-02    1.37124E-02    1.37124E-02
 4.14217E-09    1.34967E-02    1.34967E-02    1.34967E-02
 4.27566E-09    1.32843E-02    1.32843E-02    1.32843E-02
 4.41344E-09    1.30753E-02    1.30753E-02    1.30753E-02
 4.55568E-09    1.28696E-02    1.28696E-02    1.28696E-02
 4.70248E-09    1.26671E-02    1.26671E-02    1.26671E-02
 4.85404E-09    1.24678E-02    1.24678E-02    1.24678E-02
 5.01045E-09    1.22717E-02    1.22717E-02    1.22717E-02
 5.17193E-09    1.20787E-02    1.20787E-02    1.20787E-02
 5.33859E-09    1.18887E-02    1.18887E-02    1.18887E-02
 5.51065E-09    1.17017E-02    1.17017E-02    1.17017E-02
 5.68822E-09    1.15177E-02    1.15177E-02    1.15177E-02
 5.87154E-09    1.13365E-02    1.13365E-02    1.13365E-02
 6.06075E-09    1.11583E-02    1.11583E-02    1.11583E-02
 6.25608E-09    1.09829E-02    1.09829E-02    1.09829E-02
 6.45767E-09    1.08103E-02    1.08103E-02    1.08103E-02
 6.66579E-09    1.06404E-02    1.06404E-02    1.06404E-02
 6.88059E-09    1.04733E-02    1.04733E-02    1.04733E-02
 7.10234E-09    1.03088E-02    1.03088E-02    1.03088E-02
 7.33121E-09    1.01470E-02    1.01470E-02    1.01470E-02
 7.56748E-09    9.98779E-03    9.98777E-03    9.98781E-03
 7.81133E-09    9.83116E-03    9.83114E-03    9.83118E-03
 8.06308E-09    9.67702E-03    9.67700E-03    9.67704E-03
 8.32291E-09    9.52539E-03    9.52537E-03    9.52541E-03
 8.59114E-09    9.37618E-03    9.37616E-03    9.37620E-03
 8.86798E-09    9.22938E-03    9.22936E-03    9.22940E-03
 9.15378E-09    9.08492E-03    9.08490E-03    9.08494E-03
 9.44875E-09    8.94277E-03    8.94275E-03    8.94279E-03
 9.75327E-09    8.80286E-03    8.80284E-03    8.80288E-03
 1.00676E-08    8.66516E-03    8.66514E-03    8.66518E-03
 1.03920E-08    8.52959E-03    8.52957E-03    8.52961E-03
 1.07269E-08    8.39614E-03    8.39612E-03    8.39616E-03
 1.10726E-08    8.26472E-03    8.26470E-03    8.26474E-03
 1.14294E-08    8.13533E-03    8.13531E-03    8.13535E-03
 1.17978E-08    8.00788E-03    8.00787E-03    8.00790E-03
 1.21779E-08    7.88239E-03    7.88237E-03    7.88240E-03
 1.25704E-08    7.75877E-03    7.75876E-03    7.75879E-03
 1.29755E-08    7.63704E-03    7.63703E-03    7.63705E-03
 1.33937E-08    7.51713E-03    7.51712E-03    7.51714E-03
 1.38253E-08    7.39907E-03    7.39906E-03    7.39908E-03
 1.42708E-08    7.28280E-03    7.28279E-03    7.28281E-03
 1.47307E-08    7.16832E-03    7.16831E-03    7.16833E-03
 1.52054E-08    7.05560E-03    7.05559E-03    7.05561E-03
 1.56954E-08    6.94463E-03    6.94462E-03    6.94464E-03
 1.62012E-08    6.83536E-03    6.83535E-03    6.83537E-03
 1.67233E-08    6.72781E-03    6.72780E-03    6.72782E-03
 1.72623E-08    6.62191E-03    6.62190E-03    6.62192E-03
 1.78185E-08    6.51768E-03    6.51767E-03    6.51769E-03
 1.83928E-08    6.41505E-03    6.41504E-03    6.41506E-03
 1.89855E-08    6.31405E-03    6.31404E-03    6.31406E-03
 1.95974E-08    6.21464E-03    6.21463E-03    6.21465E-03
 2.02289E-08    6.11683E-03    6.11682E-03    6.11684E-03
 2.08808E-08    6.02062E-03    6.02061E-03    6.02063E-03
 2.15537E-08    5.92603E-03    5.92602E-03    5.92604E-03
 2.22483E-08    5.83305E-03    5.83304E-03    5.83306E-03
 2.29652E-08    5.74171E-03    5.74170E-03    5.74172E-03
 2.37054E-08    5.65196E-03    5.65195E-03    5.65197E-03
 2.44693E-08    5.56376E-03    5.56375E-03    5.56377E-03
 2.52522E-08    5.47763E-03    5.47762E-03    5.47764E-03
 2.53000E-08    5.47251E-03    1.96542E-03    8.97960E-03
 2.61154E-08    5.38719E-03    1.93478E-03    8.83960E-03
 2.69569E-08    5.30311E-03    1.90458E-03    8.70164E-03
 2.78845E-08    5.21462E-03    1.87280E-03    8.55644E-03
 2.88441E-08    5.12730E-03    1.84144E-03    8.41316E-03
 2.98366E-08    5.04111E-03    1.81049E-03    8.27173E-03
 3.07982E-08    4.96135E-03    1.78184E-03    8.14086E-03
 3.17907E-08    4.88270E-03    1.75359E-03    8.01181E-03
 3.28152E-08    4.80522E-03    1.72577E-03    7.88467E-03
 3.38727E-08    4.72900E-03    1.69839E-03    7.75961E-03
 3.49643E-08    4.65406E-03    1.67148E-03    7.63664E-03
 3.60910E-08    4.58044E-03    1.64504E-03    7.51584E-03
 3.72542E-08    4.50809E-03    1.61906E-03    7.39713E-03
 3.84547E-08    4.43699E-03    1.59352E-03    7.28046E-03
 3.96940E-08    4.36707E-03    1.56841E-03    7.16573E-03
 4.09731E-08    4.29831E-03    1.54371E-03    7.05291E-03
 4.22936E-08    4.23066E-03    1.51942E-03    6.94190E-03
 4.36565E-08    4.16409E-03    1.49551E-03    6.83267E-03
 4.50634E-08    4.09856E-03    1.47197E-03    6.72515E-03
 4.65156E-08    4.03408E-03    1.44882E-03    6.61934E-03
 4.80147E-08    3.97060E-03    1.42602E-03    6.51518E-03
 4.95619E-08    3.90813E-03    1.40358E-03    6.41268E-03
 5.11592E-08    3.84664E-03    1.38150E-03    6.31178E-03
 5.28078E-08    3.78613E-03    1.35977E-03    6.21249E-03
 5.45097E-08    3.72655E-03    1.33837E-03    6.11473E-03
 5.62662E-08    3.66792E-03    1.31731E-03    6.01853E-03
 5.80796E-08    3.61020E-03    1.29658E-03    5.92382E-03
 5.99511E-08    3.55340E-03    1.27618E-03    5.83062E-03
 6.18833E-08    3.49750E-03    1.25611E-03    5.73889E-03
 6.38774E-08    3.44248E-03    1.23635E-03    5.64861E-03
 6.59360E-08    3.38831E-03    1.21689E-03    5.55973E-03
 6.80608E-08    3.33498E-03    1.19774E-03    5.47222E-03
 7.02543E-08    3.28250E-03    1.17889E-03    5.38611E-03
 7.25181E-08    3.23087E-03    1.16035E-03    5.30139E-03
 7.48553E-08    3.18006E-03    1.14210E-03    5.21802E-03
 7.72674E-08    3.13003E-03    1.12413E-03    5.13593E-03
 7.97576E-08    3.08074E-03    1.10643E-03    5.05505E-03
 8.23277E-08    3.03225E-03    1.08902E-03    4.97548E-03
 8.49810E-08    2.98456E-03    1.07189E-03    4.89723E-03
 8.77194E-08    2.93766E-03    1.05504E-03    4.82028E-03
 9.05465E-08    2.89145E-03    1.03845E-03    4.74445E-03
 9.34643E-08    2.84589E-03    1.02209E-03    4.66970E-03
 9.64765E-08    2.80106E-03    1.00598E-03    4.59614E-03
 9.95853E-08    2.75702E-03    9.90168E-04    4.52387E-03
 1.02795E-07    2.71373E-03    9.74621E-04    4.45284E-03
 1.06107E-07    2.67107E-03    9.59300E-04    4.38284E-03
 1.09527E-07    2.62895E-03    9.44172E-04    4.31373E-03
 1.13056E-07    2.58749E-03    9.29282E-04    4.24570E-03
 1.16453E-07    2.54949E-03    9.15635E-04    4.18335E-03
 1.20206E-07    2.50951E-03    9.01276E-04    4.11774E-03
 1.24343E-07    2.46750E-03    8.86189E-04    4.04881E-03
 1.28622E-07    2.42599E-03    8.71281E-04    3.98070E-03
 1.32766E-07    2.38766E-03    8.57515E-04    3.91781E-03
 1.36755E-07    2.35259E-03    8.44919E-04    3.86026E-03
 1.41163E-07    2.31577E-03    8.31696E-04    3.79984E-03
 1.46020E-07    2.27706E-03    8.17793E-04    3.73633E-03
 1.51045E-07    2.23871E-03    8.04020E-04    3.67340E-03
 1.55583E-07    2.20560E-03    7.92129E-04    3.61907E-03
 1.60258E-07    2.17317E-03    7.80482E-04    3.56586E-03
 1.65073E-07    2.14146E-03    7.69093E-04    3.51383E-03
 1.70753E-07    2.10577E-03    7.56275E-04    3.45526E-03
 1.77003E-07    2.06810E-03    7.42746E-04    3.39345E-03
 1.82321E-07    2.03742E-03    7.31728E-04    3.34311E-03
 1.87403E-07    2.00953E-03    7.21711E-04    3.29735E-03
 1.93033E-07    1.98025E-03    7.11196E-04    3.24930E-03
 1.99676E-07    1.94736E-03    6.99383E-04    3.19534E-03
 2.07422E-07    1.91051E-03    6.86149E-04    3.13487E-03
 2.14106E-07    1.88006E-03    6.75213E-04    3.08491E-03
 2.20074E-07    1.85429E-03    6.65958E-04    3.04262E-03
 2.26207E-07    1.82923E-03    6.56958E-04    3.00150E-03
 2.33991E-07    1.79897E-03    6.46090E-04    2.95185E-03
 2.43584E-07    1.76306E-03    6.33193E-04    2.89293E-03
 2.51433E-07    1.73485E-03    6.23062E-04    2.84664E-03
 2.57894E-07    1.71284E-03    6.15157E-04    2.81052E-03
 2.65083E-07    1.68972E-03    6.06853E-04    2.77259E-03
 2.74204E-07    1.66188E-03    5.96855E-04    2.72691E-03
 2.86654E-07    1.62524E-03    5.83696E-04    2.66678E-03
 2.95267E-07    1.60086E-03    5.74940E-04    2.62678E-03
 3.02855E-07    1.58050E-03    5.67628E-04    2.59337E-03
 3.10638E-07    1.56083E-03    5.60563E-04    2.56110E-03
 3.21327E-07    1.53523E-03    5.51369E-04    2.51909E-03
 3.38055E-07    1.49655E-03    5.37477E-04    2.45562E-03
 3.48212E-07    1.47394E-03    5.29357E-04    2.41852E-03
 3.57161E-07    1.45509E-03    5.22587E-04    2.38759E-03
 3.66340E-07    1.43690E-03    5.16055E-04    2.35775E-03
 3.74961E-07    1.42083E-03    5.10283E-04    2.33138E-03
 3.80552E-07    1.41122E-03    5.06832E-04    2.31561E-03
 3.84597E-07    1.40508E-03    5.04626E-04    2.30553E-03
 3.87864E-07    1.40094E-03    5.03140E-04    2.29874E-03
 3.90332E-07    1.39848E-03    5.02256E-04    2.29470E-03
 3.92816E-07    1.39677E-03    5.01642E-04    2.29190E-03
 3.95315E-07    1.39596E-03    5.01351E-04    2.29057E-03
 3.96153E-07    1.39593E-03    5.01340E-04    2.29052E-03
 3.98673E-07    1.39661E-03    5.01585E-04    2.29164E-03
 4.00363E-07    1.39778E-03    5.02005E-04    2.29356E-03
 4.02059E-07    1.39956E-03    5.02644E-04    2.29648E-03
 4.03763E-07    1.40201E-03    5.03524E-04    2.30050E-03
 4.05474E-07    1.40513E-03    5.04644E-04    2.30562E-03
 4.06884E-07    1.40822E-03    5.05754E-04    2.31069E-03
 4.08608E-07    1.41262E-03    5.07334E-04    2.31791E-03
 4.10340E-07    1.41773E-03    5.09170E-04    2.32629E-03
 4.12079E-07    1.42352E-03    5.11249E-04    2.33579E-03
 4.13825E-07    1.42998E-03    5.13569E-04    2.34639E-03
 4.15579E-07    1.43708E-03    5.16119E-04    2.35804E-03
 4.18225E-07    1.44883E-03    5.20339E-04    2.37732E-03
 4.20885E-07    1.46176E-03    5.24983E-04    2.39854E-03
 4.23565E-07    1.47573E-03    5.30000E-04    2.42146E-03
 4.27162E-07    1.49565E-03    5.37154E-04    2.45415E-03
 4.31702E-07    1.52211E-03    5.46657E-04    2.49756E-03
 4.38140E-07    1.56112E-03    5.60667E-04    2.56157E-03
 4.52259E-07    1.64867E-03    5.92111E-04    2.70523E-03
 4.68813E-07    1.75230E-03    6.29329E-04    2.87527E-03
 4.78831E-07    1.81609E-03    6.52238E-04    2.97994E-03
 4.87000E-07    1.86937E-03    6.71374E-04    3.06737E-03
 4.95309E-07    1.92501E-03    6.91356E-04    3.15866E-03
 5.04824E-07    1.99040E-03    7.14841E-04    3.26596E-03
 5.18894E-07    2.08902E-03    7.50260E-04    3.42778E-03
 5.48221E-07    2.29662E-03    8.24818E-04    3.76842E-03
 5.61120E-07    2.38918E-03    8.58060E-04    3.92030E-03
 5.70693E-07    2.45942E-03    8.83287E-04    4.03555E-03
 5.79204E-07    2.52344E-03    9.06279E-04    4.14060E-03
 5.89086E-07    2.59959E-03    9.33628E-04    4.26555E-03
 6.04225E-07    2.71876E-03    9.76427E-04    4.46109E-03
 6.45157E-07    3.04472E-03    1.09349E-03    4.99595E-03
 6.60341E-07    3.16724E-03    1.13750E-03    5.19698E-03
 6.71606E-07    3.26033E-03    1.17093E-03    5.34973E-03
 6.81619E-07    3.34533E-03    1.20146E-03    5.48920E-03
 6.93248E-07    3.44658E-03    1.23782E-03    5.65534E-03
 7.12571E-07    3.61835E-03    1.29951E-03    5.93719E-03
 7.62455E-07    4.06585E-03    1.46023E-03    6.67147E-03
 7.77102E-07    4.19945E-03    1.50821E-03    6.89069E-03
 7.88692E-07    4.30808E-03    1.54722E-03    7.06894E-03
 7.98762E-07    4.40545E-03    1.58219E-03    7.22871E-03
 8.10671E-07    4.52414E-03    1.62482E-03    7.42346E-03
 8.27995E-07    4.70133E-03    1.68846E-03    7.71420E-03
 9.41991E-07    5.88364E-03    2.11308E-03    9.65420E-03
 9.54018E-07    6.01103E-03    2.15883E-03    9.86323E-03
 9.62122E-07    6.10063E-03    2.19101E-03    1.00103E-02
 9.68242E-07    6.17260E-03    2.21685E-03    1.01283E-02
 9.72346E-07    6.22407E-03    2.23534E-03    1.02128E-02
 9.76466E-07    6.27928E-03    2.25517E-03    1.03034E-02
 9.80605E-07    6.33912E-03    2.27666E-03    1.04016E-02
 9.83722E-07    6.38764E-03    2.29408E-03    1.04812E-02
 9.86847E-07    6.43967E-03    2.31277E-03    1.05666E-02
 9.89982E-07    6.49557E-03    2.33285E-03    1.06583E-02
 9.93125E-07    6.55564E-03    2.35442E-03    1.07569E-02
 9.96282E-07    6.62022E-03    2.37761E-03    1.08628E-02
 9.99447E-07    6.68939E-03    2.40246E-03    1.09763E-02
 1.00262E-06    6.76322E-03    0.00000E+00    1.38049E-02
 1.00581E-06    6.84170E-03    0.00000E+00    1.39651E-02
 1.00935E-06    6.93420E-03    0.00000E+00    1.41539E-02
 1.01290E-06    7.03170E-03    0.00000E+00    1.43529E-02
 1.01645E-06    7.13377E-03    0.00000E+00    1.45613E-02
 1.02000E-06    7.23993E-03    0.00000E+00    1.47779E-02
 1.02539E-06    7.40804E-03    0.00000E+00    1.51211E-02
 1.03079E-06    7.58252E-03    0.00000E+00    1.54772E-02
 1.03803E-06    7.82398E-03    0.00000E+00    1.59701E-02
 1.04533E-06    8.07283E-03    0.00000E+00    1.64780E-02
 1.05638E-06    8.45773E-03    0.00000E+00    1.72637E-02
 1.06378E-06    8.72180E-03    0.00000E+00    1.78027E-02
 1.07128E-06    8.99739E-03    0.00000E+00    1.83652E-02
 1.07691E-06    9.21132E-03    0.00000E+00    1.88019E-02
 1.08259E-06    9.43538E-03    0.00000E+00    1.92592E-02
 1.08830E-06    9.67021E-03    0.00000E+00    1.97386E-02
 1.09401E-06    9.91593E-03    0.00000E+00    2.02401E-02
 1.09979E-06    1.01768E-02    0.00000E+00    2.07726E-02
 1.10558E-06    1.04492E-02    0.00000E+00    2.13286E-02
 1.10944E-06    1.06369E-02    0.00000E+00    2.17117E-02
 1.11727E-06    1.10303E-02    0.00000E+00    2.25147E-02
 1.12509E-06    1.14375E-02    0.00000E+00    2.33459E-02
 1.13700E-06    1.20739E-02    0.00000E+00    2.46449E-02
 1.17339E-06    1.40593E-02    0.00000E+00    2.86975E-02
 1.23239E-06    1.72932E-02    0.00000E+00    3.52984E-02
 1.24977E-06    1.82677E-02    0.00000E+00    3.72875E-02
 1.26297E-06    1.90474E-02    0.00000E+00    3.88790E-02
 1.27184E-06    1.96101E-02    0.00000E+00    4.00276E-02
 1.28078E-06    2.02207E-02    0.00000E+00    4.12739E-02
 1.28979E-06    2.08876E-02    0.00000E+00    4.26352E-02
 1.29885E-06    2.16135E-02    0.00000E+00    4.41169E-02
 1.30798E-06    2.23943E-02    0.00000E+00    4.57106E-02
 1.32181E-06    2.36477E-02    0.00000E+00    4.82690E-02
 1.34046E-06    2.54122E-02    0.00000E+00    5.18707E-02
 1.45800E-06    3.67536E-02    0.00000E+00    7.50204E-02
 1.47857E-06    3.88135E-02    0.00000E+00    7.92251E-02
 1.49418E-06    4.05057E-02    0.00000E+00    8.26791E-02
 1.50468E-06    4.17564E-02    0.00000E+00    8.52320E-02
 1.51526E-06    4.31314E-02    0.00000E+00    8.80386E-02
 1.52591E-06    4.46377E-02    0.00000E+00    9.11133E-02
 1.54204E-06    4.71175E-02    0.00000E+00    9.61749E-02
 1.56380E-06    5.06950E-02    0.00000E+00    1.03477E-01
 1.72492E-06    7.80813E-02    0.00000E+00    1.59377E-01
 1.74926E-06    8.24533E-02    0.00000E+00    1.68301E-01
 1.76773E-06    8.61323E-02    0.00000E+00    1.75811E-01
 1.78636E-06    9.03438E-02    0.00000E+00    1.84407E-01
 1.80527E-06    9.51282E-02    0.00000E+00    1.94173E-01
 1.83712E-06    1.03888E-01    0.00000E+00    2.12053E-01
 1.97043E-06    1.41610E-01    0.00000E+00    2.89050E-01
 1.99822E-06    1.48963E-01    0.00000E+00    3.04059E-01
 2.01937E-06    1.53522E-01    0.00000E+00    3.13365E-01
 2.03442E-06    1.55816E-01    0.00000E+00    3.18047E-01
 2.04877E-06    1.57157E-01    0.00000E+00    3.20785E-01
 2.07040E-06    1.57852E-01    0.00000E+00    3.22203E-01
 2.07404E-06    1.57855E-01    0.00000E+00    3.22209E-01
 2.10699E-06    1.57172E-01    0.00000E+00    3.20815E-01
 2.45804E-06    1.45509E-01    0.00000E+00    2.97009E-01
 2.88767E-06    1.34367E-01    0.00000E+00    2.74266E-01
 3.39256E-06    1.24082E-01    0.00000E+00    2.53273E-01
 3.98554E-06    1.14587E-01    0.00000E+00    2.33892E-01
 4.71518E-06    1.05462E-01    0.00000E+00    2.15266E-01
 5.53960E-06    9.73912E-02    0.00000E+00    1.98792E-01
 6.50784E-06    8.99400E-02    0.00000E+00    1.83583E-01
 7.64570E-06    8.30571E-02    0.00000E+00    1.69534E-01
 8.98206E-06    7.66929E-02    0.00000E+00    1.56543E-01
 1.00473E-05    7.25852E-02    0.00000E+00    1.48159E-01
 1.23969E-05    6.60677E-02    0.00000E+00    1.34856E-01
 1.45645E-05    6.14705E-02    0.00000E+00    1.25472E-01
 1.71101E-05    5.71947E-02    0.00000E+00    1.16744E-01
 2.01017E-05    5.32153E-02    0.00000E+00    1.08622E-01
 2.36152E-05    4.95139E-02    0.00000E+00    1.01066E-01
 2.77442E-05    4.60689E-02    0.00000E+00    9.40346E-02
 3.25935E-05    4.28646E-02    0.00000E+00    8.74940E-02
 3.82923E-05    3.98824E-02    0.00000E+00    8.14069E-02
 4.49852E-05    3.71083E-02    0.00000E+00    7.57444E-02
 5.28506E-05    3.45266E-02    0.00000E+00    7.04748E-02
 6.72978E-05    3.07405E-02    0.00000E+00    6.27467E-02
 6.73712E-05    3.07987E-02    0.00000E+00    6.28655E-02
 6.74006E-05    3.09310E-02    0.00000E+00    6.31355E-02
 6.74226E-05    3.11609E-02    0.00000E+00    6.36048E-02
 6.74373E-05    3.14335E-02    0.00000E+00    6.41612E-02
 6.74520E-05    3.18646E-02    0.00000E+00    6.50411E-02
 6.74630E-05    3.23423E-02    0.00000E+00    6.60162E-02
 6.74740E-05    3.30086E-02    0.00000E+00    6.73762E-02
 6.74813E-05    3.35915E-02    0.00000E+00    6.85660E-02
 6.74887E-05    3.43157E-02    0.00000E+00    7.00443E-02
 6.74960E-05    3.52139E-02    0.00000E+00    7.18776E-02
 6.75034E-05    3.63259E-02    0.00000E+00    7.41474E-02
 6.75107E-05    3.77001E-02    0.00000E+00    7.69524E-02
 6.75162E-05    3.89377E-02    0.00000E+00    7.94786E-02
 6.75217E-05    4.03850E-02    0.00000E+00    8.24328E-02
 6.75272E-05    4.20758E-02    0.00000E+00    8.58840E-02
 6.75327E-05    4.40491E-02    0.00000E+00    8.99118E-02
 6.75379E-05    4.62271E-02    0.00000E+00    9.43575E-02
 6.75432E-05    4.87450E-02    0.00000E+00    9.94970E-02
 6.75484E-05    5.16534E-02    0.00000E+00    1.05434E-01
 6.75519E-05    5.38374E-02    0.00000E+00    1.09891E-01
 6.75554E-05    5.62394E-02    0.00000E+00    1.14794E-01
 6.75589E-05    5.88801E-02    0.00000E+00    1.20184E-01
 6.75624E-05    6.17821E-02    0.00000E+00    1.26108E-01
 6.75659E-05    6.49702E-02    0.00000E+00    1.32615E-01
 6.75693E-05    6.84710E-02    0.00000E+00    1.39761E-01
 6.75728E-05    7.23138E-02    0.00000E+00    1.47605E-01
 6.75763E-05    7.65304E-02    0.00000E+00    1.56212E-01
 6.75798E-05    8.11554E-02    0.00000E+00    1.65652E-01
 6.75833E-05    8.62263E-02    0.00000E+00    1.76003E-01
 6.75868E-05    9.17841E-02    0.00000E+00    1.87347E-01
 6.75903E-05    9.78730E-02    0.00000E+00    1.99776E-01
 6.75937E-05    1.04542E-01    0.00000E+00    2.13388E-01
 6.75972E-05    1.11842E-01    0.00000E+00    2.28289E-01
 6.76007E-05    1.19830E-01    0.00000E+00    2.44594E-01
 6.76042E-05    1.28569E-01    0.00000E+00    2.62432E-01
 6.76077E-05    1.38125E-01    0.00000E+00    2.81937E-01
 6.76112E-05    1.48570E-01    0.00000E+00    3.03257E-01
 6.76147E-05    1.59983E-01    0.00000E+00    3.26553E-01
 6.76182E-05    1.72448E-01    0.00000E+00    3.51996E-01
 6.76217E-05    1.86057E-01    0.00000E+00    3.79774E-01
 6.76251E-05    2.00910E-01    0.00000E+00    4.10092E-01
 6.76286E-05    2.17114E-01    0.00000E+00    4.43167E-01
 6.76321E-05    2.34785E-01    0.00000E+00    4.79237E-01
 6.76356E-05    2.54049E-01    0.00000E+00    5.18558E-01
 6.76391E-05    2.75041E-01    0.00000E+00    5.61406E-01
 6.76426E-05    2.97907E-01    0.00000E+00    6.08080E-01
 6.76461E-05    3.22806E-01    0.00000E+00    6.58903E-01
 6.76495E-05    3.49907E-01    0.00000E+00    7.14221E-01
 6.76530E-05    3.79394E-01    0.00000E+00    7.74409E-01
 6.76565E-05    4.11465E-01    0.00000E+00    8.39871E-01
 6.76600E-05    4.46333E-01    0.00000E+00    9.11043E-01
 6.76635E-05    4.84226E-01    0.00000E+00    9.88389E-01
 6.76670E-05    5.25393E-01    0.00000E+00    1.07242E+00
 6.76705E-05    5.70098E-01    0.00000E+00    1.16367E+00
 6.76740E-05    6.18628E-01    0.00000E+00    1.26273E+00
 6.76774E-05    6.71289E-01    0.00000E+00    1.37022E+00
 6.76809E-05    7.28411E-01    0.00000E+00    1.48681E+00
 6.76844E-05    7.90347E-01    0.00000E+00    1.61323E+00
 6.76879E-05    8.57480E-01    0.00000E+00    1.75026E+00
 6.76914E-05    9.30215E-01    0.00000E+00    1.89873E+00
 6.76949E-05    1.00899E+00    0.00000E+00    2.05952E+00
 6.76984E-05    1.09428E+00    0.00000E+00    2.23361E+00
 6.77019E-05    1.18658E+00    0.00000E+00    2.42201E+00
 6.77053E-05    1.28643E+00    0.00000E+00    2.62582E+00
 6.77088E-05    1.39441E+00    0.00000E+00    2.84622E+00
 6.77123E-05    1.51113E+00    0.00000E+00    3.08447E+00
 6.77158E-05    1.63725E+00    0.00000E+00    3.34192E+00
 6.77193E-05    1.77349E+00    0.00000E+00    3.62000E+00
 6.77228E-05    1.92059E+00    0.00000E+00    3.92026E+00
 6.77263E-05    2.07936E+00    0.00000E+00    4.24433E+00
 6.77298E-05    2.25066E+00    0.00000E+00    4.59398E+00
 6.77332E-05    2.43541E+00    0.00000E+00    4.97109E+00
 6.77367E-05    2.63458E+00    0.00000E+00    5.37764E+00
 6.77402E-05    2.84923E+00    0.00000E+00    5.81577E+00
 6.77437E-05    3.08046E+00    0.00000E+00    6.28776E+00
 6.77472E-05    3.32947E+00    0.00000E+00    6.79603E+00
 6.77507E-05    3.59751E+00    0.00000E+00    7.34314E+00
 6.77542E-05    3.88593E+00    0.00000E+00    7.93186E+00
 6.77577E-05    4.19617E+00    0.00000E+00    8.56510E+00
 6.77611E-05    4.52974E+00    0.00000E+00    9.24599E+00
 6.77646E-05    4.88827E+00    0.00000E+00    9.97780E+00
 6.77681E-05    5.27347E+00    0.00000E+00    1.07641E+01
 6.77716E-05    5.68716E+00    0.00000E+00    1.16085E+01
 6.77751E-05    6.13130E+00    0.00000E+00    1.25150E+01
 6.77786E-05    6.60792E+00    0.00000E+00    1.34879E+01
 6.77821E-05    7.11922E+00    0.00000E+00    1.45316E+01
 6.77856E-05    7.66751E+00    0.00000E+00    1.56507E+01
 6.77890E-05    8.25526E+00    0.00000E+00    1.68504E+01
 6.77925E-05    8.88503E+00    0.00000E+00    1.81359E+01
 6.77960E-05    9.55959E+00    0.00000E+00    1.95128E+01
 6.77995E-05    1.02818E+01    0.00000E+00    2.09870E+01
 6.78030E-05    1.10549E+01    0.00000E+00    2.25649E+01
 6.78065E-05    1.18819E+01    0.00000E+00    2.42531E+01
 6.78100E-05    1.27665E+01    0.00000E+00    2.60586E+01
 6.78135E-05    1.37121E+01    0.00000E+00    2.79888E+01
 6.78169E-05    1.47227E+01    0.00000E+00    3.00515E+01
 6.78204E-05    1.58022E+01    0.00000E+00    3.22551E+01
 6.78239E-05    1.69550E+01    0.00000E+00    3.46081E+01
 6.78274E-05    1.81856E+01    0.00000E+00    3.71199E+01
 6.78309E-05    1.94986E+01    0.00000E+00    3.98001E+01
 6.78344E-05    2.08992E+01    0.00000E+00    4.26588E+01
 6.78379E-05    2.23924E+01    0.00000E+00    4.57068E+01
 6.78414E-05    2.39840E+01    0.00000E+00    4.89555E+01
 6.78448E-05    2.56797E+01    0.00000E+00    5.24167E+01
 6.78483E-05    2.74856E+01    0.00000E+00    5.61029E+01
 6.78518E-05    2.94082E+01    0.00000E+00    6.00272E+01
 6.78553E-05    3.14542E+01    0.00000E+00    6.42035E+01
 6.78588E-05    3.36307E+01    0.00000E+00    6.86461E+01
 6.78623E-05    3.59452E+01    0.00000E+00    7.33703E+01
 6.78658E-05    3.84054E+01    0.00000E+00    7.83920E+01
 6.78693E-05    4.10196E+01    0.00000E+00    8.37280E+01
 6.78745E-05    4.52484E+01    0.00000E+00    9.23597E+01
 6.78797E-05    4.98737E+01    0.00000E+00    1.01801E+02
 6.78849E-05    5.49282E+01    0.00000E+00    1.12118E+02
 6.78902E-05    6.04471E+01    0.00000E+00    1.23383E+02
 6.78954E-05    6.64677E+01    0.00000E+00    1.35672E+02
 6.79006E-05    7.30305E+01    0.00000E+00    1.49068E+02
 6.79059E-05    8.01776E+01    0.00000E+00    1.63656E+02
 6.79111E-05    8.79548E+01    0.00000E+00    1.79531E+02
 6.79163E-05    9.64100E+01    0.00000E+00    1.96789E+02
 6.79216E-05    1.05595E+02    0.00000E+00    2.15537E+02
 6.79268E-05    1.15564E+02    0.00000E+00    2.35885E+02
 6.79320E-05    1.26374E+02    0.00000E+00    2.57951E+02
 6.79373E-05    1.38087E+02    0.00000E+00    2.81859E+02
 6.79425E-05    1.50767E+02    0.00000E+00    3.07741E+02
 6.79477E-05    1.64481E+02    0.00000E+00    3.35735E+02
 6.79530E-05    1.79303E+02    0.00000E+00    3.65989E+02
 6.79582E-05    1.95308E+02    0.00000E+00    3.98657E+02
 6.79634E-05    2.12575E+02    0.00000E+00    4.33901E+02
 6.79686E-05    2.31187E+02    0.00000E+00    4.71892E+02
 6.79739E-05    2.51233E+02    0.00000E+00    5.12810E+02
 6.79791E-05    2.72804E+02    0.00000E+00    5.56839E+02
 6.79843E-05    2.95997E+02    0.00000E+00    6.04181E+02
 6.79896E-05    3.20913E+02    0.00000E+00    6.55038E+02
 6.79948E-05    3.47655E+02    0.00000E+00    7.09625E+02
 6.80000E-05    3.76335E+02    0.00000E+00    7.68164E+02
 6.80053E-05    4.07065E+02    0.00000E+00    8.30890E+02
 6.80105E-05    4.39964E+02    0.00000E+00    8.98043E+02
 6.80157E-05    4.75156E+02    0.00000E+00    9.69876E+02
 6.80210E-05    5.12767E+02    0.00000E+00    1.04665E+03
 6.80262E-05    5.52932E+02    0.00000E+00    1.12863E+03
 6.80314E-05    5.95783E+02    0.00000E+00    1.21610E+03
 6.80367E-05    6.41465E+02    0.00000E+00    1.30934E+03
 6.80419E-05    6.90121E+02    0.00000E+00    1.40866E+03
 6.80489E-05    7.59881E+02    0.00000E+00    1.55105E+03
 6.80558E-05    8.35562E+02    0.00000E+00    1.70553E+03
 6.80628E-05    9.17540E+02    0.00000E+00    1.87286E+03
 6.80698E-05    1.00621E+03    0.00000E+00    2.05384E+03
 6.80768E-05    1.10196E+03    0.00000E+00    2.24929E+03
 6.80837E-05    1.20521E+03    0.00000E+00    2.46004E+03
 6.80907E-05    1.31637E+03    0.00000E+00    2.68694E+03
 6.80977E-05    1.43588E+03    0.00000E+00    2.93087E+03
 6.81047E-05    1.56415E+03    0.00000E+00    3.19271E+03
 6.81116E-05    1.70164E+03    0.00000E+00    3.47333E+03
 6.81186E-05    1.84876E+03    0.00000E+00    3.77364E+03
 6.81256E-05    2.00597E+03    0.00000E+00    4.09454E+03
 6.81326E-05    2.17370E+03    0.00000E+00    4.43690E+03
 6.81395E-05    2.35238E+03    0.00000E+00    4.80161E+03
 6.81465E-05    2.54243E+03    0.00000E+00    5.18954E+03
 6.81535E-05    2.74429E+03    0.00000E+00    5.60157E+03
 6.81605E-05    2.95835E+03    0.00000E+00    6.03849E+03
 6.81674E-05    3.18500E+03    0.00000E+00    6.50114E+03
 6.81744E-05    3.42463E+03    0.00000E+00    6.99027E+03
 6.81849E-05    3.80920E+03    0.00000E+00    7.77523E+03
 6.81953E-05    4.22488E+03    0.00000E+00    8.62371E+03
 6.82058E-05    4.67268E+03    0.00000E+00    9.53774E+03
 6.82163E-05    5.15343E+03    0.00000E+00    1.05190E+04
 6.82267E-05    5.66781E+03    0.00000E+00    1.15690E+04
 6.82372E-05    6.21630E+03    0.00000E+00    1.26885E+04
 6.82477E-05    6.79917E+03    0.00000E+00    1.38783E+04
 6.82581E-05    7.41646E+03    0.00000E+00    1.51383E+04
 6.82721E-05    8.29274E+03    0.00000E+00    1.69269E+04
 6.82860E-05    9.22874E+03    0.00000E+00    1.88374E+04
 6.83000E-05    1.02225E+04    0.00000E+00    2.08659E+04
 6.83139E-05    1.12712E+04    0.00000E+00    2.30065E+04
 6.83279E-05    1.23713E+04    0.00000E+00    2.52520E+04
 6.83488E-05    1.41079E+04    0.00000E+00    2.87966E+04
 6.83697E-05    1.59316E+04    0.00000E+00    3.25192E+04
 6.84046E-05    1.91058E+04    0.00000E+00    3.89981E+04
 6.84632E-05    2.45346E+04    9.56438E+03    3.95049E+04
 6.84858E-05    2.65598E+04    1.03538E+04    4.27657E+04
 6.85160E-05    2.91224E+04    1.13528E+04    4.68919E+04
 6.85462E-05    3.14745E+04    1.22698E+04    5.06792E+04
 6.85688E-05    3.30740E+04    1.28933E+04    5.32547E+04
 6.85914E-05    3.45190E+04    1.34566E+04    5.55815E+04
 6.86065E-05    3.53935E+04    1.37975E+04    5.69895E+04
 6.86367E-05    3.69280E+04    1.43957E+04    5.94603E+04
 6.86668E-05    3.81850E+04    1.48857E+04    6.14842E+04
 6.86970E-05    3.91852E+04    1.52756E+04    6.30947E+04
 6.87272E-05    3.99580E+04    1.55769E+04    6.43391E+04
 6.87574E-05    4.05374E+04    1.58028E+04    6.52720E+04
 6.88026E-05    4.11197E+04    1.60298E+04    6.62096E+04
 6.88479E-05    4.14537E+04    1.61600E+04    6.67474E+04
 6.89082E-05    4.16620E+04    1.62412E+04    6.70828E+04
 6.90289E-05    4.17285E+04    1.62671E+04    6.71899E+04
 9.98836E-05    2.37973E+04    9.27695E+03    3.83177E+04
 1.00412E-04    2.36812E+04    9.23168E+03    3.81307E+04
 1.99838E-04    1.66886E+04    6.50575E+03    2.68715E+04
 3.00000E-04    1.35884E+04    5.29717E+03    2.18795E+04
 6.00000E-04    9.62140E+03    3.75073E+03    1.54921E+04
 1.00000E-03    7.52448E+03    2.93328E+03    1.21157E+04
 2.00000E-03    5.52235E+03    3.70461E+03    7.34010E+03
 3.00000E-03    4.70727E+03    3.15782E+03    6.25672E+03
 5.99882E-03    3.78267E+03    2.53757E+03    5.02778E+03
 1.00000E-02    3.38357E+03    2.74919E+03    4.01794E+03
 2.01411E-02    3.04313E+03    2.47259E+03    3.61368E+03
 3.12877E-02    2.84197E+03    2.23555E+03    3.44839E+03
 4.71986E-02    2.59177E+03    2.03874E+03    3.14480E+03
 6.16928E-02    2.46618E+03    1.93994E+03    2.99241E+03
 8.49838E-02    2.29411E+03    1.80459E+03    2.78363E+03
 1.00000E-01    2.21747E+03    1.74430E+03    2.69063E+03
 2.32724E-01    1.76077E+03    1.36267E+03    2.15887E+03
 2.58918E-01    1.67736E+03    1.29812E+03    2.05661E+03
 2.62732E-01    1.66828E+03    1.29109E+03    2.04547E+03
 2.67572E-01    1.66965E+03    1.29215E+03    2.04715E+03
 3.00000E-01    1.79183E+03    1.38670E+03    2.19695E+03
 3.13033E-01    1.76131E+03    1.36309E+03    2.15954E+03
 3.32322E-01    1.74741E+03    1.35233E+03    2.14249E+03
 3.47868E-01    1.76351E+03    1.36479E+03    2.16223E+03
 3.65769E-01    1.79211E+03    1.38692E+03    2.19729E+03
 3.81789E-01    1.83277E+03    1.41839E+03    2.24716E+03
 3.91409E-01    1.86182E+03    1.44087E+03    2.28277E+03
 4.00000E-01    1.91117E+03    1.47906E+03    2.34328E+03
 4.16865E-01    1.87281E+03    1.44938E+03    2.29625E+03
 4.27443E-01    1.86730E+03    1.44511E+03    2.28948E+03
 4.37432E-01    1.86791E+03    1.44558E+03    2.29023E+03
 5.00000E-01    1.96336E+03    1.51946E+03    2.40727E+03
 6.12757E-01    1.97973E+03    1.62813E+03    2.33132E+03
 7.00000E-01    1.98010E+03    1.62844E+03    2.33176E+03
 9.00000E-01    1.97656E+03    1.62553E+03    2.32759E+03
 1.20000E+00    1.98894E+03    1.74464E+03    2.23324E+03
 1.53189E+00    2.00543E+03    1.75910E+03    2.25176E+03
 1.60000E+00    2.00782E+03    1.76120E+03    2.25444E+03
 1.87726E+00    2.00462E+03    1.76618E+03    2.24305E+03
 2.21552E+00    1.98679E+03    1.75048E+03    2.22310E+03
 2.81975E+00    1.94617E+03    1.80907E+03    2.08327E+03
 3.14374E+00    1.93604E+03    1.79965E+03    2.07243E+03
 3.20000E+00    1.93502E+03    1.79871E+03    2.07134E+03
 3.50000E+00    1.93996E+03    1.80329E+03    2.07662E+03
 3.85361E+00    1.95861E+03    1.82063E+03    2.09659E+03
 4.93639E+00    2.05049E+03    1.94079E+03    2.16020E+03
 5.34776E+00    2.07240E+03    1.96153E+03    2.18328E+03
 5.75080E+00    2.07987E+03    1.96860E+03    2.19115E+03
 5.80000E+00    2.08013E+03    1.96884E+03    2.19142E+03
 6.28747E+00    2.07081E+03    1.96002E+03    2.18160E+03
 7.00000E+00    2.03851E+03    1.92163E+03    2.15538E+03
 7.21793E+00    2.02448E+03    1.90841E+03    2.14056E+03
 8.50000E+00    1.96207E+03    1.84957E+03    2.07456E+03
 9.25493E+00    1.93873E+03    1.82897E+03    2.04849E+03
 1.00549E+01    1.92478E+03    1.81581E+03    2.03374E+03
 1.01968E+01    1.92354E+03    1.81464E+03    2.03244E+03
 1.03406E+01    1.92228E+03    1.81346E+03    2.03111E+03
 1.04865E+01    1.92101E+03    1.81226E+03    2.02977E+03
 1.05000E+01    1.92089E+03    1.81215E+03    2.02964E+03
 1.06481E+01    1.92017E+03    1.81146E+03    2.02888E+03
 1.07984E+01    1.91944E+03    1.81077E+03    2.02810E+03
 1.08257E+01    1.91930E+03    1.81064E+03    2.02796E+03
 1.09784E+01    1.91856E+03    1.80994E+03    2.02717E+03
 1.10000E+01    1.91845E+03    1.80984E+03    2.02706E+03
 1.11552E+01    1.91796E+03    1.80937E+03    2.02654E+03
 1.12135E+01    1.91777E+03    1.80920E+03    2.02634E+03
 1.13717E+01    1.91726E+03    1.80872E+03    2.02581E+03
 1.15000E+01    1.91685E+03    1.80833E+03    2.02537E+03
 1.15484E+01    1.91671E+03    1.80820E+03    2.02523E+03
 1.17113E+01    1.91625E+03    1.80776E+03    2.02473E+03
 1.18766E+01    1.91577E+03    1.80731E+03    2.02423E+03
 1.19355E+01    1.91560E+03    1.80715E+03    2.02405E+03
 1.20000E+01    1.91542E+03    1.80698E+03    2.02385E+03
 1.21693E+01    1.91488E+03    1.80647E+03    2.02329E+03
 1.23233E+01    1.91439E+03    1.80601E+03    2.02277E+03
 1.24972E+01    1.91384E+03    1.80549E+03    2.02219E+03
 1.25000E+01    1.91383E+03    1.80548E+03    2.02218E+03
 1.26764E+01    1.91319E+03    1.80488E+03    2.02150E+03
 1.28552E+01    1.91254E+03    1.80426E+03    2.02081E+03
 1.30000E+01    1.91201E+03    1.80160E+03    2.02242E+03
 1.30711E+01    1.91172E+03    1.80133E+03    2.02211E+03
 1.32129E+01    1.91113E+03    1.80077E+03    2.02149E+03
 1.33993E+01    1.91036E+03    1.80004E+03    2.02067E+03
 1.35000E+01    1.90994E+03    1.79965E+03    2.02023E+03
 1.36141E+01    1.90937E+03    1.79911E+03    2.01962E+03
 1.37937E+01    1.90846E+03    1.79826E+03    2.01867E+03
 1.39426E+01    1.90771E+03    1.79755E+03    2.01787E+03
 1.40000E+01    1.90743E+03    1.79728E+03    2.01757E+03
 1.40819E+01    1.90690E+03    1.79679E+03    2.01702E+03
 1.41603E+01    1.90640E+03    1.79632E+03    2.01649E+03
 1.43601E+01    1.90513E+03    1.79512E+03    2.01514E+03
 1.45000E+01    1.90424E+03    1.79428E+03    2.01420E+03
 1.47046E+01    1.90253E+03    1.79267E+03    2.01239E+03
 1.47135E+01    1.90245E+03    1.79260E+03    2.01231E+03
 1.49211E+01    1.90072E+03    1.79096E+03    2.01047E+03
 1.50000E+01    1.90006E+03    1.79034E+03    2.00978E+03
 1.51096E+01    1.89875E+03    1.78911E+03    2.00839E+03
 1.53228E+01    1.89620E+03    1.78670E+03    2.00569E+03
 1.55000E+01    1.89408E+03    1.78471E+03    2.00345E+03
 1.57187E+01    1.89147E+03    1.78224E+03    2.00069E+03
 1.58290E+01    1.89015E+03    1.78100E+03    1.99929E+03
 1.58585E+01    1.88979E+03    1.78067E+03    1.99892E+03
 1.58595E+01    1.88978E+03    1.78066E+03    1.99891E+03
 1.60000E+01    1.88810E+03    1.75868E+03    2.01753E+03
 1.62072E+01    1.88465E+03    1.75546E+03    2.01383E+03
 1.63273E+01    1.88264E+03    1.75359E+03    2.01169E+03
 1.65000E+01    1.87976E+03    1.75091E+03    2.00861E+03
 1.66728E+01    1.87688E+03    1.74822E+03    2.00553E+03
 1.68536E+01    1.87386E+03    1.74541E+03    2.00231E+03
 1.70000E+01    1.87178E+03    1.74347E+03    2.00008E+03
 1.70720E+01    1.87046E+03    1.74224E+03    1.99868E+03
 1.73129E+01    1.86606E+03    1.73814E+03    1.99397E+03
 1.75000E+01    1.86264E+03    1.73496E+03    1.99032E+03
 1.75292E+01    1.86210E+03    1.73446E+03    1.98975E+03
 1.77765E+01    1.85758E+03    1.73025E+03    1.98492E+03
 1.78682E+01    1.85591E+03    1.72869E+03    1.98313E+03
 1.79109E+01    1.85513E+03    1.72796E+03    1.98229E+03
 1.80000E+01    1.85350E+03    1.72645E+03    1.98056E+03
 1.80130E+01    1.85327E+03    1.72623E+03    1.98031E+03
 1.82671E+01    1.84878E+03    1.72205E+03    1.97551E+03
 1.85000E+01    1.84467E+03    1.71822E+03    1.97111E+03
 1.86818E+01    1.84145E+03    1.71522E+03    1.96768E+03
 1.89454E+01    1.83679E+03    1.71088E+03    1.96270E+03
 1.90000E+01    1.83583E+03    1.70999E+03    1.96167E+03
 1.92681E+01    1.83162E+03    1.70606E+03    1.95717E+03
 1.94618E+01    1.82858E+03    1.70323E+03    1.95392E+03
 1.95000E+01    1.82798E+03    1.70267E+03    1.95328E+03
 1.95785E+01    1.82674E+03    1.70152E+03    1.95196E+03
 1.97746E+01    1.82366E+03    1.69865E+03    1.94867E+03
 1.99369E+01    1.82111E+03    1.69628E+03    1.94595E+03
 2.00000E+01    1.82012E+03    1.68567E+03    1.95457E+03
 2.02822E+01    1.81665E+03    1.68245E+03    1.95084E+03
 2.05683E+01    1.81312E+03    1.67919E+03    1.94706E+03
 2.08585E+01    1.80955E+03    1.67588E+03    1.94322E+03
 2.10000E+01    1.80780E+03    1.67426E+03    1.94134E+03
 2.12963E+01    1.80491E+03    1.67159E+03    1.93824E+03
 2.15967E+01    1.80198E+03    1.66887E+03    1.93509E+03
 2.19014E+01    1.79901E+03    1.66612E+03    1.93190E+03
 2.20000E+01    1.79805E+03    1.66523E+03    1.93086E+03
 2.23104E+01    1.79539E+03    1.66276E+03    1.92801E+03
 2.26251E+01    1.79269E+03    1.66027E+03    1.92512E+03
 2.29443E+01    1.78996E+03    1.65774E+03    1.92218E+03
 2.30000E+01    1.78948E+03    1.65730E+03    1.92167E+03
 2.33245E+01    1.78661E+03    1.65463E+03    1.91858E+03
 2.36536E+01    1.78369E+03    1.65193E+03    1.91545E+03
 2.39873E+01    1.78073E+03    1.64919E+03    1.91227E+03
 2.40000E+01    1.78062E+03    1.63682E+03    1.92442E+03
 2.43386E+01    1.77713E+03    1.63361E+03    1.92065E+03
 2.46820E+01    1.77359E+03    1.63036E+03    1.91683E+03
 2.50000E+01    1.77032E+03    1.62734E+03    1.91329E+03
 2.53527E+01    1.76602E+03    1.62340E+03    1.90864E+03
 2.57104E+01    1.76166E+03    1.61939E+03    1.90394E+03
 2.60000E+01    1.75814E+03    1.61615E+03    1.90013E+03
 2.63668E+01    1.75308E+03    1.61150E+03    1.89465E+03
 2.67388E+01    1.74794E+03    1.60678E+03    1.88911E+03
 2.70000E+01    1.74434E+03    1.60346E+03    1.88521E+03
 2.73809E+01    1.73874E+03    1.59832E+03    1.87916E+03
 2.77672E+01    1.73306E+03    1.59310E+03    1.87302E+03
 2.80000E+01    1.72964E+03    1.58325E+03    1.87602E+03
 2.83950E+01    1.72376E+03    1.57787E+03    1.86965E+03
 2.87956E+01    1.71779E+03    1.57241E+03    1.86318E+03
 2.90000E+01    1.71475E+03    1.56962E+03    1.85988E+03
 2.94091E+01    1.70886E+03    1.56423E+03    1.85349E+03
 2.98240E+01    1.70289E+03    1.55876E+03    1.84701E+03
 3.00000E+01    1.70035E+03    1.55644E+03    1.84426E+03
 3.04232E+01    1.69490E+03    1.55146E+03    1.83835E+03
 3.08525E+01    1.68938E+03    1.54640E+03    1.83236E+03
 3.10000E+01    1.68748E+03    1.54466E+03    1.83030E+03
 3.14374E+01    1.68171E+03    1.53938E+03    1.82404E+03
 3.18809E+01    1.67585E+03    1.53402E+03    1.81769E+03
 3.20000E+01    1.67428E+03    1.53258E+03    1.81598E+03
 3.24515E+01    1.66887E+03    1.52762E+03    1.81011E+03
 3.29093E+01    1.66338E+03    1.52260E+03    1.80416E+03
 3.30000E+01    1.66229E+03    1.52160E+03    1.80298E+03
 3.34656E+01    1.65671E+03    1.51649E+03    1.79692E+03
 3.39377E+01    1.65105E+03    1.51131E+03    1.79078E+03
 3.40000E+01    1.65030E+03    1.51063E+03    1.78997E+03
 3.44797E+01    1.64475E+03    1.50555E+03    1.78396E+03
 3.49661E+01    1.63913E+03    1.50040E+03    1.77786E+03
 3.50000E+01    1.63874E+03    1.50005E+03    1.77743E+03
 3.54938E+01    1.63303E+03    1.49482E+03    1.77124E+03
 3.59945E+01    1.62723E+03    1.48951E+03    1.76495E+03
 3.60000E+01    1.62717E+03    1.48945E+03    1.76489E+03
 3.65079E+01    1.62131E+03    1.48409E+03    1.75853E+03
 3.70000E+01    1.61564E+03    1.47890E+03    1.75238E+03
 3.75220E+01    1.60962E+03    1.47339E+03    1.74585E+03
 3.80000E+01    1.60410E+03    1.46834E+03    1.73986E+03
 3.85361E+01    1.59799E+03    1.46275E+03    1.73324E+03
 3.90000E+01    1.59271E+03    1.45791E+03    1.72751E+03
 3.95502E+01    1.58645E+03    1.45218E+03    1.72072E+03
 4.00000E+01    1.58133E+03    1.44749E+03    1.71517E+03
 4.05643E+01    1.57513E+03    1.44182E+03    1.70844E+03
 4.10000E+01    1.57034E+03    1.43743E+03    1.70325E+03
 4.15784E+01    1.56399E+03    1.43162E+03    1.69636E+03
 4.20000E+01    1.55936E+03    1.42738E+03    1.69134E+03
 4.25925E+01    1.55317E+03    1.42172E+03    1.68463E+03
 4.30000E+01    1.54892E+03    1.41783E+03    1.68001E+03
 4.36067E+01    1.54259E+03    1.41203E+03    1.67314E+03
 4.40000E+01    1.53848E+03    1.40827E+03    1.66869E+03
 4.46208E+01    1.53232E+03    1.40263E+03    1.66201E+03
 4.50000E+01    1.52856E+03    1.39919E+03    1.65793E+03
 4.56349E+01    1.52227E+03    1.39343E+03    1.65111E+03
 4.60000E+01    1.51865E+03    1.39012E+03    1.64718E+03
 4.66490E+01    1.51251E+03    1.38450E+03    1.64052E+03
 4.70000E+01    1.50919E+03    1.38146E+03    1.63692E+03
 4.76631E+01    1.50291E+03    1.37571E+03    1.63011E+03
 4.80000E+01    1.49972E+03    1.37279E+03    1.62665E+03
 4.86772E+01    1.49358E+03    1.36717E+03    1.61999E+03
 4.90000E+01    1.49065E+03    1.36449E+03    1.61681E+03
 4.96913E+01    1.48438E+03    1.35875E+03    1.61001E+03
 5.00000E+01    1.48158E+03    1.35619E+03    1.60697E+03
 5.07054E+01    1.47544E+03    1.35057E+03    1.60032E+03
 5.10000E+01    1.47288E+03    1.34822E+03    1.59754E+03
 5.17195E+01    1.46662E+03    1.34249E+03    1.59075E+03
 5.20000E+01    1.46418E+03    1.34026E+03    1.58810E+03
 5.27336E+01    1.45807E+03    1.33467E+03    1.58147E+03
 5.30000E+01    1.45585E+03    1.33263E+03    1.57907E+03
 5.37477E+01    1.44963E+03    1.32694E+03    1.57232E+03
 5.40000E+01    1.44753E+03    1.32502E+03    1.57004E+03
 5.47618E+01    1.44147E+03    1.31947E+03    1.56346E+03
 5.50000E+01    1.43957E+03    1.31773E+03    1.56141E+03
 5.57760E+01    1.43339E+03    1.31208E+03    1.55471E+03
 5.60000E+01    1.43161E+03    1.31045E+03    1.55277E+03
 5.67901E+01    1.42561E+03    1.30495E+03    1.54626E+03
 5.70000E+01    1.42401E+03    1.30349E+03    1.54453E+03
 5.78042E+01    1.41790E+03    1.29789E+03    1.53790E+03
 5.80000E+01    1.41641E+03    1.29653E+03    1.53629E+03
 5.88183E+01    1.41047E+03    1.29109E+03    1.52984E+03
 5.90000E+01    1.40915E+03    1.28989E+03    1.52841E+03
 5.98324E+01    1.40310E+03    1.28435E+03    1.52185E+03
 6.00000E+01    1.40188E+03    1.28323E+03    1.52053E+03
 6.08465E+01    1.39618E+03    1.27802E+03    1.51435E+03
 6.10000E+01    1.39515E+03    1.27707E+03    1.51323E+03
 6.18606E+01    1.38937E+03    1.27178E+03    1.50696E+03
 6.20000E+01    1.38843E+03    1.27092E+03    1.50594E+03
 6.28747E+01    1.38254E+03    1.26553E+03    1.49955E+03
 6.30000E+01    1.38170E+03    1.26476E+03    1.49864E+03
 6.38888E+01    1.37573E+03    1.25929E+03    1.49216E+03
 6.40000E+01    1.37498E+03    1.25861E+03    1.49135E+03
 6.49029E+01    1.36890E+03    1.25305E+03    1.48476E+03
 6.50000E+01    1.36825E+03    1.25245E+03    1.48405E+03
 6.59170E+01    1.36271E+03    1.24738E+03    1.47804E+03
 6.60000E+01    1.36221E+03    1.24692E+03    1.47750E+03
 6.69311E+01    1.35659E+03    1.24177E+03    1.47140E+03
 6.70000E+01    1.35617E+03    1.24139E+03    1.47095E+03
 6.79453E+01    1.35047E+03    1.23617E+03    1.46477E+03
 6.80000E+01    1.35014E+03    1.23587E+03    1.46441E+03
 6.89594E+01    1.34435E+03    1.23057E+03    1.45812E+03
 6.90000E+01    1.34410E+03    1.23034E+03    1.45786E+03
 6.99735E+01    1.33822E+03    1.22496E+03    1.45148E+03
 7.00000E+01    1.33806E+03    1.22481E+03    1.45131E+03
 7.09876E+01    1.33270E+03    1.21990E+03    1.44549E+03
 7.10000E+01    1.33263E+03    1.21984E+03    1.44542E+03
 7.20000E+01    1.32719E+03    1.21486E+03    1.43952E+03
 7.30000E+01    1.32176E+03    1.20989E+03    1.43363E+03
 7.40000E+01    1.31632E+03    1.20491E+03    1.42773E+03
 7.50000E+01    1.31089E+03    1.19994E+03    1.42184E+03
 7.60000E+01    1.30599E+03    1.19546E+03    1.41652E+03
 7.70000E+01    1.30108E+03    1.19096E+03    1.41120E+03
 7.80000E+01    1.29618E+03    1.18648E+03    1.40588E+03
 7.90000E+01    1.29127E+03    1.18198E+03    1.40056E+03
 8.00000E+01    1.28637E+03    1.17750E+03    1.39524E+03
 8.10000E+01    1.28212E+03    1.17361E+03    1.39063E+03
 8.20000E+01    1.27788E+03    1.16973E+03    1.38603E+03
 8.30000E+01    1.27363E+03    1.16584E+03    1.38142E+03
 8.40000E+01    1.26938E+03    1.16195E+03    1.37681E+03
 8.50000E+01    1.26514E+03    1.15806E+03    1.37222E+03
 8.60000E+01    1.26089E+03    1.15417E+03    1.36761E+03
 8.70000E+01    1.25664E+03    1.15028E+03    1.36300E+03
 8.80000E+01    1.25239E+03    1.14639E+03    1.35839E+03
 8.90000E+01    1.24815E+03    1.14251E+03    1.35379E+03
 9.00000E+01    1.24390E+03    1.13862E+03    1.34918E+03
 9.10000E+01    1.24036E+03    1.13538E+03    1.34534E+03
 9.20000E+01    1.23682E+03    1.13214E+03    1.34150E+03
 9.30000E+01    1.23328E+03    1.12890E+03    1.33766E+03
 9.40000E+01    1.22974E+03    1.12566E+03    1.33382E+03
 9.50000E+01    1.22620E+03    1.12242E+03    1.32998E+03
 9.60000E+01    1.22265E+03    1.11917E+03    1.32613E+03
 9.70000E+01    1.21911E+03    1.11593E+03    1.32229E+03
 9.80000E+01    1.21557E+03    1.11269E+03    1.31845E+03
 9.90000E+01    1.21203E+03    1.10945E+03    1.31461E+03
 1.00000E+02    1.20849E+03    1.10621E+03    1.31077E+03
 1.01411E+02    1.20426E+03    1.10234E+03    1.30619E+03
 1.02000E+02    1.20250E+03    1.10073E+03    1.30427E+03
 1.03439E+02    1.19819E+03    1.09678E+03    1.29960E+03
 1.04000E+02    1.19651E+03    1.09524E+03    1.29778E+03
 1.05467E+02    1.19212E+03    1.09122E+03    1.29301E+03
 1.06000E+02    1.19052E+03    1.08976E+03    1.29128E+03
 1.07495E+02    1.18604E+03    1.08566E+03    1.28642E+03
 1.08000E+02    1.18453E+03    1.08428E+03    1.28478E+03
 1.09524E+02    1.17997E+03    1.08010E+03    1.27983E+03
 1.10000E+02    1.17854E+03    1.07879E+03    1.27829E+03
 1.11552E+02    1.17455E+03    1.07514E+03    1.27396E+03
 1.12000E+02    1.17340E+03    1.07409E+03    1.27271E+03
 1.13580E+02    1.16934E+03    1.07037E+03    1.26831E+03
 1.14000E+02    1.16826E+03    1.06938E+03    1.26714E+03
 1.15608E+02    1.16413E+03    1.06560E+03    1.26265E+03
 1.16000E+02    1.16312E+03    1.06468E+03    1.26156E+03
 1.17637E+02    1.15891E+03    1.06083E+03    1.25700E+03
 1.18000E+02    1.15798E+03    1.05997E+03    1.25599E+03
 1.19665E+02    1.15370E+03    1.05606E+03    1.25135E+03
 1.20000E+02    1.15284E+03    1.05527E+03    1.25041E+03
 1.21693E+02    1.14906E+03    1.05181E+03    1.24631E+03
 1.22000E+02    1.14837E+03    1.05118E+03    1.24556E+03
 1.23721E+02    1.14453E+03    1.04766E+03    1.24140E+03
 1.24000E+02    1.14391E+03    1.04710E+03    1.24072E+03
 1.25749E+02    1.14000E+03    1.04352E+03    1.23648E+03
 1.26000E+02    1.13944E+03    1.04300E+03    1.23588E+03
 1.27778E+02    1.13548E+03    1.03937E+03    1.23158E+03
 1.28000E+02    1.13498E+03    1.03892E+03    1.23104E+03
 1.29806E+02    1.13094E+03    1.03523E+03    1.22666E+03
 1.30000E+02    1.13051E+03    1.03483E+03    1.22619E+03
 1.31834E+02    1.12691E+03    1.03153E+03    1.22228E+03
 1.32000E+02    1.12658E+03    1.03123E+03    1.22193E+03
 1.33862E+02    1.12292E+03    1.02788E+03    1.21796E+03
 1.34000E+02    1.12265E+03    1.02763E+03    1.21767E+03
 1.35891E+02    1.11894E+03    1.02423E+03    1.21364E+03
 1.36000E+02    1.11872E+03    1.02404E+03    1.21340E+03
 1.37919E+02    1.11495E+03    1.02059E+03    1.20931E+03
 1.38000E+02    1.11479E+03    1.02044E+03    1.20914E+03
 1.39947E+02    1.11096E+03    1.01694E+03    1.20499E+03
 1.40000E+02    1.11086E+03    1.01684E+03    1.20488E+03
 1.41975E+02    1.10740E+03    1.01368E+03    1.20113E+03
 1.42000E+02    1.10736E+03    1.01364E+03    1.20108E+03
 1.44000E+02    1.10386E+03    1.01043E+03    1.19729E+03
 1.46000E+02    1.10037E+03    1.00724E+03    1.19350E+03
 1.48000E+02    1.09687E+03    1.00404E+03    1.18970E+03
 1.50000E+02    1.09337E+03    1.00083E+03    1.18591E+03
 1.52000E+02    1.09022E+03    9.97949E+02    1.18249E+03
 1.54000E+02    1.08708E+03    9.95075E+02    1.17909E+03
 1.56000E+02    1.08393E+03    9.92192E+02    1.17567E+03
 1.58000E+02    1.08079E+03    9.89317E+02    1.17226E+03
 1.60000E+02    1.07764E+03    9.86434E+02    1.16885E+03
 1.62000E+02    1.07490E+03    9.83926E+02    1.16587E+03
 1.64000E+02    1.07216E+03    9.81418E+02    1.16290E+03
 1.66000E+02    1.06942E+03    9.78909E+02    1.15993E+03
 1.68000E+02    1.06668E+03    9.76401E+02    1.15696E+03
 1.70000E+02    1.06394E+03    9.73893E+02    1.15399E+03
 1.72000E+02    1.06120E+03    9.71385E+02    1.15101E+03
 1.74000E+02    1.05846E+03    9.68877E+02    1.14804E+03
 1.76000E+02    1.05572E+03    9.66369E+02    1.14507E+03
 1.78000E+02    1.05298E+03    9.63861E+02    1.14210E+03
 1.80000E+02    1.05024E+03    9.61353E+02    1.13913E+03
 1.82000E+02    1.04790E+03    9.59211E+02    1.13659E+03
 1.84000E+02    1.04556E+03    9.57069E+02    1.13405E+03
 1.86000E+02    1.04322E+03    9.54927E+02    1.13151E+03
 1.88000E+02    1.04088E+03    9.52785E+02    1.12897E+03
 1.90000E+02    1.03854E+03    9.50643E+02    1.12644E+03
 1.92000E+02    1.03620E+03    9.48501E+02    1.12390E+03
 1.94000E+02    1.03386E+03    9.46359E+02    1.12136E+03
 1.96000E+02    1.03152E+03    9.44217E+02    1.11882E+03
 1.98000E+02    1.02918E+03    9.42075E+02    1.11628E+03
 2.00000E+02    1.02684E+03    9.39933E+02    1.11375E+03
