# p + S  33 : (p,2n)    
# tendl.2019 A.J. Koning                       EVAL-OCT19
# uncertainties: y
# # energies =    26
#   E(MeV)       xs(mb)       xslow(mb)      xsupp(mb)
 2.28673E+01    0.00000E+00    0.00000E+00    0.00000E+00
 2.40000E+01    1.44729E-02    4.05077E-04    2.85407E-02
 2.60000E+01    1.01400E-01    3.06179E-02    1.72182E-01
 2.80000E+01    2.19129E-01    6.61664E-02    3.72092E-01
 3.00000E+01    2.80589E-01    8.47244E-02    4.76454E-01
 3.00000E+01    2.80589E-01    8.47244E-02    4.76454E-01
 3.50000E+01    2.59527E-01    7.83647E-02    4.40689E-01
 4.00000E+01    2.08336E-01    6.29075E-02    3.53765E-01
 4.50000E+01    1.69347E-01    5.11347E-02    2.87559E-01
 5.00000E+01    1.41180E-01    4.26296E-02    2.39730E-01
 5.50000E+01    1.18862E-01    3.58906E-02    2.01833E-01
 6.00000E+01    9.90903E-02    2.99205E-02    1.68260E-01
 6.50000E+01    8.44479E-02    2.54992E-02    1.43397E-01
 7.00000E+01    7.26245E-02    2.19291E-02    1.23320E-01
 7.50000E+01    6.32762E-02    1.91064E-02    1.07446E-01
 8.00000E+01    5.58856E-02    1.68748E-02    9.48964E-02
 9.00000E+01    4.44748E-02    1.34293E-02    7.55203E-02
 1.00000E+02    3.63885E-02    1.09876E-02    6.17894E-02
 1.10000E+02    3.01566E-02    9.10585E-03    5.12074E-02
 1.20000E+02    2.54904E-02    7.69688E-03    4.32839E-02
 1.30000E+02    2.14983E-02    6.49146E-03    3.65051E-02
 1.40000E+02    1.83936E-02    5.55399E-03    3.12332E-02
 1.50000E+02    1.59354E-02    4.81173E-03    2.70591E-02
 1.60000E+02    1.38391E-02    4.17874E-03    2.34995E-02
 1.80000E+02    1.10187E-02    3.32712E-03    1.87103E-02
 2.00000E+02    8.94439E-03    2.70078E-03    1.51880E-02
