# p + S  33 : (p,a)     
# tendl.2019 A.J. Koning                       EVAL-OCT19
# uncertainties: y
# # energies =    24
#   E(MeV)       xs(mb)       xslow(mb)      xsupp(mb)
 1.65457E+00    0.00000E+00    0.00000E+00    0.00000E+00
 3.00000E+00    6.87426E-08    3.46017E-08    1.02883E-07
 4.00000E+00    3.13371E-03    1.57736E-03    4.69006E-03
 5.00000E+00    5.28708E-01    3.66546E-01    6.90870E-01
 6.00000E+00    7.70457E+00    5.34147E+00    1.00677E+01
 7.00000E+00    2.84460E+01    2.03789E+01    3.65131E+01
 8.00000E+00    5.32530E+01    3.81507E+01    6.83553E+01
 9.00000E+00    7.45942E+01    5.34397E+01    9.57488E+01
 1.00000E+01    9.15094E+01    5.15448E+01    1.31474E+02
 1.10000E+01    9.98708E+01    5.62546E+01    1.43487E+02
 1.20000E+01    1.00420E+02    5.65639E+01    1.44276E+02
 1.30000E+01    9.45672E+01    5.32672E+01    1.35867E+02
 1.40000E+01    8.12355E+01    2.00110E+01    1.42460E+02
 1.50000E+01    6.43180E+01    1.58437E+01    1.12792E+02
 1.60000E+01    4.76739E+01    1.17437E+01    8.36041E+01
 1.70000E+01    3.49132E+01    8.60029E+00    6.12261E+01
 1.80000E+01    2.53729E+01    0.00000E+00    5.57113E+01
 1.90000E+01    1.89729E+01    0.00000E+00    4.16588E+01
 2.00000E+01    1.45366E+01    0.00000E+00    3.19180E+01
 2.20000E+01    9.28164E+00    0.00000E+00    2.27266E+01
 2.40000E+01    6.62215E+00    0.00000E+00    1.62147E+01
 2.60000E+01    4.78120E+00    0.00000E+00    1.17808E+01
 2.80000E+01    3.52902E+00    0.00000E+00    8.69541E+00
 3.00000E+01    2.67148E+00    0.00000E+00    6.58246E+00
