# n + Hf  0 : (n,non)
# tendl.2019 A.J. Koning and D. Rochman        EVAL-NOV19
# uncertainties: y
# # energies =  1076
#   E(MeV)          xs(mb) 
 1.00000E-11    4.37134E-01
 1.03223E-11    4.30255E-01
 1.06549E-11    4.23487E-01
 1.09984E-11    4.16822E-01
 1.13527E-11    4.10265E-01
 1.17186E-11    4.03809E-01
 1.20962E-11    3.97457E-01
 1.24861E-11    3.91202E-01
 1.28884E-11    3.85048E-01
 1.33038E-11    3.78989E-01
 1.37325E-11    3.73027E-01
 1.41751E-11    3.67157E-01
 1.46318E-11    3.61381E-01
 1.51034E-11    3.55694E-01
 1.55901E-11    3.50099E-01
 1.60926E-11    3.44590E-01
 1.66111E-11    3.39168E-01
 1.71465E-11    3.33831E-01
 1.76990E-11    3.28580E-01
 1.82694E-11    3.23409E-01
 1.88581E-11    3.18322E-01
 1.94659E-11    3.13312E-01
 2.00931E-11    3.08383E-01
 2.07407E-11    3.03531E-01
 2.14090E-11    2.98755E-01
 2.20991E-11    2.94054E-01
 2.28111E-11    2.89428E-01
 2.35464E-11    2.84874E-01
 2.43051E-11    2.80392E-01
 2.50884E-11    2.75980E-01
 2.58968E-11    2.71638E-01
 2.67315E-11    2.67364E-01
 2.75928E-11    2.63158E-01
 2.84822E-11    2.59017E-01
 2.93999E-11    2.54942E-01
 3.03475E-11    2.50930E-01
 3.13253E-11    2.46983E-01
 3.23350E-11    2.43096E-01
 3.33769E-11    2.39272E-01
 3.44526E-11    2.35507E-01
 3.55627E-11    2.31802E-01
 3.67089E-11    2.28154E-01
 3.78918E-11    2.24565E-01
 3.91130E-11    2.21031E-01
 4.03734E-11    2.17554E-01
 4.16746E-11    2.14131E-01
 4.30174E-11    2.10762E-01
 4.44039E-11    2.07446E-01
 4.58347E-11    2.04182E-01
 4.73119E-11    2.00969E-01
 4.88364E-11    1.97807E-01
 5.04104E-11    1.94695E-01
 5.20348E-11    1.91632E-01
 5.37119E-11    1.88616E-01
 5.54426E-11    1.85649E-01
 5.72295E-11    1.82728E-01
 5.90736E-11    1.79853E-01
 6.09775E-11    1.77023E-01
 6.29424E-11    1.74238E-01
 6.49710E-11    1.71497E-01
 6.70645E-11    1.68798E-01
 6.92260E-11    1.66142E-01
 7.14566E-11    1.63528E-01
 7.37596E-11    1.60955E-01
 7.61364E-11    1.58423E-01
 7.85902E-11    1.55930E-01
 8.11227E-11    1.53477E-01
 8.37372E-11    1.51062E-01
 8.64355E-11    1.48686E-01
 8.92212E-11    1.46346E-01
 9.20962E-11    1.44044E-01
 9.50644E-11    1.41777E-01
 9.81277E-11    1.39546E-01
 1.01291E-10    1.37350E-01
 1.04554E-10    1.35190E-01
 1.07924E-10    1.33062E-01
 1.11402E-10    1.30969E-01
 1.14992E-10    1.28908E-01
 1.18697E-10    1.26880E-01
 1.22523E-10    1.24884E-01
 1.26471E-10    1.22919E-01
 1.30547E-10    1.20985E-01
 1.34754E-10    1.19081E-01
 1.39097E-10    1.17207E-01
 1.43579E-10    1.15364E-01
 1.48207E-10    1.13548E-01
 1.52982E-10    1.11762E-01
 1.57913E-10    1.10004E-01
 1.63001E-10    1.08273E-01
 1.68254E-10    1.06569E-01
 1.73676E-10    1.04892E-01
 1.79274E-10    1.03242E-01
 1.85050E-10    1.01618E-01
 1.91014E-10    1.00019E-01
 1.97169E-10    9.84453E-02
 2.03524E-10    9.68961E-02
 2.10082E-10    9.53720E-02
 2.16853E-10    9.38712E-02
 2.23840E-10    9.23943E-02
 2.31055E-10    9.09405E-02
 2.38500E-10    8.95098E-02
 2.46187E-10    8.81012E-02
 2.54120E-10    8.67152E-02
 2.62310E-10    8.53508E-02
 2.70762E-10    8.40078E-02
 2.79489E-10    8.26861E-02
 2.88494E-10    8.13854E-02
 2.97793E-10    8.01046E-02
 3.07388E-10    7.88443E-02
 3.17295E-10    7.76037E-02
 3.27519E-10    7.63828E-02
 3.38075E-10    7.51807E-02
 3.48969E-10    7.39981E-02
 3.60216E-10    7.28338E-02
 3.71823E-10    7.16879E-02
 3.83807E-10    7.05602E-02
 3.96174E-10    6.94499E-02
 4.08943E-10    6.83570E-02
 4.22120E-10    6.72816E-02
 4.35725E-10    6.62230E-02
 4.49765E-10    6.51811E-02
 4.64261E-10    6.41555E-02
 4.79221E-10    6.31462E-02
 4.94666E-10    6.21525E-02
 5.10605E-10    6.11747E-02
 5.27062E-10    6.02122E-02
 5.44045E-10    5.92648E-02
 5.61580E-10    5.83323E-02
 5.79675E-10    5.74146E-02
 5.98358E-10    5.65112E-02
 6.17639E-10    5.56220E-02
 6.37545E-10    5.47470E-02
 6.58089E-10    5.38855E-02
 6.79298E-10    5.30377E-02
 7.01188E-10    5.22033E-02
 7.23786E-10    5.13819E-02
 7.47109E-10    5.05735E-02
 7.71188E-10    4.97776E-02
 7.96038E-10    4.89945E-02
 8.21693E-10    4.82237E-02
 8.48171E-10    4.74648E-02
 8.75507E-10    4.67181E-02
 9.03719E-10    4.59831E-02
 9.32845E-10    4.52595E-02
 9.62904E-10    4.45475E-02
 9.93937E-10    4.38465E-02
 1.02597E-09    4.31567E-02
 1.05903E-09    4.24776E-02
 1.09316E-09    4.18093E-02
 1.12839E-09    4.11515E-02
 1.16475E-09    4.05040E-02
 1.20229E-09    3.98667E-02
 1.24103E-09    3.92395E-02
 1.28103E-09    3.86221E-02
 1.32231E-09    3.80145E-02
 1.36492E-09    3.74163E-02
 1.40890E-09    3.68276E-02
 1.45431E-09    3.62482E-02
 1.50117E-09    3.56779E-02
 1.54956E-09    3.51165E-02
 1.59949E-09    3.45640E-02
 1.65104E-09    3.40201E-02
 1.70424E-09    3.34849E-02
 1.75917E-09    3.29580E-02
 1.81585E-09    3.24395E-02
 1.87438E-09    3.19291E-02
 1.93477E-09    3.14268E-02
 1.99713E-09    3.09323E-02
 2.06148E-09    3.04456E-02
 2.12792E-09    2.99666E-02
 2.19649E-09    2.94951E-02
 2.26728E-09    2.90310E-02
 2.34034E-09    2.85743E-02
 2.41577E-09    2.81247E-02
 2.49362E-09    2.76822E-02
 2.57398E-09    2.72466E-02
 2.65692E-09    2.68180E-02
 2.74255E-09    2.63961E-02
 2.83093E-09    2.59809E-02
 2.92217E-09    2.55721E-02
 3.01633E-09    2.51699E-02
 3.11354E-09    2.47739E-02
 3.21387E-09    2.43843E-02
 3.31745E-09    2.40008E-02
 3.42435E-09    2.36234E-02
 3.53471E-09    2.32520E-02
 3.64861E-09    2.28864E-02
 3.76620E-09    2.25268E-02
 3.88757E-09    2.21729E-02
 4.01286E-09    2.18246E-02
 4.14217E-09    2.14820E-02
 4.27566E-09    2.11449E-02
 4.41344E-09    2.08133E-02
 4.55568E-09    2.04870E-02
 4.70248E-09    2.01661E-02
 4.85404E-09    1.98504E-02
 5.01045E-09    1.95399E-02
 5.17193E-09    1.92344E-02
 5.33859E-09    1.89339E-02
 5.51065E-09    1.86383E-02
 5.68822E-09    1.83474E-02
 5.87154E-09    1.80612E-02
 6.06075E-09    1.77795E-02
 6.25608E-09    1.75021E-02
 6.45767E-09    1.72291E-02
 6.66579E-09    1.69603E-02
 6.88059E-09    1.66955E-02
 7.10234E-09    1.64346E-02
 7.33121E-09    1.61777E-02
 7.56748E-09    1.59245E-02
 7.81133E-09    1.56751E-02
 8.06308E-09    1.54293E-02
 8.32291E-09    1.51873E-02
 8.59114E-09    1.49489E-02
 8.86798E-09    1.47141E-02
 9.15378E-09    1.44828E-02
 9.44875E-09    1.42552E-02
 9.75327E-09    1.40310E-02
 1.00676E-08    1.38103E-02
 1.03920E-08    1.35930E-02
 1.07269E-08    1.33792E-02
 1.10726E-08    1.31687E-02
 1.14294E-08    1.29615E-02
 1.17978E-08    1.27576E-02
 1.21779E-08    1.25569E-02
 1.25704E-08    1.23593E-02
 1.29755E-08    1.21649E-02
 1.33937E-08    1.19734E-02
 1.38253E-08    1.17850E-02
 1.42708E-08    1.15996E-02
 1.47307E-08    1.14171E-02
 1.52054E-08    1.12375E-02
 1.56954E-08    1.10607E-02
 1.62012E-08    1.08866E-02
 1.67233E-08    1.07153E-02
 1.72623E-08    1.05466E-02
 1.78185E-08    1.03805E-02
 1.83928E-08    1.02169E-02
 1.89855E-08    1.00558E-02
 1.95974E-08    9.89706E-03
 2.02289E-08    9.74075E-03
 2.08808E-08    9.58686E-03
 2.15537E-08    9.43552E-03
 2.22013E-08    9.29671E-03
 2.28683E-08    9.16040E-03
 2.35554E-08    9.02673E-03
 2.42632E-08    8.89571E-03
 2.49922E-08    8.76737E-03
 2.52522E-08    8.72302E-03
 2.53000E-08    8.71495E-03
 2.61154E-08    8.58096E-03
 2.70140E-08    8.44016E-03
 2.79436E-08    8.30100E-03
 2.89663E-08    8.15417E-03
 2.99631E-08    8.01690E-03
 3.09288E-08    7.88917E-03
 3.19254E-08    7.76296E-03
 3.28846E-08    7.64696E-03
 3.38727E-08    7.53304E-03
 3.49643E-08    7.41323E-03
 3.60910E-08    7.29557E-03
 3.72542E-08    7.17996E-03
 3.84547E-08    7.06640E-03
 3.96101E-08    6.96235E-03
 4.08002E-08    6.86023E-03
 4.21151E-08    6.75257E-03
 4.34722E-08    6.64655E-03
 4.49682E-08    6.53488E-03
 4.64174E-08    6.43166E-03
 4.78121E-08    6.33694E-03
 4.92486E-08    6.24390E-03
 5.07283E-08    6.15254E-03
 5.23630E-08    6.05623E-03
 5.41649E-08    5.95472E-03
 5.60287E-08    5.85443E-03
 5.78345E-08    5.76174E-03
 5.95722E-08    5.67688E-03
 6.12323E-08    5.59969E-03
 6.30721E-08    5.51797E-03
 6.52425E-08    5.42586E-03
 6.77735E-08    5.32329E-03
 7.01057E-08    5.23333E-03
 7.22121E-08    5.15606E-03
 7.42248E-08    5.08580E-03
 7.62933E-08    5.01679E-03
 7.85856E-08    4.94356E-03
 8.16343E-08    4.85065E-03
 8.49810E-08    4.75378E-03
 8.77194E-08    4.67852E-03
 9.01644E-08    4.61428E-03
 9.24815E-08    4.55622E-03
 9.50588E-08    4.49432E-03
 9.83299E-08    4.41952E-03
 1.03012E-07    4.31827E-03
 1.06783E-07    4.24091E-03
 1.09759E-07    4.18224E-03
 1.12579E-07    4.12919E-03
 1.15472E-07    4.07712E-03
 1.18942E-07    4.01782E-03
 1.24343E-07    3.93083E-03
 1.30264E-07    3.84030E-03
 1.34178E-07    3.78266E-03
 1.37335E-07    3.73811E-03
 1.40567E-07    3.69462E-03
 1.44179E-07    3.64858E-03
 1.49773E-07    3.58140E-03
 1.59244E-07    3.47382E-03
 1.64376E-07    3.41741E-03
 1.68244E-07    3.37670E-03
 1.71840E-07    3.34091E-03
 1.75884E-07    3.30290E-03
 1.81936E-07    3.24938E-03
 1.96326E-07    3.12844E-03
 2.02653E-07    3.07715E-03
 2.07422E-07    3.04054E-03
 2.11855E-07    3.00863E-03
 2.16840E-07    2.97500E-03
 2.25252E-07    2.92126E-03
 2.44099E-07    2.80452E-03
 2.50902E-07    2.76461E-03
 2.56264E-07    2.73519E-03
 2.61187E-07    2.70988E-03
 2.67334E-07    2.67998E-03
 2.80064E-07    2.62028E-03
 3.02855E-07    2.51704E-03
 3.10638E-07    2.48455E-03
 3.16607E-07    2.46123E-03
 3.22689E-07    2.43860E-03
 3.30982E-07    2.40915E-03
 3.70234E-07    2.27756E-03
 3.80552E-07    2.24668E-03
 3.87864E-07    2.22600E-03
 3.95315E-07    2.20595E-03
 4.04619E-07    2.18204E-03
 4.55483E-07    2.05577E-03
 4.68177E-07    2.02989E-03
 4.77173E-07    2.02279E-03
 4.85313E-07    2.02953E-03
 4.95685E-07    2.05402E-03
 5.63926E-07    2.32573E-03
 5.78419E-07    2.39067E-03
 5.88286E-07    2.43553E-03
 5.98323E-07    2.48195E-03
 6.12404E-07    2.54870E-03
 7.04121E-07    3.10195E-03
 7.17648E-07    3.18864E-03
 7.28351E-07    3.25800E-03
 7.40777E-07    3.34110E-03
 7.76051E-07    3.62335E-03
 8.71761E-07    4.52393E-03
 8.88512E-07    4.68257E-03
 9.03670E-07    4.82675E-03
 9.30821E-07    5.08593E-03
 9.81349E-07    5.57202E-03
 9.95985E-07    5.72335E-03
 1.00657E-06    5.84112E-03
 1.02797E-06    6.09874E-03
 1.33208E-06    1.06596E-02
 1.36040E-06    1.12173E-02
 1.64359E-06    1.73009E-02
 1.71414E-06    1.91592E-02
 2.04226E-06    2.90816E-02
 2.51985E-06    4.08079E-02
 3.08736E-06    3.66235E-02
 3.80935E-06    3.27500E-02
 4.70019E-06    2.93448E-02
 5.75902E-06    2.61690E-02
 7.10580E-06    2.33168E-02
 8.76754E-06    2.07770E-02
 1.00154E-05    1.92483E-02
 1.31620E-05    1.61711E-02
 1.62400E-05    1.40987E-02
 1.87477E-05    1.28467E-02
 1.88131E-05    1.28181E-02
 1.89458E-05    1.27591E-02
 2.44225E-05    1.07156E-02
 2.44866E-05    1.06945E-02
 2.45506E-05    1.06736E-02
 2.46156E-05    1.06528E-02
 2.47238E-05    1.06186E-02
 3.00812E-05    9.36240E-03
 3.01602E-05    9.34353E-03
 3.02393E-05    9.32472E-03
 3.02919E-05    9.31226E-03
 3.07193E-05    9.23634E-03
 3.69859E-05    8.16090E-03
 3.71159E-05    8.14397E-03
 3.72134E-05    8.13130E-03
 3.73759E-05    8.11025E-03
 4.55551E-05    7.11841E-03
 4.56754E-05    7.10700E-03
 4.57957E-05    7.09559E-03
 4.59561E-05    7.08039E-03
 5.59143E-05    6.21783E-03
 5.61589E-05    6.20077E-03
 5.62579E-05    6.19387E-03
 5.64063E-05    6.18353E-03
 6.89902E-05    5.41002E-03
 6.91708E-05    5.40071E-03
 6.92920E-05    5.39446E-03
 6.95972E-05    5.37873E-03
 9.37839E-05    4.42846E-03
 9.39280E-05    4.42342E-03
 9.40414E-05    4.41945E-03
 9.41658E-05    4.41510E-03
 9.44973E-05    4.40351E-03
 9.94180E-05    4.23139E-03
 1.00821E-04    4.18660E-03
 1.27933E-04    3.59378E-03
 1.29738E-04    3.55754E-03
 1.57851E-04    3.12526E-03
 1.62336E-04    3.07299E-03
 2.00000E-04    2.67465E-03
 2.39883E-04    2.37890E-03
 3.00000E-04    2.03621E-03
 3.63078E-04    1.79125E-03
 4.46684E-04    1.55107E-03
 5.99474E-04    8.93856E+00
 6.76083E-04    1.78604E+01
 8.31765E-04    3.23136E+03
 9.97921E-04    2.95271E+03
 1.25893E-03    3.66608E+03
 1.54882E-03    3.10992E+03
 2.00000E-03    2.49389E+03
 2.34423E-03    2.26957E+03
 3.00000E-03    1.84273E+03
 3.54814E-03    1.68125E+03
 4.36516E-03    1.47464E+03
 5.37033E-03    1.24640E+03
 6.00000E-03    1.11306E+03
 9.85176E-03    9.31523E+02
 9.85532E-03    9.31202E+02
 9.85554E-03    9.31182E+02
 9.85565E-03    9.31172E+02
 9.85571E-03    9.31167E+02
 9.85574E-03    9.31164E+02
 9.85576E-03    9.31162E+02
 9.85578E-03    9.31161E+02
 9.85580E-03    9.31159E+02
 9.85582E-03    9.31157E+02
 9.85584E-03    9.31155E+02
 9.85586E-03    9.31153E+02
 9.85588E-03    9.31151E+02
 9.85590E-03    9.31150E+02
 9.85592E-03    9.31148E+02
 9.85594E-03    9.31146E+02
 9.85597E-03    9.31143E+02
 9.85599E-03    9.31141E+02
 9.85601E-03    9.31140E+02
 9.85603E-03    9.31138E+02
 9.85605E-03    9.31136E+02
 9.85607E-03    9.31134E+02
 9.85609E-03    9.31133E+02
 9.85611E-03    9.31131E+02
 9.85613E-03    9.31129E+02
 9.85615E-03    9.31127E+02
 9.85617E-03    9.31125E+02
 9.85620E-03    9.31123E+02
 9.85622E-03    9.31121E+02
 9.85624E-03    9.31119E+02
 9.85626E-03    9.31117E+02
 9.85628E-03    9.31115E+02
 9.85630E-03    9.31114E+02
 9.85632E-03    9.31112E+02
 9.85634E-03    9.31110E+02
 9.85636E-03    9.31108E+02
 9.85638E-03    9.31106E+02
 9.85640E-03    9.31105E+02
 9.85643E-03    9.31102E+02
 9.85645E-03    9.31100E+02
 9.85647E-03    9.31098E+02
 9.85649E-03    9.31096E+02
 9.85651E-03    9.31095E+02
 9.85653E-03    9.31093E+02
 9.85655E-03    9.31091E+02
 9.85657E-03    9.31089E+02
 9.85659E-03    9.31087E+02
 9.85661E-03    9.31086E+02
 9.85663E-03    9.31084E+02
 9.85665E-03    9.31082E+02
 9.85667E-03    9.31080E+02
 9.85670E-03    9.31078E+02
 9.85672E-03    9.31076E+02
 9.85674E-03    9.31074E+02
 9.85676E-03    9.31072E+02
 9.85678E-03    9.31070E+02
 9.85680E-03    9.31068E+02
 9.85682E-03    9.31067E+02
 9.85684E-03    9.31065E+02
 9.85686E-03    9.31063E+02
 9.85688E-03    9.31061E+02
 9.85690E-03    9.31059E+02
 9.85692E-03    9.31058E+02
 9.85695E-03    9.31055E+02
 9.85697E-03    9.31053E+02
 9.85699E-03    9.31051E+02
 9.85701E-03    9.31049E+02
 9.85703E-03    9.31048E+02
 9.85705E-03    9.31046E+02
 9.85707E-03    9.31044E+02
 9.85709E-03    9.31042E+02
 9.85711E-03    9.31041E+02
 9.85713E-03    9.31039E+02
 9.85715E-03    9.31037E+02
 9.85718E-03    9.31034E+02
 9.85720E-03    9.31032E+02
 9.85722E-03    9.31031E+02
 9.85725E-03    9.31028E+02
 9.85728E-03    9.31025E+02
 9.85731E-03    9.31022E+02
 9.85734E-03    9.31020E+02
 9.85736E-03    9.31018E+02
 9.85739E-03    9.31015E+02
 9.85742E-03    9.31013E+02
 9.85745E-03    9.31010E+02
 9.85747E-03    9.31008E+02
 9.85750E-03    9.31005E+02
 9.85753E-03    9.31003E+02
 9.85756E-03    9.31000E+02
 9.85759E-03    9.30997E+02
 9.85761E-03    9.30995E+02
 9.85764E-03    9.30993E+02
 9.85767E-03    9.30990E+02
 9.85770E-03    9.30987E+02
 9.85772E-03    9.30986E+02
 9.85775E-03    9.30983E+02
 9.85778E-03    9.30980E+02
 9.85781E-03    9.30977E+02
 9.85784E-03    9.30975E+02
 9.85786E-03    9.30973E+02
 9.85789E-03    9.30970E+02
 9.85792E-03    9.30968E+02
 9.85795E-03    9.30965E+02
 9.85798E-03    9.30962E+02
 9.85800E-03    9.30960E+02
 9.85803E-03    9.30958E+02
 9.85806E-03    9.30955E+02
 9.85809E-03    9.30952E+02
 9.85811E-03    9.30950E+02
 9.85814E-03    9.30948E+02
 9.85817E-03    9.30945E+02
 9.85820E-03    9.30942E+02
 9.85823E-03    9.30940E+02
 9.85825E-03    9.30938E+02
 9.85828E-03    9.30935E+02
 9.85831E-03    9.30932E+02
 9.85834E-03    9.30930E+02
 9.85836E-03    9.30928E+02
 9.85839E-03    9.30925E+02
 9.85842E-03    9.30923E+02
 9.85845E-03    9.30920E+02
 9.85848E-03    9.30917E+02
 9.85850E-03    9.30915E+02
 9.85853E-03    9.30913E+02
 9.85856E-03    9.30910E+02
 9.85859E-03    9.30907E+02
 9.85861E-03    9.30906E+02
 9.85864E-03    9.30903E+02
 9.85867E-03    9.30900E+02
 9.85870E-03    9.30898E+02
 9.85873E-03    9.30895E+02
 9.85875E-03    9.30893E+02
 9.85878E-03    9.30891E+02
 9.85881E-03    9.30888E+02
 9.85884E-03    9.30885E+02
 9.85887E-03    9.30883E+02
 9.85889E-03    9.30881E+02
 9.85892E-03    9.30878E+02
 9.85895E-03    9.30875E+02
 9.85898E-03    9.30873E+02
 9.85900E-03    9.30871E+02
 9.85903E-03    9.30869E+02
 9.85906E-03    9.30866E+02
 9.85909E-03    9.30863E+02
 9.85911E-03    9.30862E+02
 9.85914E-03    9.30859E+02
 9.85917E-03    9.30857E+02
 9.85920E-03    9.30854E+02
 9.85923E-03    9.30851E+02
 9.85925E-03    9.30850E+02
 9.85928E-03    9.30847E+02
 9.85931E-03    9.30845E+02
 9.85934E-03    9.30842E+02
 9.85937E-03    9.30839E+02
 9.85939E-03    9.30838E+02
 9.85942E-03    9.30835E+02
 9.85945E-03    9.30833E+02
 9.85948E-03    9.30831E+02
 9.85951E-03    9.30828E+02
 9.85953E-03    9.30827E+02
 9.85956E-03    9.30824E+02
 9.85959E-03    9.30822E+02
 9.85962E-03    9.30820E+02
 9.85964E-03    9.30818E+02
 9.85967E-03    9.30816E+02
 9.85970E-03    9.30814E+02
 9.85973E-03    9.30811E+02
 9.85976E-03    9.30809E+02
 9.85978E-03    9.30808E+02
 9.85981E-03    9.30806E+02
 9.85984E-03    9.30804E+02
 9.85987E-03    9.30802E+02
 9.85991E-03    9.30799E+02
 9.85995E-03    9.30796E+02
 9.85999E-03    9.30794E+02
 9.86003E-03    9.30792E+02
 9.86008E-03    9.30789E+02
 9.86012E-03    9.30787E+02
 9.86016E-03    9.30785E+02
 9.86020E-03    9.30783E+02
 9.86024E-03    9.30781E+02
 9.86028E-03    9.30780E+02
 9.86033E-03    9.30778E+02
 9.86037E-03    9.30777E+02
 9.86041E-03    9.30776E+02
 9.86045E-03    9.30776E+02
 9.86049E-03    9.30776E+02
 9.86053E-03    9.30776E+02
 9.86058E-03    9.30775E+02
 9.86062E-03    9.30776E+02
 9.86066E-03    9.30777E+02
 9.86070E-03    9.30779E+02
 9.86074E-03    9.30781E+02
 9.86078E-03    9.30783E+02
 9.86083E-03    9.30785E+02
 9.86087E-03    9.30789E+02
 9.86091E-03    9.30793E+02
 9.86095E-03    9.30797E+02
 9.86099E-03    9.30802E+02
 9.86104E-03    9.30807E+02
 9.86108E-03    9.30814E+02
 9.86112E-03    9.30821E+02
 9.86116E-03    9.30830E+02
 9.86120E-03    9.30839E+02
 9.86124E-03    9.30849E+02
 9.86128E-03    9.30860E+02
 9.86133E-03    9.30871E+02
 9.86137E-03    9.30885E+02
 9.86141E-03    9.30899E+02
 9.86145E-03    9.30915E+02
 9.86149E-03    9.30932E+02
 9.86154E-03    9.30950E+02
 9.86158E-03    9.30970E+02
 9.86162E-03    9.30992E+02
 9.86166E-03    9.31015E+02
 9.86170E-03    9.31041E+02
 9.86174E-03    9.31068E+02
 9.86180E-03    9.31107E+02
 9.86186E-03    9.31149E+02
 9.86191E-03    9.31197E+02
 9.86197E-03    9.31248E+02
 9.86202E-03    9.31305E+02
 9.86208E-03    9.31366E+02
 9.86213E-03    9.31434E+02
 9.86219E-03    9.31506E+02
 9.86225E-03    9.31584E+02
 9.86230E-03    9.31670E+02
 9.86236E-03    9.31762E+02
 9.86241E-03    9.31862E+02
 9.86247E-03    9.31969E+02
 9.86252E-03    9.32085E+02
 9.86258E-03    9.32208E+02
 9.86263E-03    9.32342E+02
 9.86269E-03    9.32484E+02
 9.86275E-03    9.32637E+02
 9.86280E-03    9.32801E+02
 9.86286E-03    9.32975E+02
 9.86291E-03    9.33161E+02
 9.86297E-03    9.33359E+02
 9.86302E-03    9.33570E+02
 9.86308E-03    9.33794E+02
 9.86313E-03    9.34032E+02
 9.86322E-03    9.34415E+02
 9.86330E-03    9.34832E+02
 9.86339E-03    9.35285E+02
 9.86347E-03    9.35775E+02
 9.86355E-03    9.36305E+02
 9.86364E-03    9.36874E+02
 9.86372E-03    9.37487E+02
 9.86380E-03    9.38143E+02
 9.86389E-03    9.38843E+02
 9.86397E-03    9.39591E+02
 9.86405E-03    9.40385E+02
 9.86414E-03    9.41227E+02
 9.86425E-03    9.42426E+02
 9.86436E-03    9.43712E+02
 9.86447E-03    9.45086E+02
 9.86455E-03    9.46173E+02
 9.86466E-03    9.47698E+02
 9.86478E-03    9.49306E+02
 9.86494E-03    9.51870E+02
 9.86511E-03    9.54600E+02
 9.86528E-03    9.57481E+02
 9.86550E-03    9.61516E+02
 9.86583E-03    9.67855E+02
 9.86639E-03    9.78638E+02
 9.86665E-03    9.83469E+02
 9.86692E-03    9.88010E+02
 9.86718E-03    9.92177E+02
 9.86744E-03    9.95908E+02
 9.86770E-03    9.99165E+02
 9.86796E-03    1.00194E+03
 9.86822E-03    1.00425E+03
 9.86849E-03    1.00611E+03
 9.86875E-03    1.00759E+03
 9.86914E-03    1.00918E+03
 9.86953E-03    1.01020E+03
 9.86993E-03    1.01080E+03
 9.87071E-03    1.01130E+03
 9.87228E-03    1.01134E+03
 9.87333E-03    1.01124E+03
 1.00000E-02    9.99078E+02
 1.39966E-02    8.61734E+02
 1.53189E-02    8.19173E+02
 1.65707E-02    7.79818E+02
 1.72398E-02    7.58999E+02
 2.00000E-02    6.74895E+02
 3.00000E-02    5.54200E+02
 5.99882E-02    4.20312E+02
 9.38471E-02    3.46130E+02
 1.00000E-01    4.15522E+02
 2.00000E-01    8.34278E+02
 2.99941E-01    1.16334E+03
 3.19127E-01    1.20567E+03
 4.00000E-01    1.46740E+03
 5.03527E-01    1.73298E+03
 6.04232E-01    1.95685E+03
 7.04938E-01    2.15503E+03
 8.05643E-01    2.31981E+03
 9.06349E-01    2.44652E+03
 1.00000E+00    2.53545E+03
 1.10808E+00    2.55365E+03
 1.11335E+00    2.55616E+03
 1.17038E+00    2.62553E+03
 1.18995E+00    2.67387E+03
 1.20000E+00    2.72405E+03
 1.21170E+00    2.71914E+03
 1.26753E+00    2.70625E+03
 1.30000E+00    2.73106E+03
 1.30744E+00    2.74035E+03
 1.33241E+00    2.78663E+03
 1.36169E+00    2.85536E+03
 1.38185E+00    2.91816E+03
 1.38905E+00    2.94522E+03
 1.40000E+00    2.99836E+03
 1.42286E+00    2.99365E+03
 1.45209E+00    2.99751E+03
 1.51645E+00    3.03201E+03
 1.60000E+00    3.14870E+03
 1.80000E+00    3.19744E+03
 2.04252E+00    3.19299E+03
 2.81622E+00    3.11060E+03
 3.02116E+00    3.09257E+03
 3.22257E+00    3.07673E+03
 3.75220E+00    3.00448E+03
 4.20000E+00    2.96064E+03
 4.83386E+00    2.92667E+03
 6.00215E+00    2.88989E+03
 7.03358E+00    2.84890E+03
 7.40000E+00    2.83280E+03
 7.42917E+00    2.82785E+03
 7.60000E+00    2.82310E+03
 9.25574E+00    2.75108E+03
 1.00000E+01    2.72164E+03
 1.01153E+01    2.71766E+03
 1.02580E+01    2.71277E+03
 1.04027E+01    2.70781E+03
 1.05000E+01    2.70448E+03
 1.06481E+01    2.69974E+03
 1.06714E+01    2.69899E+03
 1.07229E+01    2.69734E+03
 1.08422E+01    2.69352E+03
 1.09591E+01    2.68978E+03
 1.10000E+01    2.68847E+03
 1.11552E+01    2.68380E+03
 1.13126E+01    2.67906E+03
 1.14663E+01    2.67444E+03
 1.15000E+01    2.67342E+03
 1.15398E+01    2.67230E+03
 1.15908E+01    2.67087E+03
 1.17543E+01    2.66626E+03
 1.19202E+01    2.66159E+03
 1.20000E+01    2.65934E+03
 1.21693E+01    2.65489E+03
 1.23410E+01    2.65036E+03
 1.24145E+01    2.64843E+03
 1.25000E+01    2.64618E+03
 1.25070E+01    2.64601E+03
 1.26478E+01    2.64255E+03
 1.26793E+01    2.64177E+03
 1.27890E+01    2.63908E+03
 1.29694E+01    2.63465E+03
 1.30000E+01    2.63390E+03
 1.30330E+01    2.63314E+03
 1.32169E+01    2.62890E+03
 1.34033E+01    2.62461E+03
 1.35000E+01    2.62239E+03
 1.35570E+01    2.62090E+03
 1.35624E+01    2.62076E+03
 1.37537E+01    2.61670E+03
 1.37768E+01    2.61622E+03
 1.38011E+01    2.61570E+03
 1.38279E+01    2.61514E+03
 1.40000E+01    2.61157E+03
 1.41975E+01    2.60745E+03
 1.43978E+01    2.60337E+03
 1.45000E+01    2.60129E+03
 1.47046E+01    2.59718E+03
 1.47440E+01    2.59641E+03
 1.48848E+01    2.59365E+03
 1.49163E+01    2.59304E+03
 1.50000E+01    2.59141E+03
 1.52116E+01    2.58735E+03
 1.54262E+01    2.58324E+03
 1.55000E+01    2.58182E+03
 1.57187E+01    2.57763E+03
 1.58230E+01    2.57563E+03
 1.60000E+01    2.57225E+03
 1.62257E+01    2.56796E+03
 1.63936E+01    2.56478E+03
 1.65000E+01    2.56276E+03
 1.65515E+01    2.56178E+03
 1.67850E+01    2.55735E+03
 1.68443E+01    2.55622E+03
 1.70000E+01    2.55327E+03
 1.70883E+01    2.55159E+03
 1.71345E+01    2.55071E+03
 1.72514E+01    2.54849E+03
 1.74948E+01    2.54386E+03
 1.75000E+01    2.54376E+03
 1.76877E+01    2.54020E+03
 1.79372E+01    2.53545E+03
 1.79511E+01    2.53519E+03
 1.80000E+01    2.53426E+03
 1.80205E+01    2.53387E+03
 1.80601E+01    2.53313E+03
 1.83149E+01    2.52835E+03
 1.85000E+01    2.52488E+03
 1.86306E+01    2.52243E+03
 1.87069E+01    2.52100E+03
 1.88281E+01    2.51872E+03
 1.89728E+01    2.51601E+03
 1.90000E+01    2.51550E+03
 1.90813E+01    2.51401E+03
 1.93254E+01    2.50955E+03
 1.93716E+01    2.50871E+03
 1.93865E+01    2.50843E+03
 1.93987E+01    2.50821E+03
 1.94884E+01    2.50657E+03
 1.95000E+01    2.50636E+03
 1.95271E+01    2.50586E+03
 1.95680E+01    2.50512E+03
 1.98441E+01    2.50007E+03
 2.00000E+01    2.49722E+03
 2.02822E+01    2.49262E+03
 2.05683E+01    2.48797E+03
 2.08585E+01    2.48323E+03
 2.10000E+01    2.48093E+03
 2.12963E+01    2.47671E+03
 2.15967E+01    2.47244E+03
 2.19014E+01    2.46810E+03
 2.20000E+01    2.46669E+03
 2.23104E+01    2.46287E+03
 2.26251E+01    2.45899E+03
 2.29443E+01    2.45505E+03
 2.30000E+01    2.45436E+03
 2.33245E+01    2.45070E+03
 2.36536E+01    2.44699E+03
 2.39873E+01    2.44322E+03
 2.40000E+01    2.44307E+03
 2.43386E+01    2.43918E+03
 2.46820E+01    2.43524E+03
 2.50000E+01    2.43159E+03
 2.53527E+01    2.42713E+03
 2.57104E+01    2.42261E+03
 2.60000E+01    2.41894E+03
 2.63668E+01    2.41379E+03
 2.67388E+01    2.40855E+03
 2.70000E+01    2.40488E+03
 2.73809E+01    2.39912E+03
 2.77672E+01    2.39329E+03
 2.80000E+01    2.38977E+03
 2.83950E+01    2.38335E+03
 2.87956E+01    2.37684E+03
 2.90000E+01    2.37351E+03
 2.94091E+01    2.36480E+03
 2.98240E+01    2.35596E+03
 3.00000E+01    2.35221E+03
 3.04232E+01    2.34918E+03
 3.08525E+01    2.34611E+03
 3.10000E+01    2.34505E+03
 3.14374E+01    2.33895E+03
 3.18809E+01    2.33276E+03
 3.20000E+01    2.33110E+03
 3.24515E+01    2.32532E+03
 3.29093E+01    2.31945E+03
 3.30000E+01    2.31829E+03
 3.34656E+01    2.31233E+03
 3.39377E+01    2.30629E+03
 3.40000E+01    2.30549E+03
 3.44797E+01    2.29940E+03
 3.49661E+01    2.29322E+03
 3.50000E+01    2.29279E+03
 3.54938E+01    2.28652E+03
 3.59945E+01    2.28017E+03
 3.60000E+01    2.28010E+03
 3.65079E+01    2.27353E+03
 3.70000E+01    2.26716E+03
 3.75220E+01    2.26041E+03
 3.80000E+01    2.25423E+03
 3.85361E+01    2.24738E+03
 3.90000E+01    2.24145E+03
 3.95502E+01    2.23442E+03
 4.00000E+01    2.22867E+03
 4.05643E+01    2.22174E+03
 4.10000E+01    2.21639E+03
 4.15784E+01    2.20929E+03
 4.20000E+01    2.20411E+03
 4.25925E+01    2.19713E+03
 4.30000E+01    2.19232E+03
 4.36067E+01    2.18516E+03
 4.40000E+01    2.18052E+03
 4.46208E+01    2.17343E+03
 4.50000E+01    2.16909E+03
 4.56349E+01    2.16184E+03
 4.60000E+01    2.15767E+03
 4.66490E+01    2.15045E+03
 4.70000E+01    2.14655E+03
 4.76631E+01    2.13917E+03
 4.80000E+01    2.13542E+03
 4.86772E+01    2.12812E+03
 4.90000E+01    2.12465E+03
 4.96913E+01    2.11719E+03
 5.00000E+01    2.11386E+03
 5.07054E+01    2.10652E+03
 5.10000E+01    2.10345E+03
 5.17195E+01    2.09596E+03
 5.20000E+01    2.09304E+03
 5.27336E+01    2.08568E+03
 5.30000E+01    2.08300E+03
 5.37477E+01    2.07550E+03
 5.40000E+01    2.07297E+03
 5.47618E+01    2.06559E+03
 5.50000E+01    2.06328E+03
 5.57760E+01    2.05576E+03
 5.60000E+01    2.05359E+03
 5.67901E+01    2.04619E+03
 5.70000E+01    2.04423E+03
 5.78042E+01    2.03671E+03
 5.80000E+01    2.03488E+03
 5.88183E+01    2.02749E+03
 5.90000E+01    2.02585E+03
 5.98324E+01    2.01834E+03
 6.00000E+01    2.01682E+03
 6.08465E+01    2.00965E+03
 6.10000E+01    2.00836E+03
 6.18606E+01    2.00106E+03
 6.20000E+01    1.99988E+03
 6.28747E+01    1.99248E+03
 6.30000E+01    1.99142E+03
 6.38888E+01    1.98389E+03
 6.40000E+01    1.98295E+03
 6.49029E+01    1.97530E+03
 6.50000E+01    1.97448E+03
 6.59170E+01    1.96739E+03
 6.60000E+01    1.96674E+03
 6.69311E+01    1.95954E+03
 6.70000E+01    1.95901E+03
 6.79453E+01    1.95170E+03
 6.80000E+01    1.95128E+03
 6.89594E+01    1.94386E+03
 6.90000E+01    1.94354E+03
 6.99735E+01    1.93601E+03
 7.00000E+01    1.93581E+03
 7.09876E+01    1.92883E+03
 7.10000E+01    1.92874E+03
 7.20000E+01    1.92168E+03
 7.30000E+01    1.91461E+03
 7.40000E+01    1.90755E+03
 7.50000E+01    1.90048E+03
 7.60000E+01    1.89402E+03
 7.70000E+01    1.88755E+03
 7.80000E+01    1.88109E+03
 7.90000E+01    1.87463E+03
 8.00000E+01    1.86817E+03
 8.10000E+01    1.86249E+03
 8.20000E+01    1.85681E+03
 8.30000E+01    1.85112E+03
 8.40000E+01    1.84544E+03
 8.50000E+01    1.83976E+03
 8.60000E+01    1.83409E+03
 8.70000E+01    1.82840E+03
 8.80000E+01    1.82272E+03
 8.90000E+01    1.81704E+03
 9.00000E+01    1.81136E+03
 9.10000E+01    1.80654E+03
 9.20000E+01    1.80172E+03
 9.30000E+01    1.79690E+03
 9.40000E+01    1.79208E+03
 9.50000E+01    1.78726E+03
 9.60000E+01    1.78243E+03
 9.70000E+01    1.77761E+03
 9.80000E+01    1.77279E+03
 9.90000E+01    1.76797E+03
 1.00000E+02    1.76315E+03
 1.01411E+02    1.75730E+03
 1.02000E+02    1.75486E+03
 1.03439E+02    1.74889E+03
 1.04000E+02    1.74657E+03
 1.05467E+02    1.74048E+03
 1.06000E+02    1.73828E+03
 1.07495E+02    1.73207E+03
 1.08000E+02    1.72998E+03
 1.09524E+02    1.72367E+03
 1.10000E+02    1.72169E+03
 1.11552E+02    1.71608E+03
 1.12000E+02    1.71446E+03
 1.13580E+02    1.70874E+03
 1.14000E+02    1.70722E+03
 1.15608E+02    1.70140E+03
 1.16000E+02    1.69998E+03
 1.17637E+02    1.69406E+03
 1.18000E+02    1.69275E+03
 1.19665E+02    1.68673E+03
 1.20000E+02    1.68551E+03
 1.21693E+02    1.68009E+03
 1.22000E+02    1.67910E+03
 1.23721E+02    1.67358E+03
 1.24000E+02    1.67269E+03
 1.25749E+02    1.66708E+03
 1.26000E+02    1.66627E+03
 1.27778E+02    1.66058E+03
 1.28000E+02    1.65986E+03
 1.29806E+02    1.65408E+03
 1.30000E+02    1.65345E+03
 1.31834E+02    1.64816E+03
 1.32000E+02    1.64769E+03
 1.33862E+02    1.64231E+03
 1.34000E+02    1.64192E+03
 1.35891E+02    1.63646E+03
 1.36000E+02    1.63615E+03
 1.37919E+02    1.63061E+03
 1.38000E+02    1.63038E+03
 1.39947E+02    1.62477E+03
 1.40000E+02    1.62461E+03
 1.41975E+02    1.61941E+03
 1.42000E+02    1.61935E+03
 1.44000E+02    1.61408E+03
 1.46000E+02    1.60882E+03
 1.48000E+02    1.60356E+03
 1.50000E+02    1.59830E+03
 1.52000E+02    1.59344E+03
 1.54000E+02    1.58858E+03
 1.56000E+02    1.58372E+03
 1.58000E+02    1.57886E+03
 1.60000E+02    1.57400E+03
 1.62000E+02    1.56959E+03
 1.64000E+02    1.56518E+03
 1.66000E+02    1.56076E+03
 1.68000E+02    1.55635E+03
 1.70000E+02    1.55194E+03
 1.72000E+02    1.54754E+03
 1.74000E+02    1.54312E+03
 1.76000E+02    1.53871E+03
 1.78000E+02    1.53430E+03
 1.80000E+02    1.52989E+03
 1.82000E+02    1.52591E+03
 1.84000E+02    1.52193E+03
 1.86000E+02    1.51795E+03
 1.88000E+02    1.51397E+03
 1.90000E+02    1.50999E+03
 1.92000E+02    1.50601E+03
 1.94000E+02    1.50203E+03
 1.96000E+02    1.49805E+03
 1.98000E+02    1.49407E+03
 2.00000E+02    1.49009E+03
