# p + Si 32 : (p,non)   
# tendl.2019 A.J. Koning                       EVAL-OCT19
# uncertainties: y
# # energies =    48
#   E(MeV)       xs(mb)       xslow(mb)      xsupp(mb)
 1.00000E-01    6.70023E-12    3.38799E-12    1.00125E-11
 2.00000E-01    1.32707E-06    8.18163E-07    1.83598E-06
 5.00000E-01    3.86479E-02    2.38272E-02    5.34687E-02
 1.00000E+00    7.95764E+00    6.51205E+00    9.40323E+00
 2.00000E+00    1.74558E+02    1.42848E+02    2.06268E+02
 3.00000E+00    3.85602E+02    3.55893E+02    4.15311E+02
 4.00000E+00    5.08319E+02    4.69155E+02    5.47483E+02
 5.00000E+00    6.05665E+02    5.65215E+02    6.46115E+02
 6.00000E+00    6.97274E+02    6.50706E+02    7.43842E+02
 7.00000E+00    7.71188E+02    7.11475E+02    8.30901E+02
 8.00000E+00    8.21822E+02    7.58188E+02    8.85456E+02
 9.00000E+00    8.55233E+02    7.89012E+02    9.21454E+02
 1.00000E+01    8.79067E+02    7.91349E+02    9.66786E+02
 1.10000E+01    8.99742E+02    8.09961E+02    9.89524E+02
 1.20000E+01    9.18427E+02    8.26781E+02    1.01007E+03
 1.30000E+01    9.33703E+02    8.40533E+02    1.02687E+03
 1.40000E+01    9.44052E+02    8.44901E+02    1.04320E+03
 1.50000E+01    9.49156E+02    8.49469E+02    1.04884E+03
 1.60000E+01    9.49862E+02    8.50101E+02    1.04962E+03
 1.70000E+01    9.47601E+02    8.48077E+02    1.04712E+03
 1.80000E+01    9.43557E+02    8.30595E+02    1.05652E+03
 1.90000E+01    9.38770E+02    8.26381E+02    1.05116E+03
 2.00000E+01    9.33757E+02    8.21968E+02    1.04555E+03
 2.20000E+01    9.23551E+02    8.00924E+02    1.04618E+03
 2.40000E+01    9.12528E+02    7.91365E+02    1.03369E+03
 2.60000E+01    8.99969E+02    7.68821E+02    1.03112E+03
 2.80000E+01    8.85937E+02    7.56834E+02    1.01504E+03
 3.00000E+01    8.70985E+02    7.44061E+02    9.97909E+02
 3.50000E+01    8.32856E+02    7.11488E+02    9.54224E+02
 4.00000E+01    7.96214E+02    6.80186E+02    9.12242E+02
 4.50000E+01    7.61909E+02    6.50880E+02    8.72938E+02
 5.00000E+01    7.30299E+02    6.23876E+02    8.36722E+02
 5.50000E+01    7.01494E+02    5.99269E+02    8.03719E+02
 6.00000E+01    6.75387E+02    5.76966E+02    7.73808E+02
 6.50000E+01    6.51783E+02    5.56802E+02    7.46764E+02
 7.00000E+01    6.30458E+02    5.38585E+02    7.22332E+02
 7.50000E+01    6.11189E+02    5.22124E+02    7.00255E+02
 8.00000E+01    5.93760E+02    5.07234E+02    6.80286E+02
 9.00000E+01    5.63645E+02    4.81508E+02    6.45782E+02
 1.00000E+02    5.38817E+02    4.60298E+02    6.17336E+02
 1.10000E+02    5.18149E+02    4.42642E+02    5.93656E+02
 1.20000E+02    5.00785E+02    4.27808E+02    5.73762E+02
 1.30000E+02    4.85984E+02    4.15164E+02    5.56804E+02
 1.40000E+02    4.73365E+02    4.04384E+02    5.42346E+02
 1.50000E+02    4.62440E+02    3.95051E+02    5.29829E+02
 1.60000E+02    4.52882E+02    3.86886E+02    5.18878E+02
 1.80000E+02    4.36895E+02    3.73228E+02    5.00562E+02
 2.00000E+02    4.23866E+02    3.62098E+02    4.85634E+02
