# n + Tm169 : (n,a13)   
# endfb8.0   G.P.A.Nobre, A.Palumbo, et al.    EVAL-OCT11
# uncertainties: n
# # energies =    62
#   E(MeV)       xs(mb) 
 1.00000E-11    0.00000E+00
 2.53000E-08    0.00000E+00
 1.00000E-02    0.00000E+00
 2.00000E-02    1.74340E-12
 5.00000E-02    1.79090E-12
 7.00000E-02    1.82330E-12
 1.00000E-01    1.37340E-10
 2.00000E-01    2.42250E-08
 3.00000E-01    2.58910E-07
 4.00000E-01    3.66340E-07
 5.00000E-01    4.72410E-07
 7.00000E-01    6.75950E-07
 8.50000E-01    8.80960E-07
 1.00000E+00    1.14640E-06
 1.30000E+00    1.88170E-06
 1.50000E+00    2.54032E-06
 1.80000E+00    3.75677E-06
 2.00000E+00    4.75975E-06
 2.25000E+00    6.33055E-06
 2.50000E+00    8.20152E-06
 2.75000E+00    1.03010E-05
 3.00000E+00    1.26353E-05
 3.20000E+00    1.46195E-05
 3.40000E+00    1.68126E-05
 3.60000E+00    1.90721E-05
 3.80000E+00    2.12599E-05
 4.00000E+00    2.36032E-05
 4.20000E+00    2.62096E-05
 4.40000E+00    2.89225E-05
 4.60000E+00    3.19551E-05
 4.80000E+00    3.52602E-05
 5.00000E+00    3.90375E-05
 5.50000E+00    4.98157E-05
 6.00000E+00    6.31206E-05
 6.50000E+00    7.85562E-05
 7.00000E+00    9.50193E-05
 7.50000E+00    9.03434E-05
 8.00000E+00    1.03663E-04
 8.50000E+00    1.15559E-04
 9.00000E+00    1.21193E-04
 9.50000E+00    1.20046E-04
 1.00000E+01    1.05691E-04
 1.10000E+01    7.12617E-05
 1.20000E+01    3.95545E-05
 1.30000E+01    2.04108E-05
 1.40000E+01    1.00673E-05
 1.50000E+01    4.98718E-06
 1.60000E+01    2.47684E-06
 1.70000E+01    1.25767E-06
 1.80000E+01    6.46430E-07
 1.90000E+01    3.41410E-07
 2.00000E+01    1.83230E-07
 2.10000E+01    9.87960E-08
 2.20000E+01    5.40250E-08
 2.30000E+01    2.98180E-08
 2.40000E+01    1.63320E-08
 2.50000E+01    8.94680E-09
 2.60000E+01    5.03110E-09
 2.70000E+01    2.78190E-09
 2.80000E+01    1.56800E-09
 2.90000E+01    8.76830E-10
 3.00000E+01    4.94340E-10
