# n + Ga 71 : (n,el)    
# jendl4.0   T.WATANABE                        EVAL-MAR94
# uncertainties: n
# # energies =   171
#   E(MeV)       xs(mb) 
 1.00000E-11    1.02306E+04
 1.00000E-07    5.23900E+03
 4.13990E-07    5.23288E+03
 5.31580E-07    5.23065E+03
 6.82560E-07    5.22779E+03
 8.76420E-07    5.22445E+03
 1.12540E-06    5.22052E+03
 1.44500E-06    5.21549E+03
 1.85540E-06    5.20908E+03
 2.37240E-06    5.20079E+03
 3.05900E-06    5.19005E+03
 3.92790E-06    5.17635E+03
 5.04350E-06    5.15877E+03
 6.47600E-06    5.13619E+03
 8.31530E-06    5.10720E+03
 1.06770E-05    5.06997E+03
 1.37100E-05    5.02218E+03
 1.76030E-05    4.96081E+03
 2.26030E-05    4.88085E+03
 2.92030E-05    4.77430E+03
 3.72670E-05    4.63102E+03
 4.78510E-05    4.43536E+03
 6.14420E-05    4.14939E+03
 7.88930E-05    4.56013E+04
 1.01300E-04    4.47293E+03
 1.30070E-04    3.41982E+03
 1.67020E-04    3.41660E+03
 2.14450E-04    4.07056E+04
 2.75360E-04    6.88704E+05
 3.53580E-04    1.72084E+05
 4.54000E-04    1.51611E+04
 5.82950E-04    1.65599E+04
 7.48520E-04    9.36305E+03
 9.61120E-04    7.72441E+03
 1.23410E-03    2.15937E+04
 1.58460E-03    8.26476E+03
 2.03470E-03    6.11514E+03
 2.24870E-03    2.35153E+04
 2.48520E-03    8.17583E+03
 2.61260E-03    6.54663E+03
 2.74650E-03    1.07299E+04
 3.03540E-03    1.44051E+04
 3.35460E-03    8.33135E+03
 3.70740E-03    6.03623E+03
 4.30740E-03    2.15854E+04
 5.53080E-03    1.14554E+04
 7.10170E-03    1.02228E+04
 9.11880E-03    9.71840E+03
 1.17090E-02    9.30258E+03
 1.50340E-02    8.91007E+03
 1.93050E-02    8.62625E+03
 2.18750E-02    8.47882E+03
 2.35790E-02    8.40611E+03
 2.41760E-02    8.37005E+03
 2.47880E-02    8.31922E+03
 2.60580E-02    8.26671E+03
 2.70000E-02    8.21218E+03
 2.85000E-02    8.11336E+03
 3.18280E-02    8.00300E+03
 3.43070E-02    7.85677E+03
 4.08680E-02    7.68455E+03
 4.63090E-02    7.54432E+03
 5.24750E-02    7.43621E+03
 5.65620E-02    7.30425E+03
 6.73790E-02    7.17870E+03
 7.20000E-02    7.09160E+03
 7.95000E-02    7.02027E+03
 8.25000E-02    6.97631E+03
 8.65170E-02    6.88769E+03
 9.80370E-02    6.75409E+03
 1.11090E-01    6.65346E+03
 1.16790E-01    6.59661E+03
 1.22770E-01    6.54056E+03
 1.29070E-01    6.48451E+03
 1.35690E-01    6.42900E+03
 1.42640E-01    6.37398E+03
 1.49960E-01    6.31948E+03
 1.57640E-01    6.26563E+03
 1.65730E-01    6.21200E+03
 1.74220E-01    6.15879E+03
 1.83160E-01    6.10625E+03
 1.92550E-01    6.05367E+03
 2.02420E-01    5.99190E+03
 2.12800E-01    5.92651E+03
 2.23710E-01    5.86185E+03
 2.35180E-01    5.79791E+03
 2.47240E-01    5.70358E+03
 2.73240E-01    5.61047E+03
 2.87250E-01    5.56457E+03
 2.94520E-01    5.54389E+03
 2.97200E-01    5.53563E+03
 2.98500E-01    5.52540E+03
 3.01970E-01    5.44483E+03
 3.33730E-01    5.30247E+03
 3.68830E-01    5.19803E+03
 3.87740E-01    5.11982E+03
 4.07620E-01    4.98166E+03
 4.50490E-01    4.80707E+03
 4.97870E-01    4.63283E+03
 5.23400E-01    4.50380E+03
 5.50230E-01    4.37269E+03
 5.78440E-01    4.24581E+03
 6.08100E-01    4.12905E+03
 6.39280E-01    4.01786E+03
 6.72060E-01    3.90976E+03
 7.06510E-01    3.80333E+03
 7.42740E-01    3.69742E+03
 7.80820E-01    3.59295E+03
 8.20850E-01    3.48988E+03
 8.62940E-01    3.38950E+03
 9.07180E-01    3.27770E+03
 9.61640E-01    3.16221E+03
 1.00260E+00    3.00418E+03
 1.10800E+00    2.84492E+03
 1.16480E+00    2.74404E+03
 1.22460E+00    2.64455E+03
 1.28730E+00    2.54648E+03
 1.35340E+00    2.45094E+03
 1.42270E+00    2.36042E+03
 1.49570E+00    2.27358E+03
 1.57240E+00    2.19134E+03
 1.65300E+00    2.11424E+03
 1.73770E+00    2.04315E+03
 1.82680E+00    1.98229E+03
 1.92050E+00    1.92593E+03
 2.01900E+00    1.88164E+03
 2.12250E+00    1.84773E+03
 2.23130E+00    1.82405E+03
 2.30690E+00    1.81269E+03
 2.34570E+00    1.80706E+03
 2.36530E+00    1.80512E+03
 2.38520E+00    1.80329E+03
 2.46600E+00    1.79951E+03
 2.59240E+00    1.79477E+03
 2.72530E+00    1.78979E+03
 2.86500E+00    1.78463E+03
 3.01190E+00    1.79400E+03
 3.16640E+00    1.81498E+03
 3.32870E+00    1.84862E+03
 3.67880E+00    1.89592E+03
 4.06570E+00    1.95893E+03
 4.49330E+00    2.01688E+03
 4.72370E+00    2.05704E+03
 4.96590E+00    2.09550E+03
 5.22050E+00    2.13367E+03
 5.48810E+00    2.17124E+03
 5.76950E+00    2.21030E+03
 6.06530E+00    2.23891E+03
 6.37630E+00    2.25902E+03
 6.59240E+00    2.27149E+03
 6.70320E+00    2.28847E+03
 7.04690E+00    2.29981E+03
 7.40820E+00    2.30227E+03
 7.78800E+00    2.30208E+03
 8.18730E+00    2.28213E+03
 8.60710E+00    2.25729E+03
 9.04840E+00    2.23046E+03
 9.51230E+00    2.18101E+03
 1.00000E+01    2.11839E+03
 1.05130E+01    2.05520E+03
 1.10520E+01    1.98630E+03
 1.16180E+01    1.91382E+03
 1.22140E+01    1.83765E+03
 1.28400E+01    1.76133E+03
 1.34990E+01    1.70364E+03
 1.38400E+01    1.66609E+03
 1.41910E+01    1.62888E+03
 1.45500E+01    1.59277E+03
 1.49180E+01    1.54192E+03
 1.56830E+01    1.47925E+03
 1.64870E+01    1.42617E+03
