# n + Cm244 : (n,a)     
# tendl.2019 A.J. Koning and D. Rochman        EVAL-NOV19
# uncertainties: y
# # energies =   559
#   E(MeV)       xs(mb)       xslow(mb)      xsupp(mb)
 1.00000E-11    5.40655E-04    3.70563E-04    7.10747E-04
 1.03223E-11    5.32146E-04    3.64731E-04    6.99561E-04
 1.06549E-11    5.23776E-04    3.58994E-04    6.88558E-04
 1.09984E-11    5.15533E-04    3.53345E-04    6.77721E-04
 1.13527E-11    5.07423E-04    3.47786E-04    6.67060E-04
 1.17186E-11    4.99438E-04    3.42313E-04    6.56563E-04
 1.20962E-11    4.91582E-04    3.36929E-04    6.46235E-04
 1.24861E-11    4.83846E-04    3.31627E-04    6.36065E-04
 1.28884E-11    4.76234E-04    3.26409E-04    6.26059E-04
 1.33038E-11    4.68740E-04    3.21273E-04    6.16207E-04
 1.37325E-11    4.61366E-04    3.16219E-04    6.06513E-04
 1.41751E-11    4.54106E-04    3.11243E-04    5.96969E-04
 1.46318E-11    4.46962E-04    3.06346E-04    5.87578E-04
 1.51034E-11    4.39929E-04    3.01526E-04    5.78332E-04
 1.55901E-11    4.33008E-04    2.96782E-04    5.69234E-04
 1.60926E-11    4.26194E-04    2.92112E-04    5.60276E-04
 1.66111E-11    4.19490E-04    2.87517E-04    5.51463E-04
 1.71465E-11    4.12888E-04    2.82992E-04    5.42784E-04
 1.76990E-11    4.06393E-04    2.78540E-04    5.34246E-04
 1.82694E-11    3.99998E-04    2.74157E-04    5.25839E-04
 1.88581E-11    3.93705E-04    2.69844E-04    5.17566E-04
 1.94659E-11    3.87510E-04    2.65598E-04    5.09422E-04
 2.00931E-11    3.81414E-04    2.61420E-04    5.01408E-04
 2.07407E-11    3.75412E-04    2.57306E-04    4.93518E-04
 2.14090E-11    3.69506E-04    2.53258E-04    4.85754E-04
 2.20991E-11    3.63692E-04    2.49273E-04    4.78111E-04
 2.28111E-11    3.57970E-04    2.45351E-04    4.70589E-04
 2.35464E-11    3.52337E-04    2.41491E-04    4.63183E-04
 2.43051E-11    3.46794E-04    2.37691E-04    4.55897E-04
 2.50884E-11    3.41337E-04    2.33951E-04    4.48723E-04
 2.58968E-11    3.35967E-04    2.30271E-04    4.41663E-04
 2.67315E-11    3.30681E-04    2.26648E-04    4.34714E-04
 2.75928E-11    3.25478E-04    2.23082E-04    4.27874E-04
 2.84822E-11    3.20357E-04    2.19572E-04    4.21142E-04
 2.93999E-11    3.15317E-04    2.16117E-04    4.14517E-04
 3.03475E-11    3.10355E-04    2.12716E-04    4.07994E-04
 3.13253E-11    3.05473E-04    2.09370E-04    4.01576E-04
 3.23350E-11    3.00666E-04    2.06076E-04    3.95256E-04
 3.33769E-11    2.95936E-04    2.02834E-04    3.89038E-04
 3.44526E-11    2.91279E-04    1.99642E-04    3.82916E-04
 3.55627E-11    2.86697E-04    1.96501E-04    3.76893E-04
 3.67089E-11    2.82185E-04    1.93409E-04    3.70961E-04
 3.78918E-11    2.77746E-04    1.90366E-04    3.65126E-04
 3.91130E-11    2.73375E-04    1.87370E-04    3.59380E-04
 4.03734E-11    2.69075E-04    1.84423E-04    3.53727E-04
 4.16746E-11    2.64841E-04    1.81521E-04    3.48161E-04
 4.30174E-11    2.60674E-04    1.78665E-04    3.42683E-04
 4.44039E-11    2.56572E-04    1.75854E-04    3.37290E-04
 4.58347E-11    2.52536E-04    1.73087E-04    3.31985E-04
 4.73119E-11    2.48562E-04    1.70364E-04    3.26760E-04
 4.88364E-11    2.44652E-04    1.67684E-04    3.21620E-04
 5.04104E-11    2.40802E-04    1.65045E-04    3.16559E-04
 5.20348E-11    2.37014E-04    1.62449E-04    3.11579E-04
 5.37119E-11    2.33284E-04    1.59892E-04    3.06676E-04
 5.54426E-11    2.29614E-04    1.57377E-04    3.01851E-04
 5.72295E-11    2.26001E-04    1.54900E-04    2.97102E-04
 5.90736E-11    2.22445E-04    1.52463E-04    2.92427E-04
 6.09775E-11    2.18945E-04    1.50064E-04    2.87826E-04
 6.29424E-11    2.15501E-04    1.47704E-04    2.83298E-04
 6.49710E-11    2.12110E-04    1.45380E-04    2.78840E-04
 6.70645E-11    2.08773E-04    1.43092E-04    2.74454E-04
 6.92260E-11    2.05488E-04    1.40841E-04    2.70135E-04
 7.14566E-11    2.02255E-04    1.38625E-04    2.65885E-04
 7.37596E-11    1.99072E-04    1.36443E-04    2.61701E-04
 7.61364E-11    1.95940E-04    1.34297E-04    2.57583E-04
 7.85902E-11    1.92857E-04    1.32184E-04    2.53530E-04
 8.11227E-11    1.89823E-04    1.30104E-04    2.49542E-04
 8.37372E-11    1.86836E-04    1.28057E-04    2.45615E-04
 8.64355E-11    1.83897E-04    1.26042E-04    2.41752E-04
 8.92212E-11    1.81003E-04    1.24059E-04    2.37947E-04
 9.20962E-11    1.78156E-04    1.22108E-04    2.34204E-04
 9.50644E-11    1.75352E-04    1.20186E-04    2.30518E-04
 9.81277E-11    1.72594E-04    1.18295E-04    2.26893E-04
 1.01291E-10    1.69877E-04    1.16433E-04    2.23321E-04
 1.04554E-10    1.67205E-04    1.14602E-04    2.19808E-04
 1.07924E-10    1.64574E-04    1.12798E-04    2.16350E-04
 1.11402E-10    1.61985E-04    1.11024E-04    2.12946E-04
 1.14992E-10    1.59436E-04    1.09277E-04    2.09595E-04
 1.18697E-10    1.56928E-04    1.07558E-04    2.06298E-04
 1.22523E-10    1.54458E-04    1.05865E-04    2.03051E-04
 1.26471E-10    1.52029E-04    1.04200E-04    1.99858E-04
 1.30547E-10    1.49636E-04    1.02560E-04    1.96712E-04
 1.34754E-10    1.47282E-04    1.00947E-04    1.93617E-04
 1.39097E-10    1.44964E-04    9.93579E-05    1.90570E-04
 1.43579E-10    1.42684E-04    9.77952E-05    1.87573E-04
 1.48207E-10    1.40439E-04    9.62564E-05    1.84622E-04
 1.52982E-10    1.38229E-04    9.47417E-05    1.81716E-04
 1.57913E-10    1.36054E-04    9.32510E-05    1.78857E-04
 1.63001E-10    1.33914E-04    9.17842E-05    1.76044E-04
 1.68254E-10    1.31807E-04    9.03401E-05    1.73274E-04
 1.73676E-10    1.29733E-04    8.89186E-05    1.70547E-04
 1.79274E-10    1.27692E-04    8.75197E-05    1.67864E-04
 1.85050E-10    1.25683E-04    8.61427E-05    1.65223E-04
 1.91014E-10    1.23705E-04    8.47870E-05    1.62623E-04
 1.97169E-10    1.21759E-04    8.34532E-05    1.60065E-04
 2.03524E-10    1.19843E-04    8.21400E-05    1.57546E-04
 2.10082E-10    1.17958E-04    8.08480E-05    1.55068E-04
 2.16853E-10    1.16101E-04    7.95753E-05    1.52627E-04
 2.23840E-10    1.14275E-04    7.83237E-05    1.50226E-04
 2.31055E-10    1.12477E-04    7.70914E-05    1.47863E-04
 2.38500E-10    1.10707E-04    7.58782E-05    1.45536E-04
 2.46187E-10    1.08965E-04    7.46843E-05    1.43246E-04
 2.54120E-10    1.07251E-04    7.35095E-05    1.40993E-04
 2.62310E-10    1.05563E-04    7.23525E-05    1.38773E-04
 2.70762E-10    1.03903E-04    7.12148E-05    1.36591E-04
 2.79489E-10    1.02268E-04    7.00942E-05    1.34442E-04
 2.88494E-10    1.00659E-04    6.89914E-05    1.32327E-04
 2.97793E-10    9.90748E-05    6.79056E-05    1.30244E-04
 3.07388E-10    9.75162E-05    6.68373E-05    1.28195E-04
 3.17295E-10    9.59817E-05    6.57855E-05    1.26178E-04
 3.27519E-10    9.44717E-05    6.47506E-05    1.24193E-04
 3.38075E-10    9.29851E-05    6.37317E-05    1.22239E-04
 3.48969E-10    9.15223E-05    6.27291E-05    1.20316E-04
 3.60216E-10    9.00821E-05    6.17420E-05    1.18422E-04
 3.71823E-10    8.86650E-05    6.07707E-05    1.16559E-04
 3.83807E-10    8.72698E-05    5.98144E-05    1.14725E-04
 3.96174E-10    8.58968E-05    5.88734E-05    1.12920E-04
 4.08943E-10    8.45452E-05    5.79470E-05    1.11143E-04
 4.22120E-10    8.32151E-05    5.70354E-05    1.09395E-04
 4.35725E-10    8.19057E-05    5.61379E-05    1.07673E-04
 4.49765E-10    8.06171E-05    5.52547E-05    1.05980E-04
 4.64261E-10    7.93486E-05    5.43853E-05    1.04312E-04
 4.79221E-10    7.81002E-05    5.35296E-05    1.02671E-04
 4.94666E-10    7.68713E-05    5.26873E-05    1.01055E-04
 5.10605E-10    7.56619E-05    5.18584E-05    9.94654E-05
 5.27062E-10    7.44714E-05    5.10425E-05    9.79003E-05
 5.44045E-10    7.32998E-05    5.02394E-05    9.63602E-05
 5.61580E-10    7.21464E-05    4.94489E-05    9.48439E-05
 5.79675E-10    7.10113E-05    4.86709E-05    9.33517E-05
 5.98358E-10    6.98940E-05    4.79051E-05    9.18829E-05
 6.17639E-10    6.87944E-05    4.71515E-05    9.04373E-05
 6.37545E-10    6.77119E-05    4.64095E-05    8.90143E-05
 6.58089E-10    6.66466E-05    4.56794E-05    8.76138E-05
 6.79298E-10    6.55979E-05    4.49606E-05    8.62352E-05
 7.01188E-10    6.45659E-05    4.42533E-05    8.48785E-05
 7.23786E-10    6.35499E-05    4.35569E-05    8.35429E-05
 7.47109E-10    6.25501E-05    4.28716E-05    8.22286E-05
 7.71188E-10    6.15659E-05    4.21971E-05    8.09347E-05
 7.96038E-10    6.05973E-05    4.15332E-05    7.96614E-05
 8.21693E-10    5.96438E-05    4.08797E-05    7.84079E-05
 8.48171E-10    5.87054E-05    4.02365E-05    7.71743E-05
 8.75507E-10    5.77817E-05    3.96034E-05    7.59600E-05
 9.03719E-10    5.68727E-05    3.89804E-05    7.47650E-05
 9.32845E-10    5.59778E-05    3.83670E-05    7.35886E-05
 9.62904E-10    5.50971E-05    3.77634E-05    7.24308E-05
 9.93937E-10    5.42301E-05    3.71691E-05    7.12911E-05
 1.02597E-09    5.33770E-05    3.65844E-05    7.01696E-05
 1.05903E-09    5.25371E-05    3.60088E-05    6.90654E-05
 1.09316E-09    5.17105E-05    3.54422E-05    6.79788E-05
 1.12839E-09    5.08969E-05    3.48846E-05    6.69092E-05
 1.16475E-09    5.00961E-05    3.43357E-05    6.58565E-05
 1.20229E-09    4.93078E-05    3.37954E-05    6.48202E-05
 1.24103E-09    4.85321E-05    3.32637E-05    6.38005E-05
 1.28103E-09    4.77685E-05    3.27404E-05    6.27966E-05
 1.32231E-09    4.70169E-05    3.22252E-05    6.18086E-05
 1.36492E-09    4.62771E-05    3.17182E-05    6.08360E-05
 1.40890E-09    4.55491E-05    3.12192E-05    5.98790E-05
 1.45431E-09    4.48324E-05    3.07280E-05    5.89368E-05
 1.50117E-09    4.41270E-05    3.02445E-05    5.80095E-05
 1.54956E-09    4.34327E-05    2.97686E-05    5.70968E-05
 1.59949E-09    4.27494E-05    2.93003E-05    5.61985E-05
 1.65104E-09    4.20767E-05    2.88392E-05    5.53142E-05
 1.70424E-09    4.14148E-05    2.83856E-05    5.44440E-05
 1.75917E-09    4.07631E-05    2.79389E-05    5.35873E-05
 1.81585E-09    4.01218E-05    2.74994E-05    5.27442E-05
 1.87438E-09    3.94906E-05    2.70667E-05    5.19145E-05
 1.93477E-09    3.88693E-05    2.66409E-05    5.10977E-05
 1.99713E-09    3.82577E-05    2.62217E-05    5.02937E-05
 2.06148E-09    3.76559E-05    2.58092E-05    4.95026E-05
 2.12792E-09    3.70635E-05    2.54032E-05    4.87238E-05
 2.19649E-09    3.64805E-05    2.50036E-05    4.79574E-05
 2.26728E-09    3.59066E-05    2.46103E-05    4.72029E-05
 2.34034E-09    3.53419E-05    2.42232E-05    4.64606E-05
 2.41577E-09    3.47860E-05    2.38422E-05    4.57298E-05
 2.49362E-09    3.42391E-05    2.34674E-05    4.50108E-05
 2.57398E-09    3.37007E-05    2.30984E-05    4.43030E-05
 2.65692E-09    3.31710E-05    2.27353E-05    4.36067E-05
 2.74255E-09    3.26496E-05    2.23779E-05    4.29213E-05
 2.83093E-09    3.21367E-05    2.20264E-05    4.22470E-05
 2.92217E-09    3.16319E-05    2.16804E-05    4.15834E-05
 3.01633E-09    3.11353E-05    2.13400E-05    4.09306E-05
 3.11354E-09    3.06467E-05    2.10052E-05    4.02883E-05
 3.21387E-09    3.01660E-05    2.06757E-05    3.96563E-05
 3.31745E-09    2.96930E-05    2.03515E-05    3.90345E-05
 3.42435E-09    2.92278E-05    2.00326E-05    3.84230E-05
 3.53471E-09    2.87701E-05    1.97189E-05    3.78213E-05
 3.64861E-09    2.83199E-05    1.94104E-05    3.72294E-05
 3.76620E-09    2.78770E-05    1.91068E-05    3.66472E-05
 3.88757E-09    2.74413E-05    1.88082E-05    3.60744E-05
 4.01286E-09    2.70125E-05    1.85143E-05    3.55107E-05
 4.14217E-09    2.65906E-05    1.82251E-05    3.49561E-05
 4.27566E-09    2.61753E-05    1.79405E-05    3.44101E-05
 4.41344E-09    2.57667E-05    1.76604E-05    3.38730E-05
 4.55568E-09    2.53643E-05    1.73846E-05    3.33440E-05
 4.70248E-09    2.49681E-05    1.71131E-05    3.28231E-05
 4.85404E-09    2.45780E-05    1.68457E-05    3.23103E-05
 5.01045E-09    2.41938E-05    1.65824E-05    3.18052E-05
 5.17193E-09    2.38152E-05    1.63229E-05    3.13075E-05
 5.33859E-09    2.34424E-05    1.60673E-05    3.08175E-05
 5.51065E-09    2.30751E-05    1.58156E-05    3.03346E-05
 5.68822E-09    2.27134E-05    1.55677E-05    2.98591E-05
 5.87154E-09    2.23570E-05    1.53234E-05    2.93906E-05
 6.06075E-09    2.20060E-05    1.50828E-05    2.89292E-05
 6.25608E-09    2.16603E-05    1.48459E-05    2.84747E-05
 6.45767E-09    2.13200E-05    1.46127E-05    2.80273E-05
 6.66579E-09    2.09848E-05    1.43829E-05    2.75867E-05
 6.88059E-09    2.06548E-05    1.41567E-05    2.71529E-05
 7.10234E-09    2.03299E-05    1.39340E-05    2.67257E-05
 7.33121E-09    2.00102E-05    1.37149E-05    2.63055E-05
 7.56748E-09    1.96954E-05    1.34992E-05    2.58916E-05
 7.81133E-09    1.93855E-05    1.32868E-05    2.54842E-05
 8.06308E-09    1.90805E-05    1.30777E-05    2.50833E-05
 8.32291E-09    1.87803E-05    1.28720E-05    2.46886E-05
 8.59114E-09    1.84848E-05    1.26694E-05    2.43002E-05
 8.86798E-09    1.81940E-05    1.24701E-05    2.39179E-05
 9.15378E-09    1.79077E-05    1.22739E-05    2.35415E-05
 9.44875E-09    1.76260E-05    1.20808E-05    2.31712E-05
 9.75327E-09    1.73486E-05    1.18907E-05    2.28065E-05
 1.00676E-08    1.70757E-05    1.17036E-05    2.24478E-05
 1.03920E-08    1.68070E-05    1.15195E-05    2.20945E-05
 1.07269E-08    1.65426E-05    1.13382E-05    2.17470E-05
 1.10726E-08    1.62823E-05    1.11598E-05    2.14048E-05
 1.14294E-08    1.60261E-05    1.09842E-05    2.10680E-05
 1.17978E-08    1.57740E-05    1.08115E-05    2.07366E-05
 1.21779E-08    1.55258E-05    1.06413E-05    2.04103E-05
 1.25704E-08    1.52815E-05    1.04739E-05    2.00891E-05
 1.29755E-08    1.50411E-05    1.03091E-05    1.97731E-05
 1.33937E-08    1.48044E-05    1.01469E-05    1.94619E-05
 1.38253E-08    1.45715E-05    9.98726E-06    1.91557E-05
 1.42708E-08    1.43422E-05    9.83010E-06    1.88543E-05
 1.47307E-08    1.41166E-05    9.67547E-06    1.85577E-05
 1.52054E-08    1.38944E-05    9.52318E-06    1.82656E-05
 1.56954E-08    1.36758E-05    9.37335E-06    1.79783E-05
 1.62012E-08    1.34607E-05    9.22592E-06    1.76955E-05
 1.67233E-08    1.32489E-05    9.08075E-06    1.74170E-05
 1.72623E-08    1.30404E-05    8.93785E-06    1.71430E-05
 1.78185E-08    1.28351E-05    8.79714E-06    1.68731E-05
 1.83928E-08    1.26331E-05    8.65869E-06    1.66075E-05
 1.89855E-08    1.24341E-05    8.52229E-06    1.63459E-05
 1.95974E-08    1.22381E-05    8.38795E-06    1.60882E-05
 2.02289E-08    1.20450E-05    8.25560E-06    1.58344E-05
 2.08808E-08    1.18546E-05    8.12511E-06    1.55841E-05
 2.15537E-08    1.16670E-05    7.99652E-06    1.53375E-05
 2.22483E-08    1.14825E-05    7.87007E-06    1.50949E-05
 2.29168E-08    1.13135E-05    7.75424E-06    1.48728E-05
 2.36053E-08    1.11482E-05    7.64094E-06    1.46555E-05
 2.42632E-08    1.09983E-05    7.53820E-06    1.44584E-05
 2.49922E-08    1.08409E-05    7.43032E-06    1.42515E-05
 2.52522E-08    1.07868E-05    7.39324E-06    1.41804E-05
 2.53000E-08    1.07770E-05    7.14079E-06    1.44132E-05
 2.60602E-08    1.06247E-05    7.03987E-06    1.42095E-05
 2.69569E-08    1.04536E-05    6.92650E-06    1.39807E-05
 2.80027E-08    1.02629E-05    6.80015E-06    1.37257E-05
 2.92124E-08    1.00505E-05    6.65941E-06    1.34416E-05
 3.04100E-08    9.84779E-06    6.52510E-06    1.31705E-05
 3.14564E-08    9.67761E-06    6.41234E-06    1.29429E-05
 3.24015E-08    9.53055E-06    6.31490E-06    1.27462E-05
 3.33751E-08    9.38633E-06    6.21934E-06    1.25533E-05
 3.43052E-08    9.25540E-06    6.13258E-06    1.23782E-05
 3.53359E-08    9.11747E-06    6.04119E-06    1.21937E-05
 3.63976E-08    8.98221E-06    5.95157E-06    1.20129E-05
 3.75706E-08    8.83980E-06    5.85721E-06    1.18224E-05
 3.86995E-08    8.70917E-06    5.77065E-06    1.16477E-05
 3.98622E-08    8.58096E-06    5.68570E-06    1.14762E-05
 4.10599E-08    8.45520E-06    5.60237E-06    1.13080E-05
 4.23830E-08    8.32277E-06    5.51463E-06    1.11309E-05
 4.38415E-08    8.18336E-06    5.42225E-06    1.09445E-05
 4.53501E-08    8.04553E-06    5.33093E-06    1.07601E-05
 4.68117E-08    7.91822E-06    5.24657E-06    1.05899E-05
 4.82182E-08    7.80176E-06    5.16941E-06    1.04341E-05
 4.96669E-08    7.68774E-06    5.09386E-06    1.02816E-05
 5.12674E-08    7.56766E-06    5.01429E-06    1.01210E-05
 5.31439E-08    7.43297E-06    4.92505E-06    9.94089E-06
 5.49727E-08    7.30733E-06    4.84180E-06    9.77286E-06
 5.66244E-08    7.19910E-06    4.77009E-06    9.62811E-06
 5.82024E-08    7.10080E-06    4.70496E-06    9.49664E-06
 5.99511E-08    6.99738E-06    4.63643E-06    9.35833E-06
 6.20141E-08    6.88121E-06    4.55946E-06    9.20296E-06
 6.44200E-08    6.75136E-06    4.47342E-06    9.02930E-06
 6.66367E-08    6.63669E-06    4.39744E-06    8.87594E-06
 6.84940E-08    6.54518E-06    4.33680E-06    8.75356E-06
 7.04028E-08    6.45603E-06    4.27773E-06    8.63433E-06
 7.25181E-08    6.36247E-06    4.21574E-06    8.50920E-06
 7.51725E-08    6.25055E-06    4.14158E-06    8.35952E-06
 7.82540E-08    6.12550E-06    4.05873E-06    8.19227E-06
 8.07760E-08    6.02738E-06    3.99371E-06    8.06105E-06
 8.30270E-08    5.94429E-06    3.93866E-06    7.94992E-06
 8.51607E-08    5.86988E-06    3.88935E-06    7.85041E-06
 8.77194E-08    5.78534E-06    3.83334E-06    7.73734E-06
 9.13156E-08    5.67173E-06    3.75806E-06    7.58540E-06
 9.50588E-08    5.55736E-06    3.68228E-06    7.43244E-06
 9.79149E-08    5.47385E-06    3.62695E-06    7.32075E-06
 1.00431E-07    5.40430E-06    3.58086E-06    7.22774E-06
 1.03012E-07    5.33710E-06    3.53634E-06    7.13786E-06
 1.06332E-07    5.25530E-06    3.48214E-06    7.02846E-06
 1.11631E-07    5.12983E-06    3.39900E-06    6.86066E-06
 1.15717E-07    5.03609E-06    3.33689E-06    6.73529E-06
 1.18691E-07    4.97106E-06    3.29380E-06    6.64832E-06
 1.21484E-07    4.91344E-06    3.25562E-06    6.57126E-06
 1.24606E-07    4.85286E-06    3.21548E-06    6.49024E-06
 1.29167E-07    4.76902E-06    3.15993E-06    6.37811E-06
 1.36755E-07    4.63392E-06    3.07041E-06    6.19743E-06
 1.40864E-07    4.56345E-06    3.02372E-06    6.10318E-06
 1.44179E-07    4.50966E-06    2.98808E-06    6.03124E-06
 1.47572E-07    4.45807E-06    2.95390E-06    5.96224E-06
 1.51685E-07    4.39932E-06    2.91497E-06    5.88367E-06
 1.60597E-07    4.27768E-06    2.83437E-06    5.72099E-06
 1.67534E-07    4.18521E-06    2.77310E-06    5.59732E-06
 1.71840E-07    4.13066E-06    2.73696E-06    5.52436E-06
 1.75512E-07    4.08709E-06    2.70809E-06    5.46609E-06
 1.79643E-07    4.04122E-06    2.67769E-06    5.40475E-06
 1.86612E-07    3.96810E-06    2.62924E-06    5.30696E-06
 1.99676E-07    3.83437E-06    2.54064E-06    5.12810E-06
 2.05240E-07    3.77970E-06    2.50441E-06    5.05499E-06
 2.09626E-07    3.73931E-06    2.47765E-06    5.00097E-06
 2.14106E-07    3.70089E-06    2.45219E-06    4.94959E-06
 2.21007E-07    3.64541E-06    2.41543E-06    4.87539E-06
 2.40513E-07    3.49361E-06    2.31485E-06    4.67237E-06
 2.46694E-07    3.44734E-06    2.28419E-06    4.61049E-06
 2.51433E-07    3.41400E-06    2.26210E-06    4.56590E-06
 2.56806E-07    3.37888E-06    2.23883E-06    4.51893E-06
 2.64522E-07    3.33182E-06    2.20765E-06    4.45599E-06
 2.90314E-07    3.17955E-06    2.10675E-06    4.25235E-06
 2.97775E-07    3.13731E-06    2.07877E-06    4.19585E-06
 3.03497E-07    3.10715E-06    2.05878E-06    4.15552E-06
 3.09982E-07    3.07559E-06    2.03787E-06    4.11331E-06
 3.22008E-07    3.02079E-06    2.00156E-06    4.04002E-06
 3.51170E-07    2.89041E-06    1.91517E-06    3.86565E-06
 3.58675E-07    2.85831E-06    1.89390E-06    3.82272E-06
 3.64794E-07    2.83388E-06    1.87772E-06    3.79004E-06
 3.71803E-07    2.80800E-06    1.86057E-06    3.75543E-06
 3.86227E-07    2.75820E-06    1.82757E-06    3.68883E-06
 4.23886E-07    2.63046E-06    1.74293E-06    3.51799E-06
 4.32945E-07    2.60125E-06    1.72358E-06    3.47892E-06
 4.40331E-07    2.57927E-06    1.70901E-06    3.44953E-06
 4.49741E-07    2.55354E-06    1.69196E-06    3.41512E-06
 5.07348E-07    2.40477E-06    1.59339E-06    3.21615E-06
 5.18190E-07    2.37775E-06    1.57549E-06    3.18001E-06
 5.27031E-07    2.35732E-06    1.56195E-06    3.15269E-06
 5.37158E-07    2.33597E-06    1.54780E-06    3.12414E-06
 5.73547E-07    2.26439E-06    1.50037E-06    3.02841E-06
 6.16300E-07    2.18100E-06    1.44512E-06    2.91688E-06
 6.26814E-07    2.16152E-06    1.43221E-06    2.89083E-06
 6.36162E-07    2.14556E-06    1.42164E-06    2.86948E-06
 6.48383E-07    2.12646E-06    1.40898E-06    2.84394E-06
 7.40777E-07    1.98937E-06    1.31815E-06    2.66059E-06
 7.53414E-07    1.97169E-06    1.30643E-06    2.63695E-06
 7.63034E-07    1.95950E-06    1.29836E-06    2.62064E-06
 7.76051E-07    1.94473E-06    1.28857E-06    2.60089E-06
 9.77208E-07    1.73352E-06    1.14862E-06    2.31842E-06
 9.93879E-07    1.71677E-06    1.13752E-06    2.29602E-06
 1.00657E-06    1.70509E-06    1.12978E-06    2.28040E-06
 1.02797E-06    1.68731E-06    1.11800E-06    2.25662E-06
 1.08722E-06    1.64039E-06    1.08691E-06    2.19387E-06
 1.11028E-06    1.62393E-06    1.07601E-06    2.17185E-06
 1.30441E-06    1.49825E-06    9.92733E-07    2.00377E-06
 1.34147E-06    1.47770E-06    9.79117E-07    1.97628E-06
 1.57594E-06    1.36282E-06    9.02998E-07    1.82264E-06
 1.66678E-06    1.32748E-06    8.79582E-07    1.77538E-06
 1.90410E-06    1.23973E-06    8.21439E-07    1.65802E-06
 2.31670E-06    1.12519E-06    7.45545E-07    1.50483E-06
 2.33970E-06    1.12207E-06    7.43478E-07    1.50066E-06
 2.35323E-06    1.12446E-06    7.45062E-07    1.50386E-06
 2.36832E-06    1.13303E-06    8.36074E-07    1.42999E-06
 2.38497E-06    1.14932E-06    8.48095E-07    1.45055E-06
 2.42706E-06    1.20381E-06    8.88304E-07    1.51932E-06
 2.73406E-06    1.61922E-06    1.19484E-06    2.04360E-06
 2.77263E-06    1.67891E-06    1.23888E-06    2.11894E-06
 3.28022E-06    2.56813E-06    1.89505E-06    3.24121E-06
 3.32650E-06    2.65975E-06    1.96266E-06    3.35684E-06
 3.96306E-06    4.13930E-06    3.05443E-06    5.22417E-06
 4.01897E-06    4.29539E-06    3.16961E-06    5.42117E-06
 4.75474E-06    6.56223E-06    4.84234E-06    8.28212E-06
 4.82182E-06    6.80397E-06    5.02072E-06    8.58722E-06
 5.72469E-06    1.04910E-05    7.74142E-06    1.32406E-05
 5.78505E-06    1.07780E-05    7.95320E-06    1.36028E-05
 6.89241E-06    1.67720E-05    1.23762E-05    2.11678E-05
 6.98965E-06    1.74147E-05    1.28505E-05    2.19789E-05
 8.26927E-06    2.65923E-05    1.96227E-05    3.35619E-05
 8.32719E-06    2.70528E-05    1.99625E-05    3.41431E-05
 9.92117E-06    4.21703E-05    3.11179E-05    5.32227E-05
 9.99066E-06    4.28690E-05    3.16335E-05    5.41045E-05
 1.02031E-05    4.54350E-05    3.35269E-05    5.73431E-05
 1.17276E-05    6.43070E-05    4.74528E-05    8.11612E-05
 1.18000E-05    6.49187E-05    5.14563E-05    7.83811E-05
 1.18416E-05    6.50066E-05    5.15260E-05    7.84872E-05
 1.21353E-05    6.41592E-05    5.08543E-05    7.74641E-05
 1.44582E-05    5.67964E-05    4.50184E-05    6.85744E-05
 1.73465E-05    5.01559E-05    3.97549E-05    6.05569E-05
 2.09574E-05    4.40816E-05    3.49403E-05    5.32229E-05
 2.51440E-05    3.89232E-05    3.08516E-05    4.69948E-05
 3.01668E-05    3.43721E-05    2.72443E-05    4.14999E-05
 3.64484E-05    3.02121E-05    2.39469E-05    3.64773E-05
 4.37295E-05    2.66753E-05    2.11436E-05    3.22070E-05
 5.24650E-05    2.35550E-05    1.86703E-05    2.84397E-05
 6.33866E-05    2.07077E-05    1.64135E-05    2.50019E-05
 7.60489E-05    1.82850E-05    1.44932E-05    2.20768E-05
 1.00389E-04    1.51210E-05    1.19853E-05    1.82567E-05
 1.10304E-04    1.40934E-05    1.11708E-05    1.70160E-05
 1.31826E-04    1.23193E-05    9.76461E-06    1.48740E-05
 1.58160E-04    1.07445E-05    8.51638E-06    1.29726E-05
 1.91093E-04    9.32060E-06    7.38776E-06    1.12534E-05
 2.29266E-04    8.12623E-06    6.44107E-06    9.81139E-06
 2.74850E-04    7.09160E-06    5.62100E-06    8.56221E-06
 3.32082E-04    6.15182E-06    4.87610E-06    7.42754E-06
 3.98107E-04    5.36643E-06    4.25358E-06    6.47928E-06
 4.77635E-04    4.68064E-06    3.71000E-06    5.65128E-06
 5.77092E-04    4.06037E-06    3.21836E-06    4.90238E-06
 6.90393E-04    3.54824E-06    2.81243E-06    4.28405E-06
 8.31765E-04    3.08421E-06    2.44463E-06    3.72379E-06
 9.72060E-04    3.07013E-06    2.43347E-06    3.70679E-06
 9.99681E-04    2.69007E-06    2.13222E-06    3.24792E-06
 1.00144E-03    2.68221E-06    2.12599E-06    3.23843E-06
 1.10000E-03    2.50044E-06    1.87367E-06    3.12721E-06
 2.00000E-03    1.62505E-06    1.21771E-06    2.03239E-06
 5.00000E-03    9.28620E-07    7.00242E-07    1.15700E-06
 1.00000E-02    6.86800E-07    5.17893E-07    8.55707E-07
 2.00000E-02    5.36810E-07    4.29904E-07    6.43716E-07
 5.00000E-02    3.82000E-07    3.05924E-07    4.58076E-07
 1.00000E-01    2.60190E-07    2.08373E-07    3.12007E-07
 2.00000E-01    2.23930E-07    1.62317E-07    2.85543E-07
 3.00000E-01    2.31980E-07    1.68152E-07    2.95808E-07
 4.00000E-01    2.53370E-07    1.83657E-07    3.23083E-07
 5.03527E-01    2.88510E-07    2.09128E-07    3.67892E-07
 6.00000E-01    3.26200E-07    2.31229E-07    4.21171E-07
 6.99969E-01    3.75500E-07    2.66176E-07    4.84824E-07
 8.00000E-01    4.34690E-07    3.08133E-07    5.61247E-07
 9.00000E-01    5.16060E-07    3.65812E-07    6.66308E-07
 1.00000E+00    6.29990E-07    4.65019E-07    7.94961E-07
 1.20846E+00    9.01590E-07    6.65497E-07    1.13768E-06
 1.40000E+00    1.14063E-06    8.41941E-07    1.43932E-06
 1.60000E+00    1.57503E-06    1.16259E-06    1.98747E-06
 1.80000E+00    2.22967E-06    1.55037E-06    2.90897E-06
 2.00000E+00    3.06257E-06    2.12952E-06    3.99562E-06
 2.20000E+00    4.21479E-06    2.93070E-06    5.49888E-06
 2.40000E+00    5.59048E-06    3.88726E-06    7.29370E-06
 2.60000E+00    7.59225E-06    4.84577E-06    1.03387E-05
 2.80000E+00    1.04501E-05    6.66979E-06    1.42304E-05
 3.00000E+00    1.37835E-05    8.79734E-06    1.87697E-05
 3.20000E+00    1.82504E-05    1.16483E-05    2.48525E-05
 3.40000E+00    2.31409E-05    1.47697E-05    3.15121E-05
 3.60000E+00    2.87239E-05    1.83331E-05    3.91147E-05
 3.82681E+00    3.62995E-05    2.31682E-05    4.94308E-05
 4.00000E+00    4.22783E-05    2.69842E-05    5.75724E-05
 4.20000E+00    5.03019E-05    3.21053E-05    6.84985E-05
 4.40000E+00    5.87168E-05    3.74761E-05    7.99575E-05
 4.60000E+00    6.78687E-05    3.50083E-05    1.00729E-04
 4.80000E+00    7.75586E-05    4.00065E-05    1.15111E-04
 5.03527E+00    8.52150E-05    4.39559E-05    1.26474E-04
 5.20000E+00    9.03077E-05    4.65828E-05    1.34033E-04
 5.40000E+00    9.73633E-05    5.02223E-05    1.44504E-04
 5.60000E+00    1.03309E-04    5.32892E-05    1.53329E-04
 5.84091E+00    1.13175E-04    5.83783E-05    1.67972E-04
 6.00000E+00    1.20004E-04    6.19009E-05    1.78107E-04
 6.20000E+00    1.31874E-04    6.80237E-05    1.95724E-04
 6.40000E+00    1.45273E-04    7.49352E-05    2.15611E-04
 6.60000E+00    1.63354E-04    1.15793E-04    2.10915E-04
 6.80000E+00    1.88750E-04    1.33795E-04    2.43705E-04
 7.00000E+00    2.11083E-04    1.49626E-04    2.72540E-04
 7.25079E+00    2.63132E-04    1.86521E-04    3.39743E-04
 7.40000E+00    2.94798E-04    2.08967E-04    3.80629E-04
 7.60000E+00    3.62068E-04    2.56651E-04    4.67485E-04
 7.80000E+00    4.69924E-04    3.33105E-04    6.06743E-04
 8.00000E+00    5.36182E-04    3.80072E-04    6.92292E-04
 8.50000E+00    8.96628E-04    6.35573E-04    1.15768E-03
 9.00000E+00    1.38701E-03    1.12853E-03    1.64549E-03
 9.50000E+00    2.73085E-03    2.22194E-03    3.23976E-03
 1.00000E+01    4.93894E-03    4.01854E-03    5.85934E-03
 1.01411E+01    5.95840E-03    4.84802E-03    7.06878E-03
 1.02842E+01    6.99230E-03    5.68925E-03    8.29535E-03
 1.04292E+01    8.04078E-03    6.54234E-03    9.53922E-03
 1.05000E+01    8.55208E-03    6.95835E-03    1.01458E-02
 1.06481E+01    1.05623E-02    8.59396E-03    1.25306E-02
 1.07984E+01    1.26008E-02    1.02526E-02    1.49490E-02
 1.09507E+01    1.46681E-02    1.19346E-02    1.74016E-02
 1.10000E+01    1.53370E-02    1.24789E-02    1.81951E-02
 1.11552E+01    1.85562E-02    1.50981E-02    2.20143E-02
 1.13126E+01    2.18208E-02    1.77544E-02    2.58872E-02
 1.14722E+01    2.51315E-02    2.04481E-02    2.98149E-02
 1.15000E+01    2.57088E-02    2.09178E-02    3.04998E-02
 1.16622E+01    3.19055E-02    2.59597E-02    3.78513E-02
 1.18268E+01    3.81896E-02    3.10728E-02    4.53064E-02
 1.19936E+01    4.45624E-02    3.62579E-02    5.28669E-02
 1.20000E+01    4.48056E-02    3.64558E-02    5.31554E-02
 1.21693E+01    5.37999E-02    4.37740E-02    6.38258E-02
 1.23410E+01    6.29211E-02    5.11954E-02    7.46468E-02
 1.25000E+01    7.13691E-02    5.80691E-02    8.46691E-02
 1.26764E+01    8.68144E-02    7.06360E-02    1.02993E-01
 1.28552E+01    1.02478E-01    8.33806E-02    1.21575E-01
 1.30000E+01    1.15160E-01    9.65651E-02    1.33755E-01
 1.31834E+01    1.35113E-01    1.13296E-01    1.56930E-01
 1.33694E+01    1.55347E-01    1.30263E-01    1.80431E-01
 1.35000E+01    1.69555E-01    1.42177E-01    1.96933E-01
 1.36905E+01    1.99510E-01    1.67295E-01    2.31725E-01
 1.38836E+01    2.29888E-01    1.92768E-01    2.67008E-01
 1.40000E+01    2.48194E-01    2.08118E-01    2.88270E-01
 1.41975E+01    2.85529E-01    2.39425E-01    3.31634E-01
 1.43978E+01    3.23390E-01    2.71172E-01    3.75608E-01
 1.45000E+01    3.42705E-01    2.87368E-01    3.98042E-01
 1.47046E+01    3.88371E-01    3.25661E-01    4.51081E-01
 1.49120E+01    4.34681E-01    3.64493E-01    5.04869E-01
 1.50000E+01    4.54320E-01    3.80961E-01    5.27679E-01
 1.52116E+01    5.14033E-01    4.31032E-01    5.97034E-01
 1.54262E+01    5.74588E-01    4.81809E-01    6.67367E-01
 1.56439E+01    6.35998E-01    5.33303E-01    7.38693E-01
 1.58646E+01    6.98274E-01    5.85523E-01    8.11025E-01
 1.60000E+01    7.36487E-01    6.36908E-01    8.36066E-01
 1.62257E+01    7.95717E-01    6.88129E-01    9.03305E-01
 1.64546E+01    8.55783E-01    7.40074E-01    9.71492E-01
 1.66868E+01    9.16697E-01    7.92752E-01    1.04064E+00
 1.69222E+01    9.78469E-01    8.46172E-01    1.11077E+00
 1.70000E+01    9.98880E-01    8.63823E-01    1.13394E+00
 1.72398E+01    1.06441E+00    9.20494E-01    1.20833E+00
 1.74831E+01    1.13087E+00    9.77964E-01    1.28377E+00
 1.77297E+01    1.19826E+00    1.03625E+00    1.36028E+00
 1.79799E+01    1.26661E+00    1.09535E+00    1.43786E+00
 1.80000E+01    1.27211E+00    1.10011E+00    1.44411E+00
 1.82539E+01    1.35325E+00    1.17028E+00    1.53622E+00
 1.85115E+01    1.43554E+00    1.24144E+00    1.62963E+00
 1.87726E+01    1.51898E+00    1.31360E+00    1.72436E+00
 1.90000E+01    1.59163E+00    1.37643E+00    1.80683E+00
 1.92681E+01    1.70224E+00    1.47209E+00    1.93240E+00
 1.95399E+01    1.81442E+00    1.56909E+00    2.05974E+00
 1.98156E+01    1.92817E+00    1.66747E+00    2.18888E+00
 2.00000E+01    2.00428E+00    1.75808E+00    2.25048E+00
 2.02822E+01    2.14291E+00    1.87967E+00    2.40614E+00
 2.05683E+01    2.28349E+00    2.00299E+00    2.56399E+00
 2.08585E+01    2.42606E+00    2.12804E+00    2.72407E+00
 2.10000E+01    2.49558E+00    2.18902E+00    2.80214E+00
 2.12963E+01    2.71998E+00    2.38586E+00    3.05410E+00
 2.15967E+01    2.94755E+00    2.58548E+00    3.30963E+00
 2.19014E+01    3.17833E+00    2.78791E+00    3.56875E+00
 2.20000E+01    3.25300E+00    2.85340E+00    3.65260E+00
 2.23104E+01    3.51810E+00    3.08594E+00    3.95026E+00
 2.26251E+01    3.78694E+00    3.32176E+00    4.25213E+00
 2.29443E+01    4.05958E+00    3.56090E+00    4.55826E+00
 2.30000E+01    4.10712E+00    3.60260E+00    4.61164E+00
 2.33245E+01    4.19580E+00    3.68039E+00    4.71121E+00
 2.36536E+01    4.28572E+00    3.75927E+00    4.81218E+00
 2.39873E+01    4.37692E+00    3.83926E+00    4.91458E+00
 2.40000E+01    4.38040E+00    3.93955E+00    4.82125E+00
 2.43386E+01    4.34162E+00    3.90467E+00    4.77858E+00
 2.46820E+01    4.30230E+00    3.86931E+00    4.73529E+00
 2.50000E+01    4.26588E+00    3.83655E+00    4.69521E+00
 2.53527E+01    4.10494E+00    3.69181E+00    4.51807E+00
 2.57104E+01    3.94173E+00    3.54503E+00    4.33844E+00
 2.60000E+01    3.80958E+00    3.42617E+00    4.19299E+00
 2.63668E+01    3.38215E+00    3.04176E+00    3.72253E+00
 2.67388E+01    2.94868E+00    2.65192E+00    3.24545E+00
 2.70000E+01    2.64432E+00    2.37819E+00    2.91045E+00
 2.73809E+01    2.42780E+00    2.18346E+00    2.67214E+00
 2.77672E+01    2.20823E+00    1.98598E+00    2.43047E+00
 2.80000E+01    2.07591E+00    1.86699E+00    2.28483E+00
 2.83950E+01    1.88280E+00    1.69331E+00    2.07229E+00
 2.87956E+01    1.68697E+00    1.51719E+00    1.85675E+00
 2.90000E+01    1.58707E+00    1.42734E+00    1.74680E+00
 2.94091E+01    1.53071E+00    1.37666E+00    1.68477E+00
 2.98240E+01    1.47357E+00    1.32526E+00    1.62187E+00
 3.00000E+01    1.44933E+00    1.30347E+00    1.59519E+00
