# n + Eu  0 : (n,a)
# jendl4.0   N.Iwamoto                         EVAL-Nov09
# uncertainties: n
# # energies =  1754
#   E(MeV)          xs(mb) 
 1.00000E-11    2.89624E-01
 1.03223E-11    2.85065E-01
 1.06549E-11    2.80581E-01
 1.09984E-11    2.76165E-01
 1.13527E-11    2.71821E-01
 1.17186E-11    2.67543E-01
 1.20962E-11    2.63334E-01
 1.24861E-11    2.59189E-01
 1.28884E-11    2.55112E-01
 1.33038E-11    2.51097E-01
 1.37325E-11    2.47147E-01
 1.41751E-11    2.43258E-01
 1.46318E-11    2.39430E-01
 1.51034E-11    2.35662E-01
 1.55901E-11    2.31955E-01
 1.60926E-11    2.28304E-01
 1.66111E-11    2.24713E-01
 1.71465E-11    2.21176E-01
 1.76990E-11    2.17696E-01
 1.82694E-11    2.14270E-01
 1.88581E-11    2.10899E-01
 1.94659E-11    2.07580E-01
 2.00931E-11    2.04314E-01
 2.07407E-11    2.01099E-01
 2.14090E-11    1.97935E-01
 2.20991E-11    1.94820E-01
 2.28111E-11    1.91754E-01
 2.35464E-11    1.88737E-01
 2.43051E-11    1.85767E-01
 2.50884E-11    1.82844E-01
 2.58968E-11    1.79967E-01
 2.67315E-11    1.77135E-01
 2.75928E-11    1.74348E-01
 2.84822E-11    1.71604E-01
 2.93999E-11    1.68904E-01
 3.03475E-11    1.66246E-01
 3.13253E-11    1.63630E-01
 3.23350E-11    1.61055E-01
 3.33769E-11    1.58520E-01
 3.44526E-11    1.56026E-01
 3.55627E-11    1.53571E-01
 3.67089E-11    1.51153E-01
 3.78918E-11    1.48775E-01
 3.91130E-11    1.46434E-01
 4.03734E-11    1.44129E-01
 4.16746E-11    1.41861E-01
 4.30174E-11    1.39629E-01
 4.44039E-11    1.37431E-01
 4.58347E-11    1.35269E-01
 4.73119E-11    1.33140E-01
 4.88364E-11    1.31045E-01
 5.04104E-11    1.28982E-01
 5.20348E-11    1.26952E-01
 5.37119E-11    1.24954E-01
 5.54426E-11    1.22988E-01
 5.72295E-11    1.21052E-01
 5.90736E-11    1.19147E-01
 6.09775E-11    1.17271E-01
 6.29424E-11    1.15426E-01
 6.49710E-11    1.13609E-01
 6.70645E-11    1.11821E-01
 6.92260E-11    1.10061E-01
 7.14566E-11    1.08329E-01
 7.37596E-11    1.06624E-01
 7.61364E-11    1.04945E-01
 7.85902E-11    1.03294E-01
 8.11227E-11    1.01668E-01
 8.37372E-11    1.00067E-01
 8.64355E-11    9.84922E-02
 8.92212E-11    9.69420E-02
 9.20962E-11    9.54159E-02
 9.50644E-11    9.39139E-02
 9.81277E-11    9.24359E-02
 1.01291E-10    9.09805E-02
 1.04554E-10    8.95486E-02
 1.07924E-10    8.81383E-02
 1.11402E-10    8.67510E-02
 1.14992E-10    8.53852E-02
 1.18697E-10    8.40414E-02
 1.22523E-10    8.27176E-02
 1.26471E-10    8.14158E-02
 1.30547E-10    8.01335E-02
 1.34754E-10    7.88722E-02
 1.39097E-10    7.76303E-02
 1.43579E-10    7.64079E-02
 1.48207E-10    7.52049E-02
 1.52982E-10    7.40209E-02
 1.57913E-10    7.28549E-02
 1.63001E-10    7.17078E-02
 1.68254E-10    7.05785E-02
 1.73676E-10    6.94673E-02
 1.79274E-10    6.83729E-02
 1.85050E-10    6.72964E-02
 1.91014E-10    6.62364E-02
 1.97169E-10    6.51932E-02
 2.03524E-10    6.41664E-02
 2.10082E-10    6.31560E-02
 2.16853E-10    6.21610E-02
 2.23840E-10    6.11819E-02
 2.31055E-10    6.02181E-02
 2.38500E-10    5.92697E-02
 2.46187E-10    5.83356E-02
 2.54120E-10    5.74169E-02
 2.62310E-10    5.65120E-02
 2.70762E-10    5.56215E-02
 2.79489E-10    5.47452E-02
 2.88494E-10    5.38824E-02
 2.97793E-10    5.30333E-02
 3.07388E-10    5.21976E-02
 3.17295E-10    5.13746E-02
 3.27519E-10    5.05652E-02
 3.38075E-10    4.97681E-02
 3.48969E-10    4.89837E-02
 3.60216E-10    4.82114E-02
 3.71823E-10    4.74514E-02
 3.83807E-10    4.67032E-02
 3.96174E-10    4.59668E-02
 4.08943E-10    4.52419E-02
 4.22120E-10    4.45285E-02
 4.35725E-10    4.38262E-02
 4.49765E-10    4.31350E-02
 4.64261E-10    4.24545E-02
 4.79221E-10    4.17848E-02
 4.94666E-10    4.11255E-02
 5.10605E-10    4.04767E-02
 5.27062E-10    3.98378E-02
 5.44045E-10    3.92092E-02
 5.61580E-10    3.85903E-02
 5.79675E-10    3.79812E-02
 5.98358E-10    3.73815E-02
 6.17639E-10    3.67913E-02
 6.37545E-10    3.62103E-02
 6.58089E-10    3.56384E-02
 6.79298E-10    3.50754E-02
 7.01188E-10    3.45214E-02
 7.23786E-10    3.39758E-02
 7.47109E-10    3.34390E-02
 7.71188E-10    3.29104E-02
 7.96038E-10    3.23902E-02
 8.21693E-10    3.18780E-02
 8.48171E-10    3.13739E-02
 8.75507E-10    3.08776E-02
 9.03719E-10    3.03892E-02
 9.32845E-10    2.99083E-02
 9.62904E-10    2.94349E-02
 9.93937E-10    2.89689E-02
 1.02597E-09    2.85102E-02
 1.05903E-09    2.80586E-02
 1.09316E-09    2.76141E-02
 1.12839E-09    2.71765E-02
 1.16475E-09    2.67457E-02
 1.20229E-09    2.63216E-02
 1.24103E-09    2.59041E-02
 1.28103E-09    2.54930E-02
 1.32231E-09    2.50885E-02
 1.36492E-09    2.46901E-02
 1.40890E-09    2.42979E-02
 1.45431E-09    2.39118E-02
 1.50117E-09    2.35317E-02
 1.54956E-09    2.31574E-02
 1.59949E-09    2.27890E-02
 1.65104E-09    2.24263E-02
 1.70424E-09    2.20691E-02
 1.75917E-09    2.17175E-02
 1.81585E-09    2.13713E-02
 1.87438E-09    2.10303E-02
 1.93477E-09    2.06947E-02
 1.99713E-09    2.03642E-02
 2.06148E-09    2.00388E-02
 2.12792E-09    1.97183E-02
 2.19649E-09    1.94028E-02
 2.26728E-09    1.90921E-02
 2.34034E-09    1.87861E-02
 2.41577E-09    1.84847E-02
 2.49362E-09    1.81880E-02
 2.57398E-09    1.78957E-02
 2.65692E-09    1.76079E-02
 2.74255E-09    1.73244E-02
 2.83093E-09    1.70452E-02
 2.92217E-09    1.67701E-02
 3.01633E-09    1.64993E-02
 3.11354E-09    1.62324E-02
 3.21387E-09    1.59696E-02
 3.31745E-09    1.57107E-02
 3.42435E-09    1.54556E-02
 3.53471E-09    1.52042E-02
 3.64861E-09    1.49566E-02
 3.76620E-09    1.47126E-02
 3.88757E-09    1.44721E-02
 4.01286E-09    1.42352E-02
 4.14217E-09    1.40018E-02
 4.27566E-09    1.37716E-02
 4.41344E-09    1.35449E-02
 4.55568E-09    1.33213E-02
 4.70248E-09    1.31010E-02
 4.85404E-09    1.28837E-02
 5.01045E-09    1.26697E-02
 5.17193E-09    1.24585E-02
 5.33859E-09    1.22504E-02
 5.51065E-09    1.20451E-02
 5.68822E-09    1.18427E-02
 5.87154E-09    1.16431E-02
 6.06075E-09    1.14461E-02
 6.25608E-09    1.12519E-02
 6.45767E-09    1.10602E-02
 6.66579E-09    1.08710E-02
 6.88059E-09    1.06843E-02
 7.10234E-09    1.05000E-02
 7.33121E-09    1.03181E-02
 7.56748E-09    1.01384E-02
 7.81133E-09    9.96092E-03
 8.06308E-09    9.78559E-03
 8.32291E-09    9.61240E-03
 8.59114E-09    9.44123E-03
 8.86798E-09    9.27209E-03
 9.15378E-09    9.10492E-03
 9.44875E-09    8.93967E-03
 9.75327E-09    8.77628E-03
 1.00463E-08    8.62550E-03
 1.03482E-08    8.47630E-03
 1.06591E-08    8.32869E-03
 1.09793E-08    8.18256E-03
 1.13092E-08    8.03792E-03
 1.16490E-08    7.89472E-03
 1.19990E-08    7.75295E-03
 1.23596E-08    7.61257E-03
 1.27309E-08    7.47349E-03
 1.31134E-08    7.33572E-03
 1.35074E-08    7.19921E-03
 1.39133E-08    7.06395E-03
 1.43313E-08    6.92986E-03
 1.47619E-08    6.79701E-03
 1.52054E-08    6.66528E-03
 1.56623E-08    6.53468E-03
 1.61329E-08    6.40522E-03
 1.66176E-08    6.27683E-03
 1.71169E-08    6.14954E-03
 1.76312E-08    6.02333E-03
 1.81225E-08    5.90709E-03
 1.86276E-08    5.79171E-03
 1.91468E-08    5.67728E-03
 1.96804E-08    5.56363E-03
 2.02289E-08    5.45091E-03
 2.07927E-08    5.33896E-03
 2.13721E-08    5.22787E-03
 2.19678E-08    5.11758E-03
 2.25800E-08    5.00815E-03
 2.32094E-08    4.89955E-03
 2.38058E-08    4.80007E-03
 2.44176E-08    4.70134E-03
 2.50451E-08    4.60338E-03
 2.52522E-08    4.57176E-03
 2.53000E-08    4.56452E-03
 2.59502E-08    4.46776E-03
 2.66171E-08    4.37186E-03
 2.73011E-08    4.27684E-03
 2.79436E-08    4.19054E-03
 2.86011E-08    4.10500E-03
 2.92743E-08    4.02029E-03
 2.99631E-08    3.93640E-03
 3.06683E-08    3.85331E-03
 3.13899E-08    3.77108E-03
 3.21286E-08    3.68970E-03
 3.28846E-08    3.60925E-03
 3.35874E-08    3.53689E-03
 3.43052E-08    3.46528E-03
 3.50383E-08    3.39447E-03
 3.57870E-08    3.32448E-03
 3.65518E-08    3.25530E-03
 3.73330E-08    3.18695E-03
 3.81308E-08    3.11945E-03
 3.89456E-08    3.05285E-03
 3.97779E-08    2.98710E-03
 4.05423E-08    2.92866E-03
 4.13211E-08    2.87100E-03
 4.21151E-08    2.81402E-03
 4.29242E-08    2.75786E-03
 4.37490E-08    2.70240E-03
 4.45894E-08    2.64779E-03
 4.54462E-08    2.59394E-03
 4.63193E-08    2.54097E-03
 4.72093E-08    2.48879E-03
 4.80147E-08    2.44318E-03
 4.88338E-08    2.39823E-03
 4.96669E-08    2.35401E-03
 5.05143E-08    2.31047E-03
 5.13760E-08    2.26763E-03
 5.22525E-08    2.22552E-03
 5.31439E-08    2.18410E-03
 5.40506E-08    2.14340E-03
 5.49727E-08    2.10341E-03
 5.59105E-08    2.06410E-03
 5.68644E-08    2.02553E-03
 5.78345E-08    1.98764E-03
 5.88211E-08    1.95048E-03
 5.98246E-08    1.91399E-03
 6.08452E-08    1.87824E-03
 6.18833E-08    1.84317E-03
 6.29390E-08    1.80883E-03
 6.40127E-08    1.77521E-03
 6.51048E-08    1.74229E-03
 6.62155E-08    1.71013E-03
 6.72027E-08    1.68255E-03
 6.82050E-08    1.65555E-03
 6.92219E-08    1.62908E-03
 7.02543E-08    1.60316E-03
 7.13017E-08    1.57778E-03
 7.23651E-08    1.55294E-03
 7.34440E-08    1.52862E-03
 7.45394E-08    1.50486E-03
 7.56507E-08    1.48163E-03
 7.67790E-08    1.45893E-03
 7.79237E-08    1.43680E-03
 7.90859E-08    1.41516E-03
 8.02650E-08    1.39410E-03
 8.14621E-08    1.37354E-03
 8.26766E-08    1.35351E-03
 8.39097E-08    1.33396E-03
 8.51607E-08    1.31493E-03
 8.64308E-08    1.29637E-03
 8.77194E-08    1.27830E-03
 8.90277E-08    1.26069E-03
 9.03551E-08    1.24354E-03
 9.17026E-08    1.22684E-03
 9.30698E-08    1.21059E-03
 9.44579E-08    1.19482E-03
 9.58662E-08    1.17949E-03
 9.72960E-08    1.16462E-03
 9.87466E-08    1.15023E-03
 1.00219E-07    1.13632E-03
 1.01714E-07    1.12288E-03
 1.03230E-07    1.10998E-03
 1.04770E-07    1.09759E-03
 1.06332E-07    1.08571E-03
 1.07917E-07    1.07437E-03
 1.09527E-07    1.06352E-03
 1.11160E-07    1.05315E-03
 1.13056E-07    1.04185E-03
 1.14985E-07    1.03106E-03
 1.16947E-07    1.02074E-03
 1.18942E-07    1.01087E-03
 1.20971E-07    1.00143E-03
 1.23035E-07    9.92498E-04
 1.24870E-07    9.85118E-04
 1.26731E-07    9.78231E-04
 1.28622E-07    9.71823E-04
 1.30539E-07    9.65898E-04
 1.32766E-07    9.59737E-04
 1.35031E-07    9.54148E-04
 1.37335E-07    9.49111E-04
 1.39678E-07    9.44659E-04
 1.41761E-07    9.41238E-04
 1.44028E-07    9.38126E-04
 1.46332E-07    9.35589E-04
 1.48514E-07    9.33760E-04
 1.49776E-07    9.32942E-04
 1.52009E-07    9.31900E-04
 1.54276E-07    9.31376E-04
 1.56577E-07    9.31401E-04
 1.58911E-07    9.31984E-04
 1.61281E-07    9.33203E-04
 1.63686E-07    9.35055E-04
 1.66127E-07    9.37553E-04
 1.68604E-07    9.40699E-04
 1.71118E-07    9.44505E-04
 1.73670E-07    9.49011E-04
 1.75887E-07    9.53478E-04
 1.78133E-07    9.58544E-04
 1.80407E-07    9.64248E-04
 1.82710E-07    9.70630E-04
 1.85043E-07    9.77695E-04
 1.87406E-07    9.85476E-04
 1.89799E-07    9.94019E-04
 1.92222E-07    1.00335E-03
 1.94266E-07    1.01179E-03
 1.96330E-07    1.02084E-03
 1.98417E-07    1.03052E-03
 2.00526E-07    1.04086E-03
 2.02657E-07    1.05189E-03
 2.04811E-07    1.06362E-03
 2.06988E-07    1.07611E-03
 2.09188E-07    1.08942E-03
 2.11412E-07    1.10363E-03
 2.13207E-07    1.11570E-03
 2.15018E-07    1.12847E-03
 2.16845E-07    1.14196E-03
 2.18687E-07    1.15625E-03
 2.20544E-07    1.17136E-03
 2.22417E-07    1.18738E-03
 2.24307E-07    1.20432E-03
 2.26212E-07    1.22225E-03
 2.27651E-07    1.23641E-03
 2.29100E-07    1.25117E-03
 2.30558E-07    1.26658E-03
 2.32025E-07    1.28269E-03
 2.33501E-07    1.29950E-03
 2.34988E-07    1.31707E-03
 2.36483E-07    1.33542E-03
 2.37988E-07    1.35462E-03
 2.39502E-07    1.37468E-03
 2.41027E-07    1.39567E-03
 2.42560E-07    1.41761E-03
 2.44104E-07    1.44060E-03
 2.45657E-07    1.46464E-03
 2.47221E-07    1.48983E-03
 2.48793E-07    1.51620E-03
 2.50377E-07    1.54386E-03
 2.51970E-07    1.57283E-03
 2.53574E-07    1.60322E-03
 2.55187E-07    1.63507E-03
 2.56812E-07    1.66850E-03
 2.57900E-07    1.69168E-03
 2.58993E-07    1.71562E-03
 2.60091E-07    1.74034E-03
 2.61193E-07    1.76587E-03
 2.62300E-07    1.79223E-03
 2.63412E-07    1.81946E-03
 2.64528E-07    1.84757E-03
 2.65649E-07    1.87659E-03
 2.66775E-07    1.90655E-03
 2.67905E-07    1.93747E-03
 2.69041E-07    1.96938E-03
 2.70181E-07    2.00229E-03
 2.71326E-07    2.03624E-03
 2.72476E-07    2.07123E-03
 2.73631E-07    2.10728E-03
 2.74790E-07    2.14441E-03
 2.75955E-07    2.18262E-03
 2.77124E-07    2.22191E-03
 2.78299E-07    2.26229E-03
 2.79478E-07    2.30373E-03
 2.81256E-07    2.36784E-03
 2.83047E-07    2.43431E-03
 2.84847E-07    2.50291E-03
 2.86660E-07    2.57357E-03
 2.88484E-07    2.64601E-03
 2.90934E-07    2.74505E-03
 2.95898E-07    2.94876E-03
 2.99676E-07    3.10339E-03
 3.02221E-07    3.20585E-03
 3.04788E-07    3.30698E-03
 3.06729E-07    3.38161E-03
 3.08680E-07    3.45484E-03
 3.10645E-07    3.52656E-03
 3.12621E-07    3.59636E-03
 3.14611E-07    3.66400E-03
 3.15944E-07    3.70763E-03
 3.17283E-07    3.74991E-03
 3.18628E-07    3.79069E-03
 3.20000E-07    3.83036E-03
 3.21356E-07    3.86748E-03
 3.22718E-07    3.90249E-03
 3.24086E-07    3.93522E-03
 3.25459E-07    3.96551E-03
 3.26839E-07    3.99323E-03
 3.28224E-07    4.01830E-03
 3.29615E-07    4.04070E-03
 3.31012E-07    4.06045E-03
 3.32414E-07    4.07761E-03
 3.33823E-07    4.09232E-03
 3.35238E-07    4.10475E-03
 3.36659E-07    4.11507E-03
 3.38085E-07    4.12352E-03
 3.40238E-07    4.13319E-03
 3.42402E-07    4.13990E-03
 3.44582E-07    4.14441E-03
 3.47509E-07    4.14800E-03
 3.51946E-07    4.15039E-03
 3.64826E-07    4.15141E-03
 3.73412E-07    4.15244E-03
 3.77380E-07    4.15519E-03
 3.79783E-07    4.15911E-03
 3.81392E-07    4.16348E-03
 3.83009E-07    4.17000E-03
 3.84225E-07    4.17678E-03
 3.85445E-07    4.18569E-03
 3.86670E-07    4.19728E-03
 3.87899E-07    4.21215E-03
 3.88719E-07    4.22425E-03
 3.89543E-07    4.23839E-03
 3.90367E-07    4.25477E-03
 3.91194E-07    4.27376E-03
 3.92021E-07    4.29554E-03
 3.92852E-07    4.32050E-03
 3.93475E-07    4.34144E-03
 3.94099E-07    4.36448E-03
 3.94725E-07    4.38971E-03
 3.95351E-07    4.41724E-03
 3.95979E-07    4.44732E-03
 3.96607E-07    4.47993E-03
 3.97237E-07    4.51526E-03
 3.97867E-07    4.55347E-03
 3.98498E-07    4.59455E-03
 3.99131E-07    4.63873E-03
 3.99765E-07    4.68601E-03
 4.00399E-07    4.73641E-03
 4.01035E-07    4.79020E-03
 4.01671E-07    4.84721E-03
 4.02308E-07    4.90750E-03
 4.02947E-07    4.97125E-03
 4.03586E-07    5.03815E-03
 4.04227E-07    5.10844E-03
 4.04869E-07    5.18192E-03
 4.05511E-07    5.25846E-03
 4.06155E-07    5.33818E-03
 4.06800E-07    5.42068E-03
 4.07229E-07    5.47719E-03
 4.08092E-07    5.59391E-03
 4.08955E-07    5.71461E-03
 4.09822E-07    5.83930E-03
 4.10688E-07    5.96691E-03
 4.11994E-07    6.16307E-03
 4.14867E-07    6.60130E-03
 4.16185E-07    6.79966E-03
 4.17066E-07    6.92965E-03
 4.17949E-07    7.05701E-03
 4.18833E-07    7.18114E-03
 4.19720E-07    7.30140E-03
 4.20609E-07    7.41732E-03
 4.21499E-07    7.52838E-03
 4.22391E-07    7.63419E-03
 4.23285E-07    7.73447E-03
 4.24181E-07    7.82893E-03
 4.25079E-07    7.91748E-03
 4.25979E-07    7.99993E-03
 4.26880E-07    8.07627E-03
 4.27784E-07    8.14661E-03
 4.28690E-07    8.21098E-03
 4.29597E-07    8.26964E-03
 4.30506E-07    8.32271E-03
 4.31418E-07    8.37044E-03
 4.32331E-07    8.41317E-03
 4.33246E-07    8.45118E-03
 4.34163E-07    8.48480E-03
 4.35082E-07    8.51436E-03
 4.36003E-07    8.54016E-03
 4.37387E-07    8.57264E-03
 4.38778E-07    8.59862E-03
 4.40172E-07    8.61908E-03
 4.41103E-07    8.63014E-03
 4.42972E-07    8.64727E-03
 4.44849E-07    8.65905E-03
 4.47681E-07    8.66987E-03
 4.51484E-07    8.67674E-03
 4.58215E-07    8.68012E-03
 4.68999E-07    8.68059E-03
 4.85138E-07    8.67896E-03
 4.90293E-07    8.67380E-03
 4.93414E-07    8.66561E-03
 4.95506E-07    8.65589E-03
 4.97605E-07    8.64081E-03
 4.99186E-07    8.62454E-03
 5.00771E-07    8.60271E-03
 5.01832E-07    8.58418E-03
 5.02893E-07    8.56207E-03
 5.03959E-07    8.53564E-03
 5.05025E-07    8.50438E-03
 5.06095E-07    8.46747E-03
 5.07165E-07    8.42448E-03
 5.07971E-07    8.38757E-03
 5.08777E-07    8.34650E-03
 5.09584E-07    8.30093E-03
 5.10393E-07    8.25037E-03
 5.11203E-07    8.19475E-03
 5.12014E-07    8.13356E-03
 5.12827E-07    8.06659E-03
 5.13640E-07    7.99373E-03
 5.14457E-07    7.91436E-03
 5.15273E-07    7.82861E-03
 5.16090E-07    7.73618E-03
 5.16910E-07    7.63679E-03
 5.17457E-07    7.56675E-03
 5.18003E-07    7.49370E-03
 5.18552E-07    7.41729E-03
 5.19101E-07    7.33787E-03
 5.19650E-07    7.25539E-03
 5.20198E-07    7.16993E-03
 5.20749E-07    7.08118E-03
 5.21301E-07    6.98955E-03
 5.21852E-07    6.89505E-03
 5.22680E-07    6.74798E-03
 5.23510E-07    6.59459E-03
 5.24340E-07    6.43566E-03
 5.25173E-07    6.27121E-03
 5.26007E-07    6.10189E-03
 5.26840E-07    5.92854E-03
 5.27678E-07    5.75093E-03
 5.28515E-07    5.57049E-03
 5.29634E-07    5.32615E-03
 5.32706E-07    4.64870E-03
 5.33833E-07    4.40321E-03
 5.34681E-07    4.22100E-03
 5.35530E-07    4.04185E-03
 5.36095E-07    3.92444E-03
 5.36663E-07    3.80838E-03
 5.37231E-07    3.69434E-03
 5.37799E-07    3.58247E-03
 5.38367E-07    3.47295E-03
 5.38938E-07    3.36545E-03
 5.39365E-07    3.28653E-03
 5.39793E-07    3.20915E-03
 5.40221E-07    3.13334E-03
 5.40649E-07    3.05915E-03
 5.41078E-07    2.98630E-03
 5.41508E-07    2.91516E-03
 5.41938E-07    2.84574E-03
 5.42367E-07    2.77808E-03
 5.42797E-07    2.71220E-03
 5.43228E-07    2.64793E-03
 5.43659E-07    2.58540E-03
 5.44091E-07    2.52470E-03
 5.44522E-07    2.46583E-03
 5.44953E-07    2.40880E-03
 5.45385E-07    2.35354E-03
 5.45819E-07    2.29996E-03
 5.46252E-07    2.24821E-03
 5.46685E-07    2.19829E-03
 5.47118E-07    2.15018E-03
 5.47552E-07    2.10386E-03
 5.47987E-07    2.05912E-03
 5.48422E-07    2.01613E-03
 5.48857E-07    1.97488E-03
 5.49292E-07    1.93532E-03
 5.49727E-07    1.89743E-03
 5.50164E-07    1.86108E-03
 5.50601E-07    1.82629E-03
 5.51037E-07    1.79306E-03
 5.51474E-07    1.76137E-03
 5.51911E-07    1.73118E-03
 5.52349E-07    1.70240E-03
 5.52788E-07    1.67496E-03
 5.53227E-07    1.64889E-03
 5.53665E-07    1.62416E-03
 5.54104E-07    1.60073E-03
 5.54543E-07    1.57853E-03
 5.54984E-07    1.55744E-03
 5.55424E-07    1.53752E-03
 5.55865E-07    1.51872E-03
 5.56306E-07    1.50100E-03
 5.56746E-07    1.48430E-03
 5.57188E-07    1.46855E-03
 5.57631E-07    1.45373E-03
 5.58073E-07    1.43980E-03
 5.58516E-07    1.42675E-03
 5.58958E-07    1.41452E-03
 5.59401E-07    1.40306E-03
 5.59846E-07    1.39231E-03
 5.60290E-07    1.38228E-03
 5.60734E-07    1.37291E-03
 5.61031E-07    1.36703E-03
 5.61623E-07    1.35607E-03
 5.62218E-07    1.34608E-03
 5.62813E-07    1.33703E-03
 5.63408E-07    1.32885E-03
 5.64003E-07    1.32147E-03
 5.64601E-07    1.31478E-03
 5.65199E-07    1.30878E-03
 5.65796E-07    1.30339E-03
 5.66394E-07    1.29857E-03
 5.67294E-07    1.29225E-03
 5.68194E-07    1.28694E-03
 5.69095E-07    1.28248E-03
 5.69999E-07    1.27875E-03
 5.70903E-07    1.27565E-03
 5.71810E-07    1.27309E-03
 5.73020E-07    1.27036E-03
 5.74233E-07    1.26826E-03
 5.76056E-07    1.26602E-03
 5.77887E-07    1.26456E-03
 5.80949E-07    1.26319E-03
 5.84648E-07    1.26250E-03
 5.94622E-07    1.26214E-03
 6.28228E-07    1.26198E-03
 6.34904E-07    1.26140E-03
 6.38946E-07    1.26032E-03
 6.41653E-07    1.25895E-03
 6.43692E-07    1.25735E-03
 6.45735E-07    1.25507E-03
 6.47788E-07    1.25186E-03
 6.49159E-07    1.24907E-03
 6.50533E-07    1.24564E-03
 6.51910E-07    1.24147E-03
 6.53290E-07    1.23643E-03
 6.54327E-07    1.23201E-03
 6.55366E-07    1.22697E-03
 6.56405E-07    1.22126E-03
 6.57447E-07    1.21481E-03
 6.58491E-07    1.20758E-03
 6.59535E-07    1.19949E-03
 6.60583E-07    1.19048E-03
 6.61631E-07    1.18053E-03
 6.62330E-07    1.17334E-03
 6.63032E-07    1.16567E-03
 6.63734E-07    1.15752E-03
 6.64435E-07    1.14891E-03
 6.65137E-07    1.13981E-03
 6.65842E-07    1.13017E-03
 6.66546E-07    1.12003E-03
 6.67251E-07    1.10940E-03
 6.67956E-07    1.09826E-03
 6.68664E-07    1.08658E-03
 6.69371E-07    1.07440E-03
 6.70079E-07    1.06172E-03
 6.70787E-07    1.04857E-03
 6.71497E-07    1.03489E-03
 6.72208E-07    1.02074E-03
 6.72919E-07    1.00616E-03
 6.73629E-07    9.91160E-04
 6.74343E-07    9.75692E-04
 6.75414E-07    9.51793E-04
 6.76484E-07    9.27136E-04
 6.77559E-07    9.01724E-04
 6.78635E-07    8.75770E-04
 6.80071E-07    8.40458E-04
 6.84006E-07    7.42426E-04
 6.85091E-07    7.15693E-04
 6.86179E-07    6.89261E-04
 6.86905E-07    6.71897E-04
 6.87631E-07    6.54789E-04
 6.88358E-07    6.37978E-04
 6.89087E-07    6.21428E-04
 6.89816E-07    6.05241E-04
 6.90546E-07    5.89440E-04
 6.91275E-07    5.74057E-04
 6.91824E-07    5.62763E-04
 6.92374E-07    5.51718E-04
 6.92923E-07    5.40941E-04
 6.93472E-07    5.30438E-04
 6.94021E-07    5.20216E-04
 6.94572E-07    5.10247E-04
 6.95124E-07    5.00553E-04
 6.95676E-07    4.91157E-04
 6.96227E-07    4.82058E-04
 6.96779E-07    4.73256E-04
 6.97331E-07    4.64741E-04
 6.97885E-07    4.56508E-04
 6.98439E-07    4.48577E-04
 6.98993E-07    4.40946E-04
 6.99547E-07    4.33611E-04
 7.00101E-07    4.26577E-04
 7.00657E-07    4.19808E-04
 7.01214E-07    4.13329E-04
 7.01770E-07    4.07134E-04
 7.02326E-07    4.01226E-04
 7.02883E-07    3.95594E-04
 7.03441E-07    3.90215E-04
 7.03999E-07    3.85093E-04
 7.04558E-07    3.80234E-04
 7.05117E-07    3.75627E-04
 7.05675E-07    3.71262E-04
 7.06235E-07    3.67127E-04
 7.06796E-07    3.63215E-04
 7.07357E-07    3.59526E-04
 7.07918E-07    3.56049E-04
 7.08479E-07    3.52778E-04
 7.09040E-07    3.49708E-04
 7.09603E-07    3.46816E-04
 7.10167E-07    3.44106E-04
 7.10730E-07    3.41569E-04
 7.11294E-07    3.39201E-04
 7.11857E-07    3.36992E-04
 7.12422E-07    3.34927E-04
 7.12988E-07    3.33001E-04
 7.13554E-07    3.31215E-04
 7.14308E-07    3.29032E-04
 7.15062E-07    3.27059E-04
 7.15820E-07    3.25273E-04
 7.16578E-07    3.23670E-04
 7.17335E-07    3.22235E-04
 7.18093E-07    3.20950E-04
 7.18854E-07    3.19799E-04
 7.19615E-07    3.18773E-04
 7.20756E-07    3.17446E-04
 7.21900E-07    3.16344E-04
 7.23046E-07    3.15429E-04
 7.24192E-07    3.14676E-04
 7.25727E-07    3.13876E-04
 7.27261E-07    3.13270E-04
 7.28803E-07    3.12816E-04
 7.31117E-07    3.12344E-04
 7.33439E-07    3.12047E-04
 7.36547E-07    3.11819E-04
 7.41236E-07    3.11671E-04
 7.55476E-07    3.11604E-04
 7.91450E-07    3.11599E-04
 8.13510E-07    3.11640E-04
 8.18685E-07    3.11737E-04
 8.22155E-07    3.11891E-04
 8.25639E-07    3.12189E-04
 8.28263E-07    3.12571E-04
 8.30016E-07    3.12939E-04
 8.31773E-07    3.13430E-04
 8.33534E-07    3.14077E-04
 8.35298E-07    3.14916E-04
 8.36624E-07    3.15701E-04
 8.37952E-07    3.16647E-04
 8.39281E-07    3.17776E-04
 8.40614E-07    3.19113E-04
 8.41504E-07    3.20138E-04
 8.42393E-07    3.21280E-04
 8.43283E-07    3.22546E-04
 8.44177E-07    3.23955E-04
 8.45070E-07    3.25507E-04
 8.45963E-07    3.27214E-04
 8.46857E-07    3.29088E-04
 8.47754E-07    3.31149E-04
 8.48651E-07    3.33396E-04
 8.49549E-07    3.35841E-04
 8.50446E-07    3.38496E-04
 8.51347E-07    3.41384E-04
 8.52248E-07    3.44498E-04
 8.52924E-07    3.46988E-04
 8.53600E-07    3.49615E-04
 8.54276E-07    3.52389E-04
 8.54955E-07    3.55315E-04
 8.55634E-07    3.58387E-04
 8.56312E-07    3.61606E-04
 8.56991E-07    3.64977E-04
 8.57670E-07    3.68501E-04
 8.58351E-07    3.72193E-04
 8.59033E-07    3.76038E-04
 8.59714E-07    3.80039E-04
 8.60396E-07    3.84195E-04
 8.61304E-07    3.89974E-04
 8.62217E-07    3.96046E-04
 8.63129E-07    4.02386E-04
 8.64042E-07    4.08982E-04
 8.64955E-07    4.15826E-04
 8.65871E-07    4.22940E-04
 8.66787E-07    4.30279E-04
 8.67704E-07    4.37829E-04
 8.68620E-07    4.45577E-04
 8.69540E-07    4.53538E-04
 8.70921E-07    4.65769E-04
 8.72301E-07    4.78290E-04
 8.74150E-07    4.95378E-04
 8.78277E-07    5.33924E-04
 8.80134E-07    5.50991E-04
 8.81533E-07    5.63559E-04
 8.82932E-07    5.75802E-04
 8.84332E-07    5.87658E-04
 8.85737E-07    5.99094E-04
 8.86674E-07    6.06429E-04
 8.87610E-07    6.13524E-04
 8.88551E-07    6.20392E-04
 8.89491E-07    6.26991E-04
 8.90431E-07    6.33314E-04
 8.91372E-07    6.39361E-04
 8.92316E-07    6.45141E-04
 8.93261E-07    6.50629E-04
 8.94205E-07    6.55828E-04
 8.95149E-07    6.60735E-04
 8.96098E-07    6.65374E-04
 8.97046E-07    6.69729E-04
 8.97995E-07    6.73802E-04
 8.98943E-07    6.77598E-04
 8.99895E-07    6.81151E-04
 9.01324E-07    6.85991E-04
 9.02753E-07    6.90289E-04
 9.04188E-07    6.94088E-04
 9.05622E-07    6.97408E-04
 9.07059E-07    7.00303E-04
 9.08500E-07    7.02802E-04
 9.09940E-07    7.04949E-04
 9.11385E-07    7.06780E-04
 9.13315E-07    7.08784E-04
 9.15248E-07    7.10375E-04
 9.17185E-07    7.11618E-04
 9.20099E-07    7.12968E-04
 9.22045E-07    7.13605E-04
 9.25953E-07    7.14430E-04
 9.31847E-07    7.15003E-04
 9.41749E-07    7.15251E-04
 9.61875E-07    7.15284E-04
 1.05464E-06    7.15214E-04
 1.06205E-06    7.14991E-04
 1.06764E-06    7.14485E-04
 1.07140E-06    7.13797E-04
 1.07516E-06    7.12600E-04
 1.07798E-06    7.11194E-04
 1.08079E-06    7.09192E-04
 1.08365E-06    7.06340E-04
 1.08556E-06    7.03858E-04
 1.08747E-06    7.00830E-04
 1.08937E-06    6.97152E-04
 1.09128E-06    6.92735E-04
 1.09318E-06    6.87496E-04
 1.09461E-06    6.82957E-04
 1.09604E-06    6.77866E-04
 1.09749E-06    6.72094E-04
 1.09894E-06    6.65669E-04
 1.10039E-06    6.58570E-04
 1.10184E-06    6.50758E-04
 1.10329E-06    6.42219E-04
 1.10474E-06    6.32938E-04
 1.10619E-06    6.22901E-04
 1.10764E-06    6.12115E-04
 1.10909E-06    6.00586E-04
 1.11054E-06    5.88333E-04
 1.11194E-06    5.75836E-04
 1.11324E-06    5.63651E-04
 1.11455E-06    5.50974E-04
 1.11585E-06    5.37836E-04
 1.11758E-06    5.19671E-04
 1.11932E-06    5.00896E-04
 1.12106E-06    4.81633E-04
 1.12366E-06    4.52140E-04
 1.12738E-06    4.09704E-04
 1.12937E-06    3.87398E-04
 1.13086E-06    3.70997E-04
 1.13235E-06    3.54972E-04
 1.13383E-06    3.39401E-04
 1.13483E-06    3.29315E-04
 1.13582E-06    3.19487E-04
 1.13681E-06    3.09927E-04
 1.13780E-06    3.00660E-04
 1.13880E-06    2.91701E-04
 1.13979E-06    2.83060E-04
 1.14078E-06    2.74738E-04
 1.14178E-06    2.66698E-04
 1.14279E-06    2.58953E-04
 1.14379E-06    2.51566E-04
 1.14480E-06    2.44527E-04
 1.14581E-06    2.37847E-04
 1.14656E-06    2.33072E-04
 1.14732E-06    2.28497E-04
 1.14807E-06    2.24118E-04
 1.14882E-06    2.19928E-04
 1.14958E-06    2.15931E-04
 1.15033E-06    2.12124E-04
 1.15109E-06    2.08503E-04
 1.15184E-06    2.05064E-04
 1.15260E-06    2.01794E-04
 1.15335E-06    1.98696E-04
 1.15411E-06    1.95767E-04
 1.15486E-06    1.93001E-04
 1.15587E-06    1.89558E-04
 1.15688E-06    1.86384E-04
 1.15789E-06    1.83445E-04
 1.15891E-06    1.80721E-04
 1.15993E-06    1.78230E-04
 1.16095E-06    1.75960E-04
 1.16197E-06    1.73897E-04
 1.16299E-06    1.72026E-04
 1.16401E-06    1.70335E-04
 1.16503E-06    1.68800E-04
 1.16605E-06    1.67418E-04
 1.16707E-06    1.66179E-04
 1.16809E-06    1.65069E-04
 1.16963E-06    1.63625E-04
 1.17116E-06    1.62415E-04
 1.17269E-06    1.61407E-04
 1.17422E-06    1.60569E-04
 1.17578E-06    1.59864E-04
 1.17785E-06    1.59120E-04
 1.17992E-06    1.58558E-04
 1.18302E-06    1.57970E-04
 1.18613E-06    1.57599E-04
 1.19027E-06    1.57317E-04
 1.19656E-06    1.57135E-04
 1.20706E-06    1.57063E-04
 1.37409E-06    1.57120E-04
 1.38375E-06    1.57309E-04
 1.39103E-06    1.57738E-04
 1.39593E-06    1.58321E-04
 1.40083E-06    1.59281E-04
 1.40450E-06    1.60361E-04
 1.40817E-06    1.61830E-04
 1.41190E-06    1.63803E-04
 1.41562E-06    1.66364E-04
 1.41935E-06    1.69596E-04
 1.42183E-06    1.72142E-04
 1.42431E-06    1.75032E-04
 1.42680E-06    1.78231E-04
 1.43016E-06    1.83029E-04
 1.43334E-06    1.88047E-04
 1.43652E-06    1.93438E-04
 1.44076E-06    2.01105E-04
 1.45010E-06    2.18397E-04
 1.45392E-06    2.25155E-04
 1.45647E-06    2.29383E-04
 1.45902E-06    2.33353E-04
 1.46156E-06    2.37008E-04
 1.46411E-06    2.40372E-04
 1.46668E-06    2.43434E-04
 1.46926E-06    2.46169E-04
 1.47185E-06    2.48575E-04
 1.47443E-06    2.50642E-04
 1.47702E-06    2.52418E-04
 1.47960E-06    2.53853E-04
 1.48218E-06    2.55188E-04
 1.48477E-06    2.56118E-04
 1.48737E-06    2.56950E-04
 1.49130E-06    2.57897E-04
 1.49523E-06    2.58533E-04
 1.49916E-06    2.59014E-04
 1.50441E-06    2.59283E-04
 1.51234E-06    2.59496E-04
 1.52829E-06    2.59680E-04
 1.78292E-06    2.59925E-04
 1.79864E-06    2.61246E-04
 1.80808E-06    2.63471E-04
 1.81445E-06    2.66441E-04
 1.82083E-06    2.70835E-04
 1.82721E-06    2.76929E-04
 1.83199E-06    2.82961E-04
 1.83631E-06    2.89427E-04
 1.84177E-06    2.98863E-04
 1.84995E-06    3.15200E-04
 1.86194E-06    3.40313E-04
 1.86849E-06    3.53049E-04
 1.87340E-06    3.61316E-04
 1.87830E-06    3.68681E-04
 1.88324E-06    3.74813E-04
 1.88821E-06    3.79606E-04
 1.89319E-06    3.83506E-04
 1.89817E-06    3.86486E-04
 1.90480E-06    3.88988E-04
 1.91149E-06    3.90273E-04
 1.92158E-06    3.91262E-04
 1.93504E-06    3.91984E-04
 2.22604E-06    3.92077E-04
 2.27337E-06    3.92432E-04
 2.29333E-06    3.93161E-04
 2.30141E-06    3.94363E-04
 2.30746E-06    3.96779E-04
 2.31352E-06    4.00714E-04
 2.31756E-06    4.04677E-04
 2.32159E-06    4.10363E-04
 2.32466E-06    4.15990E-04
 2.32774E-06    4.22843E-04
 2.33081E-06    4.31870E-04
 2.33388E-06    4.42489E-04
 2.33695E-06    4.55406E-04
 2.34002E-06    4.70802E-04
 2.34309E-06    4.88931E-04
 2.34616E-06    5.10020E-04
 2.34923E-06    5.34259E-04
 2.35230E-06    5.61781E-04
 2.35522E-06    5.90981E-04
 2.35785E-06    6.20146E-04
 2.36136E-06    6.62546E-04
 2.36487E-06    7.08982E-04
 2.36837E-06    7.59195E-04
 2.37363E-06    8.39793E-04
 2.38240E-06    9.82124E-04
 2.39080E-06    1.11828E-03
 2.39710E-06    1.21346E-03
 2.40131E-06    1.27103E-03
 2.40551E-06    1.32300E-03
 2.40971E-06    1.36896E-03
 2.41391E-06    1.40872E-03
 2.41814E-06    1.44259E-03
 2.42240E-06    1.47021E-03
 2.42879E-06    1.50270E-03
 2.43518E-06    1.52489E-03
 2.44158E-06    1.54061E-03
 2.45010E-06    1.55193E-03
 2.46306E-06    1.55812E-03
 2.50219E-06    1.56091E-03
 2.53749E-06    1.56162E-03
 2.87848E-06    1.56126E-03
 2.94991E-06    1.56130E-03
 2.96546E-06    1.56083E-03
 2.97583E-06    1.55998E-03
 2.98364E-06    1.56021E-03
 2.98890E-06    1.55951E-03
 2.99415E-06    1.55806E-03
 2.99941E-06    1.55763E-03
 3.00335E-06    1.55705E-03
 3.00730E-06    1.55510E-03
 3.01124E-06    1.55414E-03
 3.01518E-06    1.55205E-03
 3.01912E-06    1.55003E-03
 3.02307E-06    1.54701E-03
 3.02644E-06    1.54451E-03
 3.02980E-06    1.54177E-03
 3.03430E-06    1.53719E-03
 3.03879E-06    1.53235E-03
 3.04328E-06    1.52729E-03
 3.05002E-06    1.51778E-03
 3.06709E-06    1.49595E-03
 3.07518E-06    1.48565E-03
 3.08058E-06    1.47920E-03
 3.08597E-06    1.47374E-03
 3.09137E-06    1.46939E-03
 3.09676E-06    1.46501E-03
 3.10216E-06    1.46179E-03
 3.10763E-06    1.45947E-03
 3.11583E-06    1.45658E-03
 3.12404E-06    1.45494E-03
 3.13498E-06    1.45365E-03
 3.14592E-06    1.45276E-03
 3.17921E-06    1.45314E-03
 3.23532E-06    1.45238E-03
 3.81430E-06    1.45104E-03
 3.83436E-06    1.44694E-03
 3.84786E-06    1.43772E-03
 3.85799E-06    1.42361E-03
 3.86474E-06    1.40840E-03
 3.87149E-06    1.38864E-03
 3.87824E-06    1.36152E-03
 3.88451E-06    1.32944E-03
 3.89029E-06    1.29361E-03
 3.89608E-06    1.25068E-03
 3.90186E-06    1.20160E-03
 3.90765E-06    1.14723E-03
 3.91344E-06    1.08698E-03
 3.92211E-06    9.91390E-04
 3.93656E-06    8.26908E-04
 3.94175E-06    7.70382E-04
 3.94695E-06    7.16639E-04
 3.95041E-06    6.82819E-04
 3.95388E-06    6.51502E-04
 3.95734E-06    6.22054E-04
 3.96080E-06    5.94470E-04
 3.96427E-06    5.69798E-04
 3.96686E-06    5.52470E-04
 3.96946E-06    5.36618E-04
 3.97206E-06    5.21788E-04
 3.97466E-06    5.08435E-04
 3.97725E-06    4.96056E-04
 3.97985E-06    4.85008E-04
 3.98245E-06    4.74833E-04
 3.98507E-06    4.65826E-04
 3.98771E-06    4.57544E-04
 3.99034E-06    4.50382E-04
 3.99297E-06    4.43886E-04
 3.99561E-06    4.38323E-04
 3.99824E-06    4.33361E-04
 4.00088E-06    4.29240E-04
 4.00439E-06    4.24139E-04
 4.00790E-06    4.20421E-04
 4.01141E-06    4.17029E-04
 4.01493E-06    4.14752E-04
 4.01844E-06    4.12707E-04
 4.02371E-06    4.10338E-04
 4.02898E-06    4.08995E-04
 4.03600E-06    4.07540E-04
 4.04664E-06    4.06586E-04
 4.06088E-06    4.06227E-04
 4.15430E-06    4.05744E-04
 4.81275E-06    4.05454E-04
 4.93217E-06    4.04973E-04
 4.95817E-06    4.01965E-04
 4.97551E-06    3.95604E-04
 4.98857E-06    3.87172E-04
 5.00176E-06    3.73917E-04
 5.01494E-06    3.55568E-04
 5.02813E-06    3.32774E-04
 5.06341E-06    2.65261E-04
 5.07678E-06    2.43990E-04
 5.09015E-06    2.27649E-04
 5.10352E-06    2.16332E-04
 5.11689E-06    2.09266E-04
 5.13484E-06    2.04450E-04
 5.18004E-06    2.01919E-04
 5.27146E-06    2.01720E-04
 6.19314E-06    2.01617E-04
 6.30251E-06    2.01627E-04
 6.33008E-06    2.01800E-04
 6.34681E-06    2.01910E-04
 6.35796E-06    2.02307E-04
 6.36633E-06    2.02665E-04
 6.37469E-06    2.03318E-04
 6.38027E-06    2.03897E-04
 6.38585E-06    2.04617E-04
 6.39142E-06    2.05506E-04
 6.39700E-06    2.06627E-04
 6.40258E-06    2.08003E-04
 6.40676E-06    2.09219E-04
 6.41094E-06    2.10642E-04
 6.41568E-06    2.12442E-04
 6.41957E-06    2.14037E-04
 6.42346E-06    2.15932E-04
 6.42735E-06    2.17841E-04
 6.43319E-06    2.21164E-04
 6.43903E-06    2.24907E-04
 6.44486E-06    2.29034E-04
 6.45070E-06    2.33416E-04
 6.45849E-06    2.39727E-04
 6.46822E-06    2.48199E-04
 6.48742E-06    2.65459E-04
 6.49599E-06    2.72730E-04
 6.50455E-06    2.79501E-04
 6.51312E-06    2.85486E-04
 6.52168E-06    2.90694E-04
 6.53025E-06    2.95053E-04
 6.53881E-06    2.98593E-04
 6.54738E-06    3.01363E-04
 6.55594E-06    3.03474E-04
 6.56736E-06    3.05421E-04
 6.57895E-06    3.06686E-04
 6.59053E-06    3.07413E-04
 6.61369E-06    3.08021E-04
 6.75398E-06    3.08215E-04
 8.16034E-06    3.08392E-04
 8.18892E-06    3.09073E-04
 8.21036E-06    3.10734E-04
 8.22361E-06    3.12707E-04
 8.23584E-06    3.15515E-04
 8.24806E-06    3.19514E-04
 8.26029E-06    3.24893E-04
 8.26946E-06    3.29931E-04
 8.27863E-06    3.35801E-04
 8.29085E-06    3.44872E-04
 8.30308E-06    3.54910E-04
 8.32996E-06    3.77766E-04
 8.34096E-06    3.86649E-04
 8.35196E-06    3.94732E-04
 8.35929E-06    3.99432E-04
 8.36662E-06    4.03602E-04
 8.37396E-06    4.07232E-04
 8.38129E-06    4.10330E-04
 8.38862E-06    4.12924E-04
 8.39595E-06    4.14789E-04
 8.40329E-06    4.16549E-04
 8.41428E-06    4.18587E-04
 8.42528E-06    4.19704E-04
 8.43261E-06    4.20551E-04
 8.44749E-06    4.21034E-04
 8.46236E-06    4.21478E-04
 8.49210E-06    4.21903E-04
 1.05514E-05    4.21281E-04
 1.06072E-05    4.17211E-04
 1.06259E-05    4.14404E-04
 1.07192E-05    3.93691E-04
 1.07569E-05    3.88147E-04
 1.08135E-05    3.85214E-04
 1.35069E-05    3.84323E-04
 1.35542E-05    3.82022E-04
 1.35897E-05    3.75881E-04
 1.36137E-05    3.66941E-04
 1.36316E-05    3.56304E-04
 1.36496E-05    3.41978E-04
 1.36676E-05    3.23858E-04
 1.36855E-05    3.02574E-04
 1.37334E-05    2.40023E-04
 1.37514E-05    2.18670E-04
 1.37693E-05    2.00579E-04
 1.37875E-05    1.86077E-04
 1.38057E-05    1.75370E-04
 1.38179E-05    1.70145E-04
 1.38422E-05    1.63330E-04
 1.38665E-05    1.59945E-04
 1.39150E-05    1.57824E-04
 1.71092E-05    1.57534E-04
 1.73810E-05    1.58212E-04
 1.74417E-05    1.63496E-04
 1.74721E-05    1.72319E-04
 1.75029E-05    1.89864E-04
 1.75260E-05    2.10664E-04
 1.75491E-05    2.38867E-04
 1.75800E-05    2.86394E-04
 1.76416E-05    3.90299E-04
 1.76724E-05    4.32285E-04
 1.77032E-05    4.60963E-04
 1.77342E-05    4.78438E-04
 1.77811E-05    4.89622E-04
 1.79061E-05    4.92949E-04
 1.80953E-05    4.93221E-04
 2.20164E-05    4.92925E-04
 2.23661E-05    4.91972E-04
 2.24443E-05    4.83008E-04
 2.24834E-05    4.67502E-04
 2.25231E-05    4.39088E-04
 2.25627E-05    3.95672E-04
 2.26619E-05    2.66241E-04
 2.27015E-05    2.29987E-04
 2.27412E-05    2.08224E-04
 2.28006E-05    1.94892E-04
 2.31223E-05    1.91448E-04
 2.87560E-05    1.91411E-04
 2.88315E-05    1.91248E-04
 2.88818E-05    1.90807E-04
 2.89195E-05    1.90181E-04
 2.89576E-05    1.89232E-04
 2.90086E-05    1.87661E-04
 2.90597E-05    1.85861E-04
 2.90979E-05    1.84760E-04
 2.91362E-05    1.83978E-04
 2.91745E-05    1.83394E-04
 2.92127E-05    1.83074E-04
 2.92893E-05    1.82901E-04
 3.64571E-05    1.82898E-04
 3.69067E-05    1.82998E-04
 3.69876E-05    1.83554E-04
 3.70361E-05    1.84872E-04
 3.70685E-05    1.86641E-04
 3.71009E-05    1.89604E-04
 3.71252E-05    1.92872E-04
 3.71494E-05    1.97159E-04
 3.71737E-05    2.02541E-04
 3.71980E-05    2.09017E-04
 3.72304E-05    2.18986E-04
 3.72999E-05    2.42377E-04
 3.73327E-05    2.52577E-04
 3.73656E-05    2.61165E-04
 3.73984E-05    2.67806E-04
 3.74313E-05    2.72538E-04
 3.74642E-05    2.75634E-04
 3.75135E-05    2.78053E-04
 3.75956E-05    2.79217E-04
 3.80594E-05    2.79463E-04
 4.74644E-05    2.79548E-04
 4.75347E-05    2.79622E-04
 4.75874E-05    2.79766E-04
 4.76226E-05    2.79964E-04
 4.76577E-05    2.80341E-04
 4.76929E-05    2.80915E-04
 4.77280E-05    2.81697E-04
 4.77631E-05    2.82717E-04
 4.77983E-05    2.83976E-04
 4.79037E-05    2.88169E-04
 4.79354E-05    2.89465E-04
 4.79670E-05    2.90438E-04
 4.79881E-05    2.90848E-04
 4.80198E-05    2.91598E-04
 4.80514E-05    2.91896E-04
 4.80831E-05    2.92195E-04
 4.81253E-05    2.92400E-04
 4.81675E-05    2.92650E-04
 4.82729E-05    2.92435E-04
 6.09901E-05    2.92594E-04
 6.11031E-05    2.91172E-04
 6.11708E-05    2.88120E-04
 6.12160E-05    2.83910E-04
 6.12499E-05    2.78943E-04
 6.12838E-05    2.72153E-04
 6.13177E-05    2.63372E-04
 6.13516E-05    2.52631E-04
 6.13968E-05    2.35848E-04
 6.14962E-05    1.95040E-04
 6.15368E-05    1.80142E-04
 6.15639E-05    1.71678E-04
 6.15910E-05    1.64432E-04
 6.16181E-05    1.58410E-04
 6.16452E-05    1.53730E-04
 6.16723E-05    1.50148E-04
 6.17129E-05    1.46348E-04
 6.17535E-05    1.44247E-04
 6.18212E-05    1.42539E-04
 6.18754E-05    1.42112E-04
 7.79648E-05    1.41922E-04
 7.84460E-05    1.42067E-04
 7.85491E-05    1.42421E-04
 7.86178E-05    1.43093E-04
 7.86694E-05    1.44149E-04
 7.87210E-05    1.45735E-04
 7.87725E-05    1.47861E-04
 7.88241E-05    1.50660E-04
 7.89616E-05    1.58946E-04
 7.90131E-05    1.61708E-04
 7.90647E-05    1.63927E-04
 7.91170E-05    1.65456E-04
 7.91693E-05    1.66474E-04
 7.92390E-05    1.67179E-04
 7.93436E-05    1.67596E-04
 7.99013E-05    1.67668E-04
 9.68759E-05    1.64706E-04
 9.76405E-05    8.75015E-05
 9.77695E-05    8.71119E-05
 9.78555E-05    8.74339E-05
 9.79200E-05    8.80307E-05
 9.79845E-05    8.90902E-05
 9.80491E-05    9.06976E-05
 9.81136E-05    9.28471E-05
 9.82856E-05    9.96778E-05
 9.83501E-05    1.01812E-04
 9.84146E-05    1.03397E-04
 9.84792E-05    1.04432E-04
 9.85437E-05    1.05021E-04
 9.85867E-05    1.05236E-04
 9.87587E-05    1.05431E-04
 1.09124E-04    9.93426E-05
 1.19305E-04    9.41562E-05
 1.30676E-04    8.91445E-05
 1.43138E-04    8.43927E-05
 1.56427E-04    8.00049E-05
 1.71048E-04    7.58220E-05
 1.87030E-04    7.18543E-05
 2.04252E-04    6.81462E-05
 2.23409E-04    6.45717E-05
 2.44353E-04    6.11810E-05
 2.67655E-04    5.79186E-05
 2.93031E-04    5.48480E-05
 3.21149E-04    5.19130E-05
 3.51214E-04    4.91942E-05
 3.82767E-04    4.67158E-05
 4.28779E-04    4.35405E-05
 4.66178E-04    4.13013E-05
 5.06017E-04    3.92125E-05
 5.50987E-04    3.71597E-05
 6.01624E-04    3.51530E-05
 6.54552E-04    3.33294E-05
 7.20829E-04    3.13435E-05
 7.83258E-04    2.96995E-05
 8.55626E-04    2.80467E-05
 9.27888E-04    2.66112E-05
 1.02190E-03    2.49838E-05
 1.10710E-03    2.36763E-05
 1.20477E-03    2.23708E-05
 1.30655E-03    2.11856E-05
 1.41834E-03    2.00493E-05
 1.53369E-03    1.90248E-05
 1.66163E-03    1.80298E-05
 1.79849E-03    1.70967E-05
 1.95612E-03    1.61580E-05
 2.12329E-03    1.52934E-05
 2.29625E-03    1.45102E-05
 2.48800E-03    1.37502E-05
 2.70550E-03    1.29991E-05
 2.93916E-03    1.22971E-05
 3.18502E-03    1.16520E-05
 3.44292E-03    1.10594E-05
 3.72266E-03    1.04946E-05
 4.07057E-03    9.88259E-06
 4.40371E-03    9.36763E-06
 4.75261E-03    8.89454E-06
 5.14602E-03    8.42564E-06
 5.56230E-03    7.99127E-06
 6.01727E-03    7.57513E-06
 6.52939E-03    7.16537E-06
 7.04938E-03    6.80218E-06
 7.64530E-03    6.44021E-06
 8.24399E-03    6.12173E-06
 8.89619E-03    5.81535E-06
 9.64131E-03    5.50890E-06
 1.02190E-02    5.30093E-06
 1.10710E-02    5.03643E-06
 1.20750E-02    4.76495E-06
 1.30820E-02    4.52815E-06
 1.42250E-02    4.29270E-06
 1.54688E-02    4.06914E-06
 1.67356E-02    3.87019E-06
 1.81954E-02    3.66938E-06
 1.96850E-02    3.48919E-06
 2.11050E-02    3.37745E-06
 2.16850E-02    3.34022E-06
 2.32839E-02    3.20755E-06
 2.50186E-02    3.08251E-06
 2.67513E-02    2.97424E-06
 2.86559E-02    2.87148E-06
 3.00000E-02    2.80682E-06
 3.27064E-02    2.67599E-06
 3.56909E-02    2.54949E-06
 3.90497E-02    2.42540E-06
 4.00000E-02    2.39312E-06
 4.62913E-02    2.27986E-06
 5.03527E-02    2.21524E-06
 5.62516E-02    2.11201E-06
 6.04232E-02    2.04903E-06
 6.77605E-02    1.96237E-06
 7.19891E-02    1.92071E-06
 8.05643E-02    1.85014E-06
 9.06349E-02    1.76186E-06
 1.01411E-01    1.67467E-06
 1.14891E-01    1.58502E-06
 1.22551E-01    1.58845E-06
 1.34637E-01    1.65961E-06
 1.40000E-01    1.64347E-06
 1.50000E-01    1.67784E-06
 1.62257E-01    1.63975E-06
 1.86421E-01    1.60486E-06
 1.97854E-01    1.59824E-06
 1.99948E-01    1.56845E-06
 2.18168E-01    1.53776E-06
 2.25000E-01    1.49843E-06
 2.44916E-01    1.64550E-06
 2.50000E-01    1.60384E-06
 2.62211E-01    1.59052E-06
 2.75000E-01    1.53298E-06
 3.02116E-01    1.52137E-06
 3.08317E-01    1.52362E-06
 3.09268E-01    1.51208E-06
 3.09918E-01    1.49442E-06
 3.29080E-01    1.54862E-06
 3.38467E-01    1.51434E-06
 3.52188E-01    1.52871E-06
 3.57157E-01    1.51520E-06
 4.00000E-01    1.45668E-06
 4.18569E-01    1.51575E-06
 5.03040E-01    1.75028E-06
 5.05627E-01    1.76027E-06
 5.06785E-01    1.76625E-06
 5.14546E-01    1.79745E-06
 5.25680E-01    1.85207E-06
 5.26334E-01    1.85053E-06
 5.49981E-01    1.98587E-06
 5.83886E-01    2.00619E-06
 5.90984E-01    2.00312E-06
 6.00000E-01    2.00432E-06
 6.04493E-01    2.00847E-06
 6.15506E-01    1.99979E-06
 6.36929E-01    2.24332E-06
 6.58774E-01    2.34220E-06
 7.01970E-01    2.38543E-06
 7.02846E-01    2.38440E-06
 7.19658E-01    2.39514E-06
 7.19779E-01    2.39408E-06
 7.23987E-01    2.40009E-06
 7.39922E-01    2.69803E-06
 7.57408E-01    2.79120E-06
 8.00000E-01    2.86448E-06
 8.67786E-01    3.34274E-06
 9.00000E-01    3.58100E-06
 9.20611E-01    3.86501E-06
 9.25545E-01    3.93783E-06
 9.42553E-01    4.22190E-06
 9.48683E-01    4.32947E-06
 9.64385E-01    4.66162E-06
 9.74004E-01    4.87550E-06
 9.86583E-01    5.22190E-06
 9.98374E-01    5.56922E-06
 1.00966E+00    5.93861E-06
 1.02134E+00    6.34762E-06
 1.03369E+00    6.80773E-06
 1.04667E+00    7.32788E-06
 1.04881E+00    7.41680E-06
 1.05894E+00    7.93539E-06
 1.07011E+00    8.54794E-06
 1.08053E+00    9.16210E-06
 1.09140E+00    9.85200E-06
 1.10000E+00    1.04329E-05
 1.11328E+00    1.12386E-05
 1.12650E+00    1.20926E-05
 1.14162E+00    1.31414E-05
 1.15047E+00    1.38054E-05
 1.16393E+00    1.49357E-05
 1.17794E+00    1.62029E-05
 1.19235E+00    1.76120E-05
 1.20150E+00    1.85456E-05
 1.21786E+00    2.01419E-05
 1.23430E+00    2.18615E-05
 1.24900E+00    2.35084E-05
 1.26531E+00    2.56554E-05
 1.27955E+00    2.76708E-05
 1.29566E+00    3.01251E-05
 1.30000E+00    3.08179E-05
 1.31959E+00    3.36082E-05
 1.33944E+00    3.66394E-05
 1.35895E+00    3.98536E-05
 1.37922E+00    4.34353E-05
 1.40000E+00    4.73912E-05
 1.42452E+00    5.17888E-05
 1.45041E+00    5.67772E-05
 1.47654E+00    6.21947E-05
 1.50606E+00    6.87077E-05
 1.53589E+00    7.53444E-05
 1.56461E+00    8.21972E-05
 1.59570E+00    9.01542E-05
 1.64039E+00    1.01779E-04
 1.67922E+00    1.12703E-04
 1.73238E+00    1.28757E-04
 1.77422E+00    1.42380E-04
 1.81221E+00    1.55681E-04
 1.85446E+00    1.71626E-04
 1.89446E+00    1.87828E-04
 1.94076E+00    2.08083E-04
 1.98736E+00    2.30110E-04
 2.04811E+00    2.61098E-04
 2.09729E+00    2.88316E-04
 2.15243E+00    3.21419E-04
 2.20371E+00    3.54766E-04
 2.25000E+00    3.87038E-04
 2.29959E+00    4.23135E-04
 2.35631E+00    4.67456E-04
 2.37954E+00    4.87042E-04
 2.43336E+00    5.36412E-04
 2.48579E+00    5.88146E-04
 2.50000E+00    6.02802E-04
 2.56659E+00    6.68375E-04
 2.64096E+00    7.47895E-04
 2.70923E+00    8.27170E-04
 2.75000E+00    8.77452E-04
 2.77736E+00    9.60483E-04
 2.80322E+00    1.04544E-03
 2.83159E+00    1.14625E-03
 2.85719E+00    1.24453E-03
 2.87619E+00    1.32264E-03
 2.90390E+00    1.44686E-03
 2.92787E+00    1.56277E-03
 2.95449E+00    1.70118E-03
 2.98163E+00    1.85329E-03
 3.00000E+00    1.96291E-03
 3.08170E+00    2.18005E-03
 3.16189E+00    2.41006E-03
 3.24402E+00    2.66357E-03
 3.33627E+00    2.97257E-03
 3.42225E+00    3.28374E-03
 3.50000E+00    3.58523E-03
 3.59560E+00    3.99060E-03
 3.69364E+00    4.44145E-03
 3.79029E+00    4.92233E-03
 3.88389E+00    5.42460E-03
 3.98584E+00    6.01562E-03
 4.08380E+00    6.62937E-03
 4.19458E+00    7.38028E-03
 4.30568E+00    8.19756E-03
 4.42578E+00    9.15521E-03
 4.51486E+00    9.92177E-03
 4.63268E+00    1.10354E-02
 4.74870E+00    1.22222E-02
 4.86093E+00    1.34599E-02
 4.98305E+00    1.49152E-02
 5.07132E+00    1.60770E-02
 5.17626E+00    1.75602E-02
 5.29440E+00    1.93564E-02
 5.41641E+00    2.13537E-02
 5.50000E+00    2.28111E-02
 5.62178E+00    2.52279E-02
 5.73354E+00    2.76243E-02
 5.85274E+00    3.03721E-02
 5.98208E+00    3.35890E-02
 6.03009E+00    3.48982E-02
 6.14506E+00    3.83099E-02
 6.26662E+00    4.22003E-02
 6.38948E+00    4.64462E-02
 6.50000E+00    5.05477E-02
 6.61053E+00    5.52485E-02
 6.71697E+00    6.01057E-02
 6.84302E+00    6.62930E-02
 6.96881E+00    7.29701E-02
 7.03025E+00    7.65199E-02
 7.14563E+00    8.37562E-02
 7.26730E+00    9.19883E-02
 7.38996E+00    1.00951E-01
 7.50000E+00    1.09599E-01
 7.62282E+00    1.20352E-01
 7.73493E+00    1.30927E-01
 7.85389E+00    1.42969E-01
 7.98226E+00    1.56966E-01
 8.09847E+00    1.70820E-01
 8.21782E+00    1.86153E-01
 8.34443E+00    2.03620E-01
 8.47798E+00    2.23540E-01
 8.61126E+00    2.44972E-01
 8.75385E+00    2.69793E-01
 8.89096E+00    2.95603E-01
 9.07259E+00    3.32659E-01
 9.21945E+00    3.65107E-01
 9.36740E+00    4.00374E-01
 9.58620E+00    4.56931E-01
 9.73920E+00    4.99460E-01
 9.91501E+00    5.52404E-01
 1.00881E+01    6.07567E-01
 1.01387E+01    6.24184E-01
 1.01831E+01    6.39091E-01
 1.02222E+01    6.52428E-01
 1.02565E+01    6.64324E-01
 1.03169E+01    6.85689E-01
 1.03623E+01    7.02149E-01
 1.03966E+01    7.14765E-01
 1.04482E+01    7.34119E-01
 1.05000E+01    7.53975E-01
 1.05612E+01    7.76744E-01
 1.06151E+01    7.97253E-01
 1.06625E+01    8.15626E-01
 1.07041E+01    8.32054E-01
 1.07406E+01    8.46700E-01
 1.08049E+01    8.72983E-01
 1.08533E+01    8.93207E-01
 1.08898E+01    9.08694E-01
 1.09448E+01    9.32447E-01
 1.10000E+01    9.56808E-01
 1.10613E+01    9.82726E-01
 1.11152E+01    1.00599E+00
 1.11626E+01    1.02680E+00
 1.12042E+01    1.04537E+00
 1.12774E+01    1.07870E+00
 1.13327E+01    1.10440E+00
 1.13743E+01    1.12408E+00
 1.14370E+01    1.15429E+00
 1.15000E+01    1.18529E+00
 1.15613E+01    1.21387E+00
 1.16153E+01    1.23946E+00
 1.16627E+01    1.26230E+00
 1.17461E+01    1.30332E+00
 1.18091E+01    1.33500E+00
 1.18565E+01    1.35924E+00
 1.19280E+01    1.39648E+00
 1.20000E+01    1.43475E+00
 1.20614E+01    1.46524E+00
 1.21696E+01    1.52022E+00
 1.22514E+01    1.56286E+00
 1.23130E+01    1.59562E+00
 1.24062E+01    1.64614E+00
 1.25000E+01    1.69827E+00
 1.26232E+01    1.76183E+00
 1.27163E+01    1.81111E+00
 1.27867E+01    1.84901E+00
 1.28929E+01    1.90745E+00
 1.30000E+01    1.96778E+00
 1.31232E+01    2.03087E+00
 1.32164E+01    2.07962E+00
 1.33575E+01    2.15501E+00
 1.35000E+01    2.23335E+00
 1.36233E+01    2.29341E+00
 1.38104E+01    2.38681E+00
 1.40000E+01    2.48433E+00
 1.41975E+01    2.57195E+00
 1.42478E+01    2.59449E+00
 1.44488E+01    2.68652E+00
 1.45000E+01    2.71018E+00
 1.47046E+01    2.78647E+00
 1.47479E+01    2.80283E+00
 1.49560E+01    2.88238E+00
 1.50000E+01    2.89932E+00
 1.52116E+01    2.96277E+00
 1.54262E+01    3.02804E+00
 1.55000E+01    3.05063E+00
 1.57187E+01    3.09921E+00
 1.57480E+01    3.10572E+00
 1.59702E+01    3.15574E+00
 1.60000E+01    3.16245E+00
 1.60154E+01    3.16425E+00
 1.60308E+01    3.16607E+00
 1.60617E+01    3.16971E+00
 1.60926E+01    3.17337E+00
 1.61236E+01    3.17704E+00
 1.62481E+01    3.19181E+00
 1.64773E+01    3.21943E+00
 1.65000E+01    3.22217E+00
 1.67328E+01    3.23917E+00
 1.69689E+01    3.25641E+00
 1.70000E+01    3.25869E+00
 1.72398E+01    3.25095E+00
 1.72482E+01    3.25069E+00
 1.73736E+01    3.24687E+00
 1.74051E+01    3.24593E+00
 1.74367E+01    3.24501E+00
 1.74683E+01    3.24410E+00
 1.74841E+01    3.24365E+00
 1.75000E+01    3.24321E+00
 1.75154E+01    3.24213E+00
 1.75308E+01    3.24106E+00
 1.75617E+01    3.23894E+00
 1.75927E+01    3.23682E+00
 1.76237E+01    3.23472E+00
 1.77482E+01    3.22638E+00
 1.79986E+01    3.21012E+00
 1.80000E+01    3.21003E+00
 1.82483E+01    3.18047E+00
 1.85000E+01    3.15137E+00
 1.87483E+01    3.11750E+00
 1.88737E+01    3.10077E+00
 1.89367E+01    3.09246E+00
 1.89683E+01    3.08832E+00
 1.90000E+01    3.08418E+00
 1.92484E+01    3.03671E+00
 1.93738E+01    3.01323E+00
 1.95000E+01    2.98992E+00
 1.97484E+01    2.94071E+00
 2.00000E+01    2.89225E+00
