# p + Gd155 : (p,2n)g   
# tendl.2019 A.J. Koning                       EVAL-OCT19
# uncertainties: y
# # energies =    37
#   E(MeV)       xs(mb)       xslow(mb)      xsupp(mb)
 1.08373E+01    0.00000E+00    0.00000E+00    0.00000E+00
 1.10000E+01    1.58796E+00    0.00000E+00    0.00000E+00
 1.20000E+01    5.26432E+01    0.00000E+00    0.00000E+00
 1.30000E+01    1.38652E+02    0.00000E+00    0.00000E+00
 1.40000E+01    2.05496E+02    0.00000E+00    0.00000E+00
 1.50000E+01    2.52946E+02    0.00000E+00    0.00000E+00
 1.60000E+01    2.87580E+02    0.00000E+00    0.00000E+00
 1.70000E+01    3.14607E+02    0.00000E+00    0.00000E+00
 1.80000E+01    3.35610E+02    0.00000E+00    0.00000E+00
 1.90000E+01    3.07983E+02    0.00000E+00    0.00000E+00
 2.00000E+01    2.33986E+02    0.00000E+00    0.00000E+00
 2.20000E+01    1.22699E+02    0.00000E+00    0.00000E+00
 2.40000E+01    7.91526E+01    0.00000E+00    0.00000E+00
 2.60000E+01    6.32204E+01    0.00000E+00    0.00000E+00
 2.80000E+01    5.59743E+01    0.00000E+00    0.00000E+00
 3.00000E+01    5.12395E+01    0.00000E+00    0.00000E+00
 3.00000E+01    5.18870E+01    0.00000E+00    0.00000E+00
 3.50000E+01    4.37513E+01    0.00000E+00    0.00000E+00
 4.00000E+01    3.68169E+01    0.00000E+00    0.00000E+00
 4.50000E+01    3.13530E+01    0.00000E+00    0.00000E+00
 5.00000E+01    2.70930E+01    0.00000E+00    0.00000E+00
 5.50000E+01    2.33791E+01    0.00000E+00    0.00000E+00
 6.00000E+01    2.06644E+01    0.00000E+00    0.00000E+00
 6.50000E+01    1.79725E+01    0.00000E+00    0.00000E+00
 7.00000E+01    1.59195E+01    0.00000E+00    0.00000E+00
 7.50000E+01    1.40474E+01    0.00000E+00    0.00000E+00
 8.00000E+01    1.24096E+01    0.00000E+00    0.00000E+00
 9.00000E+01    1.00478E+01    0.00000E+00    0.00000E+00
 1.00000E+02    8.36522E+00    0.00000E+00    0.00000E+00
 1.10000E+02    7.05292E+00    0.00000E+00    0.00000E+00
 1.20000E+02    6.12691E+00    0.00000E+00    0.00000E+00
 1.30000E+02    5.38469E+00    0.00000E+00    0.00000E+00
 1.40000E+02    4.79185E+00    0.00000E+00    0.00000E+00
 1.50000E+02    4.35943E+00    0.00000E+00    0.00000E+00
 1.60000E+02    3.93842E+00    0.00000E+00    0.00000E+00
 1.80000E+02    3.28107E+00    0.00000E+00    0.00000E+00
 2.00000E+02    2.78726E+00    0.00000E+00    0.00000E+00
