# n + Ti 46 : (n,n'01)  
# endfb8.0   T.Kawano, L. Leal, A.Kahler       EVAL-Feb09
# uncertainties: n
# # energies =   178
#   E(MeV)       xs(mb) 
 9.08820E-01    0.00000E+00
 9.09159E-01    1.62969E+00
 9.09836E-01    4.87633E+00
 9.10508E-01    8.09760E+00
 9.11175E-01    1.12937E+01
 9.12501E-01    1.76360E+01
 9.13807E-01    2.38792E+01
 9.15095E-01    3.00248E+01
 9.16364E-01    3.60744E+01
 9.18869E-01    4.79845E+01
 9.21302E-01    5.95225E+01
 9.23665E-01    7.06999E+01
 9.25960E-01    8.15280E+01
 9.28188E-01    9.20177E+01
 9.30352E-01    1.02180E+02
 9.34559E-01    1.21868E+02
 9.38521E-01    1.40327E+02
 9.42250E-01    1.57631E+02
 9.45760E-01    1.73854E+02
 9.49062E-01    1.89063E+02
 9.52168E-01    2.03322E+02
 9.58020E-01    2.30056E+02
 9.63169E-01    2.53449E+02
 9.67698E-01    2.73918E+02
 9.71678E-01    2.91828E+02
 9.78682E-01    3.23171E+02
 9.83969E-01    3.46678E+02
 9.91952E-01    3.81938E+02
 1.00000E+00    4.17199E+02
 1.01404E+00    4.28781E+02
 1.02739E+00    4.39640E+02
 1.04006E+00    4.49820E+02
 1.05208E+00    4.59364E+02
 1.06348E+00    4.68311E+02
 1.08518E+00    4.85087E+02
 1.10453E+00    4.99766E+02
 1.12174E+00    5.12610E+02
 1.13703E+00    5.23848E+02
 1.15057E+00    5.33682E+02
 1.17466E+00    5.50891E+02
 1.19306E+00    5.63798E+02
 1.22120E+00    5.83158E+02
 1.25000E+00    6.02518E+02
 1.27881E+00    6.18111E+02
 1.30457E+00    6.31754E+02
 1.32754E+00    6.43692E+02
 1.34796E+00    6.54138E+02
 1.38446E+00    6.72418E+02
 1.41248E+00    6.86128E+02
 1.43387E+00    6.96411E+02
 1.46656E+00    7.11835E+02
 1.50000E+00    7.27259E+02
 1.52918E+00    7.39426E+02
 1.55518E+00    7.50071E+02
 1.60175E+00    7.68702E+02
 1.63759E+00    7.82674E+02
 1.66500E+00    7.93154E+02
 1.70697E+00    8.08873E+02
 1.75000E+00    8.24592E+02
 1.80941E+00    8.42398E+02
 1.85528E+00    8.55753E+02
 1.89045E+00    8.65768E+02
 1.94445E+00    8.80792E+02
 2.00000E+00    8.95816E+02
 2.05391E+00    9.06424E+02
 2.14972E+00    9.13545E+02
 2.25000E+00    9.20666E+02
 2.37171E+00    9.25361E+02
 2.50000E+00    9.30056E+02
 2.58289E+00    9.24083E+02
 2.66852E+00    9.18111E+02
 2.74779E+00    9.04915E+02
 2.80878E+00    8.95018E+02
 2.90282E+00    8.80173E+02
 3.00000E+00    8.65328E+02
 3.02702E+00    8.60388E+02
 3.07593E+00    8.29297E+02
 3.12563E+00    7.98206E+02
 3.18119E+00    7.76555E+02
 3.23774E+00    7.54904E+02
 3.28383E+00    7.29637E+02
 3.30683E+00    7.18448E+02
 3.33896E+00    6.97002E+02
 3.37141E+00    6.75557E+02
 3.40763E+00    6.61180E+02
 3.44193E+00    6.47702E+02
 3.50719E+00    6.22430E+02
 3.56531E+00    6.00317E+02
 3.61695E+00    5.80968E+02
 3.66275E+00    5.64038E+02
 3.70330E+00    5.49224E+02
 3.73915E+00    5.36261E+02
 3.80272E+00    5.13578E+02
 3.85111E+00    4.96565E+02
 3.88780E+00    4.83805E+02
 3.94350E+00    4.64665E+02
 4.00000E+00    4.45526E+02
 4.05618E+00    4.34573E+02
 4.10956E+00    4.24304E+02
 4.16024E+00    4.14677E+02
 4.20833E+00    4.05652E+02
 4.25391E+00    3.97190E+02
 4.29709E+00    3.89258E+02
 4.37924E+00    3.74385E+02
 4.45241E+00    3.61371E+02
 4.51744E+00    3.49983E+02
 4.57511E+00    3.40019E+02
 4.62618E+00    3.31301E+02
 4.67134E+00    3.23672E+02
 4.75142E+00    3.10322E+02
 4.81238E+00    3.00310E+02
 4.85862E+00    2.92800E+02
 4.92880E+00    2.81536E+02
 5.00000E+00    2.70272E+02
 5.11526E+00    2.63321E+02
 5.21829E+00    2.57239E+02
 5.31014E+00    2.51918E+02
 5.39184E+00    2.47261E+02
 5.46435E+00    2.43187E+02
 5.59360E+00    2.36057E+02
 5.69255E+00    2.30709E+02
 5.76790E+00    2.26698E+02
 5.88281E+00    2.20682E+02
 6.00000E+00    2.14666E+02
 6.11673E+00    2.11139E+02
 6.22074E+00    2.08053E+02
 6.40702E+00    2.02653E+02
 6.55038E+00    1.98602E+02
 6.66000E+00    1.95564E+02
 6.82789E+00    1.91008E+02
 7.00000E+00    1.86451E+02
 7.23762E+00    1.82387E+02
 7.42112E+00    1.79339E+02
 7.56179E+00    1.77052E+02
 7.77781E+00    1.73623E+02
 8.00000E+00    1.70194E+02
 8.23907E+00    1.66826E+02
 8.42305E+00    1.64299E+02
 8.70675E+00    1.60510E+02
 9.00000E+00    1.56720E+02
 9.24021E+00    1.53380E+02
 9.42457E+00    1.50875E+02
 9.70802E+00    1.47118E+02
 1.00000E+01    1.43361E+02
 1.02411E+01    1.40178E+02
 1.04258E+01    1.37792E+02
 1.07091E+01    1.34211E+02
 1.10000E+01    1.30631E+02
 1.12419E+01    1.28295E+02
 1.14268E+01    1.26543E+02
 1.17099E+01    1.23915E+02
 1.20000E+01    1.21287E+02
 1.22425E+01    1.18987E+02
 1.24277E+01    1.17262E+02
 1.27106E+01    1.14675E+02
 1.30000E+01    1.12088E+02
 1.32431E+01    1.09810E+02
 1.34284E+01    1.08102E+02
 1.37112E+01    1.05539E+02
 1.40000E+01    1.02976E+02
 1.42436E+01    1.01371E+02
 1.46169E+01    9.89637E+01
 1.50000E+01    9.65563E+01
 1.52440E+01    9.49568E+01
 1.56174E+01    9.25575E+01
 1.60000E+01    9.01582E+01
 1.62443E+01    8.85608E+01
 1.66179E+01    8.61646E+01
 1.70000E+01    8.37684E+01
 1.72447E+01    8.25839E+01
 1.76183E+01    8.08072E+01
 1.80000E+01    7.90304E+01
 1.82450E+01    7.78462E+01
 1.86187E+01    7.60700E+01
 1.90000E+01    7.42937E+01
 1.92452E+01    7.31096E+01
 1.96190E+01    7.13335E+01
 2.00000E+01    6.95573E+01
