# p + Mo 92 : (p,n')    
# tendl.2019 A.J. Koning                       EVAL-OCT19
# uncertainties: y
# # energies =    49
#   E(MeV)       xs(mb)       xslow(mb)      xsupp(mb)
 8.76020E+00    0.00000E+00    0.00000E+00    0.00000E+00
 8.97630E+00    4.32824E-02    3.30780E-02    5.34867E-02
 9.00000E+00    1.52374E-01    1.16450E-01    1.88299E-01
 9.03326E+00    2.36446E-01    1.80701E-01    2.92191E-01
 9.15366E+00    2.67249E+00    2.04241E+00    3.30256E+00
 9.29543E+00    6.81836E+00    5.21085E+00    8.42587E+00
 9.34341E+00    9.76228E+00    7.46070E+00    1.20639E+01
 9.39337E+00    1.47722E+01    1.12894E+01    1.82549E+01
 9.45387E+00    2.09747E+01    1.60297E+01    2.59198E+01
 9.47933E+00    2.35869E+01    1.80260E+01    2.91478E+01
 9.73639E+00    5.95082E+01    4.54784E+01    7.35379E+01
 9.89177E+00    8.12208E+01    6.20720E+01    1.00370E+02
 1.00000E+01    1.01578E+02    7.76301E+01    1.25527E+02
 1.10000E+01    1.53234E+02    1.17108E+02    1.89361E+02
 1.20000E+01    2.04262E+02    1.56105E+02    2.52419E+02
 1.30000E+01    2.58204E+02    1.97329E+02    3.19079E+02
 1.40000E+01    3.15784E+02    2.18528E+02    4.13041E+02
 1.50000E+01    3.61419E+02    2.50108E+02    4.72730E+02
 1.60000E+01    3.18513E+02    2.20416E+02    4.16610E+02
 1.70000E+01    2.14846E+02    1.48677E+02    2.81016E+02
 1.80000E+01    1.34515E+02    8.76602E+01    1.81369E+02
 1.90000E+01    8.74363E+01    5.69804E+01    1.17892E+02
 2.00000E+01    6.28710E+01    4.09716E+01    8.47703E+01
 2.20000E+01    4.36506E+01    2.68810E+01    6.04202E+01
 2.40000E+01    3.72216E+01    2.29218E+01    5.15213E+01
 2.60000E+01    3.40164E+01    2.10572E+01    4.69756E+01
 2.80000E+01    3.16578E+01    1.95971E+01    4.37185E+01
 3.00000E+01    2.98514E+01    1.84789E+01    4.12238E+01
 3.00000E+01    2.92204E+01    1.80883E+01    4.03525E+01
 3.50000E+01    2.38479E+01    1.47626E+01    3.29332E+01
 4.00000E+01    1.94477E+01    1.20387E+01    2.68567E+01
 4.50000E+01    1.61951E+01    1.00253E+01    2.23650E+01
 5.00000E+01    1.35331E+01    8.37740E+00    1.86888E+01
 5.50000E+01    1.16453E+01    7.20879E+00    1.60818E+01
 6.00000E+01    9.94589E+00    6.15681E+00    1.37350E+01
 6.50000E+01    8.55299E+00    5.29456E+00    1.18114E+01
 7.00000E+01    7.51066E+00    4.64932E+00    1.03720E+01
 7.50000E+01    6.55766E+00    4.05939E+00    9.05593E+00
 8.00000E+01    5.92504E+00    3.66778E+00    8.18230E+00
 9.00000E+01    4.69347E+00    2.90540E+00    6.48154E+00
 1.00000E+02    3.80180E+00    2.35343E+00    5.25017E+00
 1.10000E+02    3.11749E+00    1.92982E+00    4.30516E+00
 1.20000E+02    2.56622E+00    1.58857E+00    3.54387E+00
 1.30000E+02    2.14697E+00    1.32904E+00    2.96490E+00
 1.40000E+02    1.83980E+00    1.13889E+00    2.54071E+00
 1.50000E+02    1.59893E+00    9.89786E-01    2.20807E+00
 1.60000E+02    1.40845E+00    8.71873E-01    1.94503E+00
 1.80000E+02    1.12957E+00    6.99238E-01    1.55990E+00
 2.00000E+02    9.44974E-01    5.84968E-01    1.30498E+00
