# n + Dy162 : (n,n'15)  
# jendl4.0   N.Iwamoto,S.Chiba                 EVAL-Nov09
# uncertainties: n
# # energies =    69
#   E(MeV)       xs(mb) 
 1.40000E+00    0.00000E+00
 1.40898E+00    5.75920E-10
 1.46252E+00    3.93850E-08
 1.49492E+00    1.45440E-07
 1.49967E+00    1.70920E-07
 1.50000E+00    1.77840E-07
 1.52789E+00    1.31331E-06
 1.53966E+00    1.84402E-06
 1.54523E+00    2.10335E-06
 1.58070E+00    4.02815E-06
 1.58410E+00    4.24058E-06
 1.58544E+00    4.32521E-06
 1.60000E+00    5.28863E-06
 1.64460E+00    9.12375E-06
 1.64740E+00    9.41633E-06
 1.64812E+00    9.49363E-06
 1.67665E+00    1.25758E-05
 1.67948E+00    1.29426E-05
 1.68092E+00    1.31330E-05
 1.69384E+00    1.51083E-05
 1.70000E+00    1.58215E-05
 1.70188E+00    1.60872E-05
 1.73909E+00    2.26663E-05
 1.74983E+00    2.50426E-05
 1.75659E+00    2.66640E-05
 1.76279E+00    2.82416E-05
 1.76575E+00    2.89776E-05
 1.77761E+00    3.17401E-05
 1.80000E+00    3.82167E-05
 1.90000E+00    8.35526E-05
 2.00000E+00    1.66797E-04
 2.25000E+00    8.46051E-04
 2.50000E+00    1.90740E-03
 2.75000E+00    5.08046E-03
 3.00000E+00    2.19358E-01
 3.50000E+00    2.39963E-01
 4.00000E+00    2.70686E-01
 4.50000E+00    3.18517E-01
 5.00000E+00    3.81789E-01
 5.50000E+00    4.45970E-01
 6.00000E+00    4.90937E-01
 6.50000E+00    5.04423E-01
 7.00000E+00    4.89311E-01
 7.50000E+00    4.59035E-01
 8.00000E+00    4.27277E-01
 8.50000E+00    4.01692E-01
 9.00000E+00    3.83677E-01
 9.50000E+00    3.71126E-01
 1.00000E+01    3.61208E-01
 1.05000E+01    3.51266E-01
 1.10000E+01    3.41770E-01
 1.15000E+01    3.30426E-01
 1.20000E+01    3.19452E-01
 1.25000E+01    3.07087E-01
 1.30000E+01    2.94997E-01
 1.35000E+01    2.82052E-01
 1.40000E+01    2.69339E-01
 1.45000E+01    2.56654E-01
 1.50000E+01    2.44168E-01
 1.55000E+01    2.32455E-01
 1.60000E+01    2.21163E-01
 1.65000E+01    2.10995E-01
 1.70000E+01    2.00749E-01
 1.75000E+01    1.91049E-01
 1.80000E+01    1.81555E-01
 1.85000E+01    1.72920E-01
 1.90000E+01    1.64398E-01
 1.95000E+01    1.56687E-01
 2.00000E+01    1.49074E-01
