# n + Po208 : (n,n'17)  
# tendl.2019 A.J. Koning and D. Rochman        EVAL-NOV19
# uncertainties: n
# # energies =    72
#   E(MeV)       xs(mb) 
 2.34667E+00    0.00000E+00
 2.38071E+00    3.33550E-01
 2.40000E+00    5.22571E-01
 2.42626E+00    8.90461E-01
 2.51944E+00    2.19587E+00
 2.53864E+00    2.46486E+00
 2.56691E+00    2.86091E+00
 2.56829E+00    2.88024E+00
 2.58711E+00    3.14390E+00
 2.60000E+00    3.32448E+00
 2.71614E+00    4.66417E+00
 2.80000E+00    5.63150E+00
 2.81370E+00    5.77462E+00
 2.89823E+00    6.65769E+00
 2.94087E+00    7.10315E+00
 3.00000E+00    7.72087E+00
 3.12804E+00    9.22273E+00
 3.15998E+00    9.59738E+00
 3.20000E+00    1.00668E+01
 3.40000E+00    1.24834E+01
 3.60000E+00    1.47235E+01
 3.80000E+00    1.65611E+01
 4.00000E+00    1.77002E+01
 4.20000E+00    1.78879E+01
 4.40000E+00    1.70641E+01
 4.60000E+00    1.54224E+01
 4.80000E+00    1.33013E+01
 5.00000E+00    1.10464E+01
 5.20000E+00    8.91805E+00
 5.40000E+00    7.04309E+00
 5.60000E+00    5.49291E+00
 5.80000E+00    4.25285E+00
 6.00000E+00    3.28092E+00
 6.20000E+00    2.52662E+00
 6.40000E+00    1.94302E+00
 6.60000E+00    1.49084E+00
 6.80000E+00    1.14210E+00
 7.00000E+00    8.72324E-01
 7.20000E+00    6.64652E-01
 7.40000E+00    5.05295E-01
 7.60000E+00    3.83859E-01
 7.80000E+00    2.91137E-01
 8.00000E+00    2.20874E-01
 8.50000E+00    1.11343E-01
 9.00000E+00    5.67979E-02
 9.50000E+00    2.93655E-02
 1.00000E+01    1.53612E-02
 1.05000E+01    8.10169E-03
 1.10000E+01    4.29482E-03
 1.15000E+01    2.28425E-03
 1.20000E+01    1.21901E-03
 1.25000E+01    6.53190E-04
 1.30000E+01    3.51704E-04
 1.35000E+01    1.90349E-04
 1.40000E+01    1.03568E-04
 1.45000E+01    5.66367E-05
 1.50000E+01    3.11219E-05
 1.60000E+01    9.52271E-06
 1.70000E+01    2.94966E-06
 1.80000E+01    9.31910E-07
 1.90000E+01    2.99610E-07
 2.00000E+01    9.82400E-08
 2.10000E+01    3.29170E-08
 2.20000E+01    1.12500E-08
 2.30000E+01    3.92200E-09
 2.40000E+01    1.38850E-09
 2.50000E+01    4.98670E-10
 2.60000E+01    1.81540E-10
 2.70000E+01    6.69800E-11
 2.80000E+01    2.50560E-11
 2.90000E+01    9.50640E-12
 3.00000E+01    3.65750E-12
