# n + Po208 : (n,d)     
# tendl.2019 A.J. Koning and D. Rochman        EVAL-NOV19
# uncertainties: y
# # energies =    48
#   E(MeV)       xs(mb)       xslow(mb)      xsupp(mb)
 2.49139E+00    0.00000E+00    0.00000E+00    0.00000E+00
 4.60000E+00    6.38670E-16    0.00000E+00    4.80068E-15
 4.80000E+00    1.28700E-14    0.00000E+00    9.67396E-14
 5.00000E+00    1.58890E-13    0.00000E+00    1.19433E-12
 5.20000E+00    1.42980E-12    0.00000E+00    1.07473E-11
 5.40000E+00    9.87720E-12    0.00000E+00    7.42437E-11
 5.60000E+00    5.47690E-11    0.00000E+00    4.11681E-10
 5.80000E+00    2.52030E-10    0.00000E+00    1.89443E-09
 6.00000E+00    9.88430E-10    0.00000E+00    7.42971E-09
 6.20000E+00    3.37660E-09    0.00000E+00    2.53808E-08
 6.40000E+00    1.02300E-08    0.00000E+00    7.68956E-08
 6.60000E+00    3.75960E-08    0.00000E+00    2.11918E-07
 6.80000E+00    9.49920E-08    0.00000E+00    5.35444E-07
 7.00000E+00    1.51760E-07    0.00000E+00    8.55429E-07
 7.20000E+00    4.67150E-07    0.00000E+00    2.63320E-06
 7.40000E+00    7.92420E-07    0.00000E+00    4.46665E-06
 7.60000E+00    1.56103E-06    0.00000E+00    8.79909E-06
 7.80000E+00    2.75786E-06    0.00000E+00    1.55453E-05
 8.00000E+00    4.07285E-06    0.00000E+00    2.29575E-05
 8.50000E+00    1.45854E-05    0.00000E+00    8.22139E-05
 9.00000E+00    4.74618E-05    0.00000E+00    2.47934E-04
 9.50000E+00    1.50574E-04    0.00000E+00    7.86579E-04
 1.00000E+01    4.73514E-04    0.00000E+00    2.47358E-03
 1.05000E+01    1.44424E-03    0.00000E+00    7.54453E-03
 1.10000E+01    4.15752E-03    0.00000E+00    2.17184E-02
 1.15000E+01    1.11006E-02    0.00000E+00    5.79881E-02
 1.20000E+01    2.72709E-02    0.00000E+00    1.42460E-01
 1.25000E+01    6.25388E-02    0.00000E+00    3.26695E-01
 1.30000E+01    1.29463E-01    0.00000E+00    4.38433E-01
 1.35000E+01    2.45870E-01    0.00000E+00    8.32652E-01
 1.40000E+01    4.29659E-01    0.00000E+00    1.45506E+00
 1.45000E+01    6.94606E-01    0.00000E+00    2.35232E+00
 1.50000E+01    1.04714E+00    0.00000E+00    3.54619E+00
 1.60000E+01    2.01206E+00    0.00000E+00    4.54658E+00
 1.70000E+01    3.33866E+00    0.00000E+00    7.54425E+00
 1.80000E+01    4.84650E+00    0.00000E+00    1.09515E+01
 1.90000E+01    6.49461E+00    0.00000E+00    1.46756E+01
 2.00000E+01    8.16572E+00    4.30266E-01    1.59012E+01
 2.10000E+01    9.78812E+00    5.15753E-01    1.90605E+01
 2.20000E+01    1.12085E+01    5.90595E-01    2.18264E+01
 2.30000E+01    1.25435E+01    6.60938E-01    2.44261E+01
 2.40000E+01    1.44877E+01    1.94304E+00    2.70324E+01
 2.50000E+01    1.50538E+01    2.01897E+00    2.80886E+01
 2.60000E+01    1.55842E+01    2.09010E+00    2.90783E+01
 2.70000E+01    1.57985E+01    2.11884E+00    2.94782E+01
 2.80000E+01    1.60088E+01    2.14705E+00    2.98706E+01
 2.90000E+01    1.59562E+01    2.13999E+00    2.97724E+01
 3.00000E+01    1.60376E+01    2.15091E+00    2.99243E+01
