# n + Po208 :  n        
# tendl.2019 A.J. Koning and D. Rochman        EVAL-NOV19
# uncertainties: y
# # energies =    55
#   E(MeV)       xs(mb)       xslow(mb)      xsupp(mb)
 3.15998E+00    0.00000E+00    0.00000E+00    0.00000E+00
 3.20000E+00    1.58866E+01    1.15419E+01    2.02313E+01
 3.40000E+00    1.22032E+02    8.86587E+01    1.55406E+02
 3.60000E+00    3.29811E+02    2.39614E+02    4.20008E+02
 3.80000E+00    5.88578E+02    4.27613E+02    7.49543E+02
 4.00000E+00    8.58540E+02    6.23745E+02    1.09333E+03
 4.20000E+00    1.11808E+03    8.12304E+02    1.42385E+03
 4.40000E+00    1.35709E+03    9.85950E+02    1.72823E+03
 4.60000E+00    1.56868E+03    1.38692E+03    1.75044E+03
 4.80000E+00    1.74872E+03    1.54609E+03    1.95134E+03
 5.00000E+00    1.89525E+03    1.67565E+03    2.11485E+03
 5.20000E+00    2.00943E+03    1.77660E+03    2.24226E+03
 5.40000E+00    2.09616E+03    1.85328E+03    2.33904E+03
 5.60000E+00    2.15943E+03    1.90922E+03    2.40964E+03
 5.80000E+00    2.20507E+03    1.94957E+03    2.46057E+03
 6.00000E+00    2.23807E+03    1.97875E+03    2.49739E+03
 6.20000E+00    2.26257E+03    2.00041E+03    2.52473E+03
 6.40000E+00    2.28179E+03    2.01740E+03    2.54618E+03
 6.60000E+00    2.29800E+03    2.04860E+03    2.54740E+03
 6.80000E+00    2.31273E+03    2.06173E+03    2.56372E+03
 7.00000E+00    2.32696E+03    2.07442E+03    2.57950E+03
 7.20000E+00    2.34113E+03    2.08705E+03    2.59521E+03
 7.40000E+00    2.35536E+03    2.09974E+03    2.61099E+03
 7.60000E+00    2.36950E+03    2.11234E+03    2.62666E+03
 7.80000E+00    2.38328E+03    2.12463E+03    2.64194E+03
 8.00000E+00    2.39639E+03    2.13631E+03    2.65647E+03
 8.50000E+00    2.41212E+03    2.15033E+03    2.67390E+03
 9.00000E+00    2.22141E+03    1.36770E+03    3.07512E+03
 9.50000E+00    1.88221E+03    1.15886E+03    2.60557E+03
 1.00000E+01    1.51431E+03    9.32346E+02    2.09628E+03
 1.05000E+01    1.15549E+03    7.11425E+02    1.59956E+03
 1.10000E+01    8.56746E+02    5.27490E+02    1.18600E+03
 1.15000E+01    6.33074E+02    3.89777E+02    8.76370E+02
 1.20000E+01    4.81583E+02    2.96506E+02    6.66660E+02
 1.25000E+01    3.75283E+02    2.31058E+02    5.19508E+02
 1.30000E+01    3.09308E+02    1.98081E+02    4.20536E+02
 1.35000E+01    2.66151E+02    1.70443E+02    3.61859E+02
 1.40000E+01    2.38312E+02    1.52615E+02    3.24009E+02
 1.45000E+01    2.19972E+02    1.40870E+02    2.99075E+02
 1.50000E+01    2.07467E+02    1.32862E+02    2.82072E+02
 1.60000E+01    1.91407E+02    1.30787E+02    2.52028E+02
 1.70000E+01    1.84022E+02    1.25740E+02    2.42303E+02
 1.80000E+01    1.74891E+02    1.19501E+02    2.30280E+02
 1.90000E+01    1.67355E+02    1.14352E+02    2.20358E+02
 2.00000E+01    1.60840E+02    1.10465E+02    2.11215E+02
 2.10000E+01    1.55006E+02    1.06458E+02    2.03553E+02
 2.20000E+01    1.49067E+02    1.02379E+02    1.95755E+02
 2.30000E+01    1.43158E+02    9.83213E+01    1.87995E+02
 2.40000E+01    1.37257E+02    9.62880E+01    1.78226E+02
 2.50000E+01    1.31891E+02    9.25232E+01    1.71258E+02
 2.60000E+01    1.26863E+02    8.89962E+01    1.64730E+02
 2.70000E+01    1.22205E+02    8.57286E+01    1.58681E+02
 2.80000E+01    1.18252E+02    8.29557E+01    1.53549E+02
 2.90000E+01    1.13602E+02    7.96937E+01    1.47511E+02
 3.00000E+01    1.09467E+02    7.67930E+01    1.42142E+02
