# n + Er170 : (n,g)     
# endfb8.0   Harun-Ar-Rashid+, Mughabghab      EVAL-JAN05
# uncertainties: y
# # energies =   616
#   E(MeV)       xs(mb)       xslow(mb)      xsupp(mb)
 1.00000E-11    4.40161E+05    4.40161E+05    4.40161E+05
 1.04713E-11    4.30144E+05    4.30144E+05    4.30144E+05
 1.09648E-11    4.20348E+05    4.20348E+05    4.20348E+05
 1.14815E-11    4.10785E+05    4.10785E+05    4.10785E+05
 1.20226E-11    4.01429E+05    4.01429E+05    4.01429E+05
 1.25893E-11    3.92297E+05    3.92297E+05    3.92297E+05
 1.31826E-11    3.83362E+05    3.83362E+05    3.83362E+05
 1.38038E-11    3.74640E+05    3.74640E+05    3.74640E+05
 1.44544E-11    3.66109E+05    3.66109E+05    3.66109E+05
 1.51356E-11    3.57777E+05    3.57777E+05    3.57777E+05
 1.58489E-11    3.49633E+05    3.49633E+05    3.49633E+05
 1.65959E-11    3.41673E+05    3.41673E+05    3.41673E+05
 1.73780E-11    3.33898E+05    3.33898E+05    3.33898E+05
 1.81970E-11    3.26294E+05    3.26294E+05    3.26294E+05
 1.90546E-11    3.18871E+05    3.18871E+05    3.18871E+05
 1.99526E-11    3.11608E+05    3.11608E+05    3.11608E+05
 2.08930E-11    3.04520E+05    3.04520E+05    3.04520E+05
 2.18776E-11    2.97583E+05    2.97583E+05    2.97583E+05
 2.29087E-11    2.90813E+05    2.90813E+05    2.90813E+05
 2.39883E-11    2.84191E+05    2.84191E+05    2.84191E+05
 2.51189E-11    2.77723E+05    2.77723E+05    2.77723E+05
 2.63027E-11    2.71402E+05    2.71402E+05    2.71402E+05
 2.75423E-11    2.65222E+05    2.65222E+05    2.65222E+05
 2.88403E-11    2.59188E+05    2.59188E+05    2.59188E+05
 3.01995E-11    2.53284E+05    2.53284E+05    2.53284E+05
 3.16228E-11    2.47523E+05    2.47523E+05    2.47523E+05
 3.31131E-11    2.41885E+05    2.41885E+05    2.41885E+05
 3.46737E-11    2.36382E+05    2.36382E+05    2.36382E+05
 3.63078E-11    2.30998E+05    2.30998E+05    2.30998E+05
 3.80189E-11    2.25743E+05    2.25743E+05    2.25743E+05
 3.98107E-11    2.20603E+05    2.20603E+05    2.20603E+05
 4.16869E-11    2.15582E+05    2.15582E+05    2.15582E+05
 4.36516E-11    2.10675E+05    2.10675E+05    2.10675E+05
 4.57088E-11    2.05878E+05    2.05878E+05    2.05878E+05
 4.78630E-11    2.01194E+05    2.01194E+05    2.01194E+05
 5.01187E-11    1.96611E+05    1.96611E+05    1.96611E+05
 5.24807E-11    1.92139E+05    1.92139E+05    1.92139E+05
 5.49541E-11    1.87762E+05    1.87762E+05    1.87762E+05
 5.75440E-11    1.83491E+05    1.83491E+05    1.83491E+05
 6.02560E-11    1.79312E+05    1.79312E+05    1.79312E+05
 6.30957E-11    1.75232E+05    1.75232E+05    1.75232E+05
 6.60693E-11    1.71243E+05    1.71243E+05    1.71243E+05
 6.91831E-11    1.67344E+05    1.67344E+05    1.67344E+05
 7.24436E-11    1.63536E+05    1.63536E+05    1.63536E+05
 7.58578E-11    1.59812E+05    1.59812E+05    1.59812E+05
 7.94328E-11    1.56176E+05    1.56176E+05    1.56176E+05
 8.31764E-11    1.52619E+05    1.52619E+05    1.52619E+05
 8.70964E-11    1.49147E+05    1.49147E+05    1.49147E+05
 9.12011E-11    1.45750E+05    1.45750E+05    1.45750E+05
 9.54993E-11    1.42434E+05    1.42434E+05    1.42434E+05
 1.00000E-10    1.39191E+05    1.39191E+05    1.39191E+05
 1.04713E-10    1.36023E+05    1.36023E+05    1.36023E+05
 1.09648E-10    1.32927E+05    1.32927E+05    1.32927E+05
 1.14815E-10    1.29900E+05    1.29900E+05    1.29900E+05
 1.20226E-10    1.26945E+05    1.26945E+05    1.26945E+05
 1.25893E-10    1.24053E+05    1.24053E+05    1.24053E+05
 1.31826E-10    1.21231E+05    1.21231E+05    1.21231E+05
 1.38038E-10    1.18470E+05    1.18470E+05    1.18470E+05
 1.44544E-10    1.15775E+05    1.15775E+05    1.15775E+05
 1.51356E-10    1.13138E+05    1.13138E+05    1.13138E+05
 1.58489E-10    1.10564E+05    1.10564E+05    1.10564E+05
 1.65959E-10    1.08046E+05    1.08046E+05    1.08046E+05
 1.73780E-10    1.05587E+05    1.05587E+05    1.05587E+05
 1.81970E-10    1.03184E+05    1.03184E+05    1.03184E+05
 1.90546E-10    1.00835E+05    1.00835E+05    1.00835E+05
 1.99526E-10    9.85404E+04    9.85404E+04    9.85404E+04
 2.08930E-10    9.62960E+04    9.62960E+04    9.62960E+04
 2.18776E-10    9.41055E+04    9.41055E+04    9.41055E+04
 2.29087E-10    9.19619E+04    9.19619E+04    9.19619E+04
 2.39883E-10    8.98699E+04    8.98699E+04    8.98699E+04
 2.51189E-10    8.78232E+04    8.78232E+04    8.78232E+04
 2.63027E-10    8.58248E+04    8.58248E+04    8.58248E+04
 2.75423E-10    8.38709E+04    8.38709E+04    8.38709E+04
 2.88403E-10    8.19616E+04    8.19616E+04    8.19616E+04
 3.01995E-10    8.00965E+04    8.00965E+04    8.00965E+04
 3.16228E-10    7.82724E+04    7.82724E+04    7.82724E+04
 3.31131E-10    7.64917E+04    7.64917E+04    7.64917E+04
 3.46737E-10    7.47494E+04    7.47494E+04    7.47494E+04
 3.63078E-10    7.30491E+04    7.30491E+04    7.30491E+04
 3.80189E-10    7.13852E+04    7.13852E+04    7.13852E+04
 3.98107E-10    6.97612E+04    6.97612E+04    6.97612E+04
 4.16869E-10    6.81725E+04    6.81725E+04    6.81725E+04
 4.36516E-10    6.66212E+04    6.66212E+04    6.66212E+04
 4.57088E-10    6.51046E+04    6.51046E+04    6.51046E+04
 4.78630E-10    6.36223E+04    6.36223E+04    6.36223E+04
 5.01187E-10    6.21747E+04    6.21747E+04    6.21747E+04
 5.24807E-10    6.07586E+04    6.07586E+04    6.07586E+04
 5.49541E-10    5.93765E+04    5.93765E+04    5.93765E+04
 5.75440E-10    5.80240E+04    5.80240E+04    5.80240E+04
 6.02560E-10    5.67041E+04    5.67041E+04    5.67041E+04
 6.30957E-10    5.54125E+04    5.54125E+04    5.54125E+04
 6.60693E-10    5.41518E+04    5.41518E+04    5.41518E+04
 6.91831E-10    5.29188E+04    5.29188E+04    5.29188E+04
 7.24436E-10    5.17143E+04    5.17143E+04    5.17143E+04
 7.58578E-10    5.05373E+04    5.05373E+04    5.05373E+04
 7.94328E-10    4.93865E+04    4.93865E+04    4.93865E+04
 8.31764E-10    4.82629E+04    4.82629E+04    4.82629E+04
 8.70964E-10    4.71636E+04    4.71636E+04    4.71636E+04
 9.12011E-10    4.60908E+04    4.60908E+04    4.60908E+04
 9.54993E-10    4.50409E+04    4.50409E+04    4.50409E+04
 1.00000E-09    4.40163E+04    4.40163E+04    4.40163E+04
 1.04713E-09    4.30138E+04    4.30138E+04    4.30138E+04
 1.09648E-09    4.20351E+04    4.20351E+04    4.20351E+04
 1.14815E-09    4.10780E+04    4.10780E+04    4.10780E+04
 1.20226E-09    4.01430E+04    4.01430E+04    4.01430E+04
 1.25892E-09    3.92294E+04    3.92294E+04    3.92294E+04
 1.31826E-09    3.83360E+04    3.83360E+04    3.83360E+04
 1.38038E-09    3.74639E+04    3.74639E+04    3.74639E+04
 1.44544E-09    3.66105E+04    3.66105E+04    3.66105E+04
 1.51356E-09    3.57778E+04    3.57778E+04    3.57778E+04
 1.58489E-09    3.49628E+04    3.49628E+04    3.49628E+04
 1.65959E-09    3.41674E+04    3.41674E+04    3.41674E+04
 1.73780E-09    3.33893E+04    3.33893E+04    3.33893E+04
 1.81970E-09    3.26295E+04    3.26295E+04    3.26295E+04
 1.90546E-09    3.18867E+04    3.18867E+04    3.18867E+04
 1.99526E-09    3.11607E+04    3.11607E+04    3.11607E+04
 2.08930E-09    3.04517E+04    3.04517E+04    3.04517E+04
 2.18776E-09    2.97581E+04    2.97581E+04    2.97581E+04
 2.29087E-09    2.90812E+04    2.90812E+04    2.90812E+04
 2.39883E-09    2.84187E+04    2.84187E+04    2.84187E+04
 2.51189E-09    2.77723E+04    2.77723E+04    2.77723E+04
 2.63027E-09    2.71397E+04    2.71397E+04    2.71397E+04
 2.75423E-09    2.65222E+04    2.65222E+04    2.65222E+04
 2.88403E-09    2.59183E+04    2.59183E+04    2.59183E+04
 3.01995E-09    2.53284E+04    2.53284E+04    2.53284E+04
 3.16228E-09    2.47519E+04    2.47519E+04    2.47519E+04
 3.31131E-09    2.41883E+04    2.41883E+04    2.41883E+04
 3.46737E-09    2.36380E+04    2.36380E+04    2.36380E+04
 3.63078E-09    2.30996E+04    2.30996E+04    2.30996E+04
 3.80189E-09    2.25741E+04    2.25741E+04    2.25741E+04
 3.98107E-09    2.20599E+04    2.20599E+04    2.20599E+04
 4.16869E-09    2.15581E+04    2.15581E+04    2.15581E+04
 4.36516E-09    2.10671E+04    2.10671E+04    2.10671E+04
 4.57088E-09    2.05878E+04    2.05878E+04    2.05878E+04
 4.78630E-09    2.01191E+04    2.01191E+04    2.01191E+04
 5.01187E-09    1.96612E+04    1.96612E+04    1.96612E+04
 5.24807E-09    1.92138E+04    1.92138E+04    1.92138E+04
 5.49541E-09    1.87763E+04    1.87763E+04    1.87763E+04
 5.75440E-09    1.83492E+04    1.83492E+04    1.83492E+04
 6.02560E-09    1.79313E+04    1.79313E+04    1.79313E+04
 6.30957E-09    1.75234E+04    1.75234E+04    1.75234E+04
 6.60693E-09    1.71243E+04    1.71243E+04    1.71243E+04
 6.91831E-09    1.67347E+04    1.67347E+04    1.67347E+04
 7.24436E-09    1.63536E+04    1.63536E+04    1.63536E+04
 7.58578E-09    1.59815E+04    1.59815E+04    1.59815E+04
 7.94328E-09    1.56176E+04    1.56176E+04    1.56176E+04
 8.31764E-09    1.52620E+04    1.52620E+04    1.52620E+04
 8.70964E-09    1.49147E+04    1.49147E+04    1.49147E+04
 9.12011E-09    1.45750E+04    1.45750E+04    1.45750E+04
 9.54993E-09    1.42434E+04    1.42434E+04    1.42434E+04
 1.00000E-08    1.39189E+04    1.39189E+04    1.39189E+04
 1.04713E-08    1.36023E+04    1.36023E+04    1.36023E+04
 1.09648E-08    1.32925E+04    1.32925E+04    1.32925E+04
 1.14815E-08    1.29901E+04    1.29901E+04    1.29901E+04
 1.20226E-08    1.26943E+04    1.26943E+04    1.26943E+04
 1.25893E-08    1.24054E+04    1.24054E+04    1.24054E+04
 1.31826E-08    1.21230E+04    1.21230E+04    1.21230E+04
 1.38038E-08    1.18470E+04    1.18470E+04    1.18470E+04
 1.44544E-08    1.15774E+04    1.15774E+04    1.15774E+04
 1.51356E-08    1.13137E+04    1.13137E+04    1.13137E+04
 1.58489E-08    1.10562E+04    1.10562E+04    1.10562E+04
 1.65959E-08    1.08043E+04    1.08043E+04    1.08043E+04
 1.73780E-08    1.05585E+04    1.05585E+04    1.05585E+04
 1.81970E-08    1.03180E+04    1.03180E+04    1.03180E+04
 1.90546E-08    1.00832E+04    1.00832E+04    1.00832E+04
 1.99526E-08    9.85354E+03    9.85354E+03    9.85354E+03
 2.08930E-08    9.62923E+03    9.62923E+03    9.62923E+03
 2.18776E-08    9.41005E+03    9.41005E+03    9.41005E+03
 2.29087E-08    9.19576E+03    9.19576E+03    9.19576E+03
 2.39883E-08    8.98654E+03    8.98654E+03    8.98654E+03
 2.51189E-08    8.78184E+03    8.78184E+03    8.78184E+03
 2.63027E-08    8.58211E+03    8.58211E+03    8.58211E+03
 2.75423E-08    8.38663E+03    8.38663E+03    8.38663E+03
 2.88403E-08    8.19581E+03    8.19581E+03    8.19581E+03
 3.01995E-08    8.00915E+03    8.00915E+03    8.00915E+03
 3.16228E-08    7.82682E+03    7.82682E+03    7.82682E+03
 3.31131E-08    7.64861E+03    7.64861E+03    7.64861E+03
 3.46737E-08    7.47439E+03    7.47439E+03    7.47439E+03
 3.63078E-08    7.30426E+03    7.30426E+03    7.30426E+03
 3.80189E-08    7.13783E+03    7.13783E+03    7.13783E+03
 3.98107E-08    6.97540E+03    6.97540E+03    6.97540E+03
 4.16869E-08    6.81645E+03    6.81645E+03    6.81645E+03
 4.36516E-08    6.66133E+03    6.66133E+03    6.66133E+03
 4.57088E-08    6.50957E+03    6.50957E+03    6.50957E+03
 4.78630E-08    6.36142E+03    6.36142E+03    6.36142E+03
 5.01187E-08    6.21657E+03    6.21657E+03    6.21657E+03
 5.24807E-08    6.07507E+03    6.07507E+03    6.07507E+03
 5.49541E-08    5.93681E+03    5.93681E+03    5.93681E+03
 5.75440E-08    5.80158E+03    5.80158E+03    5.80158E+03
 6.02560E-08    5.66954E+03    5.66954E+03    5.66954E+03
 6.30957E-08    5.54033E+03    5.54033E+03    5.54033E+03
 6.60693E-08    5.41423E+03    5.41423E+03    5.41423E+03
 6.91831E-08    5.29083E+03    5.29083E+03    5.29083E+03
 7.24436E-08    5.17039E+03    5.17039E+03    5.17039E+03
 7.58578E-08    5.05257E+03    5.05257E+03    5.05257E+03
 7.94328E-08    4.93752E+03    4.93752E+03    4.93752E+03
 8.31764E-08    4.82504E+03    4.82504E+03    4.82504E+03
 8.70964E-08    4.71512E+03    4.71512E+03    4.71512E+03
 9.12011E-08    4.60776E+03    4.60776E+03    4.60776E+03
 9.54993E-08    4.50275E+03    4.50275E+03    4.50275E+03
 1.00000E-07    4.40025E+03    4.40025E+03    4.40025E+03
 1.04713E-07    4.29998E+03    4.29998E+03    4.29998E+03
 1.09648E-07    4.20215E+03    4.20215E+03    4.20215E+03
 1.14815E-07    4.10640E+03    4.10640E+03    4.10640E+03
 1.20226E-07    4.01291E+03    4.01291E+03    4.01291E+03
 1.25893E-07    3.92144E+03    3.92144E+03    3.92144E+03
 1.31826E-07    3.83211E+03    3.83211E+03    3.83211E+03
 1.38038E-07    3.74479E+03    3.74479E+03    3.74479E+03
 1.44544E-07    3.65943E+03    3.65943E+03    3.65943E+03
 1.51356E-07    3.57608E+03    3.57608E+03    3.57608E+03
 1.58489E-07    3.49453E+03    3.49453E+03    3.49453E+03
 1.65959E-07    3.41495E+03    3.41495E+03    3.41495E+03
 1.73780E-07    3.33706E+03    3.33706E+03    3.33706E+03
 1.81970E-07    3.26106E+03    3.26106E+03    3.26106E+03
 1.90546E-07    3.18669E+03    3.18669E+03    3.18669E+03
 1.99526E-07    3.11409E+03    3.11409E+03    3.11409E+03
 2.08930E-07    3.04313E+03    3.04313E+03    3.04313E+03
 2.18776E-07    2.97382E+03    2.97382E+03    2.97382E+03
 2.29087E-07    2.90605E+03    2.90605E+03    2.90605E+03
 2.39883E-07    2.83977E+03    2.83977E+03    2.83977E+03
 2.51189E-07    2.77505E+03    2.77505E+03    2.77505E+03
 2.63027E-07    2.71172E+03    2.71172E+03    2.71172E+03
 2.75423E-07    2.64992E+03    2.64992E+03    2.64992E+03
 2.88403E-07    2.58944E+03    2.58944E+03    2.58944E+03
 3.01995E-07    2.53041E+03    2.53041E+03    2.53041E+03
 3.16228E-07    2.47266E+03    2.47266E+03    2.47266E+03
 3.31131E-07    2.41627E+03    2.41627E+03    2.41627E+03
 3.46737E-07    2.36114E+03    2.36114E+03    2.36114E+03
 3.63078E-07    2.30726E+03    2.30726E+03    2.30726E+03
 3.80189E-07    2.25463E+03    2.25463E+03    2.25463E+03
 3.98107E-07    2.20315E+03    2.20315E+03    2.20315E+03
 4.16869E-07    2.15292E+03    2.15292E+03    2.15292E+03
 4.36516E-07    2.10379E+03    2.10379E+03    2.10379E+03
 4.57088E-07    2.05582E+03    2.05582E+03    2.05582E+03
 4.78630E-07    2.00885E+03    2.00885E+03    2.00885E+03
 5.01187E-07    1.96300E+03    1.96300E+03    1.96300E+03
 5.24807E-07    1.91814E+03    1.91814E+03    1.91814E+03
 5.49541E-07    1.87434E+03    1.87434E+03    1.87434E+03
 5.75440E-07    1.83152E+03    1.83152E+03    1.83152E+03
 6.02560E-07    1.78966E+03    1.78966E+03    1.78966E+03
 6.30957E-07    1.74878E+03    1.74878E+03    1.74878E+03
 6.60693E-07    1.70879E+03    1.70879E+03    1.70879E+03
 6.91831E-07    1.66975E+03    1.66975E+03    1.66975E+03
 7.24436E-07    1.63155E+03    1.63155E+03    1.63155E+03
 7.58578E-07    1.59427E+03    1.59427E+03    1.59427E+03
 7.94328E-07    1.55779E+03    1.55779E+03    1.55779E+03
 8.31764E-07    1.52218E+03    1.52218E+03    1.52218E+03
 8.70964E-07    1.48738E+03    1.48738E+03    1.48738E+03
 9.12011E-07    1.45337E+03    1.45337E+03    1.45337E+03
 9.54993E-07    1.42010E+03    1.42010E+03    1.42010E+03
 1.00000E-06    1.38758E+03    1.38758E+03    1.38758E+03
 1.04713E-06    1.35586E+03    1.35586E+03    1.35586E+03
 1.09648E-06    1.32483E+03    1.32483E+03    1.32483E+03
 1.14815E-06    1.29460E+03    1.29460E+03    1.29460E+03
 1.20226E-06    1.26500E+03    1.26500E+03    1.26500E+03
 1.25893E-06    1.23603E+03    1.23603E+03    1.23603E+03
 1.31826E-06    1.20782E+03    1.20782E+03    1.20782E+03
 1.38038E-06    1.18009E+03    1.18009E+03    1.18009E+03
 1.44544E-06    1.15302E+03    1.15302E+03    1.15302E+03
 1.51356E-06    1.12710E+03    1.12710E+03    1.12710E+03
 1.58489E-06    1.10090E+03    1.10090E+03    1.10090E+03
 1.65959E-06    1.07596E+03    1.07596E+03    1.07596E+03
 1.73780E-06    1.05099E+03    1.05099E+03    1.05099E+03
 1.81970E-06    1.02722E+03    1.02722E+03    1.02722E+03
 1.90546E-06    1.00322E+03    1.00322E+03    1.00322E+03
 1.99526E-06    9.80657E+02    9.80657E+02    9.80657E+02
 2.08930E-06    9.57672E+02    9.57672E+02    9.57672E+02
 2.18776E-06    9.36091E+02    9.36091E+02    9.36091E+02
 2.29087E-06    9.14341E+02    9.14341E+02    9.14341E+02
 2.39883E-06    8.93770E+02    8.93770E+02    8.93770E+02
 2.51189E-06    8.72828E+02    8.72828E+02    8.72828E+02
 2.63027E-06    8.53009E+02    8.53009E+02    8.53009E+02
 2.75423E-06    8.33092E+02    8.33092E+02    8.33092E+02
 2.88403E-06    8.14116E+02    8.14116E+02    8.14116E+02
 3.01995E-06    7.95127E+02    7.95127E+02    7.95127E+02
 3.16228E-06    7.77027E+02    7.77027E+02    7.77027E+02
 3.31131E-06    7.58935E+02    7.58935E+02    7.58935E+02
 3.46737E-06    7.41730E+02    7.41730E+02    7.41730E+02
 3.63078E-06    7.24251E+02    7.24251E+02    7.24251E+02
 3.80189E-06    7.07938E+02    7.07938E+02    7.07938E+02
 3.98107E-06    6.91336E+02    6.91336E+02    6.91336E+02
 4.16869E-06    6.75747E+02    6.75747E+02    6.75747E+02
 4.36516E-06    6.59928E+02    6.59928E+02    6.59928E+02
 4.57088E-06    6.45134E+02    6.45134E+02    6.45134E+02
 4.78630E-06    6.30250E+02    6.30250E+02    6.30250E+02
 5.01187E-06    6.15768E+02    6.15768E+02    6.15768E+02
 5.24807E-06    6.01621E+02    6.01621E+02    6.01621E+02
 5.49541E-06    5.87699E+02    5.87699E+02    5.87699E+02
 5.75440E-06    5.74464E+02    5.74464E+02    5.74464E+02
 6.02560E-06    5.61003E+02    5.61003E+02    5.61003E+02
 6.30957E-06    5.48432E+02    5.48432E+02    5.48432E+02
 6.60693E-06    5.35756E+02    5.35756E+02    5.35756E+02
 6.91831E-06    5.23696E+02    5.23696E+02    5.23696E+02
 7.24436E-06    5.11729E+02    5.11729E+02    5.11729E+02
 7.58578E-06    5.00307E+02    5.00307E+02    5.00307E+02
 7.94328E-06    4.88787E+02    4.88787E+02    4.88787E+02
 8.31764E-06    4.78009E+02    4.78009E+02    4.78009E+02
 8.70964E-06    4.67069E+02    4.67069E+02    4.67069E+02
 9.12011E-06    4.56878E+02    4.56878E+02    4.56878E+02
 9.54993E-06    4.46837E+02    4.46837E+02    4.46837E+02
 1.00000E-05    4.37055E+02    4.37055E+02    4.37055E+02
 1.04713E-05    4.27426E+02    4.27426E+02    4.27426E+02
 1.09648E-05    4.18236E+02    4.18236E+02    4.18236E+02
 1.14815E-05    4.09193E+02    4.09193E+02    4.09193E+02
 1.20226E-05    4.00508E+02    4.00508E+02    4.00508E+02
 1.25893E-05    3.92122E+02    3.92122E+02    3.92122E+02
 1.31826E-05    3.83935E+02    3.83935E+02    3.83935E+02
 1.38038E-05    3.76199E+02    3.76199E+02    3.76199E+02
 1.44544E-05    3.68607E+02    3.68607E+02    3.68607E+02
 1.51356E-05    3.61465E+02    3.61465E+02    3.61465E+02
 1.58489E-05    3.54563E+02    3.54563E+02    3.54563E+02
 1.65959E-05    3.47859E+02    3.47859E+02    3.47859E+02
 1.73780E-05    3.41644E+02    3.41644E+02    3.41644E+02
 1.81970E-05    3.35610E+02    3.35610E+02    3.35610E+02
 1.90546E-05    3.29975E+02    3.29975E+02    3.29975E+02
 1.99526E-05    3.24762E+02    3.24762E+02    3.24762E+02
 2.08930E-05    3.19859E+02    3.19859E+02    3.19859E+02
 2.18776E-05    3.15436E+02    3.15436E+02    3.15436E+02
 2.29087E-05    3.11294E+02    3.11294E+02    3.11294E+02
 2.39883E-05    3.07693E+02    3.07693E+02    3.07693E+02
 2.51189E-05    3.04504E+02    3.04504E+02    3.04504E+02
 2.63027E-05    3.01803E+02    3.01803E+02    3.01803E+02
 2.75423E-05    2.99777E+02    2.99777E+02    2.99777E+02
 2.88403E-05    2.98331E+02    2.98331E+02    2.98331E+02
 3.01995E-05    2.97424E+02    2.97424E+02    2.97424E+02
 3.16228E-05    2.97560E+02    2.97560E+02    2.97560E+02
 3.31131E-05    2.98473E+02    2.98473E+02    2.98473E+02
 3.46737E-05    3.00261E+02    3.00261E+02    3.00261E+02
 3.63078E-05    3.03221E+02    3.03221E+02    3.03221E+02
 3.80189E-05    3.07552E+02    3.07552E+02    3.07552E+02
 3.98107E-05    3.13352E+02    3.13352E+02    3.13352E+02
 4.16869E-05    3.21097E+02    3.21097E+02    3.21097E+02
 4.36516E-05    3.31125E+02    3.31125E+02    3.31125E+02
 4.57088E-05    3.43943E+02    3.43943E+02    3.43943E+02
 4.78630E-05    3.60227E+02    3.60227E+02    3.60227E+02
 5.01187E-05    3.80926E+02    3.80926E+02    3.80926E+02
 5.24807E-05    4.07534E+02    4.07534E+02    4.07534E+02
 5.49541E-05    4.41781E+02    4.41781E+02    4.41781E+02
 5.75440E-05    4.86609E+02    4.86609E+02    4.86609E+02
 6.02560E-05    5.46520E+02    5.46520E+02    5.46520E+02
 6.30957E-05    6.28495E+02    6.28495E+02    6.28495E+02
 6.60693E-05    7.44563E+02    7.44563E+02    7.44563E+02
 6.91831E-05    9.16781E+02    9.16781E+02    9.16781E+02
 7.24436E-05    1.18881E+03    1.18881E+03    1.18881E+03
 7.58578E-05    1.65817E+03    1.65817E+03    1.65817E+03
 7.94328E-05    2.58719E+03    2.58719E+03    2.58719E+03
 8.31764E-05    4.90695E+03    4.90695E+03    4.90695E+03
 8.70964E-05    1.45537E+04    1.45537E+04    1.45537E+04
 9.12011E-05    4.56000E+05    4.56000E+05    4.56000E+05
 9.54993E-05    1.59629E+05    1.59629E+05    1.59629E+05
 1.00000E-04    8.97815E+03    8.97815E+03    8.97815E+03
 1.04713E-04    2.98616E+03    2.98616E+03    2.98616E+03
 1.09648E-04    1.43958E+03    1.43958E+03    1.43958E+03
 1.14815E-04    8.26631E+02    8.26631E+02    8.26631E+02
 1.20226E-04    5.27071E+02    5.27071E+02    5.27071E+02
 1.25893E-04    3.60699E+02    3.60699E+02    3.60699E+02
 1.31826E-04    2.59994E+02    2.59994E+02    2.59994E+02
 1.38038E-04    1.95204E+02    1.95204E+02    1.95204E+02
 1.44544E-04    1.51805E+02    1.51805E+02    1.51805E+02
 1.51356E-04    1.22896E+02    1.22896E+02    1.22896E+02
 1.58489E-04    2.25551E+03    2.25551E+03    2.25551E+03
 1.65959E-04    9.89142E+01    9.89142E+01    9.89142E+01
 1.73780E-04    7.26636E+01    7.26636E+01    7.26636E+01
 1.81970E-04    6.36706E+01    6.36706E+01    6.36706E+01
 1.90546E-04    5.80518E+01    5.80518E+01    5.80518E+01
 1.99526E-04    5.53134E+01    5.53134E+01    5.53134E+01
 2.08930E-04    5.83596E+01    5.83596E+01    5.83596E+01
 2.18776E-04    1.33483E+03    1.33483E+03    1.33483E+03
 2.29087E-04    7.02353E+01    7.02353E+01    7.02353E+01
 2.39883E-04    9.53622E+01    9.53622E+01    9.53622E+01
 2.51189E-04    1.71026E+02    1.71026E+02    1.71026E+02
 2.63027E-04    5.84069E+02    5.84069E+02    5.84069E+02
 2.75423E-04    6.90523E+04    6.90523E+04    6.90523E+04
 2.88403E-04    1.27846E+03    1.27846E+03    1.27846E+03
 3.01995E-04    1.79627E+02    1.79627E+02    1.79627E+02
 3.16228E-04    7.40550E+01    7.40550E+01    7.40550E+01
 3.31131E-04    4.26028E+01    4.26028E+01    4.26028E+01
 3.46737E-04    2.94487E+01    2.94487E+01    2.94487E+01
 3.63078E-04    2.32699E+01    2.32699E+01    2.32699E+01
 3.80189E-04    3.30479E+02    3.30479E+02    3.30479E+02
 3.98107E-04    7.11604E+02    7.11604E+02    7.11604E+02
 4.16869E-04    2.41362E+01    2.41362E+01    2.41362E+01
 4.36516E-04    3.58015E+01    3.58015E+01    3.58015E+01
 4.57088E-04    9.75979E+01    9.75979E+01    9.75979E+01
 4.78630E-04    2.32819E+04    2.32819E+04    2.32819E+04
 5.01187E-04    5.10385E+02    5.10385E+02    5.10385E+02
 5.24807E-04    4.62912E+01    4.62912E+01    4.62912E+01
 5.49541E-04    1.98526E+01    1.98526E+01    1.98526E+01
 5.75440E-04    1.62831E+03    1.62831E+03    1.62831E+03
 6.02560E-04    1.10825E+01    1.10825E+01    1.10825E+01
 6.30957E-04    7.48369E+00    7.48369E+00    7.48369E+00
 6.60693E-04    7.90976E+00    7.90976E+00    7.90976E+00
 6.91831E-04    3.34986E+02    3.34986E+02    3.34986E+02
 7.24436E-04    7.65589E+03    7.65589E+03    7.65589E+03
 7.58578E-04    2.44216E+01    2.44216E+01    2.44216E+01
 7.94328E-04    1.45901E+02    1.45901E+02    1.45901E+02
 8.31764E-04    1.61193E+01    1.61193E+01    1.61193E+01
 8.70964E-04    5.72422E+01    5.72422E+01    5.72422E+01
 9.12011E-04    6.90356E+03    6.90356E+03    6.90356E+03
 9.54993E-04    7.49277E+02    7.49277E+02    7.49277E+02
 1.00000E-03    2.22049E+01    2.22049E+01    2.22049E+01
 1.04713E-03    4.88873E+03    4.88873E+03    4.88873E+03
 1.09648E-03    8.05530E+01    8.05530E+01    8.05530E+01
 1.14815E-03    9.91420E+00    9.91420E+00    9.91420E+00
 1.20226E-03    1.48144E+03    1.48144E+03    1.48144E+03
 1.25893E-03    1.31871E+01    1.31871E+01    1.31871E+01
 1.31826E-03    1.25094E+02    1.25094E+02    1.25094E+02
 1.38038E-03    3.09248E+03    3.09248E+03    3.09248E+03
 1.44544E-03    3.42634E+02    3.42634E+02    3.42634E+02
 1.51356E-03    1.39329E+03    1.39329E+03    1.39329E+03
 1.58489E-03    1.14795E+02    1.14795E+02    1.14795E+02
 1.65959E-03    1.70787E+02    1.70787E+02    1.70787E+02
 1.73780E-03    3.50038E+00    3.50038E+00    3.50038E+00
 1.81970E-03    1.07489E+03    1.07489E+03    1.07489E+03
 1.90546E-03    1.91368E+02    1.91368E+02    1.91368E+02
 1.99526E-03    3.02358E+03    3.02358E+03    3.02358E+03
 2.08930E-03    1.37896E+03    1.37896E+03    1.37896E+03
 2.18776E-03    3.10408E+03    3.10408E+03    3.10408E+03
 2.29087E-03    1.16202E+03    1.16202E+03    1.16202E+03
 2.39883E-03    1.93310E+02    1.93310E+02    1.93310E+02
 2.51189E-03    3.34853E+02    3.34853E+02    3.34853E+02
 2.63027E-03    6.08971E+00    6.08971E+00    6.08971E+00
 2.75423E-03    1.02779E+03    1.02779E+03    1.02779E+03
 2.88403E-03    7.91492E+02    7.91492E+02    7.91492E+02
 3.01995E-03    3.06931E+02    3.06931E+02    3.06931E+02
 3.16228E-03    5.28344E+02    5.28344E+02    5.28344E+02
 3.31131E-03    8.53728E+02    8.53728E+02    8.53728E+02
 3.46737E-03    2.20976E+02    2.20976E+02    2.20976E+02
 3.63078E-03    3.46321E+02    3.46321E+02    3.46321E+02
 3.80189E-03    3.52936E+02    3.52936E+02    3.52936E+02
 3.98107E-03    3.63886E+02    3.63886E+02    3.63886E+02
 4.16869E-03    8.24650E+02    8.24650E+02    8.24650E+02
 4.36516E-03    3.15278E+02    3.15278E+02    3.15278E+02
 4.57088E-03    4.60882E+02    4.60882E+02    4.60882E+02
 4.78630E-03    3.53715E+01    3.53715E+01    3.53715E+01
 5.01187E-03    6.53490E+02    6.53490E+02    6.53490E+02
 5.24807E-03    6.33892E+02    6.33892E+02    6.33892E+02
 5.49541E-03    6.15001E+02    6.15001E+02    6.15001E+02
 5.75440E-03    5.96787E+02    5.96787E+02    5.96787E+02
 6.02560E-03    5.79558E+02    5.79558E+02    5.79558E+02
 6.30957E-03    5.62473E+02    5.62473E+02    5.62473E+02
 6.60693E-03    5.46250E+02    5.46250E+02    5.46250E+02
 6.91831E-03    5.30294E+02    5.30294E+02    5.30294E+02
 7.24436E-03    5.15019E+02    5.15019E+02    5.15019E+02
 7.58578E-03    5.00288E+02    5.00288E+02    5.00288E+02
 7.94328E-03    4.85933E+02    4.85933E+02    4.85933E+02
 8.31764E-03    4.72108E+02    4.72108E+02    4.72108E+02
 8.70964E-03    4.58743E+02    4.58743E+02    4.58743E+02
 9.12011E-03    4.45790E+02    4.45790E+02    4.45790E+02
 9.54993E-03    4.33226E+02    4.33226E+02    4.33226E+02
 1.00000E-02    4.21056E+02    4.21056E+02    4.21056E+02
 1.04713E-02    4.09272E+02    4.09272E+02    4.09272E+02
 1.09648E-02    3.98005E+02    3.98005E+02    3.98005E+02
 1.14815E-02    3.86927E+02    3.86927E+02    3.86927E+02
 1.20226E-02    3.76078E+02    3.76078E+02    3.76078E+02
 1.25893E-02    3.65628E+02    3.65628E+02    3.65628E+02
 1.31826E-02    3.55506E+02    3.55506E+02    3.55506E+02
 1.38038E-02    3.45679E+02    3.45679E+02    3.45679E+02
 1.44544E-02    3.36137E+02    3.36137E+02    3.36137E+02
 1.51356E-02    3.27051E+02    3.27051E+02    3.27051E+02
 1.58489E-02    3.18005E+02    3.18005E+02    3.18005E+02
 1.65959E-02    3.09380E+02    3.09380E+02    3.09380E+02
 1.73780E-02    3.00877E+02    3.00877E+02    3.00877E+02
 1.81970E-02    2.92664E+02    2.92664E+02    2.92664E+02
 1.90546E-02    2.84731E+02    2.84731E+02    2.84731E+02
 1.99526E-02    2.77012E+02    2.77012E+02    2.77012E+02
 2.08930E-02    2.69563E+02    2.69563E+02    2.69563E+02
 2.18776E-02    2.62352E+02    2.62352E+02    2.62352E+02
 2.29087E-02    2.55358E+02    2.55358E+02    2.55358E+02
 2.39883E-02    2.48575E+02    2.48575E+02    2.48575E+02
 2.51189E-02    2.42032E+02    2.42032E+02    2.42032E+02
 2.63027E-02    2.35715E+02    2.35715E+02    2.35715E+02
 2.75423E-02    2.29705E+02    2.29705E+02    2.29705E+02
 2.88403E-02    2.23749E+02    2.23749E+02    2.23749E+02
 3.01995E-02    2.18080E+02    2.18080E+02    2.18080E+02
 3.16228E-02    2.12540E+02    2.12540E+02    2.12540E+02
 3.31131E-02    2.07272E+02    2.07272E+02    2.07272E+02
 3.46737E-02    2.02083E+02    2.02083E+02    2.02083E+02
 3.63078E-02    1.97096E+02    1.97096E+02    1.97096E+02
 3.80189E-02    1.92285E+02    1.92285E+02    1.92285E+02
 3.98107E-02    1.87623E+02    1.87623E+02    1.87623E+02
 4.16869E-02    1.83169E+02    1.83169E+02    1.83169E+02
 4.36516E-02    1.78856E+02    1.78856E+02    1.78856E+02
 4.57088E-02    1.74669E+02    1.74669E+02    1.74669E+02
 4.78630E-02    1.70600E+02    1.70600E+02    1.70600E+02
 5.01187E-02    1.66760E+02    1.66760E+02    1.66760E+02
 5.24807E-02    1.62986E+02    1.62986E+02    1.62986E+02
 5.49541E-02    1.59287E+02    1.59287E+02    1.59287E+02
 5.75440E-02    1.55694E+02    1.55694E+02    1.55694E+02
 6.02560E-02    1.52234E+02    1.52234E+02    1.52234E+02
 6.30957E-02    1.48851E+02    1.48851E+02    1.48851E+02
 6.60693E-02    1.45582E+02    1.45582E+02    1.45582E+02
 6.91831E-02    1.42154E+02    1.42154E+02    1.42154E+02
 7.24436E-02    1.38376E+02    1.38376E+02    1.38376E+02
 7.58578E-02    1.34542E+02    1.34542E+02    1.34542E+02
 7.94328E-02    1.18723E+02    1.18723E+02    1.18723E+02
 8.31764E-02    1.16118E+02    1.16118E+02    1.16118E+02
 8.70964E-02    1.11864E+02    1.11864E+02    1.11864E+02
 9.12011E-02    1.05476E+02    1.05476E+02    1.05476E+02
 9.54993E-02    9.82019E+01    9.82019E+01    9.82019E+01
 1.00000E-01    9.15783E+01    9.15783E+01    9.15783E+01
 1.04713E-01    8.56511E+01    8.56511E+01    8.56511E+01
 1.09648E-01    8.01325E+01    8.01325E+01    8.01325E+01
 1.14815E-01    7.52664E+01    7.52664E+01    7.52664E+01
 1.20226E-01    7.08312E+01    7.08312E+01    7.08312E+01
 1.25893E-01    6.67981E+01    6.67981E+01    6.67981E+01
 1.31826E-01    6.32476E+01    6.32476E+01    6.32476E+01
 1.38038E-01    5.99371E+01    5.99371E+01    5.99371E+01
 1.44544E-01    5.70039E+01    5.70039E+01    5.70039E+01
 1.51356E-01    5.43522E+01    5.43522E+01    5.43522E+01
 1.58489E-01    5.19192E+01    5.19192E+01    5.19192E+01
 1.65959E-01    4.97430E+01    4.97430E+01    4.97430E+01
 1.73780E-01    4.77985E+01    4.77985E+01    4.77985E+01
 1.81970E-01    4.60108E+01    4.60108E+01    4.60108E+01
 1.90546E-01    4.43978E+01    4.43978E+01    4.43978E+01
 1.99526E-01    4.29712E+01    4.29712E+01    4.29712E+01
 2.08930E-01    4.16734E+01    4.16734E+01    4.16734E+01
 2.18776E-01    4.04614E+01    4.04614E+01    4.04614E+01
 2.29087E-01    3.94168E+01    3.94168E+01    3.94168E+01
 2.39883E-01    3.85119E+01    3.85119E+01    3.85119E+01
 2.51189E-01    3.77616E+01    3.77616E+01    3.77616E+01
 2.63027E-01    3.69759E+01    3.69759E+01    3.69759E+01
 2.75423E-01    3.62082E+01    3.62082E+01    3.62082E+01
 2.88403E-01    3.56020E+01    3.56020E+01    3.56020E+01
 3.01995E-01    3.50656E+01    3.50656E+01    3.50656E+01
 3.16228E-01    3.45938E+01    3.45938E+01    3.45938E+01
 3.31131E-01    3.42093E+01    3.42093E+01    3.42093E+01
 3.46737E-01    3.38671E+01    3.38671E+01    3.38671E+01
 3.63078E-01    3.36059E+01    3.36059E+01    3.36059E+01
 3.80189E-01    3.33846E+01    3.33846E+01    3.33846E+01
 3.98107E-01    3.32318E+01    3.32318E+01    3.32318E+01
 4.16869E-01    3.31366E+01    3.31366E+01    3.31366E+01
 4.36516E-01    3.30517E+01    3.30517E+01    3.30517E+01
 4.57088E-01    3.30592E+01    3.30592E+01    3.30592E+01
 4.78630E-01    3.30966E+01    3.30966E+01    3.30966E+01
 5.01187E-01    3.31636E+01    3.31636E+01    3.31636E+01
 5.24807E-01    3.33034E+01    3.33034E+01    3.33034E+01
 5.49541E-01    3.34651E+01    3.34651E+01    3.34651E+01
 5.75440E-01    3.37011E+01    3.37011E+01    3.37011E+01
 6.02560E-01    3.39772E+01    3.39772E+01    3.39772E+01
 6.30957E-01    3.43358E+01    3.43358E+01    3.43358E+01
 6.60693E-01    3.47325E+01    3.47325E+01    3.47325E+01
 6.91831E-01    3.54273E+01    3.54273E+01    3.54273E+01
 7.24436E-01    3.67670E+01    3.67670E+01    3.67670E+01
 7.58578E-01    3.81991E+01    3.81991E+01    3.81991E+01
 7.94328E-01    3.94875E+01    3.94875E+01    3.94875E+01
 8.31764E-01    4.04583E+01    4.04583E+01    4.04583E+01
 8.70964E-01    4.13764E+01    4.13764E+01    4.13764E+01
 9.12011E-01    4.07640E+01    4.07640E+01    4.07640E+01
 9.54993E-01    3.95478E+01    3.95478E+01    3.95478E+01
 1.00000E+00    3.82744E+01    3.82744E+01    3.82744E+01
 1.04713E+00    3.69409E+01    3.69409E+01    3.69409E+01
 1.09648E+00    3.59658E+01    3.59658E+01    3.59658E+01
 1.14815E+00    3.55023E+01    3.55023E+01    3.55023E+01
 1.20226E+00    3.47436E+01    3.47436E+01    3.47436E+01
 1.25893E+00    3.36320E+01    3.36320E+01    3.36320E+01
 1.31826E+00    3.12368E+01    3.12368E+01    3.12368E+01
 1.38038E+00    2.84089E+01    2.84089E+01    2.84089E+01
 1.44544E+00    2.57647E+01    2.57647E+01    2.57647E+01
 1.51356E+00    2.27957E+01    2.27957E+01    2.27957E+01
 1.58489E+00    1.97405E+01    1.97405E+01    1.97405E+01
 1.65959E+00    1.69702E+01    1.69702E+01    1.69702E+01
 1.73780E+00    1.46075E+01    1.46075E+01    1.46075E+01
 1.81970E+00    1.26221E+01    1.26221E+01    1.26221E+01
 1.90546E+00    1.10005E+01    1.10005E+01    1.10005E+01
 1.99526E+00    9.65499E+00    9.65499E+00    9.65499E+00
 2.08930E+00    8.50300E+00    8.50300E+00    8.50300E+00
 2.18776E+00    7.53483E+00    7.53483E+00    7.53483E+00
 2.29087E+00    6.71426E+00    6.71426E+00    6.71426E+00
 2.39883E+00    6.01372E+00    6.01372E+00    6.01372E+00
 2.51189E+00    5.41015E+00    5.41015E+00    5.41015E+00
 2.63027E+00    4.88542E+00    4.88542E+00    4.88542E+00
 2.75423E+00    4.42693E+00    4.42693E+00    4.42693E+00
 2.88403E+00    4.01808E+00    4.01808E+00    4.01808E+00
 3.01995E+00    3.65211E+00    3.65211E+00    3.65211E+00
 3.16228E+00    3.30893E+00    3.30893E+00    3.30893E+00
 3.31131E+00    3.00525E+00    3.00525E+00    3.00525E+00
 3.46737E+00    2.71891E+00    2.71891E+00    2.71891E+00
 3.63078E+00    2.45972E+00    2.45972E+00    2.45972E+00
 3.80189E+00    2.22363E+00    2.22363E+00    2.22363E+00
 3.98107E+00    2.00526E+00    2.00526E+00    2.00526E+00
 4.16869E+00    1.80804E+00    1.80804E+00    1.80804E+00
 4.36516E+00    1.63184E+00    1.63184E+00    1.63184E+00
 4.57088E+00    1.47664E+00    1.47664E+00    1.47664E+00
 4.78630E+00    1.34252E+00    1.34252E+00    1.34252E+00
 5.01187E+00    1.19526E+00    1.19526E+00    1.19526E+00
 5.24807E+00    1.07836E+00    1.07836E+00    1.07836E+00
 5.49541E+00    1.02259E+00    1.02259E+00    1.02259E+00
 5.75440E+00    9.88033E-01    9.88033E-01    9.88033E-01
 6.02560E+00    9.73851E-01    9.73851E-01    9.73851E-01
 6.30957E+00    9.79556E-01    9.79556E-01    9.79556E-01
 6.60693E+00    1.00361E+00    1.00361E+00    1.00361E+00
 6.91831E+00    1.04390E+00    1.04390E+00    1.04390E+00
 7.24436E+00    1.09537E+00    1.09537E+00    1.09537E+00
 7.58578E+00    1.15135E+00    1.15135E+00    1.15135E+00
 7.94328E+00    1.21065E+00    1.21065E+00    1.21065E+00
 8.31764E+00    1.27819E+00    1.27819E+00    1.27819E+00
 8.70964E+00    1.35032E+00    1.35032E+00    1.35032E+00
 9.12011E+00    1.42489E+00    1.42489E+00    1.42489E+00
 9.54993E+00    1.49754E+00    1.49754E+00    1.49754E+00
 1.00000E+01    1.56572E+00    1.56572E+00    1.56572E+00
 1.04713E+01    1.62833E+00    1.62833E+00    1.62833E+00
 1.09648E+01    1.68488E+00    1.68488E+00    1.68488E+00
 1.14815E+01    1.73485E+00    1.73485E+00    1.73485E+00
 1.20226E+01    1.77826E+00    1.77826E+00    1.77826E+00
 1.25893E+01    1.81543E+00    1.81543E+00    1.81543E+00
 1.31826E+01    1.84718E+00    1.84718E+00    1.84718E+00
 1.38038E+01    1.87385E+00    1.87385E+00    1.87385E+00
 1.44544E+01    1.89709E+00    1.89709E+00    1.89709E+00
 1.51356E+01    1.91805E+00    1.91805E+00    1.91805E+00
 1.58489E+01    1.93798E+00    1.93798E+00    1.93798E+00
 1.65959E+01    1.95796E+00    1.95796E+00    1.95796E+00
 1.73780E+01    1.97854E+00    1.97854E+00    1.97854E+00
 1.81970E+01    2.00044E+00    2.00044E+00    2.00044E+00
 1.90546E+01    2.02268E+00    2.02268E+00    2.02268E+00
 1.99526E+01    1.04784E-01    1.04784E-01    1.04784E-01
