# n + Er170 : (n,n')    
# endfb8.0   Harun-Ar-Rashid+, Mughabghab      EVAL-JAN05
# uncertainties: y
# # energies =    45
#   E(MeV)       xs(mb)       xslow(mb)      xsupp(mb)
 7.91470E-02    0.00000E+00    0.00000E+00    0.00000E+00
 1.00000E-01    1.82418E+02    1.57697E+02    2.07139E+02
 2.00000E-01    6.31815E+02    5.75938E+02    6.87692E+02
 2.61744E-01    7.66403E+02    6.98623E+02    8.34183E+02
 4.00000E-01    1.08822E+03    9.77308E+02    1.19913E+03
 5.44010E-01    1.29759E+03    1.16534E+03    1.42984E+03
 6.00000E-01    1.37902E+03    1.09496E+03    1.66308E+03
 8.00000E-01    1.57895E+03    1.12985E+03    2.02805E+03
 8.96289E-01    1.56171E+03    1.11752E+03    2.00590E+03
 9.17715E-01    1.57751E+03    1.12882E+03    2.02620E+03
 9.39544E-01    1.59360E+03    1.14034E+03    2.04686E+03
 9.65598E-01    1.67578E+03    1.19914E+03    2.15242E+03
 1.00000E+00    1.88938E+03    1.27884E+03    2.49992E+03
 1.01640E+00    1.89905E+03    1.28539E+03    2.51272E+03
 1.10985E+00    2.01741E+03    1.36550E+03    2.66932E+03
 1.13389E+00    2.05184E+03    1.38880E+03    2.71488E+03
 1.20000E+00    2.15745E+03    1.50977E+03    2.80513E+03
 1.22463E+00    2.11694E+03    1.48142E+03    2.75246E+03
 1.24354E+00    2.09345E+03    1.46498E+03    2.72192E+03
 1.27392E+00    2.05718E+03    1.43960E+03    2.67476E+03
 1.27613E+00    2.05617E+03    1.43889E+03    2.67345E+03
 1.30772E+00    2.04737E+03    1.43274E+03    2.66200E+03
 1.40000E+00    2.42951E+03    1.70016E+03    3.15886E+03
 1.60000E+00    2.66764E+03    1.97387E+03    3.36141E+03
 1.80000E+00    2.76534E+03    2.11406E+03    3.41662E+03
 2.00000E+00    2.77205E+03    2.22092E+03    3.32318E+03
 2.50000E+00    2.82075E+03    2.39090E+03    3.25060E+03
 3.00000E+00    2.83757E+03    2.51478E+03    3.16036E+03
 4.00000E+00    2.84123E+03    2.70749E+03    2.97497E+03
 5.00000E+00    2.83764E+03    2.61696E+03    3.05832E+03
 6.00000E+00    2.83964E+03    2.63468E+03    3.04459E+03
 7.00000E+00    2.83692E+03    2.70128E+03    2.97256E+03
 8.00000E+00    2.40327E+03    2.29808E+03    2.50846E+03
 9.00000E+00    1.41021E+03    1.19633E+03    1.62409E+03
 1.00000E+01    8.89416E+02    6.39687E+02    1.13915E+03
 1.10000E+01    6.59423E+02    4.74271E+02    8.44575E+02
 1.20000E+01    5.44384E+02    2.32108E+02    8.56660E+02
 1.30000E+01    4.85592E+02    2.07041E+02    7.64143E+02
 1.40000E+01    4.39211E+02    7.82281E+01    8.00194E+02
 1.50000E+01    4.05146E+02    7.21608E+01    7.38131E+02
 1.60000E+01    3.78873E+02    3.25009E+01    7.25245E+02
 1.70000E+01    3.56424E+02    3.05751E+01    6.82273E+02
 1.80000E+01    3.36271E+02    2.41062E+01    6.48436E+02
 1.90000E+01    3.21031E+02    2.30136E+01    6.19048E+02
 2.00000E+01    3.04099E+02    2.17998E+01    5.86398E+02
