# n + K   0 : (n,p)
# jendl4.0   H.NAKAMURA                        EVAL-MAY87
# uncertainties: n
# # energies =   583
#   E(MeV)          xs(mb) 
 1.00000E-11    3.29272E+01
 1.03223E-11    3.24083E+01
 1.06549E-11    3.18978E+01
 1.09984E-11    3.13951E+01
 1.13527E-11    3.09005E+01
 1.17186E-11    3.04134E+01
 1.20962E-11    2.99342E+01
 1.24861E-11    2.94624E+01
 1.28884E-11    2.89981E+01
 1.33038E-11    2.85410E+01
 1.37325E-11    2.80912E+01
 1.41751E-11    2.76483E+01
 1.46318E-11    2.72126E+01
 1.51034E-11    2.67834E+01
 1.55901E-11    2.63613E+01
 1.60926E-11    2.59456E+01
 1.66111E-11    2.55365E+01
 1.71465E-11    2.51337E+01
 1.76990E-11    2.47374E+01
 1.82694E-11    2.43472E+01
 1.88581E-11    2.39632E+01
 1.94659E-11    2.35852E+01
 2.00931E-11    2.32132E+01
 2.07407E-11    2.28468E+01
 2.14090E-11    2.24865E+01
 2.20991E-11    2.21316E+01
 2.28111E-11    2.17824E+01
 2.35464E-11    2.14385E+01
 2.43051E-11    2.11001E+01
 2.50884E-11    2.07670E+01
 2.58968E-11    2.04392E+01
 2.67315E-11    2.01165E+01
 2.75928E-11    1.97989E+01
 2.84822E-11    1.94861E+01
 2.93999E-11    1.91784E+01
 3.03475E-11    1.88754E+01
 3.13253E-11    1.85773E+01
 3.23350E-11    1.82837E+01
 3.33769E-11    1.79948E+01
 3.44526E-11    1.77103E+01
 3.55627E-11    1.74304E+01
 3.67089E-11    1.71548E+01
 3.78918E-11    1.68836E+01
 3.91130E-11    1.66166E+01
 4.03734E-11    1.63538E+01
 4.16746E-11    1.60951E+01
 4.30174E-11    1.58404E+01
 4.44039E-11    1.55898E+01
 4.58347E-11    1.53430E+01
 4.73119E-11    1.51001E+01
 4.88364E-11    1.48610E+01
 5.04104E-11    1.46257E+01
 5.20348E-11    1.43940E+01
 5.37119E-11    1.41659E+01
 5.54426E-11    1.39415E+01
 5.72295E-11    1.37205E+01
 5.90736E-11    1.35030E+01
 6.09775E-11    1.32889E+01
 6.29424E-11    1.30780E+01
 6.49710E-11    1.28706E+01
 6.70645E-11    1.26663E+01
 6.92260E-11    1.24653E+01
 7.14566E-11    1.22673E+01
 7.37596E-11    1.20725E+01
 7.61364E-11    1.18808E+01
 7.85902E-11    1.16919E+01
 8.11227E-11    1.15060E+01
 8.37372E-11    1.13231E+01
 8.64355E-11    1.11430E+01
 8.92212E-11    1.09657E+01
 9.20962E-11    1.07911E+01
 9.50644E-11    1.06193E+01
 9.81277E-11    1.04501E+01
 1.01291E-10    1.02836E+01
 1.04554E-10    1.01197E+01
 1.07924E-10    9.95829E+00
 1.11402E-10    9.79945E+00
 1.14992E-10    9.64302E+00
 1.18697E-10    9.48909E+00
 1.22523E-10    9.33748E+00
 1.26471E-10    9.18829E+00
 1.30547E-10    9.04135E+00
 1.34754E-10    8.89676E+00
 1.39097E-10    8.75435E+00
 1.43579E-10    8.61421E+00
 1.48207E-10    8.47618E+00
 1.52982E-10    8.34034E+00
 1.57913E-10    8.20657E+00
 1.63001E-10    8.07492E+00
 1.68254E-10    7.94525E+00
 1.73676E-10    7.81764E+00
 1.79274E-10    7.69197E+00
 1.85050E-10    7.56826E+00
 1.91014E-10    7.44645E+00
 1.97169E-10    7.32655E+00
 2.03524E-10    7.20846E+00
 2.10082E-10    7.09225E+00
 2.16853E-10    6.97779E+00
 2.23840E-10    6.86513E+00
 2.31055E-10    6.75418E+00
 2.38500E-10    6.64497E+00
 2.46187E-10    6.53742E+00
 2.54120E-10    6.43155E+00
 2.62310E-10    6.32729E+00
 2.70762E-10    6.22467E+00
 2.79489E-10    6.12360E+00
 2.88494E-10    6.02412E+00
 2.97793E-10    5.92614E+00
 3.07388E-10    5.82969E+00
 3.17295E-10    5.73471E+00
 3.27519E-10    5.64121E+00
 3.38075E-10    5.54913E+00
 3.48969E-10    5.45849E+00
 3.60216E-10    5.36924E+00
 3.71823E-10    5.28137E+00
 3.83807E-10    5.19482E+00
 3.96174E-10    5.10964E+00
 4.08943E-10    5.02575E+00
 4.22120E-10    4.94317E+00
 4.35725E-10    4.86183E+00
 4.49765E-10    4.78178E+00
 4.64261E-10    4.70293E+00
 4.79221E-10    4.62531E+00
 4.94666E-10    4.54889E+00
 5.10605E-10    4.47365E+00
 5.27062E-10    4.39955E+00
 5.44045E-10    4.32661E+00
 5.61580E-10    4.25480E+00
 5.79675E-10    4.18410E+00
 5.98358E-10    4.11447E+00
 6.17639E-10    4.04593E+00
 6.37545E-10    3.97844E+00
 6.58089E-10    3.91201E+00
 6.79298E-10    3.84661E+00
 7.01188E-10    3.78221E+00
 7.23786E-10    3.71882E+00
 7.47109E-10    3.65641E+00
 7.69556E-10    3.59905E+00
 7.92678E-10    3.54250E+00
 8.16495E-10    3.48679E+00
 8.41027E-10    3.43189E+00
 8.66297E-10    3.37778E+00
 8.92325E-10    3.32447E+00
 9.19136E-10    3.27194E+00
 9.46752E-10    3.22018E+00
 9.75198E-10    3.16917E+00
 1.00450E-09    3.11892E+00
 1.03468E-09    3.06940E+00
 1.06577E-09    3.02062E+00
 1.09779E-09    2.97255E+00
 1.13077E-09    2.92520E+00
 1.16475E-09    2.87855E+00
 1.19974E-09    2.83259E+00
 1.23579E-09    2.78731E+00
 1.27292E-09    2.74271E+00
 1.31117E-09    2.69878E+00
 1.35056E-09    2.65550E+00
 1.39114E-09    2.61287E+00
 1.43294E-09    2.57089E+00
 1.47599E-09    2.52953E+00
 1.52034E-09    2.48880E+00
 1.56602E-09    2.44868E+00
 1.61307E-09    2.40918E+00
 1.66154E-09    2.37028E+00
 1.71146E-09    2.33196E+00
 1.76289E-09    2.29423E+00
 1.81585E-09    2.25708E+00
 1.87041E-09    2.22051E+00
 1.92661E-09    2.18448E+00
 1.98450E-09    2.14902E+00
 2.04412E-09    2.11411E+00
 2.10554E-09    2.07973E+00
 2.16880E-09    2.04589E+00
 2.23397E-09    2.01258E+00
 2.30109E-09    1.97978E+00
 2.37023E-09    1.94750E+00
 2.44144E-09    1.91572E+00
 2.51480E-09    1.88444E+00
 2.59036E-09    1.85365E+00
 2.66818E-09    1.82335E+00
 2.74835E-09    1.79353E+00
 2.83093E-09    1.76417E+00
 2.91599E-09    1.73529E+00
 3.00360E-09    1.70685E+00
 3.09385E-09    1.67888E+00
 3.18680E-09    1.65135E+00
 3.28255E-09    1.62425E+00
 3.38118E-09    1.59759E+00
 3.48277E-09    1.57136E+00
 3.58741E-09    1.54555E+00
 3.69520E-09    1.52015E+00
 3.80623E-09    1.49515E+00
 3.92059E-09    1.47057E+00
 4.03838E-09    1.44638E+00
 4.15972E-09    1.42258E+00
 4.28470E-09    1.39916E+00
 4.41344E-09    1.37612E+00
 4.54605E-09    1.35346E+00
 4.68264E-09    1.33116E+00
 4.82333E-09    1.30922E+00
 4.96825E-09    1.28764E+00
 5.11753E-09    1.26641E+00
 5.27129E-09    1.24552E+00
 5.42967E-09    1.22498E+00
 5.59281E-09    1.20477E+00
 5.76085E-09    1.18488E+00
 5.93394E-09    1.16533E+00
 6.11223E-09    1.14609E+00
 6.29587E-09    1.12717E+00
 6.48504E-09    1.10856E+00
 6.67989E-09    1.09024E+00
 6.88059E-09    1.07223E+00
 7.08732E-09    1.05452E+00
 7.30027E-09    1.03709E+00
 7.51961E-09    1.01995E+00
 7.74554E-09    1.00309E+00
 7.97826E-09    9.86506E-01
 8.21798E-09    9.70194E-01
 8.46489E-09    9.54150E-01
 8.71923E-09    9.38370E-01
 8.98121E-09    9.22848E-01
 9.25105E-09    9.07582E-01
 9.52901E-09    8.92566E-01
 9.81532E-09    8.77797E-01
 1.01102E-08    8.63270E-01
 1.04140E-08    8.48984E-01
 1.07269E-08    8.34931E-01
 1.10492E-08    8.21108E-01
 1.13812E-08    8.07514E-01
 1.17231E-08    7.94145E-01
 1.20754E-08    7.80993E-01
 1.24382E-08    7.68058E-01
 1.28119E-08    7.55336E-01
 1.31968E-08    7.42822E-01
 1.35933E-08    7.30514E-01
 1.40018E-08    7.18408E-01
 1.44225E-08    7.06500E-01
 1.48558E-08    6.94785E-01
 1.53022E-08    6.83261E-01
 1.57619E-08    6.71925E-01
 1.62355E-08    6.60772E-01
 1.67233E-08    6.49798E-01
 1.72258E-08    6.38999E-01
 1.77433E-08    6.28373E-01
 1.82765E-08    6.17913E-01
 1.88256E-08    6.07618E-01
 1.93912E-08    5.97482E-01
 1.99738E-08    5.87501E-01
 2.05740E-08    5.77672E-01
 2.11921E-08    5.67991E-01
 2.18289E-08    5.58453E-01
 2.24847E-08    5.49054E-01
 2.31603E-08    5.39792E-01
 2.38562E-08    5.30664E-01
 2.45730E-08    5.21666E-01
 2.52522E-08    5.13491E-01
 2.53000E-08    5.12928E-01
 2.60602E-08    5.04182E-01
 2.68432E-08    4.95562E-01
 2.76497E-08    4.87064E-01
 2.84804E-08    4.78689E-01
 2.93362E-08    4.70437E-01
 3.02176E-08    4.62308E-01
 3.11255E-08    4.54300E-01
 3.20607E-08    4.46417E-01
 3.30240E-08    4.38658E-01
 3.39444E-08    4.31561E-01
 3.48904E-08    4.24573E-01
 3.58629E-08    4.17691E-01
 3.68623E-08    4.10916E-01
 3.78897E-08    4.04246E-01
 3.89456E-08    3.97682E-01
 4.00312E-08    3.91220E-01
 4.11467E-08    3.84863E-01
 4.22936E-08    3.78608E-01
 4.34722E-08    3.72454E-01
 4.46839E-08    3.66398E-01
 4.59291E-08    3.60442E-01
 4.72093E-08    3.54580E-01
 4.85249E-08    3.48816E-01
 4.98774E-08    3.43142E-01
 5.12674E-08    3.37564E-01
 5.26963E-08    3.32073E-01
 5.41649E-08    3.26673E-01
 5.56746E-08    3.21360E-01
 5.72261E-08    3.16135E-01
 5.88211E-08    3.10993E-01
 6.04603E-08    3.05936E-01
 6.21455E-08    3.00960E-01
 6.38774E-08    2.96066E-01
 6.56578E-08    2.91250E-01
 6.74875E-08    2.86513E-01
 6.93686E-08    2.81853E-01
 7.13017E-08    2.77269E-01
 7.32891E-08    2.72759E-01
 7.53315E-08    2.68323E-01
 7.74311E-08    2.63958E-01
 7.95890E-08    2.59665E-01
 8.18073E-08    2.55441E-01
 8.40871E-08    2.51287E-01
 8.64308E-08    2.47199E-01
 8.88394E-08    2.43177E-01
 9.13156E-08    2.39222E-01
 9.38604E-08    2.35330E-01
 9.64765E-08    2.31501E-01
 9.91651E-08    2.27736E-01
 1.01929E-07    2.24030E-01
 1.04770E-07    2.20386E-01
 1.07690E-07    2.16800E-01
 1.10691E-07    2.13272E-01
 1.13776E-07    2.09803E-01
 1.16947E-07    2.06390E-01
 1.20206E-07    2.03032E-01
 1.23556E-07    1.99730E-01
 1.27000E-07    1.96480E-01
 1.30539E-07    1.93284E-01
 1.34178E-07    1.90139E-01
 1.37917E-07    1.87046E-01
 1.41761E-07    1.84002E-01
 1.45712E-07    1.81008E-01
 1.49773E-07    1.78063E-01
 1.53947E-07    1.75167E-01
 1.58238E-07    1.72316E-01
 1.62647E-07    1.69513E-01
 1.67181E-07    1.66755E-01
 1.71840E-07    1.64042E-01
 1.76629E-07    1.61372E-01
 1.81551E-07    1.58747E-01
 1.86612E-07    1.56165E-01
 1.91812E-07    1.53623E-01
 1.97158E-07    1.51123E-01
 2.02653E-07    1.48664E-01
 2.08301E-07    1.46245E-01
 2.14106E-07    1.43866E-01
 2.20074E-07    1.41523E-01
 2.26207E-07    1.39221E-01
 2.32512E-07    1.36956E-01
 2.38991E-07    1.34727E-01
 2.45653E-07    1.32535E-01
 2.52498E-07    1.30379E-01
 2.59536E-07    1.28258E-01
 2.66769E-07    1.26172E-01
 2.74204E-07    1.24118E-01
 2.81846E-07    1.22098E-01
 2.89701E-07    1.20111E-01
 2.97775E-07    1.18156E-01
 3.06075E-07    1.16233E-01
 3.14604E-07    1.14342E-01
 3.23373E-07    1.12482E-01
 3.32385E-07    1.10652E-01
 3.41649E-07    1.08851E-01
 3.51170E-07    1.07080E-01
 3.60958E-07    1.05337E-01
 3.71017E-07    1.03623E-01
 3.81358E-07    1.01937E-01
 3.91986E-07    1.00278E-01
 4.02911E-07    9.86460E-02
 4.14140E-07    9.70406E-02
 4.25683E-07    9.54611E-02
 4.37546E-07    9.39075E-02
 4.49741E-07    9.23790E-02
 4.62274E-07    9.08757E-02
 4.75159E-07    8.93967E-02
 4.88401E-07    8.79422E-02
 5.02013E-07    8.65116E-02
 5.16003E-07    8.51044E-02
 5.30386E-07    8.37197E-02
 5.45166E-07    8.23575E-02
 5.60362E-07    8.10169E-02
 5.75977E-07    7.96982E-02
 5.92031E-07    7.84008E-02
 6.08530E-07    7.71248E-02
 6.25491E-07    7.58697E-02
 6.42922E-07    7.46353E-02
 6.60842E-07    7.34210E-02
 6.79258E-07    7.22263E-02
 6.98191E-07    7.10508E-02
 7.17648E-07    6.98946E-02
 7.37650E-07    6.87572E-02
 7.58207E-07    6.76383E-02
 7.79340E-07    6.65374E-02
 8.01059E-07    6.54546E-02
 8.23386E-07    6.43892E-02
 8.46332E-07    6.33412E-02
 8.69921E-07    6.23101E-02
 8.94164E-07    6.12959E-02
 9.19087E-07    6.02982E-02
 9.44700E-07    5.93169E-02
 9.71031E-07    5.83515E-02
 9.98091E-07    5.74023E-02
 1.02797E-06    5.64011E-02
 1.05718E-06    5.54662E-02
 1.09484E-06    5.43195E-02
 1.13389E-06    5.31945E-02
 1.18256E-06    5.18762E-02
 1.24196E-06    5.03803E-02
 1.30441E-06    4.89271E-02
 1.37959E-06    4.73175E-02
 1.46933E-06    4.55709E-02
 1.56498E-06    4.38870E-02
 1.67854E-06    4.20897E-02
 1.81294E-06    4.01979E-02
 1.97192E-06    3.82306E-02
 2.15997E-06    3.62086E-02
 2.36584E-06    3.42928E-02
 2.59146E-06    3.24784E-02
 2.83845E-06    3.07604E-02
 3.10914E-06    2.91326E-02
 3.40547E-06    2.75916E-02
 3.73023E-06    2.61312E-02
 4.08576E-06    2.47495E-02
 4.47540E-06    2.34399E-02
 4.90195E-06    2.21997E-02
 5.36942E-06    2.10254E-02
 5.84027E-06    1.99966E-02
 6.35241E-06    1.90179E-02
 6.95787E-06    1.80117E-02
 7.62140E-06    1.70584E-02
 8.28973E-06    1.62242E-02
 9.07983E-06    1.53657E-02
 9.94572E-06    1.45523E-02
 1.08937E-05    1.37830E-02
 1.19325E-05    1.30536E-02
 1.30698E-05    1.23630E-02
 1.43162E-05    1.17087E-02
 1.56807E-05    1.10893E-02
 1.71761E-05    1.05029E-02
 1.88131E-05    9.94712E-03
 2.06072E-05    9.42066E-03
 2.25713E-05    8.92237E-03
 2.47238E-05    8.45027E-03
 2.70802E-05    8.00329E-03
 2.96627E-05    7.57970E-03
 3.24899E-05    7.17877E-03
 3.55883E-05    6.79900E-03
 3.89802E-05    6.43932E-03
 4.23985E-05    6.12431E-03
 4.61164E-05    5.82449E-03
 5.05143E-05    5.51629E-03
 5.53288E-05    5.22448E-03
 6.06052E-05    4.94798E-03
 6.59198E-05    4.70602E-03
 7.17004E-05    4.47571E-03
 7.85342E-05    4.23884E-03
 8.54210E-05    4.03147E-03
 9.29117E-05    3.83427E-03
 1.01059E-04    3.64649E-03
 1.10697E-04    3.45351E-03
 1.21247E-04    3.27082E-03
 1.31880E-04    3.11091E-03
 1.43444E-04    2.95865E-03
 1.57124E-04    2.80197E-03
 1.70902E-04    2.66490E-03
 1.85889E-04    2.53456E-03
 2.02190E-04    2.41041E-03
 2.21461E-04    2.28293E-03
 2.42580E-04    2.16209E-03
 2.63852E-04    2.05640E-03
 2.86990E-04    1.95575E-03
 3.14343E-04    1.85223E-03
 3.41909E-04    1.76162E-03
 3.71679E-04    1.67602E-03
 4.04272E-04    1.59393E-03
 4.42347E-04    1.51055E-03
 4.83380E-04    1.43271E-03
 5.00623E-04    1.40418E-03
 6.44210E-04    1.40400E-03
 6.62516E-04    1.40400E-03
 6.67157E-04    1.40400E-03
 6.95794E-04    1.40400E-03
 7.00702E-04    1.40400E-03
 7.10588E-04    1.40400E-03
 7.20613E-04    1.40400E-03
 7.25661E-04    1.40400E-03
 7.35898E-04    1.40400E-03
 7.41090E-04    1.40400E-03
 7.51545E-04    1.40400E-03
 7.62148E-04    1.40400E-03
 7.67487E-04    1.40400E-03
 7.83805E-04    1.40400E-03
 7.89295E-04    1.40400E-03
 8.00431E-04    1.40400E-03
 8.11723E-04    1.40400E-03
 8.23175E-04    1.40400E-03
 8.52538E-04    1.40400E-03
 8.58510E-04    1.40400E-03
 8.70622E-04    1.40400E-03
 8.82904E-04    1.40400E-03
 8.95361E-04    1.40400E-03
 9.14398E-04    1.40400E-03
 9.20803E-04    1.40400E-03
 9.27298E-04    1.40400E-03
 9.33794E-04    1.40400E-03
 9.40381E-04    1.40400E-03
 9.46968E-04    1.40400E-03
 9.73876E-04    1.40400E-03
 9.87616E-04    1.40400E-03
 1.02842E-03    1.40400E-03
 1.03567E-03    1.40400E-03
 1.07256E-03    1.40400E-03
 1.08013E-03    1.40400E-03
 1.08769E-03    1.40400E-03
 1.09536E-03    1.40400E-03
 1.13438E-03    1.40400E-03
 1.14238E-03    1.40400E-03
 1.15038E-03    1.40400E-03
 1.15850E-03    1.40400E-03
 1.19976E-03    1.40400E-03
 1.20823E-03    1.40400E-03
 3.97338E-03    1.40400E-03
 3.98669E-03    1.40400E-03
 9.99602E-01    1.40400E-03
 9.99702E-01    1.40400E-03
 9.99913E-01    1.40495E-03
 9.99938E-01    1.40921E-03
 9.99956E-01    1.41820E-03
 9.99975E-01    1.43495E-03
 1.00003E+00    7.29796E+00
 1.00005E+00    7.29912E+00
 1.00007E+00    7.30027E+00
 1.00011E+00    7.30257E+00
 1.25000E+00    2.16335E+01
 1.50000E+00    3.59707E+01
 1.75000E+00    6.76995E+01
 2.10000E+00    1.14338E+02
 3.00000E+00    2.41332E+02
 5.00000E+00    2.99295E+02
 6.64656E+00    3.17029E+02
 8.00000E+00    3.33221E+02
 1.00000E+01    3.46768E+02
 1.01411E+01    3.47619E+02
 1.02842E+01    3.48482E+02
 1.04292E+01    3.49371E+02
 1.05764E+01    3.50275E+02
 1.07256E+01    3.51191E+02
 1.08769E+01    3.52120E+02
 1.10304E+01    3.52972E+02
 1.11860E+01    3.53465E+02
 1.13438E+01    3.53966E+02
 1.15038E+01    3.54473E+02
 1.16661E+01    3.54987E+02
 1.18307E+01    3.55509E+02
 1.19976E+01    3.56039E+02
 1.20000E+01    3.56046E+02
 1.21693E+01    3.56603E+02
 1.23410E+01    3.57168E+02
 1.25151E+01    3.57740E+02
 1.26917E+01    3.58321E+02
 1.28707E+01    3.58910E+02
 1.30523E+01    3.59507E+02
 1.32364E+01    3.60113E+02
 1.34232E+01    3.60727E+02
 1.36126E+01    3.61350E+02
 1.38046E+01    3.61981E+02
 1.39994E+01    3.62622E+02
 1.40000E+01    3.62624E+02
 1.41975E+01    3.62987E+02
 1.43978E+01    3.63355E+02
 1.46009E+01    3.63728E+02
 1.48069E+01    3.64106E+02
 1.50158E+01    3.64490E+02
 1.52277E+01    3.64879E+02
 1.54425E+01    3.65273E+02
 1.56604E+01    3.65673E+02
 1.58813E+01    3.66079E+02
 1.60000E+01    3.66297E+02
 1.62257E+01    3.66370E+02
 1.64546E+01    3.66445E+02
 1.66868E+01    3.66520E+02
 1.69222E+01    3.66597E+02
 1.71610E+01    3.66675E+02
 1.74031E+01    3.66754E+02
 1.76486E+01    3.66833E+02
 1.78976E+01    3.66915E+02
 1.80000E+01    3.66948E+02
 1.82539E+01    3.67036E+02
 1.85115E+01    3.67126E+02
 1.87726E+01    3.67217E+02
 1.90375E+01    3.67309E+02
 1.93061E+01    3.67403E+02
 1.95784E+01    3.67498E+02
 1.98547E+01    3.67594E+02
 2.00000E+01    3.67645E+02
