# p + Tm169 : (p,2n)    
# tendl.2019 A.J. Koning                       EVAL-OCT19
# uncertainties: y
# # energies =    39
#   E(MeV)       xs(mb)       xslow(mb)      xsupp(mb)
 8.59795E+00    0.00000E+00    0.00000E+00    0.00000E+00
 9.00000E+00    2.85302E+01    2.37985E+01    3.32619E+01
 1.00000E+01    1.82265E+02    1.52037E+02    2.12493E+02
 1.10000E+01    3.29241E+02    2.74637E+02    3.83845E+02
 1.20000E+01    4.59245E+02    3.83081E+02    5.35409E+02
 1.30000E+01    5.71742E+02    4.76920E+02    6.66564E+02
 1.40000E+01    6.72159E+02    5.72977E+02    7.71341E+02
 1.50000E+01    7.62325E+02    6.49839E+02    8.74811E+02
 1.60000E+01    8.41519E+02    7.17347E+02    9.65691E+02
 1.70000E+01    9.08449E+02    7.74401E+02    1.04250E+03
 1.80000E+01    9.52544E+02    7.01101E+02    1.20399E+03
 1.90000E+01    7.68197E+02    5.65416E+02    9.70978E+02
 2.00000E+01    5.47177E+02    4.02739E+02    6.91615E+02
 2.20000E+01    2.78714E+02    1.98811E+02    3.58617E+02
 2.40000E+01    1.86600E+02    1.33105E+02    2.40095E+02
 2.60000E+01    1.52307E+02    1.04957E+02    1.99657E+02
 2.80000E+01    1.36915E+02    9.43506E+01    1.79479E+02
 3.00000E+01    1.26627E+02    8.72609E+01    1.65993E+02
 3.00000E+01    1.27928E+02    8.81575E+01    1.67699E+02
 3.50000E+01    1.08512E+02    7.47776E+01    1.42246E+02
 4.00000E+01    9.23538E+01    6.36427E+01    1.21065E+02
 4.50000E+01    7.92304E+01    5.45991E+01    1.03862E+02
 5.00000E+01    6.83744E+01    4.71180E+01    8.96308E+01
 5.50000E+01    5.92243E+01    4.08125E+01    7.76361E+01
 6.00000E+01    5.20558E+01    3.58726E+01    6.82390E+01
 6.50000E+01    4.52174E+01    3.11601E+01    5.92747E+01
 7.00000E+01    3.96449E+01    2.73200E+01    5.19698E+01
 7.50000E+01    3.46968E+01    2.39102E+01    4.54834E+01
 8.00000E+01    3.09577E+01    2.13335E+01    4.05819E+01
 9.00000E+01    2.48895E+01    1.71518E+01    3.26272E+01
 1.00000E+02    2.04146E+01    1.40681E+01    2.67611E+01
 1.10000E+02    1.72763E+01    1.19054E+01    2.26472E+01
 1.20000E+02    1.49498E+01    1.03022E+01    1.95974E+01
 1.30000E+02    1.30703E+01    9.00698E+00    1.71336E+01
 1.40000E+02    1.16948E+01    8.05910E+00    1.53305E+01
 1.50000E+02    1.04579E+01    7.20673E+00    1.37091E+01
 1.60000E+02    9.44886E+00    6.51138E+00    1.23863E+01
 1.80000E+02    7.83929E+00    5.40220E+00    1.02764E+01
 2.00000E+02    6.71707E+00    4.62885E+00    8.80529E+00
