# n + Er167 : (n,n'18)  
# tendl.2019 A.J. Koning and D. Rochman        EVAL-NOV19
# uncertainties: n
# # energies =    81
#   E(MeV)       xs(mb) 
 6.44119E-01    0.00000E+00
 6.49109E-01    7.25487E+00
 6.66483E-01    3.25147E+01
 6.71936E-01    4.04427E+01
 6.87439E-01    6.29824E+01
 7.00000E-01    8.12446E+01
 7.15356E-01    8.48948E+01
 7.24909E-01    8.71656E+01
 7.34411E-01    8.94242E+01
 7.49824E-01    9.30880E+01
 7.57268E-01    9.48574E+01
 7.68073E-01    9.74258E+01
 7.77356E-01    9.96324E+01
 7.95749E-01    1.04005E+02
 8.00000E-01    1.05015E+02
 9.00000E-01    1.03224E+02
 1.00000E+00    9.40301E+01
 1.20000E+00    7.29330E+01
 1.40000E+00    5.35058E+01
 1.60000E+00    3.76868E+01
 1.80000E+00    2.58436E+01
 2.00000E+00    1.75355E+01
 2.20000E+00    1.18849E+01
 2.40000E+00    8.10645E+00
 2.60000E+00    5.58807E+00
 2.80000E+00    3.90331E+00
 3.00000E+00    2.76408E+00
 3.20000E+00    2.02519E+00
 3.40000E+00    1.47016E+00
 3.60000E+00    1.09476E+00
 3.80000E+00    8.23330E-01
 4.00000E+00    6.19788E-01
 4.20000E+00    4.75505E-01
 4.40000E+00    3.72253E-01
 4.60000E+00    2.98352E-01
 4.80000E+00    2.45647E-01
 5.00000E+00    2.08326E-01
 5.20000E+00    1.82209E-01
 5.40000E+00    1.64249E-01
 5.60000E+00    1.52114E-01
 5.80000E+00    1.44047E-01
 6.00000E+00    1.39006E-01
 6.20000E+00    1.35882E-01
 6.40000E+00    1.33957E-01
 6.60000E+00    1.32660E-01
 6.80000E+00    1.31619E-01
 7.00000E+00    1.30557E-01
 7.20000E+00    1.29337E-01
 7.40000E+00    1.27889E-01
 7.60000E+00    1.26192E-01
 7.80000E+00    1.24267E-01
 8.00000E+00    1.22140E-01
 8.50000E+00    1.16234E-01
 9.00000E+00    1.10039E-01
 9.50000E+00    1.04109E-01
 1.00000E+01    9.87775E-02
 1.05000E+01    9.41463E-02
 1.10000E+01    9.01505E-02
 1.15000E+01    8.66370E-02
 1.20000E+01    8.34466E-02
 1.25000E+01    8.04628E-02
 1.30000E+01    7.76253E-02
 1.35000E+01    7.49177E-02
 1.40000E+01    7.23508E-02
 1.45000E+01    6.99463E-02
 1.50000E+01    6.77276E-02
 1.60000E+01    6.39160E-02
 1.70000E+01    6.09494E-02
 1.80000E+01    5.86970E-02
 1.90000E+01    5.69272E-02
 2.00000E+01    5.54139E-02
 2.10000E+01    5.39724E-02
 2.20000E+01    5.24551E-02
 2.30000E+01    5.07956E-02
 2.40000E+01    4.90536E-02
 2.50000E+01    4.73645E-02
 2.60000E+01    4.58465E-02
 2.70000E+01    4.45518E-02
 2.80000E+01    4.34670E-02
 2.90000E+01    4.25295E-02
 3.00000E+01    4.16506E-02
