# p + Te120 : (p,a)     
# tendl.2019 A.J. Koning                       EVAL-OCT19
# uncertainties: y
# # energies =    27
#   E(MeV)       xs(mb)       xslow(mb)      xsupp(mb)
 1.00000E-11    0.00000E+00    0.00000E+00    0.00000E+00
 1.00000E-03    1.00000E-17    1.00000E-17    1.00000E-17
 1.00000E+00    1.00000E-17    0.00000E+00    5.27435E-17
 2.00000E+00    4.34114E-11    0.00000E+00    2.28967E-10
 3.00000E+00    7.09316E-07    0.00000E+00    3.65567E-06
 4.00000E+00    1.97012E-04    0.00000E+00    1.01536E-03
 5.00000E+00    6.26109E-03    0.00000E+00    3.08248E-02
 6.00000E+00    7.71385E-02    0.00000E+00    3.79770E-01
 7.00000E+00    2.07675E-01    0.00000E+00    5.20750E-01
 8.00000E+00    5.24171E-01    0.00000E+00    1.31437E+00
 9.00000E+00    1.17032E+00    0.00000E+00    2.93461E+00
 1.00000E+01    1.95310E+00    5.59392E-01    3.34681E+00
 1.10000E+01    2.60557E+00    7.46268E-01    4.46487E+00
 1.20000E+01    3.20858E+00    9.18978E-01    5.49818E+00
 1.30000E+01    3.98791E+00    1.14219E+00    6.83363E+00
 1.40000E+01    5.08388E+00    2.83406E+00    7.33370E+00
 1.50000E+01    6.52750E+00    3.63883E+00    9.41618E+00
 1.60000E+01    8.26014E+00    4.60470E+00    1.19156E+01
 1.70000E+01    1.02596E+01    5.71932E+00    1.47999E+01
 1.80000E+01    1.26635E+01    6.37105E+00    1.89559E+01
 1.90000E+01    1.73485E+01    8.72809E+00    2.59689E+01
 2.00000E+01    2.06636E+01    1.03959E+01    3.09313E+01
 2.20000E+01    1.67182E+01    8.21596E+00    2.52204E+01
 2.40000E+01    1.02269E+01    5.02589E+00    1.54279E+01
 2.60000E+01    7.90810E+00    3.87452E+00    1.19417E+01
 2.80000E+01    6.44251E+00    3.15646E+00    9.72856E+00
 3.00000E+01    5.33440E+00    2.61355E+00    8.05525E+00
