# n + Am242m: (n,n'23)  
# endfb8.0   Talou,Young,Kawano                EVAL-SEP05
# uncertainties: n
# # energies =    59
#   E(MeV)       xs(mb) 
 3.16212E-01    0.00000E+00
 3.50000E-01    3.75367E-01
 4.00000E-01    1.05878E+00
 4.50000E-01    1.60711E+00
 5.00000E-01    2.05958E+00
 5.50000E-01    2.49126E+00
 6.00000E-01    2.90129E+00
 6.50000E-01    3.16750E+00
 7.00000E-01    3.26026E+00
 7.50000E-01    3.21819E+00
 8.00000E-01    3.09248E+00
 8.50000E-01    2.95641E+00
 9.00000E-01    2.82095E+00
 9.50000E-01    2.71390E+00
 1.00000E+00    2.61361E+00
 1.10000E+00    2.42456E+00
 1.20000E+00    2.20924E+00
 1.30000E+00    1.96033E+00
 1.40000E+00    1.69842E+00
 1.50000E+00    1.43780E+00
 1.60000E+00    1.19325E+00
 1.70000E+00    9.70222E-01
 1.80000E+00    7.79641E-01
 1.90000E+00    6.26518E-01
 2.00000E+00    5.05148E-01
 2.20000E+00    3.28223E-01
 2.40000E+00    2.12245E-01
 2.60000E+00    1.38051E-01
 2.80000E+00    9.02649E-02
 3.00000E+00    5.88149E-02
 3.20000E+00    3.86167E-02
 3.40000E+00    2.56741E-02
 3.60000E+00    1.74103E-02
 3.80000E+00    1.18519E-02
 4.00000E+00    8.08698E-03
 4.20000E+00    5.51123E-03
 4.40000E+00    3.78720E-03
 4.60000E+00    2.61500E-03
 4.80000E+00    1.81953E-03
 5.00000E+00    1.26868E-03
 5.20000E+00    8.78875E-04
 5.40000E+00    6.13944E-04
 5.60000E+00    4.26722E-04
 5.80000E+00    2.99492E-04
 6.00000E+00    2.09215E-04
 6.20000E+00    1.43620E-04
 6.40000E+00    9.64452E-05
 6.60000E+00    6.84104E-05
 6.80000E+00    4.81332E-05
 7.00000E+00    3.23880E-05
 7.20000E+00    2.14793E-05
 7.40000E+00    1.44089E-05
 7.60000E+00    1.06977E-05
 7.80000E+00    7.50751E-06
 8.00000E+00    4.73691E-06
 8.20000E+00    2.26613E-06
 8.40000E+00    2.18370E-06
 8.60000E+00    2.11799E-06
 8.80000E+00    2.05860E-06
