# n + Am242m: (n,el)    
# endfb8.0   Talou,Young,Kawano                EVAL-SEP05
# uncertainties: y
# # energies =   616
#   E(MeV)       xs(mb)       xslow(mb)      xsupp(mb)
 1.00000E-11    1.90182E+04    1.80673E+04    1.99691E+04
 1.04713E-11    1.86123E+04    1.76816E+04    1.95429E+04
 1.09648E-11    1.82158E+04    1.73050E+04    1.91266E+04
 1.14815E-11    1.78295E+04    1.69380E+04    1.87209E+04
 1.20226E-11    1.74520E+04    1.65794E+04    1.83246E+04
 1.25893E-11    1.70843E+04    1.62301E+04    1.79386E+04
 1.31826E-11    1.67252E+04    1.58889E+04    1.75614E+04
 1.38038E-11    1.63753E+04    1.55565E+04    1.71940E+04
 1.44544E-11    1.60337E+04    1.52320E+04    1.68353E+04
 1.51356E-11    1.57008E+04    1.49157E+04    1.64858E+04
 1.58489E-11    1.53761E+04    1.46073E+04    1.61449E+04
 1.65959E-11    1.50594E+04    1.43065E+04    1.58124E+04
 1.73780E-11    1.47510E+04    1.40135E+04    1.54886E+04
 1.81970E-11    1.44499E+04    1.37274E+04    1.51724E+04
 1.90546E-11    1.41568E+04    1.34489E+04    1.48646E+04
 1.99526E-11    1.38710E+04    1.31774E+04    1.45645E+04
 2.08930E-11    1.35922E+04    1.29126E+04    1.42718E+04
 2.18776E-11    1.33210E+04    1.26550E+04    1.39871E+04
 2.29087E-11    1.30565E+04    1.24037E+04    1.37094E+04
 2.39883E-11    1.27988E+04    1.21589E+04    1.34388E+04
 2.51189E-11    1.25482E+04    1.19208E+04    1.31756E+04
 2.63027E-11    1.23037E+04    1.16885E+04    1.29189E+04
 2.75423E-11    1.20659E+04    1.14626E+04    1.26692E+04
 2.88403E-11    1.18344E+04    1.12427E+04    1.24261E+04
 3.01995E-11    1.16089E+04    1.10284E+04    1.21893E+04
 3.16228E-11    1.13896E+04    1.08201E+04    1.19591E+04
 3.31131E-11    1.11762E+04    1.06174E+04    1.17350E+04
 3.46737E-11    1.09684E+04    1.04200E+04    1.15168E+04
 3.63078E-11    1.07666E+04    1.02283E+04    1.13049E+04
 3.80189E-11    1.05702E+04    1.00417E+04    1.10987E+04
 3.98107E-11    1.03791E+04    9.86018E+03    1.08981E+04
 4.16869E-11    1.01937E+04    9.68400E+03    1.07034E+04
 4.36516E-11    1.00132E+04    9.51256E+03    1.05139E+04
 4.57088E-11    9.83797E+03    9.34607E+03    1.03299E+04
 4.78630E-11    9.66791E+03    9.18451E+03    1.01513E+04
 5.01187E-11    9.50254E+03    9.02742E+03    9.97767E+03
 5.24807E-11    9.34195E+03    8.87486E+03    9.80905E+03
 5.49541E-11    9.18629E+03    8.72697E+03    9.64560E+03
 5.75440E-11    9.03516E+03    8.58340E+03    9.48691E+03
 6.02560E-11    8.88843E+03    8.44401E+03    9.33285E+03
 6.30957E-11    8.74624E+03    8.30893E+03    9.18355E+03
 6.60693E-11    8.60846E+03    8.17804E+03    9.03889E+03
 6.91831E-11    8.47482E+03    8.05108E+03    8.89857E+03
 7.24436E-11    8.34528E+03    7.92802E+03    8.76254E+03
 7.58578E-11    8.22000E+03    7.80900E+03    8.63100E+03
 7.94328E-11    8.09867E+03    7.69374E+03    8.50361E+03
 8.31764E-11    7.98115E+03    7.58209E+03    8.38020E+03
 8.70964E-11    7.86739E+03    7.47402E+03    8.26076E+03
 9.12011E-11    7.75745E+03    7.36958E+03    8.14532E+03
 9.54993E-11    7.65119E+03    7.26863E+03    8.03375E+03
 1.00000E-10    7.54846E+03    7.17103E+03    7.92588E+03
 1.04713E-10    7.44916E+03    7.07670E+03    7.82162E+03
 1.09648E-10    7.35330E+03    6.98563E+03    7.72096E+03
 1.14815E-10    7.26077E+03    6.89773E+03    7.62381E+03
 1.20226E-10    7.17151E+03    6.81293E+03    7.53008E+03
 1.25893E-10    7.08540E+03    6.73112E+03    7.43966E+03
 1.31826E-10    7.00236E+03    6.65224E+03    7.35247E+03
 1.38038E-10    6.92234E+03    6.57623E+03    7.26846E+03
 1.44544E-10    6.84524E+03    6.50298E+03    7.18751E+03
 1.51356E-10    6.77099E+03    6.43244E+03    7.10954E+03
 1.58489E-10    6.69952E+03    6.36454E+03    7.03449E+03
 1.65959E-10    6.63076E+03    6.29922E+03    6.96230E+03
 1.73780E-10    6.56470E+03    6.23646E+03    6.89293E+03
 1.81970E-10    6.50114E+03    6.17608E+03    6.82619E+03
 1.90546E-10    6.44006E+03    6.11806E+03    6.76206E+03
 1.99526E-10    6.38140E+03    6.06233E+03    6.70047E+03
 2.08930E-10    6.32511E+03    6.00885E+03    6.64136E+03
 2.18776E-10    6.27105E+03    5.95749E+03    6.58460E+03
 2.29087E-10    6.21918E+03    5.90822E+03    6.53014E+03
 2.39883E-10    6.16948E+03    5.86101E+03    6.47796E+03
 2.51189E-10    6.12181E+03    5.81571E+03    6.42790E+03
 2.63027E-10    6.07616E+03    5.77236E+03    6.37997E+03
 2.75423E-10    6.03237E+03    5.73075E+03    6.33399E+03
 2.88403E-10    5.99043E+03    5.69091E+03    6.28995E+03
 3.01995E-10    5.95031E+03    5.65279E+03    6.24782E+03
 3.16228E-10    5.91188E+03    5.61629E+03    6.20748E+03
 3.31131E-10    5.87513E+03    5.58138E+03    6.16889E+03
 3.46737E-10    5.84001E+03    5.54800E+03    6.13201E+03
 3.63078E-10    5.80646E+03    5.51614E+03    6.09678E+03
 3.80189E-10    5.77432E+03    5.48560E+03    6.06303E+03
 3.98107E-10    5.74354E+03    5.45636E+03    6.03071E+03
 4.16869E-10    5.71415E+03    5.42844E+03    5.99985E+03
 4.36516E-10    5.68614E+03    5.40183E+03    5.97045E+03
 4.57088E-10    5.65941E+03    5.37644E+03    5.94238E+03
 4.78630E-10    5.63372E+03    5.35203E+03    5.91540E+03
 5.01187E-10    5.60922E+03    5.32875E+03    5.88968E+03
 5.24807E-10    5.58596E+03    5.30666E+03    5.86526E+03
 5.49541E-10    5.56369E+03    5.28550E+03    5.84187E+03
 5.75440E-10    5.54227E+03    5.26515E+03    5.81938E+03
 6.02560E-10    5.52203E+03    5.24593E+03    5.79813E+03
 6.30957E-10    5.50267E+03    5.22754E+03    5.77780E+03
 6.60693E-10    5.48401E+03    5.20981E+03    5.75821E+03
 6.91831E-10    5.46650E+03    5.19317E+03    5.73982E+03
 7.24436E-10    5.44954E+03    5.17706E+03    5.72201E+03
 7.58578E-10    5.43342E+03    5.16175E+03    5.70509E+03
 7.94328E-10    5.41820E+03    5.14729E+03    5.68911E+03
 8.31764E-10    5.40335E+03    5.13318E+03    5.67352E+03
 8.70964E-10    5.38962E+03    5.12014E+03    5.65910E+03
 9.12011E-10    5.37604E+03    5.10724E+03    5.64484E+03
 9.54993E-10    5.36355E+03    5.09537E+03    5.63173E+03
 1.00000E-09    5.35122E+03    5.08366E+03    5.61878E+03
 1.04713E-09    5.33987E+03    5.07287E+03    5.60686E+03
 1.09648E-09    5.32865E+03    5.06221E+03    5.59508E+03
 1.14815E-09    5.31836E+03    5.05245E+03    5.58428E+03
 1.20226E-09    5.30812E+03    5.04272E+03    5.57353E+03
 1.25892E-09    5.29885E+03    5.03391E+03    5.56379E+03
 1.31826E-09    5.28950E+03    5.02502E+03    5.55397E+03
 1.38038E-09    5.28114E+03    5.01709E+03    5.54520E+03
 1.44544E-09    5.27267E+03    5.00903E+03    5.53630E+03
 1.51356E-09    5.26501E+03    5.00176E+03    5.52826E+03
 1.58489E-09    5.25755E+03    4.99467E+03    5.52042E+03
 1.65959E-09    5.25032E+03    4.98780E+03    5.51284E+03
 1.73780E-09    5.24385E+03    4.98165E+03    5.50604E+03
 1.81970E-09    5.23717E+03    4.97531E+03    5.49903E+03
 1.90546E-09    5.23133E+03    4.96976E+03    5.49290E+03
 1.99526E-09    5.22561E+03    4.96433E+03    5.48689E+03
 2.08930E-09    5.21988E+03    4.95889E+03    5.48088E+03
 2.18776E-09    5.21502E+03    4.95427E+03    5.47577E+03
 2.29087E-09    5.21004E+03    4.94954E+03    5.47054E+03
 2.39883E-09    5.20524E+03    4.94497E+03    5.46550E+03
 2.51189E-09    5.20118E+03    4.94112E+03    5.46124E+03
 2.63027E-09    5.19698E+03    4.93713E+03    5.45683E+03
 2.75423E-09    5.19288E+03    4.93323E+03    5.45252E+03
 2.88403E-09    5.18954E+03    4.93006E+03    5.44901E+03
 3.01995E-09    5.18611E+03    4.92681E+03    5.44542E+03
 3.16228E-09    5.18263E+03    4.92350E+03    5.44176E+03
 3.31131E-09    5.17989E+03    4.92090E+03    5.43889E+03
 3.46737E-09    5.17724E+03    4.91838E+03    5.43610E+03
 3.63078E-09    5.17446E+03    4.91574E+03    5.43318E+03
 3.80189E-09    5.17199E+03    4.91339E+03    5.43059E+03
 3.98107E-09    5.17009E+03    4.91158E+03    5.42859E+03
 4.16869E-09    5.16811E+03    4.90970E+03    5.42651E+03
 4.36516E-09    5.16604E+03    4.90774E+03    5.42434E+03
 4.57088E-09    5.16446E+03    4.90624E+03    5.42268E+03
 4.78630E-09    5.16326E+03    4.90510E+03    5.42143E+03
 5.01187E-09    5.16201E+03    4.90391E+03    5.42011E+03
 5.24807E-09    5.16070E+03    4.90266E+03    5.41873E+03
 5.49541E-09    5.15971E+03    4.90172E+03    5.41769E+03
 5.75440E-09    5.15925E+03    4.90128E+03    5.41721E+03
 6.02560E-09    5.15877E+03    4.90083E+03    5.41671E+03
 6.30957E-09    5.15827E+03    4.90036E+03    5.41618E+03
 6.60693E-09    5.15779E+03    4.89990E+03    5.41568E+03
 6.91831E-09    5.15786E+03    4.89997E+03    5.41575E+03
 7.24436E-09    5.15829E+03    4.90038E+03    5.41620E+03
 7.58578E-09    5.15874E+03    4.90081E+03    5.41668E+03
 7.94328E-09    5.15922E+03    4.90126E+03    5.41718E+03
 8.31764E-09    5.15972E+03    4.90173E+03    5.41770E+03
 8.70964E-09    5.16067E+03    4.90264E+03    5.41870E+03
 9.12011E-09    5.16207E+03    4.90397E+03    5.42017E+03
 9.54993E-09    5.16354E+03    4.90536E+03    5.42172E+03
 1.00000E-08    5.16508E+03    4.90682E+03    5.42333E+03
 1.04713E-08    5.16669E+03    4.90835E+03    5.42502E+03
 1.09648E-08    5.16868E+03    4.91025E+03    5.42712E+03
 1.14815E-08    5.17127E+03    4.91271E+03    5.42984E+03
 1.20226E-08    5.17400E+03    4.91530E+03    5.43269E+03
 1.25893E-08    5.17684E+03    4.91800E+03    5.43569E+03
 1.31826E-08    5.17983E+03    4.92083E+03    5.43882E+03
 1.38038E-08    5.18321E+03    4.92405E+03    5.44237E+03
 1.44544E-08    5.18732E+03    4.92795E+03    5.44668E+03
 1.51356E-08    5.19164E+03    4.93206E+03    5.45123E+03
 1.58489E-08    5.19617E+03    4.93637E+03    5.45598E+03
 1.65959E-08    5.20092E+03    4.94087E+03    5.46097E+03
 1.73780E-08    5.20640E+03    4.94608E+03    5.46672E+03
 1.81970E-08    5.21257E+03    4.95194E+03    5.47320E+03
 1.90546E-08    5.21903E+03    4.95808E+03    5.47998E+03
 1.99526E-08    5.22579E+03    4.96450E+03    5.48708E+03
 2.08930E-08    5.23328E+03    4.97162E+03    5.49495E+03
 2.18776E-08    5.24179E+03    4.97970E+03    5.50388E+03
 2.29087E-08    5.25071E+03    4.98818E+03    5.51325E+03
 2.39883E-08    5.26007E+03    4.99707E+03    5.52308E+03
 2.51189E-08    5.27061E+03    5.00708E+03    5.53414E+03
 2.63027E-08    5.28231E+03    5.01820E+03    5.54643E+03
 2.75423E-08    5.29457E+03    5.02984E+03    5.55930E+03
 2.88403E-08    5.30784E+03    5.04245E+03    5.57323E+03
 3.01995E-08    5.32276E+03    5.05662E+03    5.58889E+03
 3.16228E-08    5.33842E+03    5.07150E+03    5.60534E+03
 3.31131E-08    5.35584E+03    5.08804E+03    5.62363E+03
 3.46737E-08    5.37476E+03    5.10603E+03    5.64350E+03
 3.63078E-08    5.39515E+03    5.12539E+03    5.66491E+03
 3.80189E-08    5.41784E+03    5.14694E+03    5.68873E+03
 3.98107E-08    5.44211E+03    5.17001E+03    5.71422E+03
 4.16869E-08    5.46914E+03    5.19569E+03    5.74260E+03
 4.36516E-08    5.49830E+03    5.22339E+03    5.77322E+03
 4.57088E-08    5.53052E+03    5.25399E+03    5.80704E+03
 4.78630E-08    5.56585E+03    5.28755E+03    5.84414E+03
 5.01187E-08    5.60441E+03    5.32419E+03    5.88463E+03
 5.24807E-08    5.64706E+03    5.36471E+03    5.92941E+03
 5.49541E-08    5.69397E+03    5.40927E+03    5.97866E+03
 5.75440E-08    5.74548E+03    5.45820E+03    6.03275E+03
 6.02560E-08    5.80239E+03    5.51227E+03    6.09251E+03
 6.30957E-08    5.86529E+03    5.57202E+03    6.15855E+03
 6.60693E-08    5.93483E+03    5.63809E+03    6.23157E+03
 6.91831E-08    6.01179E+03    5.71121E+03    6.31238E+03
 7.24436E-08    6.09701E+03    5.79216E+03    6.40186E+03
 7.58578E-08    6.19143E+03    5.88186E+03    6.50100E+03
 7.94328E-08    6.29612E+03    5.98131E+03    6.61093E+03
 8.31764E-08    6.41230E+03    6.09169E+03    6.73292E+03
 8.70964E-08    6.54126E+03    6.21419E+03    6.86832E+03
 9.12011E-08    6.68467E+03    6.35044E+03    7.01890E+03
 9.54993E-08    6.84379E+03    6.50160E+03    7.18598E+03
 1.00000E-07    7.02018E+03    6.66917E+03    7.37119E+03
 1.04713E-07    7.21594E+03    6.85515E+03    7.57674E+03
 1.09648E-07    7.43234E+03    7.06072E+03    7.80396E+03
 1.14815E-07    7.67148E+03    7.28791E+03    8.05506E+03
 1.20226E-07    7.93447E+03    7.53775E+03    8.33120E+03
 1.25893E-07    8.22289E+03    7.81175E+03    8.63404E+03
 1.31826E-07    8.53747E+03    8.11060E+03    8.96434E+03
 1.38038E-07    8.87813E+03    8.43423E+03    9.32204E+03
 1.44544E-07    9.24423E+03    8.78202E+03    9.70644E+03
 1.51356E-07    9.63251E+03    9.15088E+03    1.01141E+04
 1.58489E-07    1.00407E+04    9.53868E+03    1.05427E+04
 1.65959E-07    1.04634E+04    9.94026E+03    1.09866E+04
 1.73780E-07    1.08927E+04    1.03481E+04    1.14374E+04
 1.81970E-07    1.13193E+04    1.07533E+04    1.18852E+04
 1.90546E-07    1.17322E+04    1.11456E+04    1.23188E+04
 1.99526E-07    1.21193E+04    1.15134E+04    1.27253E+04
 2.08930E-07    1.24687E+04    1.18452E+04    1.30921E+04
 2.18776E-07    1.27683E+04    1.21299E+04    1.34067E+04
 2.29087E-07    1.30087E+04    1.23583E+04    1.36592E+04
 2.39883E-07    1.31831E+04    1.25240E+04    1.38423E+04
 2.51189E-07    1.32879E+04    1.26235E+04    1.39523E+04
 2.63027E-07    1.33230E+04    1.26568E+04    1.39891E+04
 2.75423E-07    1.32913E+04    1.26268E+04    1.39559E+04
 2.88403E-07    1.31995E+04    1.25395E+04    1.38595E+04
 3.01995E-07    1.30550E+04    1.24023E+04    1.37078E+04
 3.16228E-07    1.28670E+04    1.22237E+04    1.35104E+04
 3.31131E-07    1.26442E+04    1.20120E+04    1.32764E+04
 3.46737E-07    1.23965E+04    1.17767E+04    1.30163E+04
 3.63078E-07    1.21317E+04    1.15251E+04    1.27383E+04
 3.80189E-07    1.18557E+04    1.12629E+04    1.24485E+04
 3.98107E-07    1.15767E+04    1.09978E+04    1.21555E+04
 4.16869E-07    1.13017E+04    1.07366E+04    1.18668E+04
 4.36516E-07    1.10386E+04    1.04867E+04    1.15906E+04
 4.57088E-07    1.07983E+04    1.02584E+04    1.13382E+04
 4.78630E-07    1.05973E+04    1.00675E+04    1.11272E+04
 5.01187E-07    1.04612E+04    9.93818E+03    1.09843E+04
 5.24807E-07    1.04283E+04    9.90692E+03    1.09498E+04
 5.49541E-07    1.05423E+04    8.43382E+03    1.26507E+04
 5.75440E-07    1.08215E+04    8.65722E+03    1.29858E+04
 6.02560E-07    1.12006E+04    8.96046E+03    1.34407E+04
 6.30957E-07    1.15269E+04    9.22152E+03    1.38323E+04
 6.60693E-07    1.16629E+04    9.33029E+03    1.39954E+04
 6.91831E-07    1.15959E+04    9.27669E+03    1.39150E+04
 7.24436E-07    1.14027E+04    9.12216E+03    1.36832E+04
 7.58578E-07    1.11648E+04    8.93183E+03    1.33977E+04
 7.94328E-07    1.09302E+04    8.74414E+03    1.31162E+04
 8.31764E-07    1.07236E+04    8.57892E+03    1.28684E+04
 8.70964E-07    1.05543E+04    8.44348E+03    1.26652E+04
 9.12011E-07    1.04239E+04    8.33909E+03    1.25086E+04
 9.54993E-07    1.03308E+04    8.26465E+03    1.23970E+04
 1.00000E-06    1.02710E+04    8.21684E+03    1.23253E+04
 1.04713E-06    1.02373E+04    8.18983E+03    1.22847E+04
 1.09648E-06    1.02195E+04    8.17558E+03    1.22634E+04
 1.14815E-06    1.02044E+04    8.16356E+03    1.22453E+04
 1.20226E-06    1.01831E+04    8.14647E+03    1.22197E+04
 1.25893E-06    1.01402E+04    8.11220E+03    1.21683E+04
 1.31826E-06    1.00660E+04    8.05281E+03    1.20792E+04
 1.38038E-06    9.95371E+03    7.96297E+03    1.19445E+04
 1.44544E-06    9.80735E+03    7.84588E+03    1.17688E+04
 1.51356E-06    9.64071E+03    7.71257E+03    1.15689E+04
 1.58489E-06    9.53101E+03    7.62480E+03    1.14372E+04
 1.65959E-06    9.61169E+03    7.68935E+03    1.15340E+04
 1.73780E-06    9.70309E+03    7.76248E+03    1.16437E+04
 1.81970E-06    9.55027E+03    7.64021E+03    1.14603E+04
 1.90546E-06    9.37283E+03    7.49826E+03    1.12474E+04
 1.99526E-06    9.53005E+03    7.62404E+03    1.14361E+04
 2.08930E-06    1.00823E+04    8.06583E+03    1.20987E+04
 2.18776E-06    1.03431E+04    8.27451E+03    1.24118E+04
 2.29087E-06    1.00962E+04    8.07696E+03    1.21154E+04
 2.39883E-06    9.67524E+03    7.74019E+03    1.16103E+04
 2.51189E-06    9.21496E+03    7.37197E+03    1.10580E+04
 2.63027E-06    8.73299E+03    6.98639E+03    1.04796E+04
 2.75423E-06    8.27056E+03    6.61645E+03    9.92468E+03
 2.88403E-06    8.18234E+03    6.54588E+03    9.81881E+03
 3.01995E-06    8.52169E+03    6.81735E+03    1.02260E+04
 3.16228E-06    9.54828E+03    7.63863E+03    1.14579E+04
 3.31131E-06    1.05420E+04    8.43362E+03    1.26504E+04
 3.46737E-06    1.06043E+04    8.48345E+03    1.27252E+04
 3.63078E-06    9.58423E+03    7.66738E+03    1.15011E+04
 3.80189E-06    8.87978E+03    7.10382E+03    1.06557E+04
 3.98107E-06    1.01470E+04    8.11761E+03    1.21764E+04
 4.16869E-06    1.12260E+04    8.98080E+03    1.34712E+04
 4.36516E-06    1.16141E+04    9.29127E+03    1.39369E+04
 4.57088E-06    1.08992E+04    8.71940E+03    1.30791E+04
 4.78630E-06    1.01819E+04    8.14555E+03    1.22183E+04
 5.01187E-06    9.55952E+03    7.64762E+03    1.14714E+04
 5.24807E-06    1.00874E+04    8.06995E+03    1.21049E+04
 5.49541E-06    1.03904E+04    8.31235E+03    1.24685E+04
 5.75440E-06    1.06678E+04    8.53423E+03    1.28014E+04
 6.02560E-06    1.15730E+04    9.25841E+03    1.38876E+04
 6.30957E-06    1.06049E+04    8.48388E+03    1.27258E+04
 6.60693E-06    1.12711E+04    9.01685E+03    1.35253E+04
 6.91831E-06    1.12041E+04    8.96331E+03    1.34450E+04
 7.24436E-06    1.07817E+04    8.62533E+03    1.29380E+04
 7.58578E-06    1.02018E+04    8.16145E+03    1.22422E+04
 7.94328E-06    1.00504E+04    8.04029E+03    1.20604E+04
 8.31764E-06    9.89503E+03    7.91602E+03    1.18740E+04
 8.70964E-06    9.86942E+03    7.89554E+03    1.18433E+04
 9.12011E-06    9.91390E+03    7.93112E+03    1.18967E+04
 9.54993E-06    9.85202E+03    7.88161E+03    1.18224E+04
 1.00000E-05    9.56562E+03    7.65250E+03    1.14787E+04
 1.04713E-05    9.24493E+03    7.39595E+03    1.10939E+04
 1.09648E-05    9.05240E+03    7.24192E+03    1.08629E+04
 1.14815E-05    8.91248E+03    7.12999E+03    1.06950E+04
 1.20226E-05    8.52715E+03    6.82172E+03    1.02326E+04
 1.25893E-05    9.62593E+03    7.70075E+03    1.15511E+04
 1.31826E-05    1.09882E+04    8.79060E+03    1.31859E+04
 1.38038E-05    1.04758E+04    8.38065E+03    1.25710E+04
 1.44544E-05    1.03140E+04    8.25124E+03    1.23769E+04
 1.51356E-05    9.77591E+03    7.82073E+03    1.17311E+04
 1.58489E-05    9.73959E+03    7.79167E+03    1.16875E+04
 1.65959E-05    1.03884E+04    8.31070E+03    1.24661E+04
 1.73780E-05    1.03013E+04    8.24106E+03    1.23616E+04
 1.81970E-05    9.73474E+03    7.78779E+03    1.16817E+04
 1.90546E-05    1.10189E+04    8.81514E+03    1.32227E+04
 1.99526E-05    1.13594E+04    9.08753E+03    1.36313E+04
 2.08930E-05    1.07117E+04    8.56934E+03    1.28540E+04
 2.18776E-05    1.14718E+04    9.17743E+03    1.37661E+04
 2.29087E-05    1.15874E+04    9.26994E+03    1.39049E+04
 2.39883E-05    1.03587E+04    8.28696E+03    1.24304E+04
 2.51189E-05    9.99488E+03    7.99591E+03    1.19939E+04
 2.63027E-05    1.00294E+04    8.02355E+03    1.20353E+04
 2.75423E-05    1.06798E+04    8.54386E+03    1.28158E+04
 2.88403E-05    1.22617E+04    9.80934E+03    1.47140E+04
 3.01995E-05    1.22220E+04    9.77762E+03    1.46664E+04
 3.16228E-05    1.13070E+04    9.04562E+03    1.35684E+04
 3.31131E-05    1.02719E+04    8.21753E+03    1.23263E+04
 3.46737E-05    1.11701E+04    8.93610E+03    1.34041E+04
 3.63078E-05    1.28563E+04    1.02850E+04    1.54276E+04
 3.80189E-05    1.25881E+04    1.00705E+04    1.51058E+04
 3.98107E-05    1.31421E+04    1.05137E+04    1.57705E+04
 4.16869E-05    1.25818E+04    1.00654E+04    1.50982E+04
 4.36516E-05    1.07047E+04    8.56373E+03    1.28456E+04
 4.57088E-05    1.07370E+04    8.58960E+03    1.28844E+04
 4.78630E-05    1.07939E+04    8.63512E+03    1.29527E+04
 5.01187E-05    1.08705E+04    8.69638E+03    1.30446E+04
 5.24807E-05    1.09715E+04    8.77718E+03    1.31658E+04
 5.49541E-05    1.10094E+04    8.80749E+03    1.32112E+04
 5.75440E-05    1.09635E+04    8.77079E+03    1.31562E+04
 6.02560E-05    1.09220E+04    8.73758E+03    1.31064E+04
 6.30957E-05    1.08846E+04    8.70770E+03    1.30616E+04
 6.60693E-05    1.08509E+04    8.68071E+03    1.30211E+04
 6.91831E-05    1.08283E+04    8.66267E+03    1.29940E+04
 7.24436E-05    1.08271E+04    8.66169E+03    1.29925E+04
 7.58578E-05    1.08269E+04    8.66150E+03    1.29922E+04
 7.94328E-05    1.08266E+04    8.66128E+03    1.29919E+04
 8.31764E-05    1.08263E+04    8.66104E+03    1.29916E+04
 8.70964E-05    1.08259E+04    8.66070E+03    1.29910E+04
 9.12011E-05    1.08234E+04    8.65872E+03    1.29881E+04
 9.54993E-05    1.08202E+04    8.65615E+03    1.29842E+04
 1.00000E-04    1.08170E+04    8.65358E+03    1.29804E+04
 1.04713E-04    1.08138E+04    8.65101E+03    1.29765E+04
 1.09648E-04    1.08058E+04    8.64462E+03    1.29669E+04
 1.14815E-04    1.07918E+04    8.63340E+03    1.29501E+04
 1.20226E-04    1.07784E+04    8.62271E+03    1.29341E+04
 1.25893E-04    1.07661E+04    8.61284E+03    1.29193E+04
 1.31826E-04    1.07600E+04    8.60801E+03    1.29120E+04
 1.38038E-04    1.07560E+04    8.60482E+03    1.29072E+04
 1.44544E-04    1.07525E+04    8.60201E+03    1.29030E+04
 1.51356E-04    1.07640E+04    8.61117E+03    1.29168E+04
 1.58489E-04    1.07835E+04    8.62683E+03    1.29403E+04
 1.65959E-04    1.08052E+04    8.64416E+03    1.29662E+04
 1.73780E-04    1.08281E+04    8.66246E+03    1.29937E+04
 1.81970E-04    1.08390E+04    8.67121E+03    1.30068E+04
 1.90546E-04    1.08448E+04    8.67582E+03    1.30137E+04
 1.99526E-04    1.08507E+04    8.68058E+03    1.30209E+04
 2.08930E-04    1.08566E+04    8.68532E+03    1.30280E+04
 2.18776E-04    1.08619E+04    8.68952E+03    1.30343E+04
 2.29087E-04    1.08583E+04    8.68664E+03    1.30300E+04
 2.39883E-04    1.08524E+04    8.68195E+03    1.30229E+04
 2.51189E-04    1.08466E+04    8.67727E+03    1.30159E+04
 2.63027E-04    1.08408E+04    8.67261E+03    1.30089E+04
 2.75423E-04    1.08219E+04    8.65753E+03    1.29863E+04
 2.88403E-04    1.07930E+04    8.63438E+03    1.29516E+04
 3.01995E-04    1.07668E+04    8.61342E+03    1.29201E+04
 3.16228E-04    1.07444E+04    8.59553E+03    1.28933E+04
 3.31131E-04    1.07366E+04    8.58928E+03    1.28839E+04
 3.46737E-04    1.07321E+04    8.58567E+03    1.28785E+04
 3.63078E-04    1.07277E+04    8.58218E+03    1.28733E+04
 3.80189E-04    1.07254E+04    8.58030E+03    1.28705E+04
 3.98107E-04    1.07237E+04    8.57896E+03    1.28684E+04
 4.16869E-04    1.07220E+04    8.57758E+03    1.28664E+04
 4.36516E-04    1.07201E+04    8.57606E+03    1.28641E+04
 4.57088E-04    1.07169E+04    8.57349E+03    1.28602E+04
 4.78630E-04    1.07132E+04    8.57058E+03    1.28559E+04
 5.01187E-04    1.07096E+04    8.56765E+03    1.28515E+04
 5.24807E-04    1.07059E+04    8.56468E+03    1.28470E+04
 5.49541E-04    1.07032E+04    8.56255E+03    1.28438E+04
 5.75440E-04    1.07016E+04    8.56130E+03    1.28420E+04
 6.02560E-04    1.07000E+04    8.56000E+03    1.28400E+04
 6.30957E-04    1.06983E+04    8.55864E+03    1.28380E+04
 6.60693E-04    1.06965E+04    8.55721E+03    1.28358E+04
 6.91831E-04    1.06960E+04    8.55680E+03    1.28352E+04
 7.24436E-04    1.06988E+04    8.55907E+03    1.28386E+04
 7.58578E-04    1.07020E+04    8.56159E+03    1.28424E+04
 7.94328E-04    1.07052E+04    8.56413E+03    1.28462E+04
 8.31764E-04    1.07083E+04    8.56665E+03    1.28500E+04
 8.70964E-04    1.07114E+04    8.56910E+03    1.28536E+04
 9.12011E-04    1.07107E+04    8.56853E+03    1.28528E+04
 9.54993E-04    1.07085E+04    8.56679E+03    1.28502E+04
 1.00000E-03    1.07062E+04    8.56496E+03    1.28474E+04
 1.04713E-03    1.07038E+04    8.56304E+03    1.28446E+04
 1.09648E-03    1.07010E+04    8.56081E+03    1.28412E+04
 1.14815E-03    1.06977E+04    8.55819E+03    1.28373E+04
 1.20226E-03    1.06943E+04    8.55548E+03    1.28332E+04
 1.25893E-03    1.06908E+04    8.55262E+03    1.28289E+04
 1.31826E-03    1.06864E+04    8.54911E+03    1.28237E+04
 1.38038E-03    1.06816E+04    8.54528E+03    1.28179E+04
 1.44544E-03    1.06767E+04    8.54137E+03    1.28121E+04
 1.51356E-03    1.06717E+04    8.53736E+03    1.28060E+04
 1.58489E-03    1.06665E+04    8.53320E+03    1.27998E+04
 1.65959E-03    1.06612E+04    8.52896E+03    1.27934E+04
 1.73780E-03    1.06557E+04    8.52458E+03    1.27869E+04
 1.81970E-03    1.06501E+04    8.52009E+03    1.27801E+04
 1.90546E-03    1.06443E+04    8.51546E+03    1.27732E+04
 1.99526E-03    1.06384E+04    8.51072E+03    1.27661E+04
 2.08930E-03    1.06323E+04    8.50585E+03    1.27588E+04
 2.18776E-03    1.06261E+04    8.50085E+03    1.27513E+04
 2.29087E-03    1.06196E+04    8.49569E+03    1.27435E+04
 2.39883E-03    1.06130E+04    8.49040E+03    1.27356E+04
 2.51189E-03    1.06062E+04    8.48499E+03    1.27275E+04
 2.63027E-03    1.05993E+04    8.47941E+03    1.27191E+04
 2.75423E-03    1.05921E+04    8.47366E+03    1.27105E+04
 2.88403E-03    1.05847E+04    8.46774E+03    1.27016E+04
 3.01995E-03    1.05771E+04    8.46167E+03    1.26925E+04
 3.16228E-03    1.05693E+04    8.45542E+03    1.26831E+04
 3.31131E-03    1.05613E+04    8.44901E+03    1.26735E+04
 3.46737E-03    1.05530E+04    8.44240E+03    1.26636E+04
 3.63078E-03    1.05445E+04    8.43562E+03    1.26534E+04
 3.80189E-03    1.05358E+04    8.42867E+03    1.26430E+04
 3.98107E-03    1.05268E+04    8.42145E+03    1.26322E+04
 4.16869E-03    1.05176E+04    8.41410E+03    1.26211E+04
 4.36516E-03    1.05081E+04    8.40650E+03    1.26097E+04
 4.57088E-03    1.04984E+04    8.39868E+03    1.25980E+04
 4.78630E-03    1.04883E+04    8.39066E+03    1.25860E+04
 5.01187E-03    1.04781E+04    8.38246E+03    1.25737E+04
 5.24807E-03    1.04675E+04    8.37401E+03    1.25610E+04
 5.49541E-03    1.04566E+04    8.36526E+03    1.25479E+04
 5.75440E-03    1.04453E+04    8.35628E+03    1.25344E+04
 6.02560E-03    1.04338E+04    8.34706E+03    1.25206E+04
 6.30957E-03    1.04220E+04    8.33761E+03    1.25064E+04
 6.60693E-03    1.04099E+04    8.32790E+03    1.24919E+04
 6.91831E-03    1.03974E+04    8.31792E+03    1.24769E+04
 7.24436E-03    1.03845E+04    8.30760E+03    1.24614E+04
 7.58578E-03    1.03713E+04    8.29703E+03    1.24455E+04
 7.94328E-03    1.03577E+04    8.28615E+03    1.24292E+04
 8.31764E-03    1.03438E+04    8.27501E+03    1.24125E+04
 8.70964E-03    1.03295E+04    8.26358E+03    1.23954E+04
 9.12011E-03    1.03149E+04    8.25189E+03    1.23778E+04
 9.54993E-03    1.02997E+04    8.23975E+03    1.23596E+04
 1.00000E-02    1.02842E+04    8.22735E+03    1.23410E+04
 1.04713E-02    1.02684E+04    8.21469E+03    1.23220E+04
 1.09648E-02    1.02521E+04    8.20164E+03    1.23025E+04
 1.14815E-02    1.02353E+04    8.18825E+03    1.22824E+04
 1.20226E-02    1.02182E+04    8.17452E+03    1.22618E+04
 1.25893E-02    1.02005E+04    8.16043E+03    1.22406E+04
 1.31826E-02    1.01825E+04    8.14599E+03    1.22190E+04
 1.38038E-02    1.01639E+04    8.13112E+03    1.21967E+04
 1.44544E-02    1.01449E+04    8.11593E+03    1.21739E+04
 1.51356E-02    1.01255E+04    8.10042E+03    1.21506E+04
 1.58489E-02    1.01055E+04    8.08436E+03    1.21265E+04
 1.65959E-02    1.00850E+04    8.06801E+03    1.21020E+04
 1.73780E-02    1.00640E+04    8.05120E+03    1.20768E+04
 1.81970E-02    1.00425E+04    8.03397E+03    1.20510E+04
 1.90546E-02    1.00204E+04    8.01633E+03    1.20245E+04
 1.99526E-02    9.99783E+03    7.99827E+03    1.19974E+04
 2.08930E-02    9.97478E+03    7.97982E+03    1.19697E+04
 2.18776E-02    9.95077E+03    7.96062E+03    1.19409E+04
 2.29087E-02    9.92656E+03    7.94125E+03    1.19119E+04
 2.39883E-02    9.90147E+03    7.92118E+03    1.18818E+04
 2.51189E-02    9.87639E+03    8.08659E+03    1.16662E+04
 2.63027E-02    9.84957E+03    8.06463E+03    1.16345E+04
 2.75423E-02    9.82640E+03    8.04566E+03    1.16071E+04
 2.88403E-02    9.81265E+03    8.03441E+03    1.15909E+04
 3.01995E-02    9.79406E+03    8.01918E+03    1.15689E+04
 3.16228E-02    9.76167E+03    7.99266E+03    1.15307E+04
 3.31131E-02    9.72686E+03    7.96415E+03    1.14896E+04
 3.46737E-02    9.69040E+03    7.93430E+03    1.14465E+04
 3.63078E-02    9.65222E+03    7.90305E+03    1.14014E+04
 3.80189E-02    9.61225E+03    7.87032E+03    1.13542E+04
 3.98107E-02    9.57039E+03    7.83604E+03    1.13047E+04
 4.16869E-02    9.52876E+03    8.09830E+03    1.09592E+04
 4.36516E-02    9.48930E+03    8.06477E+03    1.09138E+04
 4.57088E-02    9.44808E+03    8.02973E+03    1.08664E+04
 4.78630E-02    9.40491E+03    7.99304E+03    1.08168E+04
 5.01187E-02    9.35971E+03    7.95463E+03    1.07648E+04
 5.24807E-02    9.31238E+03    7.91440E+03    1.07104E+04
 5.49541E-02    9.26281E+03    7.87228E+03    1.06533E+04
 5.75440E-02    9.21092E+03    7.82817E+03    1.05937E+04
 6.02560E-02    9.15333E+03    7.77923E+03    1.05274E+04
 6.30957E-02    9.08111E+03    7.71785E+03    1.04444E+04
 6.60693E-02    9.00020E+03    7.64909E+03    1.03513E+04
 6.91831E-02    8.91037E+03    7.57381E+03    1.02469E+04
 7.24436E-02    8.83879E+03    7.51297E+03    1.01646E+04
 7.58578E-02    8.78008E+03    7.46306E+03    1.00971E+04
 7.94328E-02    8.75231E+03    7.43947E+03    1.00652E+04
 8.31764E-02    8.75780E+03    7.44413E+03    1.00715E+04
 8.70964E-02    8.76284E+03    7.44842E+03    1.00773E+04
 9.12011E-02    8.74469E+03    7.43299E+03    1.00564E+04
 9.54993E-02    8.71712E+03    7.40955E+03    1.00247E+04
 1.00000E-01    8.69042E+03    7.38685E+03    9.99398E+03
 1.04713E-01    8.67061E+03    7.37002E+03    9.97120E+03
 1.09648E-01    8.63469E+03    7.33949E+03    9.92990E+03
 1.14815E-01    8.56102E+03    7.27687E+03    9.84518E+03
 1.20226E-01    8.48254E+03    7.21016E+03    9.75492E+03
 1.25893E-01    8.40035E+03    7.14030E+03    9.66041E+03
 1.31826E-01    8.31429E+03    7.06715E+03    9.56144E+03
 1.38038E-01    8.22418E+03    6.99055E+03    9.45781E+03
 1.44544E-01    8.12982E+03    6.91035E+03    9.34929E+03
 1.51356E-01    8.03101E+03    6.82636E+03    9.23566E+03
 1.58489E-01    7.92831E+03    6.73906E+03    9.11755E+03
 1.65959E-01    7.83057E+03    6.65598E+03    9.00515E+03
 1.73780E-01    7.73125E+03    6.57156E+03    8.89094E+03
 1.81970E-01    7.62725E+03    6.48316E+03    8.77134E+03
 1.90546E-01    7.52014E+03    6.53298E+03    8.50731E+03
 1.99526E-01    7.41534E+03    6.44193E+03    8.38875E+03
 2.08930E-01    7.30639E+03    6.34728E+03    8.26550E+03
 2.18776E-01    7.19230E+03    6.24816E+03    8.13643E+03
 2.29087E-01    7.07276E+03    6.14432E+03    8.00121E+03
 2.39883E-01    6.94588E+03    6.03410E+03    7.85767E+03
 2.51189E-01    6.81626E+03    5.92149E+03    7.71103E+03
 2.63027E-01    6.69469E+03    5.81588E+03    7.57350E+03
 2.75423E-01    6.56863E+03    5.70636E+03    7.43089E+03
 2.88403E-01    6.43662E+03    5.59169E+03    7.28156E+03
 3.01995E-01    6.30240E+03    5.67115E+03    6.93365E+03
 3.16228E-01    6.16916E+03    5.55125E+03    6.78706E+03
 3.31131E-01    6.02979E+03    5.42584E+03    6.63373E+03
 3.46737E-01    5.88685E+03    5.29722E+03    6.47647E+03
 3.63078E-01    5.74936E+03    5.17350E+03    6.32522E+03
 3.80189E-01    5.60669E+03    5.04512E+03    6.16825E+03
 3.98107E-01    5.46345E+03    4.91623E+03    6.01067E+03
 4.16869E-01    5.32904E+03    4.79528E+03    5.86279E+03
 4.36516E-01    5.18904E+03    4.66931E+03    5.70878E+03
 4.57088E-01    5.04497E+03    4.53966E+03    5.55027E+03
 4.78630E-01    4.90090E+03    4.41003E+03    5.39178E+03
 5.01187E-01    4.76289E+03    4.28660E+03    5.23918E+03
 5.24807E-01    4.63684E+03    4.17315E+03    5.10052E+03
 5.49541E-01    4.51058E+03    4.05952E+03    4.96164E+03
 5.75440E-01    4.38910E+03    3.95019E+03    4.82801E+03
 6.02560E-01    4.28701E+03    3.85831E+03    4.71571E+03
 6.30957E-01    4.20028E+03    3.78025E+03    4.62030E+03
 6.60693E-01    4.13724E+03    3.72352E+03    4.55097E+03
 6.91831E-01    4.08344E+03    3.67510E+03    4.49179E+03
 7.24436E-01    4.04485E+03    3.64036E+03    4.44933E+03
 7.58578E-01    4.00893E+03    3.60804E+03    4.40982E+03
 7.94328E-01    3.97120E+03    3.57408E+03    4.36832E+03
 8.31764E-01    3.92934E+03    3.53640E+03    4.32227E+03
 8.70964E-01    3.88586E+03    3.49728E+03    4.27445E+03
 9.12011E-01    3.84661E+03    3.46195E+03    4.23127E+03
 9.54993E-01    3.80780E+03    3.42702E+03    4.18858E+03
 1.00000E+00    3.77725E+03    3.39953E+03    4.15498E+03
 1.04713E+00    3.75550E+03    3.37995E+03    4.13105E+03
 1.09648E+00    3.73704E+03    3.36333E+03    4.11074E+03
 1.14815E+00    3.72748E+03    3.35473E+03    4.10023E+03
 1.20226E+00    3.72576E+03    3.35318E+03    4.09833E+03
 1.25893E+00    3.73038E+03    3.35734E+03    4.10342E+03
 1.31826E+00    3.72830E+03    3.35547E+03    4.10113E+03
 1.38038E+00    3.72678E+03    3.35410E+03    4.09946E+03
 1.44544E+00    3.73437E+03    3.36094E+03    4.10781E+03
 1.51356E+00    3.74387E+03    3.36949E+03    4.11826E+03
 1.58489E+00    3.75789E+03    3.38210E+03    4.13368E+03
 1.65959E+00    3.77305E+03    3.39574E+03    4.15035E+03
 1.73780E+00    3.78892E+03    3.41002E+03    4.16781E+03
 1.81970E+00    3.80558E+03    3.42502E+03    4.18614E+03
 1.90546E+00    3.83716E+03    3.45344E+03    4.22088E+03
 1.99526E+00    3.88341E+03    3.49507E+03    4.27175E+03
 2.08930E+00    3.93857E+03    3.54471E+03    4.33242E+03
 2.18776E+00    3.99692E+03    3.59722E+03    4.39661E+03
 2.29087E+00    4.05802E+03    3.65222E+03    4.46382E+03
 2.39883E+00    4.11974E+03    3.70777E+03    4.53172E+03
 2.51189E+00    4.17739E+03    3.75965E+03    4.59513E+03
 2.63027E+00    4.23497E+03    3.81147E+03    4.65847E+03
 2.75423E+00    4.28604E+03    3.85743E+03    4.71464E+03
 2.88403E+00    4.32624E+03    3.89361E+03    4.75886E+03
 3.01995E+00    4.36228E+03    3.92605E+03    4.79851E+03
 3.16228E+00    4.39283E+03    3.95355E+03    4.83212E+03
 3.31131E+00    4.41689E+03    3.97520E+03    4.85858E+03
 3.46737E+00    4.43933E+03    3.99540E+03    4.88326E+03
 3.63078E+00    4.45693E+03    4.01123E+03    4.90262E+03
 3.80189E+00    4.45702E+03    4.01132E+03    4.90273E+03
 3.98107E+00    4.44160E+03    3.99744E+03    4.88576E+03
 4.16869E+00    4.40783E+03    3.96705E+03    4.84861E+03
 4.36516E+00    4.36145E+03    3.92531E+03    4.79760E+03
 4.57088E+00    4.30507E+03    3.87456E+03    4.73558E+03
 4.78630E+00    4.23289E+03    3.80960E+03    4.65618E+03
 5.01187E+00    4.15617E+03    3.74055E+03    4.57178E+03
 5.24807E+00    4.07523E+03    3.66771E+03    4.48276E+03
 5.49541E+00    3.99667E+03    3.59700E+03    4.39634E+03
 5.75440E+00    3.93106E+03    3.53796E+03    4.32417E+03
 6.02560E+00    3.85614E+03    3.47053E+03    4.24175E+03
 6.30957E+00    3.76830E+03    3.39147E+03    4.14513E+03
 6.60693E+00    3.67205E+03    3.30484E+03    4.03925E+03
 6.91831E+00    3.54039E+03    3.18635E+03    3.89443E+03
 7.24436E+00    3.38098E+03    3.04288E+03    3.71908E+03
 7.58578E+00    3.19843E+03    2.87859E+03    3.51827E+03
 7.94328E+00    3.02526E+03    2.72273E+03    3.32779E+03
 8.31764E+00    2.86453E+03    2.57808E+03    3.15098E+03
 8.70964E+00    2.72144E+03    2.44930E+03    2.99359E+03
 9.12011E+00    2.58293E+03    2.32464E+03    2.84122E+03
 9.54993E+00    2.45442E+03    2.20898E+03    2.69987E+03
 1.00000E+01    2.34689E+03    2.11220E+03    2.58158E+03
 1.04713E+01    2.25953E+03    2.03358E+03    2.48549E+03
 1.09648E+01    2.21229E+03    1.99106E+03    2.43352E+03
 1.14815E+01    2.21869E+03    1.99683E+03    2.44056E+03
 1.20226E+01    2.27484E+03    2.04735E+03    2.50232E+03
 1.25893E+01    2.38811E+03    2.14930E+03    2.62692E+03
 1.31826E+01    2.52152E+03    2.26937E+03    2.77367E+03
 1.38038E+01    2.67008E+03    2.40307E+03    2.93709E+03
 1.44544E+01    2.80899E+03    2.52809E+03    3.08988E+03
 1.51356E+01    2.93714E+03    2.64342E+03    3.23085E+03
 1.58489E+01    3.06569E+03    2.75912E+03    3.37226E+03
 1.65959E+01    3.20215E+03    2.88193E+03    3.52236E+03
 1.73780E+01    3.32892E+03    2.99603E+03    3.66181E+03
 1.81970E+01    3.45223E+03    3.10701E+03    3.79745E+03
 1.90546E+01    3.55510E+03    3.19959E+03    3.91061E+03
 1.99526E+01    1.85230E+02    1.66707E+02    2.03753E+02
