# n + Am242m: (n,f)     
# endfb8.0   Talou,Young,Kawano                EVAL-SEP05
# uncertainties: y
# # energies =    69
#   E(MeV)       xs(mb)       xslow(mb)      xsupp(mb)
 1.00000E-10    3.84392E+07    3.65173E+07    4.03612E+07
 5.00000E-09    1.08768E+07    1.03329E+07    1.14206E+07
 1.00000E-08    8.50118E+06    8.07612E+06    8.92624E+06
 1.50000E-08    7.36784E+06    6.99945E+06    7.73624E+06
 2.00000E-08    6.68662E+06    6.35228E+06    7.02095E+06
 2.50000E-08    6.23158E+06    5.92000E+06    6.54316E+06
 3.00000E-08    5.90918E+06    5.61372E+06    6.20464E+06
 3.50000E-08    5.63732E+06    5.35546E+06    5.91919E+06
 4.20000E-08    5.40186E+06    5.13177E+06    5.67196E+06
 5.00000E-08    5.23638E+06    4.97456E+06    5.49820E+06
 5.80000E-08    5.12726E+06    4.87090E+06    5.38362E+06
 6.70000E-08    5.05316E+06    4.80051E+06    5.30582E+06
 8.00000E-08    5.02331E+06    4.77215E+06    5.27448E+06
 1.00000E-07    5.05069E+06    4.79816E+06    5.30323E+06
 1.40000E-07    4.94463E+06    4.69740E+06    5.19186E+06
 1.80000E-07    4.43061E+06    4.20908E+06    4.65214E+06
 2.20000E-07    3.71221E+06    3.52660E+06    3.89782E+06
 2.50000E-07    3.06722E+06    2.91386E+06    3.22058E+06
 2.80000E-07    2.58331E+06    2.45415E+06    2.71248E+06
 3.00000E-07    2.25815E+06    2.14524E+06    2.37106E+06
 3.20000E-07    1.92993E+06    1.83343E+06    2.02642E+06
 3.50000E-07    1.55721E+06    1.47935E+06    1.63507E+06
 4.00000E-07    1.22823E+06    1.16682E+06    1.28965E+06
 5.00000E-07    1.24199E+06    1.17989E+06    1.30409E+06
 6.25000E-07    9.86128E+05    9.26960E+05    1.04530E+06
 7.80000E-07    6.73423E+05    6.33018E+05    7.13828E+05
 8.50000E-07    6.11261E+05    5.74586E+05    6.47937E+05
 9.10000E-07    5.85263E+05    5.50147E+05    6.20379E+05
 9.50000E-07    5.73738E+05    5.39313E+05    6.08162E+05
 9.72000E-07    5.66302E+05    5.32323E+05    6.00280E+05
 9.96000E-07    5.58811E+05    5.25283E+05    5.92340E+05
 1.02000E-06    5.51177E+05    5.18106E+05    5.84248E+05
 1.04500E-06    5.42812E+05    5.10243E+05    5.75380E+05
 1.07100E-06    5.33597E+05    5.01581E+05    5.65613E+05
 1.09700E-06    5.23528E+05    4.92116E+05    5.54939E+05
 1.12300E-06    5.12236E+05    4.81502E+05    5.42970E+05
 1.15000E-06    4.68344E+05    4.40244E+05    4.96445E+05
 1.30000E-06    3.78813E+05    3.56084E+05    4.01541E+05
 1.50000E-06    3.42907E+05    3.22333E+05    3.63482E+05
 2.10000E-06    2.35112E+05    2.21005E+05    2.49218E+05
 2.60000E-06    2.86932E+05    2.69716E+05    3.04148E+05
 3.30000E-06    2.82313E+05    2.65374E+05    2.99252E+05
 4.00000E-06    1.55806E+05    1.46458E+05    1.65155E+05
 9.87700E-06    1.04504E+05    9.82339E+04    1.10774E+05
 1.59680E-05    1.00698E+05    9.46560E+04    1.06740E+05
 2.77000E-05    7.57444E+04    7.11997E+04    8.02890E+04
 4.80520E-05    5.84824E+04    5.49734E+04    6.19913E+04
 7.55014E-05    3.89554E+04    3.66181E+04    4.12927E+04
 1.48728E-04    2.78491E+04    2.61782E+04    2.95201E+04
 3.67262E-04    1.57468E+04    1.48020E+04    1.66916E+04
 9.06898E-04    1.22801E+04    1.13029E+04    1.32572E+04
 1.42510E-03    9.93417E+03    8.94326E+03    1.09251E+04
 2.23945E-03    8.00435E+03    7.17430E+03    8.83440E+03
 3.51910E-03    6.49567E+03    5.78205E+03    7.20928E+03
 5.53000E-03    5.27817E+03    4.69831E+03    5.85803E+03
 9.11800E-03    4.32982E+03    3.81037E+03    4.84927E+03
 1.50300E-02    3.65410E+03    3.21561E+03    4.09259E+03
 2.47800E-02    3.21038E+03    2.82513E+03    3.59562E+03
 4.08500E-02    2.97653E+03    2.58580E+03    3.36726E+03
 6.73400E-02    2.85293E+03    2.42519E+03    3.28067E+03
 1.11000E-01    2.70026E+03    2.29522E+03    3.10530E+03
 1.83000E-01    2.58251E+03    2.19513E+03    2.96989E+03
 3.02000E-01    2.34066E+03    1.98956E+03    2.69176E+03
 5.00000E-01    2.02321E+03    1.71973E+03    2.32669E+03
 8.21000E-01    1.77217E+03    1.50634E+03    2.03800E+03
 1.35300E+00    1.81779E+03    1.54512E+03    2.09046E+03
 2.23100E+00    1.87356E+03    1.49884E+03    2.24827E+03
 3.67900E+00    1.72576E+03    1.29455E+03    2.15698E+03
 6.06500E+00    2.10103E+03    1.57604E+03    2.62601E+03
