# n + Pb  0 : (n,a)
# jendl4.0   O.Iwamoto, N.Iwamoto              EVAL-MAR10
# uncertainties: n
# # energies =  1995
#   E(MeV)          xs(mb) 
 1.00000E-11    9.46099E-02
 1.03223E-11    9.31214E-02
 1.06549E-11    9.16561E-02
 1.09984E-11    9.02140E-02
 1.13527E-11    8.87951E-02
 1.17186E-11    8.73973E-02
 1.20962E-11    8.60227E-02
 1.24861E-11    8.46692E-02
 1.28884E-11    8.33373E-02
 1.33038E-11    8.20254E-02
 1.37325E-11    8.07351E-02
 1.41751E-11    7.94649E-02
 1.46318E-11    7.82148E-02
 1.51034E-11    7.69841E-02
 1.55901E-11    7.57729E-02
 1.60926E-11    7.45802E-02
 1.66111E-11    7.34070E-02
 1.71465E-11    7.22518E-02
 1.76990E-11    7.11155E-02
 1.82694E-11    6.99961E-02
 1.88581E-11    6.88951E-02
 1.94659E-11    6.78110E-02
 2.00931E-11    6.67444E-02
 2.07407E-11    6.56940E-02
 2.14090E-11    6.46606E-02
 2.20991E-11    6.36429E-02
 2.28111E-11    6.26416E-02
 2.35464E-11    6.16561E-02
 2.43051E-11    6.06860E-02
 2.50884E-11    5.97310E-02
 2.58968E-11    5.87914E-02
 2.67315E-11    5.78666E-02
 2.75928E-11    5.69560E-02
 2.84822E-11    5.60596E-02
 2.93999E-11    5.51780E-02
 3.03475E-11    5.43096E-02
 3.13253E-11    5.34554E-02
 3.23350E-11    5.26140E-02
 3.33769E-11    5.17863E-02
 3.44526E-11    5.09714E-02
 3.55627E-11    5.01695E-02
 3.67089E-11    4.93801E-02
 3.78918E-11    4.86032E-02
 3.91130E-11    4.78384E-02
 4.03734E-11    4.70858E-02
 4.16746E-11    4.63449E-02
 4.30174E-11    4.56158E-02
 4.44039E-11    4.48980E-02
 4.58347E-11    4.41917E-02
 4.73119E-11    4.34963E-02
 4.88364E-11    4.28120E-02
 5.04104E-11    4.21383E-02
 5.20348E-11    4.14754E-02
 5.37119E-11    4.08228E-02
 5.54426E-11    4.01805E-02
 5.72295E-11    3.95483E-02
 5.90736E-11    3.89261E-02
 6.09775E-11    3.83136E-02
 6.29424E-11    3.77108E-02
 6.49710E-11    3.71174E-02
 6.70645E-11    3.65335E-02
 6.92260E-11    3.59586E-02
 7.14566E-11    3.53929E-02
 7.37596E-11    3.48360E-02
 7.61364E-11    3.42880E-02
 7.85902E-11    3.37484E-02
 8.11227E-11    3.32175E-02
 8.37372E-11    3.26948E-02
 8.64355E-11    3.21804E-02
 8.92212E-11    3.16740E-02
 9.20962E-11    3.11758E-02
 9.50644E-11    3.06852E-02
 9.81277E-11    3.02024E-02
 1.01291E-10    2.97271E-02
 1.04554E-10    2.92595E-02
 1.07924E-10    2.87991E-02
 1.11402E-10    2.83460E-02
 1.14992E-10    2.78999E-02
 1.18697E-10    2.74610E-02
 1.22523E-10    2.70289E-02
 1.26471E-10    2.66037E-02
 1.30547E-10    2.61851E-02
 1.34754E-10    2.57732E-02
 1.39097E-10    2.53676E-02
 1.43579E-10    2.49685E-02
 1.48207E-10    2.45756E-02
 1.52982E-10    2.41890E-02
 1.57913E-10    2.38083E-02
 1.63001E-10    2.34338E-02
 1.68254E-10    2.30650E-02
 1.73676E-10    2.27022E-02
 1.79274E-10    2.23450E-02
 1.85050E-10    2.19934E-02
 1.91014E-10    2.16473E-02
 1.97169E-10    2.13068E-02
 2.03524E-10    2.09715E-02
 2.10082E-10    2.06416E-02
 2.16853E-10    2.03168E-02
 2.23840E-10    1.99972E-02
 2.31055E-10    1.96825E-02
 2.38500E-10    1.93729E-02
 2.46187E-10    1.90680E-02
 2.54120E-10    1.87680E-02
 2.62310E-10    1.84727E-02
 2.70762E-10    1.81821E-02
 2.79489E-10    1.78960E-02
 2.88494E-10    1.76144E-02
 2.97793E-10    1.73373E-02
 3.07388E-10    1.70645E-02
 3.17295E-10    1.67960E-02
 3.27519E-10    1.65317E-02
 3.38075E-10    1.62716E-02
 3.48969E-10    1.60156E-02
 3.60216E-10    1.57636E-02
 3.71823E-10    1.55156E-02
 3.83807E-10    1.52715E-02
 3.96174E-10    1.50312E-02
 4.08943E-10    1.47947E-02
 4.22120E-10    1.45619E-02
 4.35725E-10    1.43328E-02
 4.49765E-10    1.41073E-02
 4.64261E-10    1.38853E-02
 4.79221E-10    1.36669E-02
 4.94666E-10    1.34519E-02
 5.10605E-10    1.32402E-02
 5.27062E-10    1.30319E-02
 5.44045E-10    1.28269E-02
 5.61580E-10    1.26250E-02
 5.79675E-10    1.24264E-02
 5.98358E-10    1.22309E-02
 6.17639E-10    1.20384E-02
 6.37545E-10    1.18490E-02
 6.58089E-10    1.16626E-02
 6.79298E-10    1.14791E-02
 7.01188E-10    1.12985E-02
 7.23786E-10    1.11207E-02
 7.47109E-10    1.09458E-02
 7.71188E-10    1.07735E-02
 7.96038E-10    1.06040E-02
 8.21693E-10    1.04372E-02
 8.48171E-10    1.02729E-02
 8.75507E-10    1.01113E-02
 9.03719E-10    9.95226E-03
 9.32845E-10    9.79565E-03
 9.62904E-10    9.64153E-03
 9.93937E-10    9.48983E-03
 1.02597E-09    9.34051E-03
 1.05903E-09    9.19356E-03
 1.09316E-09    9.04893E-03
 1.12839E-09    8.90651E-03
 1.16475E-09    8.76641E-03
 1.20229E-09    8.62847E-03
 1.24103E-09    8.49270E-03
 1.28103E-09    8.35909E-03
 1.32231E-09    8.22758E-03
 1.36492E-09    8.09809E-03
 1.40890E-09    7.97070E-03
 1.45431E-09    7.84531E-03
 1.50117E-09    7.72187E-03
 1.54956E-09    7.60034E-03
 1.59949E-09    7.48080E-03
 1.65104E-09    7.36306E-03
 1.70424E-09    7.24722E-03
 1.75917E-09    7.13322E-03
 1.81585E-09    7.02096E-03
 1.87438E-09    6.91050E-03
 1.93477E-09    6.80177E-03
 1.99713E-09    6.69474E-03
 2.06148E-09    6.58944E-03
 2.12792E-09    6.48572E-03
 2.19649E-09    6.38370E-03
 2.26728E-09    6.28325E-03
 2.34034E-09    6.18439E-03
 2.41577E-09    6.08710E-03
 2.49362E-09    5.99135E-03
 2.57398E-09    5.89707E-03
 2.65692E-09    5.80427E-03
 2.74255E-09    5.71295E-03
 2.83093E-09    5.62305E-03
 2.92217E-09    5.53457E-03
 3.01633E-09    5.44751E-03
 3.11354E-09    5.36183E-03
 3.21387E-09    5.27747E-03
 3.31745E-09    5.19442E-03
 3.42435E-09    5.11270E-03
 3.53471E-09    5.03226E-03
 3.64861E-09    4.95309E-03
 3.76620E-09    4.87516E-03
 3.88757E-09    4.79847E-03
 4.01286E-09    4.72297E-03
 4.14217E-09    4.64867E-03
 4.27566E-09    4.57553E-03
 4.41344E-09    4.50356E-03
 4.55568E-09    4.43271E-03
 4.70248E-09    4.36297E-03
 4.85404E-09    4.29433E-03
 5.01045E-09    4.22678E-03
 5.17193E-09    4.16028E-03
 5.33859E-09    4.09484E-03
 5.51065E-09    4.03041E-03
 5.68822E-09    3.96701E-03
 5.87154E-09    3.90460E-03
 6.06075E-09    3.84317E-03
 6.25608E-09    3.78270E-03
 6.45767E-09    3.72320E-03
 6.66579E-09    3.66461E-03
 6.88059E-09    3.60696E-03
 7.10234E-09    3.55020E-03
 7.33121E-09    3.49435E-03
 7.56748E-09    3.43937E-03
 7.81133E-09    3.38525E-03
 8.06308E-09    3.33199E-03
 8.32291E-09    3.27957E-03
 8.59114E-09    3.22796E-03
 8.86798E-09    3.17718E-03
 9.15378E-09    3.12719E-03
 9.44875E-09    3.07799E-03
 9.75327E-09    3.02956E-03
 1.00676E-08    2.98189E-03
 1.03920E-08    2.93497E-03
 1.07269E-08    2.88880E-03
 1.10726E-08    2.84334E-03
 1.14294E-08    2.79861E-03
 1.17978E-08    2.75458E-03
 1.21779E-08    2.71124E-03
 1.25704E-08    2.66858E-03
 1.29755E-08    2.62660E-03
 1.33937E-08    2.58527E-03
 1.38253E-08    2.54459E-03
 1.42708E-08    2.50456E-03
 1.47307E-08    2.46515E-03
 1.52054E-08    2.42636E-03
 1.56954E-08    2.38819E-03
 1.62012E-08    2.35061E-03
 1.67233E-08    2.31363E-03
 1.72623E-08    2.27722E-03
 1.78185E-08    2.24139E-03
 1.83928E-08    2.20612E-03
 1.89855E-08    2.17142E-03
 1.95974E-08    2.13725E-03
 2.02289E-08    2.10363E-03
 2.08808E-08    2.07052E-03
 2.15537E-08    2.03795E-03
 2.22483E-08    2.00588E-03
 2.29652E-08    1.97433E-03
 2.37054E-08    1.94326E-03
 2.44693E-08    1.91268E-03
 2.52522E-08    1.88280E-03
 2.53000E-08    1.88102E-03
 2.61154E-08    1.85142E-03
 2.69569E-08    1.82229E-03
 2.78257E-08    1.79362E-03
 2.87224E-08    1.76540E-03
 2.96480E-08    1.73762E-03
 3.06034E-08    1.71028E-03
 3.15897E-08    1.68338E-03
 3.26077E-08    1.65689E-03
 3.36586E-08    1.63082E-03
 3.47432E-08    1.60517E-03
 3.58629E-08    1.57991E-03
 3.70185E-08    1.55506E-03
 3.82116E-08    1.53059E-03
 3.94429E-08    1.50651E-03
 4.07141E-08    1.48280E-03
 4.20261E-08    1.45947E-03
 4.33805E-08    1.43650E-03
 4.47784E-08    1.41391E-03
 4.62215E-08    1.39165E-03
 4.77110E-08    1.36976E-03
 4.92486E-08    1.34821E-03
 5.08356E-08    1.32699E-03
 5.24740E-08    1.30611E-03
 5.41649E-08    1.28557E-03
 5.59105E-08    1.26534E-03
 5.77122E-08    1.24543E-03
 5.95722E-08    1.22584E-03
 6.14918E-08    1.20655E-03
 6.34736E-08    1.18757E-03
 6.55190E-08    1.16888E-03
 6.76305E-08    1.15049E-03
 6.98099E-08    1.13239E-03
 7.20597E-08    1.11458E-03
 7.43818E-08    1.09704E-03
 7.67790E-08    1.07977E-03
 7.92531E-08    1.06279E-03
 8.18073E-08    1.04607E-03
 8.44435E-08    1.02961E-03
 8.71649E-08    1.01341E-03
 8.99737E-08    9.97462E-04
 9.28735E-08    9.81765E-04
 9.58662E-08    9.66321E-04
 9.89558E-08    9.51114E-04
 1.02145E-07    9.36150E-04
 1.05437E-07    9.21418E-04
 1.08834E-07    9.06923E-04
 1.12342E-07    8.92649E-04
 1.15962E-07    8.78608E-04
 1.19699E-07    8.64788E-04
 1.23556E-07    8.51184E-04
 1.27538E-07    8.37786E-04
 1.31648E-07    8.24609E-04
 1.35891E-07    8.11633E-04
 1.40270E-07    7.98863E-04
 1.44790E-07    7.86298E-04
 1.49456E-07    7.73928E-04
 1.54273E-07    7.61748E-04
 1.59244E-07    7.49757E-04
 1.64376E-07    7.37962E-04
 1.69673E-07    7.26351E-04
 1.75142E-07    7.14925E-04
 1.80785E-07    7.03673E-04
 1.86612E-07    6.92600E-04
 1.92625E-07    6.81702E-04
 1.98833E-07    6.70977E-04
 2.05240E-07    6.60421E-04
 2.11855E-07    6.50033E-04
 2.18682E-07    6.39815E-04
 2.25730E-07    6.29749E-04
 2.33003E-07    6.19831E-04
 2.40513E-07    6.10076E-04
 2.48263E-07    6.00480E-04
 2.56264E-07    5.91031E-04
 2.64522E-07    5.81730E-04
 2.73047E-07    5.72581E-04
 2.81846E-07    5.63576E-04
 2.90929E-07    5.54707E-04
 3.00304E-07    5.45975E-04
 3.09982E-07    5.37386E-04
 3.19971E-07    5.28933E-04
 3.30284E-07    5.20607E-04
 3.40927E-07    5.12418E-04
 3.51914E-07    5.04356E-04
 3.63254E-07    4.96418E-04
 3.74961E-07    4.88605E-04
 3.87044E-07    4.80921E-04
 3.99518E-07    4.73354E-04
 4.12392E-07    4.65905E-04
 4.25683E-07    4.58575E-04
 4.39400E-07    4.51358E-04
 4.53561E-07    4.44255E-04
 4.68177E-07    4.37270E-04
 4.83265E-07    4.30393E-04
 4.98838E-07    4.23628E-04
 5.14915E-07    4.16959E-04
 5.31507E-07    4.10398E-04
 5.48637E-07    4.03940E-04
 5.66316E-07    3.97580E-04
 5.84568E-07    3.91320E-04
 6.03405E-07    3.85165E-04
 6.22852E-07    3.79108E-04
 6.42922E-07    3.73148E-04
 6.63643E-07    3.67280E-04
 6.85028E-07    3.61498E-04
 7.07105E-07    3.55804E-04
 7.29891E-07    3.50204E-04
 7.53414E-07    3.44700E-04
 7.77692E-07    3.39274E-04
 8.04453E-07    3.33589E-04
 8.30380E-07    3.28342E-04
 8.57138E-07    3.23174E-04
 8.84762E-07    3.18087E-04
 9.13273E-07    3.13088E-04
 9.42706E-07    3.08158E-04
 9.73084E-07    3.03310E-04
 1.00444E-06    2.98539E-04
 1.03517E-06    2.94065E-04
 1.07210E-06    2.88965E-04
 1.11811E-06    2.82951E-04
 1.17428E-06    2.76101E-04
 1.23332E-06    2.69445E-04
 1.30441E-06    2.62003E-04
 1.38926E-06    2.53880E-04
 1.49006E-06    2.45151E-04
 1.60945E-06    2.35885E-04
 1.75059E-06    2.26177E-04
 1.91744E-06    2.16118E-04
 2.11500E-06    2.05784E-04
 2.33293E-06    1.95937E-04
 2.57330E-06    1.86561E-04
 2.83845E-06    1.77630E-04
 3.13092E-06    1.69132E-04
 3.45352E-06    1.61036E-04
 3.80935E-06    1.53334E-04
 4.20186E-06    1.45998E-04
 4.63481E-06    1.39012E-04
 5.11236E-06    1.32359E-04
 5.63912E-06    1.26023E-04
 6.22016E-06    1.19994E-04
 6.86107E-06    1.14251E-04
 7.56801E-06    1.08787E-04
 8.34780E-06    1.03583E-04
 9.20793E-06    9.86238E-05
 1.01567E-05    9.39050E-05
 1.12032E-05    8.94109E-05
 1.23575E-05    8.51321E-05
 1.36308E-05    8.10590E-05
 1.50353E-05    7.71821E-05
 1.65845E-05    7.34915E-05
 1.82933E-05    6.99716E-05
 2.01782E-05    6.66251E-05
 2.22573E-05    6.34363E-05
 2.45506E-05    6.04001E-05
 2.70802E-05    5.75232E-05
 2.98705E-05    5.47709E-05
 3.29483E-05    5.21514E-05
 3.65995E-05    4.94693E-05
 4.03706E-05    4.71038E-05
 4.45303E-05    4.48496E-05
 4.91186E-05    4.27032E-05
 5.41796E-05    4.06603E-05
 5.97621E-05    3.87147E-05
 6.56889E-05    3.76484E-05
 6.77930E-05    3.76422E-05
 7.85342E-05    3.76136E-05
 7.86381E-05    3.74440E-05
 7.87074E-05    3.71009E-05
 7.87420E-05    3.67940E-05
 7.88112E-05    3.59840E-05
 7.89497E-05    3.37380E-05
 7.90190E-05    3.27759E-05
 7.90709E-05    3.22884E-05
 7.91228E-05    3.19845E-05
 7.91921E-05    3.17860E-05
 7.93652E-05    3.16943E-05
 1.00884E-04    3.16767E-05
 1.01015E-04    3.15587E-05
 1.01104E-04    3.12902E-05
 1.01148E-04    3.10444E-05
 1.01238E-04    3.03882E-05
 1.01371E-04    2.91520E-05
 1.01438E-04    2.86439E-05
 1.01505E-04    2.82918E-05
 1.01594E-04    2.80449E-05
 1.01728E-04    2.79407E-05
 1.23825E-04    2.79280E-05
 1.24693E-04    2.79280E-05
 1.27344E-04    2.79280E-05
 1.28688E-04    2.79279E-05
 1.29649E-04    2.78987E-05
 1.29762E-04    2.77931E-05
 1.29847E-04    2.75907E-05
 1.29932E-04    2.72284E-05
 1.30045E-04    2.65124E-05
 1.30188E-04    2.55505E-05
 1.30274E-04    2.51444E-05
 1.30360E-04    2.49078E-05
 1.30504E-04    2.47866E-05
 1.36584E-04    2.47419E-05
 1.37541E-04    2.47419E-05
 1.38511E-04    2.47419E-05
 1.45468E-04    2.47419E-05
 1.46494E-04    2.47419E-05
 1.49602E-04    2.47419E-05
 1.50657E-04    2.47419E-05
 1.56023E-04    2.47419E-05
 1.57124E-04    2.47419E-05
 1.60457E-04    2.47419E-05
 1.61589E-04    2.47419E-05
 1.65517E-04    2.47419E-05
 1.66519E-04    2.47222E-05
 1.66644E-04    2.46333E-05
 1.66770E-04    2.44218E-05
 1.66863E-04    2.40902E-05
 1.66957E-04    2.36181E-05
 1.67130E-04    2.26414E-05
 1.67241E-04    2.21927E-05
 1.67351E-04    2.19419E-05
 1.67462E-04    2.18316E-05
 1.67904E-04    2.17841E-05
 1.86828E-04    2.17726E-05
 1.88146E-04    2.17726E-05
 2.03212E-04    2.17726E-05
 2.04645E-04    2.17726E-05
 2.08986E-04    2.17726E-05
 2.10460E-04    2.17726E-05
 2.11934E-04    2.17726E-05
 2.12563E-04    2.17726E-05
 2.13900E-04    2.17517E-05
 2.14057E-04    2.16622E-05
 2.14175E-04    2.14784E-05
 2.14293E-04    2.11422E-05
 2.14450E-04    2.04932E-05
 2.14592E-04    1.98998E-05
 2.14686E-04    1.96010E-05
 2.14781E-04    1.94045E-05
 2.14923E-04    1.92641E-05
 2.15206E-04    1.92151E-05
 2.25233E-04    1.92138E-05
 2.28410E-04    1.92138E-05
 2.74752E-04    1.91821E-05
 2.74955E-04    1.90679E-05
 2.75107E-04    1.88483E-05
 2.75259E-04    1.84415E-05
 2.75481E-04    1.77064E-05
 2.75603E-04    1.73846E-05
 2.75724E-04    1.71750E-05
 2.75846E-04    1.70649E-05
 2.76088E-04    1.70022E-05
 2.99507E-04    1.69965E-05
 3.01619E-04    1.69965E-05
 3.28069E-04    1.69965E-05
 3.46978E-04    1.69965E-05
 3.49409E-04    1.69965E-05
 3.51494E-04    1.69965E-05
 3.52798E-04    1.69885E-05
 3.53059E-04    1.69193E-05
 3.53189E-04    1.68105E-05
 3.53319E-04    1.66166E-05
 3.53515E-04    1.61600E-05
 3.53736E-04    1.55773E-05
 3.53892E-04    1.52755E-05
 3.54048E-04    1.51003E-05
 3.54204E-04    1.50199E-05
 3.54827E-04    1.49820E-05
 3.71359E-04    1.49743E-05
 3.73960E-04    1.49743E-05
 3.76598E-04    1.49743E-05
 3.79236E-04    1.49743E-05
 3.81911E-04    1.49743E-05
 3.87299E-04    1.49743E-05
 3.98304E-04    1.49743E-05
 4.03924E-04    1.49743E-05
 4.06753E-04    1.49743E-05
 4.09622E-04    1.49743E-05
 4.18311E-04    1.49743E-05
 4.21262E-04    1.49743E-05
 4.33232E-04    1.49743E-05
 4.48663E-04    1.49743E-05
 4.49998E-04    1.49743E-05
 4.51332E-04    1.49697E-05
 4.52999E-04    1.50880E-05
 4.53416E-04    1.83760E-05
 4.53583E-04    2.38355E-05
 4.53750E-04    3.38244E-05
 4.54000E-04    5.60422E-05
 4.54250E-04    7.83611E-05
 4.54400E-04    8.75214E-05
 4.54600E-04    9.40310E-05
 4.54801E-04    9.64517E-05
 4.97295E-04    9.71609E-05
 5.33379E-04    9.71607E-05
 5.44693E-04    9.71606E-05
 5.48535E-04    9.71606E-05
 5.76088E-04    9.71604E-05
 5.77804E-04    9.71604E-05
 5.82092E-04    9.61013E-05
 5.82414E-04    9.03249E-05
 5.82628E-04    8.00935E-05
 5.82843E-04    6.38240E-05
 5.83207E-04    3.31003E-05
 5.83400E-04    2.18972E-05
 5.83593E-04    1.56335E-05
 5.83978E-04    1.19843E-05
 6.34070E-04    1.16816E-05
 6.38543E-04    1.16816E-05
 6.80078E-04    1.16816E-05
 6.84875E-04    1.16816E-05
 6.99402E-04    1.16816E-05
 7.04336E-04    1.16816E-05
 7.34569E-04    1.16816E-05
 7.45218E-04    1.16816E-05
 7.47557E-04    1.16561E-05
 7.47832E-04    1.16003E-05
 7.48107E-04    1.14418E-05
 7.48382E-04    1.11647E-05
 7.48685E-04    1.07910E-05
 7.48932E-04    1.05312E-05
 7.49180E-04    1.03937E-05
 7.49510E-04    1.03204E-05
 9.60060E-04    1.02761E-05
 9.60413E-04    1.02065E-05
 9.60767E-04    1.00249E-05
 9.61332E-04    9.52063E-06
 9.61650E-04    9.28357E-06
 9.61967E-04    9.17710E-06
 9.62603E-04    9.12745E-06
 1.23274E-03    9.15079E-06
 1.23319E-03    9.31099E-06
 1.23365E-03    9.93002E-06
 1.23437E-03    1.17846E-05
 1.23478E-03    1.25923E-05
 1.23519E-03    1.29122E-05
 1.24281E-03    1.30154E-05
 1.37086E-03    1.30146E-05
 1.50152E-03    1.30137E-05
 1.51211E-03    1.30136E-05
 1.57761E-03    1.30135E-05
 1.58344E-03    1.29555E-05
 1.58460E-03    1.20542E-05
 1.58565E-03    1.11894E-05
 1.72356E-03    1.10940E-05
 1.73571E-03    1.10940E-05
 1.76020E-03    1.10940E-05
 1.99674E-03    1.10940E-05
 2.02871E-03    1.10927E-05
 2.03245E-03    1.10927E-05
 2.03339E-03    1.10321E-05
 2.03376E-03    1.09114E-05
 2.03414E-03    1.06711E-05
 2.03451E-03    1.03202E-05
 2.03515E-03    9.65416E-06
 2.03548E-03    9.40100E-06
 2.03582E-03    9.24960E-06
 2.03627E-03    9.16662E-06
 2.04008E-03    9.13878E-06
 2.10728E-03    9.13931E-06
 2.13701E-03    9.13894E-06
 2.16716E-03    9.13857E-06
 2.18234E-03    9.13838E-06
 2.19773E-03    9.13819E-06
 2.37371E-03    9.13601E-06
 2.39045E-03    9.13580E-06
 2.54595E-03    9.13387E-06
 2.56390E-03    9.13364E-06
 2.60684E-03    9.13267E-06
 2.60876E-03    9.13228E-06
 2.60900E-03    9.13443E-06
 2.60912E-03    9.13574E-06
 2.60924E-03    9.13740E-06
 2.60933E-03    9.13904E-06
 2.60939E-03    9.14043E-06
 2.60945E-03    9.14213E-06
 2.60951E-03    9.14427E-06
 2.60955E-03    9.14618E-06
 2.60960E-03    9.14856E-06
 2.60964E-03    9.15133E-06
 2.60969E-03    9.15473E-06
 2.60972E-03    9.15735E-06
 2.60975E-03    9.16031E-06
 2.60978E-03    9.16366E-06
 2.60981E-03    9.16745E-06
 2.60984E-03    9.17173E-06
 2.60987E-03    9.17658E-06
 2.60990E-03    9.18205E-06
 2.60993E-03    9.18822E-06
 2.60996E-03    9.19518E-06
 2.60999E-03    9.20303E-06
 2.61001E-03    9.20954E-06
 2.61003E-03    9.21664E-06
 2.61006E-03    9.22449E-06
 2.61008E-03    9.23295E-06
 2.61010E-03    9.24220E-06
 2.61012E-03    9.25227E-06
 2.61015E-03    9.26331E-06
 2.61017E-03    9.27525E-06
 2.61019E-03    9.28824E-06
 2.61021E-03    9.30219E-06
 2.61024E-03    9.31713E-06
 2.61026E-03    9.33345E-06
 2.61028E-03    9.35120E-06
 2.61030E-03    9.37044E-06
 2.61033E-03    9.39123E-06
 2.61035E-03    9.41385E-06
 2.61037E-03    9.43833E-06
 2.61039E-03    9.46481E-06
 2.61042E-03    9.49336E-06
 2.61044E-03    9.52425E-06
 2.61046E-03    9.55762E-06
 2.61048E-03    9.59357E-06
 2.61051E-03    9.63223E-06
 2.61053E-03    9.67391E-06
 2.61055E-03    9.71875E-06
 2.61057E-03    9.76693E-06
 2.61060E-03    9.81860E-06
 2.61062E-03    9.87408E-06
 2.61064E-03    9.93361E-06
 2.61066E-03    9.99733E-06
 2.61069E-03    1.00654E-05
 2.61071E-03    1.01383E-05
 2.61073E-03    1.02163E-05
 2.61075E-03    1.02996E-05
 2.61077E-03    1.03582E-05
 2.61080E-03    1.04834E-05
 2.61083E-03    1.06186E-05
 2.61086E-03    1.07656E-05
 2.61089E-03    1.09255E-05
 2.61092E-03    1.10988E-05
 2.61095E-03    1.12866E-05
 2.61098E-03    1.14896E-05
 2.61101E-03    1.17089E-05
 2.61104E-03    1.19453E-05
 2.61107E-03    1.21999E-05
 2.61110E-03    1.24734E-05
 2.61113E-03    1.27672E-05
 2.61116E-03    1.30819E-05
 2.61119E-03    1.34173E-05
 2.61122E-03    1.37757E-05
 2.61125E-03    1.41585E-05
 2.61128E-03    1.45663E-05
 2.61131E-03    1.49979E-05
 2.61134E-03    1.54566E-05
 2.61137E-03    1.59437E-05
 2.61140E-03    1.64610E-05
 2.61144E-03    1.72893E-05
 2.61149E-03    1.81894E-05
 2.61153E-03    1.91618E-05
 2.61158E-03    2.02124E-05
 2.61162E-03    2.13396E-05
 2.61167E-03    2.25452E-05
 2.61171E-03    2.38284E-05
 2.61176E-03    2.51965E-05
 2.61180E-03    2.66470E-05
 2.61186E-03    2.87119E-05
 2.61192E-03    3.09239E-05
 2.61198E-03    3.32800E-05
 2.61206E-03    3.64180E-05
 2.61212E-03    3.90764E-05
 2.61221E-03    4.32881E-05
 2.61230E-03    4.77388E-05
 2.61242E-03    5.39611E-05
 2.61278E-03    7.33274E-05
 2.61292E-03    8.07499E-05
 2.61303E-03    8.59824E-05
 2.61314E-03    9.08546E-05
 2.61325E-03    9.53027E-05
 2.61336E-03    9.92912E-05
 2.61346E-03    1.02813E-04
 2.61357E-03    1.05854E-04
 2.61368E-03    1.08439E-04
 2.61382E-03    1.11228E-04
 2.61397E-03    1.13347E-04
 2.61411E-03    1.14911E-04
 2.61433E-03    1.16449E-04
 2.61454E-03    1.17314E-04
 2.61490E-03    1.17930E-04
 2.61606E-03    1.18153E-04
 2.82194E-03    1.18149E-04
 2.86175E-03    1.18149E-04
 3.09090E-03    1.18150E-04
 3.11270E-03    1.18150E-04
 3.13450E-03    1.18150E-04
 3.15661E-03    1.18150E-04
 3.34721E-03    1.18151E-04
 3.35183E-03    1.18102E-04
 3.35229E-03    1.17939E-04
 3.35260E-03    1.17619E-04
 3.35283E-03    1.17155E-04
 3.35298E-03    1.16693E-04
 3.35314E-03    1.16064E-04
 3.35329E-03    1.15241E-04
 3.35344E-03    1.14077E-04
 3.35360E-03    1.12864E-04
 3.35371E-03    1.11699E-04
 3.35383E-03    1.10392E-04
 3.35395E-03    1.08990E-04
 3.35406E-03    1.07322E-04
 3.35422E-03    1.04954E-04
 3.35437E-03    1.02518E-04
 3.35483E-03    9.45273E-05
 3.35497E-03    9.22529E-05
 3.35506E-03    9.06869E-05
 3.35515E-03    8.92393E-05
 3.35522E-03    8.82790E-05
 3.35529E-03    8.73601E-05
 3.35536E-03    8.65028E-05
 3.35543E-03    8.57481E-05
 3.35550E-03    8.51110E-05
 3.35555E-03    8.47131E-05
 3.35559E-03    8.41276E-05
 3.35564E-03    8.37807E-05
 3.35569E-03    8.34188E-05
 3.35573E-03    8.29278E-05
 3.35578E-03    8.26371E-05
 3.35582E-03    8.22221E-05
 3.35587E-03    8.19308E-05
 3.35592E-03    8.17007E-05
 3.35596E-03    8.13658E-05
 3.35601E-03    8.11333E-05
 3.35604E-03    8.09253E-05
 3.35608E-03    8.08375E-05
 3.35611E-03    8.06227E-05
 3.35615E-03    8.05033E-05
 3.35618E-03    8.03405E-05
 3.35622E-03    8.02737E-05
 3.35625E-03    8.01588E-05
 3.35629E-03    8.00618E-05
 3.35632E-03    7.99147E-05
 3.35636E-03    7.98325E-05
 3.35639E-03    7.97248E-05
 3.35643E-03    7.96815E-05
 3.35646E-03    7.95907E-05
 3.35649E-03    7.94798E-05
 3.35653E-03    7.94121E-05
 3.35656E-03    7.93296E-05
 3.35660E-03    7.92893E-05
 3.35663E-03    7.92331E-05
 3.35667E-03    7.92179E-05
 3.35670E-03    7.91848E-05
 3.35674E-03    7.91763E-05
 3.35677E-03    7.91199E-05
 3.35680E-03    7.91019E-05
 3.35682E-03    7.90731E-05
 3.35684E-03    7.90477E-05
 3.35686E-03    7.90256E-05
 3.35689E-03    7.90212E-05
 3.35691E-03    7.90053E-05
 3.35693E-03    7.89921E-05
 3.35696E-03    7.89959E-05
 3.35698E-03    7.89879E-05
 3.35700E-03    7.89824E-05
 3.35703E-03    7.89631E-05
 3.35705E-03    7.89416E-05
 3.35707E-03    7.89222E-05
 3.35710E-03    7.89090E-05
 3.35712E-03    7.88931E-05
 3.35714E-03    7.88790E-05
 3.35717E-03    7.88707E-05
 3.35719E-03    7.88596E-05
 3.35721E-03    7.88499E-05
 3.35723E-03    7.88415E-05
 3.35726E-03    7.88387E-05
 3.35728E-03    7.88326E-05
 3.35730E-03    7.88276E-05
 3.35733E-03    7.88280E-05
 3.35735E-03    7.88249E-05
 3.35737E-03    7.88227E-05
 3.35740E-03    7.88257E-05
 3.35742E-03    7.88251E-05
 3.35744E-03    7.88253E-05
 3.35747E-03    7.88304E-05
 3.35749E-03    7.88318E-05
 3.35751E-03    7.88338E-05
 3.35753E-03    7.88363E-05
 3.35756E-03    7.88435E-05
 3.35758E-03    7.88382E-05
 3.35762E-03    7.88310E-05
 3.35765E-03    7.88247E-05
 3.35768E-03    7.88191E-05
 3.35772E-03    7.88142E-05
 3.35775E-03    7.88099E-05
 3.35779E-03    7.88062E-05
 3.35782E-03    7.88029E-05
 3.35786E-03    7.88000E-05
 3.35789E-03    7.87975E-05
 3.35793E-03    7.87953E-05
 3.35797E-03    7.87928E-05
 3.35802E-03    7.87908E-05
 3.35807E-03    7.87891E-05
 3.35811E-03    7.87877E-05
 3.35818E-03    7.87860E-05
 3.35825E-03    7.87848E-05
 3.35830E-03    7.87842E-05
 3.35839E-03    7.87833E-05
 3.35848E-03    7.87827E-05
 3.35862E-03    7.87821E-05
 3.35885E-03    7.87817E-05
 3.35904E-03    7.87816E-05
 3.36347E-03    7.87815E-05
 3.37235E-03    7.87813E-05
 3.37826E-03    7.87816E-05
 3.40193E-03    7.87826E-05
 3.42592E-03    7.87837E-05
 3.49859E-03    7.87869E-05
 3.52327E-03    7.87880E-05
 3.54795E-03    7.87891E-05
 3.57298E-03    7.87902E-05
 3.67451E-03    7.87947E-05
 3.72635E-03    7.87970E-05
 3.85908E-03    7.88029E-05
 3.88630E-03    7.88041E-05
 3.96874E-03    7.88077E-05
 3.99673E-03    7.88090E-05
 4.08151E-03    7.88128E-05
 4.11030E-03    7.88140E-05
 4.16829E-03    7.88166E-05
 4.19749E-03    7.88179E-05
 4.22710E-03    7.88192E-05
 4.29473E-03    7.88222E-05
 4.30502E-03    7.80200E-05
 4.30621E-03    6.97895E-05
 4.30700E-03    5.35694E-05
 4.30835E-03    1.96928E-05
 4.30930E-03    9.16147E-06
 4.31500E-03    6.80438E-06
 4.31879E-03    6.80435E-06
 4.33019E-03    6.80427E-06
 4.42980E-03    6.80350E-06
 4.46104E-03    6.80326E-06
 4.52398E-03    6.80304E-06
 4.78474E-03    6.80325E-06
 5.09597E-03    6.80351E-06
 5.13192E-03    6.80354E-06
 5.27774E-03    6.80365E-06
 5.50640E-03    6.80375E-06
 5.52775E-03    6.79190E-06
 5.52877E-03    6.71892E-06
 5.52953E-03    6.51550E-06
 5.53004E-03    6.27317E-06
 5.53141E-03    5.37498E-06
 5.53202E-03    5.06633E-06
 5.53263E-03    4.88324E-06
 5.53324E-03    4.79978E-06
 5.53568E-03    4.76044E-06
 7.09811E-03    4.75370E-06
 7.09909E-03    4.73555E-06
 7.09974E-03    4.69814E-06
 7.10023E-03    4.64681E-06
 7.10072E-03    4.56997E-06
 7.10137E-03    4.42936E-06
 7.10209E-03    4.25803E-06
 7.10268E-03    4.13226E-06
 7.10327E-03    4.04104E-06
 7.10385E-03    3.98745E-06
 7.10444E-03    3.95819E-06
 7.10483E-03    3.95272E-06
 7.10796E-03    3.94214E-06
 7.15180E-03    3.94224E-06
 7.20189E-03    3.94244E-06
 7.25270E-03    3.94243E-06
 7.45878E-03    3.94243E-06
 7.67073E-03    3.94242E-06
 7.72446E-03    3.94242E-06
 7.77895E-03    3.94241E-06
 7.94395E-03    3.94241E-06
 7.99999E-03    3.94240E-06
 8.64057E-03    3.94238E-06
 8.70152E-03    3.94238E-06
 8.76247E-03    3.94237E-06
 8.82429E-03    3.94237E-06
 9.09868E-03    3.94236E-06
 9.11209E-03    3.94234E-06
 9.11262E-03    3.94281E-06
 9.11293E-03    3.94340E-06
 9.11319E-03    3.94432E-06
 9.11335E-03    3.94521E-06
 9.11351E-03    3.94648E-06
 9.11361E-03    3.94761E-06
 9.11372E-03    3.94904E-06
 9.11382E-03    3.95087E-06
 9.11393E-03    3.95319E-06
 9.11400E-03    3.95528E-06
 9.11408E-03    3.95776E-06
 9.11416E-03    3.96067E-06
 9.11424E-03    3.96408E-06
 9.11432E-03    3.96806E-06
 9.11440E-03    3.97271E-06
 9.11448E-03    3.97813E-06
 9.11453E-03    3.98221E-06
 9.11458E-03    3.98672E-06
 9.11463E-03    3.99188E-06
 9.11469E-03    3.99793E-06
 9.11474E-03    4.00443E-06
 9.11479E-03    4.01151E-06
 9.11484E-03    4.01925E-06
 9.11490E-03    4.02779E-06
 9.11495E-03    4.03698E-06
 9.11500E-03    4.04698E-06
 9.11505E-03    4.05805E-06
 9.11511E-03    4.07058E-06
 9.11516E-03    4.08391E-06
 9.11521E-03    4.09833E-06
 9.11526E-03    4.11410E-06
 9.11531E-03    4.13137E-06
 9.11537E-03    4.15038E-06
 9.11542E-03    4.17053E-06
 9.11547E-03    4.19228E-06
 9.11552E-03    4.21608E-06
 9.11558E-03    4.24221E-06
 9.11563E-03    4.26996E-06
 9.11568E-03    4.29958E-06
 9.11573E-03    4.33144E-06
 9.11579E-03    4.36656E-06
 9.11584E-03    4.40331E-06
 9.11589E-03    4.44225E-06
 9.11594E-03    4.48388E-06
 9.11600E-03    4.52906E-06
 9.11605E-03    4.57674E-06
 9.11610E-03    4.62721E-06
 9.11615E-03    4.68100E-06
 9.11621E-03    4.73965E-06
 9.11626E-03    4.80119E-06
 9.11631E-03    4.86581E-06
 9.11639E-03    4.97164E-06
 9.11647E-03    5.08685E-06
 9.11655E-03    5.21158E-06
 9.11663E-03    5.34682E-06
 9.11670E-03    5.49125E-06
 9.11678E-03    5.64658E-06
 9.11686E-03    5.81351E-06
 9.11694E-03    5.99241E-06
 9.11702E-03    6.18521E-06
 9.11710E-03    6.38968E-06
 9.11718E-03    6.60633E-06
 9.11728E-03    6.91359E-06
 9.11738E-03    7.24379E-06
 9.11749E-03    7.59650E-06
 9.11759E-03    7.97026E-06
 9.11770E-03    8.36960E-06
 9.11780E-03    8.78638E-06
 9.11796E-03    9.45335E-06
 9.11812E-03    1.01577E-05
 9.11833E-03    1.11476E-05
 9.11859E-03    1.24446E-05
 9.11918E-03    1.54113E-05
 9.11943E-03    1.66216E-05
 9.11968E-03    1.77502E-05
 9.11993E-03    1.87710E-05
 9.12012E-03    1.94574E-05
 9.12031E-03    2.00744E-05
 9.12056E-03    2.07818E-05
 9.12081E-03    2.13599E-05
 9.12106E-03    2.18263E-05
 9.12131E-03    2.21873E-05
 9.12156E-03    2.24577E-05
 9.12194E-03    2.27380E-05
 9.12232E-03    2.29029E-05
 9.12282E-03    2.30115E-05
 9.12383E-03    2.30749E-05
 9.18312E-03    2.30826E-05
 9.21529E-03    2.30826E-05
 1.16961E-02    2.30821E-05
 1.17036E-02    2.30715E-05
 1.17047E-02    2.30186E-05
 1.17052E-02    2.29308E-05
 1.17058E-02    2.27577E-05
 1.17062E-02    2.25376E-05
 1.17066E-02    2.22110E-05
 1.17068E-02    2.19195E-05
 1.17071E-02    2.15662E-05
 1.17074E-02    2.11478E-05
 1.17077E-02    2.06673E-05
 1.17079E-02    2.01000E-05
 1.17083E-02    1.91597E-05
 1.17087E-02    1.81331E-05
 1.17095E-02    1.61576E-05
 1.17098E-02    1.53512E-05
 1.17100E-02    1.47867E-05
 1.17103E-02    1.42834E-05
 1.17105E-02    1.38192E-05
 1.17108E-02    1.34228E-05
 1.17110E-02    1.30735E-05
 1.17113E-02    1.27837E-05
 1.17115E-02    1.25402E-05
 1.17117E-02    1.23423E-05
 1.17120E-02    1.21883E-05
 1.17122E-02    1.20654E-05
 1.17125E-02    1.19793E-05
 1.17127E-02    1.19072E-05
 1.17130E-02    1.18415E-05
 1.17135E-02    1.17876E-05
 1.17142E-02    1.17551E-05
 1.17155E-02    1.17425E-05
 1.18742E-02    1.17429E-05
 1.19580E-02    1.17429E-05
 1.20417E-02    1.17429E-05
 1.21267E-02    1.17429E-05
 1.22116E-02    1.17429E-05
 1.22977E-02    1.17429E-05
 1.32825E-02    1.17429E-05
 1.33762E-02    1.17429E-05
 1.34698E-02    1.17429E-05
 1.35649E-02    1.17429E-05
 1.40480E-02    1.17429E-05
 1.41471E-02    1.17429E-05
 1.44472E-02    1.17429E-05
 1.45491E-02    1.17429E-05
 1.49018E-02    1.17429E-05
 1.49679E-02    1.17429E-05
 1.50010E-02    1.17429E-05
 1.50120E-02    1.17429E-05
 1.50175E-02    1.17423E-05
 1.50271E-02    1.17393E-05
 1.50288E-02    1.17524E-05
 1.50295E-02    1.17712E-05
 1.50300E-02    1.18045E-05
 1.50304E-02    1.18334E-05
 1.50307E-02    1.18785E-05
 1.50311E-02    1.19346E-05
 1.50314E-02    1.20144E-05
 1.50318E-02    1.21109E-05
 1.50321E-02    1.22341E-05
 1.50325E-02    1.23594E-05
 1.50328E-02    1.25475E-05
 1.50331E-02    1.27691E-05
 1.50337E-02    1.30049E-05
 1.50346E-02    1.36613E-05
 1.50350E-02    1.39002E-05
 1.50355E-02    1.40945E-05
 1.50359E-02    1.42910E-05
 1.50363E-02    1.44252E-05
 1.50367E-02    1.45473E-05
 1.50371E-02    1.46369E-05
 1.50377E-02    1.47191E-05
 1.50381E-02    1.47495E-05
 1.50390E-02    1.47836E-05
 1.50406E-02    1.47963E-05
 1.50870E-02    1.47965E-05
 1.51931E-02    1.47964E-05
 1.57899E-02    1.47961E-05
 1.91909E-02    1.47948E-05
 1.92480E-02    1.47948E-05
 1.92622E-02    1.47948E-05
 1.92836E-02    1.47948E-05
 1.92983E-02    1.47880E-05
 1.92992E-02    1.47698E-05
 1.92999E-02    1.47371E-05
 1.93005E-02    1.46557E-05
 1.93010E-02    1.45810E-05
 1.93014E-02    1.44519E-05
 1.93018E-02    1.43285E-05
 1.93021E-02    1.41755E-05
 1.93024E-02    1.39875E-05
 1.93028E-02    1.37593E-05
 1.93031E-02    1.34958E-05
 1.93034E-02    1.31562E-05
 1.93038E-02    1.28850E-05
 1.93041E-02    1.24904E-05
 1.93046E-02    1.20039E-05
 1.93055E-02    1.07634E-05
 1.93059E-02    1.04253E-05
 1.93061E-02    1.00711E-05
 1.93063E-02    9.86351E-06
 1.93065E-02    9.65881E-06
 1.93067E-02    9.47673E-06
 1.93069E-02    9.38291E-06
 1.93070E-02    9.24572E-06
 1.93071E-02    9.11693E-06
 1.93073E-02    9.05540E-06
 1.93074E-02    8.94909E-06
 1.93075E-02    8.84383E-06
 1.93077E-02    8.79294E-06
 1.93078E-02    8.70673E-06
 1.93079E-02    8.62172E-06
 1.93080E-02    8.57264E-06
 1.93081E-02    8.52818E-06
 1.93082E-02    8.48927E-06
 1.93083E-02    8.44758E-06
 1.93084E-02    8.40996E-06
 1.93085E-02    8.37732E-06
 1.93086E-02    8.34889E-06
 1.93087E-02    8.31718E-06
 1.93088E-02    8.28957E-06
 1.93089E-02    8.26568E-06
 1.93090E-02    8.24486E-06
 1.93091E-02    8.22196E-06
 1.93092E-02    8.20209E-06
 1.93093E-02    8.18510E-06
 1.93094E-02    8.17105E-06
 1.93095E-02    8.15982E-06
 1.93096E-02    8.14359E-06
 1.93097E-02    8.12944E-06
 1.93098E-02    8.11741E-06
 1.93099E-02    8.10726E-06
 1.93100E-02    8.09867E-06
 1.93101E-02    8.09180E-06
 1.93102E-02    8.08311E-06
 1.93103E-02    8.07568E-06
 1.93104E-02    8.06950E-06
 1.93105E-02    8.06444E-06
 1.93106E-02    8.06290E-06
 1.93107E-02    8.05713E-06
 1.93109E-02    8.05678E-06
 1.93110E-02    8.05050E-06
 1.93111E-02    8.04532E-06
 1.93112E-02    8.04109E-06
 1.93114E-02    8.03847E-06
 1.93116E-02    8.03561E-06
 1.93118E-02    8.03401E-06
 1.93119E-02    8.03308E-06
 1.93122E-02    8.03341E-06
 1.93124E-02    8.03363E-06
 1.93128E-02    8.03181E-06
 1.93132E-02    8.03086E-06
 1.93140E-02    8.03017E-06
 1.93199E-02    8.03012E-06
 1.93390E-02    8.03057E-06
 1.93731E-02    8.03137E-06
 1.94412E-02    8.03114E-06
 2.11460E-02    8.03138E-06
 2.18992E-02    8.03134E-06
 2.20537E-02    8.03133E-06
 2.36539E-02    8.03125E-06
 2.47151E-02    8.03120E-06
 2.47333E-02    8.03120E-06
 2.47777E-02    8.02959E-06
 2.47792E-02    8.02987E-06
 2.47797E-02    8.03064E-06
 2.47802E-02    8.02985E-06
 2.47806E-02    8.02810E-06
 2.47809E-02    8.02737E-06
 2.47812E-02    8.02754E-06
 2.47814E-02    8.02800E-06
 2.47816E-02    8.02930E-06
 2.47818E-02    8.02931E-06
 2.47820E-02    8.02829E-06
 2.47822E-02    8.02871E-06
 2.47824E-02    8.02746E-06
 2.47825E-02    8.03071E-06
 2.47827E-02    8.02674E-06
 2.47828E-02    8.02753E-06
 2.47829E-02    8.02931E-06
 2.47831E-02    8.02439E-06
 2.47832E-02    8.02873E-06
 2.47834E-02    8.02647E-06
 2.47835E-02    8.02954E-06
 2.47837E-02    8.02147E-06
 2.47838E-02    8.02808E-06
 2.47839E-02    8.03641E-06
 2.47841E-02    8.02933E-06
 2.47842E-02    8.03674E-06
 2.47844E-02    8.02898E-06
 2.47845E-02    8.04114E-06
 2.47847E-02    8.02927E-06
 2.47848E-02    8.03737E-06
 2.47849E-02    8.04819E-06
 2.47851E-02    8.02942E-06
 2.47852E-02    8.03999E-06
 2.47854E-02    8.02109E-06
 2.47855E-02    8.03904E-06
 2.47857E-02    8.05632E-06
 2.47859E-02    8.07807E-06
 2.47862E-02    8.03435E-06
 2.47864E-02    8.04214E-06
 2.47866E-02    8.05439E-06
 2.47869E-02    8.06439E-06
 2.47872E-02    8.07634E-06
 2.47877E-02    8.07804E-06
 2.47885E-02    8.10924E-06
 2.47890E-02    8.12451E-06
 2.47894E-02    8.08219E-06
 2.47897E-02    8.11609E-06
 2.47900E-02    8.14358E-06
 2.47904E-02    8.12296E-06
 2.47907E-02    8.14492E-06
 2.47911E-02    8.11571E-06
 2.47914E-02    8.13117E-06
 2.47919E-02    8.13390E-06
 2.47924E-02    8.14297E-06
 2.47928E-02    8.13395E-06
 2.47935E-02    8.13585E-06
 2.47941E-02    8.13779E-06
 2.47955E-02    8.14041E-06
 2.48208E-02    8.13877E-06
 3.18192E-02    8.13794E-06
 3.18207E-02    8.15136E-06
 3.18218E-02    8.17557E-06
 3.18225E-02    8.21392E-06
 3.18231E-02    8.25692E-06
 3.18236E-02    8.31756E-06
 3.18242E-02    8.40001E-06
 3.18247E-02    8.51053E-06
 3.18253E-02    8.64483E-06
 3.18258E-02    8.81180E-06
 3.18264E-02    9.00185E-06
 3.18269E-02    9.22132E-06
 3.18276E-02    9.53967E-06
 3.18289E-02    1.00878E-05
 3.18295E-02    1.03602E-05
 3.18302E-02    1.05904E-05
 3.18309E-02    1.07849E-05
 3.18315E-02    1.09398E-05
 3.18322E-02    1.10538E-05
 3.18328E-02    1.11350E-05
 3.18337E-02    1.12028E-05
 3.18350E-02    1.12501E-05
 3.18376E-02    1.12683E-05
 3.18490E-02    1.12664E-05
 3.18561E-02    1.12664E-05
 3.22770E-02    1.12664E-05
 3.25047E-02    1.12664E-05
 3.36625E-02    1.12663E-05
 3.39000E-02    1.12663E-05
 3.48633E-02    1.12663E-05
 3.53551E-02    1.12663E-05
 3.76548E-02    1.12663E-05
 3.79205E-02    1.12663E-05
 4.05073E-02    1.12662E-05
 4.06275E-02    1.12662E-05
 4.08586E-02    1.12693E-05
 4.08610E-02    1.12899E-05
 4.08624E-02    1.13414E-05
 4.08633E-02    1.14010E-05
 4.08642E-02    1.14981E-05
 4.08652E-02    1.16362E-05
 4.08661E-02    1.18103E-05
 4.08675E-02    1.21313E-05
 4.08697E-02    1.26428E-05
 4.08708E-02    1.28621E-05
 4.08719E-02    1.30116E-05
 4.08731E-02    1.31187E-05
 4.08748E-02    1.31914E-05
 4.08770E-02    1.32205E-05
 5.23979E-02    1.32240E-05
 5.24630E-02    1.32162E-05
 5.24654E-02    1.31841E-05
 5.24669E-02    1.31018E-05
 5.24678E-02    1.29952E-05
 5.24687E-02    1.28210E-05
 5.24693E-02    1.26541E-05
 5.24699E-02    1.24319E-05
 5.24705E-02    1.21525E-05
 5.24711E-02    1.18105E-05
 5.24717E-02    1.13971E-05
 5.24721E-02    1.10446E-05
 5.24726E-02    1.06475E-05
 5.24732E-02    1.00728E-05
 5.24738E-02    9.44489E-06
 5.24745E-02    8.61615E-06
 5.24758E-02    7.18377E-06
 5.24764E-02    6.58709E-06
 5.24768E-02    6.12173E-06
 5.24772E-02    5.76663E-06
 5.24774E-02    5.51926E-06
 5.24777E-02    5.28153E-06
 5.24780E-02    5.05804E-06
 5.24783E-02    4.84424E-06
 5.24785E-02    4.64930E-06
 5.24788E-02    4.46535E-06
 5.24790E-02    4.35173E-06
 5.24792E-02    4.24359E-06
 5.24793E-02    4.14551E-06
 5.24795E-02    4.04558E-06
 5.24797E-02    3.95131E-06
 5.24799E-02    3.86540E-06
 5.24801E-02    3.78463E-06
 5.24802E-02    3.71271E-06
 5.24804E-02    3.64530E-06
 5.24806E-02    3.58243E-06
 5.24808E-02    3.52406E-06
 5.24810E-02    3.47128E-06
 5.24811E-02    3.42413E-06
 5.24813E-02    3.38687E-06
 5.24814E-02    3.35444E-06
 5.24816E-02    3.32247E-06
 5.24817E-02    3.29502E-06
 5.24818E-02    3.26932E-06
 5.24820E-02    3.24372E-06
 5.24821E-02    3.22132E-06
 5.24822E-02    3.20039E-06
 5.24824E-02    3.18037E-06
 5.24825E-02    3.16272E-06
 5.24826E-02    3.14633E-06
 5.24828E-02    3.13015E-06
 5.24829E-02    3.11605E-06
 5.24830E-02    3.10299E-06
 5.24832E-02    3.09075E-06
 5.24833E-02    3.08001E-06
 5.24835E-02    3.06955E-06
 5.24836E-02    3.06045E-06
 5.24837E-02    3.05207E-06
 5.24839E-02    3.04413E-06
 5.24840E-02    3.03725E-06
 5.24841E-02    3.03095E-06
 5.24842E-02    3.02690E-06
 5.24844E-02    3.01948E-06
 5.24846E-02    3.01287E-06
 5.24848E-02    3.00700E-06
 5.24849E-02    3.00217E-06
 5.24851E-02    2.99750E-06
 5.24853E-02    2.99413E-06
 5.24855E-02    2.99122E-06
 5.24857E-02    2.98869E-06
 5.24858E-02    2.98653E-06
 5.24861E-02    2.98380E-06
 5.24864E-02    2.98164E-06
 5.24867E-02    2.97994E-06
 5.24869E-02    2.97863E-06
 5.24873E-02    2.97734E-06
 5.24877E-02    2.97642E-06
 5.24882E-02    2.97553E-06
 5.24887E-02    2.97501E-06
 5.24895E-02    2.97466E-06
 5.24909E-02    2.97443E-06
 5.25097E-02    2.97436E-06
 5.25213E-02    2.97435E-06
 5.30302E-02    2.97363E-06
 5.62826E-02    2.97386E-06
 5.66796E-02    2.97386E-06
 6.42962E-02    2.97386E-06
 6.72799E-02    2.97386E-06
 6.73047E-02    2.97362E-06
 6.73418E-02    2.97325E-06
 6.73620E-02    2.97383E-06
 6.73643E-02    2.97404E-06
 6.73655E-02    2.97643E-06
 6.73662E-02    2.97925E-06
 6.73670E-02    2.98316E-06
 6.73676E-02    2.98963E-06
 6.73682E-02    2.99665E-06
 6.73685E-02    3.00428E-06
 6.73689E-02    3.01448E-06
 6.73693E-02    3.02798E-06
 6.73696E-02    3.03995E-06
 6.73699E-02    3.05341E-06
 6.73702E-02    3.06841E-06
 6.73705E-02    3.08715E-06
 6.73708E-02    3.10817E-06
 6.73711E-02    3.13233E-06
 6.73714E-02    3.16163E-06
 6.73717E-02    3.20321E-06
 6.73719E-02    3.23286E-06
 6.73722E-02    3.27393E-06
 6.73725E-02    3.32226E-06
 6.73728E-02    3.37577E-06
 6.73731E-02    3.43330E-06
 6.73734E-02    3.49843E-06
 6.73737E-02    3.57277E-06
 6.73740E-02    3.65305E-06
 6.73743E-02    3.74663E-06
 6.73745E-02    3.83349E-06
 6.73748E-02    3.93756E-06
 6.73751E-02    4.04714E-06
 6.73754E-02    4.16276E-06
 6.73757E-02    4.28737E-06
 6.73761E-02    4.46654E-06
 6.73765E-02    4.65799E-06
 6.73769E-02    4.86196E-06
 6.73775E-02    5.22880E-06
 6.73780E-02    5.53257E-06
 6.73799E-02    6.65416E-06
 6.73806E-02    7.06028E-06
 6.73813E-02    7.44208E-06
 6.73820E-02    7.81844E-06
 6.73827E-02    8.13666E-06
 6.73834E-02    8.39595E-06
 6.73841E-02    8.60986E-06
 6.73848E-02    8.78328E-06
 6.73855E-02    8.91118E-06
 6.73862E-02    9.01544E-06
 6.73869E-02    9.09894E-06
 6.73878E-02    9.16847E-06
 6.73892E-02    9.22542E-06
 6.73901E-02    9.23616E-06
 6.73939E-02    9.25824E-06
 8.62623E-02    9.29263E-06
 8.63260E-02    9.29260E-06
 8.64215E-02    9.29257E-06
 8.64692E-02    9.29256E-06
 8.65021E-02    9.28773E-06
 8.65041E-02    9.28090E-06
 8.65056E-02    9.27383E-06
 8.65066E-02    9.25489E-06
 8.65075E-02    9.23210E-06
 8.65083E-02    9.20041E-06
 8.65090E-02    9.16536E-06
 8.65098E-02    9.10985E-06
 8.65103E-02    9.06952E-06
 8.65108E-02    9.02475E-06
 8.65113E-02    8.97917E-06
 8.65118E-02    8.90470E-06
 8.65123E-02    8.83318E-06
 8.65128E-02    8.76583E-06
 8.65133E-02    8.66113E-06
 8.65140E-02    8.53929E-06
 8.65148E-02    8.35395E-06
 8.65155E-02    8.19090E-06
 8.65170E-02    7.82056E-06
 8.65185E-02    7.44798E-06
 8.65194E-02    7.23845E-06
 8.65203E-02    7.04546E-06
 8.65212E-02    6.88335E-06
 8.65221E-02    6.73650E-06
 8.65230E-02    6.62832E-06
 8.65239E-02    6.54170E-06
 8.65247E-02    6.47975E-06
 8.65259E-02    6.42098E-06
 8.65271E-02    6.38528E-06
 8.65289E-02    6.35841E-06
 8.65313E-02    6.34702E-06
 8.77376E-02    6.34460E-06
 8.83565E-02    6.34439E-06
 9.27946E-02    6.34292E-06
 9.34492E-02    6.34270E-06
 9.95278E-02    6.34084E-06
 1.00230E-01    6.34078E-06
 1.01644E-01    6.34126E-06
 1.10110E-01    6.34415E-06
 1.10436E-01    6.34427E-06
 1.11072E-01    6.34535E-06
 1.11076E-01    6.34019E-06
 1.11078E-01    6.32954E-06
 1.11080E-01    6.30849E-06
 1.11081E-01    6.28370E-06
 1.11082E-01    6.26515E-06
 1.11083E-01    6.23163E-06
 1.11084E-01    6.18870E-06
 1.11085E-01    6.13577E-06
 1.11086E-01    6.07019E-06
 1.11087E-01    6.01969E-06
 1.11088E-01    5.91045E-06
 1.11089E-01    5.72857E-06
 1.11091E-01    5.48770E-06
 1.11092E-01    5.35933E-06
 1.11093E-01    5.35241E-06
 1.11094E-01    5.31326E-06
 1.11094E-01    5.31326E-06
 1.11095E-01    5.22462E-06
 1.11096E-01    5.19338E-06
 1.11096E-01    5.19338E-06
 1.11097E-01    5.11065E-06
 1.11097E-01    5.11065E-06
 1.11098E-01    5.05497E-06
 1.11098E-01    5.05497E-06
 1.11099E-01    5.03155E-06
 1.11100E-01    5.01909E-06
 1.11100E-01    5.01909E-06
 1.11101E-01    4.98730E-06
 1.11102E-01    4.98656E-06
 1.11103E-01    4.97550E-06
 1.11105E-01    4.97030E-06
 1.11107E-01    4.96920E-06
 1.11114E-01    4.96730E-06
 1.42588E-01    4.97805E-06
 1.42622E-01    4.97892E-06
 1.42625E-01    4.98808E-06
 1.42627E-01    5.00146E-06
 1.42629E-01    5.03223E-06
 1.42630E-01    5.05698E-06
 1.42631E-01    5.08592E-06
 1.42632E-01    5.12936E-06
 1.42633E-01    5.17238E-06
 1.42635E-01    5.31244E-06
 1.42636E-01    5.39327E-06
 1.42637E-01    5.47327E-06
 1.42638E-01    5.58558E-06
 1.42642E-01    6.05021E-06
 1.42643E-01    6.17186E-06
 1.42645E-01    6.35642E-06
 1.42646E-01    6.43022E-06
 1.42648E-01    6.51968E-06
 1.42649E-01    6.57296E-06
 1.42651E-01    6.62260E-06
 1.42653E-01    6.65093E-06
 1.42656E-01    6.67343E-06
 1.42671E-01    6.67651E-06
 1.82890E-01    6.68996E-06
 1.83139E-01    6.68611E-06
 1.83143E-01    6.66158E-06
 1.83145E-01    6.62603E-06
 1.83147E-01    6.54984E-06
 1.83149E-01    6.45361E-06
 1.83151E-01    6.27196E-06
 1.83152E-01    6.12551E-06
 1.83153E-01    5.96550E-06
 1.83154E-01    5.76947E-06
 1.83155E-01    5.55290E-06
 1.83157E-01    5.07420E-06
 1.83158E-01    4.81157E-06
 1.83162E-01    3.84776E-06
 1.83163E-01    3.51523E-06
 1.83164E-01    3.25116E-06
 1.83165E-01    2.98983E-06
 1.83166E-01    2.84803E-06
 1.83167E-01    2.63344E-06
 1.83168E-01    2.52083E-06
 1.83169E-01    2.36415E-06
 1.83170E-01    2.24401E-06
 1.83171E-01    2.18495E-06
 1.83172E-01    2.10620E-06
 1.83173E-01    2.06553E-06
 1.83175E-01    1.99571E-06
 1.83176E-01    1.97196E-06
 1.83178E-01    1.94925E-06
 1.83180E-01    1.93541E-06
 1.83190E-01    1.92957E-06
 1.95084E-01    1.93197E-06
 2.13677E-01    1.94787E-06
 2.15184E-01    1.94950E-06
 2.18220E-01    1.95278E-06
 2.30798E-01    1.96636E-06
 2.33106E-01    1.96885E-06
 2.33797E-01    1.96959E-06
 2.34662E-01    1.97053E-06
 2.34834E-01    1.97071E-06
 2.35158E-01    1.97158E-06
 2.35164E-01    1.97438E-06
 2.35167E-01    1.97755E-06
 2.35169E-01    1.98550E-06
 2.35172E-01    1.99798E-06
 2.35175E-01    2.01763E-06
 2.35177E-01    2.03989E-06
 2.35183E-01    2.09689E-06
 2.35186E-01    2.11659E-06
 2.35188E-01    2.13152E-06
 2.35190E-01    2.13936E-06
 2.35193E-01    2.15071E-06
 2.35196E-01    2.15534E-06
 2.35203E-01    2.15797E-06
 3.01083E-01    2.22741E-06
 3.01305E-01    2.22775E-06
 3.01638E-01    2.22825E-06
 3.01748E-01    2.22842E-06
 3.01804E-01    2.22850E-06
 3.01859E-01    2.22859E-06
 3.01946E-01    2.22938E-06
 3.01953E-01    2.23431E-06
 3.01956E-01    2.24066E-06
 3.01960E-01    2.25603E-06
 3.01963E-01    2.27657E-06
 3.01967E-01    2.30681E-06
 3.01974E-01    2.38217E-06
 3.01978E-01    2.41541E-06
 3.01982E-01    2.43721E-06
 3.01987E-01    2.44783E-06
 3.01995E-01    2.45284E-06
 3.03568E-01    2.45551E-06
 3.04100E-01    2.45606E-06
 3.19375E-01    2.47137E-06
 3.21628E-01    2.47360E-06
 3.23881E-01    2.47583E-06
 3.26166E-01    2.47810E-06
 3.40166E-01    2.49197E-06
 3.42549E-01    2.49433E-06
 3.44965E-01    2.49673E-06
 3.84316E-01    2.53562E-06
 3.85457E-01    2.53672E-06
 3.87312E-01    2.53851E-06
 3.87526E-01    2.53872E-06
 3.87713E-01    2.53693E-06
 3.87720E-01    2.52587E-06
 3.87723E-01    2.51306E-06
 3.87727E-01    2.48741E-06
 3.87730E-01    2.44747E-06
 3.87733E-01    2.39081E-06
 3.87736E-01    2.33774E-06
 3.87744E-01    2.14324E-06
 3.87747E-01    2.08653E-06
 3.87749E-01    2.04604E-06
 3.87752E-01    2.00700E-06
 3.87755E-01    1.97875E-06
 3.87757E-01    1.96214E-06
 3.87761E-01    1.94864E-06
 3.87767E-01    1.94179E-06
 3.87825E-01    1.93940E-06
 3.91843E-01    1.94326E-06
 4.97595E-01    2.13343E-06
 4.97687E-01    2.13361E-06
 4.97778E-01    2.13414E-06
 4.97839E-01    2.13528E-06
 4.97844E-01    2.13786E-06
 4.97850E-01    2.15005E-06
 4.97854E-01    2.15999E-06
 4.97857E-01    2.18405E-06
 4.97860E-01    2.20483E-06
 4.97863E-01    2.24037E-06
 4.97867E-01    2.29801E-06
 4.97873E-01    2.39099E-06
 4.97877E-01    2.43593E-06
 4.97879E-01    2.45226E-06
 4.97882E-01    2.48897E-06
 4.97884E-01    2.50278E-06
 4.97887E-01    2.52142E-06
 4.97891E-01    2.53519E-06
 4.97896E-01    2.54306E-06
 4.97904E-01    2.54562E-06
 5.37762E-01    2.64686E-06
 5.45349E-01    2.66728E-06
 5.56917E-01    2.69842E-06
 5.60845E-01    2.70899E-06
 5.80822E-01    2.76357E-06
 5.84919E-01    2.77513E-06
 6.10027E-01    2.85574E-06
 6.18633E-01    2.88840E-06
 6.27361E-01    2.92151E-06
 6.38810E-01    2.96704E-06
 6.39243E-01    2.96779E-06
 6.39252E-01    2.96036E-06
 6.39258E-01    2.94529E-06
 6.39262E-01    2.92586E-06
 6.39265E-01    2.89710E-06
 6.39268E-01    2.86695E-06
 6.39271E-01    2.83001E-06
 6.39274E-01    2.77868E-06
 6.39280E-01    2.67128E-06
 6.39286E-01    2.56976E-06
 6.39289E-01    2.51774E-06
 6.39291E-01    2.48835E-06
 6.39293E-01    2.46166E-06
 6.39295E-01    2.44011E-06
 6.39298E-01    2.42115E-06
 6.39301E-01    2.40332E-06
 6.39304E-01    2.39113E-06
 6.39309E-01    2.38144E-06
 6.39315E-01    2.37650E-06
 6.39350E-01    2.37482E-06
 6.41535E-01    2.38368E-06
 6.76127E-01    2.52772E-06
 6.77095E-01    2.53190E-06
 6.79516E-01    2.54236E-06
 6.79637E-01    2.54289E-06
 6.79970E-01    2.54441E-06
 6.79985E-01    2.54541E-06
 6.80000E-01    2.54865E-06
 6.80014E-01    2.55174E-06
 6.80028E-01    2.55285E-06
 7.00000E-01    2.64474E-06
 7.60620E-01    2.97749E-06
 8.00000E-01    3.21246E-06
 8.39958E-01    3.41046E-06
 8.82978E-01    3.79168E-06
 9.02175E-01    3.97164E-06
 9.67295E-01    4.01504E-06
 1.00000E+00    4.03254E-06
 1.03261E+00    4.34471E-06
 1.06852E+00    4.70276E-06
 1.10329E+00    5.06584E-06
 1.14232E+00    5.49532E-06
 1.18268E+00    5.96038E-06
 1.20000E+00    6.16799E-06
 1.22747E+00    6.63347E-06
 1.25622E+00    7.14497E-06
 1.28758E+00    7.68891E-06
 1.32057E+00    8.14812E-06
 1.35578E+00    8.64525E-06
 1.38825E+00    8.97335E-06
 1.40000E+00    9.09200E-06
 1.43166E+00    9.68566E-06
 1.46222E+00    1.02782E-05
 1.49080E+00    1.08431E-05
 1.50606E+00    1.11813E-05
 1.53617E+00    1.19603E-05
 1.56694E+00    1.27948E-05
 1.60000E+00    1.34805E-05
 1.63252E+00    1.42510E-05
 1.64133E+00    1.44725E-05
 1.67990E+00    1.53807E-05
 1.71534E+00    1.60550E-05
 1.75318E+00    1.69208E-05
 1.79430E+00    1.79245E-05
 1.80000E+00    1.80549E-05
 1.83336E+00    1.91437E-05
 1.86583E+00    2.03532E-05
 1.89883E+00    2.16773E-05
 1.93134E+00    2.30762E-05
 1.96520E+00    2.45896E-05
 2.00000E+00    2.62154E-05
 2.02962E+00    2.80368E-05
 2.06125E+00    3.00769E-05
 2.09387E+00    3.23337E-05
 2.12648E+00    3.47179E-05
 2.16098E+00    3.74192E-05
 2.19576E+00    4.03398E-05
 2.23023E+00    4.33794E-05
 2.26300E+00    4.64868E-05
 2.29915E+00    5.01248E-05
 2.33582E+00    5.40897E-05
 2.38062E+00    5.92692E-05
 2.41609E+00    6.36584E-05
 2.45375E+00    6.85801E-05
 2.49438E+00    7.42927E-05
 2.51979E+00    7.85700E-05
 2.55983E+00    8.59421E-05
 2.59758E+00    9.34857E-05
 2.65882E+00    1.06553E-04
 2.74807E+00    1.26769E-04
 2.79733E+00    1.39136E-04
 2.84701E+00    1.52615E-04
 2.89946E+00    1.67985E-04
 2.94906E+00    1.83725E-04
 3.00000E+00    2.01167E-04
 3.04899E+00    2.20306E-04
 3.09956E+00    2.41774E-04
 3.15015E+00    2.65077E-04
 3.20372E+00    2.91826E-04
 3.25775E+00    3.20627E-04
 3.31135E+00    3.51562E-04
 3.36236E+00    3.83301E-04
 3.41864E+00    4.21137E-04
 3.47578E+00    4.62883E-04
 3.55618E+00    5.27019E-04
 3.61811E+00    5.81771E-04
 3.68196E+00    6.43500E-04
 3.74428E+00    7.09055E-04
 3.81313E+00    7.88424E-04
 3.88159E+00    8.75147E-04
 3.95497E+00    9.77230E-04
 4.01475E+00    1.06516E-03
 4.09542E+00    1.18770E-03
 4.17432E+00    1.31089E-03
 4.25400E+00    1.44143E-03
 4.33825E+00    1.58719E-03
 4.42340E+00    1.75137E-03
 4.51486E+00    1.94152E-03
 4.60918E+00    2.14651E-03
 4.71381E+00    2.39366E-03
 4.81831E+00    2.66329E-03
 4.92615E+00    2.96742E-03
 5.01494E+00    3.23455E-03
 5.14427E+00    3.62648E-03
 5.28098E+00    4.08011E-03
 5.42353E+00    4.60222E-03
 5.51500E+00    4.95577E-03
 5.67953E+00    5.57634E-03
 5.83678E+00    6.22200E-03
 6.06033E+00    7.20876E-03
 6.23855E+00    8.00680E-03
 6.44395E+00    9.00621E-03
 6.73902E+00    1.04802E-02
 6.96807E+00    1.17096E-02
 7.27600E+00    1.33971E-02
 7.70895E+00    1.59340E-02
 8.06085E+00    1.81137E-02
 8.40542E+00    2.03426E-02
 8.81209E+00    2.31506E-02
 9.06103E+00    2.50012E-02
 9.40567E+00    2.77546E-02
 9.56111E+00    2.91111E-02
 9.90578E+00    3.24393E-02
 1.00306E+01    3.37519E-02
 1.00612E+01    3.41161E-02
 1.01150E+01    3.47683E-02
 1.02099E+01    3.59386E-02
 1.02817E+01    3.68441E-02
 1.03358E+01    3.75379E-02
 1.04176E+01    3.86052E-02
 1.05000E+01    3.97028E-02
 1.05612E+01    4.07370E-02
 1.06151E+01    4.16649E-02
 1.06625E+01    4.24962E-02
 1.07041E+01    4.32351E-02
 1.07773E+01    4.45636E-02
 1.08326E+01    4.55875E-02
 1.08742E+01    4.63717E-02
 1.09369E+01    4.75739E-02
 1.10000E+01    4.88069E-02
 1.10613E+01    5.03009E-02
 1.11152E+01    5.16469E-02
 1.11626E+01    5.28561E-02
 1.12042E+01    5.39370E-02
 1.12774E+01    5.58845E-02
 1.13327E+01    5.73943E-02
 1.13743E+01    5.85529E-02
 1.14370E+01    6.03382E-02
 1.15000E+01    6.21780E-02
 1.15306E+01    6.32834E-02
 1.15594E+01    6.43350E-02
 1.16136E+01    6.63582E-02
 1.16612E+01    6.81824E-02
 1.17030E+01    6.98223E-02
 1.17397E+01    7.12879E-02
 1.17720E+01    7.26017E-02
 1.18286E+01    7.49528E-02
 1.18712E+01    7.67671E-02
 1.19033E+01    7.81593E-02
 1.19515E+01    8.02932E-02
 1.20000E+01    8.24891E-02
 1.20307E+01    8.41406E-02
 1.20595E+01    8.57195E-02
 1.20865E+01    8.72273E-02
 1.21375E+01    9.01285E-02
 1.21822E+01    9.27472E-02
 1.22215E+01    9.51055E-02
 1.22560E+01    9.72175E-02
 1.22862E+01    9.91021E-02
 1.23127E+01    1.00785E-01
 1.23593E+01    1.03798E-01
 1.23943E+01    1.06117E-01
 1.24470E+01    1.09699E-01
 1.25000E+01    1.13401E-01
 1.25307E+01    1.15848E-01
 1.25595E+01    1.18192E-01
 1.25866E+01    1.20433E-01
 1.26120E+01    1.22573E-01
 1.26360E+01    1.24621E-01
 1.26809E+01    1.28540E-01
 1.27203E+01    1.32071E-01
 1.27550E+01    1.35250E-01
 1.27853E+01    1.38087E-01
 1.28120E+01    1.40627E-01
 1.28587E+01    1.45178E-01
 1.28939E+01    1.48690E-01
 1.29203E+01    1.51378E-01
 1.29601E+01    1.55514E-01
 1.30000E+01    1.59755E-01
 1.30307E+01    1.63314E-01
 1.30595E+01    1.66723E-01
 1.30866E+01    1.69986E-01
 1.31121E+01    1.73104E-01
 1.31360E+01    1.76079E-01
 1.31810E+01    1.81798E-01
 1.32204E+01    1.86955E-01
 1.32551E+01    1.91599E-01
 1.32854E+01    1.95749E-01
 1.33121E+01    1.99461E-01
 1.33588E+01    2.06123E-01
 1.33940E+01    2.11277E-01
 1.34204E+01    2.15222E-01
 1.34601E+01    2.21275E-01
 1.35000E+01    2.27509E-01
 1.35307E+01    2.32563E-01
 1.35596E+01    2.37405E-01
 1.35867E+01    2.42039E-01
 1.36122E+01    2.46465E-01
 1.36361E+01    2.50690E-01
 1.36811E+01    2.58812E-01
 1.37205E+01    2.66141E-01
 1.37552E+01    2.72726E-01
 1.37855E+01    2.78618E-01
 1.38122E+01    2.83888E-01
 1.38589E+01    2.93344E-01
 1.38940E+01    3.00650E-01
 1.39204E+01    3.06248E-01
 1.39602E+01    3.14859E-01
 1.40000E+01    3.23697E-01
 1.40307E+01    3.30644E-01
 1.40596E+01    3.37296E-01
 1.40867E+01    3.43653E-01
 1.41122E+01    3.49726E-01
 1.41601E+01    3.61416E-01
 1.42022E+01    3.71974E-01
 1.42391E+01    3.81460E-01
 1.42714E+01    3.89942E-01
 1.42998E+01    3.97545E-01
 1.43247E+01    4.04326E-01
 1.43683E+01    4.16447E-01
 1.44011E+01    4.25779E-01
 1.44505E+01    4.40219E-01
 1.45000E+01    4.55109E-01
 1.45308E+01    4.64371E-01
 1.45596E+01    4.73224E-01
 1.45868E+01    4.81685E-01
 1.46378E+01    4.97974E-01
 1.46826E+01    5.12677E-01
 1.47219E+01    5.25923E-01
 1.47564E+01    5.37777E-01
 1.47866E+01    5.48359E-01
 1.48131E+01    5.57811E-01
 1.48596E+01    5.74763E-01
 1.48946E+01    5.87810E-01
 1.49472E+01    6.07948E-01
 1.50000E+01    6.28772E-01
 1.50308E+01    6.40678E-01
 1.50597E+01    6.52045E-01
 1.51140E+01    6.73922E-01
 1.51617E+01    6.93684E-01
 1.52036E+01    7.11447E-01
 1.52404E+01    7.27404E-01
 1.52726E+01    7.41615E-01
 1.53291E+01    7.67239E-01
 1.53717E+01    7.87062E-01
 1.54036E+01    8.02208E-01
 1.54517E+01    8.25547E-01
 1.55000E+01    8.49581E-01
 1.55616E+01    8.79265E-01
 1.56158E+01    9.06112E-01
 1.56633E+01    9.30310E-01
 1.57050E+01    9.51976E-01
 1.57416E+01    9.71377E-01
 1.57736E+01    9.88650E-01
 1.58299E+01    1.01971E+00
 1.58723E+01    1.04363E+00
 1.59041E+01    1.06192E+00
 1.59520E+01    1.09005E+00
 1.60000E+01    1.11886E+00
 1.60617E+01    1.15428E+00
 1.61158E+01    1.18621E+00
 1.61633E+01    1.21485E+00
 1.62050E+01    1.24050E+00
 1.62416E+01    1.26340E+00
 1.63058E+01    1.30452E+00
 1.63542E+01    1.33629E+00
 1.63905E+01    1.36060E+00
 1.64452E+01    1.39793E+00
 1.65000E+01    1.43629E+00
 1.65617E+01    1.47709E+00
 1.66159E+01    1.51377E+00
 1.66634E+01    1.54663E+00
 1.67051E+01    1.57596E+00
 1.67783E+01    1.62869E+00
 1.68335E+01    1.66945E+00
 1.68750E+01    1.70069E+00
 1.69374E+01    1.74870E+00
 1.70000E+01    1.79799E+00
 1.70617E+01    1.84327E+00
 1.71159E+01    1.88383E+00
 1.71634E+01    1.92007E+00
 1.72470E+01    1.98529E+00
 1.73099E+01    2.03562E+00
 1.73572E+01    2.07417E+00
 1.74285E+01    2.13360E+00
 1.75000E+01    2.19459E+00
 1.75617E+01    2.24365E+00
 1.76159E+01    2.28750E+00
 1.77112E+01    2.36641E+00
 1.77829E+01    2.42735E+00
 1.78370E+01    2.47414E+00
 1.79183E+01    2.54612E+00
 1.80000E+01    2.62007E+00
 1.80618E+01    2.67088E+00
 1.81703E+01    2.76226E+00
 1.82522E+01    2.83283E+00
 1.83138E+01    2.88697E+00
 1.84067E+01    2.97033E+00
 1.85000E+01    3.05592E+00
 1.86238E+01    3.15979E+00
 1.87171E+01    3.23996E+00
 1.88580E+01    3.36445E+00
 1.90000E+01    3.49359E+00
 1.91238E+01    3.59437E+00
 1.92172E+01    3.67172E+00
 1.93581E+01    3.79114E+00
 1.95000E+01    3.91437E+00
 1.96238E+01    4.00830E+00
 1.98110E+01    4.15379E+00
 2.00000E+01    4.30440E+00
