# n + Ga 71 : (n,non)   
# tendl.2019 A.J. Koning and D. Rochman        EVAL-NOV19
# uncertainties: y
# # energies =   819
#   E(MeV)       xs(mb)       xslow(mb)      xsupp(mb)
 1.00000E-11    6.82690E-17    6.82690E-17    6.82690E-17
 1.03005E-11    6.72840E-17    6.72840E-17    6.72840E-17
 1.06099E-11    6.63140E-17    6.63140E-17    6.63140E-17
 1.09287E-11    6.53590E-17    6.53590E-17    6.53590E-17
 1.12571E-11    6.44180E-17    6.44180E-17    6.44180E-17
 1.15953E-11    6.34910E-17    6.34910E-17    6.34910E-17
 1.19437E-11    6.25780E-17    6.25780E-17    6.25780E-17
 1.23026E-11    6.16790E-17    6.16790E-17    6.16790E-17
 1.26722E-11    6.07930E-17    6.07930E-17    6.07930E-17
 1.30530E-11    5.99210E-17    5.99210E-17    5.99210E-17
 1.34452E-11    5.90610E-17    5.90610E-17    5.90610E-17
 1.38491E-11    5.82150E-17    5.82150E-17    5.82150E-17
 1.42652E-11    5.73810E-17    5.73810E-17    5.73810E-17
 1.46938E-11    5.65600E-17    5.65600E-17    5.65600E-17
 1.51353E-11    5.57520E-17    5.57520E-17    5.57520E-17
 1.55901E-11    5.49550E-17    5.49550E-17    5.49550E-17
 1.60585E-11    5.41710E-17    5.41710E-17    5.41710E-17
 1.65410E-11    5.33980E-17    5.33980E-17    5.33980E-17
 1.70380E-11    5.26370E-17    5.26370E-17    5.26370E-17
 1.75499E-11    5.18880E-17    5.18880E-17    5.18880E-17
 1.80772E-11    5.11500E-17    5.11500E-17    5.11500E-17
 1.86203E-11    5.04230E-17    5.04230E-17    5.04230E-17
 1.91798E-11    4.97070E-17    4.97070E-17    4.97070E-17
 1.97561E-11    4.90020E-17    4.90020E-17    4.90020E-17
 2.03497E-11    4.83080E-17    4.83080E-17    4.83080E-17
 2.09611E-11    4.76250E-17    4.76250E-17    4.76250E-17
 2.15909E-11    4.69510E-17    4.69510E-17    4.69510E-17
 2.22396E-11    4.62890E-17    4.62890E-17    4.62890E-17
 2.29078E-11    4.56360E-17    4.56360E-17    4.56360E-17
 2.35961E-11    4.49930E-17    4.49930E-17    4.49930E-17
 2.43051E-11    4.43600E-17    4.43600E-17    4.43600E-17
 2.50353E-11    4.37370E-17    4.37370E-17    4.37370E-17
 2.57875E-11    4.31230E-17    4.31230E-17    4.31230E-17
 2.65623E-11    4.25190E-17    4.25190E-17    4.25190E-17
 2.73604E-11    4.19240E-17    4.19240E-17    4.19240E-17
 2.81825E-11    4.13380E-17    4.13380E-17    4.13380E-17
 2.90293E-11    4.07620E-17    4.07620E-17    4.07620E-17
 2.99015E-11    4.01940E-17    4.01940E-17    4.01940E-17
 3.07999E-11    3.96350E-17    3.96350E-17    3.96350E-17
 3.17253E-11    3.90850E-17    3.90850E-17    3.90850E-17
 3.26785E-11    3.85430E-17    3.85430E-17    3.85430E-17
 3.36604E-11    3.80100E-17    3.80100E-17    3.80100E-17
 3.46717E-11    3.74850E-17    3.74850E-17    3.74850E-17
 3.57135E-11    3.69680E-17    3.69680E-17    3.69680E-17
 3.67865E-11    3.64590E-17    3.64590E-17    3.64590E-17
 3.78918E-11    3.59580E-17    3.59580E-17    3.59580E-17
 3.90303E-11    3.54650E-17    3.54650E-17    3.54650E-17
 4.02030E-11    3.49800E-17    3.49800E-17    3.49800E-17
 4.14109E-11    3.45030E-17    3.45030E-17    3.45030E-17
 4.26551E-11    3.40330E-17    3.40330E-17    3.40330E-17
 4.39367E-11    3.35700E-17    3.35700E-17    3.35700E-17
 4.52569E-11    3.31150E-17    3.31150E-17    3.31150E-17
 4.66166E-11    3.26670E-17    3.26670E-17    3.26670E-17
 4.80173E-11    3.22260E-17    3.22260E-17    3.22260E-17
 4.94600E-11    3.17920E-17    3.17920E-17    3.17920E-17
 5.09461E-11    3.13650E-17    3.13650E-17    3.13650E-17
 5.24768E-11    3.09450E-17    3.09450E-17    3.09450E-17
 5.40535E-11    3.05320E-17    3.05320E-17    3.05320E-17
 5.56776E-11    3.01250E-17    3.01250E-17    3.01250E-17
 5.73505E-11    2.97250E-17    2.97250E-17    2.97250E-17
 5.93239E-11    2.92750E-17    2.92750E-17    2.92750E-17
 6.13653E-11    2.88340E-17    2.88340E-17    2.88340E-17
 6.34770E-11    2.84020E-17    2.84020E-17    2.84020E-17
 6.56613E-11    2.79770E-17    2.79770E-17    2.79770E-17
 6.79208E-11    2.75600E-17    2.75600E-17    2.75600E-17
 7.02580E-11    2.71510E-17    2.71510E-17    2.71510E-17
 7.26757E-11    2.67500E-17    2.67500E-17    2.67500E-17
 7.51766E-11    2.63560E-17    2.63560E-17    2.63560E-17
 7.77635E-11    2.59700E-17    2.59700E-17    2.59700E-17
 8.04394E-11    2.55910E-17    2.55910E-17    2.55910E-17
 8.32074E-11    2.52190E-17    2.52190E-17    2.52190E-17
 8.60707E-11    2.48540E-17    2.48540E-17    2.48540E-17
 8.90325E-11    2.44970E-17    2.44970E-17    2.44970E-17
 9.20962E-11    2.41460E-17    2.41460E-17    2.41460E-17
 9.52653E-11    2.38030E-17    2.38030E-17    2.38030E-17
 9.85435E-11    2.34650E-17    2.34650E-17    2.34650E-17
 1.01935E-10    2.31350E-17    2.31350E-17    2.31350E-17
 1.05442E-10    2.28110E-17    2.28110E-17    2.28110E-17
 1.09071E-10    2.24930E-17    2.24930E-17    2.24930E-17
 1.12824E-10    2.21820E-17    2.21820E-17    2.21820E-17
 1.16706E-10    2.18770E-17    2.18770E-17    2.18770E-17
 1.20722E-10    2.15780E-17    2.15780E-17    2.15780E-17
 1.24876E-10    2.12850E-17    2.12850E-17    2.12850E-17
 1.29174E-10    2.09980E-17    2.09980E-17    2.09980E-17
 1.33619E-10    2.07170E-17    2.07170E-17    2.07170E-17
 1.38217E-10    2.04420E-17    2.04420E-17    2.04420E-17
 1.42973E-10    2.01720E-17    2.01720E-17    2.01720E-17
 1.47893E-10    1.99080E-17    1.99080E-17    1.99080E-17
 1.52982E-10    1.96490E-17    1.96490E-17    1.96490E-17
 1.58246E-10    1.93960E-17    1.93960E-17    1.93960E-17
 1.63691E-10    1.91490E-17    1.91490E-17    1.91490E-17
 1.69324E-10    1.89060E-17    1.89060E-17    1.89060E-17
 1.75151E-10    1.86690E-17    1.86690E-17    1.86690E-17
 1.81178E-10    1.84360E-17    1.84360E-17    1.84360E-17
 1.87413E-10    1.82090E-17    1.82090E-17    1.82090E-17
 1.93862E-10    1.79870E-17    1.79870E-17    1.79870E-17
 2.00533E-10    1.77690E-17    1.77690E-17    1.77690E-17
 2.07433E-10    1.75570E-17    1.75570E-17    1.75570E-17
 2.14571E-10    1.73490E-17    1.73490E-17    1.73490E-17
 2.21955E-10    1.71460E-17    1.71460E-17    1.71460E-17
 2.29593E-10    1.69470E-17    1.69470E-17    1.69470E-17
 2.37493E-10    1.67530E-17    1.67530E-17    1.67530E-17
 2.45666E-10    1.65630E-17    1.65630E-17    1.65630E-17
 2.54120E-10    1.63780E-17    1.63780E-17    1.63780E-17
 2.63978E-10    1.61740E-17    1.61740E-17    1.61740E-17
 2.74219E-10    1.59760E-17    1.59760E-17    1.59760E-17
 2.84857E-10    1.57840E-17    1.57840E-17    1.57840E-17
 2.95908E-10    1.55960E-17    1.55960E-17    1.55960E-17
 3.07388E-10    1.54140E-17    1.54140E-17    1.54140E-17
 3.19313E-10    1.52360E-17    1.52360E-17    1.52360E-17
 3.31701E-10    1.50630E-17    1.50630E-17    1.50630E-17
 3.44570E-10    1.48960E-17    1.48960E-17    1.48960E-17
 3.57937E-10    1.47320E-17    1.47320E-17    1.47320E-17
 3.71823E-10    1.45740E-17    1.45740E-17    1.45740E-17
 3.86248E-10    1.44200E-17    1.44200E-17    1.44200E-17
 4.01233E-10    1.42700E-17    1.42700E-17    1.42700E-17
 4.16798E-10    1.41250E-17    1.41250E-17    1.41250E-17
 4.32968E-10    1.39840E-17    1.39840E-17    1.39840E-17
 4.49765E-10    1.38470E-17    1.38470E-17    1.38470E-17
 4.67214E-10    1.37140E-17    1.37140E-17    1.37140E-17
 4.85339E-10    1.35860E-17    1.35860E-17    1.35860E-17
 5.06305E-10    1.34470E-17    1.34470E-17    1.34470E-17
 5.28176E-10    1.33130E-17    1.33130E-17    1.33130E-17
 5.50992E-10    1.31840E-17    1.31840E-17    1.31840E-17
 5.74793E-10    1.30600E-17    1.30600E-17    1.30600E-17
 5.99623E-10    1.29390E-17    1.29390E-17    1.29390E-17
 6.25525E-10    1.28230E-17    1.28230E-17    1.28230E-17
 6.52546E-10    1.27110E-17    1.27110E-17    1.27110E-17
 6.80734E-10    1.26030E-17    1.26030E-17    1.26030E-17
 7.13150E-10    1.24890E-17    1.24890E-17    1.24890E-17
 7.47109E-10    1.23800E-17    1.23800E-17    1.23800E-17
 7.82685E-10    1.22750E-17    1.22750E-17    1.22750E-17
 8.19955E-10    1.21740E-17    1.21740E-17    1.21740E-17
 8.59000E-10    1.20780E-17    1.20780E-17    1.20780E-17
 8.99905E-10    1.19850E-17    1.19850E-17    1.19850E-17
 9.46752E-10    1.18890E-17    1.18890E-17    1.18890E-17
 9.96039E-10    1.17970E-17    1.17970E-17    1.17970E-17
 1.04789E-09    1.17090E-17    1.17090E-17    1.17090E-17
 1.10244E-09    1.16250E-17    1.16250E-17    1.16250E-17
 1.16475E-09    1.15390E-17    1.15390E-17    1.15390E-17
 1.23058E-09    1.14570E-17    1.14570E-17    1.14570E-17
 1.30013E-09    1.13800E-17    1.13800E-17    1.13800E-17
 1.37360E-09    1.13070E-17    1.13070E-17    1.13070E-17
 1.45739E-09    1.12320E-17    1.12320E-17    1.12320E-17
 1.54628E-09    1.11610E-17    1.11610E-17    1.11610E-17
 1.64059E-09    1.10950E-17    1.10950E-17    1.10950E-17
 1.74804E-09    1.10270E-17    1.10270E-17    1.10270E-17
 1.86252E-09    1.09640E-17    1.09640E-17    1.09640E-17
 1.99291E-09    1.09010E-17    1.09010E-17    1.09010E-17
 2.13242E-09    1.08420E-17    1.08420E-17    1.08420E-17
 2.29138E-09    1.07840E-17    1.07840E-17    1.07840E-17
 2.46218E-09    1.07300E-17    1.07300E-17    1.07300E-17
 2.65692E-09    1.06760E-17    1.06760E-17    1.06760E-17
 2.87922E-09    1.06240E-17    1.06240E-17    1.06240E-17
 3.12012E-09    1.05760E-17    1.05760E-17    1.05760E-17
 3.39551E-09    1.05290E-17    1.05290E-17    1.05290E-17
 3.71086E-09    1.04840E-17    1.04840E-17    1.04840E-17
 4.07269E-09    1.04410E-17    1.04410E-17    1.04410E-17
 4.48873E-09    1.04000E-17    1.04000E-17    1.04000E-17
 4.96825E-09    1.03620E-17    1.03620E-17    1.03620E-17
 5.52230E-09    1.03250E-17    1.03250E-17    1.03250E-17
 6.19027E-09    1.02900E-17    1.02900E-17    1.02900E-17
 6.99797E-09    1.02570E-17    1.02570E-17    1.02570E-17
 7.94460E-09    1.02260E-17    1.02260E-17    1.02260E-17
 9.09588E-09    1.01970E-17    1.01970E-17    1.01970E-17
 1.05470E-08    1.01700E-17    1.01700E-17    1.01700E-17
 1.23857E-08    1.01450E-17    1.01450E-17    1.01450E-17
 1.47307E-08    1.01220E-17    1.01220E-17    1.01220E-17
 1.78185E-08    1.01010E-17    1.01010E-17    1.01010E-17
 2.19214E-08    1.00820E-17    1.00820E-17    1.00820E-17
 2.52045E-08    1.00710E-17    1.00710E-17    1.00710E-17
 2.53000E-08    1.00710E-17    1.00710E-17    1.00710E-17
 3.24700E-08    1.00550E-17    1.00550E-17    1.00550E-17
 4.32888E-08    1.00410E-17    1.00410E-17    1.00410E-17
 6.04603E-08    1.00300E-17    1.00300E-17    1.00300E-17
 9.03551E-08    1.00200E-17    1.00200E-17    1.00200E-17
 1.50090E-07    1.00120E-17    1.00120E-17    1.00120E-17
 2.96518E-07    1.00060E-17    1.00060E-17    1.00060E-17
 8.39204E-07    1.00020E-17    1.00020E-17    1.00020E-17
 6.39039E-03    1.00000E-17    4.94803E-18    1.50520E-17
 6.39250E-03    5.37270E-10    2.65843E-10    8.08697E-10
 6.39356E-03    2.14000E-08    1.05888E-08    3.22112E-08
 6.39383E-03    4.79130E-08    2.37075E-08    7.21185E-08
 6.39396E-03    7.12000E-08    3.52300E-08    1.07170E-07
 6.39402E-03    8.66560E-08    4.28777E-08    1.30434E-07
 6.39406E-03    9.55630E-08    4.72849E-08    1.43841E-07
 6.39408E-03    1.02820E-07    5.08756E-08    1.54764E-07
 6.39411E-03    1.10620E-07    5.47351E-08    1.66505E-07
 6.39413E-03    1.18990E-07    5.88766E-08    1.79103E-07
 6.39416E-03    1.27970E-07    6.33199E-08    1.92620E-07
 6.39418E-03    1.37610E-07    6.80898E-08    2.07130E-07
 6.39421E-03    1.47960E-07    7.32111E-08    2.22709E-07
 6.39423E-03    1.59070E-07    7.87083E-08    2.39432E-07
 6.39425E-03    1.70980E-07    8.46014E-08    2.57359E-07
 6.39428E-03    1.83760E-07    9.09250E-08    2.76595E-07
 6.39430E-03    1.97470E-07    9.77087E-08    2.97231E-07
 6.39433E-03    2.12180E-07    1.04987E-07    3.19373E-07
 6.39435E-03    2.27940E-07    1.12785E-07    3.43095E-07
 6.39438E-03    2.44850E-07    1.21153E-07    3.68548E-07
 6.39440E-03    2.62980E-07    1.30123E-07    3.95837E-07
 6.39443E-03    2.82410E-07    1.39737E-07    4.25083E-07
 6.39445E-03    3.03230E-07    1.50039E-07    4.56421E-07
 6.39448E-03    3.25540E-07    1.61078E-07    4.90002E-07
 6.39450E-03    3.49450E-07    1.72909E-07    5.25991E-07
 6.39453E-03    3.75070E-07    1.85586E-07    5.64554E-07
 6.39455E-03    4.02500E-07    1.99158E-07    6.05842E-07
 6.39458E-03    4.31900E-07    2.13705E-07    6.50095E-07
 6.39460E-03    4.63370E-07    2.29277E-07    6.97463E-07
 6.39463E-03    4.97070E-07    2.45952E-07    7.48188E-07
 6.39465E-03    5.33150E-07    2.63804E-07    8.02496E-07
 6.39468E-03    5.71790E-07    2.82923E-07    8.60657E-07
 6.39470E-03    6.13140E-07    3.03384E-07    9.22897E-07
 6.39473E-03    6.57390E-07    3.25279E-07    9.89501E-07
 6.39475E-03    7.04720E-07    3.48698E-07    1.06074E-06
 6.39477E-03    7.55410E-07    3.73779E-07    1.13704E-06
 6.39480E-03    8.09600E-07    4.00593E-07    1.21861E-06
 6.39482E-03    8.67570E-07    4.29276E-07    1.30586E-06
 6.39485E-03    9.29550E-07    4.59944E-07    1.39916E-06
 6.39487E-03    9.95850E-07    4.92750E-07    1.49895E-06
 6.39490E-03    1.06674E-06    5.27826E-07    1.60565E-06
 6.39492E-03    1.14254E-06    5.65332E-07    1.71975E-06
 6.39495E-03    1.22351E-06    6.05396E-07    1.84162E-06
 6.39497E-03    1.31013E-06    6.48256E-07    1.97200E-06
 6.39500E-03    1.40263E-06    6.94026E-07    2.11123E-06
 6.39501E-03    1.46777E-06    7.26257E-07    2.20928E-06
 6.39505E-03    1.60708E-06    7.95188E-07    2.41897E-06
 6.39508E-03    1.75916E-06    8.70438E-07    2.64788E-06
 6.39511E-03    1.92522E-06    9.52605E-07    2.89784E-06
 6.39515E-03    2.10640E-06    1.04225E-06    3.17055E-06
 6.39518E-03    2.30421E-06    1.14013E-06    3.46829E-06
 6.39521E-03    2.51995E-06    1.24688E-06    3.79302E-06
 6.39524E-03    2.75528E-06    1.36332E-06    4.14724E-06
 6.39528E-03    3.01181E-06    1.49025E-06    4.53337E-06
 6.39531E-03    3.29157E-06    1.62868E-06    4.95446E-06
 6.39534E-03    3.59638E-06    1.77950E-06    5.41326E-06
 6.39538E-03    3.92857E-06    1.94387E-06    5.91327E-06
 6.39541E-03    4.29034E-06    2.12287E-06    6.45781E-06
 6.39544E-03    4.68453E-06    2.31792E-06    7.05114E-06
 6.39548E-03    5.11363E-06    2.53024E-06    7.69702E-06
 6.39551E-03    5.58081E-06    2.76140E-06    8.40022E-06
 6.39554E-03    6.08911E-06    3.01291E-06    9.16531E-06
 6.39558E-03    6.64239E-06    3.28667E-06    9.99811E-06
 6.39561E-03    7.24407E-06    3.58439E-06    1.09038E-05
 6.39564E-03    7.89854E-06    3.90822E-06    1.18889E-05
 6.39567E-03    8.60992E-06    4.26021E-06    1.29596E-05
 6.39571E-03    9.38367E-06    4.64307E-06    1.41243E-05
 6.39574E-03    1.02243E-05    5.05901E-06    1.53896E-05
 6.39577E-03    1.11379E-05    5.51107E-06    1.67647E-05
 6.39581E-03    1.21299E-05    6.00191E-06    1.82579E-05
 6.39584E-03    1.32077E-05    6.53521E-06    1.98802E-05
 6.39587E-03    1.43776E-05    7.11408E-06    2.16411E-05
 6.39591E-03    1.56477E-05    7.74253E-06    2.35529E-05
 6.39594E-03    1.70256E-05    8.42432E-06    2.56269E-05
 6.39597E-03    1.85214E-05    9.16444E-06    2.78784E-05
 6.39600E-03    2.01434E-05    9.96702E-06    3.03198E-05
 6.39604E-03    2.19028E-05    1.08376E-05    3.29680E-05
 6.39607E-03    2.38096E-05    1.17811E-05    3.58381E-05
 6.39610E-03    2.58774E-05    1.28042E-05    3.89506E-05
 6.39614E-03    2.81175E-05    1.39126E-05    4.23224E-05
 6.39617E-03    3.05449E-05    1.51137E-05    4.59761E-05
 6.39620E-03    3.31734E-05    1.64143E-05    4.99325E-05
 6.39624E-03    3.60215E-05    1.78235E-05    5.42195E-05
 6.39627E-03    3.91040E-05    1.93488E-05    5.88592E-05
 6.39630E-03    4.24412E-05    2.10000E-05    6.38824E-05
 6.39634E-03    4.60514E-05    2.27864E-05    6.93164E-05
 6.39637E-03    4.99587E-05    2.47197E-05    7.51977E-05
 6.39640E-03    5.41838E-05    2.68103E-05    8.15573E-05
 6.39643E-03    5.87533E-05    2.90713E-05    8.84353E-05
 6.39647E-03    6.36921E-05    3.15150E-05    9.58692E-05
 6.39650E-03    6.90329E-05    3.41577E-05    1.03908E-04
 6.39653E-03    7.48025E-05    3.70125E-05    1.12592E-04
 6.39657E-03    8.10368E-05    4.00973E-05    1.21976E-04
 6.39660E-03    8.77682E-05    4.34280E-05    1.32108E-04
 6.39663E-03    9.50400E-05    4.70261E-05    1.43054E-04
 6.39667E-03    1.02888E-04    5.09093E-05    1.54867E-04
 6.39670E-03    1.11360E-04    5.51013E-05    1.67619E-04
 6.39673E-03    1.20499E-04    5.96233E-05    1.81375E-04
 6.39676E-03    1.30364E-04    6.45045E-05    1.96224E-04
 6.39680E-03    1.41001E-04    6.97677E-05    2.12234E-04
 6.39683E-03    1.52473E-04    7.54441E-05    2.29502E-04
 6.39686E-03    1.64836E-04    8.15613E-05    2.48111E-04
 6.39690E-03    1.78167E-04    8.81576E-05    2.68176E-04
 6.39693E-03    1.92526E-04    9.52624E-05    2.89790E-04
 6.39696E-03    2.07998E-04    1.02918E-04    3.13078E-04
 6.39699E-03    2.24657E-04    1.11161E-04    3.38153E-04
 6.39703E-03    2.42603E-04    1.20041E-04    3.65165E-04
 6.39706E-03    2.61917E-04    1.29597E-04    3.94237E-04
 6.39709E-03    2.82706E-04    1.39884E-04    4.25528E-04
 6.39713E-03    3.05069E-04    1.50949E-04    4.59189E-04
 6.39716E-03    3.29136E-04    1.62857E-04    4.95414E-04
 6.39719E-03    3.55011E-04    1.75661E-04    5.34362E-04
 6.39723E-03    3.82837E-04    1.89429E-04    5.76245E-04
 6.39726E-03    4.12741E-04    2.04225E-04    6.21257E-04
 6.39729E-03    4.44897E-04    2.20136E-04    6.69658E-04
 6.39733E-03    4.79437E-04    2.37227E-04    7.21647E-04
 6.39736E-03    5.16547E-04    2.55589E-04    7.77505E-04
 6.39739E-03    5.56390E-04    2.75303E-04    8.37477E-04
 6.39742E-03    5.99185E-04    2.96479E-04    9.01892E-04
 6.39746E-03    6.45111E-04    3.19203E-04    9.71019E-04
 6.39749E-03    6.94405E-04    3.43594E-04    1.04522E-03
 6.39752E-03    7.47279E-04    3.69756E-04    1.12480E-03
 6.39756E-03    8.04025E-04    3.97834E-04    1.21022E-03
 6.39759E-03    8.64862E-04    4.27936E-04    1.30179E-03
 6.39762E-03    9.30101E-04    4.60217E-04    1.39999E-03
 6.39766E-03    1.00001E-03    4.94808E-04    1.50521E-03
 6.39769E-03    1.07496E-03    5.31893E-04    1.61803E-03
 6.39772E-03    1.15524E-03    5.71616E-04    1.73886E-03
 6.39775E-03    1.24124E-03    6.14169E-04    1.86831E-03
 6.39779E-03    1.33331E-03    6.59726E-04    2.00689E-03
 6.39782E-03    1.43195E-03    7.08533E-04    2.15537E-03
 6.39785E-03    1.53750E-03    7.60760E-04    2.31424E-03
 6.39789E-03    1.65047E-03    8.16658E-04    2.48428E-03
 6.39792E-03    1.77130E-03    8.76445E-04    2.66616E-03
 6.39795E-03    1.90059E-03    9.40418E-04    2.86076E-03
 6.39799E-03    2.03881E-03    1.00881E-03    3.06881E-03
 6.39802E-03    2.18661E-03    1.08194E-03    3.29128E-03
 6.39805E-03    2.34455E-03    1.16009E-03    3.52901E-03
 6.39809E-03    2.51340E-03    1.24364E-03    3.78316E-03
 6.39812E-03    2.69374E-03    1.33287E-03    4.05461E-03
 6.39815E-03    2.88640E-03    1.42820E-03    4.34460E-03
 6.39818E-03    3.09207E-03    1.52997E-03    4.65417E-03
 6.39822E-03    3.31173E-03    1.63865E-03    4.98481E-03
 6.39825E-03    3.54612E-03    1.75463E-03    5.33761E-03
 6.39828E-03    3.79627E-03    1.87841E-03    5.71413E-03
 6.39832E-03    4.06306E-03    2.01041E-03    6.11571E-03
 6.39835E-03    4.34777E-03    2.15129E-03    6.54425E-03
 6.39838E-03    4.65129E-03    2.30147E-03    7.00111E-03
 6.39842E-03    4.97491E-03    2.46160E-03    7.48822E-03
 6.39845E-03    5.31974E-03    2.63222E-03    8.00726E-03
 6.39848E-03    5.68732E-03    2.81410E-03    8.56054E-03
 6.39851E-03    6.07880E-03    3.00781E-03    9.14979E-03
 6.39855E-03    6.49582E-03    3.21415E-03    9.77749E-03
 6.39858E-03    6.93974E-03    3.43380E-03    1.04457E-02
 6.39861E-03    7.41255E-03    3.66775E-03    1.11573E-02
 6.39865E-03    7.91563E-03    3.91668E-03    1.19146E-02
 6.39868E-03    8.45102E-03    4.18159E-03    1.27205E-02
 6.39871E-03    9.02041E-03    4.46333E-03    1.35775E-02
 6.39874E-03    9.62622E-03    4.76308E-03    1.44894E-02
 6.39878E-03    1.02702E-02    5.08173E-03    1.54587E-02
 6.39883E-03    1.13132E-02    5.59781E-03    1.70286E-02
 6.39888E-03    1.24557E-02    6.16312E-03    1.87483E-02
 6.39893E-03    1.37069E-02    6.78222E-03    2.06316E-02
 6.39898E-03    1.50757E-02    7.45950E-03    2.26919E-02
 6.39903E-03    1.65734E-02    8.20057E-03    2.49462E-02
 6.39908E-03    1.82100E-02    9.01036E-03    2.74096E-02
 6.39912E-03    1.99984E-02    9.89527E-03    3.01015E-02
 6.39917E-03    2.19511E-02    1.08615E-02    3.30407E-02
 6.39922E-03    2.40825E-02    1.19161E-02    3.62489E-02
 6.39927E-03    2.64072E-02    1.30664E-02    3.97480E-02
 6.39932E-03    2.89419E-02    1.43205E-02    4.35633E-02
 6.39937E-03    3.17029E-02    1.56867E-02    4.77191E-02
 6.39942E-03    3.47115E-02    1.71754E-02    5.22476E-02
 6.39947E-03    3.79853E-02    1.87952E-02    5.71754E-02
 6.39952E-03    4.15472E-02    2.05577E-02    6.25367E-02
 6.39957E-03    4.54196E-02    2.24738E-02    6.83654E-02
 6.39962E-03    4.96284E-02    2.45563E-02    7.47005E-02
 6.39967E-03    5.41996E-02    2.68181E-02    8.15811E-02
 6.39972E-03    5.91626E-02    2.92738E-02    8.90514E-02
 6.39977E-03    6.45458E-02    3.19375E-02    9.71541E-02
 6.39982E-03    7.03858E-02    3.48271E-02    1.05944E-01
 6.39987E-03    7.67134E-02    3.79580E-02    1.15469E-01
 6.39992E-03    8.35689E-02    4.13501E-02    1.25788E-01
 6.39997E-03    9.09912E-02    4.50227E-02    1.36960E-01
 6.40002E-03    9.90241E-02    4.89974E-02    1.49051E-01
 6.40007E-03    1.07711E-01    5.32957E-02    1.62126E-01
 6.40012E-03    1.17102E-01    5.79424E-02    1.76262E-01
 6.40017E-03    1.27244E-01    6.29607E-02    1.91527E-01
 6.40021E-03    1.38201E-01    6.83823E-02    2.08020E-01
 6.40026E-03    1.50023E-01    7.42318E-02    2.25814E-01
 6.40031E-03    1.62776E-01    8.05421E-02    2.45010E-01
 6.40036E-03    1.76522E-01    8.73436E-02    2.65700E-01
 6.40041E-03    1.91336E-01    9.46736E-02    2.87998E-01
 6.40046E-03    2.07288E-01    1.02567E-01    3.12009E-01
 6.40051E-03    2.24462E-01    1.11064E-01    3.37860E-01
 6.40056E-03    2.42931E-01    1.20203E-01    3.65659E-01
 6.40061E-03    2.62796E-01    1.30032E-01    3.95560E-01
 6.40066E-03    2.84138E-01    1.40592E-01    4.27684E-01
 6.40071E-03    3.07062E-01    1.51935E-01    4.62189E-01
 6.40076E-03    3.31670E-01    1.64111E-01    4.99229E-01
 6.40081E-03    3.58076E-01    1.77177E-01    5.38975E-01
 6.40086E-03    3.86387E-01    1.91185E-01    5.81589E-01
 6.40091E-03    4.16733E-01    2.06201E-01    6.27265E-01
 6.40096E-03    4.49229E-01    2.22280E-01    6.76178E-01
 6.40101E-03    4.84041E-01    2.39505E-01    7.28577E-01
 6.40106E-03    5.21280E-01    2.57931E-01    7.84629E-01
 6.40111E-03    5.61111E-01    2.77639E-01    8.44583E-01
 6.40116E-03    6.03679E-01    2.98702E-01    9.08656E-01
 6.40120E-03    6.49164E-01    3.21208E-01    9.77120E-01
 6.40125E-03    6.97728E-01    3.45238E-01    1.05022E+00
 6.40130E-03    7.49561E-01    3.70885E-01    1.12824E+00
 6.40135E-03    8.04832E-01    3.98233E-01    1.21143E+00
 6.40142E-03    8.84259E-01    4.37534E-01    1.33098E+00
 6.40149E-03    9.70663E-01    4.80287E-01    1.46104E+00
 6.40155E-03    1.06461E+00    5.26770E-01    1.60244E+00
 6.40162E-03    1.16661E+00    5.77241E-01    1.75597E+00
 6.40168E-03    1.27728E+00    6.32002E-01    1.92256E+00
 6.40175E-03    1.39722E+00    6.91347E-01    2.10309E+00
 6.40182E-03    1.52712E+00    7.55622E-01    2.29861E+00
 6.40188E-03    1.66763E+00    8.25146E-01    2.51010E+00
 6.40195E-03    1.81950E+00    9.00294E-01    2.73870E+00
 6.40201E-03    1.98346E+00    9.81424E-01    2.98551E+00
 6.40208E-03    2.16039E+00    1.06897E+00    3.25182E+00
 6.40215E-03    2.35105E+00    1.16331E+00    3.53879E+00
 6.40221E-03    2.55634E+00    1.26489E+00    3.84780E+00
 6.40228E-03    2.77715E+00    1.37414E+00    4.18015E+00
 6.40234E-03    3.01448E+00    1.49158E+00    4.53739E+00
 6.40241E-03    3.26926E+00    1.61764E+00    4.92089E+00
 6.40248E-03    3.54257E+00    1.75288E+00    5.33227E+00
 6.40254E-03    3.83541E+00    1.89777E+00    5.77305E+00
 6.40261E-03    4.14900E+00    2.05294E+00    6.24507E+00
 6.40267E-03    4.48437E+00    2.21888E+00    6.74986E+00
 6.40274E-03    4.84276E+00    2.39621E+00    7.28931E+00
 6.40281E-03    5.22531E+00    2.58550E+00    7.86512E+00
 6.40287E-03    5.63340E+00    2.78742E+00    8.47937E+00
 6.40294E-03    6.06816E+00    3.00255E+00    9.13378E+00
 6.40300E-03    6.53102E+00    3.23157E+00    9.83047E+00
 6.40307E-03    7.02321E+00    3.47510E+00    1.05713E+01
 6.40314E-03    7.54632E+00    3.73394E+00    1.13587E+01
 6.40320E-03    8.10153E+00    4.00866E+00    1.21944E+01
 6.40327E-03    8.69037E+00    4.30002E+00    1.30807E+01
 6.40333E-03    9.31416E+00    4.60867E+00    1.40196E+01
 6.40343E-03    1.03189E+01    5.10583E+00    1.55320E+01
 6.40353E-03    1.14106E+01    5.64600E+00    1.71752E+01
 6.40363E-03    1.25944E+01    6.23177E+00    1.89571E+01
 6.40373E-03    1.38754E+01    6.86559E+00    2.08852E+01
 6.40383E-03    1.52586E+01    7.55001E+00    2.29672E+01
 6.40393E-03    1.67489E+01    8.28739E+00    2.52104E+01
 6.40403E-03    1.83512E+01    9.08022E+00    2.76222E+01
 6.40413E-03    2.00700E+01    9.93069E+00    3.02093E+01
 6.40423E-03    2.19106E+01    1.08414E+01    3.29798E+01
 6.40433E-03    2.38767E+01    1.18143E+01    3.59391E+01
 6.40442E-03    2.59726E+01    1.28513E+01    3.90939E+01
 6.40452E-03    2.82020E+01    1.39545E+01    4.24496E+01
 6.40462E-03    3.05687E+01    1.51255E+01    4.60119E+01
 6.40475E-03    3.39428E+01    1.67950E+01    5.10906E+01
 6.40489E-03    3.75720E+01    1.85907E+01    5.65532E+01
 6.40502E-03    4.14610E+01    2.05150E+01    6.24069E+01
 6.40512E-03    4.45498E+01    2.20434E+01    6.70562E+01
 6.40525E-03    4.88990E+01    2.41954E+01    7.36027E+01
 6.40538E-03    5.35114E+01    2.64776E+01    8.05453E+01
 6.40551E-03    5.83842E+01    2.88887E+01    8.78797E+01
 6.40565E-03    6.35124E+01    3.14261E+01    9.55987E+01
 6.40584E-03    7.16681E+01    3.54616E+01    1.07875E+02
 6.40604E-03    8.03496E+01    3.97572E+01    1.20942E+02
 6.40624E-03    8.95115E+01    4.42906E+01    1.34732E+02
 6.40650E-03    1.02380E+02    5.06578E+01    1.54102E+02
 6.40683E-03    1.19284E+02    5.90219E+01    1.79545E+02
 6.40783E-03    1.71850E+02    8.50321E+01    2.58669E+02
 6.40818E-03    1.89717E+02    9.38725E+01    2.85561E+02
 6.40853E-03    2.06415E+02    1.02135E+02    3.10695E+02
 6.40889E-03    2.21606E+02    1.09651E+02    3.33560E+02
 6.40924E-03    2.35056E+02    1.16306E+02    3.53805E+02
 6.40959E-03    2.46647E+02    1.22042E+02    3.71253E+02
 6.40995E-03    2.56371E+02    1.26853E+02    3.85889E+02
 6.41030E-03    2.64310E+02    1.30781E+02    3.97838E+02
 6.41065E-03    2.70618E+02    1.33903E+02    4.07334E+02
 6.41100E-03    2.75497E+02    1.36317E+02    4.14677E+02
 6.41153E-03    2.80624E+02    1.38853E+02    4.22394E+02
 6.41206E-03    2.83776E+02    1.40413E+02    4.27139E+02
 6.41259E-03    2.85599E+02    1.41315E+02    4.29883E+02
 6.41365E-03    2.87092E+02    1.42054E+02    4.32130E+02
 6.41577E-03    2.87479E+02    1.42245E+02    4.32712E+02
 1.00000E-02    2.15668E+02    1.06713E+02    3.24624E+02
 2.00000E-02    1.41406E+02    6.99679E+01    2.12843E+02
 3.00000E-02    1.10341E+02    4.99114E+01    1.70772E+02
 5.99882E-02    7.38809E+01    3.34190E+01    1.14343E+02
 1.00000E-01    5.64850E+01    2.55502E+01    8.74198E+01
 2.00000E-01    3.99285E+01    2.42798E+01    5.55771E+01
 2.99898E-01    3.35006E+01    2.03712E+01    4.66301E+01
 3.93494E-01    3.04440E+01    1.85124E+01    4.23755E+01
 3.95496E-01    3.04242E+01    1.85004E+01    4.23480E+01
 3.96019E-01    3.39057E+01    2.06175E+01    4.71940E+01
 3.99986E-01    6.06412E+01    3.68749E+01    8.44075E+01
 4.00030E-01    6.07687E+01    3.69524E+01    8.45850E+01
 4.94291E-01    1.33911E+02    8.14290E+01    1.86393E+02
 5.00000E-01    2.11990E+02    1.28908E+02    2.95073E+02
 5.18871E-01    2.40636E+02    1.46327E+02    3.34946E+02
 6.00000E-01    5.13879E+02    3.79710E+02    6.48048E+02
 7.00000E-01    6.53253E+02    4.82695E+02    8.23811E+02
 7.24154E-01    6.67467E+02    4.93198E+02    8.41737E+02
 8.00000E-01    7.99586E+02    5.90822E+02    1.00835E+03
 9.00000E-01    8.84334E+02    6.53443E+02    1.11523E+03
 9.23104E-01    8.86367E+02    6.54945E+02    1.11779E+03
 9.78379E-01    9.36435E+02    6.91941E+02    1.18093E+03
 1.00000E+00    9.91972E+02    8.04328E+02    1.17962E+03
 1.12509E+00    1.04865E+03    8.50283E+02    1.24701E+03
 1.20000E+00    1.14448E+03    9.27985E+02    1.36097E+03
 1.40000E+00    1.23046E+03    9.97706E+02    1.46322E+03
 1.41490E+00    1.22828E+03    9.95932E+02    1.46062E+03
 1.50000E+00    1.23535E+03    1.00167E+03    1.46903E+03
 1.51970E+00    1.24366E+03    1.00841E+03    1.47892E+03
 1.60000E+00    1.29987E+03    1.05398E+03    1.54576E+03
 1.65460E+00    1.29907E+03    1.05334E+03    1.54481E+03
 1.73365E+00    1.31435E+03    1.06573E+03    1.56298E+03
 1.74395E+00    1.31753E+03    1.06830E+03    1.56675E+03
 1.77724E+00    1.33747E+03    1.08447E+03    1.59047E+03
 1.80000E+00    1.36027E+03    1.15708E+03    1.56346E+03
 1.93246E+00    1.37913E+03    1.17312E+03    1.58513E+03
 1.96926E+00    1.39200E+03    1.18407E+03    1.59993E+03
 2.00000E+00    1.41138E+03    1.20056E+03    1.62221E+03
 2.05192E+00    1.41576E+03    1.20428E+03    1.62724E+03
 2.10582E+00    1.42467E+03    1.21186E+03    1.63748E+03
 2.16447E+00    1.44170E+03    1.22635E+03    1.65706E+03
 2.20000E+00    1.45819E+03    1.24037E+03    1.67601E+03
 2.28957E+00    1.46752E+03    1.24831E+03    1.68673E+03
 2.36009E+00    1.48395E+03    1.26229E+03    1.70561E+03
 2.40000E+00    1.50221E+03    1.27782E+03    1.72660E+03
 2.45543E+00    1.49679E+03    1.27321E+03    1.72038E+03
 2.48886E+00    1.49872E+03    1.27485E+03    1.72259E+03
 2.60000E+00    1.54957E+03    1.41688E+03    1.68225E+03
 3.06379E+00    1.66640E+03    1.52371E+03    1.80909E+03
 3.26804E+00    1.71013E+03    1.56369E+03    1.85656E+03
 3.44797E+00    1.74227E+03    1.59309E+03    1.89146E+03
 3.65079E+00    1.77037E+03    1.61878E+03    1.92196E+03
 3.85361E+00    1.79030E+03    1.63700E+03    1.94361E+03
 4.08505E+00    1.80397E+03    1.64950E+03    1.95844E+03
 4.34981E+00    1.81012E+03    1.65512E+03    1.96512E+03
 4.40000E+00    1.81070E+03    1.65565E+03    1.96574E+03
 4.80000E+00    1.80292E+03    1.67005E+03    1.93579E+03
 5.43809E+00    1.77149E+03    1.64094E+03    1.90205E+03
 6.66314E+00    1.70165E+03    1.58640E+03    1.81690E+03
 7.51674E+00    1.66533E+03    1.55254E+03    1.77812E+03
 8.44251E+00    1.63989E+03    1.52882E+03    1.75096E+03
 9.43258E+00    1.62042E+03    1.50404E+03    1.73679E+03
 9.50000E+00    1.62198E+03    1.50550E+03    1.73846E+03
 1.00000E+01    1.61548E+03    1.49947E+03    1.73150E+03
 1.01411E+01    1.61373E+03    1.49784E+03    1.72962E+03
 1.02842E+01    1.61196E+03    1.49619E+03    1.72772E+03
 1.04292E+01    1.61015E+03    1.49452E+03    1.72579E+03
 1.05000E+01    1.60928E+03    1.49370E+03    1.72485E+03
 1.06481E+01    1.60749E+03    1.49205E+03    1.72293E+03
 1.07984E+01    1.60568E+03    1.49036E+03    1.72099E+03
 1.09507E+01    1.60384E+03    1.48866E+03    1.71902E+03
 1.10000E+01    1.60325E+03    1.48811E+03    1.71839E+03
 1.11552E+01    1.60143E+03    1.48642E+03    1.71644E+03
 1.13126E+01    1.59959E+03    1.48471E+03    1.71446E+03
 1.14230E+01    1.59829E+03    1.48351E+03    1.71308E+03
 1.15000E+01    1.59739E+03    1.48267E+03    1.71211E+03
 1.16622E+01    1.59566E+03    1.48107E+03    1.71025E+03
 1.17874E+01    1.59432E+03    1.47982E+03    1.70882E+03
 1.19537E+01    1.59255E+03    1.47818E+03    1.70692E+03
 1.20000E+01    1.59205E+03    1.47772E+03    1.70639E+03
 1.21693E+01    1.59048E+03    1.47626E+03    1.70470E+03
 1.23410E+01    1.58889E+03    1.47478E+03    1.70300E+03
 1.25000E+01    1.58741E+03    1.47341E+03    1.70141E+03
 1.25346E+01    1.58715E+03    1.47317E+03    1.70113E+03
 1.26535E+01    1.58624E+03    1.47232E+03    1.70016E+03
 1.27516E+01    1.58549E+03    1.47162E+03    1.69935E+03
 1.28733E+01    1.58456E+03    1.47076E+03    1.69835E+03
 1.30000E+01    1.58359E+03    1.46427E+03    1.70290E+03
 1.30052E+01    1.58355E+03    1.46424E+03    1.70287E+03
 1.31887E+01    1.58239E+03    1.46317E+03    1.70162E+03
 1.33244E+01    1.58154E+03    1.46237E+03    1.70070E+03
 1.35000E+01    1.58043E+03    1.46135E+03    1.69951E+03
 1.36905E+01    1.57935E+03    1.46035E+03    1.69834E+03
 1.38638E+01    1.57836E+03    1.45944E+03    1.69729E+03
 1.40000E+01    1.57759E+03    1.45872E+03    1.69646E+03
 1.40437E+01    1.57734E+03    1.45850E+03    1.69619E+03
 1.42418E+01    1.57622E+03    1.45746E+03    1.69499E+03
 1.44428E+01    1.57509E+03    1.45641E+03    1.69377E+03
 1.45000E+01    1.57477E+03    1.45611E+03    1.69342E+03
 1.45204E+01    1.57463E+03    1.45598E+03    1.69327E+03
 1.45816E+01    1.57421E+03    1.45559E+03    1.69282E+03
 1.47873E+01    1.57279E+03    1.45429E+03    1.69130E+03
 1.49959E+01    1.57136E+03    1.45296E+03    1.68976E+03
 1.50000E+01    1.57133E+03    1.45294E+03    1.68973E+03
 1.50683E+01    1.57069E+03    1.45234E+03    1.68903E+03
 1.52809E+01    1.56868E+03    1.45049E+03    1.68688E+03
 1.52963E+01    1.56854E+03    1.45035E+03    1.68672E+03
 1.55000E+01    1.56661E+03    1.44858E+03    1.68465E+03
 1.57187E+01    1.56455E+03    1.44667E+03    1.68243E+03
 1.59404E+01    1.56246E+03    1.44473E+03    1.68018E+03
 1.60000E+01    1.56190E+03    1.43851E+03    1.68528E+03
 1.62257E+01    1.55878E+03    1.43564E+03    1.68192E+03
 1.64546E+01    1.55562E+03    1.43273E+03    1.67851E+03
 1.65000E+01    1.55499E+03    1.43215E+03    1.67783E+03
 1.66075E+01    1.55351E+03    1.43078E+03    1.67623E+03
 1.68418E+01    1.55027E+03    1.42780E+03    1.67274E+03
 1.69946E+01    1.54816E+03    1.42586E+03    1.67046E+03
 1.70000E+01    1.54809E+03    1.42579E+03    1.67038E+03
 1.71951E+01    1.54419E+03    1.42220E+03    1.66617E+03
 1.73245E+01    1.54203E+03    1.42021E+03    1.66385E+03
 1.75000E+01    1.53911E+03    1.41752E+03    1.66070E+03
 1.77469E+01    1.53500E+03    1.41374E+03    1.65627E+03
 1.79973E+01    1.53084E+03    1.40990E+03    1.65177E+03
 1.80000E+01    1.53079E+03    1.40986E+03    1.65172E+03
 1.82539E+01    1.52596E+03    1.40542E+03    1.64651E+03
 1.85000E+01    1.52129E+03    1.40111E+03    1.64147E+03
 1.87610E+01    1.51632E+03    1.39654E+03    1.63611E+03
 1.88351E+01    1.51492E+03    1.39524E+03    1.63459E+03
 1.90000E+01    1.51178E+03    1.39235E+03    1.63121E+03
 1.90060E+01    1.51167E+03    1.39225E+03    1.63108E+03
 1.92508E+01    1.50699E+03    1.38794E+03    1.62604E+03
 1.95000E+01    1.50223E+03    1.38355E+03    1.62090E+03
 1.97751E+01    1.49697E+03    1.37871E+03    1.61523E+03
 1.97807E+01    1.49686E+03    1.37861E+03    1.61511E+03
 2.00000E+01    1.49267E+03    1.36159E+03    1.62376E+03
 2.02822E+01    1.48770E+03    1.35705E+03    1.61835E+03
 2.05683E+01    1.48266E+03    1.35245E+03    1.61287E+03
 2.08585E+01    1.47755E+03    1.34779E+03    1.60730E+03
 2.10000E+01    1.47505E+03    1.34552E+03    1.60459E+03
 2.12963E+01    1.47039E+03    1.34126E+03    1.59952E+03
 2.15967E+01    1.46566E+03    1.33695E+03    1.59437E+03
 2.19014E+01    1.46086E+03    1.33257E+03    1.58915E+03
 2.20000E+01    1.45931E+03    1.33116E+03    1.58747E+03
 2.23104E+01    1.45487E+03    1.32711E+03    1.58264E+03
 2.26251E+01    1.45038E+03    1.32301E+03    1.57775E+03
 2.29443E+01    1.44581E+03    1.31884E+03    1.57278E+03
 2.30000E+01    1.44502E+03    1.31812E+03    1.57192E+03
 2.33245E+01    1.44075E+03    1.31422E+03    1.56727E+03
 2.36536E+01    1.43641E+03    1.31027E+03    1.56256E+03
 2.39873E+01    1.43202E+03    1.30626E+03    1.55778E+03
 2.40000E+01    1.43185E+03    1.29550E+03    1.56820E+03
 2.43386E+01    1.42746E+03    1.29153E+03    1.56339E+03
 2.46820E+01    1.42301E+03    1.28750E+03    1.55852E+03
 2.50000E+01    1.41889E+03    1.28377E+03    1.55400E+03
 2.53527E+01    1.41438E+03    1.27970E+03    1.54907E+03
 2.57104E+01    1.40982E+03    1.27556E+03    1.54407E+03
 2.60000E+01    1.40612E+03    1.27222E+03    1.54002E+03
 2.63668E+01    1.40124E+03    1.26781E+03    1.53468E+03
 2.67388E+01    1.39630E+03    1.26334E+03    1.52926E+03
 2.70000E+01    1.39283E+03    1.26020E+03    1.52546E+03
 2.73809E+01    1.38770E+03    1.25556E+03    1.51985E+03
 2.77672E+01    1.38251E+03    1.25086E+03    1.51416E+03
 2.80000E+01    1.37937E+03    1.24320E+03    1.51555E+03
 2.83950E+01    1.37394E+03    1.23830E+03    1.50957E+03
 2.87956E+01    1.36842E+03    1.23333E+03    1.50351E+03
 2.90000E+01    1.36561E+03    1.23079E+03    1.50042E+03
 2.94091E+01    1.35996E+03    1.22571E+03    1.49422E+03
 2.98240E+01    1.35424E+03    1.22055E+03    1.48794E+03
 3.00000E+01    1.35182E+03    1.21836E+03    1.48527E+03
 3.04232E+01    1.34439E+03    1.21167E+03    1.47711E+03
 3.08525E+01    1.33687E+03    1.20489E+03    1.46884E+03
 3.10000E+01    1.33428E+03    1.20256E+03    1.46600E+03
 3.14374E+01    1.32839E+03    1.19725E+03    1.45953E+03
 3.18809E+01    1.32242E+03    1.19187E+03    1.45297E+03
 3.20000E+01    1.32082E+03    1.19043E+03    1.45121E+03
 3.24515E+01    1.31507E+03    1.18524E+03    1.44489E+03
 3.29093E+01    1.30924E+03    1.17999E+03    1.43848E+03
 3.30000E+01    1.30808E+03    1.17894E+03    1.43721E+03
 3.34656E+01    1.30215E+03    1.17360E+03    1.43070E+03
 3.39377E+01    1.29614E+03    1.16819E+03    1.42410E+03
 3.40000E+01    1.29535E+03    1.16747E+03    1.42323E+03
 3.44797E+01    1.28962E+03    1.16231E+03    1.41694E+03
 3.49661E+01    1.28381E+03    1.15707E+03    1.41055E+03
 3.50000E+01    1.28341E+03    1.15671E+03    1.41011E+03
 3.54938E+01    1.27751E+03    1.15139E+03    1.40363E+03
 3.59945E+01    1.27153E+03    1.14600E+03    1.39705E+03
 3.60000E+01    1.27146E+03    1.14594E+03    1.39698E+03
 3.65079E+01    1.26573E+03    1.14077E+03    1.39068E+03
 3.70000E+01    1.26017E+03    1.13576E+03    1.38458E+03
 3.75220E+01    1.25428E+03    1.13045E+03    1.37810E+03
 3.80000E+01    1.24888E+03    1.12559E+03    1.37217E+03
 3.85361E+01    1.24311E+03    1.12039E+03    1.36583E+03
 3.90000E+01    1.23812E+03    1.11589E+03    1.36035E+03
 3.95502E+01    1.23220E+03    1.11056E+03    1.35384E+03
 4.00000E+01    1.22736E+03    1.10619E+03    1.34853E+03
 4.05643E+01    1.22155E+03    1.10096E+03    1.34215E+03
 4.10000E+01    1.21707E+03    1.09692E+03    1.33722E+03
 4.15784E+01    1.21112E+03    1.09156E+03    1.33068E+03
 4.20000E+01    1.20678E+03    1.08765E+03    1.32591E+03
 4.25925E+01    1.20096E+03    1.08240E+03    1.31951E+03
 4.30000E+01    1.19695E+03    1.07879E+03    1.31511E+03
 4.36067E+01    1.19099E+03    1.07341E+03    1.30856E+03
 4.40000E+01    1.18712E+03    1.06993E+03    1.30431E+03
 4.46208E+01    1.18131E+03    1.06469E+03    1.29793E+03
 4.50000E+01    1.17776E+03    1.06149E+03    1.29403E+03
 4.56349E+01    1.17181E+03    1.05613E+03    1.28749E+03
 4.60000E+01    1.16839E+03    1.05305E+03    1.28373E+03
 4.66490E+01    1.16261E+03    1.04783E+03    1.27738E+03
 4.70000E+01    1.15948E+03    1.04501E+03    1.27395E+03
 4.76631E+01    1.15357E+03    1.03969E+03    1.26745E+03
 4.80000E+01    1.15057E+03    1.03698E+03    1.26416E+03
 4.86772E+01    1.14483E+03    1.03181E+03    1.25785E+03
 4.90000E+01    1.14210E+03    1.02935E+03    1.25485E+03
 4.96913E+01    1.13625E+03    1.02408E+03    1.24842E+03
 5.00000E+01    1.13364E+03    1.02173E+03    1.24555E+03
 5.07054E+01    1.12796E+03    1.01661E+03    1.23931E+03
 5.10000E+01    1.12559E+03    1.01447E+03    1.23671E+03
 5.17195E+01    1.11980E+03    1.00925E+03    1.23035E+03
 5.20000E+01    1.11754E+03    1.00722E+03    1.22786E+03
 5.27336E+01    1.11192E+03    1.00215E+03    1.22169E+03
 5.30000E+01    1.10988E+03    1.00031E+03    1.21945E+03
 5.37477E+01    1.10414E+03    9.95143E+02    1.21315E+03
 5.40000E+01    1.10221E+03    9.93399E+02    1.21102E+03
 5.47618E+01    1.09666E+03    9.88393E+02    1.20492E+03
 5.50000E+01    1.09492E+03    9.86828E+02    1.20301E+03
 5.57760E+01    1.08926E+03    9.81723E+02    1.19679E+03
 5.60000E+01    1.08762E+03    9.80249E+02    1.19499E+03
 5.67901E+01    1.08212E+03    9.75293E+02    1.18895E+03
 5.70000E+01    1.08066E+03    9.73976E+02    1.18734E+03
 5.78042E+01    1.07506E+03    9.68932E+02    1.18119E+03
 5.80000E+01    1.07370E+03    9.67703E+02    1.17970E+03
 5.88183E+01    1.06828E+03    9.62821E+02    1.17374E+03
 5.90000E+01    1.06708E+03    9.61737E+02    1.17242E+03
 5.98324E+01    1.06157E+03    9.56770E+02    1.16637E+03
 6.00000E+01    1.06046E+03    9.55770E+02    1.16515E+03
 6.08465E+01    1.05529E+03    9.51109E+02    1.15947E+03
 6.10000E+01    1.05435E+03    9.50263E+02    1.15844E+03
 6.18606E+01    1.04909E+03    9.45524E+02    1.15266E+03
 6.20000E+01    1.04824E+03    9.44757E+02    1.15172E+03
 6.28747E+01    1.04290E+03    9.39940E+02    1.14585E+03
 6.30000E+01    1.04213E+03    9.39250E+02    1.14501E+03
 6.38888E+01    1.03670E+03    9.34355E+02    1.13904E+03
 6.40000E+01    1.03602E+03    9.33743E+02    1.13830E+03
 6.49029E+01    1.03050E+03    9.28771E+02    1.13224E+03
 6.50000E+01    1.02991E+03    9.28236E+02    1.13158E+03
 6.59170E+01    1.02491E+03    9.23732E+02    1.12609E+03
 6.60000E+01    1.02446E+03    9.23324E+02    1.12560E+03
 6.69311E+01    1.01938E+03    9.18742E+02    1.12001E+03
 6.70000E+01    1.01900E+03    9.18403E+02    1.11960E+03
 6.79453E+01    1.01385E+03    9.13760E+02    1.11394E+03
 6.80000E+01    1.01355E+03    9.13491E+02    1.11361E+03
 6.89594E+01    1.00831E+03    9.08770E+02    1.10785E+03
 6.90000E+01    1.00809E+03    9.08570E+02    1.10761E+03
 6.99735E+01    1.00278E+03    9.03789E+02    1.10178E+03
 7.00000E+01    1.00264E+03    9.03658E+02    1.10162E+03
 7.09876E+01    9.97821E+02    8.99315E+02    1.09633E+03
 7.10000E+01    9.97760E+02    8.99260E+02    1.09626E+03
 7.20000E+01    9.92880E+02    8.94862E+02    1.09090E+03
 7.30000E+01    9.88001E+02    8.90464E+02    1.08554E+03
 7.40000E+01    9.83121E+02    8.86066E+02    1.08018E+03
 7.50000E+01    9.78241E+02    8.81668E+02    1.07481E+03
 7.60000E+01    9.73853E+02    8.77713E+02    1.06999E+03
 7.70000E+01    9.69465E+02    8.73758E+02    1.06517E+03
 7.80000E+01    9.65076E+02    8.69803E+02    1.06035E+03
 7.90000E+01    9.60688E+02    8.65848E+02    1.05553E+03
 8.00000E+01    9.56300E+02    8.61893E+02    1.05071E+03
 8.10000E+01    9.52522E+02    8.58488E+02    1.04656E+03
 8.20000E+01    9.48745E+02    8.55084E+02    1.04241E+03
 8.30000E+01    9.44968E+02    8.51680E+02    1.03826E+03
 8.40000E+01    9.41190E+02    8.48275E+02    1.03411E+03
 8.50000E+01    9.37412E+02    8.44870E+02    1.02995E+03
 8.60000E+01    9.33635E+02    8.41466E+02    1.02580E+03
 8.70000E+01    9.29858E+02    8.38061E+02    1.02165E+03
 8.80000E+01    9.26080E+02    8.34656E+02    1.01750E+03
 8.90000E+01    9.22302E+02    8.31251E+02    1.01335E+03
 9.00000E+01    9.18525E+02    8.27847E+02    1.00920E+03
 9.10000E+01    9.15396E+02    8.25027E+02    1.00576E+03
 9.20000E+01    9.12268E+02    8.22208E+02    1.00233E+03
 9.30000E+01    9.09139E+02    8.19388E+02    9.98890E+02
 9.40000E+01    9.06011E+02    8.16569E+02    9.95453E+02
 9.50000E+01    9.02882E+02    8.13748E+02    9.92015E+02
 9.60000E+01    8.99753E+02    8.10928E+02    9.88578E+02
 9.70000E+01    8.96625E+02    8.08109E+02    9.85141E+02
 9.80000E+01    8.93496E+02    8.05289E+02    9.81703E+02
 9.90000E+01    8.90368E+02    8.02470E+02    9.78266E+02
 1.00000E+02    8.87239E+02    7.99650E+02    9.74828E+02
 1.01411E+02    8.83529E+02    7.96306E+02    9.70752E+02
 1.02000E+02    8.81980E+02    7.94910E+02    9.69050E+02
 1.03439E+02    8.78195E+02    7.91499E+02    9.64892E+02
 1.04000E+02    8.76720E+02    7.90169E+02    9.63271E+02
 1.05467E+02    8.72862E+02    7.86692E+02    9.59032E+02
 1.06000E+02    8.71461E+02    7.85429E+02    9.57493E+02
 1.07495E+02    8.67528E+02    7.81885E+02    9.53171E+02
 1.08000E+02    8.66201E+02    7.80689E+02    9.51713E+02
 1.09524E+02    8.62195E+02    7.77078E+02    9.47311E+02
 1.10000E+02    8.60942E+02    7.75949E+02    9.45935E+02
 1.11552E+02    8.57465E+02    7.72815E+02    9.42115E+02
 1.12000E+02    8.56461E+02    7.71910E+02    9.41012E+02
 1.13580E+02    8.52921E+02    7.68719E+02    9.37122E+02
 1.14000E+02    8.51980E+02    7.67872E+02    9.36088E+02
 1.15608E+02    8.48377E+02    7.64624E+02    9.32129E+02
 1.16000E+02    8.47499E+02    7.63833E+02    9.31165E+02
 1.17637E+02    8.43832E+02    7.60528E+02    9.27136E+02
 1.18000E+02    8.43018E+02    7.59794E+02    9.26242E+02
 1.19665E+02    8.39288E+02    7.56433E+02    9.22143E+02
 1.20000E+02    8.38537E+02    7.55756E+02    9.21318E+02
 1.21693E+02    8.35259E+02    7.52801E+02    9.17716E+02
 1.22000E+02    8.34664E+02    7.52265E+02    9.17063E+02
 1.23721E+02    8.31331E+02    7.49261E+02    9.13401E+02
 1.24000E+02    8.30791E+02    7.48775E+02    9.12808E+02
 1.25749E+02    8.27404E+02    7.45722E+02    9.09086E+02
 1.26000E+02    8.26919E+02    7.45285E+02    9.08553E+02
 1.27778E+02    8.23477E+02    7.42182E+02    9.04771E+02
 1.28000E+02    8.23046E+02    7.41794E+02    9.04298E+02
 1.29806E+02    8.19549E+02    7.38642E+02    9.00456E+02
 1.30000E+02    8.19173E+02    7.38303E+02    9.00043E+02
 1.31834E+02    8.16067E+02    7.35504E+02    8.96630E+02
 1.32000E+02    8.15786E+02    7.35251E+02    8.96321E+02
 1.33862E+02    8.12632E+02    7.32408E+02    8.92856E+02
 1.34000E+02    8.12399E+02    7.32198E+02    8.92600E+02
 1.35891E+02    8.09198E+02    7.29313E+02    8.89082E+02
 1.36000E+02    8.09012E+02    7.29146E+02    8.88879E+02
 1.37919E+02    8.05763E+02    7.26217E+02    8.85308E+02
 1.38000E+02    8.05625E+02    7.26093E+02    8.85157E+02
 1.39947E+02    8.02328E+02    7.23121E+02    8.81534E+02
 1.40000E+02    8.02238E+02    7.23040E+02    8.81436E+02
 1.41975E+02    7.99277E+02    7.20372E+02    8.78183E+02
 1.42000E+02    7.99240E+02    7.20338E+02    8.78142E+02
 1.44000E+02    7.96242E+02    7.17636E+02    8.74848E+02
 1.46000E+02    7.93244E+02    7.14934E+02    8.71554E+02
 1.48000E+02    7.90246E+02    7.12232E+02    8.68260E+02
 1.50000E+02    7.87248E+02    7.09530E+02    8.64966E+02
 1.52000E+02    7.84565E+02    7.07112E+02    8.62018E+02
 1.54000E+02    7.81882E+02    7.04694E+02    8.59070E+02
 1.56000E+02    7.79200E+02    7.02277E+02    8.56124E+02
 1.58000E+02    7.76517E+02    6.99858E+02    8.53176E+02
 1.60000E+02    7.73834E+02    6.97440E+02    8.50228E+02
 1.62000E+02    7.71515E+02    6.95350E+02    8.47680E+02
 1.64000E+02    7.69195E+02    6.93259E+02    8.45131E+02
 1.66000E+02    7.66876E+02    6.91169E+02    8.42583E+02
 1.68000E+02    7.64556E+02    6.89078E+02    8.40034E+02
 1.70000E+02    7.62237E+02    6.86988E+02    8.37486E+02
 1.72000E+02    7.59918E+02    6.84898E+02    8.34938E+02
 1.74000E+02    7.57598E+02    6.82807E+02    8.32389E+02
 1.76000E+02    7.55279E+02    6.80717E+02    8.29841E+02
 1.78000E+02    7.52959E+02    6.78626E+02    8.27292E+02
 1.80000E+02    7.50640E+02    6.76536E+02    8.24744E+02
 1.82000E+02    7.48676E+02    6.74766E+02    8.22586E+02
 1.84000E+02    7.46711E+02    6.72995E+02    8.20427E+02
 1.86000E+02    7.44747E+02    6.71225E+02    8.18269E+02
 1.88000E+02    7.42783E+02    6.69455E+02    8.16111E+02
 1.90000E+02    7.40818E+02    6.67684E+02    8.13952E+02
 1.92000E+02    7.38854E+02    6.65914E+02    8.11795E+02
 1.94000E+02    7.36890E+02    6.64143E+02    8.09637E+02
 1.96000E+02    7.34926E+02    6.62373E+02    8.07479E+02
 1.98000E+02    7.32961E+02    6.60602E+02    8.05320E+02
 2.00000E+02    7.30997E+02    6.58832E+02    8.03162E+02
