# n + Ga 71 : (n,n'15)  
# tendl.2019 A.J. Koning and D. Rochman        EVAL-NOV19
# uncertainties: n
# # energies =    77
#   E(MeV)       xs(mb) 
 1.74395E+00    0.00000E+00
 1.77724E+00    9.70591E+00
 1.80000E+00    1.63417E+01
 1.93246E+00    2.99961E+01
 1.96926E+00    3.37896E+01
 2.00000E+00    3.69584E+01
 2.02337E+00    3.84172E+01
 2.09342E+00    4.27900E+01
 2.09873E+00    4.31214E+01
 2.11165E+00    4.39279E+01
 2.16447E+00    4.72251E+01
 2.20000E+00    4.94430E+01
 2.22216E+00    5.02219E+01
 2.27914E+00    5.22245E+01
 2.32702E+00    5.39074E+01
 2.36009E+00    5.50697E+01
 2.40000E+00    5.64724E+01
 2.43007E+00    5.66684E+01
 2.45543E+00    5.68336E+01
 2.48546E+00    5.70293E+01
 2.60000E+00    5.77757E+01
 2.80000E+00    5.35542E+01
 3.00000E+00    4.67405E+01
 3.20000E+00    3.94122E+01
 3.40000E+00    3.26821E+01
 3.60000E+00    2.70108E+01
 3.80000E+00    2.24363E+01
 4.00000E+00    1.88026E+01
 4.20000E+00    1.59260E+01
 4.40000E+00    1.36232E+01
 4.60000E+00    1.17932E+01
 4.80000E+00    1.03192E+01
 5.00000E+00    9.12119E+00
 5.20000E+00    8.13885E+00
 5.40000E+00    7.32731E+00
 5.60000E+00    6.65291E+00
 5.80000E+00    6.08881E+00
 6.00000E+00    5.61468E+00
 6.20000E+00    5.21388E+00
 6.40000E+00    4.87343E+00
 6.60000E+00    4.58380E+00
 6.80000E+00    4.33180E+00
 7.00000E+00    4.11798E+00
 7.20000E+00    3.93002E+00
 7.40000E+00    3.76637E+00
 7.60000E+00    3.62353E+00
 7.80000E+00    3.49539E+00
 8.00000E+00    3.38425E+00
 8.50000E+00    3.15611E+00
 9.00000E+00    2.98278E+00
 9.50000E+00    2.84766E+00
 1.00000E+01    2.73891E+00
 1.05000E+01    2.64830E+00
 1.10000E+01    2.56986E+00
 1.15000E+01    2.49940E+00
 1.20000E+01    2.43430E+00
 1.25000E+01    2.37314E+00
 1.30000E+01    2.31548E+00
 1.35000E+01    2.26140E+00
 1.40000E+01    2.21120E+00
 1.45000E+01    2.16505E+00
 1.50000E+01    2.12285E+00
 1.60000E+01    2.04858E+00
 1.70000E+01    1.98335E+00
 1.80000E+01    1.92250E+00
 1.90000E+01    1.86406E+00
 2.00000E+01    1.80850E+00
 2.10000E+01    1.75734E+00
 2.20000E+01    1.71185E+00
 2.30000E+01    1.67251E+00
 2.40000E+01    1.63877E+00
 2.50000E+01    1.60939E+00
 2.60000E+01    1.58272E+00
 2.70000E+01    1.55723E+00
 2.80000E+01    1.53184E+00
 2.90000E+01    1.50602E+00
 3.00000E+01    1.47972E+00
