# n + S  36 : (n,el)    
# endfb8.0   H.Nakamura                        EVAL-MAY87
# uncertainties: n
# # energies =   171
#   E(MeV)       xs(mb) 
 1.00000E-11    5.41248E+03
 1.00000E-07    2.18902E+03
 4.13990E-07    2.18646E+03
 5.31580E-07    2.18622E+03
 6.82560E-07    2.18594E+03
 8.76420E-07    2.18559E+03
 1.12540E-06    2.18547E+03
 1.44500E-06    2.18547E+03
 1.85540E-06    2.18547E+03
 2.37240E-06    2.18547E+03
 3.05900E-06    2.18546E+03
 3.92790E-06    2.18546E+03
 5.04350E-06    2.18546E+03
 6.47600E-06    2.18546E+03
 8.31530E-06    2.18546E+03
 1.06770E-05    2.18546E+03
 1.37100E-05    2.18545E+03
 1.76030E-05    2.18545E+03
 2.26030E-05    2.18544E+03
 2.92030E-05    2.18543E+03
 3.72670E-05    2.18543E+03
 4.78510E-05    2.18541E+03
 6.14420E-05    2.18540E+03
 7.88930E-05    2.18538E+03
 1.01300E-04    2.18535E+03
 1.30070E-04    2.18532E+03
 1.67020E-04    2.18528E+03
 2.14450E-04    2.18522E+03
 2.75360E-04    2.18515E+03
 3.53580E-04    2.18506E+03
 4.54000E-04    2.18495E+03
 5.82950E-04    2.18480E+03
 7.48520E-04    2.18474E+03
 9.61120E-04    2.18474E+03
 1.23410E-03    2.18474E+03
 1.58460E-03    2.18474E+03
 2.03470E-03    2.18474E+03
 2.24870E-03    2.18474E+03
 2.48520E-03    2.18474E+03
 2.61260E-03    2.18474E+03
 2.74650E-03    2.18474E+03
 3.03540E-03    2.18474E+03
 3.35460E-03    2.18474E+03
 3.70740E-03    2.18474E+03
 4.30740E-03    2.18474E+03
 5.53080E-03    2.18474E+03
 7.10170E-03    2.18474E+03
 9.11880E-03    2.18474E+03
 1.17090E-02    2.18474E+03
 1.50340E-02    2.18474E+03
 1.93050E-02    2.18474E+03
 2.18750E-02    2.18474E+03
 2.35790E-02    2.18474E+03
 2.41760E-02    2.18474E+03
 2.47880E-02    2.18474E+03
 2.60580E-02    2.18474E+03
 2.70000E-02    2.18474E+03
 2.85000E-02    2.18474E+03
 3.18280E-02    2.18474E+03
 3.43070E-02    2.18474E+03
 4.08680E-02    2.18474E+03
 4.63090E-02    2.18474E+03
 5.24750E-02    2.18474E+03
 5.65620E-02    2.18474E+03
 6.73790E-02    2.18474E+03
 7.20000E-02    2.18474E+03
 7.95000E-02    2.18474E+03
 8.25000E-02    2.18474E+03
 8.65170E-02    2.18474E+03
 9.80370E-02    2.18474E+03
 1.11090E-01    2.18474E+03
 1.16790E-01    2.18474E+03
 1.22770E-01    2.18474E+03
 1.29070E-01    2.18474E+03
 1.35690E-01    2.18474E+03
 1.42640E-01    2.18474E+03
 1.49960E-01    2.18474E+03
 1.57640E-01    2.18474E+03
 1.65730E-01    2.18474E+03
 1.74220E-01    2.18474E+03
 1.83160E-01    2.18474E+03
 1.92550E-01    2.18474E+03
 2.02420E-01    2.18474E+03
 2.12800E-01    2.18474E+03
 2.23710E-01    2.18474E+03
 2.35180E-01    2.18474E+03
 2.47240E-01    2.18474E+03
 2.73240E-01    2.18474E+03
 2.87250E-01    2.18474E+03
 2.94520E-01    2.18474E+03
 2.97200E-01    2.18474E+03
 2.98500E-01    2.18474E+03
 3.01970E-01    2.18474E+03
 3.33730E-01    2.18474E+03
 3.68830E-01    2.18474E+03
 3.87740E-01    2.18474E+03
 4.07620E-01    2.18474E+03
 4.50490E-01    2.18474E+03
 4.97870E-01    2.18474E+03
 5.23400E-01    2.18474E+03
 5.50230E-01    2.18474E+03
 5.78440E-01    2.18540E+03
 6.08100E-01    2.19068E+03
 6.39280E-01    2.19711E+03
 6.72060E-01    2.20386E+03
 7.06510E-01    2.21247E+03
 7.42740E-01    2.22508E+03
 7.80820E-01    2.23848E+03
 8.20850E-01    2.25383E+03
 8.62940E-01    2.27248E+03
 9.07180E-01    2.29386E+03
 9.61640E-01    2.31653E+03
 1.00260E+00    2.35554E+03
 1.10800E+00    2.40222E+03
 1.16480E+00    2.43558E+03
 1.22460E+00    2.46960E+03
 1.28730E+00    2.50244E+03
 1.35340E+00    2.53679E+03
 1.42270E+00    2.57289E+03
 1.49570E+00    2.61090E+03
 1.57240E+00    2.65149E+03
 1.65300E+00    2.69436E+03
 1.73770E+00    2.73943E+03
 1.82680E+00    2.78572E+03
 1.92050E+00    2.83010E+03
 2.01900E+00    2.87109E+03
 2.12250E+00    2.90664E+03
 2.23130E+00    2.93757E+03
 2.30690E+00    2.95675E+03
 2.34570E+00    2.96654E+03
 2.36530E+00    2.97314E+03
 2.38520E+00    2.98992E+03
 2.46600E+00    3.02242E+03
 2.59240E+00    3.06001E+03
 2.72530E+00    3.09947E+03
 2.86500E+00    3.14087E+03
 3.01190E+00    3.16840E+03
 3.16640E+00    3.18531E+03
 3.32870E+00    3.10512E+03
 3.67880E+00    2.96598E+03
 4.06570E+00    2.84432E+03
 4.49330E+00    2.71231E+03
 4.72370E+00    2.58927E+03
 4.96590E+00    2.47302E+03
 5.22050E+00    2.36555E+03
 5.48810E+00    2.25171E+03
 5.76950E+00    2.13995E+03
 6.06530E+00    2.02375E+03
 6.37630E+00    1.92873E+03
 6.59240E+00    1.87191E+03
 6.70320E+00    1.79638E+03
 7.04690E+00    1.68911E+03
 7.40820E+00    1.58654E+03
 7.78800E+00    1.48692E+03
 8.18730E+00    1.39488E+03
 8.60710E+00    1.30694E+03
 9.04840E+00    1.22442E+03
 9.51230E+00    1.14656E+03
 1.00000E+01    1.10146E+03
 1.05130E+01    1.01506E+03
 1.10520E+01    9.53286E+02
 1.16180E+01    9.14102E+02
 1.22140E+01    8.79080E+02
 1.28400E+01    8.43247E+02
 1.34990E+01    8.10827E+02
 1.38400E+01    7.89304E+02
 1.41910E+01    7.70999E+02
 1.45500E+01    7.55594E+02
 1.49180E+01    7.43393E+02
 1.56830E+01    7.39327E+02
 1.64870E+01    7.44908E+02
