# n + Se 74 : (n,n'28)  
# tendl.2019 A.J. Koning and D. Rochman        EVAL-NOV19
# uncertainties: n
# # energies =    57
#   E(MeV)       xs(mb) 
 3.07874E+00    0.00000E+00
 3.12001E+00    7.33061E+00
 3.15477E+00    1.35049E+01
 3.20000E+00    2.15389E+01
 3.40000E+00    3.74048E+01
 3.60000E+00    3.95744E+01
 3.80000E+00    3.62175E+01
 4.00000E+00    3.19002E+01
 4.20000E+00    2.74086E+01
 4.40000E+00    2.31178E+01
 4.60000E+00    1.92792E+01
 4.80000E+00    1.59468E+01
 5.00000E+00    1.31855E+01
 5.20000E+00    1.08814E+01
 5.40000E+00    8.95802E+00
 5.60000E+00    7.41448E+00
 5.80000E+00    6.23185E+00
 6.00000E+00    5.30570E+00
 6.20000E+00    4.54384E+00
 6.40000E+00    3.90848E+00
 6.60000E+00    3.37771E+00
 6.80000E+00    2.93542E+00
 7.00000E+00    2.56655E+00
 7.20000E+00    2.25990E+00
 7.40000E+00    2.00238E+00
 7.60000E+00    1.78868E+00
 7.80000E+00    1.60955E+00
 8.00000E+00    1.45749E+00
 8.50000E+00    1.18531E+00
 9.00000E+00    1.01148E+00
 9.50000E+00    8.98611E-01
 1.00000E+01    8.23591E-01
 1.05000E+01    7.72422E-01
 1.10000E+01    7.36207E-01
 1.15000E+01    7.09297E-01
 1.20000E+01    6.88051E-01
 1.25000E+01    6.70157E-01
 1.30000E+01    6.54195E-01
 1.35000E+01    6.39417E-01
 1.40000E+01    6.25491E-01
 1.45000E+01    6.12325E-01
 1.50000E+01    5.99921E-01
 1.60000E+01    5.77276E-01
 1.70000E+01    5.56773E-01
 1.80000E+01    5.37211E-01
 1.90000E+01    5.17947E-01
 2.00000E+01    4.99181E-01
 2.10000E+01    4.81524E-01
 2.20000E+01    4.65532E-01
 2.30000E+01    4.51467E-01
 2.40000E+01    4.39230E-01
 2.50000E+01    4.28431E-01
 2.60000E+01    4.18516E-01
 2.70000E+01    4.08955E-01
 2.80000E+01    3.99381E-01
 2.90000E+01    3.89663E-01
 3.00000E+01    3.79868E-01
