# n + Th230 : (n,xt)    
# tendl.2019 A.J. Koning and D. Rochman        EVAL-NOV19
# 
# # energies =   134
#   E(MeV)        xs(mb) 
 5.34604E-02    0.00000E+00
 1.00000E-01    0.00000E+00
 1.74874E-01    0.00000E+00
 2.00000E-01    0.00000E+00
 3.00000E-01    0.00000E+00
 3.58033E-01    0.00000E+00
 4.00000E-01    0.00000E+00
 5.00000E-01    0.00000E+00
 5.10378E-01    0.00000E+00
 5.74263E-01    0.00000E+00
 5.96394E-01    0.00000E+00
 6.00000E-01    0.00000E+00
 6.37703E-01    0.00000E+00
 6.80486E-01    0.00000E+00
 6.89611E-01    0.00000E+00
 7.00000E-01    0.00000E+00
 7.72975E-01    0.00000E+00
 7.78900E-01    0.00000E+00
 7.84801E-01    0.00000E+00
 8.00000E-01    0.00000E+00
 8.29284E-01    0.00000E+00
 8.55877E-01    0.00000E+00
 8.83156E-01    0.00000E+00
 8.87474E-01    0.00000E+00
 9.00000E-01    0.00000E+00
 9.26997E-01    0.00000E+00
 9.56072E-01    0.00000E+00
 9.59228E-01    0.00000E+00
 9.75987E-01    0.00000E+00
 1.00000E+00    0.00000E+00
 1.01403E+00    0.00000E+00
 1.01690E+00    0.00000E+00
 1.02648E+00    0.00000E+00
 1.04401E+00    0.00000E+00
 1.05675E+00    0.00000E+00
 1.06997E+00    0.00000E+00
 1.08395E+00    0.00000E+00
 1.09378E+00    0.00000E+00
 1.11306E+00    0.00000E+00
 1.11803E+00    0.00000E+00
 1.20000E+00    0.00000E+00
 1.40000E+00    0.00000E+00
 1.60000E+00    0.00000E+00
 1.80000E+00    0.00000E+00
 2.00000E+00    0.00000E+00
 2.20000E+00    0.00000E+00
 2.40000E+00    0.00000E+00
 2.60000E+00    0.00000E+00
 2.80000E+00    0.00000E+00
 3.00000E+00    0.00000E+00
 3.20000E+00    0.00000E+00
 3.40000E+00    0.00000E+00
 3.60000E+00    0.00000E+00
 3.80000E+00    0.00000E+00
 4.00000E+00    0.00000E+00
 4.20000E+00    0.00000E+00
 4.40000E+00    0.00000E+00
 4.60000E+00    0.00000E+00
 4.80000E+00    0.00000E+00
 5.00000E+00    1.10009E-18
 5.20000E+00    4.34231E-18
 5.40000E+00    7.58454E-18
 5.60000E+00    1.08268E-17
 5.80000E+00    1.40690E-17
 6.00000E+00    1.73112E-17
 6.20000E+00    2.05534E-17
 6.40000E+00    2.37957E-17
 6.60000E+00    2.70379E-17
 6.80000E+00    3.02801E-17
 7.00000E+00    3.35223E-17
 7.20000E+00    3.67645E-17
 7.40000E+00    4.00068E-17
 7.60000E+00    4.32490E-17
 7.80000E+00    4.64912E-17
 8.00000E+00    4.97334E-17
 8.50000E+00    5.78390E-17
 9.00000E+00    1.79830E-15
 9.50000E+00    3.70610E-12
 1.00000E+01    1.70110E-10
 1.05000E+01    3.64410E-09
 1.10000E+01    4.92680E-08
 1.15000E+01    4.66370E-07
 1.20000E+01    3.32235E-06
 1.25000E+01    1.87724E-05
 1.30000E+01    8.74194E-05
 1.35000E+01    3.44810E-04
 1.40000E+01    1.17616E-03
 1.45000E+01    3.60176E-03
 1.50000E+01    9.47766E-03
 1.60000E+01    4.62180E-02
 1.70000E+01    1.50303E-01
 1.80000E+01    3.61075E-01
 1.90000E+01    6.96624E-01
 2.00000E+01    1.15519E+00
 2.10000E+01    1.72121E+00
 2.20000E+01    2.37328E+00
 2.30000E+01    3.08949E+00
 2.40000E+01    3.84962E+00
 2.50000E+01    4.63582E+00
 2.60000E+01    5.43019E+00
 2.70000E+01    6.20561E+00
 2.80000E+01    6.93070E+00
 2.90000E+01    7.55668E+00
 3.00000E+01    8.05883E+00
 3.00000E+01    6.35278E+00
 3.20000E+01    7.57303E+00
 3.40000E+01    8.66081E+00
 3.60000E+01    1.01707E+01
 3.80000E+01    1.24860E+01
 4.00000E+01    1.61180E+01
 4.20000E+01    2.11428E+01
 4.40000E+01    2.65707E+01
 4.60000E+01    3.06854E+01
 4.80000E+01    3.26081E+01
 5.00000E+01    3.29131E+01
 5.20000E+01    3.26896E+01
 5.40000E+01    3.25637E+01
 5.60000E+01    3.26151E+01
 5.80000E+01    3.28545E+01
 6.00000E+01    3.31194E+01
 6.50000E+01    3.31768E+01
 7.00000E+01    3.20152E+01
 7.50000E+01    3.18532E+01
 8.00000E+01    3.26276E+01
 9.00000E+01    3.45218E+01
 1.00000E+02    3.80400E+01
 1.10000E+02    3.98478E+01
 1.20000E+02    4.16903E+01
 1.30000E+02    4.34372E+01
 1.40000E+02    4.72772E+01
 1.50000E+02    5.45906E+01
 1.60000E+02    6.35157E+01
 1.80000E+02    9.50852E+01
 2.00000E+02    2.04314E+02
