# n + As 75 : (n,n'04)  
# jendl4.0   K.Shibata, G.Chiba, A.Ichihara+   EVAL-APR09
# uncertainties: n
# # energies =    37
#   E(MeV)       xs(mb) 
 3.08016E-01    0.00000E+00
 4.00000E-01    2.89800E+01
 5.00000E-01    4.90300E+01
 6.00000E-01    6.36800E+01
 7.00000E-01    7.54800E+01
 8.00000E-01    8.55200E+01
 9.00000E-01    8.64100E+01
 1.00000E+00    9.06100E+01
 1.50000E+00    8.57400E+01
 2.00000E+00    7.82100E+01
 2.50000E+00    6.55300E+01
 3.00000E+00    4.82800E+01
 3.50000E+00    2.84300E+01
 4.00000E+00    1.70300E+01
 4.50000E+00    1.01000E+01
 5.00000E+00    6.05400E+00
 5.50000E+00    3.74600E+00
 6.00000E+00    2.39900E+00
 6.50000E+00    1.52600E+00
 7.00000E+00    1.11600E+00
 7.50000E+00    7.63500E-01
 8.00000E+00    6.76800E-01
 8.50000E+00    4.99100E-01
 9.00000E+00    5.29000E-01
 9.50000E+00    4.09100E-01
 1.00000E+01    4.81800E-01
 1.10000E+01    4.69600E-01
 1.20000E+01    4.68700E-01
 1.30000E+01    4.70400E-01
 1.40000E+01    4.70000E-01
 1.45000E+01    5.80800E-01
 1.50000E+01    4.66000E-01
 1.60000E+01    4.57900E-01
 1.70000E+01    4.46900E-01
 1.80000E+01    4.34500E-01
 1.90000E+01    4.21500E-01
 2.00000E+01    4.08200E-01
