# n + Zn 70 : (n,g)     
# tendl.2019 A.J. Koning and D. Rochman        EVAL-NOV19
# uncertainties: y
# # energies =   171
#   E(MeV)       xs(mb)       xslow(mb)      xsupp(mb)
 1.00000E-11    9.97873E+02    8.00293E+02    1.19545E+03
 1.00000E-07    3.32442E+01    2.66690E+01    3.98194E+01
 4.13990E-07    2.14651E+01    1.72107E+01    2.57195E+01
 5.31580E-07    1.89480E+01    1.51990E+01    2.26971E+01
 6.82560E-07    1.67271E+01    1.34175E+01    2.00366E+01
 8.76420E-07    1.47679E+01    1.18408E+01    1.76950E+01
 1.12540E-06    1.30428E+01    1.04593E+01    1.56263E+01
 1.44500E-06    1.15219E+01    9.23965E+00    1.38042E+01
 1.85540E-06    1.01901E+01    8.17167E+00    1.22086E+01
 2.37240E-06    9.00390E+00    7.22236E+00    1.07854E+01
 3.05900E-06    7.94812E+00    6.37431E+00    9.52193E+00
 3.92790E-06    7.02889E+00    5.63710E+00    8.42069E+00
 5.04350E-06    6.21783E+00    4.97944E+00    7.45622E+00
 6.47600E-06    5.50354E+00    4.41469E+00    6.59239E+00
 8.31530E-06    4.87823E+00    3.91110E+00    5.84536E+00
 1.06770E-05    4.32651E+00    3.46885E+00    5.18417E+00
 1.37100E-05    3.84440E+00    3.08231E+00    4.60649E+00
 1.76030E-05    3.42236E+00    2.74252E+00    4.10219E+00
 2.26030E-05    3.04995E+00    2.44299E+00    3.65691E+00
 2.92030E-05    2.73110E+00    2.18759E+00    3.27461E+00
 3.72670E-05    2.45946E+00    1.96988E+00    2.94903E+00
 4.78510E-05    2.22429E+00    1.78039E+00    2.66818E+00
 6.14420E-05    2.02721E+00    1.62177E+00    2.43266E+00
 7.88930E-05    1.86588E+00    1.49198E+00    2.23978E+00
 1.01300E-04    1.74120E+00    1.38829E+00    2.09411E+00
 1.30070E-04    1.65512E+00    1.31966E+00    1.99059E+00
 1.67020E-04    1.61508E+00    1.28773E+00    1.94243E+00
 2.14450E-04    1.63753E+00    1.30081E+00    1.97425E+00
 2.75360E-04    1.75774E+00    1.39630E+00    2.11918E+00
 3.53580E-04    2.07102E+00    1.63919E+00    2.50285E+00
 4.54000E-04    2.88610E+00    2.27570E+00    3.49651E+00
 5.82950E-04    5.91231E+00    4.64446E+00    7.18017E+00
 7.48520E-04    1.78196E+03    1.37856E+03    2.18536E+03
 9.61120E-04    1.61668E+03    1.33759E+03    1.89578E+03
 1.23410E-03    2.10608E+00    1.55893E+00    2.65324E+00
 1.58460E-03    4.88189E-01    3.90789E-01    5.85589E-01
 2.03470E-03    2.26242E-01    1.87381E-01    2.65103E-01
 2.24870E-03    1.60409E-01    1.32856E-01    1.87962E-01
 2.48520E-03    1.26709E-01    1.04945E-01    1.48473E-01
 2.61260E-03    1.09839E-01    9.09723E-02    1.28706E-01
 2.74650E-03    9.04276E-02    7.48952E-02    1.05960E-01
 3.03540E-03    7.15975E-02    6.41706E-02    7.90244E-02
 3.35460E-03    5.86570E-02    5.25725E-02    6.47415E-02
 3.70740E-03    4.80149E-02    4.30343E-02    5.29955E-02
 4.30740E-03    3.86799E-02    3.46676E-02    4.26922E-02
 5.53080E-03    3.49618E-02    3.32405E-02    3.66831E-02
 7.10170E-03    4.08210E-02    3.92853E-02    4.23567E-02
 9.11880E-03    2.59696E+01    2.49926E+01    2.69466E+01
 1.17090E-02    7.69103E+01    7.54802E+01    7.83404E+01
 1.50340E-02    1.01774E+01    9.98818E+00    1.03667E+01
 1.93050E-02    2.28984E-01    2.24726E-01    2.33242E-01
 2.18750E-02    6.08879E+01    5.86830E+01    6.30929E+01
 2.35790E-02    1.85221E-01    1.78514E-01    1.91928E-01
 2.41760E-02    1.04886E-01    1.01088E-01    1.08684E-01
 2.47880E-02    8.42491E-02    8.11982E-02    8.73000E-02
 2.60580E-02    9.01272E-02    8.68634E-02    9.33910E-02
 2.70000E-02    1.27635E-01    1.23013E-01    1.32257E-01
 2.85000E-02    3.06700E+01    2.95593E+01    3.17807E+01
 3.18280E-02    6.46309E+00    6.31684E+00    6.60935E+00
 3.43070E-02    6.26690E+00    6.12508E+00    6.40871E+00
 4.08680E-02    3.38003E+00    3.30354E+00    3.45651E+00
 4.63090E-02    2.46209E+00    2.40637E+00    2.51780E+00
 5.24750E-02    1.71702E+01    1.68793E+01    1.74611E+01
 5.65620E-02    7.71001E+00    7.57939E+00    7.84062E+00
 6.73790E-02    2.30754E+00    2.26845E+00    2.34663E+00
 7.20000E-02    1.45184E+00    1.42699E+00    1.47669E+00
 7.95000E-02    4.47040E-02    4.39388E-02    4.54692E-02
 8.25000E-02    1.21001E+01    1.18930E+01    1.23072E+01
 8.65170E-02    6.34303E+00    6.23446E+00    6.45161E+00
 9.80370E-02    4.91524E+00    4.83110E+00    4.99937E+00
 1.11090E-01    1.60521E+01    1.59573E+01    1.61469E+01
 1.16790E-01    3.44164E+00    3.42131E+00    3.46197E+00
 1.22770E-01    1.06481E+00    1.05852E+00    1.07110E+00
 1.29070E-01    1.02385E+01    1.01781E+01    1.02990E+01
 1.35690E-01    5.98526E+00    5.94991E+00    6.02061E+00
 1.42640E-01    1.38038E+01    1.37223E+01    1.38853E+01
 1.49960E-01    6.32923E+00    6.29185E+00    6.36662E+00
 1.57640E-01    5.46930E+00    5.43700E+00    5.50161E+00
 1.65730E-01    5.75508E+00    5.72109E+00    5.78907E+00
 1.74220E-01    5.65908E+00    5.62565E+00    5.69250E+00
 1.83160E-01    2.75566E+00    2.73938E+00    2.77193E+00
 1.92550E-01    2.62284E+00    2.60734E+00    2.63833E+00
 2.02420E-01    5.06127E+00    4.98610E+00    5.13645E+00
 2.12800E-01    5.01169E+00    4.93725E+00    5.08612E+00
 2.23710E-01    6.96051E+00    4.33566E+00    9.58536E+00
 2.35180E-01    6.87746E+00    4.28393E+00    9.47100E+00
 2.47240E-01    6.74428E+00    4.20097E+00    9.28759E+00
 2.73240E-01    6.60192E+00    4.11230E+00    9.09155E+00
 2.87250E-01    6.52650E+00    4.06531E+00    8.98768E+00
 2.94520E-01    6.49128E+00    4.04338E+00    8.93918E+00
 2.97200E-01    6.47722E+00    4.03462E+00    8.91982E+00
 2.98500E-01    6.46373E+00    4.02622E+00    8.90124E+00
 3.01970E-01    6.44300E+00    4.01331E+00    8.87270E+00
 3.33730E-01    6.40685E+00    3.99079E+00    8.82292E+00
 3.68830E-01    6.37739E+00    3.97244E+00    8.78235E+00
 3.87740E-01    6.36002E+00    3.96162E+00    8.75842E+00
 4.07620E-01    6.39509E+00    3.98346E+00    8.80672E+00
 4.50490E-01    6.45995E+00    4.02386E+00    8.89604E+00
 4.97870E-01    6.52423E+00    4.06390E+00    8.98455E+00
 5.23400E-01    6.60003E+00    4.11112E+00    9.08894E+00
 5.50230E-01    6.68072E+00    4.16138E+00    9.20006E+00
 5.78440E-01    6.76583E+00    4.21439E+00    9.31726E+00
 6.08100E-01    6.87464E+00    4.05403E+00    9.69525E+00
 6.39280E-01    7.00111E+00    4.12860E+00    9.87361E+00
 6.72060E-01    7.13407E+00    4.20702E+00    1.00611E+01
 7.06510E-01    7.29225E+00    4.30029E+00    1.02842E+01
 7.42740E-01    7.47427E+00    4.40763E+00    1.05409E+01
 7.80820E-01    7.61963E+00    4.49335E+00    1.07459E+01
 8.20850E-01    7.50778E+00    4.42739E+00    1.05882E+01
 8.62940E-01    7.33463E+00    4.32529E+00    1.03440E+01
 9.07180E-01    6.36921E+00    3.75597E+00    8.98244E+00
 9.61640E-01    5.07847E+00    2.99481E+00    7.16213E+00
 1.00260E+00    4.32679E+00    2.44544E+00    6.20814E+00
 1.10800E+00    3.93195E+00    2.22228E+00    5.64161E+00
 1.16480E+00    3.67158E+00    2.07512E+00    5.26803E+00
 1.22460E+00    3.59196E+00    2.03012E+00    5.15380E+00
 1.28730E+00    3.55540E+00    2.00946E+00    5.10134E+00
 1.35340E+00    3.51727E+00    1.98791E+00    5.04663E+00
 1.42270E+00    3.48961E+00    1.97228E+00    5.00695E+00
 1.49570E+00    3.46704E+00    1.95952E+00    4.97456E+00
 1.57240E+00    3.41653E+00    1.93097E+00    4.90209E+00
 1.65300E+00    3.27029E+00    1.84832E+00    4.69226E+00
 1.73770E+00    3.10559E+00    1.75523E+00    4.45594E+00
 1.82680E+00    2.88217E+00    1.55333E+00    4.21102E+00
 1.92050E+00    2.63288E+00    1.41897E+00    3.84679E+00
 2.01900E+00    2.50005E+00    1.34738E+00    3.65271E+00
 2.12250E+00    2.43011E+00    1.30969E+00    3.55053E+00
 2.23130E+00    2.41811E+00    1.30322E+00    3.53300E+00
 2.30690E+00    2.42466E+00    1.30675E+00    3.54257E+00
 2.34570E+00    2.42800E+00    1.30855E+00    3.54745E+00
 2.36530E+00    2.43026E+00    1.30977E+00    3.55074E+00
 2.38520E+00    2.43762E+00    1.31374E+00    3.56151E+00
 2.46600E+00    2.46020E+00    1.32591E+00    3.59450E+00
 2.59240E+00    2.49360E+00    1.34391E+00    3.64330E+00
 2.72530E+00    2.52932E+00    1.32408E+00    3.73455E+00
 2.86500E+00    2.50836E+00    1.31311E+00    3.70361E+00
 3.01190E+00    2.49620E+00    1.30674E+00    3.68566E+00
 3.16640E+00    2.49594E+00    1.30661E+00    3.68527E+00
 3.32870E+00    2.48435E+00    1.30054E+00    3.66816E+00
 3.67880E+00    2.45956E+00    1.28756E+00    3.63155E+00
 4.06570E+00    2.18281E+00    1.14269E+00    3.22294E+00
 4.49330E+00    1.86125E+00    9.74353E-01    2.74815E+00
 4.72370E+00    1.63942E+00    8.31136E-01    2.44770E+00
 4.96590E+00    1.43158E+00    7.25768E-01    2.13739E+00
 5.22050E+00    1.24835E+00    6.32875E-01    1.86382E+00
 5.48810E+00    1.08464E+00    5.49883E-01    1.61941E+00
 5.76950E+00    9.44802E-01    4.78987E-01    1.41062E+00
 6.06530E+00    8.27636E-01    4.19587E-01    1.23568E+00
 6.37630E+00    7.36989E-01    3.73632E-01    1.10035E+00
 6.59240E+00    6.92232E-01    3.50941E-01    1.03352E+00
 6.70320E+00    6.38109E-01    0.00000E+00    1.45644E+00
 7.04690E+00    5.66783E-01    0.00000E+00    1.29365E+00
 7.40820E+00    5.05669E-01    0.00000E+00    1.15416E+00
 7.78800E+00    4.58690E-01    0.00000E+00    1.04693E+00
 8.18730E+00    4.24051E-01    0.00000E+00    9.67869E-01
 8.60710E+00    4.01694E-01    0.00000E+00    9.16840E-01
 9.04840E+00    3.93285E-01    3.77097E-02    7.48860E-01
 9.51230E+00    4.02297E-01    3.85738E-02    7.66020E-01
 1.00000E+01    4.31635E-01    4.13868E-02    8.21883E-01
 1.05130E+01    4.84396E-01    4.64458E-02    9.22346E-01
 1.10520E+01    5.61248E-01    5.38146E-02    1.06868E+00
 1.16180E+01    6.49330E-01    6.22603E-02    1.23640E+00
 1.22140E+01    7.43555E-01    7.12949E-02    1.41582E+00
 1.28400E+01    8.28556E-01    7.94451E-02    1.57767E+00
 1.34990E+01    8.80281E-01    1.36308E-01    1.62425E+00
 1.38400E+01    9.07785E-01    1.40566E-01    1.67500E+00
 1.41910E+01    9.29205E-01    1.43883E-01    1.71453E+00
 1.45500E+01    9.52184E-01    1.47441E-01    1.75693E+00
 1.49180E+01    9.62849E-01    1.49093E-01    1.77661E+00
 1.56830E+01    9.39234E-01    1.45436E-01    1.73303E+00
 1.64870E+01    8.85228E-01    0.00000E+00    2.55088E+00
