# n + Sm  0 : (n,a)
# tendl.2019 A.J. Koning and D. Rochman        EVAL-NOV19
# uncertainties: y
# # energies =   600
#   E(MeV)          xs(mb) 
 1.00000E-11    1.62451E+02
 1.03223E-11    1.59895E+02
 1.06549E-11    1.57379E+02
 1.09984E-11    1.54903E+02
 1.13527E-11    1.52466E+02
 1.17186E-11    1.50067E+02
 1.20962E-11    1.47706E+02
 1.24861E-11    1.45382E+02
 1.28884E-11    1.43095E+02
 1.33038E-11    1.40843E+02
 1.37325E-11    1.38628E+02
 1.41751E-11    1.36446E+02
 1.46318E-11    1.34300E+02
 1.51034E-11    1.32186E+02
 1.55901E-11    1.30107E+02
 1.60926E-11    1.28060E+02
 1.66111E-11    1.26045E+02
 1.71465E-11    1.24061E+02
 1.76990E-11    1.22110E+02
 1.82694E-11    1.20188E+02
 1.88581E-11    1.18298E+02
 1.94659E-11    1.16436E+02
 2.00931E-11    1.14604E+02
 2.07407E-11    1.12801E+02
 2.14090E-11    1.11026E+02
 2.20991E-11    1.09279E+02
 2.28111E-11    1.07560E+02
 2.35464E-11    1.05867E+02
 2.43051E-11    1.04202E+02
 2.50884E-11    1.02562E+02
 2.58968E-11    1.00949E+02
 2.67315E-11    9.93603E+01
 2.75928E-11    9.77972E+01
 2.84822E-11    9.62583E+01
 2.93999E-11    9.47440E+01
 3.03475E-11    9.32531E+01
 3.13253E-11    9.17860E+01
 3.23350E-11    9.03417E+01
 3.33769E-11    8.89204E+01
 3.44526E-11    8.75212E+01
 3.55627E-11    8.61444E+01
 3.67089E-11    8.47888E+01
 3.78918E-11    8.34550E+01
 3.91130E-11    8.21418E+01
 4.03734E-11    8.08495E+01
 4.16746E-11    7.95772E+01
 4.30174E-11    7.83253E+01
 4.44039E-11    7.70929E+01
 4.58347E-11    7.58800E+01
 4.73119E-11    7.46860E+01
 4.88364E-11    7.35111E+01
 5.04104E-11    7.23543E+01
 5.20348E-11    7.12161E+01
 5.37119E-11    7.00954E+01
 5.54426E-11    6.89926E+01
 5.72295E-11    6.79071E+01
 5.90736E-11    6.68387E+01
 6.09775E-11    6.57870E+01
 6.29424E-11    6.47519E+01
 6.49710E-11    6.37330E+01
 6.70645E-11    6.27304E+01
 6.92260E-11    6.17433E+01
 7.14566E-11    6.07720E+01
 7.37596E-11    5.98158E+01
 7.61364E-11    5.88747E+01
 7.85902E-11    5.79483E+01
 8.11227E-11    5.70366E+01
 8.37372E-11    5.61391E+01
 8.64355E-11    5.52559E+01
 8.92212E-11    5.43864E+01
 9.20962E-11    5.35308E+01
 9.50644E-11    5.26884E+01
 9.81277E-11    5.18595E+01
 1.01291E-10    5.10434E+01
 1.04554E-10    5.02405E+01
 1.07924E-10    4.94498E+01
 1.11402E-10    4.86719E+01
 1.14992E-10    4.79060E+01
 1.18697E-10    4.71524E+01
 1.22523E-10    4.64104E+01
 1.26471E-10    4.56804E+01
 1.30547E-10    4.49615E+01
 1.34754E-10    4.42542E+01
 1.39097E-10    4.35578E+01
 1.43579E-10    4.28725E+01
 1.48207E-10    4.21979E+01
 1.52982E-10    4.15340E+01
 1.57913E-10    4.08805E+01
 1.63001E-10    4.02374E+01
 1.68254E-10    3.96041E+01
 1.73676E-10    3.89811E+01
 1.79274E-10    3.83678E+01
 1.85050E-10    3.77642E+01
 1.91014E-10    3.71699E+01
 1.97169E-10    3.65852E+01
 2.03524E-10    3.60094E+01
 2.10082E-10    3.54430E+01
 2.16853E-10    3.48852E+01
 2.23840E-10    3.43364E+01
 2.31055E-10    3.37962E+01
 2.38500E-10    3.32645E+01
 2.46187E-10    3.27410E+01
 2.54120E-10    3.22259E+01
 2.62310E-10    3.17189E+01
 2.70762E-10    3.12198E+01
 2.79489E-10    3.07286E+01
 2.88494E-10    3.02452E+01
 2.97793E-10    2.97692E+01
 3.07388E-10    2.93009E+01
 3.17295E-10    2.88398E+01
 3.27519E-10    2.83861E+01
 3.38075E-10    2.79395E+01
 3.48969E-10    2.74999E+01
 3.60216E-10    2.70671E+01
 3.71823E-10    2.66413E+01
 3.83807E-10    2.62221E+01
 3.96174E-10    2.58096E+01
 4.08943E-10    2.54034E+01
 4.22120E-10    2.50039E+01
 4.35725E-10    2.46104E+01
 4.49765E-10    2.42232E+01
 4.64261E-10    2.38420E+01
 4.79221E-10    2.34669E+01
 4.94666E-10    2.30977E+01
 5.10605E-10    2.27343E+01
 5.27062E-10    2.23766E+01
 5.44045E-10    2.20246E+01
 5.61580E-10    2.16780E+01
 5.79675E-10    2.13369E+01
 5.98358E-10    2.10012E+01
 6.17639E-10    2.06707E+01
 6.37545E-10    2.03455E+01
 6.58089E-10    2.00254E+01
 6.79298E-10    1.97103E+01
 7.01188E-10    1.94003E+01
 7.23786E-10    1.90950E+01
 7.47109E-10    1.87945E+01
 7.71188E-10    1.84988E+01
 7.96038E-10    1.82078E+01
 8.21693E-10    1.79214E+01
 8.48171E-10    1.76393E+01
 8.75507E-10    1.73617E+01
 9.03719E-10    1.70887E+01
 9.32845E-10    1.68198E+01
 9.62904E-10    1.65552E+01
 9.93937E-10    1.62946E+01
 1.02597E-09    1.60383E+01
 1.05903E-09    1.57860E+01
 1.09316E-09    1.55375E+01
 1.12839E-09    1.52931E+01
 1.16475E-09    1.50525E+01
 1.20229E-09    1.48156E+01
 1.24103E-09    1.45826E+01
 1.28103E-09    1.43531E+01
 1.32231E-09    1.41274E+01
 1.36492E-09    1.39050E+01
 1.40890E-09    1.36862E+01
 1.45431E-09    1.34709E+01
 1.50117E-09    1.32589E+01
 1.54956E-09    1.30503E+01
 1.59949E-09    1.28450E+01
 1.65104E-09    1.26429E+01
 1.70424E-09    1.24440E+01
 1.75917E-09    1.22482E+01
 1.81585E-09    1.20555E+01
 1.87438E-09    1.18658E+01
 1.93477E-09    1.16791E+01
 1.99713E-09    1.14953E+01
 2.06148E-09    1.13145E+01
 2.12792E-09    1.11365E+01
 2.19649E-09    1.09612E+01
 2.26728E-09    1.07888E+01
 2.34034E-09    1.06190E+01
 2.41577E-09    1.04520E+01
 2.49362E-09    1.02875E+01
 2.57398E-09    1.01256E+01
 2.65692E-09    9.96635E+00
 2.74255E-09    9.80952E+00
 2.83093E-09    9.65519E+00
 2.92217E-09    9.50328E+00
 3.01633E-09    9.35377E+00
 3.11354E-09    9.20660E+00
 3.21387E-09    9.06178E+00
 3.31745E-09    8.91920E+00
 3.42435E-09    8.77890E+00
 3.53471E-09    8.64079E+00
 3.64861E-09    8.50488E+00
 3.76620E-09    8.37111E+00
 3.88757E-09    8.23946E+00
 4.01286E-09    8.10988E+00
 4.14217E-09    7.98237E+00
 4.27566E-09    7.85688E+00
 4.41344E-09    7.73341E+00
 4.55568E-09    7.61190E+00
 4.70248E-09    7.49232E+00
 4.85404E-09    7.37468E+00
 5.01045E-09    7.25893E+00
 5.17193E-09    7.14502E+00
 5.33859E-09    7.03299E+00
 5.51065E-09    6.92275E+00
 5.68822E-09    6.81429E+00
 5.87154E-09    6.70759E+00
 6.06075E-09    6.60263E+00
 6.25608E-09    6.49933E+00
 6.45767E-09    6.39769E+00
 6.66579E-09    6.29767E+00
 6.88059E-09    6.19924E+00
 7.10234E-09    6.10234E+00
 7.33121E-09    6.00696E+00
 7.56748E-09    5.91304E+00
 7.81133E-09    5.82055E+00
 8.06308E-09    5.72945E+00
 8.32291E-09    5.63975E+00
 8.59114E-09    5.55139E+00
 8.86798E-09    5.46436E+00
 9.15378E-09    5.37863E+00
 9.44875E-09    5.29422E+00
 9.75327E-09    5.21107E+00
 1.00676E-08    5.12919E+00
 1.03920E-08    5.04856E+00
 1.07269E-08    4.96920E+00
 1.10726E-08    4.89105E+00
 1.14294E-08    4.81412E+00
 1.17978E-08    4.73839E+00
 1.21779E-08    4.66385E+00
 1.25704E-08    4.59047E+00
 1.29755E-08    4.51826E+00
 1.33937E-08    4.44719E+00
 1.38253E-08    4.37724E+00
 1.42708E-08    4.30842E+00
 1.47307E-08    4.24071E+00
 1.52054E-08    4.17410E+00
 1.56954E-08    4.10861E+00
 1.62012E-08    4.04422E+00
 1.67233E-08    3.98096E+00
 1.72623E-08    3.91882E+00
 1.78185E-08    3.85778E+00
 1.83928E-08    3.79784E+00
 1.89855E-08    3.73893E+00
 1.95974E-08    3.68097E+00
 2.02289E-08    3.62386E+00
 2.08808E-08    3.56753E+00
 2.15537E-08    3.51177E+00
 2.22483E-08    3.45653E+00
 2.29652E-08    3.40175E+00
 2.37054E-08    3.34750E+00
 2.44693E-08    3.29384E+00
 2.52522E-08    3.24106E+00
 2.53000E-08    3.23793E+00
 2.61154E-08    3.18612E+00
 2.69569E-08    3.13533E+00
 2.78257E-08    3.08556E+00
 2.87224E-08    3.03682E+00
 2.96480E-08    2.98902E+00
 3.06034E-08    2.94201E+00
 3.15897E-08    2.89579E+00
 3.26077E-08    2.85030E+00
 3.36586E-08    2.80550E+00
 3.47432E-08    2.76139E+00
 3.58629E-08    2.71796E+00
 3.70185E-08    2.67520E+00
 3.82116E-08    2.63311E+00
 3.94429E-08    2.59169E+00
 4.07141E-08    2.55092E+00
 4.20261E-08    2.51079E+00
 4.33805E-08    2.47127E+00
 4.47784E-08    2.43237E+00
 4.62215E-08    2.39411E+00
 4.77110E-08    2.35646E+00
 4.92486E-08    2.31940E+00
 5.08356E-08    2.28290E+00
 5.24740E-08    2.24695E+00
 5.41649E-08    2.21158E+00
 5.59105E-08    2.17680E+00
 5.77122E-08    2.14259E+00
 5.96981E-08    2.10668E+00
 6.17524E-08    2.07131E+00
 6.37426E-08    2.03866E+00
 6.56578E-08    2.00870E+00
 6.76305E-08    1.97924E+00
 6.98099E-08    1.94818E+00
 7.22121E-08    1.91547E+00
 7.46970E-08    1.88326E+00
 7.71044E-08    1.85355E+00
 7.94210E-08    1.82639E+00
 8.18073E-08    1.79966E+00
 8.44435E-08    1.77138E+00
 8.75344E-08    1.73972E+00
 9.07380E-08    1.70860E+00
 9.36623E-08    1.68175E+00
 9.62725E-08    1.65894E+00
 9.89558E-08    1.63640E+00
 1.02145E-07    1.61058E+00
 1.05883E-07    1.58170E+00
 1.09991E-07    1.55179E+00
 1.13535E-07    1.52755E+00
 1.16700E-07    1.50693E+00
 1.19952E-07    1.48637E+00
 1.23556E-07    1.46428E+00
 1.28622E-07    1.43494E+00
 1.33894E-07    1.40645E+00
 1.37917E-07    1.38612E+00
 1.41461E-07    1.36882E+00
 1.45097E-07    1.35138E+00
 1.49456E-07    1.33117E+00
 1.55912E-07    1.30326E+00
 1.62647E-07    1.27638E+00
 1.67534E-07    1.25784E+00
 1.71840E-07    1.24190E+00
 1.76256E-07    1.22587E+00
 1.81936E-07    1.20635E+00
 1.91812E-07    1.17532E+00
 1.99254E-07    1.15346E+00
 2.04374E-07    1.13880E+00
 2.09184E-07    1.12531E+00
 2.14560E-07    1.11079E+00
 2.21943E-07    1.09227E+00
 2.36478E-07    1.05891E+00
 2.44099E-07    1.04193E+00
 2.49843E-07    1.02957E+00
 2.55183E-07    1.01849E+00
 2.61741E-07    1.00567E+00
 2.74204E-07    9.83214E-01
 2.90314E-07    9.55434E-01
 2.97775E-07    9.42975E-01
 3.04138E-07    9.32829E-01
 3.10638E-07    9.23063E-01
 3.19296E-07    9.10867E-01
 3.46743E-07    8.74178E-01
 3.57918E-07    8.59815E-01
 3.65567E-07    8.50578E-01
 3.72589E-07    8.42631E-01
 3.81358E-07    8.33159E-01
 4.01211E-07    8.11985E-01
 4.29298E-07    7.79061E-01
 4.39400E-07    7.65575E-01
 4.47843E-07    7.54114E-01
 4.57414E-07    7.41049E-01
 4.74154E-07    7.18212E-01
 5.20386E-07    6.58848E-01
 5.32633E-07    6.46275E-01
 5.42866E-07    6.36226E-01
 5.54467E-07    6.25050E-01
 5.80870E-07    5.99633E-01
 6.32138E-07    5.56302E-01
 6.45647E-07    5.46730E-01
 6.56662E-07    5.39057E-01
 6.69280E-07    5.30275E-01
 6.99667E-07    5.09142E-01
 7.66268E-07    4.70752E-01
 7.80988E-07    4.63299E-01
 7.92636E-07    4.57408E-01
 8.06158E-07    4.50576E-01
 8.32136E-07    4.37555E-01
 9.71031E-07    3.81988E-01
 9.81349E-07    3.78277E-01
 9.87596E-07    3.76076E-01
 9.91782E-07    3.74658E-01
 9.95985E-07    3.73239E-01
 9.98620E-07    3.72412E-01
 1.00232E-06    3.71256E-01
 1.00551E-06    3.70264E-01
 1.00825E-06    3.69453E-01
 1.01077E-06    3.68731E-01
 1.01328E-06    3.68017E-01
 1.01580E-06    3.67305E-01
 1.01832E-06    3.66617E-01
 1.02090E-06    3.65943E-01
 1.02360E-06    3.65243E-01
 1.02630E-06    3.64549E-01
 1.02899E-06    3.63862E-01
 1.03259E-06    3.62952E-01
 1.03621E-06    3.62053E-01
 1.03986E-06    3.61177E-01
 1.04534E-06    3.59871E-01
 1.04898E-06    3.59010E-01
 1.05638E-06    3.57267E-01
 1.07129E-06    3.53771E-01
 1.11727E-06    3.43013E-01
 1.12907E-06    3.40259E-01
 1.14097E-06    3.37498E-01
 1.14902E-06    3.35647E-01
 1.15707E-06    3.33813E-01
 1.16523E-06    3.31973E-01
 1.17339E-06    3.30151E-01
 1.18581E-06    3.27451E-01
 1.21525E-06    3.21623E-01
 1.35937E-06    3.00632E-01
 1.37855E-06    2.97965E-01
 1.39310E-06    2.96007E-01
 1.40290E-06    2.94739E-01
 1.41772E-06    2.92906E-01
 1.43773E-06    2.90894E-01
 1.65394E-06    2.76757E-01
 1.67727E-06    2.75418E-01
 1.69498E-06    2.74569E-01
 1.71285E-06    2.74201E-01
 1.73701E-06    2.74213E-01
 2.01233E-06    2.79330E-01
 2.04072E-06    2.80175E-01
 2.05501E-06    2.80831E-01
 2.08401E-06    2.82983E-01
 2.41432E-06    3.25980E-01
 2.46553E-06    3.33491E-01
 2.49162E-06    3.38281E-01
 2.51795E-06    3.43991E-01
 2.85632E-06    4.26446E-01
 2.97892E-06    4.57688E-01
 3.01037E-06    4.67223E-01
 3.04211E-06    4.78652E-01
 3.26285E-06    5.68724E-01
 3.59904E-06    7.08082E-01
 3.63712E-06    7.26184E-01
 3.67556E-06    7.48100E-01
 3.86019E-06    8.69436E-01
 4.34846E-06    1.19449E+00
 4.40981E-06    1.23978E+00
 4.44070E-06    1.26662E+00
 4.66398E-06    1.48556E+00
 5.03744E-06    1.85385E+00
 5.06872E-06    1.87964E+00
 5.10000E-06    1.89710E+00
 5.13598E-06    1.90416E+00
 5.17195E-06    1.90132E+00
 6.47147E-06    1.63997E+00
 7.81901E-06    1.44796E+00
 9.99117E-06    1.23197E+00
 1.14937E-05    1.11409E+00
 1.38870E-05    9.72656E-01
 1.67778E-05    8.49197E-01
 2.04134E-05    7.37647E-01
 2.46640E-05    6.43936E-01
 2.97983E-05    5.62186E-01
 3.62553E-05    4.88392E-01
 4.38046E-05    4.26314E-01
 5.29234E-05    3.72204E-01
 6.39434E-05    3.25016E-01
 7.77994E-05    2.82489E-01
 1.00114E-04    2.35888E-01
 1.13567E-04    2.14055E-01
 1.38176E-04    1.83838E-01
 1.66685E-04    1.58917E-01
 1.99982E-04    1.37945E-01
 2.45033E-04    1.17465E-01
 3.00000E-04    9.99745E-02
 3.58045E-04    8.69944E-02
 4.33458E-04    7.46918E-02
 5.24756E-04    6.38773E-02
 6.00000E-04    5.70368E-02
 7.69091E-04    4.66527E-02
 1.00000E-03    3.74130E-02
 1.12719E-03    3.39668E-02
 1.36461E-03    2.90552E-02
 1.65204E-03    2.47572E-02
 1.98900E-03    2.11266E-02
 2.00000E-03    2.09507E-02
 3.00000E-03    1.48991E-02
 6.00000E-03    8.36145E-03
 1.00000E-02    5.53554E-03
 2.00000E-02    3.29315E-03
 3.00000E-02    2.46859E-03
 6.00000E-02    1.67591E-03
 1.00000E-01    1.40050E-03
 2.00000E-01    9.72931E-04
 3.00000E-01    8.92222E-04
 4.00000E-01    9.17165E-04
 5.03527E-01    1.02198E-03
 6.00000E-01    1.14097E-03
 6.99969E-01    1.30822E-03
 8.00000E-01    1.40355E-03
 9.00000E-01    1.45668E-03
 1.00705E+00    1.47112E-03
 1.20000E+00    1.48420E-03
 1.40000E+00    1.65559E-03
 1.60000E+00    1.72794E-03
 1.80000E+00    1.75161E-03
 2.00000E+00    1.76501E-03
 2.23104E+00    1.82949E-03
 2.40000E+00    1.89628E-03
 2.60000E+00    2.03115E-03
 3.00000E+00    2.43705E-03
 3.31414E+00    2.95374E-03
 3.60000E+00    3.49229E-03
 3.80000E+00    3.93328E-03
 4.00000E+00    4.41638E-03
 4.25925E+00    5.25120E-03
 4.43104E+00    5.87277E-03
 4.60000E+00    6.51285E-03
 4.80000E+00    7.46146E-03
 5.00000E+00    8.40380E-03
 5.23668E+00    1.05123E-02
 5.40000E+00    1.21587E-02
 5.60000E+00    1.41117E-02
 5.80000E+00    1.68900E-02
 6.00000E+00    1.93466E-02
 6.20000E+00    2.44283E-02
 6.40000E+00    3.01645E-02
 6.60000E+00    3.53004E-02
 6.80000E+00    4.33168E-02
 7.00000E+00    4.97699E-02
 7.20000E+00    6.23445E-02
 7.40000E+00    7.63274E-02
 7.60000E+00    8.77589E-02
 7.80000E+00    1.10121E-01
 8.00000E+00    1.24869E-01
 8.50000E+00    1.90451E-01
 9.00000E+00    2.81557E-01
 9.50000E+00    4.03779E-01
 1.00000E+01    5.59505E-01
 1.01411E+01    6.16041E-01
 1.02842E+01    6.73377E-01
 1.04292E+01    7.31523E-01
 1.05000E+01    7.59879E-01
 1.06481E+01    8.32432E-01
 1.07984E+01    9.06009E-01
 1.09507E+01    9.80624E-01
 1.10000E+01    1.00477E+00
 1.11552E+01    1.10047E+00
 1.13126E+01    1.19752E+00
 1.14722E+01    1.29595E+00
 1.15000E+01    1.31311E+00
 1.16622E+01    1.42589E+00
 1.18268E+01    1.54027E+00
 1.19936E+01    1.65626E+00
 1.20000E+01    1.66069E+00
 1.21693E+01    1.80316E+00
 1.23410E+01    1.94764E+00
 1.25000E+01    2.08146E+00
 1.26764E+01    2.24235E+00
 1.28552E+01    2.40550E+00
 1.30000E+01    2.53761E+00
 1.31834E+01    2.73145E+00
 1.33694E+01    2.92802E+00
 1.35000E+01    3.06605E+00
 1.36905E+01    3.29241E+00
 1.38836E+01    3.52197E+00
 1.40000E+01    3.66030E+00
 1.41975E+01    3.90685E+00
 1.43978E+01    4.15688E+00
 1.45000E+01    4.28443E+00
 1.47046E+01    4.57539E+00
 1.49120E+01    4.87045E+00
 1.50000E+01    4.99558E+00
 1.52116E+01    5.33176E+00
 1.54262E+01    5.67268E+00
 1.56439E+01    6.01841E+00
 1.58646E+01    6.36903E+00
 1.60000E+01    6.58416E+00
 1.62257E+01    6.92881E+00
 1.64546E+01    7.27831E+00
 1.66868E+01    7.63275E+00
 1.69222E+01    7.99218E+00
 1.70000E+01    8.11095E+00
 1.72398E+01    8.46354E+00
 1.74831E+01    8.82109E+00
 1.77297E+01    9.18369E+00
 1.79799E+01    9.55141E+00
 1.80000E+01    9.58103E+00
 1.82539E+01    9.83496E+00
 1.85115E+01    1.00925E+01
 1.87726E+01    1.03536E+01
 1.90000E+01    1.05809E+01
 1.92681E+01    1.06984E+01
 1.95399E+01    1.08175E+01
 1.98156E+01    1.09384E+01
 2.00000E+01    1.10192E+01
 2.02822E+01    1.10999E+01
 2.05683E+01    1.11818E+01
 2.08585E+01    1.12648E+01
 2.10000E+01    1.13053E+01
 2.12963E+01    1.11596E+01
 2.15967E+01    1.10119E+01
 2.19014E+01    1.08621E+01
 2.20000E+01    1.08136E+01
 2.23104E+01    1.05455E+01
 2.26251E+01    1.02737E+01
 2.29443E+01    9.99800E+00
 2.30000E+01    9.94992E+00
 2.33245E+01    9.51481E+00
 2.36536E+01    9.07358E+00
 2.39873E+01    8.62612E+00
 2.40000E+01    8.60903E+00
 2.43386E+01    8.19636E+00
 2.46820E+01    7.77788E+00
 2.50000E+01    7.39027E+00
 2.53527E+01    7.05981E+00
 2.57104E+01    6.72468E+00
 2.60000E+01    6.45332E+00
 2.63668E+01    6.17077E+00
 2.67388E+01    5.88424E+00
 2.70000E+01    5.68305E+00
 2.73809E+01    5.43812E+00
 2.77672E+01    5.18974E+00
 2.80000E+01    5.04007E+00
 2.83950E+01    4.82810E+00
 2.87956E+01    4.61314E+00
 2.90000E+01    4.50348E+00
 2.94091E+01    4.30977E+00
 2.98240E+01    4.11334E+00
 3.00000E+01    4.03003E+00
