# n + Sm  0 : (n,2a)
# tendl.2019 A.J. Koning and D. Rochman        EVAL-NOV19
# uncertainties: n
# # energies =   608
#   E(MeV)          xs(mb) 
 1.00000E-11    6.17514E-13
 1.03005E-11    6.08447E-13
 1.06099E-11    5.99500E-13
 1.09287E-11    5.90689E-13
 1.12571E-11    5.82012E-13
 1.15953E-11    5.73470E-13
 1.19437E-11    5.65034E-13
 1.23026E-11    5.56733E-13
 1.26722E-11    5.48551E-13
 1.30530E-11    5.40505E-13
 1.34452E-11    5.32564E-13
 1.38491E-11    5.24728E-13
 1.42652E-11    5.17027E-13
 1.46938E-11    5.09431E-13
 1.51353E-11    5.01941E-13
 1.55901E-11    4.94570E-13
 1.60585E-11    4.87304E-13
 1.65410E-11    4.80144E-13
 1.70380E-11    4.73089E-13
 1.75499E-11    4.66138E-13
 1.80772E-11    4.59293E-13
 1.86203E-11    4.52538E-13
 1.91798E-11    4.45888E-13
 1.97561E-11    4.39343E-13
 2.03497E-11    4.32888E-13
 2.09611E-11    4.26523E-13
 2.15909E-11    4.20263E-13
 2.22396E-11    4.14078E-13
 2.29078E-11    4.07999E-13
 2.35961E-11    4.02009E-13
 2.43051E-11    3.96095E-13
 2.50353E-11    3.90270E-13
 2.57875E-11    3.84536E-13
 2.65623E-11    3.78892E-13
 2.73604E-11    3.73322E-13
 2.81825E-11    3.67843E-13
 2.90293E-11    3.62439E-13
 2.99015E-11    3.57110E-13
 3.07999E-11    3.51871E-13
 3.17253E-11    3.46692E-13
 3.26785E-11    3.41603E-13
 3.36604E-11    3.36574E-13
 3.46717E-11    3.31636E-13
 3.57135E-11    3.26757E-13
 3.67865E-11    3.21968E-13
 3.78918E-11    3.17240E-13
 3.90303E-11    3.12571E-13
 4.02030E-11    3.07977E-13
 4.14109E-11    3.03459E-13
 4.26551E-11    2.99001E-13
 4.39367E-11    2.94602E-13
 4.52569E-11    2.90279E-13
 4.66166E-11    2.86016E-13
 4.80173E-11    2.81812E-13
 4.94600E-11    2.77669E-13
 5.09461E-11    2.73586E-13
 5.24768E-11    2.69563E-13
 5.40535E-11    2.65600E-13
 5.56776E-11    2.61697E-13
 5.73505E-11    2.57854E-13
 5.90736E-11    2.54071E-13
 6.08485E-11    2.50334E-13
 6.26768E-11    2.46656E-13
 6.45599E-11    2.43038E-13
 6.64997E-11    2.39465E-13
 6.84977E-11    2.35953E-13
 7.05558E-11    2.32485E-13
 7.26757E-11    2.29062E-13
 7.48593E-11    2.25700E-13
 7.71085E-11    2.22382E-13
 7.94253E-11    2.19110E-13
 8.18117E-11    2.15897E-13
 8.42698E-11    2.12730E-13
 8.68018E-11    2.09593E-13
 8.94098E-11    2.06515E-13
 9.20962E-11    2.03483E-13
 9.48633E-11    2.00496E-13
 9.77136E-11    1.97553E-13
 1.00649E-10    1.94641E-13
 1.03674E-10    1.91789E-13
 1.06789E-10    1.88967E-13
 1.09997E-10    1.86190E-13
 1.13302E-10    1.83458E-13
 1.16706E-10    1.80756E-13
 1.20213E-10    1.78099E-13
 1.23825E-10    1.75487E-13
 1.27545E-10    1.72905E-13
 1.31377E-10    1.70368E-13
 1.35325E-10    1.67861E-13
 1.39391E-10    1.65399E-13
 1.43579E-10    1.62967E-13
 1.47893E-10    1.60580E-13
 1.52336E-10    1.58224E-13
 1.56913E-10    1.55897E-13
 1.61628E-10    1.53600E-13
 1.66484E-10    1.51348E-13
 1.71486E-10    1.49121E-13
 1.76639E-10    1.46931E-13
 1.81946E-10    1.44772E-13
 1.87413E-10    1.42645E-13
 1.93044E-10    1.40549E-13
 1.98844E-10    1.38484E-13
 2.04818E-10    1.36450E-13
 2.10972E-10    1.34444E-13
 2.17311E-10    1.32469E-13
 2.23840E-10    1.30523E-13
 2.30566E-10    1.28605E-13
 2.37493E-10    1.26716E-13
 2.44629E-10    1.24854E-13
 2.51979E-10    1.23019E-13
 2.59550E-10    1.21212E-13
 2.67349E-10    1.19432E-13
 2.75381E-10    1.17677E-13
 2.83655E-10    1.15947E-13
 2.92178E-10    1.14245E-13
 3.00957E-10    1.12565E-13
 3.09999E-10    1.10913E-13
 3.19313E-10    1.09282E-13
 3.28907E-10    1.07678E-13
 3.38790E-10    1.06096E-13
 3.48969E-10    1.04536E-13
 3.59454E-10    1.03000E-13
 3.70254E-10    1.01487E-13
 3.81379E-10    9.99965E-14
 3.92838E-10    9.85269E-14
 4.04641E-10    9.70798E-14
 4.16798E-10    9.56538E-14
 4.29321E-10    9.42487E-14
 4.42221E-10    9.28632E-14
 4.55508E-10    9.14987E-14
 4.69194E-10    9.01552E-14
 4.83291E-10    8.88297E-14
 4.97812E-10    8.75252E-14
 5.12769E-10    8.62388E-14
 5.28176E-10    8.49719E-14
 5.44045E-10    8.37245E-14
 5.60392E-10    8.24935E-14
 5.77229E-10    8.12821E-14
 5.94572E-10    8.00872E-14
 6.12437E-10    7.89104E-14
 6.30838E-10    7.77515E-14
 6.49792E-10    7.66092E-14
 6.69316E-10    7.54833E-14
 6.89426E-10    7.43755E-14
 7.10140E-10    7.32827E-14
 7.31477E-10    7.22064E-14
 7.53455E-10    7.11452E-14
 7.76093E-10    7.01004E-14
 7.99411E-10    6.90706E-14
 8.23430E-10    6.80559E-14
 8.48171E-10    6.70547E-14
 8.73655E-10    6.60699E-14
 8.99905E-10    6.51002E-14
 9.26943E-10    6.41425E-14
 9.54794E-10    6.32013E-14
 9.83482E-10    6.22721E-14
 1.01303E-09    6.13580E-14
 1.04347E-09    6.04558E-14
 1.07482E-09    5.95687E-14
 1.10711E-09    5.86935E-14
 1.14038E-09    5.78304E-14
 1.17464E-09    5.69808E-14
 1.20994E-09    5.61432E-14
 1.24629E-09    5.53191E-14
 1.28373E-09    5.45070E-14
 1.32231E-09    5.37054E-14
 1.36204E-09    5.29173E-14
 1.40296E-09    5.21397E-14
 1.44511E-09    5.13727E-14
 1.48853E-09    5.06191E-14
 1.53326E-09    4.98746E-14
 1.57932E-09    4.91421E-14
 1.62678E-09    4.84200E-14
 1.67565E-09    4.77085E-14
 1.72600E-09    4.70075E-14
 1.77786E-09    4.63170E-14
 1.83128E-09    4.56370E-14
 1.88630E-09    4.49660E-14
 1.94297E-09    4.43055E-14
 2.00135E-09    4.36556E-14
 2.06148E-09    4.30146E-14
 2.12342E-09    4.23826E-14
 2.18722E-09    4.17597E-14
 2.25294E-09    4.11457E-14
 2.32063E-09    4.05408E-14
 2.39036E-09    3.99464E-14
 2.46218E-09    3.93594E-14
 2.53616E-09    3.87815E-14
 2.61236E-09    3.82111E-14
 2.69085E-09    3.76497E-14
 2.77170E-09    3.70973E-14
 2.85497E-09    3.65524E-14
 2.94075E-09    3.60150E-14
 3.02911E-09    3.54866E-14
 3.12012E-09    3.49643E-14
 3.21387E-09    3.44509E-14
 3.31043E-09    3.39450E-14
 3.40990E-09    3.34467E-14
 3.51235E-09    3.29558E-14
 3.61788E-09    3.24710E-14
 3.72659E-09    3.19951E-14
 3.83856E-09    3.15253E-14
 3.95389E-09    3.10614E-14
 4.07269E-09    3.06066E-14
 4.19505E-09    3.01563E-14
 4.32110E-09    2.97149E-14
 4.45093E-09    2.92781E-14
 4.58466E-09    2.88488E-14
 4.72241E-09    2.84255E-14
 4.86430E-09    2.80097E-14
 5.01045E-09    2.75984E-14
 5.16099E-09    2.71946E-14
 5.31606E-09    2.67968E-14
 5.47579E-09    2.64051E-14
 5.64031E-09    2.60193E-14
 5.80978E-09    2.56380E-14
 5.98434E-09    2.52642E-14
 6.16414E-09    2.48950E-14
 6.34935E-09    2.45317E-14
 6.54012E-09    2.41744E-14
 6.73663E-09    2.38217E-14
 6.93903E-09    2.34749E-14
 7.14752E-09    2.31327E-14
 7.36228E-09    2.27950E-14
 7.58348E-09    2.24632E-14
 7.81133E-09    2.21360E-14
 8.04603E-09    2.18132E-14
 8.28778E-09    2.14935E-14
 8.53679E-09    2.11798E-14
 8.79329E-09    2.08706E-14
 9.05749E-09    2.05658E-14
 9.32963E-09    2.02656E-14
 9.60995E-09    1.99684E-14
 9.89869E-09    1.96757E-14
 1.01961E-08    1.93875E-14
 1.05025E-08    1.91038E-14
 1.08180E-08    1.88231E-14
 1.11430E-08    1.85469E-14
 1.14778E-08    1.82752E-14
 1.18227E-08    1.80065E-14
 1.21779E-08    1.77423E-14
 1.25438E-08    1.74811E-14
 1.29207E-08    1.72244E-14
 1.33089E-08    1.69723E-14
 1.37088E-08    1.67231E-14
 1.41207E-08    1.64769E-14
 1.45450E-08    1.62352E-14
 1.49820E-08    1.59966E-14
 1.54321E-08    1.57609E-14
 1.58958E-08    1.55297E-14
 1.63734E-08    1.53016E-14
 1.68654E-08    1.50779E-14
 1.73721E-08    1.48559E-14
 1.78941E-08    1.46376E-14
 1.84317E-08    1.44227E-14
 1.89855E-08    1.42109E-14
 1.95559E-08    1.40021E-14
 2.01435E-08    1.37965E-14
 2.07487E-08    1.35940E-14
 2.13721E-08    1.33943E-14
 2.20143E-08    1.31975E-14
 2.26757E-08    1.30037E-14
 2.33570E-08    1.28128E-14
 2.40588E-08    1.26247E-14
 2.47817E-08    1.24393E-14
 2.52045E-08    1.23347E-14
 2.53000E-08    1.23114E-14
 2.60602E-08    1.21307E-14
 2.68432E-08    1.19525E-14
 2.76497E-08    1.17770E-14
 2.84804E-08    1.16041E-14
 2.93362E-08    1.14337E-14
 3.02176E-08    1.12658E-14
 3.11255E-08    1.11003E-14
 3.20607E-08    1.09375E-14
 3.30240E-08    1.07769E-14
 3.40162E-08    1.06185E-14
 3.50383E-08    1.04625E-14
 3.60910E-08    1.03088E-14
 3.71754E-08    1.01575E-14
 3.82924E-08    1.00085E-14
 3.94429E-08    9.86166E-15
 4.06280E-08    9.71681E-15
 4.18487E-08    9.57405E-15
 4.31061E-08    9.43340E-15
 4.44012E-08    9.29470E-15
 4.57353E-08    9.15841E-15
 4.71095E-08    9.02421E-15
 4.85249E-08    8.89181E-15
 4.99829E-08    8.76122E-15
 5.14847E-08    8.63243E-15
 5.30316E-08    8.50544E-15
 5.46249E-08    8.38055E-15
 5.62662E-08    8.25776E-15
 5.79568E-08    8.13693E-15
 5.99511E-08    8.00078E-15
 6.17524E-08    7.88294E-15
 6.36078E-08    7.76676E-15
 6.55190E-08    7.65238E-15
 6.74875E-08    7.54040E-15
 6.95153E-08    7.43037E-15
 7.19074E-08    7.30623E-15
 7.43818E-08    7.18359E-15
 7.66166E-08    7.07732E-15
 7.89186E-08    6.97285E-15
 8.12898E-08    6.87077E-15
 8.37322E-08    6.77080E-15
 8.66136E-08    6.65822E-15
 8.95940E-08    6.54639E-15
 9.26771E-08    6.43546E-15
 9.54616E-08    6.34029E-15
 9.79149E-08    6.26044E-15
 1.00857E-07    6.16962E-15
 1.04327E-07    6.06754E-15
 1.08375E-07    5.95316E-15
 1.12104E-07    5.85199E-15
 1.14985E-07    5.77724E-15
 1.17940E-07    5.70444E-15
 1.20971E-07    5.63344E-15
 1.24606E-07    5.55238E-15
 1.29988E-07    5.43709E-15
 1.34461E-07    5.34448E-15
 1.38501E-07    5.26448E-15
 1.42061E-07    5.19768E-15
 1.45712E-07    5.13313E-15
 1.50090E-07    5.05957E-15
 1.56573E-07    4.95510E-15
 1.62647E-07    4.86008E-15
 1.67534E-07    4.78699E-15
 1.71840E-07    4.72604E-15
 1.76256E-07    4.66750E-15
 1.81551E-07    4.60099E-15
 1.91003E-07    4.48736E-15
 1.98413E-07    4.40061E-15
 2.03512E-07    4.34342E-15
 2.07861E-07    4.29733E-15
 2.12303E-07    4.25290E-15
 2.18682E-07    4.19270E-15
 2.31041E-07    4.08102E-15
 2.41021E-07    3.99307E-15
 2.47215E-07    3.94113E-15
 2.52498E-07    3.89940E-15
 2.57894E-07    3.85932E-15
 2.65643E-07    3.80513E-15
 2.85444E-07    3.67168E-15
 2.95267E-07    3.60744E-15
 3.01577E-07    3.56826E-15
 3.08022E-07    3.53103E-15
 3.14604E-07    3.49531E-15
 3.26809E-07    3.43256E-15
 3.51170E-07    3.30992E-15
 3.60195E-07    3.26609E-15
 3.67892E-07    3.23097E-15
 3.75754E-07    3.19780E-15
 3.85411E-07    3.15952E-15
 4.24783E-07    3.01012E-15
 4.35699E-07    2.97001E-15
 4.43132E-07    2.94416E-15
 4.50692E-07    2.91951E-15
 4.60323E-07    2.89020E-15
 4.86339E-07    2.81547E-15
 5.20386E-07    2.71896E-15
 5.31507E-07    2.68876E-15
 5.40575E-07    2.66577E-15
 5.49797E-07    2.64398E-15
 5.63926E-07    2.61271E-15
 6.29470E-07    2.47265E-15
 6.42922E-07    2.44487E-15
 6.53891E-07    2.42383E-15
 6.65046E-07    2.40415E-15
 6.85028E-07    2.37109E-15
 7.64647E-07    2.24354E-15
 7.80988E-07    2.21861E-15
 7.90960E-07    2.20449E-15
 8.04453E-07    2.18707E-15
 8.25127E-07    2.16257E-15
 9.68977E-07    1.99766E-15
 9.81349E-07    1.98429E-15
 9.85508E-07    1.98039E-15
 9.89685E-07    1.97678E-15
 9.93879E-07    1.97408E-15
 9.98091E-07    1.97228E-15
 1.00232E-06    1.97197E-15
 1.00657E-06    1.97332E-15
 1.02000E-06    1.99279E-15
 1.03439E-06    2.04180E-15
 1.04898E-06    2.11375E-15
 1.06378E-06    2.19664E-15
 1.10945E-06    2.46135E-15
 1.12510E-06    2.55294E-15
 1.14097E-06    2.64857E-15
 1.15707E-06    2.75245E-15
 1.17339E-06    2.86726E-15
 1.18995E-06    2.99078E-15
 1.34985E-06    4.21977E-15
 1.36890E-06    4.36802E-15
 1.38821E-06    4.52586E-15
 1.40779E-06    4.70273E-15
 1.42765E-06    4.90150E-15
 1.50994E-06    5.77930E-15
 1.66552E-06    7.45080E-15
 1.68902E-06    7.72466E-15
 1.71285E-06    8.03735E-15
 1.76152E-06    8.74862E-15
 2.02643E-06    1.27146E-14
 2.05501E-06    1.31952E-14
 2.08401E-06    1.37491E-14
 2.43123E-06    2.09615E-14
 2.46553E-06    2.17050E-14
 2.50032E-06    2.25580E-14
 2.57136E-06    2.45666E-14
 2.95806E-06    3.57791E-14
 2.99979E-06    3.70758E-14
 3.04211E-06    3.86003E-14
 3.59904E-06    6.10763E-14
 3.64982E-06    6.33697E-14
 3.70131E-06    6.60934E-14
 4.37892E-06    1.04270E-13
 4.44070E-06    1.08298E-13
 5.03744E-06    1.52817E-13
 5.10000E-06    1.56054E-13
 5.17195E-06    1.56309E-13
 6.47147E-06    1.34679E-13
 7.76424E-06    1.19413E-13
 7.98487E-06    1.17368E-13
 9.99117E-06    1.00998E-13
 1.14937E-05    9.12811E-14
 1.37897E-05    8.00626E-14
 1.41815E-05    7.85471E-14
 1.67778E-05    6.94542E-14
 2.04134E-05    6.02743E-14
 2.44913E-05    5.28617E-14
 2.51872E-05    5.18709E-14
 2.97983E-05    4.58569E-14
 3.62553E-05    3.98025E-14
 4.34978E-05    3.49037E-14
 4.60049E-05    3.36386E-14
 5.29234E-05    3.02778E-14
 6.34955E-05    2.65708E-14
 6.43913E-05    2.62860E-14
 7.72544E-05    2.30466E-14
 8.28600E-05    2.20573E-14
 9.94124E-05    1.92167E-14
 1.06626E-04    1.82348E-14
 1.14362E-04    1.72275E-14
 1.37208E-04    1.49427E-14
 1.66685E-04    1.28336E-14
 1.99982E-04    1.11339E-14
 2.43317E-04    9.52445E-15
 2.64654E-04    8.96368E-15
 3.00000E-04    8.05393E-15
 3.58045E-04    6.97360E-15
 4.33458E-04    5.96853E-15
 5.24756E-04    5.10855E-15
 6.00000E-04    4.58075E-15
 7.69091E-04    3.72992E-15
 1.00000E-03    3.00155E-15
 1.12719E-03    2.71600E-15
 1.36461E-03    2.31546E-15
 1.65204E-03    1.97414E-15
 1.98900E-03    1.69757E-15
 2.00000E-03    1.68348E-15
 3.00000E-03    1.20112E-15
 6.00000E-03    6.82827E-16
 1.00000E-02    4.60750E-16
 2.00000E-02    2.87720E-16
 3.00000E-02    2.29005E-16
 6.00000E-02    1.72972E-16
 1.00000E-01    1.64608E-16
 2.00000E-01    1.63423E-16
 3.00000E-01    2.17432E-16
 4.00000E-01    3.06113E-16
 5.00000E-01    4.24984E-16
 6.00000E-01    6.18939E-16
 6.99969E-01    9.37687E-16
 8.00000E-01    1.33251E-15
 9.00000E-01    1.84972E-15
 1.00000E+00    2.26300E-15
 1.20000E+00    3.61495E-15
 1.40000E+00    6.82580E-15
 1.60000E+00    1.03577E-14
 1.80000E+00    1.68003E-14
 2.00000E+00    2.58468E-14
 2.20000E+00    3.84390E-14
 2.40000E+00    6.10624E-14
 2.60000E+00    9.29015E-14
 2.80000E+00    1.47002E-13
 3.00000E+00    2.31617E-13
 3.20000E+00    3.62029E-13
 3.40000E+00    5.80232E-13
 3.60000E+00    8.89782E-13
 3.80000E+00    1.38178E-12
 4.00000E+00    2.17848E-12
 4.20000E+00    3.30943E-12
 4.40000E+00    5.05637E-12
 4.60000E+00    7.53104E-12
 4.80000E+00    1.12876E-11
 5.00000E+00    1.69028E-11
 5.20000E+00    2.50658E-11
 5.40000E+00    3.68240E-11
 5.60000E+00    5.31202E-11
 5.80000E+00    7.56279E-11
 6.00000E+00    1.08681E-10
 6.20000E+00    1.57033E-10
 6.40000E+00    2.16132E-10
 6.60000E+00    3.01495E-10
 6.80000E+00    4.08020E-10
 7.00000E+00    5.65191E-10
 7.20000E+00    7.83921E-10
 7.40000E+00    1.02091E-09
 7.60000E+00    1.35065E-09
 7.80000E+00    1.76136E-09
 8.00000E+00    2.31624E-09
 8.50000E+00    4.46196E-09
 9.00000E+00    7.95406E-09
 9.50000E+00    1.44778E-08
 1.00000E+01    2.51110E-08
 1.01411E+01    3.04520E-08
 1.02842E+01    3.58691E-08
 1.04292E+01    4.13622E-08
 1.05000E+01    4.40418E-08
 1.06481E+01    5.32921E-08
 1.07984E+01    6.26719E-08
 1.09507E+01    7.21843E-08
 1.10000E+01    7.52616E-08
 1.11552E+01    8.98918E-08
 1.13126E+01    1.04729E-07
 1.14722E+01    1.19774E-07
 1.15000E+01    1.22398E-07
 1.16622E+01    1.45325E-07
 1.18268E+01    1.68575E-07
 1.19936E+01    1.92154E-07
 1.20000E+01    1.93054E-07
 1.21693E+01    2.24478E-07
 1.23410E+01    2.56346E-07
 1.25000E+01    2.85862E-07
 1.26764E+01    3.29191E-07
 1.28552E+01    3.73132E-07
 1.30000E+01    4.08710E-07
 1.31834E+01    4.67300E-07
 1.33694E+01    5.26717E-07
 1.35000E+01    5.68436E-07
 1.36905E+01    6.38232E-07
 1.38836E+01    7.09012E-07
 1.40000E+01    7.51665E-07
 1.41975E+01    8.44544E-07
 1.43978E+01    9.38731E-07
 1.45000E+01    9.86781E-07
 1.47046E+01    1.10700E-06
 1.49120E+01    1.22891E-06
 1.50000E+01    1.28061E-06
 1.52116E+01    1.45255E-06
 1.54262E+01    1.62693E-06
 1.56439E+01    1.80376E-06
 1.58646E+01    1.98309E-06
 1.60000E+01    2.09313E-06
 1.62257E+01    2.28952E-06
 1.64546E+01    2.48868E-06
 1.66868E+01    2.69066E-06
 1.69222E+01    2.89548E-06
 1.70000E+01    2.96316E-06
 1.72398E+01    3.29498E-06
 1.74831E+01    3.63147E-06
 1.77297E+01    3.97271E-06
 1.79799E+01    4.31877E-06
 1.80000E+01    4.34665E-06
 1.82539E+01    4.74290E-06
 1.85115E+01    5.14475E-06
 1.87726E+01    5.55228E-06
 1.90000E+01    5.90705E-06
 1.92681E+01    6.65727E-06
 1.95399E+01    7.41805E-06
 1.98156E+01    8.18960E-06
 2.00000E+01    8.70577E-06
 2.02822E+01    1.01856E-05
 2.05683E+01    1.16863E-05
 2.08585E+01    1.32081E-05
 2.10000E+01    1.39502E-05
 2.12963E+01    1.64874E-05
 2.15967E+01    1.90604E-05
 2.19014E+01    2.16697E-05
 2.20000E+01    2.25140E-05
 2.23104E+01    2.73907E-05
 2.26251E+01    3.23363E-05
 2.29443E+01    3.73514E-05
 2.30000E+01    3.82260E-05
 2.33245E+01    4.62490E-05
 2.36536E+01    5.43852E-05
 2.39873E+01    6.26361E-05
 2.40000E+01    6.29510E-05
 2.43386E+01    7.67769E-05
 2.46820E+01    9.07979E-05
 2.50000E+01    1.03784E-04
 2.53527E+01    1.25189E-04
 2.57104E+01    1.46896E-04
 2.60000E+01    1.64472E-04
 2.63668E+01    1.97563E-04
 2.67388E+01    2.31122E-04
 2.70000E+01    2.54685E-04
 2.73809E+01    2.99606E-04
 2.77672E+01    3.45160E-04
 2.80000E+01    3.72611E-04
 2.83950E+01    4.31257E-04
 2.87956E+01    4.90729E-04
 2.90000E+01    5.21069E-04
 2.94091E+01    5.97414E-04
 2.98240E+01    6.74838E-04
 3.00000E+01    7.07672E-04
