# n + Si 29 : (n,xp)    
# endfb8.0   M.B.Chadwick,P.G.Young,D.Hetrick  EVAL-JUN97
# 
# # energies =    68
#   E(MeV)        xs(mb) 
 1.31730E+00    0.00000E+00
 1.50000E+00    0.00000E+00
 1.75000E+00    0.00000E+00
 2.00000E+00    0.00000E+00
 2.09860E+00    0.00000E+00
 2.25000E+00    0.00000E+00
 2.50000E+00    0.00000E+00
 2.51040E+00    0.00000E+00
 2.75000E+00    0.00000E+00
 3.00000E+00    9.59020E-06
 3.17380E+00    2.78709E-03
 3.50000E+00    8.00010E-03
 3.74910E+00    5.50590E-01
 4.00000E+00    1.09710E+00
 4.22200E+00    4.14876E+00
 4.50000E+00    7.97078E+00
 4.90600E+00    2.01050E+01
 5.00000E+00    2.29173E+01
 5.00850E+00    2.31525E+01
 5.06540E+00    2.47273E+01
 5.10580E+00    2.58454E+01
 5.43790E+00    3.50430E+01
 5.47000E+00    3.59329E+01
 5.50000E+00    3.67646E+01
 5.84870E+00    4.51347E+01
 6.00000E+00    4.87667E+01
 6.01530E+00    4.91190E+01
 6.20890E+00    5.35766E+01
 6.50000E+00    6.02857E+01
 7.00000E+00    7.08335E+01
 7.50000E+00    8.03459E+01
 8.00000E+00    8.99813E+01
 8.50000E+00    1.33660E+02
 9.00000E+00    1.57705E+02
 9.50000E+00    1.78318E+02
 1.00000E+01    1.91637E+02
 1.10000E+01    1.92594E+02
 1.20000E+01    1.77596E+02
 1.30000E+01    1.55013E+02
 1.45000E+01    1.28646E+02
 1.60000E+01    1.14074E+02
 1.75000E+01    1.17558E+02
 2.00000E+01    1.42002E+02
 2.00000E+01    1.66735E+02
 2.20000E+01    1.93900E+02
 2.40000E+01    2.14526E+02
 2.60000E+01    2.45148E+02
 2.80000E+01    2.64877E+02
 3.00000E+01    2.82788E+02
 3.50000E+01    3.12286E+02
 4.00000E+01    3.36395E+02
 4.50000E+01    3.54039E+02
 5.00000E+01    3.75536E+02
 5.50000E+01    3.99680E+02
 6.00000E+01    4.18534E+02
 6.50000E+01    4.31287E+02
 7.00000E+01    4.45176E+02
 7.50000E+01    4.54139E+02
 8.00000E+01    4.60990E+02
 8.50000E+01    4.68729E+02
 9.00000E+01    4.74873E+02
 9.50000E+01    4.79908E+02
 1.00000E+02    4.84789E+02
 1.10000E+02    4.91364E+02
 1.20000E+02    5.06478E+02
 1.30000E+02    5.23169E+02
 1.40000E+02    5.40953E+02
 1.50000E+02    5.65424E+02
