# n + Tl203 : (n,n'29)  
# endfb8.0                                     EVAL-Oct11
# uncertainties: n
# # energies =    41
#   E(MeV)       xs(mb) 
 1.70443E+00    0.00000E+00
 1.80000E+00    1.33727E+01
 2.00000E+00    2.86029E+01
 2.25000E+00    3.76023E+01
 2.50000E+00    3.77860E+01
 2.75000E+00    3.55021E+01
 3.00000E+00    3.14465E+01
 3.30000E+00    2.55355E+01
 3.60000E+00    2.04807E+01
 4.00000E+00    1.37453E+01
 4.50000E+00    7.33847E+00
 5.00000E+00    3.58985E+00
 6.00000E+00    2.15776E+00
 7.00000E+00    1.44456E+00
 8.00000E+00    1.14089E+00
 8.30000E+00    1.13139E+00
 8.70000E+00    1.02500E+00
 9.00000E+00    9.66007E-01
 9.20000E+00    9.85615E-01
 1.00000E+01    8.81509E-01
 1.03000E+01    8.61637E-01
 1.10000E+01    1.37899E+00
 1.20000E+01    1.31803E+00
 1.30000E+01    1.16601E+00
 1.40000E+01    1.15249E+00
 1.50000E+01    1.02268E+00
 1.60000E+01    9.99902E-01
 1.70000E+01    9.70287E-01
 1.80000E+01    9.51276E-01
 1.90000E+01    8.41352E-01
 2.00000E+01    8.28693E-01
 2.10000E+01    7.31362E-01
 2.20000E+01    7.36457E-01
 2.30000E+01    8.38463E-01
 2.40000E+01    7.55473E-01
 2.50000E+01    7.55970E-01
 2.60000E+01    6.49405E-01
 2.70000E+01    7.65827E-01
 2.80000E+01    6.43378E-01
 2.90000E+01    6.29700E-01
 3.00000E+01    6.44830E-01
