# p + Mg  0 : (p,xh)
# tendl.2019 A.J. Koning                       EVAL-OCT19
#
# # energies =    53
#   E(MeV)          xs(mb) 
 4.97231E+00    0.00000E+00
 5.00000E+00    0.00000E+00
 5.20947E+00    0.00000E+00
 5.40533E+00    0.00000E+00
 6.00000E+00    0.00000E+00
 6.07106E+00    0.00000E+00
 6.79954E+00    0.00000E+00
 6.89468E+00    0.00000E+00
 7.00000E+00    0.00000E+00
 7.12138E+00    0.00000E+00
 7.12314E+00    0.00000E+00
 7.12427E+00    0.00000E+00
 7.42915E+00    0.00000E+00
 7.61636E+00    0.00000E+00
 8.00000E+00    0.00000E+00
 9.00000E+00    0.00000E+00
 1.00000E+01    0.00000E+00
 1.10000E+01    0.00000E+00
 1.20000E+01    8.73523E-08
 1.30000E+01    3.54566E-07
 1.40000E+01    3.43317E-04
 1.50000E+01    7.60186E-03
 1.60000E+01    3.37254E-02
 1.70000E+01    6.17023E-02
 1.80000E+01    8.62997E-02
 1.90000E+01    1.12268E-01
 2.00000E+01    1.70486E-01
 2.20000E+01    9.04360E-01
 2.40000E+01    2.09451E+00
 2.60000E+01    3.50007E+00
 2.80000E+01    5.41676E+00
 3.00000E+01    7.01789E+00
 3.00000E+01    7.01789E+00
 3.50000E+01    1.42645E+01
 4.00000E+01    1.93279E+01
 4.50000E+01    2.34986E+01
 5.00000E+01    2.60392E+01
 5.50000E+01    2.73641E+01
 6.00000E+01    2.76932E+01
 6.50000E+01    2.77907E+01
 7.00000E+01    2.78540E+01
 7.50000E+01    2.79336E+01
 8.00000E+01    2.80281E+01
 9.00000E+01    2.90600E+01
 1.00000E+02    3.07998E+01
 1.10000E+02    3.18856E+01
 1.20000E+02    3.32113E+01
 1.30000E+02    3.47998E+01
 1.40000E+02    3.65574E+01
 1.50000E+02    3.83950E+01
 1.60000E+02    4.03119E+01
 1.80000E+02    4.43664E+01
 2.00000E+02    4.83653E+01
