# n + Os  0 : (n,na)g
# tendl.2019 A.J. Koning and D. Rochman        EVAL-NOV19
# uncertainties: y
# # energies =   268
#   E(MeV)          xs(mb) 
 1.00000E-11    4.25073E-17
 1.03005E-11    4.19120E-17
 1.06099E-11    4.13268E-17
 1.09287E-11    4.07504E-17
 1.12571E-11    4.01822E-17
 1.15953E-11    3.96239E-17
 1.19437E-11    3.90736E-17
 1.23026E-11    3.85323E-17
 1.26722E-11    3.79991E-17
 1.30530E-11    3.74738E-17
 1.34452E-11    3.69575E-17
 1.38491E-11    3.64483E-17
 1.42652E-11    3.59480E-17
 1.46938E-11    3.54548E-17
 1.51353E-11    3.49695E-17
 1.55901E-11    3.44924E-17
 1.60585E-11    3.40230E-17
 1.65410E-11    3.35598E-17
 1.70380E-11    3.31046E-17
 1.75499E-11    3.26574E-17
 1.80772E-11    3.22161E-17
 1.86203E-11    3.17828E-17
 1.91798E-11    3.13557E-17
 1.97561E-11    3.09355E-17
 2.03497E-11    3.05223E-17
 2.09611E-11    3.01160E-17
 2.15909E-11    2.97158E-17
 2.22396E-11    2.93235E-17
 2.30049E-11    2.88813E-17
 2.37965E-11    2.84479E-17
 2.46154E-11    2.80218E-17
 2.54624E-11    2.76044E-17
 2.63386E-11    2.71942E-17
 2.72450E-11    2.67920E-17
 2.81825E-11    2.63977E-17
 2.91523E-11    2.60106E-17
 3.01555E-11    2.56306E-17
 3.11931E-11    2.52584E-17
 3.22665E-11    2.48924E-17
 3.33769E-11    2.45342E-17
 3.45254E-11    2.41832E-17
 3.57135E-11    2.38382E-17
 3.69424E-11    2.35001E-17
 3.82136E-11    2.31691E-17
 3.95286E-11    2.28442E-17
 4.08888E-11    2.25261E-17
 4.22959E-11    2.22141E-17
 4.37513E-11    2.19082E-17
 4.52569E-11    2.16091E-17
 4.68142E-11    2.13153E-17
 4.84251E-11    2.10274E-17
 5.00915E-11    2.07455E-17
 5.18152E-11    2.04695E-17
 5.35982E-11    2.01996E-17
 5.54426E-11    1.99348E-17
 5.73505E-11    1.96758E-17
 5.93239E-11    1.94221E-17
 6.13653E-11    1.91733E-17
 6.34770E-11    1.89304E-17
 6.56613E-11    1.86918E-17
 6.79208E-11    1.84590E-17
 7.02580E-11    1.82311E-17
 7.26757E-11    1.80083E-17
 7.51766E-11    1.77906E-17
 7.77635E-11    1.75777E-17
 8.04394E-11    1.73692E-17
 8.32074E-11    1.71653E-17
 8.60707E-11    1.69658E-17
 8.90325E-11    1.67710E-17
 9.20962E-11    1.65813E-17
 9.52653E-11    1.63955E-17
 9.85435E-11    1.62147E-17
 1.02367E-10    1.60154E-17
 1.06338E-10    1.58212E-17
 1.10463E-10    1.56328E-17
 1.14749E-10    1.54487E-17
 1.19200E-10    1.52703E-17
 1.23825E-10    1.50970E-17
 1.28628E-10    1.49280E-17
 1.33619E-10    1.47637E-17
 1.38802E-10    1.46044E-17
 1.44187E-10    1.44494E-17
 1.49781E-10    1.42985E-17
 1.55592E-10    1.41522E-17
 1.61628E-10    1.40102E-17
 1.67898E-10    1.38730E-17
 1.74412E-10    1.37392E-17
 1.81178E-10    1.36100E-17
 1.89005E-10    1.34703E-17
 1.97169E-10    1.33359E-17
 2.05686E-10    1.32060E-17
 2.14571E-10    1.30802E-17
 2.23840E-10    1.29591E-17
 2.33510E-10    1.28421E-17
 2.43597E-10    1.27300E-17
 2.54120E-10    1.26213E-17
 2.66220E-10    1.25064E-17
 2.78897E-10    1.23963E-17
 2.92178E-10    1.22905E-17
 3.06091E-10    1.21887E-17
 3.20667E-10    1.20917E-17
 3.35936E-10    1.19988E-17
 3.51933E-10    1.19094E-17
 3.70254E-10    1.18168E-17
 3.89529E-10    1.17280E-17
 4.09807E-10    1.16437E-17
 4.31141E-10    1.15633E-17
 4.55508E-10    1.14801E-17
 4.81252E-10    1.14014E-17
 5.08451E-10    1.13271E-17
 5.39463E-10    1.12510E-17
 5.72367E-10    1.11795E-17
 6.07279E-10    1.11116E-17
 6.47050E-10    1.10432E-17
 6.89426E-10    1.09791E-17
 7.37690E-10    1.09157E-17
 7.89333E-10    1.08558E-17
 8.48171E-10    1.07967E-17
 9.11395E-10    1.07410E-17
 9.83482E-10    1.06867E-17
 1.06127E-09    1.06366E-17
 1.15006E-09    1.05875E-17
 1.25157E-09    1.05397E-17
 1.36781E-09    1.04942E-17
 1.50117E-09    1.04505E-17
 1.65453E-09    1.04086E-17
 1.83128E-09    1.03688E-17
 2.03550E-09    1.03322E-17
 2.28171E-09    1.02964E-17
 2.56854E-09    1.02635E-17
 2.91599E-09    1.02318E-17
 3.33855E-09    1.02025E-17
 3.85482E-09    1.01755E-17
 4.50776E-09    1.01501E-17
 5.33859E-09    1.01273E-17
 6.43042E-09    1.01060E-17
 7.87768E-09    1.00868E-17
 9.89869E-09    1.00692E-17
 1.27578E-08    1.00539E-17
 1.70807E-08    1.00405E-17
 2.40588E-08    1.00286E-17
 2.52045E-08    1.00270E-17
 2.53000E-08    1.00270E-17
 3.87813E-08    1.00171E-17
 6.66367E-08    1.00101E-17
 1.40864E-07    1.00051E-17
 4.72153E-07    1.00012E-17
 3.16365E+00    1.00001E-17
 3.20000E+00    2.03698E-16
 3.38444E+00    3.03201E-12
 3.40000E+00    3.29075E-12
 3.60000E+00    5.52130E-11
 3.80000E+00    2.11865E-10
 4.00000E+00    6.25573E-10
 4.20000E+00    1.82561E-09
 4.40000E+00    4.36700E-09
 4.60000E+00    1.07125E-08
 4.80000E+00    2.48414E-08
 5.00000E+00    5.25263E-08
 5.20000E+00    1.13040E-07
 5.40000E+00    2.23052E-07
 5.60000E+00    4.32207E-07
 5.80000E+00    8.22199E-07
 6.00000E+00    1.48549E-06
 6.20000E+00    2.65405E-06
 6.40000E+00    4.24103E-06
 6.60000E+00    5.63900E-06
 6.80000E+00    6.72015E-06
 7.00000E+00    7.33833E-06
 7.40000E+00    7.86165E-06
 7.60000E+00    8.61621E-06
 7.80000E+00    9.80600E-06
 8.00000E+00    1.20416E-05
 8.50000E+00    2.46847E-05
 9.00000E+00    6.26366E-05
 9.50000E+00    1.52416E-04
 1.00000E+01    3.63745E-04
 1.01411E+01    4.87689E-04
 1.02842E+01    6.14622E-04
 1.04292E+01    7.44616E-04
 1.05000E+01    8.08472E-04
 1.06481E+01    1.03663E-03
 1.07984E+01    1.26558E-03
 1.09507E+01    1.49526E-03
 1.10000E+01    1.56904E-03
 1.11552E+01    1.96940E-03
 1.13126E+01    2.37036E-03
 1.14722E+01    2.77177E-03
 1.15000E+01    2.84124E-03
 1.16622E+01    3.57828E-03
 1.18268E+01    4.33049E-03
 1.19936E+01    5.09824E-03
 1.20000E+01    5.12765E-03
 1.21693E+01    6.40172E-03
 1.23410E+01    7.68604E-03
 1.25000E+01    8.86863E-03
 1.26764E+01    1.09568E-02
 1.28552E+01    1.30425E-02
 1.30000E+01    1.47077E-02
 1.31834E+01    1.85101E-02
 1.33694E+01    2.23807E-02
 1.35000E+01    2.51072E-02
 1.36905E+01    3.14420E-02
 1.38836E+01    3.78972E-02
 1.40000E+01    4.18022E-02
 1.41975E+01    5.25100E-02
 1.43978E+01    6.32290E-02
 1.45000E+01    6.86431E-02
 1.47046E+01    8.55613E-02
 1.49120E+01    1.02494E-01
 1.50000E+01    1.09607E-01
 1.52116E+01    1.44470E-01
 1.54262E+01    1.79952E-01
 1.56439E+01    2.16066E-01
 1.58646E+01    2.52826E-01
 1.60000E+01    2.75450E-01
 1.62257E+01    3.53242E-01
 1.64546E+01    4.31228E-01
 1.66868E+01    5.09386E-01
 1.69222E+01    5.87692E-01
 1.70000E+01    6.13354E-01
 1.72398E+01    7.65739E-01
 1.74831E+01    9.20230E-01
 1.77297E+01    1.07686E+00
 1.79799E+01    1.23564E+00
 1.80000E+01    1.24843E+00
 1.82539E+01    1.53133E+00
 1.85115E+01    1.81643E+00
 1.87726E+01    2.10371E+00
 1.90000E+01    2.35231E+00
 1.92681E+01    2.83249E+00
 1.95399E+01    3.31688E+00
 1.98156E+01    3.80546E+00
 2.00000E+01    4.13084E+00
 2.02822E+01    4.72104E+00
 2.05683E+01    5.31835E+00
 2.08585E+01    5.92286E+00
 2.10000E+01    6.21720E+00
 2.12963E+01    6.79662E+00
 2.15967E+01    7.38026E+00
 2.19014E+01    7.96806E+00
 2.20000E+01    8.15738E+00
 2.23104E+01    8.51214E+00
 2.26251E+01    8.87064E+00
 2.29443E+01    9.23289E+00
 2.30000E+01    9.29591E+00
 2.33245E+01    9.16697E+00
 2.36536E+01    9.03641E+00
 2.39873E+01    8.90422E+00
 2.40000E+01    8.89918E+00
 2.43386E+01    8.94567E+00
 2.46820E+01    8.99244E+00
 2.50000E+01    9.03542E+00
 2.53527E+01    9.01329E+00
 2.57104E+01    8.99087E+00
 2.60000E+01    8.97274E+00
 2.63668E+01    8.89937E+00
 2.67388E+01    8.82514E+00
 2.70000E+01    8.77310E+00
 2.73809E+01    8.65752E+00
 2.77672E+01    8.54030E+00
 2.80000E+01    8.46966E+00
 2.83950E+01    8.32605E+00
 2.87956E+01    8.18071E+00
 2.90000E+01    8.10667E+00
 2.94091E+01    7.90753E+00
 2.98240E+01    7.70595E+00
 3.00000E+01    7.62058E+00
