# n + U 235 : (n,n'24)  
# endfb8.0   IAEA CIELO Collaboration          EVAL-NOV17
# uncertainties: y
# # energies =    64
#   E(MeV)       xs(mb)       xslow(mb)      xsupp(mb)
 4.28586E-01    0.00000E+00    0.00000E+00    0.00000E+00
 4.40000E-01    3.79450E+00    3.79450E+00    3.79450E+00
 5.00000E-01    1.62302E+01    1.62302E+01    1.62302E+01
 5.40000E-01    2.24781E+01    2.24781E+01    2.24781E+01
 6.00000E-01    2.94388E+01    2.94388E+01    2.94388E+01
 6.40000E-01    3.25049E+01    3.25049E+01    3.25049E+01
 7.00000E-01    3.49587E+01    3.49587E+01    3.49587E+01
 7.61000E-01    3.56332E+01    3.56332E+01    3.56332E+01
 8.25000E-01    3.45247E+01    3.45247E+01    3.45247E+01
 9.00000E-01    3.13651E+01    3.13651E+01    3.13651E+01
 9.58000E-01    2.79713E+01    2.79713E+01    2.79713E+01
 1.04000E+00    2.44551E+01    2.44551E+01    2.44551E+01
 1.10000E+00    2.20676E+01    2.20676E+01    2.20676E+01
 1.16900E+00    1.94398E+01    1.94398E+01    1.94398E+01
 1.40000E+00    1.31898E+01    1.31898E+01    1.31898E+01
 1.55500E+00    1.03152E+01    1.03152E+01    1.03152E+01
 1.72700E+00    7.74231E+00    7.74231E+00    7.74231E+00
 2.00000E+00    4.65561E+00    4.65561E+00    4.65561E+00
 2.17100E+00    3.28905E+00    3.28905E+00    3.28905E+00
 2.37000E+00    2.15475E+00    2.15475E+00    2.15475E+00
 2.60000E+00    1.30627E+00    1.30627E+00    1.30627E+00
 2.92700E+00    6.45056E-01    6.45056E-01    6.45056E-01
 3.34400E+00    2.64242E-01    2.64242E-01    2.64242E-01
 3.92700E+00    7.83769E-02    7.83769E-02    7.83769E-02
 4.40000E+00    3.01070E-02    3.01070E-02    3.01070E-02
 4.89700E+00    1.12102E-02    1.12102E-02    1.12102E-02
 5.38200E+00    4.41497E-03    4.41497E-03    4.41497E-03
 5.50000E+00    3.52834E-03    3.52834E-03    3.52834E-03
 5.60000E+00    2.91337E-03    2.91337E-03    2.91337E-03
 5.70000E+00    2.40638E-03    2.40638E-03    2.40638E-03
 5.85000E+00    1.80686E-03    1.80686E-03    1.80686E-03
 6.00000E+00    1.35879E-03    1.35879E-03    1.35879E-03
 6.40000E+00    6.42947E-04    6.42947E-04    6.42947E-04
 7.00000E+00    2.16011E-04    2.16011E-04    2.16011E-04
 7.40000E+00    1.05911E-04    1.05911E-04    1.05911E-04
 7.76000E+00    5.65839E-05    5.65839E-05    5.65839E-05
 8.40000E+00    1.93122E-05    1.93122E-05    1.93122E-05
 9.00000E+00    7.29496E-06    7.29496E-06    7.29496E-06
 9.37000E+00    4.06672E-06    4.06672E-06    4.06672E-06
 1.00000E+01    1.53605E-06    1.53605E-06    1.53605E-06
 1.10000E+01    3.60860E-07    3.60860E-07    3.60860E-07
 1.14700E+01    1.89550E-07    1.89550E-07    1.89550E-07
 1.21000E+01    7.97770E-08    7.97770E-08    7.97770E-08
 1.25000E+01    4.72520E-08    4.72520E-08    4.72520E-08
 1.28600E+01    3.02130E-08    3.02130E-08    3.02130E-08
 1.35000E+01    1.35460E-08    1.35460E-08    1.35460E-08
 1.40000E+01    7.45140E-09    7.45140E-09    7.45140E-09
 1.45000E+01    3.83860E-09    3.83860E-09    3.83860E-09
 1.50000E+01    1.93450E-09    1.93450E-09    1.93450E-09
 1.60000E+01    5.06880E-10    5.06880E-10    5.06880E-10
 1.70000E+01    1.39950E-10    1.39950E-10    1.39950E-10
 1.80000E+01    4.03190E-11    4.03190E-11    4.03190E-11
 1.90000E+01    1.26410E-11    1.26410E-11    1.26410E-11
 2.00000E+01    3.79710E-12    3.79710E-12    3.79710E-12
 2.10000E+01    1.24570E-12    1.24570E-12    1.24570E-12
 2.20000E+01    4.18140E-13    4.18140E-13    4.18140E-13
 2.30000E+01    1.43990E-13    1.43990E-13    1.43990E-13
 2.40000E+01    5.08910E-14    5.08910E-14    5.08910E-14
 2.50000E+01    1.41370E-14    1.41370E-14    1.41370E-14
 2.60000E+01    4.96030E-15    4.96030E-15    4.96030E-15
 2.70000E+01    1.77340E-15    1.77340E-15    1.77340E-15
 2.80000E+01    6.47550E-16    6.47550E-16    6.47550E-16
 2.90000E+01    2.39560E-16    2.39560E-16    2.39560E-16
 3.00000E+01    9.04180E-17    9.04180E-17    9.04180E-17
