# n + Pd102 : (n,n'13)  
# tendl.2019 A.J. Koning and D. Rochman        EVAL-NOV19
# uncertainties: n
# # energies =    76
#   E(MeV)       xs(mb) 
 2.31728E+00    0.00000E+00
 2.32406E+00    1.92161E+00
 2.36614E+00    1.38482E+01
 2.40000E+00    2.34451E+01
 2.41487E+00    2.51811E+01
 2.45557E+00    2.99326E+01
 2.49884E+00    3.49841E+01
 2.50485E+00    3.56857E+01
 2.51465E+00    3.68298E+01
 2.55807E+00    4.18988E+01
 2.57140E+00    4.34550E+01
 2.57877E+00    4.43154E+01
 2.59978E+00    4.67682E+01
 2.60000E+00    4.67939E+01
 2.60847E+00    4.66881E+01
 2.63230E+00    4.63906E+01
 2.63662E+00    4.63366E+01
 2.67758E+00    4.58251E+01
 2.68704E+00    4.57070E+01
 2.69604E+00    4.55946E+01
 2.80000E+00    4.42964E+01
 3.00000E+00    4.03132E+01
 3.20000E+00    3.64055E+01
 3.40000E+00    3.24521E+01
 3.60000E+00    2.84815E+01
 3.80000E+00    2.45840E+01
 4.00000E+00    2.08863E+01
 4.20000E+00    1.75521E+01
 4.40000E+00    1.46389E+01
 4.60000E+00    1.20963E+01
 4.80000E+00    9.91183E+00
 5.00000E+00    8.06798E+00
 5.20000E+00    6.53362E+00
 5.40000E+00    5.27271E+00
 5.60000E+00    4.24699E+00
 5.80000E+00    3.41812E+00
 6.00000E+00    2.75083E+00
 6.20000E+00    2.21498E+00
 6.40000E+00    1.78502E+00
 6.60000E+00    1.43989E+00
 6.80000E+00    1.16383E+00
 7.00000E+00    9.32777E-01
 7.20000E+00    7.54849E-01
 7.40000E+00    6.10746E-01
 7.60000E+00    4.95220E-01
 7.80000E+00    4.02508E-01
 8.00000E+00    3.26659E-01
 8.50000E+00    1.95776E-01
 9.00000E+00    1.18152E-01
 9.50000E+00    7.18158E-02
 1.00000E+01    4.39836E-02
 1.05000E+01    2.71353E-02
 1.10000E+01    1.68524E-02
 1.15000E+01    1.05117E-02
 1.20000E+01    6.58342E-03
 1.25000E+01    4.13721E-03
 1.30000E+01    2.61380E-03
 1.35000E+01    1.65702E-03
 1.40000E+01    1.05609E-03
 1.45000E+01    6.75998E-04
 1.50000E+01    4.34489E-04
 1.60000E+01    1.81678E-04
 1.70000E+01    7.72163E-05
 1.80000E+01    3.33634E-05
 1.90000E+01    1.46620E-05
 2.00000E+01    6.57349E-06
 2.10000E+01    2.98518E-06
 2.20000E+01    1.36124E-06
 2.30000E+01    6.38110E-07
 2.40000E+01    3.03060E-07
 2.50000E+01    1.45730E-07
 2.60000E+01    7.09140E-08
 2.70000E+01    3.49050E-08
 2.80000E+01    1.73490E-08
 2.90000E+01    8.70640E-09
 3.00000E+01    4.41570E-09
