# n + Se 80 : (n,el)    
# endfb8.0   JNDC FP Nuclear Data W.G.         EVAL-MAR90
# uncertainties: n
# # energies =   171
#   E(MeV)       xs(mb) 
 1.00000E-11    1.30717E+04
 1.00000E-07    6.95580E+03
 4.13990E-07    6.95124E+03
 5.31580E-07    6.95065E+03
 6.82560E-07    6.94989E+03
 8.76420E-07    6.94891E+03
 1.12540E-06    6.94765E+03
 1.44500E-06    6.94605E+03
 1.85540E-06    6.94446E+03
 2.37240E-06    6.94266E+03
 3.05900E-06    6.94032E+03
 3.92790E-06    6.93734E+03
 5.04350E-06    6.93352E+03
 6.47600E-06    6.92861E+03
 8.31530E-06    6.92231E+03
 1.06770E-05    6.91422E+03
 1.37100E-05    6.90382E+03
 1.76030E-05    6.89048E+03
 2.26030E-05    6.87310E+03
 2.92030E-05    6.85105E+03
 3.72670E-05    6.82310E+03
 4.78510E-05    6.78683E+03
 6.14420E-05    6.74025E+03
 7.88930E-05    6.68045E+03
 1.01300E-04    6.60367E+03
 1.30070E-04    6.50506E+03
 1.67020E-04    6.37846E+03
 2.14450E-04    6.21591E+03
 2.75360E-04    6.00642E+03
 3.53580E-04    5.72404E+03
 4.54000E-04    5.35306E+03
 5.82950E-04    4.84349E+03
 7.48520E-04    4.11841E+03
 9.61120E-04    3.00623E+03
 1.23410E-03    1.24057E+03
 1.58460E-03    1.73161E+05
 2.03470E-03    8.06075E+04
 2.24870E-03    2.29108E+04
 2.48520E-03    1.51499E+04
 2.61260E-03    1.24945E+04
 2.74650E-03    9.77698E+03
 3.03540E-03    6.99225E+03
 3.35460E-03    4.26572E+03
 3.70740E-03    5.52048E+04
 4.30740E-03    6.89622E+04
 5.53080E-03    2.29839E+04
 7.10170E-03    1.18077E+04
 9.11880E-03    1.15656E+04
 1.17090E-02    1.19735E+04
 1.50340E-02    1.12901E+04
 1.93050E-02    1.08242E+04
 2.18750E-02    1.05926E+04
 2.35790E-02    1.04803E+04
 2.41760E-02    1.04259E+04
 2.47880E-02    1.03445E+04
 2.60580E-02    1.02534E+04
 2.70000E-02    1.01599E+04
 2.85000E-02    9.99304E+03
 3.18280E-02    9.81198E+03
 3.43070E-02    9.57849E+03
 4.08680E-02    9.31178E+03
 4.63090E-02    9.10102E+03
 5.24750E-02    8.93885E+03
 5.65620E-02    8.74481E+03
 6.73790E-02    8.56306E+03
 7.20000E-02    8.44250E+03
 7.95000E-02    8.34489E+03
 8.25000E-02    8.28529E+03
 8.65170E-02    8.16665E+03
 9.80370E-02    8.05767E+03
 1.11090E-01    8.03976E+03
 1.16790E-01    8.02865E+03
 1.22770E-01    8.01697E+03
 1.29070E-01    8.00468E+03
 1.35690E-01    7.99177E+03
 1.42640E-01    7.97820E+03
 1.49960E-01    7.96393E+03
 1.57640E-01    7.94893E+03
 1.65730E-01    7.93229E+03
 1.74220E-01    7.91239E+03
 1.83160E-01    7.89132E+03
 1.92550E-01    7.86919E+03
 2.02420E-01    7.84591E+03
 2.12800E-01    7.81969E+03
 2.23710E-01    7.78900E+03
 2.35180E-01    7.75668E+03
 2.47240E-01    7.70459E+03
 2.73240E-01    7.64481E+03
 2.87250E-01    7.61165E+03
 2.94520E-01    7.59616E+03
 2.97200E-01    7.58998E+03
 2.98500E-01    7.58259E+03
 3.01970E-01    7.51500E+03
 3.33730E-01    7.37729E+03
 3.68830E-01    7.27344E+03
 3.87740E-01    7.20933E+03
 4.07620E-01    7.10679E+03
 4.50490E-01    6.97197E+03
 4.97870E-01    6.86062E+03
 5.23400E-01    6.76220E+03
 5.50230E-01    6.65811E+03
 5.78440E-01    6.55778E+03
 6.08100E-01    6.46105E+03
 6.39280E-01    6.36003E+03
 6.72060E-01    6.19688E+03
 7.06510E-01    5.96839E+03
 7.42740E-01    5.75537E+03
 7.80820E-01    5.55340E+03
 8.20850E-01    5.36551E+03
 8.62940E-01    5.18248E+03
 9.07180E-01    4.99696E+03
 9.61640E-01    4.83389E+03
 1.00260E+00    4.61556E+03
 1.10800E+00    4.39689E+03
 1.16480E+00    4.25592E+03
 1.22460E+00    4.12155E+03
 1.28730E+00    3.99702E+03
 1.35340E+00    3.87407E+03
 1.42270E+00    3.75091E+03
 1.49570E+00    3.58180E+03
 1.57240E+00    3.40890E+03
 1.65300E+00    3.24452E+03
 1.73770E+00    3.09389E+03
 1.82680E+00    2.95649E+03
 1.92050E+00    2.82603E+03
 2.01900E+00    2.69587E+03
 2.12250E+00    2.57770E+03
 2.23130E+00    2.49182E+03
 2.30690E+00    2.44159E+03
 2.34570E+00    2.41745E+03
 2.36530E+00    2.40114E+03
 2.38520E+00    2.36173E+03
 2.46600E+00    2.28808E+03
 2.59240E+00    2.20848E+03
 2.72530E+00    2.14259E+03
 2.86500E+00    2.08633E+03
 3.01190E+00    2.04285E+03
 3.16640E+00    2.01749E+03
 3.32870E+00    2.00794E+03
 3.67880E+00    2.03079E+03
 4.06570E+00    2.09925E+03
 4.49330E+00    2.17207E+03
 4.72370E+00    2.22344E+03
 4.96590E+00    2.27968E+03
 5.22050E+00    2.34717E+03
 5.48810E+00    2.41859E+03
 5.76950E+00    2.49346E+03
 6.06530E+00    2.56559E+03
 6.37630E+00    2.62590E+03
 6.59240E+00    2.66330E+03
 6.70320E+00    2.71465E+03
 7.04690E+00    2.77969E+03
 7.40820E+00    2.83866E+03
 7.78800E+00    2.89705E+03
 8.18730E+00    2.93288E+03
 8.60710E+00    2.96534E+03
 9.04840E+00    2.97806E+03
 9.51230E+00    2.97686E+03
 1.00000E+01    2.96700E+03
 1.05130E+01    2.92168E+03
 1.10520E+01    2.84875E+03
 1.16180E+01    2.79428E+03
 1.22140E+01    2.68250E+03
 1.28400E+01    2.57330E+03
 1.34990E+01    2.52649E+03
 1.38400E+01    2.49293E+03
 1.41910E+01    2.43765E+03
 1.45500E+01    2.37983E+03
 1.49180E+01    2.29337E+03
 1.56830E+01    2.17722E+03
 1.64870E+01    2.06218E+03
