# n + Se 80 : (n,n'05)  
# endfb8.0   JNDC FP Nuclear Data W.G.         EVAL-MAR90
# uncertainties: n
# # energies =   339
#   E(MeV)       xs(mb) 
 1.89705E+00    0.00000E+00
 1.89772E+00    1.88250E-01
 1.89905E+00    5.61807E-01
 1.90037E+00    9.29527E-01
 1.90295E+00    1.65347E+00
 1.90546E+00    2.35480E+00
 1.90790E+00    3.03420E+00
 1.91026E+00    3.69237E+00
 1.91485E+00    4.96759E+00
 1.91915E+00    6.16309E+00
 1.92320E+00    7.28389E+00
 1.92700E+00    8.33463E+00
 1.93415E+00    1.03048E+01
 1.94043E+00    1.20286E+01
 1.94594E+00    1.35370E+01
 1.95077E+00    1.48569E+01
 1.95926E+00    1.71666E+01
 1.96565E+00    1.88989E+01
 1.97527E+00    2.14973E+01
 1.98494E+00    2.40957E+01
 1.99246E+00    2.58993E+01
 2.00000E+00    2.77028E+01
 2.00894E+00    2.93388E+01
 2.01735E+00    3.08726E+01
 2.03322E+00    3.37485E+01
 2.04721E+00    3.62648E+01
 2.05953E+00    3.84667E+01
 2.07037E+00    4.03933E+01
 2.08948E+00    4.37648E+01
 2.10393E+00    4.62934E+01
 2.11483E+00    4.81899E+01
 2.13128E+00    5.10347E+01
 2.14787E+00    5.38794E+01
 2.17107E+00    5.58122E+01
 2.19158E+00    5.75034E+01
 2.20969E+00    5.89832E+01
 2.24173E+00    6.15729E+01
 2.26606E+00    6.35151E+01
 2.30307E+00    6.64284E+01
 2.34067E+00    6.93418E+01
 2.37369E+00    6.97353E+01
 2.44904E+00    6.89837E+01
 2.52679E+00    6.82321E+01
 2.54603E+00    6.79295E+01
 2.60257E+00    6.59014E+01
 2.66036E+00    6.38733E+01
 2.70564E+00    6.21874E+01
 2.75170E+00    6.05014E+01
 2.80932E+00    5.87037E+01
 2.84972E+00    5.72587E+01
 2.86116E+00    5.68736E+01
 2.86288E+00    5.68083E+01
 2.87210E+00    5.64484E+01
 2.89985E+00    5.51650E+01
 2.94197E+00    5.32398E+01
 2.98470E+00    5.13146E+01
 3.00000E+00    5.07100E+01
 3.03143E+00    4.96215E+01
 3.06318E+00    4.85331E+01
 3.07705E+00    4.79805E+01
 3.12104E+00    4.65285E+01
 3.16566E+00    4.50765E+01
 3.21548E+00    4.37252E+01
 3.23988E+00    4.30021E+01
 3.26732E+00    4.22458E+01
 3.28950E+00    4.16020E+01
 3.32180E+00    4.06216E+01
 3.35846E+00    3.94158E+01
 3.39269E+00    3.83758E+01
 3.43380E+00    3.71490E+01
 3.46671E+00    3.63486E+01
 3.52928E+00    3.48479E+01
 3.58494E+00    3.35347E+01
 3.63437E+00    3.23857E+01
 3.67818E+00    3.13803E+01
 3.71695E+00    3.05006E+01
 3.75121E+00    2.97308E+01
 3.81191E+00    2.83838E+01
 3.85809E+00    2.73735E+01
 3.89309E+00    2.66158E+01
 3.94618E+00    2.54792E+01
 4.00000E+00    2.43426E+01
 4.05618E+00    2.34248E+01
 4.10956E+00    2.25645E+01
 4.16024E+00    2.17578E+01
 4.20833E+00    2.10016E+01
 4.25391E+00    2.02927E+01
 4.29709E+00    1.96280E+01
 4.33797E+00    1.90050E+01
 4.37665E+00    1.84208E+01
 4.41323E+00    1.78732E+01
 4.44779E+00    1.73597E+01
 4.48044E+00    1.68784E+01
 4.54232E+00    1.59759E+01
 4.59715E+00    1.51863E+01
 4.64568E+00    1.44953E+01
 4.68856E+00    1.38907E+01
 4.72640E+00    1.33617E+01
 4.75976E+00    1.28988E+01
 4.81872E+00    1.20887E+01
 4.86341E+00    1.14812E+01
 4.89721E+00    1.10255E+01
 4.94834E+00    1.03420E+01
 5.00000E+00    9.65854E+00
 5.05730E+00    9.25564E+00
 5.11162E+00    8.87793E+00
 5.16307E+00    8.52382E+00
 5.21177E+00    8.19184E+00
 5.25785E+00    7.88061E+00
 5.30142E+00    7.58884E+00
 5.34260E+00    7.31530E+00
 5.38149E+00    7.05885E+00
 5.41820E+00    6.81844E+00
 5.45285E+00    6.59304E+00
 5.51842E+00    6.17044E+00
 5.57644E+00    5.80066E+00
 5.62770E+00    5.47710E+00
 5.67295E+00    5.19398E+00
 5.71283E+00    4.94626E+00
 5.74796E+00    4.72950E+00
 5.77888E+00    4.53984E+00
 5.83338E+00    4.20793E+00
 5.87460E+00    3.95899E+00
 5.90570E+00    3.77229E+00
 5.95266E+00    3.49224E+00
 6.00000E+00    3.21219E+00
 6.05809E+00    3.07603E+00
 6.11305E+00    2.94839E+00
 6.16504E+00    2.82872E+00
 6.21417E+00    2.71653E+00
 6.26059E+00    2.61135E+00
 6.30443E+00    2.51275E+00
 6.34580E+00    2.42031E+00
 6.38483E+00    2.33364E+00
 6.42165E+00    2.25240E+00
 6.49124E+00    2.10006E+00
 6.55276E+00    1.96676E+00
 6.60706E+00    1.85013E+00
 6.65495E+00    1.74807E+00
 6.69713E+00    1.65877E+00
 6.73426E+00    1.58064E+00
 6.76692E+00    1.51227E+00
 6.82445E+00    1.39263E+00
 6.86792E+00    1.30289E+00
 6.90070E+00    1.23559E+00
 6.95018E+00    1.13464E+00
 7.00000E+00    1.03369E+00
 7.05866E+00    9.90188E-01
 7.11411E+00    9.49405E-01
 7.16648E+00    9.11172E-01
 7.21593E+00    8.75327E-01
 7.26261E+00    8.41723E-01
 7.30663E+00    8.10219E-01
 7.34815E+00    7.80685E-01
 7.42663E+00    7.25307E-01
 7.49600E+00    6.76851E-01
 7.55722E+00    6.34453E-01
 7.61120E+00    5.97354E-01
 7.65874E+00    5.64893E-01
 7.70059E+00    5.36489E-01
 7.73740E+00    5.11636E-01
 7.80223E+00    4.68143E-01
 7.85121E+00    4.35523E-01
 7.88814E+00    4.11058E-01
 7.94388E+00    3.74360E-01
 8.00000E+00    3.37663E-01
 8.05911E+00    3.23327E-01
 8.11492E+00    3.09887E-01
 8.16759E+00    2.97287E-01
 8.21729E+00    2.85474E-01
 8.26415E+00    2.74400E-01
 8.30832E+00    2.64018E-01
 8.39179E+00    2.44551E-01
 8.46551E+00    2.27518E-01
 8.53054E+00    2.12614E-01
 8.58786E+00    1.99573E-01
 8.63833E+00    1.88162E-01
 8.68273E+00    1.78177E-01
 8.72177E+00    1.69441E-01
 8.79051E+00    1.54152E-01
 8.84242E+00    1.42685E-01
 8.88155E+00    1.34085E-01
 8.94058E+00    1.21185E-01
 9.00000E+00    1.08285E-01
 9.05946E+00    1.03602E-01
 9.11556E+00    9.92122E-02
 9.16847E+00    9.50966E-02
 9.21836E+00    9.12381E-02
 9.26537E+00    8.76208E-02
 9.35416E+00    8.08384E-02
 9.43255E+00    7.49038E-02
 9.50168E+00    6.97110E-02
 9.56259E+00    6.51673E-02
 9.61620E+00    6.11916E-02
 9.66336E+00    5.77128E-02
 9.70481E+00    5.46689E-02
 9.77778E+00    4.93421E-02
 9.83287E+00    4.53469E-02
 9.87439E+00    4.23506E-02
 9.93699E+00    3.78560E-02
 1.00000E+01    3.33615E-02
 1.01146E+01    3.13521E-02
 1.02232E+01    2.94683E-02
 1.03261E+01    2.77022E-02
 1.04235E+01    2.60466E-02
 1.05157E+01    2.44944E-02
 1.06028E+01    2.30392E-02
 1.06852E+01    2.16749E-02
 1.07630E+01    2.03959E-02
 1.08364E+01    1.91969E-02
 1.09057E+01    1.80728E-02
 1.09711E+01    1.70189E-02
 1.10327E+01    1.60310E-02
 1.10908E+01    1.51047E-02
 1.11456E+01    1.42364E-02
 1.11971E+01    1.34223E-02
 1.12457E+01    1.26591E-02
 1.12914E+01    1.19436E-02
 1.13345E+01    1.12729E-02
 1.13750E+01    1.06440E-02
 1.14513E+01    9.46493E-03
 1.15185E+01    8.43322E-03
 1.15776E+01    7.53048E-03
 1.16296E+01    6.74058E-03
 1.16752E+01    6.04942E-03
 1.17153E+01    5.44465E-03
 1.17506E+01    4.91548E-03
 1.17815E+01    4.45245E-03
 1.18085E+01    4.04731E-03
 1.18561E+01    3.33830E-03
 1.18919E+01    2.80655E-03
 1.19189E+01    2.40773E-03
 1.19391E+01    2.10862E-03
 1.19695E+01    1.65995E-03
 1.20000E+01    1.21129E-03
 1.21162E+01    1.13862E-03
 1.22261E+01    1.07050E-03
 1.23301E+01    1.00663E-03
 1.24283E+01    9.46757E-04
 1.25212E+01    8.90624E-04
 1.26089E+01    8.37999E-04
 1.26916E+01    7.88663E-04
 1.27697E+01    7.42411E-04
 1.28433E+01    6.99050E-04
 1.29127E+01    6.58399E-04
 1.29781E+01    6.20288E-04
 1.30397E+01    5.84559E-04
 1.30978E+01    5.51064E-04
 1.31524E+01    5.19661E-04
 1.32039E+01    4.90222E-04
 1.32523E+01    4.62622E-04
 1.32978E+01    4.36748E-04
 1.33836E+01    3.88233E-04
 1.34592E+01    3.45782E-04
 1.35256E+01    3.08638E-04
 1.35840E+01    2.76137E-04
 1.36353E+01    2.47699E-04
 1.36804E+01    2.22815E-04
 1.37199E+01    2.01042E-04
 1.37546E+01    1.81990E-04
 1.37851E+01    1.65320E-04
 1.38385E+01    1.36147E-04
 1.38787E+01    1.14268E-04
 1.39089E+01    9.78582E-05
 1.39316E+01    8.55510E-05
 1.39658E+01    6.70902E-05
 1.40000E+01    4.86295E-05
 1.40605E+01    4.64500E-05
 1.41746E+01    4.23633E-05
 1.42753E+01    3.87875E-05
 1.43639E+01    3.56587E-05
 1.44419E+01    3.29209E-05
 1.45105E+01    3.05254E-05
 1.45708E+01    2.84293E-05
 1.46238E+01    2.65953E-05
 1.46703E+01    2.49904E-05
 1.47520E+01    2.21820E-05
 1.48136E+01    2.00757E-05
 1.48600E+01    1.84960E-05
 1.49298E+01    1.61264E-05
 1.50000E+01    1.37568E-05
 1.51215E+01    1.26216E-05
 1.52286E+01    1.16283E-05
 1.53230E+01    1.07591E-05
 1.54060E+01    9.99858E-06
 1.54790E+01    9.33313E-06
 1.55432E+01    8.75087E-06
 1.55996E+01    8.24138E-06
 1.56987E+01    7.34979E-06
 1.57735E+01    6.68109E-06
 1.58298E+01    6.17957E-06
 1.59147E+01    5.42728E-06
 1.60000E+01    4.67500E-06
 1.61182E+01    4.42618E-06
 1.62298E+01    4.19291E-06
 1.63352E+01    3.97422E-06
 1.64346E+01    3.76920E-06
 1.65283E+01    3.57699E-06
 1.66166E+01    3.39679E-06
 1.66999E+01    3.22786E-06
 1.67783E+01    3.06948E-06
 1.68522E+01    2.92101E-06
 1.69217E+01    2.78181E-06
 1.70529E+01    2.52082E-06
 1.71685E+01    2.29245E-06
 1.72703E+01    2.09262E-06
 1.73599E+01    1.91778E-06
 1.74386E+01    1.76479E-06
 1.75078E+01    1.63092E-06
 1.75686E+01    1.51379E-06
 1.76220E+01    1.41130E-06
 1.77157E+01    1.23194E-06
 1.77864E+01    1.09742E-06
 1.78395E+01    9.96530E-07
 1.79196E+01    8.45200E-07
 1.79597E+01    7.69530E-07
 1.80000E+01    6.93860E-07
 1.81189E+01    6.56950E-07
 1.82311E+01    6.22340E-07
 1.83369E+01    5.89900E-07
 1.84367E+01    5.59480E-07
 1.85307E+01    5.30970E-07
 1.86193E+01    5.04230E-07
 1.87027E+01    4.79170E-07
 1.87813E+01    4.55680E-07
 1.89295E+01    4.11620E-07
 1.90601E+01    3.73070E-07
 1.91751E+01    3.39340E-07
 1.92763E+01    3.09830E-07
 1.93654E+01    2.84010E-07
 1.94436E+01    2.61410E-07
 1.95123E+01    2.41640E-07
 1.95726E+01    2.24340E-07
 1.96786E+01    1.94060E-07
 1.97584E+01    1.71360E-07
 1.98186E+01    1.54330E-07
 1.98638E+01    1.41560E-07
 1.99318E+01    1.22400E-07
 2.00000E+01    1.03240E-07
