# n + Hf182 : (n,tot)   
# endfb8.0   K. Shibata (JAEA)                 EVAL-JUL09
# uncertainties: n
# # energies =    69
#   E(MeV)       xs(mb) 
 1.00000E-10    9.38506E+05
 5.00000E-09    2.61120E+05
 1.00000E-08    1.99777E+05
 1.50000E-08    1.69188E+05
 2.00000E-08    1.49755E+05
 2.50000E-08    1.36056E+05
 3.00000E-08    1.25759E+05
 3.50000E-08    1.16279E+05
 4.20000E-08    1.07009E+05
 5.00000E-08    9.93369E+04
 5.80000E-08    9.29445E+04
 6.70000E-08    8.64117E+04
 8.00000E-08    7.89238E+04
 1.00000E-07    6.97603E+04
 1.40000E-07    6.13548E+04
 1.80000E-07    5.55964E+04
 2.20000E-07    5.18192E+04
 2.50000E-07    4.93177E+04
 2.80000E-07    4.75085E+04
 3.00000E-07    4.62273E+04
 3.20000E-07    4.47936E+04
 3.50000E-07    4.27975E+04
 4.00000E-07    3.97953E+04
 5.00000E-07    3.64466E+04
 6.25000E-07    3.35061E+04
 7.80000E-07    3.16058E+04
 8.50000E-07    3.06975E+04
 9.10000E-07    3.00577E+04
 9.50000E-07    2.96857E+04
 9.72000E-07    2.94235E+04
 9.96000E-07    2.91665E+04
 1.02000E-06    2.89261E+04
 1.04500E-06    2.86865E+04
 1.07100E-06    2.84528E+04
 1.09700E-06    2.82234E+04
 1.12300E-06    2.79969E+04
 1.15000E-06    2.73113E+04
 1.30000E-06    2.61076E+04
 1.50000E-06    2.40764E+04
 2.10000E-06    2.19724E+04
 2.60000E-06    2.05495E+04
 3.30000E-06    1.92883E+04
 4.00000E-06    1.66447E+04
 9.87700E-06    1.41235E+04
 1.59680E-05    1.27515E+04
 2.77000E-05    1.16446E+04
 4.80520E-05    3.38805E+04
 7.55014E-05    6.74800E+04
 1.48728E-04    4.75871E+04
 3.67262E-04    3.20638E+04
 9.06898E-04    2.48001E+04
 1.42510E-03    2.10900E+04
 2.23945E-03    1.78405E+04
 3.51910E-03    1.53965E+04
 5.53000E-03    1.34076E+04
 9.11800E-03    1.19113E+04
 1.50300E-02    1.06096E+04
 2.47800E-02    9.54122E+03
 4.08500E-02    8.72417E+03
 6.73400E-02    8.06521E+03
 1.11000E-01    7.59308E+03
 1.83000E-01    7.11666E+03
 3.02000E-01    6.78037E+03
 5.00000E-01    6.61737E+03
 8.21000E-01    6.74287E+03
 1.35300E+00    6.99177E+03
 2.23100E+00    6.82785E+03
 3.67900E+00    6.04586E+03
 6.06500E+00    5.22160E+03
