# p + Ni 58 : (p,xg)    
# tendl.2019 A.J. Koning                       EVAL-OCT19
# 
# # energies =    48
#   E(MeV)        xs(mb) 
 9.50582E+00    0.00000E+00
 9.71234E+00    0.00000E+00
 9.95717E+00    0.00000E+00
 1.00000E+01    0.00000E+00
 1.05756E+01    0.00000E+00
 1.09585E+01    0.00000E+00
 1.10000E+01    0.00000E+00
 1.10823E+01    0.00000E+00
 1.11819E+01    0.00000E+00
 1.11870E+01    0.00000E+00
 1.16067E+01    0.00000E+00
 1.16118E+01    0.00000E+00
 1.17135E+01    0.00000E+00
 1.20000E+01    0.00000E+00
 1.30000E+01    0.00000E+00
 1.40000E+01    0.00000E+00
 1.50000E+01    0.00000E+00
 1.60000E+01    0.00000E+00
 1.70000E+01    0.00000E+00
 1.80000E+01    0.00000E+00
 1.90000E+01    0.00000E+00
 2.00000E+01    0.00000E+00
 2.20000E+01    0.00000E+00
 2.40000E+01    0.00000E+00
 2.60000E+01    0.00000E+00
 2.80000E+01    0.00000E+00
 3.00000E+01    0.00000E+00
 3.00000E+01    7.99072E+02
 3.50000E+01    7.50459E+02
 4.00000E+01    8.57171E+02
 4.50000E+01    8.42478E+02
 5.00000E+01    8.30886E+02
 5.50000E+01    8.31765E+02
 6.00000E+01    8.02866E+02
 6.50000E+01    7.77148E+02
 7.00000E+01    7.53468E+02
 7.50000E+01    7.32905E+02
 8.00000E+01    7.14206E+02
 9.00000E+01    6.83092E+02
 1.00000E+02    6.57571E+02
 1.10000E+02    6.36900E+02
 1.20000E+02    6.21331E+02
 1.30000E+02    6.08863E+02
 1.40000E+02    5.96799E+02
 1.50000E+02    5.88061E+02
 1.60000E+02    5.78580E+02
 1.80000E+02    5.62962E+02
 2.00000E+02    5.44710E+02
