# n + Xe126 : (n,n'01)  
# jendl4.0   S.Kunieda, A.Ichihara, K.Shibata+ EVAL-FEB22
# uncertainties: n
# # energies =    52
#   E(MeV)       xs(mb) 
 3.91748E-01    0.00000E+00
 4.00000E-01    1.19100E+02
 4.50000E-01    3.73900E+02
 5.00000E-01    5.45100E+02
 5.50000E-01    6.68300E+02
 6.00000E-01    7.63900E+02
 6.50000E-01    8.42300E+02
 7.00000E-01    9.08700E+02
 7.50000E-01    9.66700E+02
 8.00000E-01    1.01800E+03
 8.50000E-01    1.06400E+03
 9.00000E-01    1.07000E+03
 9.50000E-01    1.05700E+03
 1.00000E+00    1.05000E+03
 1.20000E+00    1.05500E+03
 1.40000E+00    1.01600E+03
 1.60000E+00    9.55700E+02
 1.80000E+00    8.67300E+02
 2.00000E+00    8.59300E+02
 2.20000E+00    7.35100E+02
 2.40000E+00    6.25400E+02
 2.60000E+00    5.33200E+02
 2.80000E+00    4.57600E+02
 3.00000E+00    3.97300E+02
 3.25000E+00    3.42900E+02
 3.50000E+00    3.00100E+02
 3.75000E+00    2.72100E+02
 4.00000E+00    2.51300E+02
 4.25000E+00    2.37300E+02
 4.50000E+00    2.27000E+02
 4.75000E+00    2.19000E+02
 5.00000E+00    2.12600E+02
 5.50000E+00    2.01600E+02
 6.00000E+00    1.91000E+02
 6.50000E+00    1.80400E+02
 7.00000E+00    1.70200E+02
 7.50000E+00    1.60800E+02
 8.00000E+00    1.52600E+02
 8.50000E+00    1.45600E+02
 9.00000E+00    1.39500E+02
 9.50000E+00    1.34100E+02
 1.00000E+01    1.29300E+02
 1.10000E+01    1.20700E+02
 1.20000E+01    1.13000E+02
 1.30000E+01    1.06000E+02
 1.40000E+01    9.98100E+01
 1.50000E+01    9.44800E+01
 1.60000E+01    8.98600E+01
 1.70000E+01    8.58600E+01
 1.80000E+01    8.23600E+01
 1.90000E+01    7.92700E+01
 2.00000E+01    7.64700E+01
