# n + Si 29 : (n,el)    
# jendl4.0   K.Shibata, S.Kunieda              EVAL-AUG07
# uncertainties: n
# # energies =   616
#   E(MeV)       xs(mb) 
 1.00000E-11    2.71385E+04
 1.04713E-11    2.65257E+04
 1.09648E-11    2.59265E+04
 1.14815E-11    2.53418E+04
 1.20226E-11    2.47697E+04
 1.25893E-11    2.42115E+04
 1.31826E-11    2.36654E+04
 1.38038E-11    2.31326E+04
 1.44544E-11    2.26114E+04
 1.51356E-11    2.21027E+04
 1.58489E-11    2.16055E+04
 1.65959E-11    2.11196E+04
 1.73780E-11    2.06452E+04
 1.81970E-11    2.01814E+04
 1.90546E-11    1.97288E+04
 1.99526E-11    1.92860E+04
 2.08930E-11    1.88541E+04
 2.18776E-11    1.84316E+04
 2.29087E-11    1.80194E+04
 2.39883E-11    1.76163E+04
 2.51189E-11    1.72229E+04
 2.63027E-11    1.68384E+04
 2.75423E-11    1.64628E+04
 2.88403E-11    1.60962E+04
 3.01995E-11    1.57377E+04
 3.16228E-11    1.53881E+04
 3.31131E-11    1.50461E+04
 3.46737E-11    1.47125E+04
 3.63078E-11    1.43864E+04
 3.80189E-11    1.40682E+04
 3.98107E-11    1.37572E+04
 4.16869E-11    1.34536E+04
 4.36516E-11    1.31572E+04
 4.57088E-11    1.28675E+04
 4.78630E-11    1.25850E+04
 5.01187E-11    1.23088E+04
 5.24807E-11    1.20395E+04
 5.49541E-11    1.17762E+04
 5.75440E-11    1.15195E+04
 6.02560E-11    1.12685E+04
 6.30957E-11    1.10238E+04
 6.60693E-11    1.07848E+04
 6.91831E-11    1.05515E+04
 7.24436E-11    1.03239E+04
 7.58578E-11    1.01015E+04
 7.94328E-11    9.88480E+03
 8.31764E-11    9.67300E+03
 8.70964E-11    9.46662E+03
 9.12011E-11    9.26496E+03
 9.54993E-11    9.06845E+03
 1.00000E-10    8.87654E+03
 1.04713E-10    8.68944E+03
 1.09648E-10    8.50690E+03
 1.14815E-10    8.32879E+03
 1.20226E-10    8.15521E+03
 1.25893E-10    7.98575E+03
 1.31826E-10    7.82072E+03
 1.38038E-10    7.65958E+03
 1.44544E-10    7.50276E+03
 1.51356E-10    7.34969E+03
 1.58489E-10    7.20046E+03
 1.65959E-10    7.05519E+03
 1.73780E-10    6.91344E+03
 1.81970E-10    6.77541E+03
 1.90546E-10    6.64099E+03
 1.99526E-10    6.50989E+03
 2.08930E-10    6.38236E+03
 2.18776E-10    6.25813E+03
 2.29087E-10    6.13706E+03
 2.39883E-10    6.01937E+03
 2.51189E-10    5.90471E+03
 2.63027E-10    5.79309E+03
 2.75423E-10    5.68461E+03
 2.88403E-10    5.57896E+03
 3.01995E-10    5.47622E+03
 3.16228E-10    5.37639E+03
 3.31131E-10    5.27920E+03
 3.46737E-10    5.18483E+03
 3.63078E-10    5.09312E+03
 3.80189E-10    5.00391E+03
 3.98107E-10    4.91741E+03
 4.16869E-10    4.83334E+03
 4.36516E-10    4.75166E+03
 4.57088E-10    4.67241E+03
 4.78630E-10    4.59557E+03
 5.01187E-10    4.52097E+03
 5.24807E-10    4.44858E+03
 5.49541E-10    4.37848E+03
 5.75440E-10    4.31053E+03
 6.02560E-10    4.24464E+03
 6.30957E-10    4.18083E+03
 6.60693E-10    4.11914E+03
 6.91831E-10    4.05936E+03
 7.24436E-10    4.00150E+03
 7.58578E-10    3.94551E+03
 7.94328E-10    3.89143E+03
 8.31764E-10    3.83917E+03
 8.70964E-10    3.78866E+03
 9.12011E-10    3.73987E+03
 9.54993E-10    3.69275E+03
 1.00000E-09    3.64729E+03
 1.04713E-09    3.60346E+03
 1.09648E-09    3.56119E+03
 1.14815E-09    3.52046E+03
 1.20226E-09    3.48121E+03
 1.25892E-09    3.44340E+03
 1.31826E-09    3.40700E+03
 1.38038E-09    3.37199E+03
 1.44544E-09    3.33831E+03
 1.51356E-09    3.30592E+03
 1.58489E-09    3.27480E+03
 1.65959E-09    3.24492E+03
 1.73780E-09    3.21621E+03
 1.81970E-09    3.18865E+03
 1.90546E-09    3.16222E+03
 1.99526E-09    3.13685E+03
 2.08930E-09    3.11253E+03
 2.18776E-09    3.08923E+03
 2.29087E-09    3.06689E+03
 2.39883E-09    3.04549E+03
 2.51189E-09    3.02501E+03
 2.63027E-09    3.00540E+03
 2.75423E-09    2.98666E+03
 2.88403E-09    2.96870E+03
 3.01995E-09    2.95151E+03
 3.16228E-09    2.93505E+03
 3.31131E-09    2.91934E+03
 3.46737E-09    2.90435E+03
 3.63078E-09    2.89003E+03
 3.80189E-09    2.87626E+03
 3.98107E-09    2.86313E+03
 4.16869E-09    2.85065E+03
 4.36516E-09    2.83867E+03
 4.57088E-09    2.82718E+03
 4.78630E-09    2.81630E+03
 5.01187E-09    2.80590E+03
 5.24807E-09    2.79585E+03
 5.49541E-09    2.78639E+03
 5.75440E-09    2.77731E+03
 6.02560E-09    2.76856E+03
 6.30957E-09    2.76037E+03
 6.60693E-09    2.75234E+03
 6.91831E-09    2.74485E+03
 7.24436E-09    2.73759E+03
 7.58578E-09    2.73069E+03
 7.94328E-09    2.72414E+03
 8.31764E-09    2.71779E+03
 8.70964E-09    2.71184E+03
 9.12011E-09    2.70603E+03
 9.54993E-09    2.70062E+03
 1.00000E-08    2.69532E+03
 1.04713E-08    2.69038E+03
 1.09648E-08    2.68560E+03
 1.14815E-08    2.68099E+03
 1.20226E-08    2.67673E+03
 1.25893E-08    2.67244E+03
 1.31826E-08    2.66862E+03
 1.38038E-08    2.66470E+03
 1.44544E-08    2.66115E+03
 1.51356E-08    2.65772E+03
 1.58489E-08    2.65429E+03
 1.65959E-08    2.65128E+03
 1.73780E-08    2.64820E+03
 1.81970E-08    2.64528E+03
 1.90546E-08    2.64266E+03
 1.99526E-08    2.63992E+03
 2.08930E-08    2.63742E+03
 2.18776E-08    2.63514E+03
 2.29087E-08    2.63276E+03
 2.39883E-08    2.63044E+03
 2.51189E-08    2.62843E+03
 2.63027E-08    2.62659E+03
 2.75423E-08    2.62467E+03
 2.88403E-08    2.62271E+03
 3.01995E-08    2.62109E+03
 3.16228E-08    2.61950E+03
 3.31131E-08    2.61784E+03
 3.46737E-08    2.61623E+03
 3.63078E-08    2.61493E+03
 3.80189E-08    2.61360E+03
 3.98107E-08    2.61220E+03
 4.16869E-08    2.61083E+03
 4.36516E-08    2.60976E+03
 4.57088E-08    2.60868E+03
 4.78630E-08    2.60755E+03
 5.01187E-08    2.60637E+03
 5.24807E-08    2.60540E+03
 5.49541E-08    2.60456E+03
 5.75440E-08    2.60368E+03
 6.02560E-08    2.60277E+03
 6.30957E-08    2.60181E+03
 6.60693E-08    2.60103E+03
 6.91831E-08    2.60039E+03
 7.24436E-08    2.59971E+03
 7.58578E-08    2.59901E+03
 7.94328E-08    2.59827E+03
 8.31764E-08    2.59752E+03
 8.70964E-08    2.59701E+03
 9.12011E-08    2.59652E+03
 9.54993E-08    2.59602E+03
 1.00000E-07    2.59548E+03
 1.04713E-07    2.59493E+03
 1.09648E-07    2.59434E+03
 1.14815E-07    2.59386E+03
 1.20226E-07    2.59352E+03
 1.25893E-07    2.59318E+03
 1.31826E-07    2.59281E+03
 1.38038E-07    2.59243E+03
 1.44544E-07    2.59203E+03
 1.51356E-07    2.59161E+03
 1.58489E-07    2.59118E+03
 1.65959E-07    2.59090E+03
 1.73780E-07    2.59068E+03
 1.81970E-07    2.59045E+03
 1.90546E-07    2.59021E+03
 1.99526E-07    2.58996E+03
 2.08930E-07    2.58969E+03
 2.18776E-07    2.58941E+03
 2.29087E-07    2.58912E+03
 2.39883E-07    2.58882E+03
 2.51189E-07    2.58859E+03
 2.63027E-07    2.58846E+03
 2.75423E-07    2.58833E+03
 2.88403E-07    2.58819E+03
 3.01995E-07    2.58805E+03
 3.16228E-07    2.58790E+03
 3.31131E-07    2.58774E+03
 3.46737E-07    2.58758E+03
 3.63078E-07    2.58740E+03
 3.80189E-07    2.58722E+03
 3.98107E-07    2.58703E+03
 4.16869E-07    2.58683E+03
 4.36516E-07    2.58671E+03
 4.57088E-07    2.58665E+03
 4.78630E-07    2.58659E+03
 5.01187E-07    2.58652E+03
 5.24807E-07    2.58645E+03
 5.49541E-07    2.58638E+03
 5.75440E-07    2.58631E+03
 6.02560E-07    2.58623E+03
 6.30957E-07    2.58615E+03
 6.60693E-07    2.58606E+03
 6.91831E-07    2.58597E+03
 7.24436E-07    2.58588E+03
 7.58578E-07    2.58578E+03
 7.94328E-07    2.58568E+03
 8.31764E-07    2.58557E+03
 8.70964E-07    2.58546E+03
 9.12011E-07    2.58536E+03
 9.54993E-07    2.58535E+03
 1.00000E-06    2.58535E+03
 1.04713E-06    2.58535E+03
 1.09648E-06    2.58535E+03
 1.14815E-06    2.58535E+03
 1.20226E-06    2.58535E+03
 1.25893E-06    2.58535E+03
 1.31826E-06    2.58535E+03
 1.38038E-06    2.58535E+03
 1.44544E-06    2.58535E+03
 1.51356E-06    2.58535E+03
 1.58489E-06    2.58535E+03
 1.65959E-06    2.58535E+03
 1.73780E-06    2.58535E+03
 1.81970E-06    2.58535E+03
 1.90546E-06    2.58535E+03
 1.99526E-06    2.58535E+03
 2.08930E-06    2.58535E+03
 2.18776E-06    2.58535E+03
 2.29087E-06    2.58535E+03
 2.39883E-06    2.58535E+03
 2.51189E-06    2.58535E+03
 2.63027E-06    2.58535E+03
 2.75423E-06    2.58535E+03
 2.88403E-06    2.58535E+03
 3.01995E-06    2.58535E+03
 3.16228E-06    2.58535E+03
 3.31131E-06    2.58535E+03
 3.46737E-06    2.58534E+03
 3.63078E-06    2.58534E+03
 3.80189E-06    2.58534E+03
 3.98107E-06    2.58534E+03
 4.16869E-06    2.58534E+03
 4.36516E-06    2.58534E+03
 4.57088E-06    2.58534E+03
 4.78630E-06    2.58534E+03
 5.01187E-06    2.58534E+03
 5.24807E-06    2.58534E+03
 5.49541E-06    2.58534E+03
 5.75440E-06    2.58534E+03
 6.02560E-06    2.58533E+03
 6.30957E-06    2.58533E+03
 6.60693E-06    2.58533E+03
 6.91831E-06    2.58533E+03
 7.24436E-06    2.58533E+03
 7.58578E-06    2.58533E+03
 7.94328E-06    2.58533E+03
 8.31764E-06    2.58533E+03
 8.70964E-06    2.58532E+03
 9.12011E-06    2.58532E+03
 9.54993E-06    2.58532E+03
 1.00000E-05    2.58532E+03
 1.04713E-05    2.58532E+03
 1.09648E-05    2.58532E+03
 1.14815E-05    2.58531E+03
 1.20226E-05    2.58531E+03
 1.25893E-05    2.58531E+03
 1.31826E-05    2.58531E+03
 1.38038E-05    2.58530E+03
 1.44544E-05    2.58530E+03
 1.51356E-05    2.58530E+03
 1.58489E-05    2.58530E+03
 1.65959E-05    2.58529E+03
 1.73780E-05    2.58529E+03
 1.81970E-05    2.58529E+03
 1.90546E-05    2.58528E+03
 1.99526E-05    2.58528E+03
 2.08930E-05    2.58528E+03
 2.18776E-05    2.58527E+03
 2.29087E-05    2.58527E+03
 2.39883E-05    2.58526E+03
 2.51189E-05    2.58526E+03
 2.63027E-05    2.58525E+03
 2.75423E-05    2.58525E+03
 2.88403E-05    2.58524E+03
 3.01995E-05    2.58524E+03
 3.16228E-05    2.58523E+03
 3.31131E-05    2.58523E+03
 3.46737E-05    2.58522E+03
 3.63078E-05    2.58521E+03
 3.80189E-05    2.58521E+03
 3.98107E-05    2.58520E+03
 4.16869E-05    2.58519E+03
 4.36516E-05    2.58518E+03
 4.57088E-05    2.58518E+03
 4.78630E-05    2.58517E+03
 5.01187E-05    2.58516E+03
 5.24807E-05    2.58515E+03
 5.49541E-05    2.58514E+03
 5.75440E-05    2.58513E+03
 6.02560E-05    2.58512E+03
 6.30957E-05    2.58511E+03
 6.60693E-05    2.58509E+03
 6.91831E-05    2.58508E+03
 7.24436E-05    2.58507E+03
 7.58578E-05    2.58506E+03
 7.94328E-05    2.58504E+03
 8.31764E-05    2.58503E+03
 8.70964E-05    2.58501E+03
 9.12011E-05    2.58499E+03
 9.54993E-05    2.58498E+03
 1.00000E-04    2.58496E+03
 1.04713E-04    2.58494E+03
 1.09648E-04    2.58492E+03
 1.14815E-04    2.58490E+03
 1.20226E-04    2.58488E+03
 1.25893E-04    2.58486E+03
 1.31826E-04    2.58483E+03
 1.38038E-04    2.58481E+03
 1.44544E-04    2.58478E+03
 1.51356E-04    2.58475E+03
 1.58489E-04    2.58473E+03
 1.65959E-04    2.58470E+03
 1.73780E-04    2.58466E+03
 1.81970E-04    2.58463E+03
 1.90546E-04    2.58460E+03
 1.99526E-04    2.58456E+03
 2.08930E-04    2.58452E+03
 2.18776E-04    2.58448E+03
 2.29087E-04    2.58444E+03
 2.39883E-04    2.58440E+03
 2.51189E-04    2.58435E+03
 2.63027E-04    2.58431E+03
 2.75423E-04    2.58426E+03
 2.88403E-04    2.58421E+03
 3.01995E-04    2.58415E+03
 3.16228E-04    2.58409E+03
 3.31131E-04    2.58404E+03
 3.46737E-04    2.58397E+03
 3.63078E-04    2.58391E+03
 3.80189E-04    2.58384E+03
 3.98107E-04    2.58377E+03
 4.16869E-04    2.58369E+03
 4.36516E-04    2.58361E+03
 4.57088E-04    2.58353E+03
 4.78630E-04    2.58345E+03
 5.01187E-04    2.58336E+03
 5.24807E-04    2.58326E+03
 5.49541E-04    2.58316E+03
 5.75440E-04    2.58306E+03
 6.02560E-04    2.58295E+03
 6.30957E-04    2.58284E+03
 6.60693E-04    2.58272E+03
 6.91831E-04    2.58259E+03
 7.24436E-04    2.58246E+03
 7.58578E-04    2.58233E+03
 7.94328E-04    2.58218E+03
 8.31764E-04    2.58203E+03
 8.70964E-04    2.58188E+03
 9.12011E-04    2.58171E+03
 9.54993E-04    2.58154E+03
 1.00000E-03    2.58136E+03
 1.04713E-03    2.58117E+03
 1.09648E-03    2.58098E+03
 1.14815E-03    2.58077E+03
 1.20226E-03    2.58055E+03
 1.25893E-03    2.58033E+03
 1.31826E-03    2.58009E+03
 1.38038E-03    2.57984E+03
 1.44544E-03    2.57958E+03
 1.51356E-03    2.57931E+03
 1.58489E-03    2.57902E+03
 1.65959E-03    2.57873E+03
 1.73780E-03    2.57841E+03
 1.81970E-03    2.57809E+03
 1.90546E-03    2.57774E+03
 1.99526E-03    2.57738E+03
 2.08930E-03    2.57701E+03
 2.18776E-03    2.57661E+03
 2.29087E-03    2.57620E+03
 2.39883E-03    2.57577E+03
 2.51189E-03    2.57532E+03
 2.63027E-03    2.57485E+03
 2.75423E-03    2.57435E+03
 2.88403E-03    2.57383E+03
 3.01995E-03    2.57329E+03
 3.16228E-03    2.57272E+03
 3.31131E-03    2.57212E+03
 3.46737E-03    2.57150E+03
 3.63078E-03    2.57085E+03
 3.80189E-03    2.57016E+03
 3.98107E-03    2.56945E+03
 4.16869E-03    2.56870E+03
 4.36516E-03    2.56791E+03
 4.57088E-03    2.56709E+03
 4.78630E-03    2.56623E+03
 5.01187E-03    2.56533E+03
 5.24807E-03    2.56438E+03
 5.49541E-03    2.56339E+03
 5.75440E-03    2.56236E+03
 6.02560E-03    2.56127E+03
 6.30957E-03    2.56014E+03
 6.60693E-03    2.55895E+03
 6.91831E-03    2.55771E+03
 7.24436E-03    2.55640E+03
 7.58578E-03    2.55504E+03
 7.94328E-03    2.55361E+03
 8.31764E-03    2.55211E+03
 8.70964E-03    2.55055E+03
 9.12011E-03    2.54890E+03
 9.54993E-03    2.54719E+03
 1.00000E-02    2.54539E+03
 1.04713E-02    2.54350E+03
 1.09648E-02    2.54153E+03
 1.14815E-02    2.53947E+03
 1.20226E-02    2.53730E+03
 1.25893E-02    2.53504E+03
 1.31826E-02    2.53267E+03
 1.38038E-02    2.53164E+03
 1.44544E-02    2.55457E+03
 1.51356E-02    5.10505E+03
 1.58489E-02    2.52643E+03
 1.65959E-02    2.51883E+03
 1.73780E-02    2.51502E+03
 1.81970E-02    2.51193E+03
 1.90546E-02    2.50870E+03
 1.99526E-02    2.50531E+03
 2.08930E-02    2.50177E+03
 2.18776E-02    2.49806E+03
 2.29087E-02    2.49417E+03
 2.39883E-02    2.49011E+03
 2.51189E-02    2.48585E+03
 2.63027E-02    2.48139E+03
 2.75423E-02    2.47671E+03
 2.88403E-02    2.47182E+03
 3.01995E-02    2.46670E+03
 3.16228E-02    2.46134E+03
 3.31131E-02    2.45591E+03
 3.46737E-02    2.45574E+03
 3.63078E-02    2.49431E+03
 3.80189E-02    8.08289E+03
 3.98107E-02    2.48696E+03
 4.16869E-02    2.43791E+03
 4.36516E-02    2.42253E+03
 4.57088E-02    2.41342E+03
 4.78630E-02    2.40450E+03
 5.01187E-02    2.39515E+03
 5.24807E-02    2.38536E+03
 5.49541E-02    2.37517E+03
 5.75440E-02    2.36573E+03
 6.02560E-02    2.35632E+03
 6.30957E-02    2.34646E+03
 6.60693E-02    2.33615E+03
 6.91831E-02    2.32534E+03
 7.24436E-02    2.31403E+03
 7.58578E-02    2.30218E+03
 7.94328E-02    2.28978E+03
 8.31764E-02    2.27679E+03
 8.70964E-02    2.26319E+03
 9.12011E-02    2.24895E+03
 9.54993E-02    2.23403E+03
 1.00000E-01    2.21842E+03
 1.04713E-01    2.20207E+03
 1.09648E-01    2.18533E+03
 1.14815E-01    2.16929E+03
 1.20226E-01    2.15265E+03
 1.25893E-01    2.13523E+03
 1.31826E-01    2.11732E+03
 1.38038E-01    2.10453E+03
 1.44544E-01    2.10789E+03
 1.51356E-01    2.48942E+03
 1.58489E-01    4.74001E+03
 1.65959E-01    2.02662E+03
 1.73780E-01    1.96369E+03
 1.81970E-01    2.21263E+03
 1.90546E-01    1.89940E+03
 1.99526E-01    1.86028E+03
 2.08930E-01    1.82019E+03
 2.18776E-01    1.77831E+03
 2.29087E-01    1.73325E+03
 2.39883E-01    1.68177E+03
 2.51189E-01    1.62491E+03
 2.63027E-01    1.55920E+03
 2.75423E-01    1.48231E+03
 2.88403E-01    1.39063E+03
 3.01995E-01    1.28280E+03
 3.16228E-01    1.21082E+03
 3.31131E-01    2.21663E+03
 3.46737E-01    4.91790E+02
 3.63078E-01    5.54348E+02
 3.80189E-01    4.45291E+03
 3.98107E-01    4.40081E+03
 4.16869E-01    3.29134E+03
 4.36516E-01    2.80461E+03
 4.57088E-01    2.59475E+03
 4.78630E-01    2.58734E+03
 5.01187E-01    2.88836E+03
 5.24807E-01    3.86788E+03
 5.49541E-01    5.80580E+03
 5.75440E-01    4.70843E+03
 6.02560E-01    3.69449E+03
 6.30957E-01    4.78165E+03
 6.60693E-01    3.48975E+03
 6.91831E-01    2.84871E+03
 7.24436E-01    2.86404E+03
 7.58578E-01    2.47965E+03
 7.94328E-01    2.75928E+03
 8.31764E-01    2.36565E+03
 8.70964E-01    3.19362E+03
 9.12011E-01    2.31948E+03
 9.54993E-01    2.32404E+03
 1.00000E+00    2.07880E+03
 1.04713E+00    2.38144E+03
 1.09648E+00    3.98810E+03
 1.14815E+00    3.09032E+03
 1.20226E+00    4.23631E+03
 1.25893E+00    3.17448E+03
 1.31826E+00    3.46534E+03
 1.38038E+00    3.36198E+03
 1.44544E+00    3.25482E+03
 1.51356E+00    3.18020E+03
 1.58489E+00    3.12087E+03
 1.65959E+00    3.05875E+03
 1.73780E+00    2.99369E+03
 1.81970E+00    2.92557E+03
 1.90546E+00    2.85424E+03
 1.99526E+00    2.79972E+03
 2.08930E+00    2.75261E+03
 2.18776E+00    2.68123E+03
 2.29087E+00    2.60631E+03
 2.39883E+00    2.52789E+03
 2.51189E+00    2.45453E+03
 2.63027E+00    2.38484E+03
 2.75423E+00    2.31187E+03
 2.88403E+00    2.23586E+03
 3.01995E+00    2.18019E+03
 3.16228E+00    2.12177E+03
 3.31131E+00    2.04066E+03
 3.46737E+00    1.96328E+03
 3.63078E+00    1.89736E+03
 3.80189E+00    1.81076E+03
 3.98107E+00    1.73394E+03
 4.16869E+00    1.67871E+03
 4.36516E+00    1.60775E+03
 4.57088E+00    1.54477E+03
 4.78630E+00    1.48267E+03
 5.01187E+00    1.42209E+03
 5.24807E+00    1.35214E+03
 5.49541E+00    1.27922E+03
 5.75440E+00    1.21627E+03
 6.02560E+00    1.16609E+03
 6.30957E+00    1.11215E+03
 6.60693E+00    1.06484E+03
 6.91831E+00    1.00455E+03
 7.24436E+00    9.60407E+02
 7.58578E+00    9.14209E+02
 7.94328E+00    8.74138E+02
 8.31764E+00    8.42978E+02
 8.70964E+00    8.11497E+02
 9.12011E+00    7.86431E+02
 9.54993E+00    7.66089E+02
 1.00000E+01    7.53162E+02
 1.04713E+01    7.45687E+02
 1.09648E+01    7.41396E+02
 1.14815E+01    7.41592E+02
 1.20226E+01    7.45599E+02
 1.25893E+01    7.53270E+02
 1.31826E+01    7.65489E+02
 1.38038E+01    7.81195E+02
 1.44544E+01    8.02032E+02
 1.51356E+01    8.27359E+02
 1.58489E+01    8.55920E+02
 1.65959E+01    8.86784E+02
 1.73780E+01    9.18339E+02
 1.81970E+01    9.50075E+02
 1.90546E+01    9.81759E+02
 1.99526E+01    5.14234E+01
