# p + K  41 : (p,pa)    
# tendl.2019 A.J. Koning                       EVAL-OCT19
# uncertainties: y
# # energies =    19
#   E(MeV)       xs(mb)       xslow(mb)      xsupp(mb)
 6.43105E+00    0.00000E+00   -0.00000E+00    0.00000E+00
 8.00000E+00    4.57208E-16    0.00000E+00    1.19574E-15
 9.00000E+00    4.66515E-08    0.00000E+00    1.22008E-07
 1.00000E+01    6.05374E-04    3.45435E-04    8.65313E-04
 1.10000E+01    1.31728E-01    7.51659E-02    1.88290E-01
 1.20000E+01    2.74141E+00    1.56429E+00    3.91853E+00
 1.30000E+01    1.00032E+01    5.70797E+00    1.42984E+01
 1.40000E+01    1.53618E+01    1.03382E+01    2.03854E+01
 1.50000E+01    2.02420E+01    1.36224E+01    2.68616E+01
 1.60000E+01    2.18145E+01    1.46807E+01    2.89483E+01
 1.70000E+01    2.39639E+01    1.61272E+01    3.18006E+01
 1.80000E+01    2.25324E+01    1.54814E+01    2.95834E+01
 1.90000E+01    2.30311E+01    1.58241E+01    3.02381E+01
 2.00000E+01    2.36221E+01    1.62301E+01    3.10141E+01
 2.20000E+01    2.60014E+01    1.63306E+01    3.56722E+01
 2.40000E+01    2.96998E+01    1.86534E+01    4.07462E+01
 2.60000E+01    3.35726E+01    1.91934E+01    4.79518E+01
 2.80000E+01    3.38810E+01    1.93697E+01    4.83923E+01
 3.00000E+01    3.07775E+01    1.75955E+01    4.39595E+01
