# p + Te126 : (p,pa)    
# tendl.2019 A.J. Koning                       EVAL-OCT19
# uncertainties: y
# # energies =    18
#   E(MeV)       xs(mb)       xslow(mb)      xsupp(mb)
 2.56932E+00    0.00000E+00    0.00000E+00    0.00000E+00
 9.00000E+00    4.45640E-16    4.45640E-16    4.45640E-16
 1.00000E+01    1.73121E-13    1.73121E-13    1.73121E-13
 1.10000E+01    5.18365E-12    5.18365E-12    5.18365E-12
 1.20000E+01    9.76393E-11    9.76393E-11    9.76393E-11
 1.30000E+01    9.35945E-10    9.35945E-10    9.35945E-10
 1.40000E+01    5.82722E-09    0.00000E+00    1.90514E-08
 1.50000E+01    3.08572E-08    0.00000E+00    1.00884E-07
 1.60000E+01    1.29559E-07    0.00000E+00    4.23579E-07
 1.70000E+01    5.11867E-07    0.00000E+00    1.67349E-06
 1.80000E+01    1.71589E-06    0.00000E+00    8.64110E-06
 1.90000E+01    5.20648E-06    0.00000E+00    2.62195E-05
 2.00000E+01    1.34190E-05    0.00000E+00    6.75771E-05
 2.20000E+01    5.07494E-05    0.00000E+00    3.45690E-04
 2.40000E+01    1.48538E-04    0.00000E+00    1.01180E-03
 2.60000E+01    3.83947E-04    0.00000E+00    2.89267E-03
 2.80000E+01    8.31899E-04    0.00000E+00    6.26755E-03
 3.00000E+01    1.51150E-03    0.00000E+00    1.13877E-02
