# n + Hg200 : (n,h)     
# tendl.2019 A.J. Koning and D. Rochman        EVAL-NOV19
# uncertainties: y
# # energies =    19
#   E(MeV)       xs(mb)       xslow(mb)      xsupp(mb)
 6.49173E+00    0.00000E+00    0.00000E+00    0.00000E+00
 1.40000E+01    6.55860E-17    6.55860E-17    6.55860E-17
 1.45000E+01    5.16760E-16    5.16760E-16    5.16760E-16
 1.50000E+01    3.52890E-15    3.52890E-15    3.52890E-15
 1.60000E+01    2.15620E-12    0.00000E+00    1.22311E-11
 1.70000E+01    9.49050E-11    0.00000E+00    5.38350E-10
 1.80000E+01    2.40310E-09    0.00000E+00    1.36316E-08
 1.90000E+01    3.30320E-08    0.00000E+00    1.87375E-07
 2.00000E+01    3.09020E-07    0.00000E+00    1.80632E-06
 2.10000E+01    2.13917E-06    0.00000E+00    1.25041E-05
 2.20000E+01    1.16504E-05    0.00000E+00    6.81003E-05
 2.30000E+01    5.22470E-05    0.00000E+00    3.05400E-04
 2.40000E+01    1.99549E-04    0.00000E+00    1.15177E-03
 2.50000E+01    6.65063E-04    0.00000E+00    3.83865E-03
 2.60000E+01    1.96574E-03    0.00000E+00    1.13460E-02
 2.70000E+01    5.19697E-03    0.00000E+00    2.99962E-02
 2.80000E+01    1.32291E-02    0.00000E+00    7.63566E-02
 2.90000E+01    2.69737E-02    0.00000E+00    1.55689E-01
 3.00000E+01    5.08341E-02    0.00000E+00    2.93408E-01
