# n + Cd106 : (n,n'01)  
# tendl.2019 A.J. Koning and D. Rochman        EVAL-NOV19
# uncertainties: y
# # energies =    98
#   E(MeV)       xs(mb)       xslow(mb)      xsupp(mb)
 6.38665E-01    0.00000E+00    0.00000E+00    0.00000E+00
 7.00000E-01    3.89679E+02    3.50057E+02    4.29301E+02
 8.00000E-01    6.71753E+02    6.03450E+02    7.40056E+02
 9.00000E-01    8.05183E+02    7.23313E+02    8.87053E+02
 1.00000E+00    8.81315E+02    7.94115E+02    9.68516E+02
 1.20000E+00    9.76349E+02    8.79745E+02    1.07295E+03
 1.40000E+00    1.04505E+03    9.41649E+02    1.14845E+03
 1.50801E+00    1.05492E+03    9.50544E+02    1.15930E+03
 1.60000E+00    1.06333E+03    9.58120E+02    1.16854E+03
 1.73288E+00    1.02423E+03    9.22889E+02    1.12557E+03
 1.80000E+00    1.00448E+03    8.92005E+02    1.11695E+03
 1.81235E+00    9.97826E+02    8.86097E+02    1.10956E+03
 2.00000E+00    8.96730E+02    7.96320E+02    9.97140E+02
 2.12457E+00    8.63002E+02    7.66369E+02    9.59635E+02
 2.16448E+00    8.52196E+02    7.56773E+02    9.47619E+02
 2.20000E+00    8.42579E+02    7.48233E+02    9.36925E+02
 2.27365E+00    7.97315E+02    7.08037E+02    8.86593E+02
 2.27547E+00    7.96196E+02    7.07044E+02    8.85349E+02
 2.32687E+00    7.64607E+02    6.78991E+02    8.50222E+02
 2.35276E+00    7.48695E+02    6.64861E+02    8.32529E+02
 2.36082E+00    7.43742E+02    6.60462E+02    8.27021E+02
 2.36991E+00    7.38155E+02    6.55501E+02    8.20808E+02
 2.39320E+00    7.23841E+02    6.42790E+02    8.04892E+02
 2.40000E+00    7.19662E+02    6.39079E+02    8.00245E+02
 2.40115E+00    7.18681E+02    6.38208E+02    7.99154E+02
 2.49193E+00    6.41238E+02    5.69437E+02    7.13040E+02
 2.50939E+00    6.26344E+02    5.56210E+02    6.96477E+02
 2.51539E+00    6.21225E+02    5.51665E+02    6.90786E+02
 2.52692E+00    6.11389E+02    5.42930E+02    6.79848E+02
 2.54592E+00    5.95181E+02    5.28536E+02    6.61825E+02
 2.58576E+00    5.61194E+02    4.98355E+02    6.24032E+02
 2.59070E+00    5.56980E+02    4.94613E+02    6.19346E+02
 2.60000E+00    5.49046E+02    4.61558E+02    6.36534E+02
 2.65424E+00    5.20664E+02    4.37699E+02    6.03630E+02
 2.69944E+00    4.97013E+02    4.17816E+02    5.76209E+02
 2.74375E+00    4.73827E+02    3.98325E+02    5.49329E+02
 2.74647E+00    4.72404E+02    3.97129E+02    5.47679E+02
 2.80000E+00    4.44394E+02    3.73582E+02    5.15206E+02
 2.85148E+00    4.24875E+02    3.57174E+02    4.92577E+02
 2.91709E+00    3.99999E+02    3.36262E+02    4.63737E+02
 2.94599E+00    3.89042E+02    3.27050E+02    4.51034E+02
 2.94795E+00    3.88299E+02    3.26425E+02    4.50172E+02
 2.95266E+00    3.86513E+02    3.24924E+02    4.48102E+02
 3.00000E+00    3.68564E+02    3.09835E+02    4.27293E+02
 3.20000E+00    3.20363E+02    2.69315E+02    3.71411E+02
 3.40000E+00    2.87268E+02    2.41493E+02    3.33043E+02
 3.60000E+00    2.60061E+02    2.18622E+02    3.01500E+02
 3.80000E+00    2.36646E+02    1.98938E+02    2.74354E+02
 4.00000E+00    2.16352E+02    1.81877E+02    2.50827E+02
 4.20000E+00    1.98928E+02    1.67230E+02    2.30626E+02
 4.40000E+00    1.84066E+02    1.54736E+02    2.13396E+02
 4.60000E+00    1.71454E+02    1.30628E+02    2.12280E+02
 4.80000E+00    1.60805E+02    1.22515E+02    1.99095E+02
 5.00000E+00    1.51859E+02    1.15699E+02    1.88019E+02
 5.20000E+00    1.44364E+02    1.09989E+02    1.78739E+02
 5.40000E+00    1.38070E+02    1.05193E+02    1.70947E+02
 5.60000E+00    1.32780E+02    1.01163E+02    1.64397E+02
 5.80000E+00    1.28300E+02    9.77498E+01    1.58850E+02
 6.00000E+00    1.24463E+02    9.48264E+01    1.54100E+02
 6.20000E+00    1.21141E+02    9.22954E+01    1.49987E+02
 6.40000E+00    1.18218E+02    9.00684E+01    1.46368E+02
 6.60000E+00    1.15615E+02    8.51891E+01    1.46041E+02
 6.80000E+00    1.13253E+02    8.34487E+01    1.43057E+02
 7.00000E+00    1.11100E+02    8.18623E+01    1.40338E+02
 7.20000E+00    1.09113E+02    8.03982E+01    1.37828E+02
 7.40000E+00    1.07267E+02    7.90380E+01    1.35496E+02
 7.60000E+00    1.05533E+02    7.77603E+01    1.33306E+02
 7.80000E+00    1.03898E+02    7.65556E+01    1.31240E+02
 8.00000E+00    1.02351E+02    7.54157E+01    1.29286E+02
 8.50000E+00    9.88159E+01    7.28109E+01    1.24821E+02
 9.00000E+00    9.56811E+01    6.91136E+01    1.22249E+02
 9.50000E+00    9.28718E+01    6.70844E+01    1.18659E+02
 1.00000E+01    9.03211E+01    6.52419E+01    1.15400E+02
 1.05000E+01    8.79675E+01    6.35418E+01    1.12393E+02
 1.10000E+01    8.57589E+01    6.19465E+01    1.09571E+02
 1.15000E+01    8.36590E+01    6.04297E+01    1.06888E+02
 1.20000E+01    8.16490E+01    5.89778E+01    1.04320E+02
 1.25000E+01    7.97217E+01    5.75856E+01    1.01858E+02
 1.30000E+01    7.78799E+01    5.51760E+01    1.00584E+02
 1.35000E+01    7.61271E+01    5.39342E+01    9.83200E+01
 1.40000E+01    7.44621E+01    5.27546E+01    9.61696E+01
 1.45000E+01    7.28815E+01    5.16348E+01    9.41282E+01
 1.50000E+01    7.13813E+01    5.05719E+01    9.21907E+01
 1.60000E+01    6.86143E+01    4.78333E+01    8.93953E+01
 1.70000E+01    6.61570E+01    4.61203E+01    8.61937E+01
 1.80000E+01    6.39861E+01    4.46069E+01    8.33653E+01
 1.90000E+01    6.20478E+01    4.32556E+01    8.08400E+01
 2.00000E+01    6.03041E+01    4.20271E+01    7.85811E+01
 2.10000E+01    5.87543E+01    4.09470E+01    7.65616E+01
 2.20000E+01    5.73945E+01    3.99993E+01    7.47897E+01
 2.30000E+01    5.61798E+01    3.91528E+01    7.32068E+01
 2.40000E+01    5.50292E+01    3.76798E+01    7.23786E+01
 2.50000E+01    5.38709E+01    3.68867E+01    7.08551E+01
 2.60000E+01    5.26710E+01    3.60651E+01    6.92769E+01
 2.70000E+01    5.14368E+01    3.52200E+01    6.76536E+01
 2.80000E+01    5.01999E+01    3.43731E+01    6.60267E+01
 2.90000E+01    4.89986E+01    3.35505E+01    6.44467E+01
 3.00000E+01    4.78633E+01    3.27731E+01    6.29535E+01
