# n + Ar 42 : (n,n'17)  
# tendl.2019 A.J. Koning and D. Rochman        EVAL-NOV19
# uncertainties: n
# # energies =    60
#   E(MeV)       xs(mb) 
 4.74529E+00    0.00000E+00
 4.80000E+00    3.36290E+00
 5.00000E+00    7.42148E+00
 5.00447E+00    7.45759E+00
 5.01368E+00    7.53198E+00
 5.12018E+00    8.39226E+00
 5.20000E+00    9.03702E+00
 5.35571E+00    9.75060E+00
 5.40000E+00    9.95357E+00
 5.41920E+00    1.00098E+01
 5.60000E+00    1.05389E+01
 5.68648E+00    1.07108E+01
 5.80000E+00    1.09364E+01
 5.90153E+00    1.10411E+01
 6.00000E+00    1.11426E+01
 6.08790E+00    1.11946E+01
 6.20000E+00    1.12609E+01
 6.23639E+00    1.12752E+01
 6.31831E+00    1.13074E+01
 6.40000E+00    1.13395E+01
 6.50980E+00    1.13674E+01
 6.60000E+00    1.13903E+01
 6.64600E+00    1.13771E+01
 6.77298E+00    1.13408E+01
 6.80000E+00    1.13331E+01
 7.00000E+00    1.05565E+01
 7.20000E+00    9.32766E+00
 7.40000E+00    7.98603E+00
 7.60000E+00    6.70648E+00
 7.80000E+00    5.56233E+00
 8.00000E+00    4.57636E+00
 8.50000E+00    2.76237E+00
 9.00000E+00    1.66622E+00
 9.50000E+00    1.01562E+00
 1.00000E+01    6.30727E-01
 1.05000E+01    4.00230E-01
 1.10000E+01    2.59131E-01
 1.15000E+01    1.70414E-01
 1.20000E+01    1.13507E-01
 1.25000E+01    7.64749E-02
 1.30000E+01    5.19966E-02
 1.35000E+01    3.56156E-02
 1.40000E+01    2.45529E-02
 1.45000E+01    1.70265E-02
 1.50000E+01    1.18645E-02
 1.60000E+01    5.85435E-03
 1.70000E+01    2.95086E-03
 1.80000E+01    1.52149E-03
 1.90000E+01    8.01166E-04
 2.00000E+01    4.29963E-04
 2.10000E+01    2.35445E-04
 2.20000E+01    1.30210E-04
 2.30000E+01    7.31713E-05
 2.40000E+01    4.16210E-05
 2.50000E+01    2.39760E-05
 2.60000E+01    1.39342E-05
 2.70000E+01    8.17555E-06
 2.80000E+01    4.87712E-06
 2.90000E+01    2.89117E-06
 3.00000E+01    1.74520E-06
