# n + Cl  0 : (n,a)
# endfb8.0   Sayer,Guber,Leal,Larson,Young+    EVAL-OCT03
# uncertainties: n
# # energies =   739
#   E(MeV)          xs(mb) 
 1.00000E-11    3.04895E+00
 1.03223E-11    3.00098E+00
 1.06549E-11    2.95376E+00
 1.09984E-11    2.90729E+00
 1.13527E-11    2.86155E+00
 1.17186E-11    2.81652E+00
 1.20962E-11    2.77221E+00
 1.24861E-11    2.72859E+00
 1.28884E-11    2.68567E+00
 1.33038E-11    2.64340E+00
 1.37325E-11    2.60182E+00
 1.41751E-11    2.56087E+00
 1.46318E-11    2.52059E+00
 1.51034E-11    2.48092E+00
 1.55901E-11    2.44189E+00
 1.60926E-11    2.40347E+00
 1.66111E-11    2.36566E+00
 1.71465E-11    2.32843E+00
 1.76990E-11    2.29180E+00
 1.82694E-11    2.25574E+00
 1.88581E-11    2.22025E+00
 1.94659E-11    2.18531E+00
 2.00931E-11    2.15094E+00
 2.07407E-11    2.11709E+00
 2.14090E-11    2.08378E+00
 2.20991E-11    2.05100E+00
 2.28111E-11    2.01872E+00
 2.35464E-11    1.98696E+00
 2.43051E-11    1.95570E+00
 2.50884E-11    1.92493E+00
 2.58968E-11    1.89464E+00
 2.67315E-11    1.86483E+00
 2.75928E-11    1.83550E+00
 2.84822E-11    1.80661E+00
 2.93999E-11    1.77819E+00
 3.03475E-11    1.75021E+00
 3.13253E-11    1.72268E+00
 3.23350E-11    1.69557E+00
 3.33769E-11    1.66889E+00
 3.44526E-11    1.64263E+00
 3.55627E-11    1.61679E+00
 3.67089E-11    1.59135E+00
 3.78918E-11    1.56631E+00
 3.91130E-11    1.54167E+00
 4.03734E-11    1.51742E+00
 4.16746E-11    1.49353E+00
 4.30174E-11    1.47004E+00
 4.44039E-11    1.44691E+00
 4.58347E-11    1.42414E+00
 4.73119E-11    1.40174E+00
 4.88364E-11    1.37968E+00
 5.04104E-11    1.35797E+00
 5.20348E-11    1.33661E+00
 5.37119E-11    1.31558E+00
 5.54426E-11    1.29488E+00
 5.72295E-11    1.27450E+00
 5.90736E-11    1.25446E+00
 6.09775E-11    1.23472E+00
 6.29424E-11    1.21529E+00
 6.49710E-11    1.19617E+00
 6.70645E-11    1.17734E+00
 6.92260E-11    1.15882E+00
 7.14566E-11    1.14059E+00
 7.37596E-11    1.12265E+00
 7.61364E-11    1.10498E+00
 7.85902E-11    1.08759E+00
 8.11227E-11    1.07049E+00
 8.37372E-11    1.05364E+00
 8.64355E-11    1.03706E+00
 8.92212E-11    1.02074E+00
 9.20962E-11    1.00469E+00
 9.50644E-11    9.88874E-01
 9.81277E-11    9.73319E-01
 1.01291E-10    9.58006E-01
 1.04554E-10    9.42935E-01
 1.07924E-10    9.28092E-01
 1.11402E-10    9.13491E-01
 1.14992E-10    8.99117E-01
 1.18697E-10    8.84978E-01
 1.22523E-10    8.71052E-01
 1.26471E-10    8.57345E-01
 1.30547E-10    8.43851E-01
 1.34754E-10    8.30576E-01
 1.39097E-10    8.17505E-01
 1.43579E-10    8.04647E-01
 1.48207E-10    7.91986E-01
 1.52982E-10    7.79529E-01
 1.57913E-10    7.67262E-01
 1.63001E-10    7.55191E-01
 1.68254E-10    7.43306E-01
 1.73676E-10    7.31613E-01
 1.79274E-10    7.20100E-01
 1.85050E-10    7.08772E-01
 1.91014E-10    6.97619E-01
 1.97169E-10    6.86644E-01
 2.03524E-10    6.75839E-01
 2.10082E-10    6.65207E-01
 2.16853E-10    6.54739E-01
 2.23840E-10    6.44439E-01
 2.31055E-10    6.34298E-01
 2.38500E-10    6.24320E-01
 2.46187E-10    6.14495E-01
 2.54120E-10    6.04828E-01
 2.62310E-10    5.95311E-01
 2.70762E-10    5.85945E-01
 2.79489E-10    5.76725E-01
 2.88494E-10    5.67652E-01
 2.97793E-10    5.58720E-01
 3.07388E-10    5.49930E-01
 3.17295E-10    5.41277E-01
 3.27519E-10    5.32761E-01
 3.38075E-10    5.24378E-01
 3.48969E-10    5.16129E-01
 3.60216E-10    5.08007E-01
 3.71823E-10    5.00015E-01
 3.83807E-10    4.92147E-01
 3.96174E-10    4.84404E-01
 4.08943E-10    4.76782E-01
 4.22120E-10    4.69281E-01
 4.35725E-10    4.61897E-01
 4.49765E-10    4.54630E-01
 4.64261E-10    4.47476E-01
 4.79221E-10    4.40437E-01
 4.94666E-10    4.33506E-01
 5.10605E-10    4.26686E-01
 5.27062E-10    4.19972E-01
 5.44045E-10    4.13365E-01
 5.61580E-10    4.06860E-01
 5.79675E-10    4.00460E-01
 5.98358E-10    3.94158E-01
 6.17639E-10    3.87957E-01
 6.37545E-10    3.81852E-01
 6.58089E-10    3.75845E-01
 6.79298E-10    3.69931E-01
 7.01188E-10    3.64111E-01
 7.23786E-10    3.58382E-01
 7.47109E-10    3.52743E-01
 7.71188E-10    3.47193E-01
 7.96038E-10    3.41730E-01
 8.21693E-10    3.36354E-01
 8.48171E-10    3.31062E-01
 8.75507E-10    3.25853E-01
 9.03719E-10    3.20726E-01
 9.32845E-10    3.15679E-01
 9.62904E-10    3.10713E-01
 9.93937E-10    3.05824E-01
 1.02597E-09    3.01012E-01
 1.05903E-09    2.96276E-01
 1.09316E-09    2.91615E-01
 1.12839E-09    2.87026E-01
 1.16475E-09    2.82511E-01
 1.20229E-09    2.78065E-01
 1.24103E-09    2.73690E-01
 1.28103E-09    2.69384E-01
 1.32231E-09    2.65146E-01
 1.36492E-09    2.60974E-01
 1.40890E-09    2.56868E-01
 1.45431E-09    2.52826E-01
 1.50117E-09    2.48848E-01
 1.54956E-09    2.44933E-01
 1.59949E-09    2.41079E-01
 1.65104E-09    2.37286E-01
 1.70424E-09    2.33553E-01
 1.75917E-09    2.29878E-01
 1.81585E-09    2.26261E-01
 1.87438E-09    2.22701E-01
 1.93477E-09    2.19197E-01
 1.99713E-09    2.15748E-01
 2.06148E-09    2.12354E-01
 2.12792E-09    2.09012E-01
 2.19649E-09    2.05724E-01
 2.26728E-09    2.02487E-01
 2.34034E-09    1.99302E-01
 2.41577E-09    1.96166E-01
 2.49362E-09    1.93079E-01
 2.57398E-09    1.90041E-01
 2.65692E-09    1.87051E-01
 2.74255E-09    1.84108E-01
 2.83093E-09    1.81212E-01
 2.92217E-09    1.78360E-01
 3.01633E-09    1.75554E-01
 3.11354E-09    1.72791E-01
 3.21387E-09    1.70073E-01
 3.31745E-09    1.67397E-01
 3.42435E-09    1.64763E-01
 3.53471E-09    1.62171E-01
 3.64861E-09    1.59619E-01
 3.76620E-09    1.57108E-01
 3.88757E-09    1.54636E-01
 4.01286E-09    1.52203E-01
 4.14217E-09    1.49809E-01
 4.27566E-09    1.47451E-01
 4.41344E-09    1.45131E-01
 4.55568E-09    1.42848E-01
 4.70248E-09    1.40600E-01
 4.85404E-09    1.38388E-01
 5.01045E-09    1.36211E-01
 5.17193E-09    1.34067E-01
 5.33859E-09    1.31958E-01
 5.51065E-09    1.29882E-01
 5.68822E-09    1.27838E-01
 5.87154E-09    1.25827E-01
 6.06075E-09    1.23848E-01
 6.25608E-09    1.21899E-01
 6.45767E-09    1.19981E-01
 6.66579E-09    1.18093E-01
 6.88059E-09    1.16235E-01
 7.10234E-09    1.14406E-01
 7.33121E-09    1.12606E-01
 7.56748E-09    1.10834E-01
 7.81133E-09    1.09091E-01
 8.06308E-09    1.07374E-01
 8.32291E-09    1.05685E-01
 8.59114E-09    1.04022E-01
 8.86798E-09    1.02385E-01
 9.15378E-09    1.00774E-01
 9.44875E-09    9.91882E-02
 9.75327E-09    9.76281E-02
 1.00676E-08    9.60923E-02
 1.03920E-08    9.45799E-02
 1.07269E-08    9.30918E-02
 1.10726E-08    9.16271E-02
 1.14294E-08    9.01852E-02
 1.17978E-08    8.87668E-02
 1.21779E-08    8.73696E-02
 1.25704E-08    8.59952E-02
 1.29755E-08    8.46427E-02
 1.33937E-08    8.33106E-02
 1.38253E-08    8.19998E-02
 1.42708E-08    8.07094E-02
 1.47307E-08    7.94403E-02
 1.52054E-08    7.81901E-02
 1.56954E-08    7.69603E-02
 1.62012E-08    7.57492E-02
 1.67233E-08    7.45577E-02
 1.72623E-08    7.33848E-02
 1.78185E-08    7.22306E-02
 1.83928E-08    7.10944E-02
 1.89855E-08    6.99763E-02
 1.95974E-08    6.88758E-02
 2.02289E-08    6.77928E-02
 2.08808E-08    6.67268E-02
 2.15537E-08    6.56778E-02
 2.22483E-08    6.46453E-02
 2.29652E-08    6.36294E-02
 2.37054E-08    6.26294E-02
 2.44693E-08    6.16453E-02
 2.52522E-08    6.06834E-02
 2.53000E-08    6.06262E-02
 2.61154E-08    5.96738E-02
 2.69569E-08    5.87365E-02
 2.78257E-08    5.78139E-02
 2.87224E-08    5.69059E-02
 2.96480E-08    5.60121E-02
 3.06034E-08    5.51326E-02
 3.15897E-08    5.42667E-02
 3.26077E-08    5.34146E-02
 3.36586E-08    5.25757E-02
 3.47432E-08    5.17502E-02
 3.58629E-08    5.09374E-02
 3.70185E-08    5.01377E-02
 3.82116E-08    4.93504E-02
 3.94429E-08    4.85755E-02
 4.07141E-08    4.78128E-02
 4.20261E-08    4.70622E-02
 4.33805E-08    4.63230E-02
 4.47784E-08    4.55956E-02
 4.62215E-08    4.48792E-02
 4.77110E-08    4.41739E-02
 4.92486E-08    4.34793E-02
 5.08356E-08    4.27955E-02
 5.24740E-08    4.21219E-02
 5.41649E-08    4.14588E-02
 5.59105E-08    4.08056E-02
 5.77122E-08    4.01627E-02
 5.95722E-08    3.95297E-02
 6.14918E-08    3.89066E-02
 6.34736E-08    3.82933E-02
 6.55190E-08    3.76898E-02
 6.76305E-08    3.70959E-02
 6.98099E-08    3.65117E-02
 7.20597E-08    3.59369E-02
 7.43818E-08    3.53716E-02
 7.67790E-08    3.48155E-02
 7.92531E-08    3.42687E-02
 8.18073E-08    3.37307E-02
 8.44435E-08    3.32016E-02
 8.71649E-08    3.26808E-02
 8.99737E-08    3.21682E-02
 9.28735E-08    3.16634E-02
 9.58662E-08    3.11661E-02
 9.89558E-08    3.06761E-02
 1.02145E-07    3.01934E-02
 1.05437E-07    2.97178E-02
 1.08834E-07    2.92494E-02
 1.12342E-07    2.87881E-02
 1.15962E-07    2.83340E-02
 1.19699E-07    2.78871E-02
 1.23556E-07    2.74472E-02
 1.27538E-07    2.70142E-02
 1.31648E-07    2.65882E-02
 1.35891E-07    2.61690E-02
 1.40270E-07    2.57566E-02
 1.44790E-07    2.53507E-02
 1.49456E-07    2.49516E-02
 1.54273E-07    2.45592E-02
 1.59244E-07    2.41734E-02
 1.64376E-07    2.37944E-02
 1.69673E-07    2.34217E-02
 1.75142E-07    2.30551E-02
 1.80785E-07    2.26939E-02
 1.86612E-07    2.23375E-02
 1.92625E-07    2.19859E-02
 1.98833E-07    2.16388E-02
 2.05240E-07    2.12966E-02
 2.11855E-07    2.09597E-02
 2.18682E-07    2.06285E-02
 2.25730E-07    2.03027E-02
 2.33003E-07    1.99826E-02
 2.40513E-07    1.96678E-02
 2.48263E-07    1.93585E-02
 2.56264E-07    1.90546E-02
 2.64522E-07    1.87564E-02
 2.73047E-07    1.84633E-02
 2.81846E-07    1.81750E-02
 2.91544E-07    1.78719E-02
 3.01577E-07    1.75727E-02
 3.11296E-07    1.72959E-02
 3.21327E-07    1.70232E-02
 3.31683E-07    1.67546E-02
 3.42371E-07    1.64902E-02
 3.53406E-07    1.62299E-02
 3.64794E-07    1.59740E-02
 3.76550E-07    1.57221E-02
 3.88684E-07    1.54747E-02
 4.00363E-07    1.52482E-02
 4.12392E-07    1.50262E-02
 4.24783E-07    1.48089E-02
 4.38473E-07    1.45804E-02
 4.54520E-07    1.43245E-02
 4.72153E-07    1.40542E-02
 4.88401E-07    1.38152E-02
 5.03075E-07    1.36091E-02
 5.18190E-07    1.34071E-02
 5.34891E-07    1.31948E-02
 5.52127E-07    1.29861E-02
 5.68716E-07    1.27948E-02
 5.85804E-07    1.26070E-02
 6.03405E-07    1.24231E-02
 6.20223E-07    1.22563E-02
 6.38858E-07    1.20814E-02
 6.60842E-07    1.18854E-02
 6.93774E-07    1.16031E-02
 7.20689E-07    1.13795E-02
 7.40777E-07    1.12201E-02
 7.59814E-07    1.10771E-02
 7.80988E-07    1.09269E-02
 8.09575E-07    1.07338E-02
 8.40982E-07    1.05290E-02
 8.66250E-07    1.03715E-02
 8.90391E-07    1.02291E-02
 9.17143E-07    1.00798E-02
 9.52724E-07    9.88950E-03
 9.83429E-07    9.73182E-03
 1.00657E-06    9.61847E-03
 1.03517E-06    9.48497E-03
 1.07961E-06    9.28758E-03
 1.12595E-06    9.09278E-03
 1.17428E-06    8.90411E-03
 1.23332E-06    8.68930E-03
 1.28626E-06    8.51481E-03
 1.45911E-06    7.99517E-03
 1.53240E-06    7.79848E-03
 1.72623E-06    7.34610E-03
 1.86446E-06    7.07089E-03
 2.02795E-06    6.77806E-03
 2.36584E-06    6.27454E-03
 2.68376E-06    5.89191E-03
 2.89880E-06    5.67022E-03
 3.17509E-06    5.41447E-03
 3.52694E-06    5.13858E-03
 4.23150E-06    4.69136E-03
 4.90195E-06    4.35947E-03
 5.25763E-06    4.20974E-03
 5.71868E-06    4.03402E-03
 6.30792E-06    3.84177E-03
 7.51537E-06    3.51918E-03
 8.76754E-06    3.25775E-03
 1.00860E-05    3.03724E-03
 1.13613E-05    2.86158E-03
 1.26203E-05    2.71582E-03
 1.50353E-05    2.48764E-03
 1.76641E-05    2.29510E-03
 2.01782E-05    2.14758E-03
 2.38723E-05    1.97408E-03
 2.76560E-05    1.83396E-03
 3.15922E-05    1.71605E-03
 3.53390E-05    1.62291E-03
 4.26975E-05    1.47602E-03
 5.05143E-05    1.35709E-03
 5.69010E-05    1.27865E-03
 6.32067E-05    1.21355E-03
 7.53019E-05    1.11136E-03
 8.78483E-05    1.02890E-03
 1.01059E-04    9.59476E-04
 1.13842E-04    9.03989E-04
 1.26452E-04    8.57694E-04
 1.39481E-04    8.16679E-04
 1.51712E-04    7.83227E-04
 1.75759E-04    7.27403E-04
 2.02190E-04    6.78334E-04
 2.27754E-04    6.38995E-04
 2.51221E-04    6.08366E-04
 2.77106E-04    5.79268E-04
 3.07814E-04    5.49560E-04
 3.39530E-04    5.23258E-04
 3.74514E-04    4.98207E-04
 4.14958E-04    4.73305E-04
 4.57451E-04    4.50793E-04
 5.04585E-04    4.29225E-04
 5.56576E-04    4.08706E-04
 6.13924E-04    3.89141E-04
 6.79658E-04    3.69882E-04
 7.49688E-04    3.52136E-04
 8.21142E-04    3.36543E-04
 8.93149E-04    3.22731E-04
 9.71470E-04    3.09454E-04
 1.06411E-03    2.95572E-04
 1.17376E-03    2.81472E-04
 1.27658E-03    2.70003E-04
 1.39440E-03    2.58293E-04
 1.52737E-03    2.46803E-04
 1.65955E-03    2.36770E-04
 1.80508E-03    2.27031E-04
 1.96337E-03    2.17661E-04
 2.17083E-03    2.06985E-04
 2.36264E-03    1.98420E-04
 2.60607E-03    1.88908E-04
 2.86385E-03    1.80183E-04
 3.15644E-03    1.71632E-04
 3.47663E-03    1.63518E-04
 3.85521E-03    1.55285E-04
 4.26456E-03    1.47640E-04
 4.71928E-03    1.40348E-04
 5.22007E-03    1.33450E-04
 5.77328E-03    1.26892E-04
 6.38154E-03    1.20703E-04
 7.03908E-03    1.14934E-04
 7.85503E-03    1.08817E-04
 8.54385E-03    1.04349E-04
 9.25374E-03    1.00258E-04
 1.01925E-02    9.55263E-05
 1.11965E-02    9.11172E-05
 1.23930E-02    8.66074E-05
 1.37391E-02    8.22552E-05
 1.52145E-02    7.81651E-05
 1.68617E-02    7.42491E-05
 1.86594E-02    7.05824E-05
 2.05683E-02    6.72278E-05
 2.27880E-02    6.38687E-05
 2.52580E-02    6.06655E-05
 2.79973E-02    5.76213E-05
 2.85634E-02    5.71109E-05
 2.95708E-02    5.71109E-05
 2.97794E-02    5.71109E-05
 3.28477E-02    5.71109E-05
 3.42577E-02    5.71109E-05
 3.54779E-02    5.71109E-05
 3.57282E-02    5.71109E-05
 3.62323E-02    5.71109E-05
 3.72618E-02    5.71109E-05
 3.83206E-02    5.71109E-05
 3.96856E-02    5.71109E-05
 3.99655E-02    5.71109E-05
 4.08133E-02    5.71109E-05
 4.11012E-02    5.71109E-05
 4.13891E-02    5.71109E-05
 4.16810E-02    5.71109E-05
 4.50185E-02    5.71109E-05
 4.53361E-02    5.71109E-05
 4.56537E-02    5.71109E-05
 4.59757E-02    5.71109E-05
 4.82851E-02    5.71109E-05
 4.86257E-02    5.71109E-05
 4.96571E-02    5.71109E-05
 5.00074E-02    5.71109E-05
 5.10681E-02    5.71109E-05
 5.14284E-02    5.71109E-05
 5.21539E-02    5.71109E-05
 5.32602E-02    5.71109E-05
 5.36359E-02    5.71109E-05
 5.51600E-02    5.71109E-05
 5.67274E-02    5.71109E-05
 5.71248E-02    5.71109E-05
 5.75277E-02    5.71109E-05
 6.08435E-02    5.71109E-05
 6.12697E-02    5.71109E-05
 6.17019E-02    5.71109E-05
 6.25724E-02    5.71109E-05
 6.38997E-02    5.71109E-05
 6.43505E-02    5.71109E-05
 6.48012E-02    5.71109E-05
 6.52583E-02    5.71109E-05
 6.66426E-02    5.71109E-05
 6.71127E-02    5.71109E-05
 7.82946E-02    5.71109E-05
 7.88430E-02    5.71109E-05
 7.93992E-02    5.71109E-05
 8.57569E-02    5.71109E-05
 8.63618E-02    5.71109E-05
 8.69668E-02    5.71109E-05
 8.75802E-02    5.71109E-05
 8.81937E-02    5.71109E-05
 8.88158E-02    5.71109E-05
 8.94380E-02    5.71109E-05
 9.00689E-02    5.71109E-05
 9.32770E-02    5.71109E-05
 9.39350E-02    5.71109E-05
 9.66042E-02    5.71109E-05
 9.72809E-02    5.71109E-05
 9.79671E-02    5.71109E-05
 1.02172E-01    5.71109E-05
 1.02888E-01    5.71109E-05
 1.03614E-01    5.71109E-05
 1.05076E-01    5.71109E-05
 1.09586E-01    5.71109E-05
 1.11910E-01    5.71109E-05
 1.12700E-01    5.71109E-05
 1.27844E-01    5.71109E-05
 1.37121E-01    5.71109E-05
 1.46040E-01    5.71109E-05
 1.47070E-01    5.71109E-05
 1.49145E-01    5.71109E-05
 1.51249E-01    5.71109E-05
 1.55547E-01    5.71109E-05
 1.57742E-01    5.71109E-05
 1.66834E-01    5.71109E-05
 1.71574E-01    5.71109E-05
 1.76450E-01    5.71109E-05
 1.80192E-01    5.71109E-05
 1.81464E-01    5.71109E-05
 1.85313E-01    5.71109E-05
 1.86620E-01    5.71109E-05
 2.05849E-01    5.71109E-05
 2.17713E-01    5.71109E-05
 2.20785E-01    5.71109E-05
 2.33511E-01    5.71109E-05
 2.40146E-01    5.71109E-05
 2.46970E-01    5.71109E-05
 2.82120E-01    5.71109E-05
 2.84110E-01    5.71109E-05
 2.90137E-01    5.71109E-05
 2.92183E-01    5.71109E-05
 2.96306E-01    5.71109E-05
 3.00486E-01    5.71109E-05
 3.02591E-01    5.71109E-05
 3.04725E-01    5.71109E-05
 3.11189E-01    5.71109E-05
 3.13384E-01    5.71109E-05
 3.15579E-01    5.71109E-05
 3.17805E-01    5.71109E-05
 3.78621E-01    5.71109E-05
 3.81291E-01    5.71109E-05
 4.03268E-01    5.71109E-05
 4.11822E-01    5.71109E-05
 4.14727E-01    5.71109E-05
 4.38632E-01    5.71109E-05
 4.44820E-01    5.71109E-05
 4.47936E-01    5.71109E-05
 4.51096E-01    5.71109E-05
 4.54255E-01    5.71109E-05
 4.57460E-01    5.71109E-05
 4.60664E-01    5.71109E-05
 4.63914E-01    5.71109E-05
 4.77096E-01    5.71109E-05
 4.83827E-01    5.71109E-05
 5.01060E-01    5.71109E-05
 5.04595E-01    5.71109E-05
 5.08129E-01    5.71109E-05
 5.11714E-01    5.71109E-05
 5.15298E-01    5.71109E-05
 5.18933E-01    5.71109E-05
 5.56587E-01    5.71109E-05
 5.64439E-01    5.71109E-05
 5.92791E-01    5.71109E-05
 5.96973E-01    5.71109E-05
 6.53870E-01    5.71109E-05
 6.58483E-01    5.71109E-05
 6.67773E-01    5.71109E-05
 7.06262E-01    5.71109E-05
 7.36578E-01    5.71109E-05
 7.79033E-01    5.71109E-05
 8.18164E-01    5.71109E-05
 8.23936E-01    5.71109E-05
 8.38524E-01    5.71109E-05
 8.38736E-01    5.71109E-05
 8.39382E-01    5.71109E-05
 8.39490E-01    5.71109E-05
 8.39761E-01    5.71580E-05
 8.39788E-01    5.73367E-05
 8.39815E-01    5.78268E-05
 8.39842E-01    5.87078E-05
 8.39886E-01    6.07677E-05
 1.00000E+00    8.27590E-03
 1.25000E+00    6.58538E-02
 1.27533E+00    8.78788E-02
 1.31761E+00    1.32419E-01
 1.32882E+00    1.45594E-01
 1.50000E+00    3.77754E-01
 1.75000E+00    7.39460E-01
 1.76917E+00    7.61607E-01
 1.85858E+00    8.33363E-01
 2.01411E+00    9.16259E-01
 2.25000E+00    1.03206E+00
 2.27495E+00    1.06510E+00
 2.39286E+00    1.58259E+00
 2.45284E+00    2.00467E+00
 2.50000E+00    2.37623E+00
 2.57908E+00    3.11001E+00
 2.75000E+00    5.26206E+00
 2.94113E+00    8.60878E+00
 3.02662E+00    1.02919E+01
 3.14351E+00    1.29194E+01
 3.15739E+00    1.32706E+01
 3.25000E+00    1.59124E+01
 3.50237E+00    2.57116E+01
 3.75000E+00    3.72778E+01
 4.00000E+00    4.78043E+01
 4.25000E+00    6.42992E+01
 4.50066E+00    7.83080E+01
 4.79135E+00    9.14501E+01
 5.01095E+00    1.01140E+02
 5.50000E+00    1.26133E+02
 6.00000E+00    1.48712E+02
 6.50000E+00    1.60321E+02
 7.00000E+00    1.67083E+02
 7.66388E+00    1.69059E+02
 8.00000E+00    1.69725E+02
 9.08821E+00    1.64996E+02
 9.73680E+00    1.61457E+02
 1.00000E+01    1.59943E+02
 1.01092E+01    1.59502E+02
 1.01185E+01    1.59464E+02
 1.01843E+01    1.59199E+02
 1.02821E+01    1.58805E+02
 1.04271E+01    1.58220E+02
 1.04313E+01    1.58203E+02
 1.04392E+01    1.58170E+02
 1.05000E+01    1.57925E+02
 1.05619E+01    1.57520E+02
 1.06170E+01    1.57160E+02
 1.06957E+01    1.56646E+02
 1.06967E+01    1.56639E+02
 1.07934E+01    1.56007E+02
 1.08665E+01    1.55530E+02
 1.09323E+01    1.55099E+02
 1.09868E+01    1.54742E+02
 1.10000E+01    1.54656E+02
 1.10959E+01    1.53878E+02
 1.11412E+01    1.53511E+02
 1.11463E+01    1.53469E+02
 1.11885E+01    1.53126E+02
 1.12019E+01    1.53018E+02
 1.12019E+01    1.53018E+02
 1.12789E+01    1.52392E+02
 1.14381E+01    1.51102E+02
 1.15000E+01    1.50599E+02
 1.15971E+01    1.49752E+02
 1.17607E+01    1.48323E+02
 1.19266E+01    1.46874E+02
 1.19533E+01    1.46641E+02
 1.20000E+01    1.46233E+02
 1.21693E+01    1.44732E+02
 1.23410E+01    1.43209E+02
 1.25000E+01    1.41799E+02
 1.25231E+01    1.41471E+02
 1.25924E+01    1.40488E+02
 1.26283E+01    1.39978E+02
 1.28065E+01    1.37451E+02
 1.28868E+01    1.36310E+02
 1.30000E+01    1.34704E+02
 1.30098E+01    1.34490E+02
 1.31933E+01    1.30464E+02
 1.33795E+01    1.26382E+02
 1.35000E+01    1.23739E+02
 1.35162E+01    1.23386E+02
 1.36222E+01    1.21074E+02
 1.37384E+01    1.18537E+02
 1.37440E+01    1.18416E+02
 1.37861E+01    1.17496E+02
 1.38373E+01    1.16380E+02
 1.39059E+01    1.14883E+02
 1.40000E+01    1.12831E+02
 1.40751E+01    1.10577E+02
 1.41262E+01    1.09047E+02
 1.43255E+01    1.03069E+02
 1.44399E+01    9.96380E+01
 1.44570E+01    9.91252E+01
 1.45000E+01    9.78349E+01
 1.45801E+01    9.59645E+01
 1.46349E+01    9.46844E+01
 1.46586E+01    9.41321E+01
 1.48654E+01    8.93042E+01
 1.49004E+01    8.84874E+01
 1.49333E+01    8.77189E+01
 1.49992E+01    8.61816E+01
 1.50000E+01    8.61618E+01
 1.50084E+01    8.59454E+01
 1.50650E+01    8.44887E+01
 1.50753E+01    8.42244E+01
 1.51247E+01    8.29537E+01
 1.52071E+01    8.08327E+01
 1.53325E+01    7.76054E+01
 1.53325E+01    7.76054E+01
 1.55000E+01    7.32949E+01
 1.57187E+01    6.86592E+01
 1.59404E+01    6.39582E+01
 1.60000E+01    6.26956E+01
 1.60118E+01    6.24752E+01
 1.62377E+01    5.82701E+01
 1.64668E+01    5.40057E+01
 1.65000E+01    5.33880E+01
 1.67328E+01    4.97370E+01
 1.69689E+01    4.60344E+01
 1.70000E+01    4.55459E+01
 1.72398E+01    4.24812E+01
 1.74831E+01    3.93732E+01
 1.75000E+01    3.91567E+01
 1.77469E+01    3.63363E+01
 1.79973E+01    3.34761E+01
 1.80000E+01    3.34449E+01
 1.82539E+01    3.14513E+01
 1.85000E+01    2.95194E+01
 1.87610E+01    2.71976E+01
 1.90000E+01    2.50716E+01
 1.92681E+01    2.33754E+01
 1.95000E+01    2.19077E+01
 1.97751E+01    2.04341E+01
 2.00000E+01    1.92295E+01
