# n + Sn126 : (n,n'21)  
# jendl4.0   N.Iwamoto                         EVAL-Dec09
# uncertainties: n
# # energies =    38
#   E(MeV)       xs(mb) 
 2.74179E+00    0.00000E+00
 2.75000E+00    3.84250E+00
 2.76454E+00    9.78624E+00
 3.00000E+00    6.36119E+01
 3.50000E+00    5.57542E+01
 4.00000E+00    4.01358E+01
 4.50000E+00    2.73724E+01
 5.00000E+00    1.75672E+01
 5.50000E+00    1.09696E+01
 6.00000E+00    6.87681E+00
 6.50000E+00    4.39581E+00
 7.00000E+00    2.86727E+00
 7.50000E+00    1.90712E+00
 8.00000E+00    1.29280E+00
 8.50000E+00    9.07584E-01
 9.00000E+00    6.67574E-01
 9.50000E+00    5.17876E-01
 1.00000E+01    4.23507E-01
 1.05000E+01    3.63323E-01
 1.10000E+01    3.23036E-01
 1.15000E+01    2.95284E-01
 1.20000E+01    2.74181E-01
 1.25000E+01    2.57130E-01
 1.30000E+01    2.42712E-01
 1.35000E+01    2.29727E-01
 1.40000E+01    2.18293E-01
 1.45000E+01    2.07688E-01
 1.50000E+01    1.97987E-01
 1.55000E+01    1.88773E-01
 1.60000E+01    1.80176E-01
 1.65000E+01    1.71807E-01
 1.70000E+01    1.64060E-01
 1.75000E+01    1.56582E-01
 1.80000E+01    1.49719E-01
 1.85000E+01    1.43192E-01
 1.90000E+01    1.37224E-01
 1.95000E+01    1.31570E-01
 2.00000E+01    1.26434E-01
