# p + La138 : (p,2n)g   
# tendl.2019 A.J. Koning                       EVAL-OCT19
# uncertainties: y
# # energies =    38
#   E(MeV)       xs(mb)       xslow(mb)      xsupp(mb)
 9.52332E+00    0.00000E+00    0.00000E+00    0.00000E+00
 1.00000E+01    6.06534E+00    0.00000E+00    0.00000E+00
 1.10000E+01    5.63281E+01    0.00000E+00    0.00000E+00
 1.20000E+01    1.24478E+02    0.00000E+00    0.00000E+00
 1.30000E+01    1.74436E+02    0.00000E+00    0.00000E+00
 1.40000E+01    2.01674E+02    0.00000E+00    0.00000E+00
 1.50000E+01    2.15858E+02    0.00000E+00    0.00000E+00
 1.60000E+01    2.23794E+02    0.00000E+00    0.00000E+00
 1.70000E+01    2.28098E+02    0.00000E+00    0.00000E+00
 1.80000E+01    2.26754E+02    0.00000E+00    0.00000E+00
 1.90000E+01    2.08479E+02    0.00000E+00    0.00000E+00
 2.00000E+01    1.72988E+02    0.00000E+00    0.00000E+00
 2.20000E+01    9.73060E+01    0.00000E+00    0.00000E+00
 2.40000E+01    5.44745E+01    0.00000E+00    0.00000E+00
 2.60000E+01    3.62315E+01    0.00000E+00    0.00000E+00
 2.80000E+01    2.86705E+01    0.00000E+00    0.00000E+00
 3.00000E+01    2.51942E+01    0.00000E+00    0.00000E+00
 3.00000E+01    2.54698E+01    0.00000E+00    0.00000E+00
 3.50000E+01    2.10108E+01    0.00000E+00    0.00000E+00
 4.00000E+01    1.78730E+01    0.00000E+00    0.00000E+00
 4.50000E+01    1.52679E+01    0.00000E+00    0.00000E+00
 5.00000E+01    1.31824E+01    0.00000E+00    0.00000E+00
 5.50000E+01    1.14520E+01    0.00000E+00    0.00000E+00
 6.00000E+01    9.98284E+00    0.00000E+00    0.00000E+00
 6.50000E+01    8.77878E+00    0.00000E+00    0.00000E+00
 7.00000E+01    7.73073E+00    0.00000E+00    0.00000E+00
 7.50000E+01    6.81115E+00    0.00000E+00    0.00000E+00
 8.00000E+01    6.03712E+00    0.00000E+00    0.00000E+00
 9.00000E+01    4.83641E+00    0.00000E+00    0.00000E+00
 1.00000E+02    3.94056E+00    0.00000E+00    0.00000E+00
 1.10000E+02    3.31478E+00    0.00000E+00    0.00000E+00
 1.20000E+02    2.85530E+00    0.00000E+00    0.00000E+00
 1.30000E+02    2.48721E+00    0.00000E+00    0.00000E+00
 1.40000E+02    2.21072E+00    0.00000E+00    0.00000E+00
 1.50000E+02    1.97153E+00    0.00000E+00    0.00000E+00
 1.60000E+02    1.77672E+00    0.00000E+00    0.00000E+00
 1.80000E+02    1.46076E+00    0.00000E+00    0.00000E+00
 2.00000E+02    1.24551E+00    0.00000E+00    0.00000E+00
