# n + Ar 40 : (n,n'02)  
# jendl4.0   T.WATANABE                        EVAL-MAR94
# uncertainties: n
# # energies =   294
#   E(MeV)       xs(mb) 
 2.17428E+00    0.00000E+00
 2.17502E+00    1.21618E-01
 2.17650E+00    3.64377E-01
 2.17797E+00    6.06188E-01
 2.18090E+00    1.08792E+00
 2.18382E+00    1.56589E+00
 2.18672E+00    2.04012E+00
 2.18960E+00    2.51065E+00
 2.19246E+00    2.97750E+00
 2.19814E+00    3.90391E+00
 2.20375E+00    4.81584E+00
 2.20929E+00    5.71352E+00
 2.21476E+00    6.59718E+00
 2.22015E+00    7.46703E+00
 2.22547E+00    8.32329E+00
 2.23072E+00    9.16617E+00
 2.24109E+00    1.08256E+01
 2.25119E+00    1.24331E+01
 2.26101E+00    1.39905E+01
 2.27057E+00    1.54991E+01
 2.27987E+00    1.69606E+01
 2.28891E+00    1.83765E+01
 2.29770E+00    1.97481E+01
 2.30626E+00    2.10768E+01
 2.31457E+00    2.23640E+01
 2.33077E+00    2.48580E+01
 2.34605E+00    2.71961E+01
 2.36047E+00    2.93881E+01
 2.37407E+00    3.14430E+01
 2.38690E+00    3.33696E+01
 2.39898E+00    3.51757E+01
 2.41036E+00    3.68689E+01
 2.43185E+00    4.00437E+01
 2.45082E+00    4.28217E+01
 2.46753E+00    4.52524E+01
 2.48225E+00    4.73793E+01
 2.50821E+00    5.11014E+01
 2.52786E+00    5.38929E+01
 2.54270E+00    5.59866E+01
 2.56513E+00    5.91270E+01
 2.58775E+00    6.22675E+01
 2.63225E+00    6.47832E+01
 2.67182E+00    6.69844E+01
 2.70693E+00    6.89105E+01
 2.73803E+00    7.05958E+01
 2.76553E+00    7.20704E+01
 2.81433E+00    7.46511E+01
 2.85149E+00    7.65866E+01
 2.90816E+00    7.94898E+01
 2.96595E+00    8.23930E+01
 3.00000E+00    8.48382E+01
 3.03471E+00    8.71781E+01
 3.06541E+00    8.92254E+01
 3.11989E+00    9.28083E+01
 3.16138E+00    9.54955E+01
 3.19286E+00    9.75109E+01
 3.24067E+00    1.00534E+02
 3.28920E+00    1.03557E+02
 3.35299E+00    1.05285E+02
 3.45099E+00    1.07877E+02
 3.55186E+00    1.10469E+02
 3.59984E+00    1.11430E+02
 3.60364E+00    1.10604E+02
 3.77382E+00    1.09527E+02
 3.88526E+00    1.07647E+02
 4.00000E+00    1.05768E+02
 4.01772E+00    1.05459E+02
 4.04140E+00    1.03164E+02
 4.09234E+00    1.00349E+02
 4.14393E+00    9.75345E+01
 4.18545E+00    9.53036E+01
 4.23463E+00    9.32735E+01
 4.28438E+00    9.12433E+01
 4.33257E+00    8.84541E+01
 4.33564E+00    8.82805E+01
 4.40966E+00    8.51355E+01
 4.43355E+00    8.27884E+01
 4.46789E+00    7.98859E+01
 4.49905E+00    7.76217E+01
 4.53043E+00    7.53575E+01
 4.53863E+00    7.48963E+01
 4.59400E+00    7.15615E+01
 4.60732E+00    7.05537E+01
 4.67704E+00    6.72915E+01
 4.69344E+00    6.60280E+01
 4.69549E+00    6.56996E+01
 4.73252E+00    6.39291E+01
 4.79801E+00    6.08308E+01
 4.84773E+00    5.85070E+01
 4.88536E+00    5.67642E+01
 4.94235E+00    5.41499E+01
 5.00000E+00    5.15357E+01
 5.05730E+00    4.97744E+01
 5.11162E+00    4.81233E+01
 5.16307E+00    4.65753E+01
 5.21177E+00    4.51240E+01
 5.25785E+00    4.37635E+01
 5.30142E+00    4.24880E+01
 5.34260E+00    4.12922E+01
 5.38149E+00    4.01712E+01
 5.45517E+00    3.80692E+01
 5.52047E+00    3.62300E+01
 5.57825E+00    3.46207E+01
 5.62930E+00    3.32125E+01
 5.67436E+00    3.19804E+01
 5.71408E+00    3.09023E+01
 5.78425E+00    2.90156E+01
 5.83745E+00    2.76006E+01
 5.87767E+00    2.65393E+01
 5.93852E+00    2.49474E+01
 6.00000E+00    2.33555E+01
 6.05809E+00    2.25810E+01
 6.11305E+00    2.18549E+01
 6.16504E+00    2.11742E+01
 6.21417E+00    2.05360E+01
 6.26059E+00    1.99377E+01
 6.30443E+00    1.93769E+01
 6.38744E+00    1.83252E+01
 6.46098E+00    1.74050E+01
 6.52602E+00    1.65998E+01
 6.58347E+00    1.58953E+01
 6.63415E+00    1.52788E+01
 6.67881E+00    1.47394E+01
 6.75770E+00    1.37954E+01
 6.81748E+00    1.30874E+01
 6.86266E+00    1.25564E+01
 6.93099E+00    1.17600E+01
 7.00000E+00    1.09635E+01
 7.05866E+00    1.05981E+01
 7.11411E+00    1.02555E+01
 7.16648E+00    9.93435E+00
 7.21593E+00    9.63326E+00
 7.30958E+00    9.06872E+00
 7.39251E+00    8.57474E+00
 7.46585E+00    8.14251E+00
 7.53062E+00    7.76431E+00
 7.58775E+00    7.43339E+00
 7.63810E+00    7.14383E+00
 7.68242E+00    6.89046E+00
 7.76062E+00    6.44707E+00
 7.81978E+00    6.11453E+00
 7.86445E+00    5.86513E+00
 7.93194E+00    5.49102E+00
 8.00000E+00    5.11691E+00
 8.05911E+00    4.94149E+00
 8.11492E+00    4.77703E+00
 8.16759E+00    4.62285E+00
 8.26728E+00    4.33377E+00
 8.35550E+00    4.08082E+00
 8.43347E+00    3.85949E+00
 8.50229E+00    3.66583E+00
 8.56297E+00    3.49637E+00
 8.61641E+00    3.34810E+00
 8.66345E+00    3.21836E+00
 8.74639E+00    2.99131E+00
 8.80912E+00    2.82103E+00
 8.85645E+00    2.69332E+00
 8.92794E+00    2.50175E+00
 9.00000E+00    2.31018E+00
 9.05946E+00    2.22926E+00
 9.11556E+00    2.15339E+00
 9.22169E+00    2.01114E+00
 9.31557E+00    1.88667E+00
 9.39849E+00    1.77776E+00
 9.47165E+00    1.68246E+00
 9.53614E+00    1.59908E+00
 9.59292E+00    1.52612E+00
 9.64289E+00    1.46228E+00
 9.73095E+00    1.35056E+00
 9.79753E+00    1.26676E+00
 9.84776E+00    1.20392E+00
 9.92359E+00    1.10966E+00
 1.00000E+01    1.01539E+00
 1.00597E+01    9.76418E-01
 1.01161E+01    9.39881E-01
 1.02226E+01    8.71375E-01
 1.03167E+01    8.11433E-01
 1.03997E+01    7.58983E-01
 1.04729E+01    7.13089E-01
 1.05374E+01    6.72933E-01
 1.05941E+01    6.37795E-01
 1.06440E+01    6.07050E-01
 1.07319E+01    5.53246E-01
 1.07983E+01    5.12894E-01
 1.08484E+01    4.82629E-01
 1.09239E+01    4.37232E-01
 1.10000E+01    3.91835E-01
 1.10600E+01    3.75163E-01
 1.11165E+01    3.59533E-01
 1.11698E+01    3.44879E-01
 1.12703E+01    3.17405E-01
 1.13591E+01    2.93364E-01
 1.14373E+01    2.72329E-01
 1.15061E+01    2.53923E-01
 1.15667E+01    2.37817E-01
 1.16200E+01    2.23725E-01
 1.16669E+01    2.11395E-01
 1.17493E+01    1.89816E-01
 1.18115E+01    1.73633E-01
 1.18583E+01    1.61495E-01
 1.19289E+01    1.43288E-01
 1.19644E+01    1.34184E-01
 1.20000E+01    1.25081E-01
 1.20602E+01    1.19657E-01
 1.21169E+01    1.14573E-01
 1.22239E+01    1.05039E-01
 1.23183E+01    9.66970E-02
 1.24015E+01    8.93978E-02
 1.24748E+01    8.30110E-02
 1.25393E+01    7.74225E-02
 1.25960E+01    7.25326E-02
 1.26458E+01    6.82539E-02
 1.26895E+01    6.45101E-02
 1.27664E+01    5.79583E-02
 1.28244E+01    5.30445E-02
 1.28681E+01    4.93592E-02
 1.29339E+01    4.38312E-02
 1.30000E+01    3.83032E-02
 1.31210E+01    3.51414E-02
 1.32278E+01    3.23749E-02
 1.33219E+01    2.99542E-02
 1.34049E+01    2.78361E-02
 1.34778E+01    2.59827E-02
 1.35420E+01    2.43610E-02
 1.35984E+01    2.29420E-02
 1.36480E+01    2.17004E-02
 1.37352E+01    1.95276E-02
 1.38009E+01    1.78980E-02
 1.38504E+01    1.66758E-02
 1.39250E+01    1.48425E-02
 1.40000E+01    1.30092E-02
 1.40615E+01    1.23742E-02
 1.41699E+01    1.12629E-02
 1.42517E+01    1.04294E-02
 1.43134E+01    9.80436E-03
 1.44064E+01    8.86672E-03
 1.45000E+01    7.92908E-03
 1.45616E+01    7.55629E-03
 1.46700E+01    6.90390E-03
 1.47518E+01    6.41460E-03
 1.48135E+01    6.04764E-03
 1.49064E+01    5.49718E-03
 1.50000E+01    4.94673E-03
 1.51215E+01    4.58319E-03
 1.52286E+01    4.26508E-03
 1.53230E+01    3.98675E-03
 1.54060E+01    3.74320E-03
 1.54790E+01    3.53010E-03
 1.55432E+01    3.34363E-03
 1.56562E+01    3.01732E-03
 1.57414E+01    2.77258E-03
 1.58057E+01    2.58903E-03
 1.59025E+01    2.31371E-03
 1.60000E+01    2.03838E-03
 1.61217E+01    1.89527E-03
 1.62290E+01    1.77005E-03
 1.63234E+01    1.66048E-03
 1.64065E+01    1.56460E-03
 1.64795E+01    1.48071E-03
 1.65437E+01    1.40731E-03
 1.66566E+01    1.27886E-03
 1.67418E+01    1.18251E-03
 1.68060E+01    1.11026E-03
 1.69027E+01    1.00187E-03
 1.70000E+01    8.93490E-04
 1.71219E+01    8.33143E-04
 1.72293E+01    7.80339E-04
 1.73238E+01    7.34136E-04
 1.74069E+01    6.93708E-04
 1.74800E+01    6.58334E-04
 1.76085E+01    5.96429E-04
 1.77056E+01    5.50000E-04
 1.77787E+01    5.15179E-04
 1.78890E+01    4.62946E-04
 1.80000E+01    4.10714E-04
 1.81221E+01    3.83849E-04
 1.82295E+01    3.60342E-04
 1.83241E+01    3.39773E-04
 1.84073E+01    3.21776E-04
 1.84803E+01    3.06028E-04
 1.86089E+01    2.78469E-04
 1.87059E+01    2.57800E-04
 1.87790E+01    2.42298E-04
 1.88892E+01    2.19046E-04
 1.90000E+01    1.95793E-04
 1.91222E+01    1.83479E-04
 1.92298E+01    1.72704E-04
 1.93244E+01    1.63276E-04
 1.94076E+01    1.55027E-04
 1.95540E+01    1.40590E-04
 1.96646E+01    1.29763E-04
 1.97479E+01    1.21642E-04
 1.98736E+01    1.09461E-04
 2.00000E+01    9.72807E-05
