# n + Fe 57 : (n,n'01)  
# tendl.2019 A.J. Koning and D. Rochman        EVAL-NOV19
# uncertainties: y
# # energies =    94
#   E(MeV)       xs(mb)       xslow(mb)      xsupp(mb)
 1.90000E-01    0.00000E+00    0.00000E+00    0.00000E+00
 1.91630E-01    7.97572E+02    7.06952E+02    8.88192E+02
 1.94300E-01    7.92863E+02    7.02778E+02    8.82948E+02
 1.98000E-01    7.86417E+02    6.97065E+02    8.75769E+02
 2.00000E-01    7.82973E+02    6.94012E+02    8.71934E+02
 2.10000E-01    7.73919E+02    6.85987E+02    8.61851E+02
 2.20000E-01    7.65037E+02    6.78114E+02    8.51960E+02
 2.30000E-01    7.56788E+02    6.70802E+02    8.42774E+02
 2.50000E-01    7.40843E+02    6.56669E+02    8.25017E+02
 2.60000E-01    7.32923E+02    6.49649E+02    8.16197E+02
 2.70000E-01    7.25208E+02    6.42810E+02    8.07606E+02
 3.00000E-01    7.03487E+02    6.23557E+02    7.83417E+02
 3.30000E-01    6.81532E+02    6.04097E+02    7.58967E+02
 3.60000E-01    6.62330E+02    5.87076E+02    7.37584E+02
 3.73256E-01    6.38384E+02    5.65851E+02    7.10917E+02
 4.00000E-01    5.90072E+02    5.23028E+02    6.57116E+02
 4.20000E-01    5.80131E+02    5.14217E+02    6.46045E+02
 4.40000E-01    5.77589E+02    5.11964E+02    6.43214E+02
 4.60000E-01    5.78459E+02    5.12735E+02    6.44183E+02
 5.00000E-01    5.80511E+02    5.05909E+02    6.55113E+02
 5.50000E-01    5.82960E+02    5.08044E+02    6.57877E+02
 6.00000E-01    5.89281E+02    5.13552E+02    6.65010E+02
 6.50000E-01    5.95545E+02    5.19011E+02    6.72079E+02
 7.00000E-01    6.02685E+02    5.25234E+02    6.80136E+02
 7.18931E-01    5.90071E+02    5.14241E+02    6.65902E+02
 7.50000E-01    5.69370E+02    4.96200E+02    6.42540E+02
 8.00000E-01    5.76592E+02    4.89948E+02    6.63236E+02
 9.00000E-01    5.64619E+02    4.79774E+02    6.49464E+02
 1.00000E+00    5.59722E+02    4.75613E+02    6.43831E+02
 1.02497E+00    5.56425E+02    4.72811E+02    6.40039E+02
 1.16009E+00    5.38583E+02    4.57651E+02    6.19516E+02
 1.21903E+00    5.30801E+02    4.51037E+02    6.10564E+02
 1.25000E+00    5.26711E+02    4.54932E+02    5.98490E+02
 1.28794E+00    5.16062E+02    4.45735E+02    5.86390E+02
 1.38087E+00    4.89979E+02    4.23206E+02    5.56753E+02
 1.50000E+00    4.56543E+02    3.94327E+02    5.18759E+02
 1.65608E+00    4.09797E+02    3.53951E+02    4.65643E+02
 1.75000E+00    3.81668E+02    3.29655E+02    4.33681E+02
 1.75595E+00    3.80168E+02    3.28360E+02    4.31976E+02
 2.00000E+00    3.18647E+02    2.76536E+02    3.60758E+02
 2.01165E+00    3.15540E+02    2.73840E+02    3.57241E+02
 2.02491E+00    3.12004E+02    2.70771E+02    3.53237E+02
 2.02627E+00    3.11641E+02    2.70456E+02    3.52827E+02
 2.15055E+00    2.78498E+02    2.41693E+02    3.15304E+02
 2.15613E+00    2.77010E+02    2.40402E+02    3.13619E+02
 2.24598E+00    2.53049E+02    2.19607E+02    2.86491E+02
 2.25000E+00    2.51977E+02    2.18677E+02    2.85277E+02
 2.25695E+00    2.50455E+02    2.17356E+02    2.83554E+02
 2.25953E+00    2.49890E+02    2.16865E+02    2.82915E+02
 2.37170E+00    2.25325E+02    1.95547E+02    2.55103E+02
 2.39770E+00    2.19631E+02    1.90606E+02    2.48657E+02
 2.39977E+00    2.19178E+02    1.90212E+02    2.48144E+02
 2.49905E+00    1.97436E+02    1.71344E+02    2.23529E+02
 2.50000E+00    1.97228E+02    1.71163E+02    2.23293E+02
 2.52459E+00    1.92767E+02    1.67292E+02    2.18242E+02
 2.54967E+00    1.88217E+02    1.63343E+02    2.13091E+02
 2.60965E+00    1.77335E+02    1.53899E+02    2.00771E+02
 2.62011E+00    1.75438E+02    1.52252E+02    1.98623E+02
 2.63955E+00    1.71911E+02    1.49192E+02    1.94630E+02
 2.64545E+00    1.70840E+02    1.48263E+02    1.93418E+02
 2.74495E+00    1.52789E+02    1.32597E+02    1.72981E+02
 2.75000E+00    1.51873E+02    1.31802E+02    1.71944E+02
 3.00000E+00    1.20004E+02    6.96691E+01    1.70339E+02
 3.50000E+00    7.80457E+01    4.53099E+01    1.10781E+02
 4.00000E+00    5.25272E+01    3.04950E+01    7.45594E+01
 4.50000E+00    3.59196E+01    2.08533E+01    5.09858E+01
 5.00000E+00    2.46250E+01    6.19905E+00    4.30509E+01
 5.50000E+00    1.68463E+01    4.24085E+00    2.94517E+01
 6.00000E+00    1.15383E+01    2.90463E+00    2.01720E+01
 6.50000E+00    7.88520E+00    1.98500E+00    1.37854E+01
 7.00000E+00    5.39924E+00    0.00000E+00    1.11753E+01
 7.50000E+00    3.69967E+00    0.00000E+00    7.65752E+00
 8.00000E+00    2.55856E+00    0.00000E+00    5.29567E+00
 8.50000E+00    1.77131E+00    0.00000E+00    3.66623E+00
 9.00000E+00    1.23696E+00    0.00000E+00    2.56024E+00
 9.50000E+00    8.63112E-01    0.00000E+00    1.78646E+00
 1.00000E+01    6.08896E-01    0.00000E+00    1.29824E+00
 1.10000E+01    3.03540E-01    0.00000E+00    6.47186E-01
 1.20000E+01    1.50845E-01    0.00000E+00    3.21621E-01
 1.30000E+01    7.55719E-02    0.00000E+00    1.65313E-01
 1.45000E+01    2.71850E-02    0.00000E+00    5.94669E-02
 1.60000E+01    1.00987E-02    0.00000E+00    2.26413E-02
 1.75000E+01    3.85922E-03    0.00000E+00    8.65237E-03
 2.00000E+01    8.34228E-04    0.00000E+00    1.87034E-03
 2.10000E+01    4.63256E-04    0.00000E+00    1.03862E-03
 2.20000E+01    2.59258E-04    0.00000E+00    5.98286E-04
 2.30000E+01    1.46411E-04    0.00000E+00    3.37870E-04
 2.40000E+01    8.34441E-05    0.00000E+00    1.92563E-04
 2.50000E+01    4.78762E-05    0.00000E+00    1.10483E-04
 2.60000E+01    2.73736E-05    0.00000E+00    6.54514E-05
 2.70000E+01    1.59798E-05    0.00000E+00    3.82083E-05
 2.80000E+01    9.41085E-06    0.00000E+00    2.25017E-05
 2.90000E+01    5.58447E-06    0.00000E+00    1.33527E-05
 3.00000E+01    3.34543E-06    0.00000E+00    7.99905E-06
