# n + W 180 : (n,n'37)  
# jendl4.0   N.Iwamoto                         EVAL-Feb10
# uncertainties: n
# # energies =    41
#   E(MeV)       xs(mb) 
 1.86556E+00    0.00000E+00
 1.90000E+00    9.61642E+00
 2.00000E+00    1.74169E+01
 2.25000E+00    2.47857E+01
 2.50000E+00    2.24818E+01
 2.75000E+00    1.78572E+01
 3.00000E+00    1.23057E+01
 3.50000E+00    5.44503E+00
 4.00000E+00    2.26629E+00
 4.50000E+00    9.38545E-01
 5.00000E+00    4.05282E-01
 5.50000E+00    1.94359E-01
 6.00000E+00    1.10410E-01
 6.50000E+00    7.57161E-02
 7.00000E+00    6.02006E-02
 7.50000E+00    5.21393E-02
 8.00000E+00    4.70445E-02
 8.50000E+00    4.32423E-02
 9.00000E+00    4.01074E-02
 9.50000E+00    3.73893E-02
 1.00000E+01    3.49676E-02
 1.05000E+01    3.27802E-02
 1.10000E+01    3.07797E-02
 1.15000E+01    2.89364E-02
 1.20000E+01    2.72308E-02
 1.25000E+01    2.56531E-02
 1.30000E+01    2.41947E-02
 1.35000E+01    2.28497E-02
 1.40000E+01    2.16126E-02
 1.45000E+01    2.04761E-02
 1.50000E+01    1.94319E-02
 1.55000E+01    1.84709E-02
 1.60000E+01    1.75832E-02
 1.65000E+01    1.67588E-02
 1.70000E+01    1.59881E-02
 1.75000E+01    1.52627E-02
 1.80000E+01    1.45763E-02
 1.85000E+01    1.39245E-02
 1.90000E+01    1.33045E-02
 1.95000E+01    1.27146E-02
 2.00000E+01    1.21543E-02
