# n + Mo 97 : (n,non)   
# tendl.2019 A.J. Koning and D. Rochman        EVAL-NOV19
# uncertainties: y
# # energies =   991
#   E(MeV)       xs(mb)       xslow(mb)      xsupp(mb)
 1.00000E-11    2.01110E-02    2.01110E-02    2.01110E-02
 1.03223E-11    1.97945E-02    1.97945E-02    1.97945E-02
 1.06549E-11    1.94831E-02    1.94831E-02    1.94831E-02
 1.09984E-11    1.91765E-02    1.91765E-02    1.91765E-02
 1.13527E-11    1.88749E-02    1.88749E-02    1.88749E-02
 1.17186E-11    1.85778E-02    1.85778E-02    1.85778E-02
 1.20962E-11    1.82856E-02    1.82856E-02    1.82856E-02
 1.24861E-11    1.79978E-02    1.79978E-02    1.79978E-02
 1.28884E-11    1.77147E-02    1.77147E-02    1.77147E-02
 1.33038E-11    1.74360E-02    1.74360E-02    1.74360E-02
 1.37325E-11    1.71617E-02    1.71617E-02    1.71617E-02
 1.41751E-11    1.68916E-02    1.68916E-02    1.68916E-02
 1.46318E-11    1.66259E-02    1.66259E-02    1.66259E-02
 1.51034E-11    1.63642E-02    1.63642E-02    1.63642E-02
 1.55901E-11    1.61068E-02    1.61068E-02    1.61068E-02
 1.60926E-11    1.58534E-02    1.58534E-02    1.58534E-02
 1.66111E-11    1.56040E-02    1.56040E-02    1.56040E-02
 1.71465E-11    1.53584E-02    1.53584E-02    1.53584E-02
 1.76990E-11    1.51168E-02    1.51168E-02    1.51168E-02
 1.82694E-11    1.48789E-02    1.48789E-02    1.48789E-02
 1.88581E-11    1.46449E-02    1.46449E-02    1.46449E-02
 1.94659E-11    1.44144E-02    1.44144E-02    1.44144E-02
 2.00931E-11    1.41876E-02    1.41876E-02    1.41876E-02
 2.07407E-11    1.39644E-02    1.39644E-02    1.39644E-02
 2.14090E-11    1.37447E-02    1.37447E-02    1.37447E-02
 2.20991E-11    1.35284E-02    1.35284E-02    1.35284E-02
 2.28111E-11    1.33156E-02    1.33156E-02    1.33156E-02
 2.35464E-11    1.31061E-02    1.31061E-02    1.31061E-02
 2.43051E-11    1.28999E-02    1.28999E-02    1.28999E-02
 2.50884E-11    1.26969E-02    1.26969E-02    1.26969E-02
 2.58968E-11    1.24971E-02    1.24971E-02    1.24971E-02
 2.67315E-11    1.23005E-02    1.23005E-02    1.23005E-02
 2.75928E-11    1.21070E-02    1.21070E-02    1.21070E-02
 2.84822E-11    1.19165E-02    1.19165E-02    1.19165E-02
 2.93999E-11    1.17290E-02    1.17290E-02    1.17290E-02
 3.03475E-11    1.15444E-02    1.15444E-02    1.15444E-02
 3.13253E-11    1.13628E-02    1.13628E-02    1.13628E-02
 3.23350E-11    1.11840E-02    1.11840E-02    1.11840E-02
 3.33769E-11    1.10081E-02    1.10081E-02    1.10081E-02
 3.44526E-11    1.08349E-02    1.08349E-02    1.08349E-02
 3.55627E-11    1.06644E-02    1.06644E-02    1.06644E-02
 3.67089E-11    1.04966E-02    1.04966E-02    1.04966E-02
 3.78918E-11    1.03315E-02    1.03315E-02    1.03315E-02
 3.91130E-11    1.01689E-02    1.01689E-02    1.01689E-02
 4.03734E-11    1.00089E-02    1.00089E-02    1.00089E-02
 4.16746E-11    9.85141E-03    9.85141E-03    9.85141E-03
 4.30174E-11    9.69643E-03    9.69643E-03    9.69643E-03
 4.44039E-11    9.54385E-03    9.54385E-03    9.54385E-03
 4.58347E-11    9.39370E-03    9.39370E-03    9.39370E-03
 4.73119E-11    9.24589E-03    9.24589E-03    9.24589E-03
 4.88364E-11    9.10043E-03    9.10043E-03    9.10043E-03
 5.04104E-11    8.95723E-03    8.95723E-03    8.95723E-03
 5.20348E-11    8.81631E-03    8.81631E-03    8.81631E-03
 5.37119E-11    8.67759E-03    8.67759E-03    8.67759E-03
 5.54426E-11    8.54107E-03    8.54107E-03    8.54107E-03
 5.72295E-11    8.40667E-03    8.40667E-03    8.40667E-03
 5.90736E-11    8.27441E-03    8.27441E-03    8.27441E-03
 6.09775E-11    8.14421E-03    8.14421E-03    8.14421E-03
 6.29424E-11    8.01609E-03    8.01609E-03    8.01609E-03
 6.49710E-11    7.88995E-03    7.88995E-03    7.88995E-03
 6.70645E-11    7.76582E-03    7.76582E-03    7.76582E-03
 6.92260E-11    7.64363E-03    7.64363E-03    7.64363E-03
 7.14566E-11    7.52337E-03    7.52337E-03    7.52337E-03
 7.37596E-11    7.40499E-03    7.40499E-03    7.40499E-03
 7.61364E-11    7.28849E-03    7.28849E-03    7.28849E-03
 7.85902E-11    7.17381E-03    7.17381E-03    7.17381E-03
 8.11227E-11    7.06095E-03    7.06095E-03    7.06095E-03
 8.37372E-11    6.94984E-03    6.94984E-03    6.94984E-03
 8.64355E-11    6.84050E-03    6.84050E-03    6.84050E-03
 8.92212E-11    6.73287E-03    6.73287E-03    6.73287E-03
 9.20962E-11    6.62694E-03    6.62694E-03    6.62694E-03
 9.50644E-11    6.52266E-03    6.52266E-03    6.52266E-03
 9.81277E-11    6.42005E-03    6.42005E-03    6.42005E-03
 1.01291E-10    6.31901E-03    6.31901E-03    6.31901E-03
 1.04554E-10    6.21961E-03    6.21961E-03    6.21961E-03
 1.07924E-10    6.12173E-03    6.12173E-03    6.12173E-03
 1.11402E-10    6.02544E-03    6.02544E-03    6.02544E-03
 1.14992E-10    5.93061E-03    5.93061E-03    5.93061E-03
 1.18697E-10    5.83732E-03    5.83732E-03    5.83732E-03
 1.22523E-10    5.74546E-03    5.74546E-03    5.74546E-03
 1.26471E-10    5.65508E-03    5.65508E-03    5.65508E-03
 1.30547E-10    5.56609E-03    5.56609E-03    5.56609E-03
 1.34754E-10    5.47853E-03    5.47853E-03    5.47853E-03
 1.39097E-10    5.39231E-03    5.39231E-03    5.39231E-03
 1.43579E-10    5.30749E-03    5.30749E-03    5.30749E-03
 1.48207E-10    5.22396E-03    5.22396E-03    5.22396E-03
 1.52982E-10    5.14179E-03    5.14179E-03    5.14179E-03
 1.57913E-10    5.06087E-03    5.06087E-03    5.06087E-03
 1.63001E-10    4.98126E-03    4.98126E-03    4.98126E-03
 1.68254E-10    4.90287E-03    4.90287E-03    4.90287E-03
 1.73676E-10    4.82574E-03    4.82574E-03    4.82574E-03
 1.79274E-10    4.74980E-03    4.74980E-03    4.74980E-03
 1.85050E-10    4.67508E-03    4.67508E-03    4.67508E-03
 1.91014E-10    4.60152E-03    4.60152E-03    4.60152E-03
 1.97169E-10    4.52913E-03    4.52913E-03    4.52913E-03
 2.03524E-10    4.45786E-03    4.45786E-03    4.45786E-03
 2.10082E-10    4.38773E-03    4.38773E-03    4.38773E-03
 2.16853E-10    4.31868E-03    4.31868E-03    4.31868E-03
 2.23840E-10    4.25074E-03    4.25074E-03    4.25074E-03
 2.31055E-10    4.18385E-03    4.18385E-03    4.18385E-03
 2.38500E-10    4.11803E-03    4.11803E-03    4.11803E-03
 2.46187E-10    4.05323E-03    4.05323E-03    4.05323E-03
 2.54120E-10    3.98947E-03    3.98947E-03    3.98947E-03
 2.62310E-10    3.92669E-03    3.92669E-03    3.92669E-03
 2.70762E-10    3.86492E-03    3.86492E-03    3.86492E-03
 2.79489E-10    3.80410E-03    3.80410E-03    3.80410E-03
 2.88494E-10    3.74425E-03    3.74425E-03    3.74425E-03
 2.97793E-10    3.68533E-03    3.68533E-03    3.68533E-03
 3.07388E-10    3.62736E-03    3.62736E-03    3.62736E-03
 3.17295E-10    3.57028E-03    3.57028E-03    3.57028E-03
 3.27519E-10    3.51411E-03    3.51411E-03    3.51411E-03
 3.38075E-10    3.45881E-03    3.45881E-03    3.45881E-03
 3.48969E-10    3.40440E-03    3.40440E-03    3.40440E-03
 3.60216E-10    3.35083E-03    3.35083E-03    3.35083E-03
 3.71823E-10    3.29811E-03    3.29811E-03    3.29811E-03
 3.83807E-10    3.24622E-03    3.24622E-03    3.24622E-03
 3.96174E-10    3.19515E-03    3.19515E-03    3.19515E-03
 4.08943E-10    3.14487E-03    3.14487E-03    3.14487E-03
 4.22120E-10    3.09539E-03    3.09539E-03    3.09539E-03
 4.35725E-10    3.04669E-03    3.04669E-03    3.04669E-03
 4.49765E-10    2.99876E-03    2.99876E-03    2.99876E-03
 4.64261E-10    2.95157E-03    2.95157E-03    2.95157E-03
 4.79221E-10    2.90513E-03    2.90513E-03    2.90513E-03
 4.94666E-10    2.85942E-03    2.85942E-03    2.85942E-03
 5.10605E-10    2.81444E-03    2.81444E-03    2.81444E-03
 5.27062E-10    2.77015E-03    2.77015E-03    2.77015E-03
 5.44045E-10    2.72657E-03    2.72657E-03    2.72657E-03
 5.61580E-10    2.68366E-03    2.68366E-03    2.68366E-03
 5.79675E-10    2.64144E-03    2.64144E-03    2.64144E-03
 5.98358E-10    2.59988E-03    2.59988E-03    2.59988E-03
 6.17639E-10    2.55898E-03    2.55898E-03    2.55898E-03
 6.37545E-10    2.51871E-03    2.51871E-03    2.51871E-03
 6.58089E-10    2.47909E-03    2.47909E-03    2.47909E-03
 6.79298E-10    2.44008E-03    2.44008E-03    2.44008E-03
 7.01188E-10    2.40169E-03    2.40169E-03    2.40169E-03
 7.23786E-10    2.36390E-03    2.36390E-03    2.36390E-03
 7.47109E-10    2.32671E-03    2.32671E-03    2.32671E-03
 7.71188E-10    2.29010E-03    2.29010E-03    2.29010E-03
 7.96038E-10    2.25407E-03    2.25407E-03    2.25407E-03
 8.21693E-10    2.21860E-03    2.21860E-03    2.21860E-03
 8.48171E-10    2.18370E-03    2.18370E-03    2.18370E-03
 8.75507E-10    2.14934E-03    2.14934E-03    2.14934E-03
 9.03719E-10    2.11552E-03    2.11552E-03    2.11552E-03
 9.32845E-10    2.08223E-03    2.08223E-03    2.08223E-03
 9.62904E-10    2.04947E-03    2.04947E-03    2.04947E-03
 9.93937E-10    2.01723E-03    2.01723E-03    2.01723E-03
 1.02597E-09    1.98549E-03    1.98549E-03    1.98549E-03
 1.05903E-09    1.95425E-03    1.95425E-03    1.95425E-03
 1.09316E-09    1.92350E-03    1.92350E-03    1.92350E-03
 1.12839E-09    1.89324E-03    1.89324E-03    1.89324E-03
 1.16475E-09    1.86345E-03    1.86345E-03    1.86345E-03
 1.20229E-09    1.83413E-03    1.83413E-03    1.83413E-03
 1.24103E-09    1.80527E-03    1.80527E-03    1.80527E-03
 1.28103E-09    1.77687E-03    1.77687E-03    1.77687E-03
 1.32231E-09    1.74891E-03    1.74891E-03    1.74891E-03
 1.36492E-09    1.72139E-03    1.72139E-03    1.72139E-03
 1.40890E-09    1.69431E-03    1.69431E-03    1.69431E-03
 1.45431E-09    1.66765E-03    1.66765E-03    1.66765E-03
 1.50117E-09    1.64141E-03    1.64141E-03    1.64141E-03
 1.54956E-09    1.61559E-03    1.61559E-03    1.61559E-03
 1.59949E-09    1.59017E-03    1.59017E-03    1.59017E-03
 1.65104E-09    1.56515E-03    1.56515E-03    1.56515E-03
 1.70424E-09    1.54052E-03    1.54052E-03    1.54052E-03
 1.75917E-09    1.51628E-03    1.51628E-03    1.51628E-03
 1.81585E-09    1.49243E-03    1.49243E-03    1.49243E-03
 1.87438E-09    1.46894E-03    1.46894E-03    1.46894E-03
 1.93477E-09    1.44583E-03    1.44583E-03    1.44583E-03
 1.99713E-09    1.42308E-03    1.42308E-03    1.42308E-03
 2.06148E-09    1.40069E-03    1.40069E-03    1.40069E-03
 2.12792E-09    1.37865E-03    1.37865E-03    1.37865E-03
 2.19649E-09    1.35696E-03    1.35696E-03    1.35696E-03
 2.26728E-09    1.33561E-03    1.33561E-03    1.33561E-03
 2.34034E-09    1.31460E-03    1.31460E-03    1.31460E-03
 2.41577E-09    1.29391E-03    1.29391E-03    1.29391E-03
 2.49362E-09    1.27356E-03    1.27356E-03    1.27356E-03
 2.57398E-09    1.25352E-03    1.25352E-03    1.25352E-03
 2.65692E-09    1.23380E-03    1.23380E-03    1.23380E-03
 2.74255E-09    1.21438E-03    1.21438E-03    1.21438E-03
 2.83093E-09    1.19528E-03    1.19528E-03    1.19528E-03
 2.92217E-09    1.17647E-03    1.17647E-03    1.17647E-03
 3.01633E-09    1.15796E-03    1.15796E-03    1.15796E-03
 3.11354E-09    1.13974E-03    1.13974E-03    1.13974E-03
 3.21387E-09    1.12181E-03    1.12181E-03    1.12181E-03
 3.31745E-09    1.10416E-03    1.10416E-03    1.10416E-03
 3.42435E-09    1.08679E-03    1.08679E-03    1.08679E-03
 3.53471E-09    1.06969E-03    1.06969E-03    1.06969E-03
 3.64861E-09    1.05286E-03    1.05286E-03    1.05286E-03
 3.76620E-09    1.03629E-03    1.03629E-03    1.03629E-03
 3.88757E-09    1.01999E-03    1.01999E-03    1.01999E-03
 4.01286E-09    1.00394E-03    1.00394E-03    1.00394E-03
 4.14217E-09    9.88143E-04    9.88143E-04    9.88143E-04
 4.27566E-09    9.72595E-04    9.72595E-04    9.72595E-04
 4.41344E-09    9.57294E-04    9.57294E-04    9.57294E-04
 4.55568E-09    9.42232E-04    9.42232E-04    9.42232E-04
 4.70248E-09    9.27409E-04    9.27409E-04    9.27409E-04
 4.85404E-09    9.12817E-04    9.12817E-04    9.12817E-04
 5.01045E-09    8.98458E-04    8.98458E-04    8.98458E-04
 5.17193E-09    8.84322E-04    8.84322E-04    8.84322E-04
 5.33859E-09    8.70412E-04    8.70412E-04    8.70412E-04
 5.51065E-09    8.56719E-04    8.56719E-04    8.56719E-04
 5.68822E-09    8.43244E-04    8.43244E-04    8.43244E-04
 5.87154E-09    8.29981E-04    8.29981E-04    8.29981E-04
 6.06075E-09    8.16929E-04    8.16929E-04    8.16929E-04
 6.25608E-09    8.04082E-04    8.04082E-04    8.04082E-04
 6.45767E-09    7.91442E-04    7.91442E-04    7.91442E-04
 6.66579E-09    7.79000E-04    7.79000E-04    7.79000E-04
 6.88059E-09    7.66759E-04    7.66759E-04    7.66759E-04
 7.10234E-09    7.54713E-04    7.54713E-04    7.54713E-04
 7.33121E-09    7.42861E-04    7.42861E-04    7.42861E-04
 7.56748E-09    7.31198E-04    7.31198E-04    7.31198E-04
 7.81133E-09    7.19725E-04    7.19725E-04    7.19725E-04
 8.06308E-09    7.08436E-04    7.08436E-04    7.08436E-04
 8.32291E-09    6.97333E-04    6.97333E-04    6.97333E-04
 8.59114E-09    6.86408E-04    6.86408E-04    6.86408E-04
 8.86798E-09    6.75664E-04    6.75664E-04    6.75664E-04
 9.15378E-09    6.65093E-04    6.65093E-04    6.65093E-04
 9.44875E-09    6.54696E-04    6.54696E-04    6.54696E-04
 9.75327E-09    6.44468E-04    6.44468E-04    6.44468E-04
 1.00676E-08    6.34406E-04    6.34406E-04    6.34406E-04
 1.03920E-08    6.24506E-04    6.24506E-04    6.24506E-04
 1.07269E-08    6.14765E-04    6.14765E-04    6.14765E-04
 1.10726E-08    6.05177E-04    6.05177E-04    6.05177E-04
 1.14294E-08    5.95741E-04    5.95741E-04    5.95741E-04
 1.17978E-08    5.86450E-04    5.86450E-04    5.86450E-04
 1.21779E-08    5.77303E-04    5.77303E-04    5.77303E-04
 1.25704E-08    5.68293E-04    5.68293E-04    5.68293E-04
 1.29755E-08    5.59420E-04    5.59420E-04    5.59420E-04
 1.33937E-08    5.50676E-04    5.50676E-04    5.50676E-04
 1.38253E-08    5.42064E-04    5.42064E-04    5.42064E-04
 1.42708E-08    5.33577E-04    5.33577E-04    5.33577E-04
 1.47307E-08    5.25216E-04    5.25216E-04    5.25216E-04
 1.52054E-08    5.16977E-04    5.16977E-04    5.16977E-04
 1.56954E-08    5.08861E-04    5.08861E-04    5.08861E-04
 1.62012E-08    5.00864E-04    5.00864E-04    5.00864E-04
 1.67233E-08    4.92988E-04    4.92988E-04    4.92988E-04
 1.72623E-08    4.85229E-04    4.85229E-04    4.85229E-04
 1.78185E-08    4.77589E-04    4.77589E-04    4.77589E-04
 1.83928E-08    4.70063E-04    4.70063E-04    4.70063E-04
 1.89855E-08    4.62655E-04    4.62655E-04    4.62655E-04
 1.95974E-08    4.55363E-04    4.55363E-04    4.55363E-04
 2.02289E-08    4.48188E-04    4.48188E-04    4.48188E-04
 2.08808E-08    4.41132E-04    4.41132E-04    4.41132E-04
 2.15537E-08    4.34196E-04    4.34196E-04    4.34196E-04
 2.22483E-08    4.27380E-04    4.27380E-04    4.27380E-04
 2.29652E-08    4.20686E-04    4.20686E-04    4.20686E-04
 2.37054E-08    4.14110E-04    4.14110E-04    4.14110E-04
 2.44693E-08    4.07651E-04    4.07651E-04    4.07651E-04
 2.52522E-08    4.01344E-04    4.01344E-04    4.01344E-04
 2.53000E-08    4.00969E-04    4.00969E-04    4.00969E-04
 2.61154E-08    3.94725E-04    3.94725E-04    3.94725E-04
 2.69569E-08    3.88572E-04    3.88572E-04    3.88572E-04
 2.78257E-08    3.82501E-04    3.82501E-04    3.82501E-04
 2.87832E-08    3.76111E-04    3.76111E-04    3.76111E-04
 2.97737E-08    3.69803E-04    3.69803E-04    3.69803E-04
 3.07331E-08    3.63967E-04    3.63967E-04    3.63967E-04
 3.17236E-08    3.58207E-04    3.58207E-04    3.58207E-04
 3.27458E-08    3.52531E-04    3.52531E-04    3.52531E-04
 3.38012E-08    3.46941E-04    3.46941E-04    3.46941E-04
 3.48904E-08    3.41444E-04    3.41444E-04    3.41444E-04
 3.60149E-08    3.36038E-04    3.36038E-04    3.36038E-04
 3.71754E-08    3.30725E-04    3.30725E-04    3.30725E-04
 3.83735E-08    3.25504E-04    3.25504E-04    3.25504E-04
 3.96101E-08    3.20372E-04    3.20372E-04    3.20372E-04
 4.08866E-08    3.15326E-04    3.15326E-04    3.15326E-04
 4.22042E-08    3.10363E-04    3.10363E-04    3.10363E-04
 4.35643E-08    3.05477E-04    3.05477E-04    3.05477E-04
 4.49682E-08    3.00669E-04    3.00669E-04    3.00669E-04
 4.64174E-08    2.95936E-04    2.95936E-04    2.95936E-04
 4.79132E-08    2.91279E-04    2.91279E-04    2.91279E-04
 4.94573E-08    2.86698E-04    2.86698E-04    2.86698E-04
 5.10510E-08    2.82190E-04    2.82190E-04    2.82190E-04
 5.26963E-08    2.77752E-04    2.77752E-04    2.77752E-04
 5.43944E-08    2.73381E-04    2.73381E-04    2.73381E-04
 5.61475E-08    2.69075E-04    2.69075E-04    2.69075E-04
 5.79568E-08    2.64838E-04    2.64838E-04    2.64838E-04
 5.98246E-08    2.60671E-04    2.60671E-04    2.60671E-04
 6.17524E-08    2.56576E-04    2.56576E-04    2.56576E-04
 6.37426E-08    2.52545E-04    2.52545E-04    2.52545E-04
 6.57966E-08    2.48573E-04    2.48573E-04    2.48573E-04
 6.79172E-08    2.44655E-04    2.44655E-04    2.44655E-04
 7.01057E-08    2.40797E-04    2.40797E-04    2.40797E-04
 7.23651E-08    2.37004E-04    2.37004E-04    2.37004E-04
 7.46970E-08    2.33281E-04    2.33281E-04    2.33281E-04
 7.71044E-08    2.29623E-04    2.29623E-04    2.29623E-04
 7.95890E-08    2.26018E-04    2.26018E-04    2.26018E-04
 8.23277E-08    2.22222E-04    2.22222E-04    2.22222E-04
 8.49810E-08    2.18710E-04    2.18710E-04    2.18710E-04
 8.75344E-08    2.15484E-04    2.15484E-04    2.15484E-04
 9.01644E-08    2.12319E-04    2.12319E-04    2.12319E-04
 9.28735E-08    2.09214E-04    2.09214E-04    2.09214E-04
 9.58662E-08    2.05943E-04    2.05943E-04    2.05943E-04
 9.91651E-08    2.02494E-04    2.02494E-04    2.02494E-04
 1.02577E-07    1.99079E-04    1.99079E-04    1.99079E-04
 1.05883E-07    1.95922E-04    1.95922E-04    1.95922E-04
 1.09065E-07    1.93033E-04    1.93033E-04    1.93033E-04
 1.12342E-07    1.90210E-04    1.90210E-04    1.90210E-04
 1.15962E-07    1.87248E-04    1.87248E-04    1.87248E-04
 1.20206E-07    1.83933E-04    1.83933E-04    1.83933E-04
 1.24606E-07    1.80640E-04    1.80640E-04    1.80640E-04
 1.28622E-07    1.77763E-04    1.77763E-04    1.77763E-04
 1.32206E-07    1.75315E-04    1.75315E-04    1.75315E-04
 1.35891E-07    1.72926E-04    1.72926E-04    1.72926E-04
 1.39974E-07    1.70417E-04    1.70417E-04    1.70417E-04
 1.44790E-07    1.67599E-04    1.67599E-04    1.67599E-04
 1.50726E-07    1.64266E-04    1.64266E-04    1.64266E-04
 1.55912E-07    1.61467E-04    1.61467E-04    1.61467E-04
 1.60597E-07    1.59056E-04    1.59056E-04    1.59056E-04
 1.65073E-07    1.56879E-04    1.56879E-04    1.56879E-04
 1.69673E-07    1.54767E-04    1.54767E-04    1.54767E-04
 1.75142E-07    1.52382E-04    1.52382E-04    1.52382E-04
 1.82707E-07    1.49218E-04    1.49218E-04    1.49218E-04
 1.89795E-07    1.46356E-04    1.46356E-04    1.46356E-04
 1.95498E-07    1.44155E-04    1.44155E-04    1.44155E-04
 2.00522E-07    1.42321E-04    1.42321E-04    1.42321E-04
 2.05675E-07    1.40547E-04    1.40547E-04    1.40547E-04
 2.11855E-07    1.38536E-04    1.38536E-04    1.38536E-04
 2.21007E-07    1.35691E-04    1.35691E-04    1.35691E-04
 2.31041E-07    1.32665E-04    1.32665E-04    1.32665E-04
 2.37983E-07    1.30655E-04    1.30655E-04    1.30655E-04
 2.44099E-07    1.28979E-04    1.28979E-04    1.28979E-04
 2.49843E-07    1.27499E-04    1.27499E-04    1.27499E-04
 2.56806E-07    1.25809E-04    1.25809E-04    1.25809E-04
 2.67334E-07    1.23381E-04    1.23381E-04    1.23381E-04
 2.82443E-07    1.19995E-04    1.19995E-04    1.19995E-04
 2.90929E-07    1.18164E-04    1.18164E-04    1.18164E-04
 2.97775E-07    1.16765E-04    1.16765E-04    1.16765E-04
 3.04783E-07    1.15421E-04    1.15421E-04    1.15421E-04
 3.12615E-07    1.14013E-04    1.14013E-04    1.14013E-04
 3.24743E-07    1.11945E-04    1.11945E-04    1.11945E-04
 3.46743E-07    1.08298E-04    1.08298E-04    1.08298E-04
 3.57161E-07    1.06635E-04    1.06635E-04    1.06635E-04
 3.65567E-07    1.05370E-04    1.05370E-04    1.05370E-04
 3.73379E-07    1.04271E-04    1.04271E-04    1.04271E-04
 3.82974E-07    1.03008E-04    1.03008E-04    1.03008E-04
 4.00363E-07    1.00838E-04    1.00838E-04    1.00838E-04
 4.27487E-07    9.75215E-05    9.75215E-05    9.75215E-05
 4.39400E-07    9.61226E-05    9.61226E-05    9.61226E-05
 4.48790E-07    9.50869E-05    9.50869E-05    9.50869E-05
 4.58381E-07    9.41026E-05    9.41026E-05    9.41026E-05
 4.70161E-07    9.29738E-05    9.29738E-05    9.29738E-05
 5.02013E-07    9.00655E-05    9.00655E-05    9.00655E-05
 5.28147E-07    8.77146E-05    8.77146E-05    8.77146E-05
 5.40575E-07    8.66457E-05    8.66457E-05    8.66457E-05
 5.50962E-07    8.58082E-05    8.58082E-05    8.58082E-05
 5.61546E-07    8.50142E-05    8.50142E-05    8.50142E-05
 5.77198E-07    8.39191E-05    8.39191E-05    8.39191E-05
 6.41566E-07    7.96051E-05    7.96051E-05    7.96051E-05
 6.59445E-07    7.84488E-05    7.84488E-05    7.84488E-05
 6.72116E-07    7.76820E-05    7.76820E-05    7.76820E-05
 6.85028E-07    7.69597E-05    7.69597E-05    7.69597E-05
 7.02632E-07    7.60473E-05    7.60473E-05    7.60473E-05
 7.90960E-07    7.16774E-05    7.16774E-05    7.16774E-05
 8.09575E-07    7.07909E-05    7.07909E-05    7.07909E-05
 8.25127E-07    7.01002E-05    7.01002E-05    7.01002E-05
 8.40982E-07    6.94535E-05    6.94535E-05    6.94535E-05
 8.66250E-07    6.84980E-05    6.84980E-05    6.84980E-05
 9.66933E-07    6.48035E-05    6.48035E-05    6.48035E-05
 9.87596E-07    6.40792E-05    6.40792E-05    6.40792E-05
 1.00444E-06    6.35322E-05    6.35322E-05    6.35322E-05
 1.02077E-06    6.30447E-05    6.30447E-05    6.30447E-05
 1.05718E-06    6.20362E-05    6.20362E-05    6.20362E-05
 1.20764E-06    5.79683E-05    5.79683E-05    5.79683E-05
 1.24196E-06    5.71311E-05    5.71311E-05    5.71311E-05
 1.29527E-06    5.60233E-05    5.60233E-05    5.60233E-05
 1.49006E-06    5.21647E-05    5.21647E-05    5.21647E-05
 1.54321E-06    5.12682E-05    5.12682E-05    5.12682E-05
 1.83852E-06    4.69487E-05    4.69487E-05    4.69487E-05
 1.99974E-06    4.51295E-05    4.51295E-05    4.51295E-05
 2.26847E-06    4.22602E-05    4.22602E-05    4.22602E-05
 2.76002E-06    3.83110E-05    3.83110E-05    3.83110E-05
 3.35809E-06    3.47361E-05    3.47361E-05    3.47361E-05
 3.57670E-06    3.37229E-05    3.37229E-05    3.37229E-05
 4.17263E-06    3.11548E-05    3.11548E-05    3.11548E-05
 5.07680E-06    2.82417E-05    2.82417E-05    2.82417E-05
 6.22016E-06    2.55130E-05    2.55130E-05    2.55130E-05
 7.62140E-06    2.30498E-05    2.30498E-05    2.30498E-05
 1.00154E-05    2.01036E-05    1.74457E-05    2.27615E-05
 1.14414E-05    1.88111E-05    1.63241E-05    2.12981E-05
 1.48479E-05    1.65324E-05    1.43466E-05    1.87182E-05
 1.48913E-05    1.65235E-05    1.43389E-05    1.87081E-05
 1.49565E-05    1.65637E-05    1.43738E-05    1.87536E-05
 1.50265E-05    1.67232E-05    1.45122E-05    1.89342E-05
 1.51058E-05    1.70552E-05    1.48003E-05    1.93101E-05
 1.53189E-05    1.82297E-05    1.58195E-05    2.06399E-05
 1.68973E-05    2.71679E-05    2.35760E-05    3.07598E-05
 1.70457E-05    2.80986E-05    2.43837E-05    3.18135E-05
 1.71357E-05    2.88082E-05    2.49994E-05    3.26170E-05
 1.73775E-05    3.10936E-05    2.69827E-05    3.52045E-05
 2.07759E-05    6.41881E-05    5.57017E-05    7.26745E-05
 2.08854E-05    6.54898E-05    5.68313E-05    7.41483E-05
 2.09949E-05    6.71510E-05    5.82729E-05    7.60291E-05
 2.14413E-05    7.52777E-05    6.53252E-05    8.52302E-05
 2.54555E-05    1.49374E-04    1.29625E-04    1.69123E-04
 2.55894E-05    1.52495E-04    1.32334E-04    1.72656E-04
 2.57245E-05    1.56574E-04    1.35873E-04    1.77275E-04
 3.11892E-05    3.47630E-04    3.01670E-04    3.93590E-04
 3.13536E-05    3.55231E-04    3.08266E-04    4.02196E-04
 3.15180E-05    3.65089E-04    3.16820E-04    4.13358E-04
 3.81476E-05    8.04122E-04    6.97808E-04    9.10436E-04
 3.83477E-05    8.20718E-04    7.12210E-04    9.29226E-04
 3.85506E-05    8.43386E-04    7.31881E-04    9.54891E-04
 4.67395E-05    1.87132E-03    1.62391E-03    2.11873E-03
 4.69864E-05    1.91236E-03    1.65953E-03    2.16519E-03
 4.73155E-05    1.98657E-03    1.72392E-03    2.24922E-03
 5.72680E-05    4.35647E-03    3.78050E-03    4.93244E-03
 5.74682E-05    4.42360E-03    3.83875E-03    5.00845E-03
 5.75683E-05    4.46597E-03    3.87552E-03    5.05642E-03
 5.92041E-05    5.29301E-03    4.59322E-03    5.99280E-03
 7.47700E-05    1.32121E-02    1.14653E-02    1.49589E-02
 7.50661E-05    1.32977E-02    1.15396E-02    1.50558E-02
 7.51653E-05    1.33038E-02    1.15449E-02    1.50627E-02
 8.44867E-05    1.22714E-02    1.06490E-02    1.38938E-02
 8.68874E-05    1.20225E-02    1.04330E-02    1.36120E-02
 9.99539E-05    1.08773E-02    9.43920E-03    1.23154E-02
 1.28623E-04    9.06107E-03    7.86310E-03    1.02590E-02
 1.57590E-04    7.81819E-03    6.78454E-03    8.85184E-03
 1.99969E-04    6.57719E-03    5.70761E-03    7.44677E-03
 2.36400E-04    5.81323E-03    5.04466E-03    6.58180E-03
 2.99971E-04    4.87660E-03    4.23186E-03    5.52134E-03
 3.54169E-04    4.31284E-03    3.87754E-03    4.74814E-03
 4.33954E-04    3.71136E-03    3.33676E-03    4.08596E-03
 5.30607E-04    3.19835E-03    2.87553E-03    3.52117E-03
 6.00000E-04    2.92050E-03    2.62573E-03    3.21527E-03
 7.94030E-04    2.38272E-03    2.14223E-03    2.62321E-03
 1.00000E-03    2.01467E-03    1.81132E-03    2.21801E-03
 1.19097E-03    1.78290E-03    1.60295E-03    1.96285E-03
 1.45774E-03    1.54794E-03    1.39170E-03    1.70418E-03
 1.78428E-03    1.34392E-03    1.20828E-03    1.47956E-03
 1.99589E-03    1.24275E-03    1.11732E-03    1.36818E-03
 2.67316E-03    1.02001E-03    9.01138E-04    1.13888E-03
 3.22004E-03    8.92106E-04    7.88140E-04    9.96072E-04
 3.22071E-03    8.93668E-04    7.89520E-04    9.97816E-04
 3.22096E-03    8.97568E-04    7.92966E-04    1.00217E-03
 3.22113E-03    9.04047E-04    7.98690E-04    1.00940E-03
 3.22126E-03    9.13181E-04    8.06759E-04    1.01960E-03
 3.22134E-03    9.22659E-04    8.15133E-04    1.03019E-03
 3.22143E-03    9.36166E-04    8.27065E-04    1.04527E-03
 3.22151E-03    9.55329E-04    8.43995E-04    1.06666E-03
 3.22157E-03    9.74739E-04    8.61143E-04    1.08833E-03
 3.22164E-03    9.99827E-04    8.83307E-04    1.11635E-03
 3.22170E-03    1.03218E-03    9.11890E-04    1.15247E-03
 3.22174E-03    1.05876E-03    9.35372E-04    1.18215E-03
 3.22179E-03    1.09017E-03    9.63122E-04    1.21722E-03
 3.22183E-03    1.12725E-03    9.95881E-04    1.25862E-03
 3.22187E-03    1.17097E-03    1.03451E-03    1.30743E-03
 3.22191E-03    1.22246E-03    1.07999E-03    1.36493E-03
 3.22195E-03    1.28306E-03    1.13353E-03    1.43259E-03
 3.22199E-03    1.33540E-03    1.17977E-03    1.49103E-03
 3.22202E-03    1.39443E-03    1.23192E-03    1.55694E-03
 3.22205E-03    1.46101E-03    1.29074E-03    1.63128E-03
 3.22208E-03    1.53603E-03    1.35702E-03    1.71504E-03
 3.22211E-03    1.62054E-03    1.43168E-03    1.80940E-03
 3.22214E-03    1.71562E-03    1.51568E-03    1.91556E-03
 3.22217E-03    1.82264E-03    1.61023E-03    2.03505E-03
 3.22221E-03    1.94290E-03    1.71648E-03    2.16933E-03
 3.22224E-03    2.07804E-03    1.83587E-03    2.32021E-03
 3.22227E-03    2.22978E-03    1.96992E-03    2.48964E-03
 3.22230E-03    2.40011E-03    2.12040E-03    2.67982E-03
 3.22233E-03    2.59111E-03    2.28914E-03    2.89308E-03
 3.22235E-03    2.73110E-03    2.41282E-03    3.04938E-03
 3.22238E-03    2.88215E-03    2.54627E-03    3.21803E-03
 3.22240E-03    3.04498E-03    2.69012E-03    3.39984E-03
 3.22242E-03    3.22071E-03    2.84537E-03    3.59605E-03
 3.22244E-03    3.41006E-03    3.01265E-03    3.80747E-03
 3.22246E-03    3.61416E-03    3.19297E-03    4.03535E-03
 3.22248E-03    3.83394E-03    3.38713E-03    4.28075E-03
 3.22250E-03    4.07082E-03    3.59641E-03    4.54523E-03
 3.22252E-03    4.32577E-03    3.82165E-03    4.82989E-03
 3.22254E-03    4.60031E-03    4.06419E-03    5.13643E-03
 3.22256E-03    4.89563E-03    4.32509E-03    5.46617E-03
 3.22259E-03    5.21364E-03    4.60604E-03    5.82124E-03
 3.22261E-03    5.55556E-03    4.90812E-03    6.20300E-03
 3.22263E-03    5.92335E-03    5.23304E-03    6.61366E-03
 3.22265E-03    6.31859E-03    5.58222E-03    7.05496E-03
 3.22267E-03    6.74366E-03    5.95776E-03    7.52956E-03
 3.22269E-03    7.20021E-03    6.36110E-03    8.03932E-03
 3.22271E-03    7.69079E-03    6.79451E-03    8.58707E-03
 3.22273E-03    8.21742E-03    7.25976E-03    9.17508E-03
 3.22275E-03    8.78336E-03    7.75975E-03    9.80697E-03
 3.22278E-03    9.39059E-03    8.29621E-03    1.04850E-02
 3.22280E-03    1.00424E-02    8.87206E-03    1.12127E-02
 3.22282E-03    1.07414E-02    9.48960E-03    1.19932E-02
 3.22284E-03    1.14915E-02    1.01523E-02    1.28307E-02
 3.22286E-03    1.22956E-02    1.08627E-02    1.37285E-02
 3.22288E-03    1.31577E-02    1.16243E-02    1.46911E-02
 3.22290E-03    1.40813E-02    1.24403E-02    1.57223E-02
 3.22292E-03    1.50717E-02    1.33152E-02    1.68282E-02
 3.22294E-03    1.61320E-02    1.42520E-02    1.80120E-02
 3.22296E-03    1.72679E-02    1.52555E-02    1.92803E-02
 3.22299E-03    1.84834E-02    1.63293E-02    2.06375E-02
 3.22301E-03    1.97851E-02    1.74794E-02    2.20909E-02
 3.22303E-03    2.11774E-02    1.87094E-02    2.36454E-02
 3.22305E-03    2.26673E-02    2.00257E-02    2.53089E-02
 3.22307E-03    2.42599E-02    2.14327E-02    2.70871E-02
 3.22309E-03    2.59644E-02    2.29385E-02    2.89903E-02
 3.22311E-03    2.77856E-02    2.45475E-02    3.10237E-02
 3.22313E-03    2.97323E-02    2.62673E-02    3.31973E-02
 3.22315E-03    3.18112E-02    2.81039E-02    3.55185E-02
 3.22318E-03    3.40330E-02    3.00668E-02    3.79992E-02
 3.22320E-03    3.64045E-02    3.21619E-02    4.06471E-02
 3.22322E-03    3.89367E-02    3.43990E-02    4.34744E-02
 3.22324E-03    4.16380E-02    3.67855E-02    4.64905E-02
 3.22326E-03    4.45225E-02    3.93339E-02    4.97111E-02
 3.22328E-03    4.75980E-02    4.20509E-02    5.31451E-02
 3.22330E-03    5.08787E-02    4.49493E-02    5.68081E-02
 3.22332E-03    5.43747E-02    4.80379E-02    6.07115E-02
 3.22334E-03    5.81032E-02    5.13319E-02    6.48745E-02
 3.22336E-03    6.20745E-02    5.48404E-02    6.93086E-02
 3.22339E-03    6.63061E-02    5.85788E-02    7.40334E-02
 3.22341E-03    7.08109E-02    6.25586E-02    7.90632E-02
 3.22343E-03    7.56115E-02    6.67998E-02    8.44232E-02
 3.22345E-03    8.07193E-02    7.13123E-02    9.01263E-02
 3.22347E-03    8.61563E-02    7.61157E-02    9.61969E-02
 3.22349E-03    9.19382E-02    8.12237E-02    1.02653E-01
 3.22351E-03    9.80918E-02    8.66602E-02    1.09523E-01
 3.22354E-03    1.08058E-01    9.54650E-02    1.20651E-01
 3.22358E-03    1.18975E-01    1.05110E-01    1.32840E-01
 3.22361E-03    1.30941E-01    1.15681E-01    1.46201E-01
 3.22364E-03    1.44033E-01    1.27247E-01    1.60819E-01
 3.22367E-03    1.58357E-01    1.39902E-01    1.76812E-01
 3.22370E-03    1.74014E-01    1.53734E-01    1.94294E-01
 3.22373E-03    1.91125E-01    1.68851E-01    2.13399E-01
 3.22376E-03    2.09811E-01    1.85360E-01    2.34262E-01
 3.22380E-03    2.30210E-01    2.03381E-01    2.57039E-01
 3.22383E-03    2.52449E-01    2.23029E-01    2.81869E-01
 3.22386E-03    2.76706E-01    2.44459E-01    3.08953E-01
 3.22389E-03    3.03121E-01    2.67795E-01    3.38447E-01
 3.22392E-03    3.31887E-01    2.93209E-01    3.70565E-01
 3.22395E-03    3.63186E-01    3.20860E-01    4.05512E-01
 3.22399E-03    3.97234E-01    3.50940E-01    4.43528E-01
 3.22402E-03    4.34231E-01    3.83626E-01    4.84836E-01
 3.22405E-03    4.74425E-01    4.19136E-01    5.29714E-01
 3.22408E-03    5.18039E-01    4.57667E-01    5.78411E-01
 3.22411E-03    5.65399E-01    4.99508E-01    6.31290E-01
 3.22414E-03    6.16731E-01    5.44857E-01    6.88605E-01
 3.22418E-03    6.72366E-01    5.94009E-01    7.50723E-01
 3.22421E-03    7.32608E-01    6.47230E-01    8.17986E-01
 3.22424E-03    7.97831E-01    7.04852E-01    8.90810E-01
 3.22427E-03    8.68380E-01    7.67179E-01    9.69581E-01
 3.22430E-03    9.44669E-01    8.34578E-01    1.05476E+00
 3.22433E-03    1.02706E+00    9.07368E-01    1.14675E+00
 3.22437E-03    1.11609E+00    9.86018E-01    1.24616E+00
 3.22440E-03    1.21212E+00    1.07086E+00    1.35338E+00
 3.22443E-03    1.31573E+00    1.16240E+00    1.46906E+00
 3.22446E-03    1.42742E+00    1.26107E+00    1.59377E+00
 3.22449E-03    1.54777E+00    1.36739E+00    1.72815E+00
 3.22452E-03    1.67733E+00    1.48185E+00    1.87280E+00
 3.22455E-03    1.81675E+00    1.60503E+00    2.02848E+00
 3.22459E-03    1.96663E+00    1.73744E+00    2.19582E+00
 3.22462E-03    2.12784E+00    1.87986E+00    2.37582E+00
 3.22465E-03    2.30093E+00    2.03278E+00    2.56908E+00
 3.22468E-03    2.48677E+00    2.19696E+00    2.77658E+00
 3.22471E-03    2.68611E+00    2.37307E+00    2.99915E+00
 3.22474E-03    2.89991E+00    2.56196E+00    3.23787E+00
 3.22478E-03    3.12902E+00    2.76437E+00    3.49368E+00
 3.22481E-03    3.37445E+00    2.98119E+00    3.76771E+00
 3.22484E-03    3.63703E+00    3.21318E+00    4.06089E+00
 3.22487E-03    3.91810E+00    3.46149E+00    4.37471E+00
 3.22490E-03    4.21845E+00    3.72684E+00    4.71007E+00
 3.22493E-03    4.53944E+00    4.01042E+00    5.06847E+00
 3.22497E-03    4.88217E+00    4.31320E+00    5.45114E+00
 3.22500E-03    5.24803E+00    4.63643E+00    5.85964E+00
 3.22503E-03    5.63818E+00    4.98110E+00    6.29525E+00
 3.22505E-03    5.91245E+00    5.22342E+00    6.60149E+00
 3.22509E-03    6.49702E+00    5.73986E+00    7.25418E+00
 3.22513E-03    7.13285E+00    6.30159E+00    7.96411E+00
 3.22518E-03    7.82326E+00    6.91154E+00    8.73497E+00
 3.22522E-03    8.57241E+00    7.57338E+00    9.57143E+00
 3.22526E-03    9.38416E+00    8.29053E+00    1.04778E+01
 3.22530E-03    1.02633E+01    9.06721E+00    1.14594E+01
 3.22534E-03    1.12139E+01    9.90704E+00    1.25208E+01
 3.22539E-03    1.22411E+01    1.08145E+01    1.36677E+01
 3.22543E-03    1.33494E+01    1.17937E+01    1.49052E+01
 3.22547E-03    1.45449E+01    1.28498E+01    1.62400E+01
 3.22551E-03    1.58321E+01    1.39871E+01    1.76772E+01
 3.22555E-03    1.72173E+01    1.52108E+01    1.92238E+01
 3.22560E-03    1.87056E+01    1.65257E+01    2.08856E+01
 3.22564E-03    2.03041E+01    1.79379E+01    2.26703E+01
 3.22568E-03    2.20181E+01    1.94521E+01    2.45841E+01
 3.22572E-03    2.38548E+01    2.10747E+01    2.66348E+01
 3.22577E-03    2.58200E+01    2.28110E+01    2.88291E+01
 3.22581E-03    2.79222E+01    2.46682E+01    3.11763E+01
 3.22585E-03    3.01670E+01    2.66514E+01    3.36827E+01
 3.22589E-03    3.25623E+01    2.87675E+01    3.63572E+01
 3.22593E-03    3.51148E+01    3.10225E+01    3.92070E+01
 3.22598E-03    3.78332E+01    3.34241E+01    4.22423E+01
 3.22602E-03    4.07238E+01    3.59779E+01    4.54698E+01
 3.22606E-03    4.37955E+01    3.86916E+01    4.88994E+01
 3.22610E-03    4.70549E+01    4.15711E+01    5.25386E+01
 3.22614E-03    5.05120E+01    4.46254E+01    5.63987E+01
 3.22619E-03    5.41729E+01    4.78596E+01    6.04862E+01
 3.22625E-03    6.00659E+01    5.30659E+01    6.70660E+01
 3.22631E-03    6.64637E+01    5.87180E+01    7.42093E+01
 3.22638E-03    7.33942E+01    6.48409E+01    8.19475E+01
 3.22644E-03    8.08820E+01    7.14560E+01    9.03079E+01
 3.22650E-03    8.89583E+01    7.85911E+01    9.93254E+01
 3.22657E-03    9.76431E+01    8.62638E+01    1.09022E+02
 3.22663E-03    1.06963E+02    9.44977E+01    1.19429E+02
 3.22669E-03    1.16940E+02    1.03311E+02    1.30568E+02
 3.22676E-03    1.27596E+02    1.12726E+02    1.42466E+02
 3.22682E-03    1.38950E+02    1.22757E+02    1.55143E+02
 3.22688E-03    1.51021E+02    1.33421E+02    1.68620E+02
 3.22694E-03    1.63819E+02    1.44727E+02    1.82910E+02
 3.22703E-03    1.82043E+02    1.60828E+02    2.03258E+02
 3.22711E-03    2.01607E+02    1.78111E+02    2.25102E+02
 3.22720E-03    2.22527E+02    1.96594E+02    2.48460E+02
 3.22728E-03    2.44798E+02    2.16269E+02    2.73326E+02
 3.22737E-03    2.68411E+02    2.37131E+02    2.99692E+02
 3.22745E-03    2.93340E+02    2.59154E+02    3.27525E+02
 3.22753E-03    3.19553E+02    2.82312E+02    3.56794E+02
 3.22766E-03    3.61163E+02    3.19073E+02    4.03253E+02
 3.22779E-03    4.05318E+02    3.58082E+02    4.52554E+02
 3.22791E-03    4.51750E+02    3.99103E+02    5.04397E+02
 3.22808E-03    5.16586E+02    4.56383E+02    5.76789E+02
 3.22833E-03    6.18159E+02    5.46119E+02    6.90199E+02
 3.22873E-03    7.78610E+02    6.93062E+02    8.64157E+02
 3.22899E-03    8.82856E+02    7.85854E+02    9.79857E+02
 3.22917E-03    9.47907E+02    8.43758E+02    1.05206E+03
 3.22935E-03    1.00829E+03    8.97508E+02    1.11907E+03
 3.22953E-03    1.06330E+03    9.46475E+02    1.18013E+03
 3.22971E-03    1.11250E+03    9.90265E+02    1.23473E+03
 3.22988E-03    1.15568E+03    1.02870E+03    1.28266E+03
 3.23006E-03    1.19288E+03    1.06182E+03    1.32395E+03
 3.23024E-03    1.22435E+03    1.08982E+03    1.35887E+03
 3.23042E-03    1.25046E+03    1.11307E+03    1.38785E+03
 3.23069E-03    1.28074E+03    1.14002E+03    1.42146E+03
 3.23095E-03    1.30211E+03    1.15904E+03    1.44517E+03
 3.23131E-03    1.32017E+03    1.17512E+03    1.46521E+03
 3.23166E-03    1.33013E+03    1.18399E+03    1.47627E+03
 3.23202E-03    1.33522E+03    1.18852E+03    1.48193E+03
 3.23309E-03    1.33906E+03    1.19194E+03    1.48619E+03
 3.23380E-03    1.33920E+03    1.19206E+03    1.48634E+03
 5.99882E-03    9.72818E+02    8.65932E+02    1.07970E+03
 1.00000E-02    7.26323E+02    6.46521E+02    8.06126E+02
 2.00000E-02    4.57518E+02    4.07249E+02    5.07786E+02
 3.00000E-02    3.39610E+02    3.04037E+02    3.75182E+02
 5.99882E-02    2.00982E+02    1.79930E+02    2.22033E+02
 1.00000E-01    1.39822E+02    1.25177E+02    1.54468E+02
 2.00000E-01    9.54545E+01    7.41937E+01    1.16715E+02
 2.77862E-01    8.46603E+01    6.58037E+01    1.03517E+02
 3.00000E-01    1.34551E+02    1.04583E+02    1.64520E+02
 3.23331E-01    1.67396E+02    1.30111E+02    2.04680E+02
 3.76882E-01    3.33690E+02    2.59367E+02    4.08014E+02
 4.00000E-01    5.16325E+02    4.01323E+02    6.31327E+02
 4.85916E-01    8.79082E+02    6.83283E+02    1.07488E+03
 5.00000E-01    9.74185E+02    7.57203E+02    1.19117E+03
 5.33496E-01    1.04316E+03    8.10815E+02    1.27550E+03
 5.81995E-01    1.31500E+03    1.02211E+03    1.60790E+03
 6.00000E-01    1.42461E+03    1.22224E+03    1.62698E+03
 6.64980E-01    1.52576E+03    1.30902E+03    1.74250E+03
 6.91508E-01    1.63060E+03    1.39897E+03    1.86223E+03
 7.00000E-01    1.66617E+03    1.42949E+03    1.90285E+03
 7.26686E-01    1.66413E+03    1.42774E+03    1.90053E+03
 7.60838E-01    1.74573E+03    1.49775E+03    1.99371E+03
 7.97596E-01    1.86586E+03    1.60081E+03    2.13091E+03
 8.00000E-01    1.87542E+03    1.60901E+03    2.14182E+03
 8.32577E-01    1.89066E+03    1.62209E+03    2.15923E+03
 9.00000E-01    1.99854E+03    1.71464E+03    2.28243E+03
 1.00000E+00    2.02883E+03    1.86410E+03    2.19356E+03
 1.03511E+00    1.97803E+03    1.81743E+03    2.13863E+03
 1.06984E+00    1.95665E+03    1.79779E+03    2.11552E+03
 1.10400E+00    1.95307E+03    1.79449E+03    2.11164E+03
 1.13166E+00    1.95972E+03    1.80060E+03    2.11883E+03
 1.14580E+00    1.98030E+03    1.81952E+03    2.14109E+03
 1.20000E+00    2.08764E+03    1.91814E+03    2.25714E+03
 1.24343E+00    2.04645E+03    1.88029E+03    2.21261E+03
 1.28288E+00    2.01945E+03    1.85548E+03    2.18341E+03
 1.30000E+00    2.02627E+03    1.86175E+03    2.19079E+03
 1.40000E+00    2.14897E+03    1.97448E+03    2.32345E+03
 1.62257E+00    2.19442E+03    2.01625E+03    2.37259E+03
 1.83827E+00    2.21728E+03    2.05307E+03    2.38149E+03
 2.00000E+00    2.22636E+03    2.06148E+03    2.39125E+03
 2.23104E+00    2.22179E+03    2.05725E+03    2.38634E+03
 2.44530E+00    2.20277E+03    2.03964E+03    2.36591E+03
 2.69183E+00    2.16689E+03    2.01076E+03    2.32302E+03
 3.47605E+00    2.02519E+03    1.87927E+03    2.17112E+03
 3.80000E+00    1.97800E+03    1.83548E+03    2.12052E+03
 4.11366E+00    1.94636E+03    1.80612E+03    2.08661E+03
 4.43104E+00    1.92603E+03    1.78725E+03    2.06480E+03
 4.80000E+00    1.91603E+03    1.79069E+03    2.04137E+03
 5.00000E+00    1.91519E+03    1.78990E+03    2.04047E+03
 6.49029E+00    1.93348E+03    1.80700E+03    2.05997E+03
 6.60000E+00    1.93377E+03    1.83388E+03    2.03366E+03
 6.89214E+00    1.93063E+03    1.83090E+03    2.03036E+03
 7.00000E+00    1.93163E+03    1.83184E+03    2.03141E+03
 7.93229E+00    1.91354E+03    1.81469E+03    2.01239E+03
 1.00028E+01    1.85316E+03    1.74502E+03    1.96130E+03
 1.01439E+01    1.84968E+03    1.74174E+03    1.95761E+03
 1.01732E+01    1.84895E+03    1.74106E+03    1.95685E+03
 1.03167E+01    1.84541E+03    1.73772E+03    1.95310E+03
 1.03239E+01    1.84523E+03    1.73756E+03    1.95291E+03
 1.04696E+01    1.84164E+03    1.73417E+03    1.94911E+03
 1.04708E+01    1.84161E+03    1.73414E+03    1.94908E+03
 1.04773E+01    1.84145E+03    1.73399E+03    1.94891E+03
 1.05000E+01    1.84089E+03    1.73347E+03    1.94832E+03
 1.06060E+01    1.83868E+03    1.73138E+03    1.94597E+03
 1.07556E+01    1.83555E+03    1.72844E+03    1.94266E+03
 1.09074E+01    1.83238E+03    1.72545E+03    1.93931E+03
 1.10000E+01    1.83045E+03    1.72363E+03    1.93726E+03
 1.11552E+01    1.82775E+03    1.72109E+03    1.93441E+03
 1.13126E+01    1.82502E+03    1.71852E+03    1.93152E+03
 1.14722E+01    1.82225E+03    1.71591E+03    1.92859E+03
 1.15000E+01    1.82177E+03    1.71546E+03    1.92807E+03
 1.16622E+01    1.81947E+03    1.71330E+03    1.92565E+03
 1.18268E+01    1.81714E+03    1.71111E+03    1.92318E+03
 1.19936E+01    1.81479E+03    1.70888E+03    1.92069E+03
 1.20000E+01    1.81469E+03    1.70880E+03    1.92059E+03
 1.21693E+01    1.81271E+03    1.70693E+03    1.91849E+03
 1.23410E+01    1.81070E+03    1.70504E+03    1.91636E+03
 1.25000E+01    1.80884E+03    1.70328E+03    1.91439E+03
 1.25716E+01    1.80814E+03    1.70262E+03    1.91365E+03
 1.26130E+01    1.80773E+03    1.70224E+03    1.91322E+03
 1.27909E+01    1.80598E+03    1.70059E+03    1.91137E+03
 1.29714E+01    1.80421E+03    1.69893E+03    1.90950E+03
 1.30000E+01    1.80393E+03    1.70507E+03    1.90279E+03
 1.31834E+01    1.80242E+03    1.70364E+03    1.90120E+03
 1.33147E+01    1.80134E+03    1.70262E+03    1.90005E+03
 1.34779E+01    1.79999E+03    1.70135E+03    1.89864E+03
 1.35000E+01    1.79981E+03    1.70118E+03    1.89844E+03
 1.36905E+01    1.79844E+03    1.69988E+03    1.89699E+03
 1.37505E+01    1.79800E+03    1.69947E+03    1.89654E+03
 1.39445E+01    1.79660E+03    1.69815E+03    1.89506E+03
 1.40000E+01    1.79620E+03    1.69777E+03    1.89464E+03
 1.40388E+01    1.79596E+03    1.69754E+03    1.89439E+03
 1.42369E+01    1.79475E+03    1.69639E+03    1.89311E+03
 1.43863E+01    1.79383E+03    1.69553E+03    1.89214E+03
 1.45000E+01    1.79314E+03    1.69487E+03    1.89140E+03
 1.45931E+01    1.79266E+03    1.69441E+03    1.89090E+03
 1.47990E+01    1.79159E+03    1.69341E+03    1.88978E+03
 1.48279E+01    1.79144E+03    1.69327E+03    1.88962E+03
 1.50000E+01    1.79056E+03    1.69243E+03    1.88868E+03
 1.50045E+01    1.79054E+03    1.69241E+03    1.88866E+03
 1.52162E+01    1.78969E+03    1.69161E+03    1.88777E+03
 1.53649E+01    1.78910E+03    1.69105E+03    1.88715E+03
 1.55000E+01    1.78856E+03    1.69055E+03    1.88658E+03
 1.57187E+01    1.78769E+03    1.68972E+03    1.88566E+03
 1.59404E+01    1.78681E+03    1.68889E+03    1.88473E+03
 1.60000E+01    1.78657E+03    1.69634E+03    1.87680E+03
 1.61418E+01    1.78267E+03    1.69264E+03    1.87270E+03
 1.62865E+01    1.78256E+03    1.69254E+03    1.87259E+03
 1.62933E+01    1.78256E+03    1.69254E+03    1.87258E+03
 1.65000E+01    1.78241E+03    1.69239E+03    1.87242E+03
 1.66340E+01    1.78231E+03    1.69229E+03    1.87232E+03
 1.68687E+01    1.78213E+03    1.69213E+03    1.87213E+03
 1.69284E+01    1.78209E+03    1.69209E+03    1.87209E+03
 1.70000E+01    1.78203E+03    1.69204E+03    1.87203E+03
 1.72398E+01    1.78025E+03    1.69034E+03    1.87015E+03
 1.72522E+01    1.78015E+03    1.69025E+03    1.87006E+03
 1.74956E+01    1.77834E+03    1.68853E+03    1.86815E+03
 1.75000E+01    1.77831E+03    1.68850E+03    1.86812E+03
 1.77469E+01    1.77647E+03    1.68675E+03    1.86619E+03
 1.79973E+01    1.77461E+03    1.68498E+03    1.86423E+03
 1.80000E+01    1.77459E+03    1.68496E+03    1.86421E+03
 1.82539E+01    1.77153E+03    1.68206E+03    1.86100E+03
 1.83782E+01    1.77004E+03    1.68064E+03    1.85943E+03
 1.84063E+01    1.76970E+03    1.68032E+03    1.85907E+03
 1.85000E+01    1.76857E+03    1.67925E+03    1.85789E+03
 1.86171E+01    1.76716E+03    1.67791E+03    1.85641E+03
 1.86678E+01    1.76655E+03    1.67733E+03    1.85577E+03
 1.87379E+01    1.76571E+03    1.67653E+03    1.85488E+03
 1.88654E+01    1.76417E+03    1.67508E+03    1.85327E+03
 1.90000E+01    1.76255E+03    1.67354E+03    1.85157E+03
 1.91500E+01    1.76011E+03    1.67122E+03    1.84900E+03
 1.91761E+01    1.75969E+03    1.67082E+03    1.84856E+03
 1.94098E+01    1.75589E+03    1.66721E+03    1.84457E+03
 1.95000E+01    1.75443E+03    1.66582E+03    1.84303E+03
 1.95434E+01    1.75372E+03    1.66515E+03    1.84229E+03
 1.98191E+01    1.74924E+03    1.66090E+03    1.83758E+03
 2.00000E+01    1.74630E+03    1.64618E+03    1.84642E+03
 2.02822E+01    1.74127E+03    1.64144E+03    1.84110E+03
 2.05683E+01    1.73617E+03    1.63664E+03    1.83571E+03
 2.08585E+01    1.73100E+03    1.63176E+03    1.83024E+03
 2.10000E+01    1.72848E+03    1.62938E+03    1.82758E+03
 2.12963E+01    1.72318E+03    1.62439E+03    1.82197E+03
 2.15967E+01    1.71781E+03    1.61933E+03    1.81630E+03
 2.19014E+01    1.71236E+03    1.61419E+03    1.81054E+03
 2.20000E+01    1.71060E+03    1.61253E+03    1.80867E+03
 2.23104E+01    1.70553E+03    1.60775E+03    1.80331E+03
 2.26251E+01    1.70038E+03    1.60289E+03    1.79786E+03
 2.29443E+01    1.69516E+03    1.59797E+03    1.79234E+03
 2.30000E+01    1.69425E+03    1.59711E+03    1.79138E+03
 2.33245E+01    1.68949E+03    1.59263E+03    1.78635E+03
 2.36536E+01    1.68467E+03    1.58809E+03    1.78126E+03
 2.39873E+01    1.67979E+03    1.58348E+03    1.77609E+03
 2.40000E+01    1.67960E+03    1.58344E+03    1.77576E+03
 2.43386E+01    1.67527E+03    1.57935E+03    1.77118E+03
 2.46820E+01    1.67088E+03    1.57521E+03    1.76654E+03
 2.50000E+01    1.66681E+03    1.57138E+03    1.76224E+03
 2.53527E+01    1.66264E+03    1.56744E+03    1.75783E+03
 2.57104E+01    1.65841E+03    1.56346E+03    1.75336E+03
 2.60000E+01    1.65498E+03    1.56023E+03    1.74974E+03
 2.63668E+01    1.65075E+03    1.55624E+03    1.74526E+03
 2.67388E+01    1.64645E+03    1.55219E+03    1.74072E+03
 2.70000E+01    1.64343E+03    1.54934E+03    1.73753E+03
 2.73809E+01    1.63892E+03    1.54509E+03    1.73275E+03
 2.77672E+01    1.63434E+03    1.54077E+03    1.72791E+03
 2.80000E+01    1.63158E+03    1.53860E+03    1.72457E+03
 2.83950E+01    1.62660E+03    1.53390E+03    1.71931E+03
 2.87956E+01    1.62156E+03    1.52914E+03    1.71397E+03
 2.90000E+01    1.61898E+03    1.52671E+03    1.71125E+03
 2.94091E+01    1.61362E+03    1.52166E+03    1.70559E+03
 2.98240E+01    1.60819E+03    1.51654E+03    1.69985E+03
 3.00000E+01    1.60589E+03    1.51437E+03    1.69741E+03
 3.04232E+01    1.59883E+03    1.50771E+03    1.68994E+03
 3.08525E+01    1.59166E+03    1.50095E+03    1.68237E+03
 3.10000E+01    1.58920E+03    1.49863E+03    1.67977E+03
 3.14374E+01    1.58332E+03    1.49308E+03    1.67355E+03
 3.18809E+01    1.57735E+03    1.48746E+03    1.66725E+03
 3.20000E+01    1.57575E+03    1.48595E+03    1.66555E+03
 3.24515E+01    1.56980E+03    1.48034E+03    1.65927E+03
 3.29093E+01    1.56377E+03    1.47465E+03    1.65290E+03
 3.30000E+01    1.56258E+03    1.47353E+03    1.65163E+03
 3.34656E+01    1.55645E+03    1.46775E+03    1.64516E+03
 3.39377E+01    1.55024E+03    1.46189E+03    1.63859E+03
 3.40000E+01    1.54942E+03    1.46112E+03    1.63772E+03
 3.44797E+01    1.54351E+03    1.45554E+03    1.63147E+03
 3.49661E+01    1.53751E+03    1.44988E+03    1.62513E+03
 3.50000E+01    1.53709E+03    1.44949E+03    1.62469E+03
 3.54938E+01    1.53101E+03    1.44375E+03    1.61826E+03
 3.59945E+01    1.52484E+03    1.43794E+03    1.61174E+03
 3.60000E+01    1.52477E+03    1.43787E+03    1.61167E+03
 3.65079E+01    1.51891E+03    1.43235E+03    1.60547E+03
 3.70000E+01    1.51323E+03    1.42699E+03    1.59947E+03
 3.75220E+01    1.50721E+03    1.42131E+03    1.59310E+03
 3.80000E+01    1.50169E+03    1.41611E+03    1.58727E+03
 3.85361E+01    1.49579E+03    1.41054E+03    1.58103E+03
 3.90000E+01    1.49068E+03    1.40573E+03    1.57563E+03
 3.95502E+01    1.48462E+03    1.40001E+03    1.56923E+03
 4.00000E+01    1.47967E+03    1.39534E+03    1.56400E+03
 4.05643E+01    1.47367E+03    1.38968E+03    1.55765E+03
 4.10000E+01    1.46903E+03    1.38531E+03    1.55275E+03
 4.15784E+01    1.46288E+03    1.37951E+03    1.54625E+03
 4.20000E+01    1.45839E+03    1.37528E+03    1.54150E+03
 4.25925E+01    1.45230E+03    1.36954E+03    1.53507E+03
 4.30000E+01    1.44812E+03    1.36559E+03    1.53065E+03
 4.36067E+01    1.44189E+03    1.35972E+03    1.52406E+03
 4.40000E+01    1.43785E+03    1.35591E+03    1.51979E+03
 4.46208E+01    1.43173E+03    1.35013E+03    1.51332E+03
 4.50000E+01    1.42799E+03    1.34661E+03    1.50937E+03
 4.56349E+01    1.42174E+03    1.34071E+03    1.50276E+03
 4.60000E+01    1.41814E+03    1.33732E+03    1.49896E+03
 4.66490E+01    1.41205E+03    1.33157E+03    1.49252E+03
 4.70000E+01    1.40875E+03    1.32846E+03    1.48904E+03
 4.76631E+01    1.40252E+03    1.32259E+03    1.48245E+03
 4.80000E+01    1.39936E+03    1.31961E+03    1.47911E+03
 4.86772E+01    1.39330E+03    1.31389E+03    1.47270E+03
 4.90000E+01    1.39041E+03    1.31117E+03    1.46965E+03
 4.96913E+01    1.38422E+03    1.30534E+03    1.46311E+03
 5.00000E+01    1.38146E+03    1.30273E+03    1.46019E+03
 5.07054E+01    1.37545E+03    1.29706E+03    1.45384E+03
 5.10000E+01    1.37294E+03    1.29470E+03    1.45118E+03
 5.17195E+01    1.36681E+03    1.28891E+03    1.44471E+03
 5.20000E+01    1.36442E+03    1.28666E+03    1.44218E+03
 5.27336E+01    1.35846E+03    1.28104E+03    1.43587E+03
 5.30000E+01    1.35629E+03    1.27899E+03    1.43359E+03
 5.37477E+01    1.35020E+03    1.27325E+03    1.42715E+03
 5.40000E+01    1.34815E+03    1.27132E+03    1.42498E+03
 5.47618E+01    1.34223E+03    1.26574E+03    1.41872E+03
 5.50000E+01    1.34038E+03    1.26399E+03    1.41677E+03
 5.57760E+01    1.33435E+03    1.25831E+03    1.41040E+03
 5.60000E+01    1.33261E+03    1.25666E+03    1.40856E+03
 5.67901E+01    1.32675E+03    1.25114E+03    1.40236E+03
 5.70000E+01    1.32519E+03    1.24967E+03    1.40071E+03
 5.78042E+01    1.31922E+03    1.24404E+03    1.39441E+03
 5.80000E+01    1.31777E+03    1.24267E+03    1.39287E+03
 5.88183E+01    1.31197E+03    1.23720E+03    1.38674E+03
 5.90000E+01    1.31068E+03    1.23598E+03    1.38538E+03
 5.98324E+01    1.30477E+03    1.23041E+03    1.37913E+03
 6.00000E+01    1.30358E+03    1.22929E+03    1.37787E+03
 6.08465E+01    1.29803E+03    1.22405E+03    1.37200E+03
 6.10000E+01    1.29702E+03    1.22310E+03    1.37094E+03
 6.18606E+01    1.29138E+03    1.21779E+03    1.36498E+03
 6.20000E+01    1.29047E+03    1.21693E+03    1.36401E+03
 6.28747E+01    1.28473E+03    1.21151E+03    1.35795E+03
 6.30000E+01    1.28391E+03    1.21074E+03    1.35708E+03
 6.38888E+01    1.27809E+03    1.20525E+03    1.35093E+03
 6.40000E+01    1.27736E+03    1.20456E+03    1.35016E+03
 6.49029E+01    1.27144E+03    1.19898E+03    1.34390E+03
 6.50000E+01    1.27080E+03    1.19838E+03    1.34322E+03
 6.59170E+01    1.26542E+03    1.19330E+03    1.33753E+03
 6.60000E+01    1.26493E+03    1.19284E+03    1.33702E+03
 6.69311E+01    1.25946E+03    1.18769E+03    1.33124E+03
 6.70000E+01    1.25906E+03    1.18731E+03    1.33081E+03
 6.79453E+01    1.25350E+03    1.18206E+03    1.32494E+03
 6.80000E+01    1.25318E+03    1.18176E+03    1.32460E+03
 6.89594E+01    1.24755E+03    1.17645E+03    1.31865E+03
 6.90000E+01    1.24731E+03    1.17623E+03    1.31840E+03
 6.99735E+01    1.24160E+03    1.17084E+03    1.31235E+03
 7.00000E+01    1.24144E+03    1.17069E+03    1.31219E+03
 7.09876E+01    1.23624E+03    1.16578E+03    1.30669E+03
 7.10000E+01    1.23617E+03    1.16572E+03    1.30662E+03
 7.20000E+01    1.23089E+03    1.16074E+03    1.30104E+03
 7.30000E+01    1.22562E+03    1.15577E+03    1.29547E+03
 7.40000E+01    1.22034E+03    1.15079E+03    1.28989E+03
 7.50000E+01    1.21507E+03    1.14582E+03    1.28432E+03
 7.60000E+01    1.21031E+03    1.14133E+03    1.27929E+03
 7.70000E+01    1.20555E+03    1.13684E+03    1.27426E+03
 7.80000E+01    1.20080E+03    1.13237E+03    1.26923E+03
 7.90000E+01    1.19604E+03    1.12788E+03    1.26420E+03
 8.00000E+01    1.19128E+03    1.12339E+03    1.25917E+03
 8.10000E+01    1.18717E+03    1.11951E+03    1.25483E+03
 8.20000E+01    1.18306E+03    1.11564E+03    1.25048E+03
 8.30000E+01    1.17894E+03    1.11175E+03    1.24613E+03
 8.40000E+01    1.17483E+03    1.10788E+03    1.24178E+03
 8.50000E+01    1.17072E+03    1.10400E+03    1.23744E+03
 8.60000E+01    1.16661E+03    1.10012E+03    1.23310E+03
 8.70000E+01    1.16250E+03    1.09625E+03    1.22875E+03
 8.80000E+01    1.15838E+03    1.09236E+03    1.22440E+03
 8.90000E+01    1.15427E+03    1.08849E+03    1.22005E+03
 9.00000E+01    1.15016E+03    1.08461E+03    1.21571E+03
 9.10000E+01    1.14674E+03    1.08139E+03    1.21209E+03
 9.20000E+01    1.14331E+03    1.07815E+03    1.20847E+03
 9.30000E+01    1.13989E+03    1.07493E+03    1.20485E+03
 9.40000E+01    1.13647E+03    1.07170E+03    1.20124E+03
 9.50000E+01    1.13305E+03    1.06848E+03    1.19762E+03
 9.60000E+01    1.12962E+03    1.06524E+03    1.19400E+03
 9.70000E+01    1.12620E+03    1.06202E+03    1.19038E+03
 9.80000E+01    1.12278E+03    1.05879E+03    1.18677E+03
 9.90000E+01    1.11935E+03    1.05556E+03    1.18314E+03
 1.00000E+02    1.11593E+03    1.05233E+03    1.17953E+03
 1.01411E+02    1.11185E+03    1.04849E+03    1.17522E+03
 1.02000E+02    1.11015E+03    1.04688E+03    1.17342E+03
 1.03439E+02    1.10598E+03    1.04295E+03    1.16901E+03
 1.04000E+02    1.10436E+03    1.04142E+03    1.16730E+03
 1.05467E+02    1.10012E+03    1.03742E+03    1.16282E+03
 1.06000E+02    1.09858E+03    1.03597E+03    1.16119E+03
 1.07495E+02    1.09425E+03    1.03189E+03    1.15661E+03
 1.08000E+02    1.09279E+03    1.03051E+03    1.15507E+03
 1.09524E+02    1.08839E+03    1.02636E+03    1.15041E+03
 1.10000E+02    1.08701E+03    1.02506E+03    1.14896E+03
 1.11552E+02    1.08317E+03    1.02144E+03    1.14490E+03
 1.12000E+02    1.08206E+03    1.02039E+03    1.14373E+03
 1.13580E+02    1.07814E+03    1.01670E+03    1.13959E+03
 1.14000E+02    1.07710E+03    1.01572E+03    1.13848E+03
 1.15608E+02    1.07312E+03    1.01196E+03    1.13428E+03
 1.16000E+02    1.07215E+03    1.01105E+03    1.13325E+03
 1.17637E+02    1.06809E+03    1.00722E+03    1.12896E+03
 1.18000E+02    1.06719E+03    1.00637E+03    1.12801E+03
 1.19665E+02    1.06307E+03    1.00248E+03    1.12365E+03
 1.20000E+02    1.06224E+03    1.00170E+03    1.12278E+03
 1.21693E+02    1.05860E+03    9.98270E+02    1.11893E+03
 1.22000E+02    1.05794E+03    9.97647E+02    1.11823E+03
 1.23721E+02    1.05424E+03    9.94158E+02    1.11432E+03
 1.24000E+02    1.05364E+03    9.93592E+02    1.11369E+03
 1.25749E+02    1.04988E+03    9.90045E+02    1.10971E+03
 1.26000E+02    1.04934E+03    9.89537E+02    1.10914E+03
 1.27778E+02    1.04552E+03    9.85933E+02    1.10510E+03
 1.28000E+02    1.04504E+03    9.85483E+02    1.10460E+03
 1.29806E+02    1.04116E+03    9.81821E+02    1.10049E+03
 1.30000E+02    1.04074E+03    9.81428E+02    1.10005E+03
 1.31834E+02    1.03727E+03    9.78159E+02    1.09639E+03
 1.32000E+02    1.03696E+03    9.77863E+02    1.09606E+03
 1.33862E+02    1.03344E+03    9.74544E+02    1.09234E+03
 1.34000E+02    1.03318E+03    9.74298E+02    1.09206E+03
 1.35891E+02    1.02961E+03    9.70929E+02    1.08828E+03
 1.36000E+02    1.02940E+03    9.70734E+02    1.08807E+03
 1.37919E+02    1.02577E+03    9.67314E+02    1.08423E+03
 1.38000E+02    1.02562E+03    9.67169E+02    1.08407E+03
 1.39947E+02    1.02194E+03    9.63699E+02    1.08018E+03
 1.40000E+02    1.02184E+03    9.63605E+02    1.08008E+03
 1.41975E+02    1.01852E+03    9.60476E+02    1.07657E+03
 1.42000E+02    1.01848E+03    9.60436E+02    1.07652E+03
 1.44000E+02    1.01512E+03    9.57268E+02    1.07297E+03
 1.46000E+02    1.01175E+03    9.54090E+02    1.06941E+03
 1.48000E+02    1.00839E+03    9.50921E+02    1.06586E+03
 1.50000E+02    1.00503E+03    9.47753E+02    1.06231E+03
 1.52000E+02    1.00201E+03    9.44905E+02    1.05912E+03
 1.54000E+02    9.98986E+02    9.42053E+02    1.05592E+03
 1.56000E+02    9.95965E+02    9.39204E+02    1.05273E+03
 1.58000E+02    9.92943E+02    9.36355E+02    1.04953E+03
 1.60000E+02    9.89921E+02    9.33505E+02    1.04634E+03
 1.62000E+02    9.87293E+02    9.31027E+02    1.04356E+03
 1.64000E+02    9.84665E+02    9.28548E+02    1.04078E+03
 1.66000E+02    9.82037E+02    9.26070E+02    1.03800E+03
 1.68000E+02    9.79409E+02    9.23592E+02    1.03523E+03
 1.70000E+02    9.76781E+02    9.21114E+02    1.03245E+03
 1.72000E+02    9.74152E+02    9.18635E+02    1.02967E+03
 1.74000E+02    9.71524E+02    9.16156E+02    1.02689E+03
 1.76000E+02    9.68896E+02    9.13678E+02    1.02411E+03
 1.78000E+02    9.66268E+02    9.11200E+02    1.02134E+03
 1.80000E+02    9.63640E+02    9.08721E+02    1.01856E+03
 1.82000E+02    9.61399E+02    9.06608E+02    1.01619E+03
 1.84000E+02    9.59158E+02    9.04495E+02    1.01382E+03
 1.86000E+02    9.56917E+02    9.02382E+02    1.01145E+03
 1.88000E+02    9.54676E+02    9.00268E+02    1.00908E+03
 1.90000E+02    9.52436E+02    8.98156E+02    1.00672E+03
 1.92000E+02    9.50195E+02    8.96043E+02    1.00435E+03
 1.94000E+02    9.47954E+02    8.93930E+02    1.00198E+03
 1.96000E+02    9.45713E+02    8.91816E+02    9.99610E+02
 1.98000E+02    9.43472E+02    8.89703E+02    9.97241E+02
 2.00000E+02    9.41231E+02    8.87590E+02    9.94872E+02
