# n + Na 23 : (n,n'13)  
# jendl4.0   K.SHIBATA (JAERI)                 EVAL-AUG00
# uncertainties: y
# # energies =    18
#   E(MeV)       xs(mb)       xslow(mb)      xsupp(mb)
 5.77680E+00    0.00000E+00    0.00000E+00    0.00000E+00
 6.00000E+00    5.02660E+00    2.91362E+00    7.13958E+00
 6.50000E+00    1.46598E+01    8.49742E+00    2.08222E+01
 7.00000E+00    1.81519E+01    9.98137E+00    2.63224E+01
 8.10000E+00    1.80512E+01    9.92599E+00    2.61764E+01
 9.00000E+00    1.45978E+01    0.00000E+00    3.04002E+01
 1.00000E+01    1.17066E+01    0.00000E+00    2.43792E+01
 1.10000E+01    9.54850E+00    0.00000E+00    2.44671E+01
 1.20000E+01    7.65960E+00    0.00000E+00    1.96270E+01
 1.30000E+01    6.08570E+00    0.00000E+00    1.67486E+01
 1.40000E+01    4.84030E+00    0.00000E+00    1.40593E+01
 1.45000E+01    4.34680E+00    0.00000E+00    1.31272E+01
 1.50000E+01    3.93580E+00    0.00000E+00    1.18860E+01
 1.60000E+01    3.29040E+00    0.00000E+00    1.02062E+01
 1.70000E+01    2.86170E+00    0.00000E+00    9.23837E+00
 1.80000E+01    2.55240E+00    0.00000E+00    8.23986E+00
 1.90000E+01    2.31690E+00    0.00000E+00    7.77264E+00
 2.00000E+01    2.12480E+00    0.00000E+00    7.12819E+00
