# n + Ru104 : (n,tot)   
# jendl4.0   JNDC FP NUCLEAR DATA W.G.         EVAL-MAR90
# uncertainties: n
# # energies =   616
#   E(MeV)       xs(mb) 
 1.00000E-11    5.93485E+04
 1.04713E-11    5.80204E+04
 1.09648E-11    5.67221E+04
 1.14815E-11    5.54553E+04
 1.20226E-11    5.42163E+04
 1.25893E-11    5.30077E+04
 1.31826E-11    5.18255E+04
 1.38038E-11    5.06723E+04
 1.44544E-11    4.95448E+04
 1.51356E-11    4.84443E+04
 1.58489E-11    4.73692E+04
 1.65959E-11    4.63190E+04
 1.73780E-11    4.52939E+04
 1.81970E-11    4.42919E+04
 1.90546E-11    4.33145E+04
 1.99526E-11    4.23587E+04
 2.08930E-11    4.14268E+04
 2.18776E-11    4.05155E+04
 2.29087E-11    3.96267E+04
 2.39883E-11    3.87581E+04
 2.51189E-11    3.79106E+04
 2.63027E-11    3.70829E+04
 2.75423E-11    3.62747E+04
 2.88403E-11    3.54862E+04
 3.01995E-11    3.47156E+04
 3.16228E-11    3.39644E+04
 3.31131E-11    3.32302E+04
 3.46737E-11    3.25145E+04
 3.63078E-11    3.18151E+04
 3.80189E-11    3.11332E+04
 3.98107E-11    3.04673E+04
 4.16869E-11    2.98177E+04
 4.36516E-11    2.91839E+04
 4.57088E-11    2.85652E+04
 4.78630E-11    2.79621E+04
 5.01187E-11    2.73730E+04
 5.24807E-11    2.67991E+04
 5.49541E-11    2.62386E+04
 5.75440E-11    2.56926E+04
 6.02560E-11    2.51595E+04
 6.30957E-11    2.46401E+04
 6.60693E-11    2.41336E+04
 6.91831E-11    2.36393E+04
 7.24436E-11    2.31580E+04
 7.58578E-11    2.26884E+04
 7.94328E-11    2.22306E+04
 8.31764E-11    2.17850E+04
 8.70964E-11    2.13501E+04
 9.12011E-11    2.09266E+04
 9.54993E-11    2.05142E+04
 1.00000E-10    2.01119E+04
 1.04713E-10    1.97206E+04
 1.09648E-10    1.93394E+04
 1.14815E-10    1.89678E+04
 1.20226E-10    1.86065E+04
 1.25893E-10    1.82545E+04
 1.31826E-10    1.79117E+04
 1.38038E-10    1.75785E+04
 1.44544E-10    1.72539E+04
 1.51356E-10    1.69382E+04
 1.58489E-10    1.66313E+04
 1.65959E-10    1.63323E+04
 1.73780E-10    1.60420E+04
 1.81970E-10    1.57596E+04
 1.90546E-10    1.54849E+04
 1.99526E-10    1.52180E+04
 2.08930E-10    1.49588E+04
 2.18776E-10    1.47066E+04
 2.29087E-10    1.44616E+04
 2.39883E-10    1.42239E+04
 2.51189E-10    1.39929E+04
 2.63027E-10    1.37685E+04
 2.75423E-10    1.35507E+04
 2.88403E-10    1.33395E+04
 3.01995E-10    1.31344E+04
 3.16228E-10    1.29352E+04
 3.31131E-10    1.27421E+04
 3.46737E-10    1.25549E+04
 3.63078E-10    1.23732E+04
 3.80189E-10    1.21969E+04
 3.98107E-10    1.20260E+04
 4.16869E-10    1.18605E+04
 4.36516E-10    1.17000E+04
 4.57088E-10    1.15445E+04
 4.78630E-10    1.13937E+04
 5.01187E-10    1.12475E+04
 5.24807E-10    1.11059E+04
 5.49541E-10    1.09688E+04
 5.75440E-10    1.08360E+04
 6.02560E-10    1.07074E+04
 6.30957E-10    1.05828E+04
 6.60693E-10    1.04620E+04
 6.91831E-10    1.03452E+04
 7.24436E-10    1.02319E+04
 7.58578E-10    1.01223E+04
 7.94328E-10    1.00161E+04
 8.31764E-10    9.91323E+03
 8.70964E-10    9.81366E+03
 9.12011E-10    9.71719E+03
 9.54993E-10    9.62375E+03
 1.00000E-09    9.53324E+03
 1.04713E-09    9.44560E+03
 1.09648E-09    9.36068E+03
 1.14815E-09    9.27840E+03
 1.20226E-09    9.19870E+03
 1.25892E-09    9.12147E+03
 1.31826E-09    9.04663E+03
 1.38038E-09    8.97410E+03
 1.44544E-09    8.90387E+03
 1.51356E-09    8.83574E+03
 1.58489E-09    8.76961E+03
 1.65959E-09    8.70554E+03
 1.73780E-09    8.64340E+03
 1.81970E-09    8.58317E+03
 1.90546E-09    8.52483E+03
 1.99526E-09    8.46824E+03
 2.08930E-09    8.41316E+03
 2.18776E-09    8.35978E+03
 2.29087E-09    8.30803E+03
 2.39883E-09    8.25789E+03
 2.51189E-09    8.20924E+03
 2.63027E-09    8.16177E+03
 2.75423E-09    8.11582E+03
 2.88403E-09    8.07138E+03
 3.01995E-09    8.02810E+03
 3.16228E-09    7.98592E+03
 3.31131E-09    7.94513E+03
 3.46737E-09    7.90563E+03
 3.63078E-09    7.86696E+03
 3.80189E-09    7.82950E+03
 3.98107E-09    7.79339E+03
 4.16869E-09    7.75786E+03
 4.36516E-09    7.72350E+03
 4.57088E-09    7.69038E+03
 4.78630E-09    7.65774E+03
 5.01187E-09    7.62628E+03
 5.24807E-09    7.59577E+03
 5.49541E-09    7.56575E+03
 5.75440E-09    7.53703E+03
 6.02560E-09    7.50872E+03
 6.30957E-09    7.48131E+03
 6.60693E-09    7.45488E+03
 6.91831E-09    7.42870E+03
 7.24436E-09    7.40381E+03
 7.58578E-09    7.37899E+03
 7.94328E-09    7.35542E+03
 8.31764E-09    7.33198E+03
 8.70964E-09    7.30957E+03
 9.12011E-09    7.28748E+03
 9.54993E-09    7.26616E+03
 1.00000E-08    7.24532E+03
 1.04713E-08    7.22506E+03
 1.09648E-08    7.20535E+03
 1.14815E-08    7.18615E+03
 1.20226E-08    7.16744E+03
 1.25893E-08    7.14930E+03
 1.31826E-08    7.13147E+03
 1.38038E-08    7.11437E+03
 1.44544E-08    7.09735E+03
 1.51356E-08    7.08125E+03
 1.58489E-08    7.06499E+03
 1.65959E-08    7.04983E+03
 1.73780E-08    7.03432E+03
 1.81970E-08    7.01993E+03
 1.90546E-08    7.00532E+03
 1.99526E-08    6.99147E+03
 2.08930E-08    6.97792E+03
 2.18776E-08    6.96435E+03
 2.29087E-08    6.95177E+03
 2.39883E-08    6.93875E+03
 2.51189E-08    6.92653E+03
 2.63027E-08    6.91490E+03
 2.75423E-08    6.90284E+03
 2.88403E-08    6.89176E+03
 3.01995E-08    6.88066E+03
 3.16228E-08    6.86954E+03
 3.31131E-08    6.85939E+03
 3.46737E-08    6.84886E+03
 3.63078E-08    6.83881E+03
 3.80189E-08    6.82932E+03
 3.98107E-08    6.81942E+03
 4.16869E-08    6.81031E+03
 4.36516E-08    6.80142E+03
 4.57088E-08    6.79218E+03
 4.78630E-08    6.78383E+03
 5.01187E-08    6.77554E+03
 5.24807E-08    6.76695E+03
 5.49541E-08    6.75923E+03
 5.75440E-08    6.75156E+03
 6.02560E-08    6.74357E+03
 6.30957E-08    6.73631E+03
 6.60693E-08    6.72928E+03
 6.91831E-08    6.72192E+03
 7.24436E-08    6.71498E+03
 7.58578E-08    6.70858E+03
 7.94328E-08    6.70187E+03
 8.31764E-08    6.69516E+03
 8.70964E-08    6.68927E+03
 9.12011E-08    6.68323E+03
 9.54993E-08    6.67691E+03
 1.00000E-07    6.67121E+03
 1.04713E-07    6.66582E+03
 1.09648E-07    6.66017E+03
 1.14815E-07    6.65440E+03
 1.20226E-07    6.64944E+03
 1.25893E-07    6.64446E+03
 1.31826E-07    6.63924E+03
 1.38038E-07    6.63402E+03
 1.44544E-07    6.62958E+03
 1.51356E-07    6.62503E+03
 1.58489E-07    6.62028E+03
 1.65959E-07    6.61550E+03
 1.73780E-07    6.61147E+03
 1.81970E-07    6.60737E+03
 1.90546E-07    6.60308E+03
 1.99526E-07    6.59866E+03
 2.08930E-07    6.59493E+03
 2.18776E-07    6.59129E+03
 2.29087E-07    6.58747E+03
 2.39883E-07    6.58348E+03
 2.51189E-07    6.57975E+03
 2.63027E-07    6.57656E+03
 2.75423E-07    6.57321E+03
 2.88403E-07    6.56971E+03
 3.01995E-07    6.56607E+03
 3.16228E-07    6.56298E+03
 3.31131E-07    6.56009E+03
 3.46737E-07    6.55707E+03
 3.63078E-07    6.55391E+03
 3.80189E-07    6.55063E+03
 3.98107E-07    6.54790E+03
 4.16869E-07    6.54534E+03
 4.36516E-07    6.54266E+03
 4.57088E-07    6.53985E+03
 4.78630E-07    6.53691E+03
 5.01187E-07    6.53428E+03
 5.24807E-07    6.53205E+03
 5.49541E-07    6.52971E+03
 5.75440E-07    6.52727E+03
 6.02560E-07    6.52471E+03
 6.30957E-07    6.52207E+03
 6.60693E-07    6.51996E+03
 6.91831E-07    6.51796E+03
 7.24436E-07    6.51587E+03
 7.58578E-07    6.51369E+03
 7.94328E-07    6.51140E+03
 8.31764E-07    6.50902E+03
 8.70964E-07    6.50712E+03
 9.12011E-07    6.50537E+03
 9.54993E-07    6.50353E+03
 1.00000E-06    6.50160E+03
 1.04713E-06    6.49958E+03
 1.09648E-06    6.49747E+03
 1.14815E-06    6.49568E+03
 1.20226E-06    6.49465E+03
 1.25893E-06    6.49358E+03
 1.31826E-06    6.49246E+03
 1.38038E-06    6.49130E+03
 1.44544E-06    6.49007E+03
 1.51356E-06    6.48879E+03
 1.58489E-06    6.48745E+03
 1.65959E-06    6.48605E+03
 1.73780E-06    6.48458E+03
 1.81970E-06    6.48304E+03
 1.90546E-06    6.48143E+03
 1.99526E-06    6.47974E+03
 2.08930E-06    6.47797E+03
 2.18776E-06    6.47612E+03
 2.29087E-06    6.47419E+03
 2.39883E-06    6.47216E+03
 2.51189E-06    6.47003E+03
 2.63027E-06    6.46781E+03
 2.75423E-06    6.46548E+03
 2.88403E-06    6.46320E+03
 3.01995E-06    6.46210E+03
 3.16228E-06    6.46124E+03
 3.31131E-06    6.46034E+03
 3.46737E-06    6.45939E+03
 3.63078E-06    6.45840E+03
 3.80189E-06    6.45737E+03
 3.98107E-06    6.45628E+03
 4.16869E-06    6.45515E+03
 4.36516E-06    6.45396E+03
 4.57088E-06    6.45271E+03
 4.78630E-06    6.45141E+03
 5.01187E-06    6.45004E+03
 5.24807E-06    6.44861E+03
 5.49541E-06    6.44711E+03
 5.75440E-06    6.44555E+03
 6.02560E-06    6.44390E+03
 6.30957E-06    6.44218E+03
 6.60693E-06    6.44038E+03
 6.91831E-06    6.43850E+03
 7.24436E-06    6.43652E+03
 7.58578E-06    6.43446E+03
 7.94328E-06    6.43229E+03
 8.31764E-06    6.43002E+03
 8.70964E-06    6.42765E+03
 9.12011E-06    6.42517E+03
 9.54993E-06    6.42256E+03
 1.00000E-05    6.41984E+03
 1.04713E-05    6.41698E+03
 1.09648E-05    6.41399E+03
 1.14815E-05    6.41087E+03
 1.20226E-05    6.40759E+03
 1.25893E-05    6.40416E+03
 1.31826E-05    6.40093E+03
 1.38038E-05    6.39853E+03
 1.44544E-05    6.39608E+03
 1.51356E-05    6.39350E+03
 1.58489E-05    6.39080E+03
 1.65959E-05    6.38798E+03
 1.73780E-05    6.38502E+03
 1.81970E-05    6.38193E+03
 1.90546E-05    6.37869E+03
 1.99526E-05    6.37529E+03
 2.08930E-05    6.37174E+03
 2.18776E-05    6.36801E+03
 2.29087E-05    6.36412E+03
 2.39883E-05    6.36003E+03
 2.51189E-05    6.35576E+03
 2.63027E-05    6.35129E+03
 2.75423E-05    6.34660E+03
 2.88403E-05    6.34169E+03
 3.01995E-05    6.33655E+03
 3.16228E-05    6.33117E+03
 3.31131E-05    6.32554E+03
 3.46737E-05    6.31964E+03
 3.63078E-05    6.31346E+03
 3.80189E-05    6.30699E+03
 3.98107E-05    6.30022E+03
 4.16869E-05    6.29313E+03
 4.36516E-05    6.28570E+03
 4.57088E-05    6.27792E+03
 4.78630E-05    6.26978E+03
 5.01187E-05    6.26125E+03
 5.24807E-05    6.25232E+03
 5.49541E-05    6.24519E+03
 5.75440E-05    6.24586E+03
 6.02560E-05    6.27475E+03
 6.30957E-05    2.11138E+04
 6.60693E-05    7.07281E+03
 6.91831E-05    6.22107E+03
 7.24436E-05    6.18895E+03
 7.58578E-05    6.16854E+03
 7.94328E-05    6.14953E+03
 8.31764E-05    6.13447E+03
 8.70964E-05    6.11885E+03
 9.12011E-05    6.10249E+03
 9.54993E-05    6.08536E+03
 1.00000E-04    6.06743E+03
 1.04713E-04    6.04865E+03
 1.09648E-04    6.02898E+03
 1.14815E-04    6.00839E+03
 1.20226E-04    5.98683E+03
 1.25893E-04    5.96425E+03
 1.31826E-04    5.94061E+03
 1.38038E-04    5.91585E+03
 1.44544E-04    5.88993E+03
 1.51356E-04    5.85949E+03
 1.58489E-04    5.82178E+03
 1.65959E-04    5.78218E+03
 1.73780E-04    5.73810E+03
 1.81970E-04    5.67753E+03
 1.90546E-04    5.59550E+03
 1.99526E-04    5.46172E+03
 2.08930E-04    5.13867E+03
 2.18776E-04    5.88916E+04
 2.29087E-04    6.80381E+03
 2.39883E-04    6.11614E+03
 2.51189E-04    5.92326E+03
 2.63027E-04    5.81372E+03
 2.75423E-04    5.73249E+03
 2.88403E-04    5.65950E+03
 3.01995E-04    5.58893E+03
 3.16228E-04    5.51759E+03
 3.31131E-04    5.44236E+03
 3.46737E-04    5.33922E+03
 3.63078E-04    5.58013E+03
 3.80189E-04    1.49507E+04
 3.98107E-04    5.38758E+03
 4.16869E-04    5.25344E+03
 4.36516E-04    5.13884E+03
 4.57088E-04    5.30038E+03
 4.78630E-04    5.15238E+03
 5.01187E-04    4.70127E+03
 5.24807E-04    4.44894E+03
 5.49541E-04    4.28454E+03
 5.75440E-04    3.08952E+03
 6.02560E-04    1.36550E+05
 6.30957E-04    1.27241E+04
 6.60693E-04    7.12156E+03
 6.91831E-04    6.21786E+03
 7.24436E-04    5.78871E+03
 7.58578E-04    5.72076E+03
 7.94328E-04    5.26634E+03
 8.31764E-04    5.03486E+03
 8.70964E-04    4.70847E+03
 9.12011E-04    7.55204E+03
 9.54993E-04    4.05462E+03
 1.00000E-03    2.97924E+03
 1.04713E-03    7.20352E+04
 1.09648E-03    6.08884E+03
 1.14815E-03    9.46137E+03
 1.20226E-03    5.27993E+03
 1.25893E-03    4.91812E+03
 1.31826E-03    4.51579E+03
 1.38038E-03    1.49485E+04
 1.44544E-03    2.16436E+04
 1.51356E-03    2.38443E+04
 1.58489E-03    6.31250E+03
 1.65959E-03    4.12508E+03
 1.73780E-03    2.13504E+04
 1.81970E-03    5.38726E+03
 1.90546E-03    4.85263E+03
 1.99526E-03    1.59858E+04
 2.08930E-03    5.51379E+03
 2.18776E-03    4.86988E+03
 2.29087E-03    4.37972E+03
 2.39883E-03    1.35248E+04
 2.51189E-03    4.81866E+03
 2.63027E-03    4.78051E+03
 2.75423E-03    7.02730E+03
 2.88403E-03    3.95135E+03
 3.01995E-03    1.61560E+04
 3.16228E-03    5.60860E+03
 3.31131E-03    4.29207E+03
 3.46737E-03    4.39577E+03
 3.63078E-03    4.25999E+03
 3.80189E-03    2.70517E+03
 3.98107E-03    2.23447E+03
 4.16869E-03    5.14089E+04
 4.36516E-03    7.89232E+03
 4.57088E-03    2.58038E+04
 4.78630E-03    2.76415E+03
 5.01187E-03    2.01135E+03
 5.24807E-03    1.48570E+05
 5.49541E-03    2.15524E+04
 5.75440E-03    1.20031E+04
 6.02560E-03    7.04189E+04
 6.30957E-03    1.28354E+04
 6.60693E-03    2.83705E+04
 6.91831E-03    1.01567E+04
 7.24436E-03    9.66666E+03
 7.58578E-03    8.42019E+03
 7.94328E-03    1.66408E+04
 8.31764E-03    8.18166E+03
 8.70964E-03    7.05539E+03
 9.12011E-03    6.61933E+03
 9.54993E-03    6.95814E+03
 1.00000E-02    5.94614E+03
 1.04713E-02    1.14905E+04
 1.09648E-02    1.05543E+04
 1.14815E-02    6.82459E+03
 1.20226E-02    6.81619E+03
 1.25893E-02    6.80757E+03
 1.31826E-02    6.80418E+03
 1.38038E-02    6.80337E+03
 1.44544E-02    6.80253E+03
 1.51356E-02    6.80159E+03
 1.58489E-02    6.80058E+03
 1.65959E-02    6.79952E+03
 1.73780E-02    6.80082E+03
 1.81970E-02    6.80648E+03
 1.90546E-02    6.81249E+03
 1.99526E-02    6.82185E+03
 2.08930E-02    6.83545E+03
 2.18776E-02    6.84971E+03
 2.29087E-02    6.86463E+03
 2.39883E-02    6.88026E+03
 2.51189E-02    6.89638E+03
 2.63027E-02    6.91308E+03
 2.75423E-02    6.93057E+03
 2.88403E-02    6.94888E+03
 3.01995E-02    6.96782E+03
 3.16228E-02    6.98751E+03
 3.31131E-02    7.00814E+03
 3.46737E-02    7.03077E+03
 3.63078E-02    7.05667E+03
 3.80189E-02    7.08385E+03
 3.98107E-02    7.11115E+03
 4.16869E-02    7.13798E+03
 4.36516E-02    7.16606E+03
 4.57088E-02    7.19547E+03
 4.78630E-02    7.22625E+03
 5.01187E-02    7.25701E+03
 5.24807E-02    7.28800E+03
 5.49541E-02    7.32044E+03
 5.75440E-02    7.35440E+03
 6.02560E-02    7.38794E+03
 6.30957E-02    7.42161E+03
 6.60693E-02    7.45687E+03
 6.91831E-02    7.49271E+03
 7.24436E-02    7.52750E+03
 7.58578E-02    7.56380E+03
 7.94328E-02    7.59910E+03
 8.31764E-02    7.63118E+03
 8.70964E-02    7.66469E+03
 9.12011E-02    7.69977E+03
 9.54993E-02    7.73651E+03
 1.00000E-01    7.75683E+03
 1.04713E-01    7.75967E+03
 1.09648E-01    7.76265E+03
 1.14815E-01    7.76577E+03
 1.20226E-01    7.76892E+03
 1.25893E-01    7.77177E+03
 1.31826E-01    7.77469E+03
 1.38038E-01    7.77776E+03
 1.44544E-01    7.78081E+03
 1.51356E-01    7.77861E+03
 1.58489E-01    7.77360E+03
 1.65959E-01    7.76836E+03
 1.73780E-01    7.76330E+03
 1.81970E-01    7.75833E+03
 1.90546E-01    7.75312E+03
 1.99526E-01    7.74461E+03
 2.08930E-01    7.73189E+03
 2.18776E-01    7.71877E+03
 2.29087E-01    7.70618E+03
 2.39883E-01    7.69313E+03
 2.51189E-01    7.67623E+03
 2.63027E-01    7.65631E+03
 2.75423E-01    7.63663E+03
 2.88403E-01    7.61672E+03
 3.01995E-01    7.59267E+03
 3.16228E-01    7.56568E+03
 3.31131E-01    7.53741E+03
 3.46737E-01    7.50781E+03
 3.63078E-01    7.47682E+03
 3.80189E-01    7.44437E+03
 3.98107E-01    7.41084E+03
 4.16869E-01    7.37647E+03
 4.36516E-01    7.34049E+03
 4.57088E-01    7.30282E+03
 4.78630E-01    7.26337E+03
 5.01187E-01    7.22206E+03
 5.24807E-01    7.17892E+03
 5.49541E-01    7.13386E+03
 5.75440E-01    7.08668E+03
 6.02560E-01    7.03728E+03
 6.30957E-01    6.98589E+03
 6.60693E-01    6.93639E+03
 6.91831E-01    6.88585E+03
 7.24436E-01    6.83292E+03
 7.58578E-01    6.77751E+03
 7.94328E-01    6.71948E+03
 8.31764E-01    6.65871E+03
 8.70964E-01    6.59509E+03
 9.12011E-01    6.52846E+03
 9.54993E-01    6.45902E+03
 1.00000E+00    6.38950E+03
 1.04713E+00    6.31752E+03
 1.09648E+00    6.24216E+03
 1.14815E+00    6.16506E+03
 1.20226E+00    6.09092E+03
 1.25893E+00    6.01388E+03
 1.31826E+00    5.93321E+03
 1.38038E+00    5.84875E+03
 1.44544E+00    5.76308E+03
 1.51356E+00    5.67810E+03
 1.58489E+00    5.58919E+03
 1.65959E+00    5.49638E+03
 1.73780E+00    5.40466E+03
 1.81970E+00    5.31071E+03
 1.90546E+00    5.21268E+03
 1.99526E+00    5.11540E+03
 2.08930E+00    5.01536E+03
 2.18776E+00    4.91344E+03
 2.29087E+00    4.81830E+03
 2.39883E+00    4.72034E+03
 2.51189E+00    4.62792E+03
 2.63027E+00    4.53547E+03
 2.75423E+00    4.44399E+03
 2.88403E+00    4.35571E+03
 3.01995E+00    4.28446E+03
 3.16228E+00    4.22249E+03
 3.31131E+00    4.15794E+03
 3.46737E+00    4.09766E+03
 3.63078E+00    4.03753E+03
 3.80189E+00    3.97539E+03
 3.98107E+00    3.93219E+03
 4.16869E+00    3.91350E+03
 4.36516E+00    3.89416E+03
 4.57088E+00    3.87390E+03
 4.78630E+00    3.85273E+03
 5.01187E+00    3.84455E+03
 5.24807E+00    3.84765E+03
 5.49541E+00    3.85089E+03
 5.75440E+00    3.85428E+03
 6.02560E+00    3.86412E+03
 6.30957E+00    3.88246E+03
 6.60693E+00    3.90170E+03
 6.91831E+00    3.92311E+03
 7.24436E+00    3.95549E+03
 7.58578E+00    3.99152E+03
 7.94328E+00    4.03104E+03
 8.31764E+00    4.08180E+03
 8.70964E+00    4.13629E+03
 9.12011E+00    4.19551E+03
 9.54993E+00    4.26159E+03
 1.00000E+01    4.32486E+03
 1.04713E+01    4.38381E+03
 1.09648E+01    4.44354E+03
 1.14815E+01    4.50394E+03
 1.20226E+01    4.53264E+03
 1.25893E+01    4.53355E+03
 1.31826E+01    4.53445E+03
 1.38038E+01    4.52667E+03
 1.44544E+01    4.49310E+03
 1.51356E+01    4.45401E+03
 1.58489E+01    4.41467E+03
 1.65959E+01    4.37889E+03
 1.73780E+01    4.34377E+03
 1.81970E+01    4.31149E+03
 1.90546E+01    4.28060E+03
 1.99526E+01    2.19610E+02
