# n + La137 : (n,n'19)  
# tendl.2019 A.J. Koning and D. Rochman        EVAL-NOV19
# uncertainties: n
# # energies =    73
#   E(MeV)       xs(mb) 
 1.66377E+00    0.00000E+00
 1.73586E+00    1.33352E+01
 1.74127E+00    1.43360E+01
 1.79990E+00    2.51814E+01
 1.80000E+00    2.51999E+01
 1.80500E+00    2.54660E+01
 1.81427E+00    2.59595E+01
 1.87769E+00    2.93351E+01
 1.88327E+00    2.96321E+01
 1.89542E+00    3.02788E+01
 1.90836E+00    3.09675E+01
 1.97746E+00    3.46455E+01
 1.98784E+00    3.51980E+01
 2.00000E+00    3.58452E+01
 2.20000E+00    3.92959E+01
 2.40000E+00    3.93506E+01
 2.60000E+00    3.69269E+01
 2.80000E+00    3.27275E+01
 3.00000E+00    2.76919E+01
 3.20000E+00    2.26682E+01
 3.40000E+00    1.81715E+01
 3.60000E+00    1.43955E+01
 3.80000E+00    1.13416E+01
 4.00000E+00    8.92019E+00
 4.20000E+00    7.02314E+00
 4.40000E+00    5.54654E+00
 4.60000E+00    4.40192E+00
 4.80000E+00    3.51719E+00
 5.00000E+00    2.83437E+00
 5.20000E+00    2.30823E+00
 5.40000E+00    1.90298E+00
 5.60000E+00    1.59078E+00
 5.80000E+00    1.34978E+00
 6.00000E+00    1.16318E+00
 6.20000E+00    1.01707E+00
 6.40000E+00    9.03367E-01
 6.60000E+00    8.13981E-01
 6.80000E+00    7.43056E-01
 7.00000E+00    6.86754E-01
 7.20000E+00    6.41378E-01
 7.40000E+00    6.04807E-01
 7.60000E+00    5.75054E-01
 7.80000E+00    5.50630E-01
 8.00000E+00    5.30549E-01
 8.50000E+00    4.93544E-01
 9.00000E+00    4.68417E-01
 9.50000E+00    4.49404E-01
 1.00000E+01    4.33181E-01
 1.05000E+01    4.18059E-01
 1.10000E+01    4.03394E-01
 1.15000E+01    3.89128E-01
 1.20000E+01    3.75448E-01
 1.25000E+01    3.62593E-01
 1.30000E+01    3.50731E-01
 1.35000E+01    3.39927E-01
 1.40000E+01    3.30143E-01
 1.45000E+01    3.21255E-01
 1.50000E+01    3.13085E-01
 1.60000E+01    2.98159E-01
 1.70000E+01    2.84165E-01
 1.80000E+01    2.70592E-01
 1.90000E+01    2.57393E-01
 2.00000E+01    2.44704E-01
 2.10000E+01    2.32788E-01
 2.20000E+01    2.21982E-01
 2.30000E+01    2.12529E-01
 2.40000E+01    2.04488E-01
 2.50000E+01    1.97741E-01
 2.60000E+01    1.92039E-01
 2.70000E+01    1.87033E-01
 2.80000E+01    1.82354E-01
 2.90000E+01    1.77712E-01
 3.00000E+01    1.72978E-01
