# n + La137 : (n,n'11)  
# tendl.2019 A.J. Koning and D. Rochman        EVAL-NOV19
# uncertainties: n
# # energies =    84
#   E(MeV)       xs(mb) 
 1.01202E+00    0.00000E+00
 1.18000E+00    7.40944E+01
 1.18305E+00    7.54398E+01
 1.20000E+00    8.29163E+01
 1.26435E+00    9.32453E+01
 1.32398E+00    1.02817E+02
 1.37506E+00    1.11016E+02
 1.40000E+00    1.15019E+02
 1.48476E+00    1.22755E+02
 1.54671E+00    1.28409E+02
 1.60000E+00    1.33273E+02
 1.66377E+00    1.35307E+02
 1.73586E+00    1.37606E+02
 1.74127E+00    1.37778E+02
 1.79990E+00    1.39648E+02
 1.80000E+00    1.39651E+02
 1.80500E+00    1.39603E+02
 1.81427E+00    1.39513E+02
 1.87769E+00    1.38902E+02
 1.88327E+00    1.38848E+02
 1.89542E+00    1.38731E+02
 1.90836E+00    1.38606E+02
 1.97746E+00    1.37939E+02
 1.98784E+00    1.37839E+02
 2.00000E+00    1.37722E+02
 2.20000E+00    1.30462E+02
 2.40000E+00    1.20562E+02
 2.60000E+00    1.09272E+02
 2.80000E+00    9.80299E+01
 3.00000E+00    8.77630E+01
 3.20000E+00    7.88974E+01
 3.40000E+00    7.14913E+01
 3.60000E+00    6.54001E+01
 3.80000E+00    6.04003E+01
 4.00000E+00    5.62606E+01
 4.20000E+00    5.27812E+01
 4.40000E+00    4.97975E+01
 4.60000E+00    4.71812E+01
 4.80000E+00    4.48355E+01
 5.00000E+00    4.26927E+01
 5.20000E+00    4.07095E+01
 5.40000E+00    3.88613E+01
 5.60000E+00    3.71369E+01
 5.80000E+00    3.55334E+01
 6.00000E+00    3.40508E+01
 6.20000E+00    3.26897E+01
 6.40000E+00    3.14515E+01
 6.60000E+00    3.03336E+01
 6.80000E+00    2.93311E+01
 7.00000E+00    2.84384E+01
 7.20000E+00    2.76462E+01
 7.40000E+00    2.69454E+01
 7.60000E+00    2.63253E+01
 7.80000E+00    2.57743E+01
 8.00000E+00    2.52821E+01
 8.50000E+00    2.42359E+01
 9.00000E+00    2.33442E+01
 9.50000E+00    2.25107E+01
 1.00000E+01    2.16891E+01
 1.05000E+01    2.08694E+01
 1.10000E+01    2.00631E+01
 1.15000E+01    1.92884E+01
 1.20000E+01    1.85620E+01
 1.25000E+01    1.78953E+01
 1.30000E+01    1.72929E+01
 1.35000E+01    1.67523E+01
 1.40000E+01    1.62662E+01
 1.45000E+01    1.58239E+01
 1.50000E+01    1.54135E+01
 1.60000E+01    1.46488E+01
 1.70000E+01    1.39197E+01
 1.80000E+01    1.32123E+01
 1.90000E+01    1.25281E+01
 2.00000E+01    1.18764E+01
 2.10000E+01    1.12744E+01
 2.20000E+01    1.07399E+01
 2.30000E+01    1.02806E+01
 2.40000E+01    9.89436E+00
 2.50000E+01    9.57095E+00
 2.60000E+01    9.29493E+00
 2.70000E+01    9.04717E+00
 2.80000E+01    8.80946E+00
 2.90000E+01    8.57009E+00
 3.00000E+01    8.32655E+00
