# p + Bi209 : (p,xd)    
# tendl.2019 A.J. Koning                       EVAL-OCT19
# 
# # energies =    55
#   E(MeV)        xs(mb) 
 2.68782E+00    2.17835E-17
 3.00000E+00    3.55742E-17
 3.23539E+00    4.59727E-17
 3.54625E+00    5.97052E-17
 3.86878E+00    7.39532E-17
 3.90737E+00    7.56579E-17
 4.00000E+00    7.97499E-17
 4.02098E+00    8.06767E-17
 4.10345E+00    8.43199E-17
 4.11224E+00    8.47082E-17
 4.16741E+00    8.71454E-17
 4.21691E+00    8.93320E-17
 4.41172E+00    9.79379E-17
 5.00000E+00    1.23926E-16
 6.00000E+00    3.37988E-15
 7.00000E+00    7.76677E-15
 8.00000E+00    1.21537E-14
 9.00000E+00    4.03380E-10
 1.00000E+01    1.09306E-07
 1.10000E+01    9.93709E-06
 1.20000E+01    3.11663E-04
 1.30000E+01    4.57890E-03
 1.40000E+01    3.84801E-02
 1.50000E+01    2.05896E-01
 1.60000E+01    7.33100E-01
 1.70000E+01    1.83951E+00
 1.80000E+01    3.58150E+00
 1.90000E+01    5.88579E+00
 2.00000E+01    8.61603E+00
 2.20000E+01    1.48182E+01
 2.40000E+01    2.13674E+01
 2.60000E+01    2.75817E+01
 2.80000E+01    3.33511E+01
 3.00000E+01    3.91664E+01
 3.00000E+01    3.92417E+01
 3.50000E+01    5.22199E+01
 4.00000E+01    6.32426E+01
 4.50000E+01    7.26497E+01
 5.00000E+01    7.98590E+01
 5.50000E+01    8.80132E+01
 6.00000E+01    9.31499E+01
 6.50000E+01    9.94009E+01
 7.00000E+01    1.03771E+02
 7.50000E+01    1.09043E+02
 8.00000E+01    1.13206E+02
 9.00000E+01    1.11153E+02
 1.00000E+02    1.10075E+02
 1.10000E+02    1.06046E+02
 1.20000E+02    1.02552E+02
 1.30000E+02    9.93077E+01
 1.40000E+02    9.64094E+01
 1.50000E+02    9.45521E+01
 1.60000E+02    9.40922E+01
 1.80000E+02    1.00515E+02
 2.00000E+02    1.51841E+02
