# n + Te125 : (n,n'05)  
# endfb8.0   JNDC FPND W.G., Mughabghab        EVAL-Dec04
# uncertainties: n
# # energies =   393
#   E(MeV)       xs(mb) 
 4.67142E-01    0.00000E+00
 4.67266E-01    2.63460E-01
 4.67513E-01    7.88318E-01
 4.67759E-01    1.30908E+00
 4.68246E-01    2.34245E+00
 4.68726E-01    3.35968E+00
 4.69200E-01    4.36102E+00
 4.70133E-01    6.33240E+00
 4.71039E-01    8.24218E+00
 4.71918E-01    1.00923E+01
 4.72771E-01    1.18845E+01
 4.73599E-01    1.36208E+01
 4.75207E-01    1.69848E+01
 4.76720E-01    2.01386E+01
 4.78143E-01    2.30953E+01
 4.79481E-01    2.58671E+01
 4.80738E-01    2.84658E+01
 4.83105E-01    3.33382E+01
 4.85185E-01    3.76015E+01
 4.87013E-01    4.13320E+01
 4.88617E-01    4.45961E+01
 4.91439E-01    5.03084E+01
 4.93565E-01    5.45926E+01
 4.96772E-01    6.10188E+01
 5.00000E-01    6.74451E+01
 5.03589E-01    7.09294E+01
 5.06750E-01    7.39781E+01
 5.12330E-01    7.93133E+01
 5.16555E-01    8.33148E+01
 5.19747E-01    8.63159E+01
 5.24571E-01    9.08175E+01
 5.29441E-01    9.53191E+01
 5.35813E-01    9.88599E+01
 5.41857E-01    1.02179E+02
 5.47584E-01    1.05291E+02
 5.53009E-01    1.08209E+02
 5.58143E-01    1.10944E+02
 5.67899E-01    1.16073E+02
 5.76576E-01    1.20560E+02
 5.84276E-01    1.24487E+02
 5.91098E-01    1.27922E+02
 5.97133E-01    1.30928E+02
 6.07842E-01    1.36189E+02
 6.16000E-01    1.40135E+02
 6.22190E-01    1.43094E+02
 6.31592E-01    1.47533E+02
 6.41136E-01    1.51972E+02
 6.47285E-01    1.52454E+02
 6.61889E-01    1.54741E+02
 6.76822E-01    1.57028E+02
 7.00000E-01    1.57304E+02
 7.17379E-01    1.59399E+02
 7.35189E-01    1.61495E+02
 7.66910E-01    1.63060E+02
 8.00000E-01    1.64625E+02
 8.10493E-01    1.65437E+02
 8.28834E-01    1.66990E+02
 8.47590E-01    1.68542E+02
 8.73402E-01    1.70907E+02
 9.00000E-01    1.73272E+02
 9.24021E-01    1.75582E+02
 9.61260E-01    1.79048E+02
 1.00000E+00    1.82513E+02
 1.02521E+00    1.84790E+02
 1.06352E+00    1.88067E+02
 1.10213E+00    1.89408E+02
 1.14215E+00    1.90749E+02
 1.20132E+00    1.90128E+02
 1.25000E+00    1.90578E+02
 1.27522E+00    1.90889E+02
 1.32098E+00    1.89613E+02
 1.36363E+00    1.87108E+02
 1.39651E+00    1.85230E+02
 1.44733E+00    1.82412E+02
 1.50000E+00    1.79594E+02
 1.52918E+00    1.76269E+02
 1.55518E+00    1.73359E+02
 1.57830E+00    1.70813E+02
 1.61958E+00    1.66357E+02
 1.65124E+00    1.63015E+02
 1.67540E+00    1.60509E+02
 1.71229E+00    1.56749E+02
 1.75000E+00    1.52990E+02
 1.77946E+00    1.49158E+02
 1.80563E+00    1.45804E+02
 1.82886E+00    1.42870E+02
 1.84942E+00    1.40302E+02
 1.88597E+00    1.35809E+02
 1.91385E+00    1.32439E+02
 1.93504E+00    1.29912E+02
 1.96725E+00    1.26121E+02
 2.00000E+00    1.22330E+02
 2.02550E+00    1.19636E+02
 2.05052E+00    1.17025E+02
 2.07505E+00    1.14497E+02
 2.09909E+00    1.12047E+02
 2.12265E+00    1.09674E+02
 2.14572E+00    1.07375E+02
 2.16831E+00    1.05148E+02
 2.19042E+00    1.02991E+02
 2.21205E+00    1.00901E+02
 2.25458E+00    9.68511E+01
 2.29520E+00    9.30547E+01
 2.33393E+00    8.94956E+01
 2.37084E+00    8.61589E+01
 2.40598E+00    8.30308E+01
 2.43939E+00    8.00982E+01
 2.47113E+00    7.73489E+01
 2.50127E+00    7.47714E+01
 2.52985E+00    7.23550E+01
 2.55695E+00    7.00896E+01
 2.58261E+00    6.79658E+01
 2.60691E+00    6.59748E+01
 2.62989E+00    6.41082E+01
 2.65162E+00    6.23582E+01
 2.67216E+00    6.07176E+01
 2.71110E+00    5.76416E+01
 2.74563E+00    5.49500E+01
 2.77621E+00    5.25949E+01
 2.80324E+00    5.05341E+01
 2.82711E+00    4.87310E+01
 2.84817E+00    4.71532E+01
 2.88539E+00    4.43922E+01
 2.91362E+00    4.23214E+01
 2.93498E+00    4.07683E+01
 2.96731E+00    3.84386E+01
 3.00000E+00    3.61090E+01
 3.02709E+00    3.52416E+01
 3.05357E+00    3.44014E+01
 3.07944E+00    3.35874E+01
 3.13019E+00    3.20103E+01
 3.17853E+00    3.05317E+01
 3.22453E+00    2.91456E+01
 3.26826E+00    2.78461E+01
 3.30979E+00    2.66278E+01
 3.34920E+00    2.54856E+01
 3.38658E+00    2.44149E+01
 3.42200E+00    2.34111E+01
 3.45554E+00    2.24700E+01
 3.48729E+00    2.15877E+01
 3.51731E+00    2.07605E+01
 3.54570E+00    1.99851E+01
 3.57251E+00    1.92581E+01
 3.59784E+00    1.85766E+01
 3.62175E+00    1.79376E+01
 3.64430E+00    1.73386E+01
 3.68697E+00    1.62155E+01
 3.72472E+00    1.52327E+01
 3.75807E+00    1.43728E+01
 3.78749E+00    1.36204E+01
 3.81342E+00    1.29621E+01
 3.83626E+00    1.23860E+01
 3.85636E+00    1.18819E+01
 3.89178E+00    1.09998E+01
 3.91855E+00    1.03382E+01
 3.93876E+00    9.84205E+00
 3.96926E+00    9.09778E+00
 4.00000E+00    8.35350E+00
 4.05618E+00    7.93725E+00
 4.10956E+00    7.54701E+00
 4.16024E+00    7.18117E+00
 4.20833E+00    6.83819E+00
 4.25391E+00    6.51665E+00
 4.29709E+00    6.21520E+00
 4.33797E+00    5.93259E+00
 4.37665E+00    5.66765E+00
 4.41323E+00    5.41926E+00
 4.44779E+00    5.18640E+00
 4.48044E+00    4.96809E+00
 4.51127E+00    4.76343E+00
 4.54037E+00    4.57156E+00
 4.56782E+00    4.39168E+00
 4.59370E+00    4.22304E+00
 4.61809E+00    4.06495E+00
 4.66419E+00    3.76851E+00
 4.70490E+00    3.50914E+00
 4.74081E+00    3.28218E+00
 4.77246E+00    3.08359E+00
 4.80033E+00    2.90983E+00
 4.82484E+00    2.75779E+00
 4.84640E+00    2.62475E+00
 4.88435E+00    2.39194E+00
 4.91301E+00    2.21732E+00
 4.93462E+00    2.08637E+00
 4.96720E+00    1.88993E+00
 5.00000E+00    1.69349E+00
 5.05730E+00    1.60729E+00
 5.11162E+00    1.52648E+00
 5.16307E+00    1.45073E+00
 5.21177E+00    1.37970E+00
 5.25785E+00    1.31312E+00
 5.30142E+00    1.25070E+00
 5.34260E+00    1.19217E+00
 5.38149E+00    1.13731E+00
 5.41820E+00    1.08588E+00
 5.45285E+00    1.03766E+00
 5.48554E+00    9.92450E-01
 5.51636E+00    9.50069E-01
 5.54541E+00    9.10337E-01
 5.57278E+00    8.73088E-01
 5.62448E+00    8.03247E-01
 5.67010E+00    7.42135E-01
 5.71033E+00    6.88663E-01
 5.74576E+00    6.41874E-01
 5.77694E+00    6.00934E-01
 5.80436E+00    5.65112E-01
 5.82846E+00    5.33767E-01
 5.87088E+00    4.78914E-01
 5.90290E+00    4.37774E-01
 5.92703E+00    4.06920E-01
 5.96340E+00    3.60637E-01
 5.98167E+00    3.37496E-01
 6.00000E+00    3.14355E-01
 6.05809E+00    2.98130E-01
 6.11305E+00    2.82919E-01
 6.16504E+00    2.68659E-01
 6.21417E+00    2.55290E-01
 6.26059E+00    2.42757E-01
 6.30443E+00    2.31007E-01
 6.34580E+00    2.19991E-01
 6.38483E+00    2.09664E-01
 6.42165E+00    1.99982E-01
 6.45635E+00    1.90906E-01
 6.48906E+00    1.82397E-01
 6.51987E+00    1.74419E-01
 6.57804E+00    1.59461E-01
 6.62936E+00    1.46373E-01
 6.67459E+00    1.34921E-01
 6.71443E+00    1.24901E-01
 6.74948E+00    1.16133E-01
 6.78029E+00    1.08461E-01
 6.80738E+00    1.01748E-01
 6.83116E+00    9.58739E-02
 6.87299E+00    8.55946E-02
 6.90452E+00    7.78852E-02
 6.92827E+00    7.21031E-02
 6.96404E+00    6.34300E-02
 7.00000E+00    5.47569E-02
 7.05866E+00    5.17504E-02
 7.11411E+00    4.89319E-02
 7.16648E+00    4.62895E-02
 7.21593E+00    4.38122E-02
 7.26261E+00    4.14898E-02
 7.30663E+00    3.93125E-02
 7.34815E+00    3.72713E-02
 7.38729E+00    3.53577E-02
 7.42417E+00    3.35637E-02
 7.45891E+00    3.18818E-02
 7.49163E+00    3.03050E-02
 7.52244E+00    2.88268E-02
 7.58054E+00    2.60551E-02
 7.63174E+00    2.36299E-02
 7.67683E+00    2.15079E-02
 7.71650E+00    1.96511E-02
 7.75138E+00    1.80264E-02
 7.78203E+00    1.66048E-02
 7.80895E+00    1.53609E-02
 7.83258E+00    1.42724E-02
 7.87410E+00    1.23677E-02
 7.90539E+00    1.09391E-02
 7.92894E+00    9.86772E-03
 7.96439E+00    8.26059E-03
 7.98217E+00    7.45703E-03
 8.00000E+00    6.65347E-03
 8.05911E+00    6.28790E-03
 8.11492E+00    5.94518E-03
 8.16759E+00    5.62388E-03
 8.21729E+00    5.32267E-03
 8.26415E+00    5.04027E-03
 8.30832E+00    4.77553E-03
 8.34995E+00    4.52734E-03
 8.38917E+00    4.29465E-03
 8.42610E+00    4.07651E-03
 8.46087E+00    3.87200E-03
 8.49360E+00    3.68028E-03
 8.55531E+00    3.32079E-03
 8.60967E+00    3.00624E-03
 8.65752E+00    2.73101E-03
 8.69961E+00    2.49019E-03
 8.73660E+00    2.27946E-03
 8.76910E+00    2.09508E-03
 8.79763E+00    1.93374E-03
 8.82268E+00    1.79258E-03
 8.86668E+00    1.54553E-03
 8.89982E+00    1.36025E-03
 8.92476E+00    1.22128E-03
 8.96230E+00    1.01284E-03
 8.98113E+00    9.08619E-04
 9.00000E+00    8.04397E-04
 9.05946E+00    7.61642E-04
 9.11556E+00    7.21560E-04
 9.16847E+00    6.83983E-04
 9.21836E+00    6.48754E-04
 9.26537E+00    6.15727E-04
 9.30966E+00    5.84765E-04
 9.35137E+00    5.55737E-04
 9.39065E+00    5.28524E-04
 9.46474E+00    4.77499E-04
 9.53005E+00    4.32852E-04
 9.58756E+00    3.93786E-04
 9.63817E+00    3.59604E-04
 9.68268E+00    3.29694E-04
 9.72178E+00    3.03523E-04
 9.75613E+00    2.80623E-04
 9.78629E+00    2.60586E-04
 9.83928E+00    2.25521E-04
 9.87922E+00    1.99222E-04
 9.90928E+00    1.79498E-04
 9.93188E+00    1.64704E-04
 9.96588E+00    1.42515E-04
 1.00000E+01    1.20325E-04
 1.01146E+01    1.13119E-04
 1.02232E+01    1.06364E-04
 1.03261E+01    1.00031E-04
 1.04235E+01    9.40938E-05
 1.05157E+01    8.85277E-05
 1.06028E+01    8.33094E-05
 1.06852E+01    7.84173E-05
 1.07630E+01    7.38309E-05
 1.08364E+01    6.95312E-05
 1.09057E+01    6.55002E-05
 1.09711E+01    6.17211E-05
 1.10327E+01    5.81782E-05
 1.10908E+01    5.48568E-05
 1.11456E+01    5.17430E-05
 1.11971E+01    4.88237E-05
 1.12457E+01    4.60869E-05
 1.12914E+01    4.35212E-05
 1.13345E+01    4.11158E-05
 1.13750E+01    3.88608E-05
 1.14513E+01    3.46326E-05
 1.15185E+01    3.09329E-05
 1.15776E+01    2.76957E-05
 1.16296E+01    2.48632E-05
 1.16752E+01    2.23847E-05
 1.17153E+01    2.02160E-05
 1.17506E+01    1.83184E-05
 1.17815E+01    1.66580E-05
 1.18085E+01    1.52052E-05
 1.18561E+01    1.26627E-05
 1.18919E+01    1.07559E-05
 1.19189E+01    9.32573E-06
 1.19391E+01    8.25313E-06
 1.19695E+01    6.64423E-06
 1.20000E+01    5.03533E-06
 1.21162E+01    4.74101E-06
 1.22261E+01    4.46508E-06
 1.23301E+01    4.20640E-06
 1.24283E+01    3.96388E-06
 1.25212E+01    3.73652E-06
 1.26089E+01    3.52337E-06
 1.26916E+01    3.32355E-06
 1.27697E+01    3.13621E-06
 1.28433E+01    2.96058E-06
 1.29127E+01    2.79593E-06
 1.29781E+01    2.64157E-06
 1.30397E+01    2.49686E-06
 1.30978E+01    2.36119E-06
 1.31524E+01    2.23400E-06
 1.32039E+01    2.11476E-06
 1.32523E+01    2.00297E-06
 1.33435E+01    1.79337E-06
 1.34239E+01    1.60997E-06
 1.34946E+01    1.44949E-06
 1.35567E+01    1.30907E-06
 1.36114E+01    1.18621E-06
 1.36593E+01    1.07870E-06
 1.37015E+01    9.84640E-07
 1.37384E+01    9.02330E-07
 1.37709E+01    8.30300E-07
 1.38278E+01    7.04270E-07
 1.38706E+01    6.09740E-07
 1.39029E+01    5.38840E-07
 1.39514E+01    4.32500E-07
 1.39757E+01    3.79330E-07
 1.40000E+01    3.26160E-07
 1.40605E+01    3.11680E-07
 1.41746E+01    2.84530E-07
 1.42753E+01    2.60770E-07
 1.43639E+01    2.39980E-07
 1.44419E+01    2.21790E-07
 1.45105E+01    2.05880E-07
 1.45708E+01    1.91950E-07
 1.46238E+01    1.79770E-07
 1.46703E+01    1.69110E-07
 1.47520E+01    1.50450E-07
 1.48136E+01    1.36450E-07
 1.48600E+01    1.25960E-07
 1.49298E+01    1.10220E-07
 1.50000E+01    9.44730E-08
 1.60000E+01    2.86870E-08
 1.80000E+01    2.88320E-09
 2.00000E+01    2.88020E-10
