# n + Mg 26 : (n,el)    
# tendl.2019 A.J. Koning and D. Rochman        EVAL-NOV19
# uncertainties: y
# # energies =    69
#   E(MeV)       xs(mb)       xslow(mb)      xsupp(mb)
 1.00000E-10    6.54059E+03    6.04015E+03    7.04103E+03
 5.00000E-09    3.74155E+03    3.45527E+03    4.02783E+03
 1.00000E-08    3.63523E+03    3.35708E+03    3.91337E+03
 1.50000E-08    3.59361E+03    3.31865E+03    3.86857E+03
 2.00000E-08    3.57116E+03    3.29792E+03    3.84441E+03
 2.50000E-08    3.55698E+03    3.28483E+03    3.82914E+03
 3.00000E-08    3.54729E+03    3.27588E+03    3.81871E+03
 3.50000E-08    3.53911E+03    3.26832E+03    3.80990E+03
 4.20000E-08    3.53181E+03    3.26158E+03    3.80204E+03
 5.00000E-08    3.52624E+03    3.25644E+03    3.79605E+03
 5.80000E-08    3.52181E+03    3.25235E+03    3.79128E+03
 6.70000E-08    3.51780E+03    3.24864E+03    3.78695E+03
 8.00000E-08    3.51359E+03    3.24476E+03    3.78243E+03
 1.00000E-07    3.50890E+03    3.24042E+03    3.77737E+03
 1.40000E-07    3.50520E+03    3.23700E+03    3.77339E+03
 1.80000E-07    3.50290E+03    3.23488E+03    3.77091E+03
 2.20000E-07    3.50172E+03    3.23379E+03    3.76965E+03
 2.50000E-07    3.50093E+03    3.23306E+03    3.76880E+03
 2.80000E-07    3.50027E+03    3.23245E+03    3.76809E+03
 3.00000E-07    3.49974E+03    3.23197E+03    3.76752E+03
 3.20000E-07    3.49933E+03    3.23158E+03    3.76707E+03
 3.50000E-07    3.49896E+03    3.23124E+03    3.76668E+03
 4.00000E-07    3.49828E+03    3.23061E+03    3.76594E+03
 5.00000E-07    3.49729E+03    3.22970E+03    3.76488E+03
 6.25000E-07    3.49679E+03    3.22924E+03    3.76435E+03
 7.80000E-07    3.49654E+03    3.22900E+03    3.76407E+03
 8.50000E-07    3.49639E+03    3.22887E+03    3.76391E+03
 9.10000E-07    3.49628E+03    3.22876E+03    3.76379E+03
 9.50000E-07    3.49621E+03    3.22870E+03    3.76371E+03
 9.72000E-07    3.49615E+03    3.22865E+03    3.76366E+03
 9.96000E-07    3.49610E+03    3.22860E+03    3.76360E+03
 1.02000E-06    3.49604E+03    3.22855E+03    3.76354E+03
 1.04500E-06    3.49599E+03    3.22850E+03    3.76348E+03
 1.07100E-06    3.49593E+03    3.22844E+03    3.76342E+03
 1.09700E-06    3.49587E+03    3.22839E+03    3.76335E+03
 1.12300E-06    3.49581E+03    3.22833E+03    3.76329E+03
 1.15000E-06    3.49561E+03    3.22815E+03    3.76308E+03
 1.30000E-06    3.49536E+03    3.22791E+03    3.76280E+03
 1.50000E-06    3.49533E+03    3.22789E+03    3.76277E+03
 2.10000E-06    3.49530E+03    3.22786E+03    3.76274E+03
 2.60000E-06    3.49527E+03    3.22783E+03    3.76271E+03
 3.30000E-06    3.49523E+03    3.22780E+03    3.76267E+03
 4.00000E-06    3.49509E+03    3.22766E+03    3.76251E+03
 9.87700E-06    3.49477E+03    3.22736E+03    3.76219E+03
 1.59680E-05    3.49434E+03    3.22695E+03    3.76173E+03
 2.77000E-05    3.49355E+03    3.22621E+03    3.76089E+03
 4.80520E-05    3.49234E+03    3.22507E+03    3.75962E+03
 7.55014E-05    3.48995E+03    3.22281E+03    3.75709E+03
 1.48728E-04    3.48318E+03    3.21645E+03    3.74992E+03
 3.67262E-04    3.46521E+03    3.19955E+03    3.73087E+03
 9.06898E-04    3.43740E+03    3.17299E+03    3.70181E+03
 1.42510E-03    3.40421E+03    3.14176E+03    3.66667E+03
 2.23945E-03    3.34117E+03    3.08112E+03    3.60122E+03
 3.51910E-03    3.20311E+03    2.94966E+03    3.45657E+03
 5.53000E-03    2.42729E+03    2.22685E+03    2.62773E+03
 9.11800E-03    1.18951E+04    1.16856E+04    1.21047E+04
 1.50300E-02    3.86556E+03    3.60983E+03    4.12129E+03
 2.47800E-02    3.63530E+03    3.37034E+03    3.90025E+03
 4.08500E-02    3.50088E+03    3.24288E+03    3.75889E+03
 6.73400E-02    3.38770E+03    3.13763E+03    3.63776E+03
 1.11000E-01    3.37900E+03    3.15433E+03    3.60366E+03
 1.83000E-01    9.70998E+03    9.06436E+03    1.03556E+04
 3.02000E-01    9.63644E+03    9.33141E+03    9.94147E+03
 5.00000E-01    4.82391E+03    4.62581E+03    5.02201E+03
 8.21000E-01    4.87396E+03    4.17856E+03    5.56935E+03
 1.35300E+00    3.87723E+03    3.47130E+03    4.28315E+03
 2.23100E+00    2.47056E+03    2.16465E+03    2.77647E+03
 3.67900E+00    1.51962E+03    1.26846E+03    1.77077E+03
 6.06500E+00    8.82704E+02    7.46009E+02    1.01940E+03
