# p + Cu 63 : (p,n')    
# tendl.2019 A.J. Koning                       EVAL-OCT19
# uncertainties: y
# # energies =    53
#   E(MeV)       xs(mb)       xslow(mb)      xsupp(mb)
 4.21511E+00    0.00000E+00    0.00000E+00    0.00000E+00
 4.41112E+00    1.07928E+01    8.93342E+00    1.26522E+01
 4.46692E+00    1.75791E+01    1.45505E+01    2.06076E+01
 4.85226E+00    7.56429E+01    6.26112E+01    8.86746E+01
 4.86238E+00    7.75674E+01    6.42041E+01    9.09307E+01
 4.87562E+00    8.12812E+01    6.72782E+01    9.52843E+01
 5.00000E+00    1.29085E+02    1.06847E+02    1.51324E+02
 5.25471E+00    1.31316E+02    1.08693E+02    1.53939E+02
 5.29547E+00    1.32532E+02    1.09700E+02    1.55365E+02
 5.29745E+00    1.32635E+02    1.09784E+02    1.55485E+02
 5.44080E+00    1.41695E+02    1.17283E+02    1.66106E+02
 5.51993E+00    1.48489E+02    1.22907E+02    1.74070E+02
 6.00000E+00    2.30892E+02    1.91114E+02    2.70669E+02
 7.00000E+00    2.72581E+02    2.00926E+02    3.44236E+02
 8.00000E+00    2.89952E+02    2.13730E+02    3.66174E+02
 9.00000E+00    3.08840E+02    2.27653E+02    3.90027E+02
 1.00000E+01    3.27788E+02    2.51836E+02    4.03740E+02
 1.10000E+01    3.43178E+02    2.63660E+02    4.22697E+02
 1.20000E+01    3.53960E+02    2.71943E+02    4.35977E+02
 1.30000E+01    3.50479E+02    2.69269E+02    4.31689E+02
 1.40000E+01    2.83519E+02    2.22253E+02    3.44785E+02
 1.50000E+01    2.00247E+02    1.56975E+02    2.43518E+02
 1.60000E+01    1.40056E+02    1.09791E+02    1.70320E+02
 1.70000E+01    1.01588E+02    7.96354E+01    1.23540E+02
 1.80000E+01    7.81025E+01    5.40628E+01    1.02142E+02
 1.90000E+01    6.40067E+01    4.43056E+01    8.37078E+01
 2.00000E+01    5.55254E+01    3.84348E+01    7.26159E+01
 2.20000E+01    4.61375E+01    3.12301E+01    6.10449E+01
 2.40000E+01    4.05624E+01    2.74564E+01    5.36685E+01
 2.60000E+01    3.61413E+01    2.44972E+01    4.77854E+01
 2.80000E+01    3.25690E+01    2.20758E+01    4.30621E+01
 3.00000E+01    2.92551E+01    1.98296E+01    3.86807E+01
 3.00000E+01    2.91580E+01    1.97638E+01    3.85522E+01
 3.50000E+01    2.24090E+01    1.51892E+01    2.96288E+01
 4.00000E+01    1.76752E+01    1.19805E+01    2.33698E+01
 4.50000E+01    1.42785E+01    9.67821E+00    1.88788E+01
 5.00000E+01    1.16490E+01    7.89589E+00    1.54021E+01
 5.50000E+01    1.00243E+01    6.79464E+00    1.32540E+01
 6.00000E+01    8.42072E+00    5.70771E+00    1.11337E+01
 6.50000E+01    7.34252E+00    4.97688E+00    9.70816E+00
 7.00000E+01    6.37043E+00    4.31799E+00    8.42288E+00
 7.50000E+01    5.51185E+00    3.73603E+00    7.28768E+00
 8.00000E+01    4.81248E+00    3.26198E+00    6.36298E+00
 9.00000E+01    3.80658E+00    2.58016E+00    5.03300E+00
 1.00000E+02    3.00557E+00    2.03723E+00    3.97391E+00
 1.10000E+02    2.44074E+00    1.65437E+00    3.22711E+00
 1.20000E+02    2.01809E+00    1.36790E+00    2.66829E+00
 1.30000E+02    1.70028E+00    1.15248E+00    2.24808E+00
 1.40000E+02    1.45438E+00    9.85803E-01    1.92296E+00
 1.50000E+02    1.26634E+00    8.58347E-01    1.67433E+00
 1.60000E+02    1.11290E+00    7.54343E-01    1.47146E+00
 1.80000E+02    9.03177E-01    6.12189E-01    1.19417E+00
 2.00000E+02    7.60097E-01    5.15207E-01    1.00499E+00
