# n + Ca 42 : (n,p01)   
# endfb8.0   A.J. Koning                       EVAL-OCT04
# uncertainties: n
# # energies =    52
#   E(MeV)       xs(mb) 
 3.20000E+00    0.00000E+00
 3.40000E+00    3.14968E-05
 3.46312E+00    4.53691E-04
 3.50737E+00    7.49670E-04
 3.52492E+00    8.67058E-04
 3.60000E+00    1.36925E-03
 3.61175E+00    2.15853E-03
 3.67122E+00    6.15330E-03
 3.80000E+00    1.48038E-02
 3.94649E+00    6.17551E-02
 3.98012E+00    7.25338E-02
 4.00000E+00    7.89055E-02
 4.03573E+00    1.10569E-01
 4.20000E+00    2.56142E-01
 4.40000E+00    6.09929E-01
 4.60000E+00    1.18286E+00
 4.80000E+00    1.96750E+00
 5.00000E+00    2.94144E+00
 5.20000E+00    4.03610E+00
 5.40000E+00    5.16727E+00
 5.60000E+00    6.24913E+00
 5.80000E+00    7.21298E+00
 6.00000E+00    8.01094E+00
 6.20000E+00    8.61595E+00
 6.40000E+00    9.03360E+00
 6.60000E+00    9.26385E+00
 6.80000E+00    9.32946E+00
 7.00000E+00    9.25653E+00
 7.20000E+00    9.06086E+00
 7.40000E+00    8.77796E+00
 7.60000E+00    8.42136E+00
 7.80000E+00    8.00170E+00
 8.00000E+00    7.56328E+00
 8.50000E+00    6.36222E+00
 9.00000E+00    5.18046E+00
 9.50000E+00    4.08044E+00
 1.00000E+01    3.14600E+00
 1.05000E+01    2.38558E+00
 1.10000E+01    1.78651E+00
 1.15000E+01    1.32654E+00
 1.20000E+01    9.77033E-01
 1.25000E+01    7.17576E-01
 1.30000E+01    5.24443E-01
 1.35000E+01    3.82514E-01
 1.40000E+01    2.78832E-01
 1.45000E+01    2.02872E-01
 1.50000E+01    1.47767E-01
 1.60000E+01    7.84474E-02
 1.70000E+01    4.18128E-02
 1.80000E+01    2.24421E-02
 1.90000E+01    1.21557E-02
 2.00000E+01    6.66963E-03
