# n + Tc 99 : (n,n'16)  
# tendl.2019 A.J. Koning and D. Rochman        EVAL-NOV19
# uncertainties: n
# # energies =    81
#   E(MeV)       xs(mb) 
 8.93277E-01    0.00000E+00
 9.00000E-01    1.31687E+00
 9.29967E-01    7.94411E+00
 9.96227E-01    2.25976E+01
 1.00000E+00    2.34320E+01
 1.01431E+00    2.44048E+01
 1.02784E+00    2.53245E+01
 1.03016E+00    2.54822E+01
 1.08316E+00    2.90851E+01
 1.09249E+00    2.97193E+01
 1.13890E+00    3.28742E+01
 1.14062E+00    3.29911E+01
 1.14662E+00    3.33990E+01
 1.15350E+00    3.38667E+01
 1.16115E+00    3.43867E+01
 1.18400E+00    3.59400E+01
 1.18848E+00    3.62446E+01
 1.20000E+00    3.70277E+01
 1.40000E+00    3.66539E+01
 1.60000E+00    3.65315E+01
 1.80000E+00    3.61091E+01
 2.00000E+00    3.51099E+01
 2.20000E+00    3.34396E+01
 2.40000E+00    3.11603E+01
 2.60000E+00    2.85084E+01
 2.80000E+00    2.57380E+01
 3.00000E+00    2.30772E+01
 3.20000E+00    2.06657E+01
 3.40000E+00    1.85735E+01
 3.60000E+00    1.68151E+01
 3.80000E+00    1.53733E+01
 4.00000E+00    1.42095E+01
 4.20000E+00    1.32812E+01
 4.40000E+00    1.25469E+01
 4.60000E+00    1.19697E+01
 4.80000E+00    1.15194E+01
 5.00000E+00    1.11694E+01
 5.20000E+00    1.08968E+01
 5.40000E+00    1.06836E+01
 5.60000E+00    1.05135E+01
 5.80000E+00    1.03736E+01
 6.00000E+00    1.02524E+01
 6.20000E+00    1.01417E+01
 6.40000E+00    1.00345E+01
 6.60000E+00    9.92603E+00
 6.80000E+00    9.81319E+00
 7.00000E+00    9.69371E+00
 7.20000E+00    9.56754E+00
 7.40000E+00    9.43453E+00
 7.60000E+00    9.29540E+00
 7.80000E+00    9.15106E+00
 8.00000E+00    9.00283E+00
 8.50000E+00    8.62410E+00
 9.00000E+00    8.24920E+00
 9.50000E+00    7.89300E+00
 1.00000E+01    7.56423E+00
 1.05000E+01    7.26634E+00
 1.10000E+01    6.99871E+00
 1.15000E+01    6.75806E+00
 1.20000E+01    6.53993E+00
 1.25000E+01    6.33962E+00
 1.30000E+01    6.15321E+00
 1.35000E+01    5.97775E+00
 1.40000E+01    5.81143E+00
 1.45000E+01    5.65335E+00
 1.50000E+01    5.50300E+00
 1.60000E+01    5.22417E+00
 1.70000E+01    4.97127E+00
 1.80000E+01    4.74037E+00
 1.90000E+01    4.52935E+00
 2.00000E+01    4.33809E+00
 2.10000E+01    4.16726E+00
 2.20000E+01    4.01692E+00
 2.30000E+01    3.88597E+00
 2.40000E+01    3.77194E+00
 2.50000E+01    3.67108E+00
 2.60000E+01    3.57914E+00
 2.70000E+01    3.49241E+00
 2.80000E+01    3.40855E+00
 2.90000E+01    3.32689E+00
 3.00000E+01    3.24792E+00
