# n + Sr 86 : (n,non)   
# tendl.2019 A.J. Koning and D. Rochman        EVAL-NOV19
# uncertainties: y
# # energies =   787
#   E(MeV)       xs(mb)       xslow(mb)      xsupp(mb)
 1.00000E-11    6.21530E-17    6.21530E-17    6.21530E-17
 1.03005E-11    6.12600E-17    6.12600E-17    6.12600E-17
 1.06099E-11    6.03810E-17    6.03810E-17    6.03810E-17
 1.09287E-11    5.95150E-17    5.95150E-17    5.95150E-17
 1.12571E-11    5.86610E-17    5.86610E-17    5.86610E-17
 1.15953E-11    5.78210E-17    5.78210E-17    5.78210E-17
 1.19437E-11    5.69930E-17    5.69930E-17    5.69930E-17
 1.23026E-11    5.61780E-17    5.61780E-17    5.61780E-17
 1.26722E-11    5.53750E-17    5.53750E-17    5.53750E-17
 1.30530E-11    5.45840E-17    5.45840E-17    5.45840E-17
 1.34452E-11    5.38050E-17    5.38050E-17    5.38050E-17
 1.38491E-11    5.30380E-17    5.30380E-17    5.30380E-17
 1.42652E-11    5.22830E-17    5.22830E-17    5.22830E-17
 1.46938E-11    5.15390E-17    5.15390E-17    5.15390E-17
 1.51353E-11    5.08060E-17    5.08060E-17    5.08060E-17
 1.55901E-11    5.00850E-17    5.00850E-17    5.00850E-17
 1.60585E-11    4.93740E-17    4.93740E-17    4.93740E-17
 1.65410E-11    4.86740E-17    4.86740E-17    4.86740E-17
 1.70380E-11    4.79850E-17    4.79850E-17    4.79850E-17
 1.75499E-11    4.73060E-17    4.73060E-17    4.73060E-17
 1.80772E-11    4.66380E-17    4.66380E-17    4.66380E-17
 1.86203E-11    4.59800E-17    4.59800E-17    4.59800E-17
 1.91798E-11    4.53320E-17    4.53320E-17    4.53320E-17
 1.97561E-11    4.46940E-17    4.46940E-17    4.46940E-17
 2.03497E-11    4.40650E-17    4.40650E-17    4.40650E-17
 2.09611E-11    4.34470E-17    4.34470E-17    4.34470E-17
 2.15909E-11    4.28380E-17    4.28380E-17    4.28380E-17
 2.22396E-11    4.22380E-17    4.22380E-17    4.22380E-17
 2.29078E-11    4.16470E-17    4.16470E-17    4.16470E-17
 2.35961E-11    4.10660E-17    4.10660E-17    4.10660E-17
 2.43051E-11    4.04930E-17    4.04930E-17    4.04930E-17
 2.50353E-11    3.99300E-17    3.99300E-17    3.99300E-17
 2.57875E-11    3.93750E-17    3.93750E-17    3.93750E-17
 2.65623E-11    3.88290E-17    3.88290E-17    3.88290E-17
 2.73604E-11    3.82910E-17    3.82910E-17    3.82910E-17
 2.81825E-11    3.77610E-17    3.77610E-17    3.77610E-17
 2.90293E-11    3.72400E-17    3.72400E-17    3.72400E-17
 2.99015E-11    3.67270E-17    3.67270E-17    3.67270E-17
 3.07999E-11    3.62220E-17    3.62220E-17    3.62220E-17
 3.17253E-11    3.57250E-17    3.57250E-17    3.57250E-17
 3.26785E-11    3.52360E-17    3.52360E-17    3.52360E-17
 3.36604E-11    3.47540E-17    3.47540E-17    3.47540E-17
 3.46717E-11    3.42800E-17    3.42800E-17    3.42800E-17
 3.57135E-11    3.38140E-17    3.38140E-17    3.38140E-17
 3.67865E-11    3.33550E-17    3.33550E-17    3.33550E-17
 3.78918E-11    3.29030E-17    3.29030E-17    3.29030E-17
 3.90303E-11    3.24580E-17    3.24580E-17    3.24580E-17
 4.02030E-11    3.20210E-17    3.20210E-17    3.20210E-17
 4.14109E-11    3.15900E-17    3.15900E-17    3.15900E-17
 4.26551E-11    3.11660E-17    3.11660E-17    3.11660E-17
 4.39367E-11    3.07490E-17    3.07490E-17    3.07490E-17
 4.52569E-11    3.03390E-17    3.03390E-17    3.03390E-17
 4.66166E-11    2.99360E-17    2.99360E-17    2.99360E-17
 4.80173E-11    2.95390E-17    2.95390E-17    2.95390E-17
 4.96696E-11    2.90930E-17    2.90930E-17    2.90930E-17
 5.13788E-11    2.86550E-17    2.86550E-17    2.86550E-17
 5.31468E-11    2.82250E-17    2.82250E-17    2.82250E-17
 5.49756E-11    2.78040E-17    2.78040E-17    2.78040E-17
 5.68674E-11    2.73900E-17    2.73900E-17    2.73900E-17
 5.88243E-11    2.69840E-17    2.69840E-17    2.69840E-17
 6.08485E-11    2.65860E-17    2.65860E-17    2.65860E-17
 6.29424E-11    2.61960E-17    2.61960E-17    2.61960E-17
 6.51083E-11    2.58120E-17    2.58120E-17    2.58120E-17
 6.73488E-11    2.54370E-17    2.54370E-17    2.54370E-17
 6.96663E-11    2.50680E-17    2.50680E-17    2.50680E-17
 7.20636E-11    2.47060E-17    2.47060E-17    2.47060E-17
 7.45434E-11    2.43510E-17    2.43510E-17    2.43510E-17
 7.71085E-11    2.40040E-17    2.40040E-17    2.40040E-17
 7.97619E-11    2.36630E-17    2.36630E-17    2.36630E-17
 8.25066E-11    2.33280E-17    2.33280E-17    2.33280E-17
 8.53458E-11    2.30010E-17    2.30010E-17    2.30010E-17
 8.82826E-11    2.26790E-17    2.26790E-17    2.26790E-17
 9.13205E-11    2.23640E-17    2.23640E-17    2.23640E-17
 9.44630E-11    2.20560E-17    2.20560E-17    2.20560E-17
 9.77136E-11    2.17530E-17    2.17530E-17    2.17530E-17
 1.01076E-10    2.14570E-17    2.14570E-17    2.14570E-17
 1.04554E-10    2.11660E-17    2.11660E-17    2.11660E-17
 1.08152E-10    2.08820E-17    2.08820E-17    2.08820E-17
 1.11874E-10    2.06030E-17    2.06030E-17    2.06030E-17
 1.15723E-10    2.03300E-17    2.03300E-17    2.03300E-17
 1.19705E-10    2.00620E-17    2.00620E-17    2.00620E-17
 1.23825E-10    1.98010E-17    1.98010E-17    1.98010E-17
 1.28086E-10    1.95440E-17    1.95440E-17    1.95440E-17
 1.32493E-10    1.92930E-17    1.92930E-17    1.92930E-17
 1.37052E-10    1.90480E-17    1.90480E-17    1.90480E-17
 1.41769E-10    1.88070E-17    1.88070E-17    1.88070E-17
 1.46647E-10    1.85720E-17    1.85720E-17    1.85720E-17
 1.51693E-10    1.83420E-17    1.83420E-17    1.83420E-17
 1.56913E-10    1.81170E-17    1.81170E-17    1.81170E-17
 1.62313E-10    1.78960E-17    1.78960E-17    1.78960E-17
 1.67898E-10    1.76810E-17    1.76810E-17    1.76810E-17
 1.73676E-10    1.74700E-17    1.74700E-17    1.74700E-17
 1.79652E-10    1.72640E-17    1.72640E-17    1.72640E-17
 1.85834E-10    1.70630E-17    1.70630E-17    1.70630E-17
 1.92229E-10    1.68660E-17    1.68660E-17    1.68660E-17
 1.98844E-10    1.66740E-17    1.66740E-17    1.66740E-17
 2.05686E-10    1.64860E-17    1.64860E-17    1.64860E-17
 2.12764E-10    1.63020E-17    1.63020E-17    1.63020E-17
 2.21018E-10    1.61010E-17    1.61010E-17    1.61010E-17
 2.29593E-10    1.59050E-17    1.59050E-17    1.59050E-17
 2.38500E-10    1.57140E-17    1.57140E-17    1.57140E-17
 2.47752E-10    1.55280E-17    1.55280E-17    1.55280E-17
 2.57364E-10    1.53480E-17    1.53480E-17    1.53480E-17
 2.67349E-10    1.51720E-17    1.51720E-17    1.51720E-17
 2.77720E-10    1.50010E-17    1.50010E-17    1.50010E-17
 2.88494E-10    1.48350E-17    1.48350E-17    1.48350E-17
 2.99687E-10    1.46740E-17    1.46740E-17    1.46740E-17
 3.11313E-10    1.45170E-17    1.45170E-17    1.45170E-17
 3.23390E-10    1.43640E-17    1.43640E-17    1.43640E-17
 3.35936E-10    1.42160E-17    1.42160E-17    1.42160E-17
 3.48969E-10    1.40730E-17    1.40730E-17    1.40730E-17
 3.62507E-10    1.39330E-17    1.39330E-17    1.39330E-17
 3.76571E-10    1.37980E-17    1.37980E-17    1.37980E-17
 3.91180E-10    1.36660E-17    1.36660E-17    1.36660E-17
 4.08078E-10    1.35250E-17    1.35250E-17    1.35250E-17
 4.25706E-10    1.33890E-17    1.33890E-17    1.33890E-17
 4.44095E-10    1.32570E-17    1.32570E-17    1.32570E-17
 4.63279E-10    1.31300E-17    1.31300E-17    1.31300E-17
 4.83291E-10    1.30070E-17    1.30070E-17    1.30070E-17
 5.04168E-10    1.28890E-17    1.28890E-17    1.28890E-17
 5.25947E-10    1.27740E-17    1.27740E-17    1.27740E-17
 5.48666E-10    1.26640E-17    1.26640E-17    1.26640E-17
 5.72367E-10    1.25580E-17    1.25580E-17    1.25580E-17
 5.99623E-10    1.24460E-17    1.24460E-17    1.24460E-17
 6.28176E-10    1.23380E-17    1.23380E-17    1.23380E-17
 6.58089E-10    1.22350E-17    1.22350E-17    1.22350E-17
 6.89426E-10    1.21360E-17    1.21360E-17    1.21360E-17
 7.22255E-10    1.20410E-17    1.20410E-17    1.20410E-17
 7.56648E-10    1.19500E-17    1.19500E-17    1.19500E-17
 7.96038E-10    1.18550E-17    1.18550E-17    1.18550E-17
 8.37478E-10    1.17650E-17    1.17650E-17    1.17650E-17
 8.81076E-10    1.16780E-17    1.16780E-17    1.16780E-17
 9.26943E-10    1.15960E-17    1.15960E-17    1.15960E-17
 9.79331E-10    1.15120E-17    1.15120E-17    1.15120E-17
 1.03468E-09    1.14310E-17    1.14310E-17    1.14310E-17
 1.09316E-09    1.13550E-17    1.13550E-17    1.13550E-17
 1.15494E-09    1.12830E-17    1.12830E-17    1.12830E-17
 1.22538E-09    1.12100E-17    1.12100E-17    1.12100E-17
 1.30013E-09    1.11400E-17    1.11400E-17    1.11400E-17
 1.38527E-09    1.10700E-17    1.10700E-17    1.10700E-17
 1.47599E-09    1.10050E-17    1.10050E-17    1.10050E-17
 1.57266E-09    1.09430E-17    1.09430E-17    1.09430E-17
 1.68275E-09    1.08810E-17    1.08810E-17    1.08810E-17
 1.80056E-09    1.08240E-17    1.08240E-17    1.08240E-17
 1.93477E-09    1.07670E-17    1.07670E-17    1.07670E-17
 2.08781E-09    1.07100E-17    1.07100E-17    1.07100E-17
 2.25294E-09    1.06580E-17    1.06580E-17    1.06580E-17
 2.44144E-09    1.06070E-17    1.06070E-17    1.06070E-17
 2.65692E-09    1.05580E-17    1.05580E-17    1.05580E-17
 2.90368E-09    1.05110E-17    1.05110E-17    1.05110E-17
 3.17335E-09    1.04670E-17    1.04670E-17    1.04670E-17
 3.48277E-09    1.04260E-17    1.04260E-17    1.04260E-17
 3.83856E-09    1.03860E-17    1.03860E-17    1.03860E-17
 4.26662E-09    1.03480E-17    1.03480E-17    1.03480E-17
 4.76252E-09    1.03110E-17    1.03110E-17    1.03110E-17
 5.36122E-09    1.02770E-17    1.02770E-17    1.02770E-17
 6.06075E-09    1.02450E-17    1.02450E-17    1.02450E-17
 6.90975E-09    1.02150E-17    1.02150E-17    1.02150E-17
 7.94460E-09    1.01870E-17    1.01870E-17    1.01870E-17
 9.25105E-09    1.01600E-17    1.01600E-17    1.01600E-17
 1.09099E-08    1.01360E-17    1.01360E-17    1.01360E-17
 1.30305E-08    1.01140E-17    1.01140E-17    1.01140E-17
 1.58287E-08    1.00940E-17    1.00940E-17    1.00940E-17
 1.96388E-08    1.00760E-17    1.00760E-17    1.00760E-17
 2.50981E-08    1.00590E-17    1.00590E-17    1.00590E-17
 2.52045E-08    1.00590E-17    1.00590E-17    1.00590E-17
 2.53000E-08    1.00590E-17    1.00590E-17    1.00590E-17
 3.34456E-08    1.00440E-17    1.00440E-17    1.00440E-17
 4.63193E-08    1.00320E-17    1.00320E-17    1.00320E-17
 6.83492E-08    1.00220E-17    1.00220E-17    1.00220E-17
 1.10691E-07    1.00130E-17    1.00130E-17    1.00130E-17
 2.08742E-07    1.00070E-17    1.00070E-17    1.00070E-17
 5.33760E-07    1.00030E-17    1.00030E-17    1.00030E-17
 4.38222E-06    1.00000E-17    1.00000E-17    1.00000E-17
 2.83489E-02    1.00000E-17    8.03352E-18    1.19665E-17
 2.83540E-02    8.49290E-09    6.82279E-09    1.01630E-08
 2.83553E-02    6.31800E-08    5.07558E-08    7.56042E-08
 2.83555E-02    8.06070E-08    6.47558E-08    9.64582E-08
 2.83556E-02    9.09930E-08    7.30994E-08    1.08887E-07
 2.83556E-02    9.96270E-08    8.00356E-08    1.19218E-07
 2.83557E-02    1.09050E-07    8.76056E-08    1.30494E-07
 2.83558E-02    1.19350E-07    9.58801E-08    1.42820E-07
 2.83558E-02    1.30560E-07    1.04886E-07    1.56234E-07
 2.83559E-02    1.42830E-07    1.14743E-07    1.70917E-07
 2.83559E-02    1.56190E-07    1.25476E-07    1.86904E-07
 2.83560E-02    1.70780E-07    1.37197E-07    2.04363E-07
 2.83561E-02    1.86690E-07    1.49978E-07    2.23402E-07
 2.83561E-02    2.04060E-07    1.63932E-07    2.44188E-07
 2.83562E-02    2.22960E-07    1.79115E-07    2.66805E-07
 2.83563E-02    2.43580E-07    1.95681E-07    2.91479E-07
 2.83563E-02    2.66000E-07    2.13692E-07    3.18308E-07
 2.83564E-02    2.90510E-07    2.33382E-07    3.47638E-07
 2.83564E-02    3.17150E-07    2.54783E-07    3.79517E-07
 2.83565E-02    3.46170E-07    2.78096E-07    4.14244E-07
 2.83566E-02    3.77730E-07    3.03450E-07    4.52010E-07
 2.83566E-02    4.12120E-07    3.31078E-07    4.93162E-07
 2.83567E-02    4.49540E-07    3.61139E-07    5.37941E-07
 2.83567E-02    4.90300E-07    3.93884E-07    5.86716E-07
 2.83568E-02    5.34530E-07    4.29416E-07    6.39644E-07
 2.83569E-02    5.82780E-07    4.68178E-07    6.97382E-07
 2.83569E-02    6.35110E-07    5.10217E-07    7.60003E-07
 2.83570E-02    6.92050E-07    5.55960E-07    8.28140E-07
 2.83570E-02    7.53890E-07    6.05639E-07    9.02141E-07
 2.83571E-02    8.21170E-07    6.59689E-07    9.82651E-07
 2.83572E-02    8.94170E-07    7.18334E-07    1.07001E-06
 2.83572E-02    9.73500E-07    7.82063E-07    1.16494E-06
 2.83573E-02    1.05941E-06    8.51080E-07    1.26774E-06
 2.83573E-02    1.15310E-06    9.26346E-07    1.37985E-06
 2.83574E-02    1.25454E-06    1.00784E-06    1.50124E-06
 2.83575E-02    1.36469E-06    1.09633E-06    1.63305E-06
 2.83575E-02    1.48403E-06    1.19220E-06    1.77586E-06
 2.83576E-02    1.61364E-06    1.29632E-06    1.93096E-06
 2.83577E-02    1.75409E-06    1.40915E-06    2.09903E-06
 2.83577E-02    1.90651E-06    1.53160E-06    2.28142E-06
 2.83578E-02    2.07130E-06    1.66398E-06    2.47862E-06
 2.83578E-02    2.25044E-06    1.80790E-06    2.69298E-06
 2.83579E-02    2.44404E-06    1.96343E-06    2.92465E-06
 2.83580E-02    2.65399E-06    2.13209E-06    3.17589E-06
 2.83580E-02    2.88131E-06    2.31471E-06    3.44791E-06
 2.83581E-02    3.12776E-06    2.51269E-06    3.74283E-06
 2.83581E-02    3.39422E-06    2.72675E-06    4.06169E-06
 2.83582E-02    3.68277E-06    2.95856E-06    4.40698E-06
 2.83583E-02    3.99420E-06    3.20875E-06    4.77965E-06
 2.83583E-02    4.33245E-06    3.48048E-06    5.18442E-06
 2.83584E-02    4.69740E-06    3.77367E-06    5.62113E-06
 2.83584E-02    5.09226E-06    4.09088E-06    6.09364E-06
 2.83585E-02    5.51858E-06    4.43336E-06    6.60380E-06
 2.83586E-02    5.97992E-06    4.80398E-06    7.15586E-06
 2.83586E-02    6.47827E-06    5.20433E-06    7.75221E-06
 2.83587E-02    7.01727E-06    5.63734E-06    8.39720E-06
 2.83587E-02    7.59799E-06    6.10386E-06    9.09212E-06
 2.83588E-02    8.22703E-06    6.60920E-06    9.84486E-06
 2.83589E-02    8.90451E-06    7.15346E-06    1.06556E-05
 2.83589E-02    9.63643E-06    7.74145E-06    1.15314E-05
 2.83590E-02    1.04258E-05    8.37559E-06    1.24760E-05
 2.83590E-02    1.12785E-05    9.06061E-06    1.34964E-05
 2.83591E-02    1.21971E-05    9.79857E-06    1.45956E-05
 2.83592E-02    1.31885E-05    1.05950E-05    1.57820E-05
 2.83592E-02    1.42546E-05    1.14515E-05    1.70577E-05
 2.83593E-02    1.54095E-05    1.23793E-05    1.84397E-05
 2.83594E-02    1.66512E-05    1.33768E-05    1.99256E-05
 2.83594E-02    1.79900E-05    1.44523E-05    2.15277E-05
 2.83595E-02    1.94305E-05    1.56095E-05    2.32515E-05
 2.83595E-02    2.09838E-05    1.68574E-05    2.51102E-05
 2.83596E-02    2.26554E-05    1.82003E-05    2.71105E-05
 2.83597E-02    2.44567E-05    1.96473E-05    2.92661E-05
 2.83597E-02    2.63906E-05    2.12010E-05    3.15802E-05
 2.83598E-02    2.84781E-05    2.28779E-05    3.40782E-05
 2.83598E-02    3.07184E-05    2.46777E-05    3.67591E-05
 2.83599E-02    3.31306E-05    2.66155E-05    3.96457E-05
 2.83600E-02    3.57238E-05    2.86988E-05    4.27488E-05
 2.83600E-02    3.85153E-05    3.09414E-05    4.60892E-05
 2.83601E-02    4.15123E-05    3.33490E-05    4.96756E-05
 2.83601E-02    4.47351E-05    3.59380E-05    5.35321E-05
 2.83602E-02    4.81890E-05    3.87127E-05    5.76653E-05
 2.83603E-02    5.19140E-05    4.17052E-05    6.21228E-05
 2.83603E-02    5.59048E-05    4.49113E-05    6.68983E-05
 2.83604E-02    6.01923E-05    4.83556E-05    7.20290E-05
 2.83605E-02    6.47891E-05    5.20485E-05    7.75297E-05
 2.83605E-02    6.97284E-05    5.60165E-05    8.34403E-05
 2.83606E-02    7.50275E-05    6.02735E-05    8.97815E-05
 2.83606E-02    8.07190E-05    6.48458E-05    9.65922E-05
 2.83607E-02    8.68081E-05    6.97375E-05    1.03879E-04
 2.83608E-02    9.33578E-05    7.49992E-05    1.11716E-04
 2.83608E-02    1.00362E-04    8.06261E-05    1.20098E-04
 2.83609E-02    1.07877E-04    8.66632E-05    1.29091E-04
 2.83609E-02    1.15924E-04    9.31278E-05    1.38720E-04
 2.83610E-02    1.24556E-04    1.00062E-04    1.49050E-04
 2.83611E-02    1.33791E-04    1.07481E-04    1.60101E-04
 2.83611E-02    1.43687E-04    1.15431E-04    1.71943E-04
 2.83612E-02    1.54255E-04    1.23921E-04    1.84589E-04
 2.83612E-02    1.65617E-04    1.33049E-04    1.98185E-04
 2.83613E-02    1.77747E-04    1.42793E-04    2.12701E-04
 2.83614E-02    1.90734E-04    1.53227E-04    2.28241E-04
 2.83614E-02    2.04609E-04    1.64373E-04    2.44845E-04
 2.83615E-02    2.19466E-04    1.76309E-04    2.62623E-04
 2.83615E-02    2.35341E-04    1.89062E-04    2.81620E-04
 2.83616E-02    2.52328E-04    2.02708E-04    3.01948E-04
 2.83617E-02    2.70437E-04    2.17256E-04    3.23618E-04
 2.83617E-02    2.89847E-04    2.32849E-04    3.46845E-04
 2.83618E-02    3.10531E-04    2.49466E-04    3.71596E-04
 2.83618E-02    3.32649E-04    2.67234E-04    3.98064E-04
 2.83619E-02    3.56264E-04    2.86206E-04    4.26322E-04
 2.83620E-02    3.90251E-04    3.13509E-04    4.66993E-04
 2.83621E-02    4.27344E-04    3.43308E-04    5.11380E-04
 2.83622E-02    4.67735E-04    3.75756E-04    5.59714E-04
 2.83622E-02    5.11823E-04    4.11174E-04    6.12472E-04
 2.83623E-02    5.59794E-04    4.49712E-04    6.69876E-04
 2.83624E-02    6.12065E-04    4.91704E-04    7.32426E-04
 2.83625E-02    6.68893E-04    5.37357E-04    8.00429E-04
 2.83626E-02    7.30853E-04    5.87132E-04    8.74574E-04
 2.83626E-02    7.98167E-04    6.41209E-04    9.55125E-04
 2.83627E-02    8.71401E-04    7.00042E-04    1.04276E-03
 2.83628E-02    9.50896E-04    7.63905E-04    1.13789E-03
 2.83629E-02    1.03739E-03    8.33390E-04    1.24139E-03
 2.83630E-02    1.13122E-03    9.08768E-04    1.35367E-03
 2.83630E-02    1.23313E-03    9.90638E-04    1.47562E-03
 2.83631E-02    1.34358E-03    1.07937E-03    1.60779E-03
 2.83632E-02    1.46365E-03    1.17583E-03    1.75147E-03
 2.83633E-02    1.59369E-03    1.28029E-03    1.90709E-03
 2.83634E-02    1.73473E-03    1.39360E-03    2.07586E-03
 2.83635E-02    1.88735E-03    1.51621E-03    2.25849E-03
 2.83635E-02    2.05290E-03    1.64920E-03    2.45660E-03
 2.83636E-02    2.23190E-03    1.79300E-03    2.67080E-03
 2.83637E-02    2.42573E-03    1.94872E-03    2.90274E-03
 2.83638E-02    2.63514E-03    2.11695E-03    3.15333E-03
 2.83639E-02    2.86204E-03    2.29923E-03    3.42485E-03
 2.83639E-02    3.10701E-03    2.49602E-03    3.71800E-03
 2.83640E-02    3.37185E-03    2.70878E-03    4.03492E-03
 2.83641E-02    3.65754E-03    2.93829E-03    4.37679E-03
 2.83642E-02    3.96646E-03    3.18647E-03    4.74646E-03
 2.83643E-02    4.29944E-03    3.45397E-03    5.14492E-03
 2.83643E-02    4.65887E-03    3.74271E-03    5.57503E-03
 2.83644E-02    5.04599E-03    4.05371E-03    6.03827E-03
 2.83645E-02    5.46428E-03    4.38974E-03    6.53882E-03
 2.83646E-02    5.91448E-03    4.75141E-03    7.07755E-03
 2.83647E-02    6.39970E-03    5.14121E-03    7.65819E-03
 2.83647E-02    6.92149E-03    5.56040E-03    8.28258E-03
 2.83648E-02    7.48395E-03    6.01225E-03    8.95565E-03
 2.83649E-02    8.08834E-03    6.49779E-03    9.67889E-03
 2.83650E-02    8.73871E-03    7.02026E-03    1.04572E-02
 2.83651E-02    9.43700E-03    7.58124E-03    1.12928E-02
 2.83652E-02    1.01889E-02    8.18528E-03    1.21925E-02
 2.83652E-02    1.09955E-02    8.83326E-03    1.31577E-02
 2.83653E-02    1.18623E-02    9.52961E-03    1.41950E-02
 2.83654E-02    1.27914E-02    1.02760E-02    1.53068E-02
 2.83655E-02    1.37897E-02    1.10780E-02    1.65014E-02
 2.83656E-02    1.48592E-02    1.19372E-02    1.77812E-02
 2.83656E-02    1.60064E-02    1.28588E-02    1.91540E-02
 2.83657E-02    1.72343E-02    1.38452E-02    2.06234E-02
 2.83658E-02    1.85525E-02    1.49042E-02    2.22008E-02
 2.83659E-02    1.99624E-02    1.60368E-02    2.38880E-02
 2.83660E-02    2.14726E-02    1.72501E-02    2.56951E-02
 2.83660E-02    2.30864E-02    1.85465E-02    2.76263E-02
 2.83661E-02    2.48151E-02    1.99353E-02    2.96949E-02
 2.83662E-02    2.66611E-02    2.14183E-02    3.19039E-02
 2.83663E-02    2.86351E-02    2.30041E-02    3.42661E-02
 2.83664E-02    3.07413E-02    2.46961E-02    3.67865E-02
 2.83665E-02    3.29951E-02    2.65067E-02    3.94835E-02
 2.83665E-02    3.53979E-02    2.84370E-02    4.23588E-02
 2.83666E-02    3.79635E-02    3.04981E-02    4.54289E-02
 2.83667E-02    4.06966E-02    3.26937E-02    4.86995E-02
 2.83668E-02    4.36152E-02    3.50384E-02    5.21920E-02
 2.83669E-02    4.67219E-02    3.75341E-02    5.59096E-02
 2.83669E-02    5.00338E-02    4.01948E-02    5.98728E-02
 2.83670E-02    5.35564E-02    4.30247E-02    6.40881E-02
 2.83671E-02    5.73152E-02    4.60443E-02    6.85861E-02
 2.83672E-02    6.13102E-02    4.92537E-02    7.33667E-02
 2.83673E-02    6.55625E-02    5.26698E-02    7.84552E-02
 2.83673E-02    7.00784E-02    5.62976E-02    8.38592E-02
 2.83674E-02    7.48857E-02    6.01596E-02    8.96118E-02
 2.83675E-02    7.99871E-02    6.42578E-02    9.57164E-02
 2.83676E-02    8.82432E-02    7.08904E-02    1.05596E-01
 2.83678E-02    9.72690E-02    7.81413E-02    1.16397E-01
 2.83679E-02    1.07135E-01    8.60672E-02    1.28203E-01
 2.83680E-02    1.17892E-01    9.47088E-02    1.41075E-01
 2.83681E-02    1.29641E-01    1.04147E-01    1.55135E-01
 2.83682E-02    1.42429E-01    1.14421E-01    1.70437E-01
 2.83684E-02    1.56360E-01    1.25612E-01    1.87108E-01
 2.83685E-02    1.71510E-01    1.37783E-01    2.05237E-01
 2.83686E-02    1.87987E-01    1.51020E-01    2.24954E-01
 2.83687E-02    2.05867E-01    1.65384E-01    2.46350E-01
 2.83688E-02    2.25273E-01    1.80974E-01    2.69572E-01
 2.83690E-02    2.46280E-01    1.97850E-01    2.94710E-01
 2.83691E-02    2.69077E-01    2.16164E-01    3.21990E-01
 2.83692E-02    2.93715E-01    2.35957E-01    3.51473E-01
 2.83693E-02    3.20360E-01    2.57362E-01    3.83358E-01
 2.83695E-02    3.49121E-01    2.80467E-01    4.17775E-01
 2.83696E-02    3.80180E-01    3.05418E-01    4.54942E-01
 2.83697E-02    4.13668E-01    3.32321E-01    4.95015E-01
 2.83698E-02    4.49768E-01    3.61322E-01    5.38214E-01
 2.83699E-02    4.88576E-01    3.92499E-01    5.84653E-01
 2.83701E-02    5.30376E-01    4.26079E-01    6.34673E-01
 2.83702E-02    5.75235E-01    4.62116E-01    6.88354E-01
 2.83703E-02    6.23414E-01    5.00821E-01    7.46007E-01
 2.83704E-02    6.75073E-01    5.42322E-01    8.07825E-01
 2.83705E-02    7.30468E-01    5.86823E-01    8.74113E-01
 2.83707E-02    7.89743E-01    6.34442E-01    9.45044E-01
 2.83708E-02    8.53173E-01    6.85399E-01    1.02095E+00
 2.83709E-02    9.20881E-01    7.39792E-01    1.10197E+00
 2.83710E-02    9.93347E-01    7.98008E-01    1.18869E+00
 2.83712E-02    1.07057E+00    8.60045E-01    1.28110E+00
 2.83713E-02    1.15292E+00    9.26198E-01    1.37963E+00
 2.83714E-02    1.24056E+00    9.96610E-01    1.48452E+00
 2.83716E-02    1.36621E+00    1.09755E+00    1.63488E+00
 2.83717E-02    1.50261E+00    1.20713E+00    1.79810E+00
 2.83719E-02    1.65024E+00    1.32572E+00    1.97475E+00
 2.83721E-02    1.80992E+00    1.45400E+00    2.16583E+00
 2.83722E-02    1.98220E+00    1.59240E+00    2.37199E+00
 2.83724E-02    2.16811E+00    1.74176E+00    2.59447E+00
 2.83725E-02    2.36809E+00    1.90241E+00    2.83376E+00
 2.83727E-02    2.58303E+00    2.07509E+00    3.09098E+00
 2.83729E-02    2.81351E+00    2.26024E+00    3.36678E+00
 2.83730E-02    3.06058E+00    2.45873E+00    3.66244E+00
 2.83732E-02    3.32468E+00    2.67089E+00    3.97847E+00
 2.83733E-02    3.60678E+00    2.89752E+00    4.31604E+00
 2.83735E-02    3.90737E+00    3.13899E+00    4.67574E+00
 2.83737E-02    4.22767E+00    3.39631E+00    5.05903E+00
 2.83738E-02    4.56790E+00    3.66964E+00    5.46617E+00
 2.83740E-02    4.92907E+00    3.95978E+00    5.89836E+00
 2.83742E-02    5.31151E+00    4.26701E+00    6.35600E+00
 2.83743E-02    5.71639E+00    4.59228E+00    6.84051E+00
 2.83746E-02    6.36640E+00    5.11447E+00    7.61834E+00
 2.83748E-02    7.06908E+00    5.67896E+00    8.45919E+00
 2.83751E-02    7.82738E+00    6.28814E+00    9.36661E+00
 2.83753E-02    8.64141E+00    6.94209E+00    1.03407E+01
 2.83755E-02    9.51284E+00    7.64216E+00    1.13835E+01
 2.83758E-02    1.04420E+01    8.38861E+00    1.24954E+01
 2.83760E-02    1.14299E+01    9.18222E+00    1.36775E+01
 2.83763E-02    1.24760E+01    1.00226E+01    1.49294E+01
 2.83766E-02    1.39609E+01    1.12155E+01    1.67063E+01
 2.83769E-02    1.55464E+01    1.24893E+01    1.86036E+01
 2.83772E-02    1.72288E+01    1.38408E+01    2.06168E+01
 2.83776E-02    1.94605E+01    1.56336E+01    2.32874E+01
 2.83781E-02    2.18215E+01    1.75304E+01    2.61127E+01
 2.83785E-02    2.48033E+01    1.99258E+01    2.96809E+01
 2.83792E-02    2.89716E+01    2.32744E+01    3.46688E+01
 2.83810E-02    4.08238E+01    3.32038E+01    4.84437E+01
 2.83818E-02    4.57580E+01    3.72170E+01    5.42989E+01
 2.83823E-02    4.92121E+01    4.00264E+01    5.83978E+01
 2.83829E-02    5.23958E+01    4.26159E+01    6.21757E+01
 2.83835E-02    5.52704E+01    4.49539E+01    6.55869E+01
 2.83841E-02    5.78140E+01    4.70227E+01    6.86052E+01
 2.83847E-02    6.00183E+01    4.88156E+01    7.12210E+01
 2.83853E-02    6.18912E+01    5.03389E+01    7.34435E+01
 2.83859E-02    6.34493E+01    5.16062E+01    7.52924E+01
 2.83866E-02    6.50849E+01    5.29365E+01    7.72333E+01
 2.83874E-02    6.62867E+01    5.39140E+01    7.86595E+01
 2.83882E-02    6.71382E+01    5.46065E+01    7.96698E+01
 2.83894E-02    6.79321E+01    5.52522E+01    8.06119E+01
 2.83909E-02    6.84292E+01    5.56566E+01    8.12019E+01
 2.83941E-02    6.86637E+01    5.58473E+01    8.14801E+01
 2.83972E-02    6.86766E+01    5.58578E+01    8.14954E+01
 3.00000E-02    6.51278E+01    5.29714E+01    7.72843E+01
 5.99882E-02    4.19013E+01    3.40802E+01    4.97223E+01
 1.00000E-01    3.31901E+01    2.69950E+01    3.93852E+01
 2.00000E-01    2.74547E+01    2.22199E+01    3.26895E+01
 3.00000E-01    2.65744E+01    2.15074E+01    3.16413E+01
 4.05643E-01    2.69340E+01    2.17984E+01    3.20695E+01
 5.14208E-01    2.76851E+01    2.24063E+01    3.29638E+01
 6.21402E-01    2.86435E+01    2.30409E+01    3.42460E+01
 7.14883E-01    2.96273E+01    2.38323E+01    3.54224E+01
 8.17009E-01    3.09249E+01    2.48761E+01    3.69738E+01
 9.12697E-01    3.23186E+01    2.59972E+01    3.86401E+01
 1.00000E+00    3.37743E+01    2.82799E+01    3.92687E+01
 1.08864E+00    2.85267E+01    2.38860E+01    3.31674E+01
 1.08932E+00    2.85227E+01    2.38826E+01    3.31628E+01
 1.09137E+00    3.56716E+01    2.98686E+01    4.14747E+01
 1.20000E+00    4.16997E+02    3.49160E+02    4.84834E+02
 1.40000E+00    7.67728E+02    6.42834E+02    8.92622E+02
 1.60000E+00    9.30798E+02    7.79376E+02    1.08222E+03
 1.80000E+00    1.02075E+03    8.99317E+02    1.14219E+03
 1.87594E+00    1.00917E+03    8.89113E+02    1.12923E+03
 2.00000E+00    1.17549E+03    1.03565E+03    1.31534E+03
 2.13294E+00    1.26441E+03    1.11398E+03    1.41483E+03
 2.20000E+00    1.33396E+03    1.17526E+03    1.49266E+03
 2.22887E+00    1.33581E+03    1.17689E+03    1.49473E+03
 2.25592E+00    1.34489E+03    1.18489E+03    1.50489E+03
 2.39277E+00    1.47618E+03    1.30056E+03    1.65180E+03
 2.40000E+00    1.49067E+03    1.31333E+03    1.66802E+03
 2.51105E+00    1.53131E+03    1.34913E+03    1.71348E+03
 2.52632E+00    1.54604E+03    1.36211E+03    1.72997E+03
 2.60000E+00    1.65606E+03    1.58044E+03    1.73168E+03
 2.67321E+00    1.67311E+03    1.59671E+03    1.74952E+03
 2.80000E+00    1.77547E+03    1.69440E+03    1.85655E+03
 2.82124E+00    1.77284E+03    1.69189E+03    1.85380E+03
 2.91207E+00    1.79994E+03    1.71774E+03    1.88213E+03
 3.00000E+00    1.84642E+03    1.76210E+03    1.93073E+03
 3.03255E+00    1.84142E+03    1.75733E+03    1.92551E+03
 3.08621E+00    1.84652E+03    1.76219E+03    1.93084E+03
 3.16259E+00    1.87243E+03    1.78692E+03    1.95793E+03
 3.20000E+00    1.88745E+03    1.80126E+03    1.97364E+03
 3.27208E+00    1.87906E+03    1.79326E+03    1.96487E+03
 3.27629E+00    1.87878E+03    1.79299E+03    1.96457E+03
 3.32994E+00    1.88474E+03    1.79868E+03    1.97081E+03
 3.40000E+00    1.90683E+03    1.81975E+03    1.99390E+03
 3.45105E+00    1.89590E+03    1.80932E+03    1.98248E+03
 3.47027E+00    1.89348E+03    1.80701E+03    1.97994E+03
 3.55528E+00    1.90141E+03    1.81458E+03    1.98824E+03
 3.60000E+00    1.91335E+03    1.82598E+03    2.00072E+03
 3.68778E+00    1.89553E+03    1.80897E+03    1.98209E+03
 3.80000E+00    1.91532E+03    1.82786E+03    2.00279E+03
 4.25925E+00    1.90691E+03    1.81983E+03    1.99398E+03
 4.76408E+00    1.87991E+03    1.77361E+03    1.98620E+03
 5.45630E+00    1.84062E+03    1.73655E+03    1.94469E+03
 6.00000E+00    1.82216E+03    1.71913E+03    1.92519E+03
 6.80000E+00    1.81257E+03    1.72555E+03    1.89959E+03
 8.42130E+00    1.80285E+03    1.71629E+03    1.88940E+03
 1.00000E+01    1.78192E+03    1.70126E+03    1.86258E+03
 1.01411E+01    1.77998E+03    1.69941E+03    1.86055E+03
 1.02842E+01    1.77801E+03    1.69753E+03    1.85849E+03
 1.04292E+01    1.77602E+03    1.69562E+03    1.85641E+03
 1.05000E+01    1.77504E+03    1.69469E+03    1.85539E+03
 1.06481E+01    1.77297E+03    1.69271E+03    1.85322E+03
 1.07984E+01    1.77087E+03    1.69071E+03    1.85103E+03
 1.08829E+01    1.76968E+03    1.68958E+03    1.84979E+03
 1.09441E+01    1.76883E+03    1.68876E+03    1.84889E+03
 1.10000E+01    1.76804E+03    1.68801E+03    1.84808E+03
 1.11436E+01    1.76591E+03    1.68598E+03    1.84585E+03
 1.13008E+01    1.76358E+03    1.68375E+03    1.84341E+03
 1.13970E+01    1.76215E+03    1.68239E+03    1.84192E+03
 1.15000E+01    1.76063E+03    1.68093E+03    1.84032E+03
 1.16350E+01    1.74179E+03    1.66294E+03    1.82063E+03
 1.17882E+01    1.74636E+03    1.66731E+03    1.82541E+03
 1.19545E+01    1.75133E+03    1.67205E+03    1.83061E+03
 1.20000E+01    1.75269E+03    1.67335E+03    1.83203E+03
 1.20178E+01    1.75238E+03    1.67306E+03    1.83171E+03
 1.20392E+01    1.75202E+03    1.67271E+03    1.83132E+03
 1.22091E+01    1.74911E+03    1.66994E+03    1.82829E+03
 1.22573E+01    1.74829E+03    1.66915E+03    1.82742E+03
 1.22604E+01    1.74823E+03    1.66910E+03    1.82737E+03
 1.22662E+01    1.74813E+03    1.66900E+03    1.82726E+03
 1.23379E+01    1.74691E+03    1.66783E+03    1.82598E+03
 1.25000E+01    1.74413E+03    1.66518E+03    1.82308E+03
 1.25009E+01    1.74412E+03    1.66517E+03    1.82307E+03
 1.26773E+01    1.74093E+03    1.66213E+03    1.81974E+03
 1.28561E+01    1.73771E+03    1.65905E+03    1.81636E+03
 1.30000E+01    1.73511E+03    1.64989E+03    1.82033E+03
 1.31834E+01    1.73171E+03    1.64665E+03    1.81676E+03
 1.33694E+01    1.72825E+03    1.64337E+03    1.81314E+03
 1.35000E+01    1.72583E+03    1.64106E+03    1.81060E+03
 1.36905E+01    1.72229E+03    1.63770E+03    1.80688E+03
 1.38836E+01    1.71870E+03    1.63429E+03    1.80312E+03
 1.40000E+01    1.71654E+03    1.63223E+03    1.80085E+03
 1.41975E+01    1.71295E+03    1.62882E+03    1.79709E+03
 1.42091E+01    1.71274E+03    1.62862E+03    1.79687E+03
 1.44096E+01    1.70910E+03    1.62516E+03    1.79305E+03
 1.45000E+01    1.70746E+03    1.62360E+03    1.79133E+03
 1.45820E+01    1.70604E+03    1.62225E+03    1.78984E+03
 1.47877E+01    1.70248E+03    1.61886E+03    1.78609E+03
 1.49964E+01    1.69886E+03    1.61542E+03    1.78230E+03
 1.50000E+01    1.69880E+03    1.61536E+03    1.78223E+03
 1.52116E+01    1.69551E+03    1.61223E+03    1.77879E+03
 1.54262E+01    1.69218E+03    1.60907E+03    1.77529E+03
 1.55000E+01    1.69103E+03    1.60798E+03    1.77409E+03
 1.57187E+01    1.68764E+03    1.60475E+03    1.77053E+03
 1.59404E+01    1.68419E+03    1.60147E+03    1.76691E+03
 1.59678E+01    1.68377E+03    1.60107E+03    1.76647E+03
 1.60000E+01    1.68327E+03    1.60326E+03    1.76328E+03
 1.62257E+01    1.68043E+03    1.60055E+03    1.76030E+03
 1.62458E+01    1.68017E+03    1.60031E+03    1.76004E+03
 1.64598E+01    1.67748E+03    1.59774E+03    1.75721E+03
 1.65000E+01    1.67697E+03    1.59726E+03    1.75668E+03
 1.67328E+01    1.67404E+03    1.59447E+03    1.75361E+03
 1.68327E+01    1.67278E+03    1.59327E+03    1.75229E+03
 1.70000E+01    1.67067E+03    1.59126E+03    1.75008E+03
 1.72398E+01    1.66832E+03    1.58902E+03    1.74762E+03
 1.72749E+01    1.66797E+03    1.58869E+03    1.74726E+03
 1.75000E+01    1.66577E+03    1.58659E+03    1.74494E+03
 1.75355E+01    1.66542E+03    1.58626E+03    1.74458E+03
 1.77829E+01    1.66299E+03    1.58394E+03    1.74203E+03
 1.80000E+01    1.66086E+03    1.58191E+03    1.73980E+03
 1.81190E+01    1.65988E+03    1.58098E+03    1.73878E+03
 1.81570E+01    1.65957E+03    1.58069E+03    1.73845E+03
 1.84132E+01    1.65747E+03    1.57868E+03    1.73625E+03
 1.85000E+01    1.65676E+03    1.57801E+03    1.73550E+03
 1.86001E+01    1.65593E+03    1.57722E+03    1.73464E+03
 1.88625E+01    1.65378E+03    1.57517E+03    1.73239E+03
 1.89284E+01    1.65324E+03    1.57466E+03    1.73182E+03
 1.90000E+01    1.65265E+03    1.57410E+03    1.73121E+03
 1.92681E+01    1.65037E+03    1.57193E+03    1.72882E+03
 1.95000E+01    1.64840E+03    1.57005E+03    1.72675E+03
 1.97011E+01    1.64669E+03    1.56842E+03    1.72496E+03
 1.98980E+01    1.64502E+03    1.56682E+03    1.72321E+03
 2.00000E+01    1.64415E+03    1.56308E+03    1.72522E+03
 2.02822E+01    1.64127E+03    1.56034E+03    1.72220E+03
 2.05683E+01    1.63835E+03    1.55756E+03    1.71913E+03
 2.08585E+01    1.63538E+03    1.55475E+03    1.71602E+03
 2.10000E+01    1.63394E+03    1.55337E+03    1.71451E+03
 2.12963E+01    1.63019E+03    1.54981E+03    1.71057E+03
 2.15967E+01    1.62639E+03    1.54620E+03    1.70659E+03
 2.19014E+01    1.62254E+03    1.54254E+03    1.70255E+03
 2.20000E+01    1.62129E+03    1.54135E+03    1.70124E+03
 2.23104E+01    1.61670E+03    1.53698E+03    1.69642E+03
 2.26251E+01    1.61204E+03    1.53255E+03    1.69153E+03
 2.29443E+01    1.60731E+03    1.52806E+03    1.68657E+03
 2.30000E+01    1.60649E+03    1.52728E+03    1.68570E+03
 2.33245E+01    1.60127E+03    1.52232E+03    1.68023E+03
 2.36536E+01    1.59598E+03    1.51729E+03    1.67468E+03
 2.39873E+01    1.59062E+03    1.51219E+03    1.66905E+03
 2.40000E+01    1.59041E+03    1.50319E+03    1.67764E+03
 2.43386E+01    1.58487E+03    1.49795E+03    1.67179E+03
 2.46820E+01    1.57926E+03    1.49264E+03    1.66587E+03
 2.50000E+01    1.57405E+03    1.48773E+03    1.66038E+03
 2.53527E+01    1.56846E+03    1.48244E+03    1.65448E+03
 2.57104E+01    1.56279E+03    1.47708E+03    1.64850E+03
 2.60000E+01    1.55819E+03    1.47274E+03    1.64365E+03
 2.63668E+01    1.55271E+03    1.46756E+03    1.63787E+03
 2.67388E+01    1.54716E+03    1.46230E+03    1.63201E+03
 2.70000E+01    1.54325E+03    1.45862E+03    1.62789E+03
 2.73809E+01    1.53791E+03    1.45357E+03    1.62226E+03
 2.77672E+01    1.53250E+03    1.44845E+03    1.61655E+03
 2.80000E+01    1.52924E+03    1.44288E+03    1.61560E+03
 2.83950E+01    1.52402E+03    1.43796E+03    1.61009E+03
 2.87956E+01    1.51874E+03    1.43297E+03    1.60450E+03
 2.90000E+01    1.51604E+03    1.43043E+03    1.60165E+03
 2.94091E+01    1.51084E+03    1.42552E+03    1.59616E+03
 2.98240E+01    1.50557E+03    1.42055E+03    1.59059E+03
 3.00000E+01    1.50334E+03    1.41844E+03    1.58823E+03
 3.04232E+01    1.49808E+03    1.41348E+03    1.58268E+03
 3.08525E+01    1.49274E+03    1.40845E+03    1.57704E+03
 3.10000E+01    1.49091E+03    1.40672E+03    1.57510E+03
 3.14374E+01    1.48550E+03    1.40161E+03    1.56939E+03
 3.18809E+01    1.48001E+03    1.39643E+03    1.56359E+03
 3.20000E+01    1.47854E+03    1.39504E+03    1.56204E+03
 3.24515E+01    1.47296E+03    1.38978E+03    1.55614E+03
 3.29093E+01    1.46730E+03    1.38444E+03    1.55016E+03
 3.30000E+01    1.46618E+03    1.38338E+03    1.54898E+03
 3.34656E+01    1.46043E+03    1.37795E+03    1.54290E+03
 3.39377E+01    1.45459E+03    1.37245E+03    1.53673E+03
 3.40000E+01    1.45382E+03    1.37172E+03    1.53592E+03
 3.44797E+01    1.44794E+03    1.36617E+03    1.52971E+03
 3.49661E+01    1.44198E+03    1.36054E+03    1.52341E+03
 3.50000E+01    1.44156E+03    1.36015E+03    1.52297E+03
 3.54938E+01    1.43551E+03    1.35444E+03    1.51657E+03
 3.59945E+01    1.42937E+03    1.34865E+03    1.51009E+03
 3.60000E+01    1.42930E+03    1.34858E+03    1.51002E+03
 3.65079E+01    1.42328E+03    1.34290E+03    1.50365E+03
 3.70000E+01    1.41744E+03    1.33739E+03    1.49749E+03
 3.75220E+01    1.41124E+03    1.33155E+03    1.49094E+03
 3.80000E+01    1.40557E+03    1.32619E+03    1.48495E+03
 3.85361E+01    1.39952E+03    1.32049E+03    1.47856E+03
 3.90000E+01    1.39429E+03    1.31555E+03    1.47303E+03
 3.95502E+01    1.38809E+03    1.30970E+03    1.46648E+03
 4.00000E+01    1.38302E+03    1.30492E+03    1.46112E+03
 4.05643E+01    1.37699E+03    1.29923E+03    1.45475E+03
 4.10000E+01    1.37233E+03    1.29483E+03    1.44983E+03
 4.15784E+01    1.36615E+03    1.28900E+03    1.44330E+03
 4.20000E+01    1.36165E+03    1.28476E+03    1.43855E+03
 4.25925E+01    1.35563E+03    1.27907E+03    1.43218E+03
 4.30000E+01    1.35149E+03    1.27517E+03    1.42781E+03
 4.36067E+01    1.34533E+03    1.26936E+03    1.42131E+03
 4.40000E+01    1.34134E+03    1.26559E+03    1.41709E+03
 4.46208E+01    1.33532E+03    1.25991E+03    1.41073E+03
 4.50000E+01    1.33164E+03    1.25644E+03    1.40684E+03
 4.56349E+01    1.32548E+03    1.25063E+03    1.40033E+03
 4.60000E+01    1.32194E+03    1.24729E+03    1.39659E+03
 4.66490E+01    1.31592E+03    1.24161E+03    1.39023E+03
 4.70000E+01    1.31266E+03    1.23853E+03    1.38679E+03
 4.76631E+01    1.30651E+03    1.23273E+03    1.38029E+03
 4.80000E+01    1.30338E+03    1.22978E+03    1.37698E+03
 4.86772E+01    1.29738E+03    1.22411E+03    1.37065E+03
 4.90000E+01    1.29452E+03    1.22142E+03    1.36762E+03
 4.96913E+01    1.28839E+03    1.21563E+03    1.36115E+03
 5.00000E+01    1.28565E+03    1.21305E+03    1.35825E+03
 5.07054E+01    1.27968E+03    1.20742E+03    1.35195E+03
 5.10000E+01    1.27719E+03    1.20506E+03    1.34932E+03
 5.17195E+01    1.27110E+03    1.19932E+03    1.34288E+03
 5.20000E+01    1.26873E+03    1.19708E+03    1.34038E+03
 5.27336E+01    1.26281E+03    1.19150E+03    1.33412E+03
 5.30000E+01    1.26066E+03    1.18947E+03    1.33185E+03
 5.37477E+01    1.25462E+03    1.18377E+03    1.32547E+03
 5.40000E+01    1.25258E+03    1.18184E+03    1.32332E+03
 5.47618E+01    1.24671E+03    1.17631E+03    1.31712E+03
 5.50000E+01    1.24488E+03    1.17458E+03    1.31518E+03
 5.57760E+01    1.23891E+03    1.16894E+03    1.30887E+03
 5.60000E+01    1.23718E+03    1.16731E+03    1.30705E+03
 5.67901E+01    1.23138E+03    1.16184E+03    1.30092E+03
 5.70000E+01    1.22984E+03    1.16039E+03    1.29929E+03
 5.78042E+01    1.22394E+03    1.15482E+03    1.29306E+03
 5.80000E+01    1.22250E+03    1.15346E+03    1.29154E+03
 5.88183E+01    1.21676E+03    1.14805E+03    1.28548E+03
 5.90000E+01    1.21549E+03    1.14685E+03    1.28413E+03
 5.98324E+01    1.20966E+03    1.14134E+03    1.27797E+03
 6.00000E+01    1.20848E+03    1.14023E+03    1.27673E+03
 6.08465E+01    1.20299E+03    1.13506E+03    1.27093E+03
 6.10000E+01    1.20200E+03    1.13412E+03    1.26988E+03
 6.18606E+01    1.19643E+03    1.12887E+03    1.26400E+03
 6.20000E+01    1.19553E+03    1.12802E+03    1.26304E+03
 6.28747E+01    1.18986E+03    1.12267E+03    1.25706E+03
 6.30000E+01    1.18905E+03    1.12190E+03    1.25620E+03
 6.38888E+01    1.18330E+03    1.11648E+03    1.25012E+03
 6.40000E+01    1.18258E+03    1.11580E+03    1.24936E+03
 6.49029E+01    1.17673E+03    1.11028E+03    1.24318E+03
 6.50000E+01    1.17610E+03    1.10968E+03    1.24252E+03
 6.59170E+01    1.17078E+03    1.10466E+03    1.23690E+03
 6.60000E+01    1.17030E+03    1.10421E+03    1.23639E+03
 6.69311E+01    1.16490E+03    1.09912E+03    1.23068E+03
 6.70000E+01    1.16450E+03    1.09874E+03    1.23026E+03
 6.79453E+01    1.15903E+03    1.09357E+03    1.22448E+03
 6.80000E+01    1.15871E+03    1.09328E+03    1.22414E+03
 6.89594E+01    1.15315E+03    1.08803E+03    1.21827E+03
 6.90000E+01    1.15291E+03    1.08780E+03    1.21802E+03
 6.99735E+01    1.14726E+03    1.08248E+03    1.21205E+03
 7.00000E+01    1.14711E+03    1.08233E+03    1.21189E+03
 7.09876E+01    1.14197E+03    1.07749E+03    1.20646E+03
 7.10000E+01    1.14191E+03    1.07742E+03    1.20640E+03
 7.20000E+01    1.13671E+03    1.07252E+03    1.20090E+03
 7.30000E+01    1.13150E+03    1.06760E+03    1.19540E+03
 7.40000E+01    1.12630E+03    1.06270E+03    1.18990E+03
 7.50000E+01    1.12110E+03    1.05779E+03    1.18441E+03
 7.60000E+01    1.11641E+03    1.05336E+03    1.17946E+03
 7.70000E+01    1.11172E+03    1.04894E+03    1.17450E+03
 7.80000E+01    1.10703E+03    1.04451E+03    1.16955E+03
 7.90000E+01    1.10234E+03    1.04009E+03    1.16459E+03
 8.00000E+01    1.09765E+03    1.03566E+03    1.15964E+03
 8.10000E+01    1.09360E+03    1.03184E+03    1.15536E+03
 8.20000E+01    1.08956E+03    1.02803E+03    1.15109E+03
 8.30000E+01    1.08551E+03    1.02421E+03    1.14681E+03
 8.40000E+01    1.08146E+03    1.02039E+03    1.14253E+03
 8.50000E+01    1.07742E+03    1.01658E+03    1.13826E+03
 8.60000E+01    1.07337E+03    1.01275E+03    1.13399E+03
 8.70000E+01    1.06932E+03    1.00893E+03    1.12971E+03
 8.80000E+01    1.06527E+03    1.00511E+03    1.12543E+03
 8.90000E+01    1.06123E+03    1.00130E+03    1.12116E+03
 9.00000E+01    1.05718E+03    9.97479E+02    1.11688E+03
 9.10000E+01    1.05382E+03    9.94309E+02    1.11333E+03
 9.20000E+01    1.05046E+03    9.91138E+02    1.10978E+03
 9.30000E+01    1.04710E+03    9.87968E+02    1.10623E+03
 9.40000E+01    1.04374E+03    9.84798E+02    1.10268E+03
 9.50000E+01    1.04038E+03    9.81628E+02    1.09913E+03
 9.60000E+01    1.03701E+03    9.78448E+02    1.09557E+03
 9.70000E+01    1.03365E+03    9.75278E+02    1.09202E+03
 9.80000E+01    1.03029E+03    9.72108E+02    1.08847E+03
 9.90000E+01    1.02693E+03    9.68937E+02    1.08492E+03
 1.00000E+02    1.02357E+03    9.65767E+02    1.08137E+03
 1.01411E+02    1.01957E+03    9.61993E+02    1.07715E+03
 1.02000E+02    1.01790E+03    9.60417E+02    1.07538E+03
 1.03439E+02    1.01383E+03    9.56575E+02    1.07108E+03
 1.04000E+02    1.01224E+03    9.55077E+02    1.06940E+03
 1.05467E+02    1.00808E+03    9.51152E+02    1.06501E+03
 1.06000E+02    1.00657E+03    9.49727E+02    1.06341E+03
 1.07495E+02    1.00234E+03    9.45734E+02    1.05894E+03
 1.08000E+02    1.00091E+03    9.44387E+02    1.05743E+03
 1.09524E+02    9.96594E+02    9.40314E+02    1.05287E+03
 1.10000E+02    9.95244E+02    9.39041E+02    1.05145E+03
 1.11552E+02    9.91488E+02    9.35497E+02    1.04748E+03
 1.12000E+02    9.90404E+02    9.34474E+02    1.04633E+03
 1.13580E+02    9.86581E+02    9.30867E+02    1.04230E+03
 1.14000E+02    9.85565E+02    9.29908E+02    1.04122E+03
 1.15608E+02    9.81673E+02    9.26236E+02    1.03711E+03
 1.16000E+02    9.80725E+02    9.25342E+02    1.03611E+03
 1.17637E+02    9.76765E+02    9.21605E+02    1.03193E+03
 1.18000E+02    9.75886E+02    9.20776E+02    1.03100E+03
 1.19665E+02    9.71857E+02    9.16975E+02    1.02674E+03
 1.20000E+02    9.71046E+02    9.16209E+02    1.02588E+03
 1.21693E+02    9.67498E+02    9.12862E+02    1.02213E+03
 1.22000E+02    9.66855E+02    9.12255E+02    1.02146E+03
 1.23721E+02    9.63249E+02    9.08853E+02    1.01765E+03
 1.24000E+02    9.62665E+02    9.08301E+02    1.01703E+03
 1.25749E+02    9.58999E+02    9.04843E+02    1.01316E+03
 1.26000E+02    9.58474E+02    9.04347E+02    1.01260E+03
 1.27778E+02    9.54750E+02    9.00833E+02    1.00867E+03
 1.28000E+02    9.54284E+02    9.00394E+02    1.00817E+03
 1.29806E+02    9.50500E+02    8.96823E+02    1.00418E+03
 1.30000E+02    9.50093E+02    8.96439E+02    1.00375E+03
 1.31834E+02    9.46725E+02    8.93261E+02    1.00019E+03
 1.32000E+02    9.46420E+02    8.92974E+02    9.99866E+02
 1.33862E+02    9.43000E+02    8.89747E+02    9.96253E+02
 1.34000E+02    9.42747E+02    8.89508E+02    9.95986E+02
 1.35891E+02    9.39275E+02    8.86232E+02    9.92318E+02
 1.36000E+02    9.39074E+02    8.86043E+02    9.92105E+02
 1.37919E+02    9.35550E+02    8.82718E+02    9.88383E+02
 1.38000E+02    9.35401E+02    8.82577E+02    9.88225E+02
 1.39947E+02    9.31826E+02    8.79204E+02    9.84448E+02
 1.40000E+02    9.31728E+02    8.79112E+02    9.84345E+02
 1.41975E+02    9.28511E+02    8.76077E+02    9.80946E+02
 1.42000E+02    9.28471E+02    8.76038E+02    9.80904E+02
 1.44000E+02    9.25214E+02    8.72965E+02    9.77463E+02
 1.46000E+02    9.21958E+02    8.69893E+02    9.74023E+02
 1.48000E+02    9.18701E+02    8.66820E+02    9.70582E+02
 1.50000E+02    9.15444E+02    8.63747E+02    9.67141E+02
 1.52000E+02    9.12526E+02    8.60994E+02    9.64058E+02
 1.54000E+02    9.09608E+02    8.58241E+02    9.60975E+02
 1.56000E+02    9.06689E+02    8.55486E+02    9.57891E+02
 1.58000E+02    9.03771E+02    8.52733E+02    9.54809E+02
 1.60000E+02    9.00853E+02    8.49980E+02    9.51726E+02
 1.62000E+02    8.98323E+02    8.47593E+02    9.49053E+02
 1.64000E+02    8.95794E+02    8.45207E+02    9.46381E+02
 1.66000E+02    8.93264E+02    8.42820E+02    9.43708E+02
 1.68000E+02    8.90735E+02    8.40433E+02    9.41036E+02
 1.70000E+02    8.88205E+02    8.38046E+02    9.38364E+02
 1.72000E+02    8.85675E+02    8.35659E+02    9.35691E+02
 1.74000E+02    8.83146E+02    8.33273E+02    9.33019E+02
 1.76000E+02    8.80616E+02    8.30886E+02    9.30346E+02
 1.78000E+02    8.78087E+02    8.28500E+02    9.27674E+02
 1.80000E+02    8.75557E+02    8.26113E+02    9.25002E+02
 1.82000E+02    8.73409E+02    8.24086E+02    9.22732E+02
 1.84000E+02    8.71262E+02    8.22060E+02    9.20464E+02
 1.86000E+02    8.69114E+02    8.20033E+02    9.18195E+02
 1.88000E+02    8.66966E+02    8.18007E+02    9.15925E+02
 1.90000E+02    8.64818E+02    8.15980E+02    9.13656E+02
 1.92000E+02    8.62671E+02    8.13954E+02    9.11388E+02
 1.94000E+02    8.60523E+02    8.11928E+02    9.09118E+02
 1.96000E+02    8.58375E+02    8.09901E+02    9.06849E+02
 1.98000E+02    8.56228E+02    8.07875E+02    9.04581E+02
 2.00000E+02    8.54080E+02    8.05849E+02    9.02312E+02
