# n + Sr 86 : (n,t)g    
# tendl.2019 A.J. Koning and D. Rochman        EVAL-NOV19
# uncertainties: y
# # energies =    21
#   E(MeV)       xs(mb)       xslow(mb)      xsupp(mb)
 1.17882E+01    0.00000E+00    0.00000E+00    0.00000E+00
 1.30000E+01    3.21790E-15    0.00000E+00    0.00000E+00
 1.35000E+01    1.29050E-11    0.00000E+00    0.00000E+00
 1.40000E+01    2.37100E-09    0.00000E+00    0.00000E+00
 1.45000E+01    1.08370E-07    0.00000E+00    0.00000E+00
 1.50000E+01    2.86455E-06    0.00000E+00    0.00000E+00
 1.60000E+01    3.11583E-04    0.00000E+00    0.00000E+00
 1.70000E+01    5.38955E-03    0.00000E+00    0.00000E+00
 1.80000E+01    4.22387E-02    0.00000E+00    0.00000E+00
 1.90000E+01    1.54110E-01    0.00000E+00    0.00000E+00
 2.00000E+01    3.86193E-01    0.00000E+00    0.00000E+00
 2.10000E+01    6.89874E-01    0.00000E+00    0.00000E+00
 2.20000E+01    1.06640E+00    0.00000E+00    0.00000E+00
 2.30000E+01    1.49658E+00    0.00000E+00    0.00000E+00
 2.40000E+01    1.95406E+00    0.00000E+00    0.00000E+00
 2.50000E+01    2.39431E+00    0.00000E+00    0.00000E+00
 2.60000E+01    2.78020E+00    0.00000E+00    0.00000E+00
 2.70000E+01    3.07900E+00    0.00000E+00    0.00000E+00
 2.80000E+01    3.28596E+00    0.00000E+00    0.00000E+00
 2.90000E+01    3.42298E+00    0.00000E+00    0.00000E+00
 3.00000E+01    3.50193E+00    0.00000E+00    0.00000E+00
