# n + Sn121m: (n,np)    
# tendl.2019 A.J. Koning and D. Rochman        EVAL-NOV19
# uncertainties: y
# # energies =    23
#   E(MeV)       xs(mb)       xslow(mb)      xsupp(mb)
 1.08413E+01    0.00000E+00   -0.00000E+00    0.00000E+00
 1.20000E+01    2.07960E-11    0.00000E+00    4.46068E-11
 1.25000E+01    9.26730E-08    0.00000E+00    1.98781E-07
 1.30000E+01    5.58990E-06    2.20761E-06    8.97219E-06
 1.35000E+01    1.06907E-04    4.22207E-05    1.71593E-04
 1.40000E+01    1.09062E-03    4.30717E-04    1.75052E-03
 1.45000E+01    6.72843E-03    2.65725E-03    1.07996E-02
 1.50000E+01    2.91957E-02    1.15302E-02    4.68612E-02
 1.60000E+01    2.51628E-01    1.20692E-01    3.82564E-01
 1.70000E+01    8.53626E-01    4.09438E-01    1.29781E+00
 1.80000E+01    2.24064E+00    1.07471E+00    3.40657E+00
 1.90000E+01    4.62967E+00    2.22060E+00    7.03874E+00
 2.00000E+01    8.08793E+00    3.95517E+00    1.22207E+01
 2.10000E+01    1.24444E+01    6.08558E+00    1.88032E+01
 2.20000E+01    1.74580E+01    8.53734E+00    2.63787E+01
 2.30000E+01    2.35263E+01    1.15049E+01    3.55477E+01
 2.40000E+01    3.01248E+01    1.46717E+01    4.55779E+01
 2.50000E+01    3.59414E+01    1.75046E+01    5.43782E+01
 2.60000E+01    4.11839E+01    2.00578E+01    6.23100E+01
 2.70000E+01    4.63383E+01    2.25682E+01    7.01084E+01
 2.80000E+01    5.00006E+01    2.43519E+01    7.56493E+01
 2.90000E+01    5.39034E+01    2.62526E+01    8.15542E+01
 3.00000E+01    5.65220E+01    2.75280E+01    8.55160E+01
