# n + Si 28 : (n,non)   
# tendl.2019 A.J. Koning and D. Rochman        EVAL-NOV19
# uncertainties: y
# # energies =   962
#   E(MeV)       xs(mb)       xslow(mb)      xsupp(mb)
 9.94699E-01    0.00000E+00    0.00000E+00    0.00000E+00
 9.94774E-01    2.32900E-09    1.26396E-09    3.39404E-09
 9.94793E-01    2.38780E-08    1.29587E-08    3.47973E-08
 9.94802E-01    7.12280E-08    3.86558E-08    1.03800E-07
 9.94805E-01    9.29270E-08    5.04320E-08    1.35422E-07
 9.94805E-01    9.92750E-08    5.38771E-08    1.44673E-07
 9.94806E-01    1.06030E-07    5.75431E-08    1.54517E-07
 9.94807E-01    1.13220E-07    6.14451E-08    1.64995E-07
 9.94807E-01    1.20870E-07    6.55968E-08    1.76143E-07
 9.94808E-01    1.29030E-07    7.00253E-08    1.88035E-07
 9.94808E-01    1.37710E-07    7.47360E-08    2.00684E-07
 9.94809E-01    1.46950E-07    7.97506E-08    2.14149E-07
 9.94810E-01    1.56760E-07    8.50746E-08    2.28445E-07
 9.94810E-01    1.67220E-07    9.07513E-08    2.43689E-07
 9.94811E-01    1.84150E-07    9.99393E-08    2.68361E-07
 9.94812E-01    2.02690E-07    1.10001E-07    2.95379E-07
 9.94813E-01    2.23070E-07    1.21061E-07    3.25079E-07
 9.94814E-01    2.45350E-07    1.33153E-07    3.57547E-07
 9.94815E-01    2.69770E-07    1.46406E-07    3.93134E-07
 9.94815E-01    2.96460E-07    1.60891E-07    4.32029E-07
 9.94816E-01    3.25690E-07    1.76754E-07    4.74626E-07
 9.94817E-01    3.57640E-07    1.94093E-07    5.21187E-07
 9.94818E-01    3.92590E-07    2.13061E-07    5.72119E-07
 9.94819E-01    4.30700E-07    2.33743E-07    6.27657E-07
 9.94820E-01    4.72420E-07    2.56385E-07    6.88455E-07
 9.94821E-01    5.17880E-07    2.81056E-07    7.54704E-07
 9.94822E-01    5.67520E-07    3.07996E-07    8.27044E-07
 9.94822E-01    6.21660E-07    3.37378E-07    9.05941E-07
 9.94823E-01    6.80730E-07    3.69436E-07    9.92024E-07
 9.94824E-01    7.45040E-07    4.04337E-07    1.08574E-06
 9.94825E-01    8.15140E-07    4.42381E-07    1.18790E-06
 9.94826E-01    8.91320E-07    4.83725E-07    1.29892E-06
 9.94827E-01    9.74470E-07    5.28850E-07    1.42009E-06
 9.94828E-01    1.06478E-06    5.77862E-07    1.55170E-06
 9.94829E-01    1.16302E-06    6.31178E-07    1.69486E-06
 9.94829E-01    1.26972E-06    6.89084E-07    1.85036E-06
 9.94830E-01    1.38573E-06    7.52044E-07    2.01942E-06
 9.94831E-01    1.51172E-06    8.20419E-07    2.20302E-06
 9.94832E-01    1.64860E-06    8.94705E-07    2.40250E-06
 9.94833E-01    1.79687E-06    9.75172E-07    2.61857E-06
 9.94834E-01    1.95804E-06    1.06264E-06    2.85344E-06
 9.94835E-01    2.13249E-06    1.15731E-06    3.10767E-06
 9.94836E-01    2.32165E-06    1.25997E-06    3.38333E-06
 9.94837E-01    2.52647E-06    1.37113E-06    3.68181E-06
 9.94837E-01    2.74843E-06    1.49159E-06    4.00527E-06
 9.94838E-01    2.98847E-06    1.62186E-06    4.35508E-06
 9.94839E-01    3.24826E-06    1.76285E-06    4.73367E-06
 9.94840E-01    3.52869E-06    1.91504E-06    5.14234E-06
 9.94841E-01    3.83276E-06    2.08006E-06    5.58546E-06
 9.94842E-01    4.16075E-06    2.25806E-06    6.06344E-06
 9.94843E-01    4.51512E-06    2.45038E-06    6.57986E-06
 9.94844E-01    4.89735E-06    2.65782E-06    7.13688E-06
 9.94844E-01    5.31014E-06    2.88184E-06    7.73844E-06
 9.94845E-01    5.75520E-06    3.12338E-06    8.38702E-06
 9.94846E-01    6.23534E-06    3.38395E-06    9.08672E-06
 9.94847E-01    6.75188E-06    3.66428E-06    9.83948E-06
 9.94848E-01    7.30948E-06    3.96690E-06    1.06521E-05
 9.94849E-01    7.90886E-06    4.29218E-06    1.15255E-05
 9.94850E-01    8.55449E-06    4.64257E-06    1.24664E-05
 9.94851E-01    9.24907E-06    5.01952E-06    1.34786E-05
 9.94852E-01    9.99666E-06    5.42525E-06    1.45681E-05
 9.94852E-01    1.07996E-05    5.86101E-06    1.57382E-05
 9.94853E-01    1.16627E-05    6.32941E-06    1.69960E-05
 9.94854E-01    1.25880E-05    6.83158E-06    1.83444E-05
 9.94855E-01    1.35841E-05    7.37217E-06    1.97960E-05
 9.94856E-01    1.46513E-05    7.95134E-06    2.13513E-05
 9.94857E-01    1.57964E-05    8.57280E-06    2.30200E-05
 9.94858E-01    1.70230E-05    9.23848E-06    2.48075E-05
 9.94859E-01    1.83387E-05    9.95252E-06    2.67249E-05
 9.94860E-01    1.97478E-05    1.07172E-05    2.87784E-05
 9.94860E-01    2.12577E-05    1.15367E-05    3.09787E-05
 9.94861E-01    2.28711E-05    1.24123E-05    3.33299E-05
 9.94862E-01    2.46008E-05    1.33510E-05    3.58506E-05
 9.94863E-01    2.64474E-05    1.43532E-05    3.85416E-05
 9.94864E-01    2.84226E-05    1.54251E-05    4.14201E-05
 9.94865E-01    3.05320E-05    1.65699E-05    4.44941E-05
 9.94866E-01    3.27869E-05    1.77936E-05    4.77802E-05
 9.94867E-01    3.51920E-05    1.90989E-05    5.12851E-05
 9.94867E-01    3.77596E-05    2.04924E-05    5.50268E-05
 9.94868E-01    4.04935E-05    2.19761E-05    5.90109E-05
 9.94869E-01    4.44312E-05    2.41131E-05    6.47493E-05
 9.94871E-01    4.87135E-05    2.64371E-05    7.09899E-05
 9.94872E-01    5.33725E-05    2.89656E-05    7.77794E-05
 9.94873E-01    5.84313E-05    3.17110E-05    8.51516E-05
 9.94874E-01    6.39303E-05    3.46953E-05    9.31653E-05
 9.94875E-01    6.98919E-05    3.79307E-05    1.01853E-04
 9.94877E-01    7.63584E-05    4.14401E-05    1.11277E-04
 9.94878E-01    8.33580E-05    4.52389E-05    1.21477E-04
 9.94879E-01    9.09460E-05    4.93569E-05    1.32535E-04
 9.94880E-01    9.91474E-05    5.38079E-05    1.44487E-04
 9.94881E-01    1.08016E-04    5.86209E-05    1.57411E-04
 9.94882E-01    1.17587E-04    6.38151E-05    1.71359E-04
 9.94884E-01    1.27928E-04    6.94273E-05    1.86429E-04
 9.94885E-01    1.39070E-04    7.54741E-05    2.02666E-04
 9.94886E-01    1.51082E-04    8.19931E-05    2.20171E-04
 9.94887E-01    1.64005E-04    8.90065E-05    2.39004E-04
 9.94888E-01    1.77933E-04    9.65653E-05    2.59301E-04
 9.94889E-01    1.92895E-04    1.04685E-04    2.81105E-04
 9.94891E-01    2.08976E-04    1.13412E-04    3.04540E-04
 9.94892E-01    2.26225E-04    1.22774E-04    3.29676E-04
 9.94893E-01    2.44748E-04    1.32826E-04    3.56670E-04
 9.94894E-01    2.64586E-04    1.43592E-04    3.85580E-04
 9.94895E-01    2.85842E-04    1.55128E-04    4.16556E-04
 9.94896E-01    3.08572E-04    1.67464E-04    4.49680E-04
 9.94898E-01    3.32913E-04    1.80674E-04    4.85152E-04
 9.94899E-01    3.58904E-04    1.94779E-04    5.23029E-04
 9.94900E-01    3.86668E-04    2.09847E-04    5.63489E-04
 9.94901E-01    4.16266E-04    2.25910E-04    6.06622E-04
 9.94902E-01    4.47857E-04    2.43055E-04    6.52659E-04
 9.94904E-01    4.81484E-04    2.61304E-04    7.01664E-04
 9.94905E-01    5.17297E-04    2.80740E-04    7.53854E-04
 9.94906E-01    5.55359E-04    3.01397E-04    8.09321E-04
 9.94907E-01    5.95878E-04    3.23386E-04    8.68370E-04
 9.94908E-01    6.38879E-04    3.46723E-04    9.31035E-04
 9.94909E-01    6.84535E-04    3.71501E-04    9.97569E-04
 9.94911E-01    7.32912E-04    3.97756E-04    1.06807E-03
 9.94912E-01    8.11016E-04    4.40143E-04    1.18189E-03
 9.94914E-01    8.95997E-04    4.86263E-04    1.30573E-03
 9.94916E-01    9.88410E-04    5.36416E-04    1.44040E-03
 9.94918E-01    1.08868E-03    5.90833E-04    1.58653E-03
 9.94919E-01    1.19735E-03    6.49809E-04    1.74489E-03
 9.94921E-01    1.31484E-03    7.13571E-04    1.91611E-03
 9.94923E-01    1.44171E-03    7.82424E-04    2.10100E-03
 9.94925E-01    1.57833E-03    8.56569E-04    2.30009E-03
 9.94927E-01    1.72557E-03    9.36477E-04    2.51466E-03
 9.94928E-01    1.88360E-03    1.02224E-03    2.74496E-03
 9.94930E-01    2.05309E-03    1.11422E-03    2.99196E-03
 9.94932E-01    2.23445E-03    1.21265E-03    3.25625E-03
 9.94934E-01    2.42832E-03    1.31786E-03    3.53878E-03
 9.94935E-01    2.63510E-03    1.43008E-03    3.84012E-03
 9.94937E-01    2.85538E-03    1.54963E-03    4.16113E-03
 9.94939E-01    3.08937E-03    1.67662E-03    4.50212E-03
 9.94941E-01    3.33796E-03    1.81153E-03    4.86439E-03
 9.94943E-01    3.69222E-03    2.00379E-03    5.38065E-03
 9.94945E-01    4.07384E-03    2.21090E-03    5.93678E-03
 9.94947E-01    4.37834E-03    2.37615E-03    6.38053E-03
 9.94949E-01    4.80946E-03    2.61012E-03    7.00880E-03
 9.94952E-01    5.26976E-03    2.85993E-03    7.67959E-03
 9.94954E-01    5.75978E-03    3.12587E-03    8.39369E-03
 9.94956E-01    6.27986E-03    3.40812E-03    9.15160E-03
 9.94959E-01    6.83008E-03    3.70672E-03    9.95344E-03
 9.94961E-01    7.41040E-03    4.02167E-03    1.07991E-02
 9.94965E-01    8.33707E-03    4.52458E-03    1.21496E-02
 9.94968E-01    9.32974E-03    5.06330E-03    1.35962E-02
 9.94972E-01    1.03852E-02    5.63611E-03    1.51343E-02
 9.94975E-01    1.15008E-02    6.24155E-03    1.67600E-02
 9.94980E-01    1.30721E-02    7.09430E-03    1.90499E-02
 9.94985E-01    1.47272E-02    7.99254E-03    2.14619E-02
 9.94992E-01    1.73291E-02    9.40460E-03    2.52536E-02
 9.95009E-01    2.40165E-02    1.30339E-02    3.49991E-02
 9.95016E-01    2.65790E-02    1.44246E-02    3.87334E-02
 9.95023E-01    2.89850E-02    1.57303E-02    4.22397E-02
 9.95030E-01    3.11843E-02    1.69239E-02    4.54447E-02
 9.95037E-01    3.31408E-02    1.79857E-02    4.82959E-02
 9.95044E-01    3.48358E-02    1.89056E-02    5.07660E-02
 9.95051E-01    3.62645E-02    1.96810E-02    5.28480E-02
 9.95058E-01    3.74370E-02    2.03173E-02    5.45567E-02
 9.95065E-01    3.83734E-02    2.08255E-02    5.59213E-02
 9.95072E-01    3.91017E-02    2.12207E-02    5.69827E-02
 9.95079E-01    3.96529E-02    2.15199E-02    5.77859E-02
 9.95089E-01    4.01675E-02    2.17991E-02    5.85359E-02
 9.95103E-01    4.06059E-02    2.20371E-02    5.91747E-02
 9.95121E-01    4.08419E-02    2.21651E-02    5.95187E-02
 9.95149E-01    4.09223E-02    2.22088E-02    5.96358E-02
 9.95224E-01    4.09314E-02    2.22137E-02    5.96491E-02
 1.05000E+00    4.08599E-02    2.21749E-02    5.95449E-02
 1.16622E+00    4.10011E-02    2.22515E-02    5.97507E-02
 1.29276E+00    4.14966E-02    2.25204E-02    6.04728E-02
 1.45000E+00    4.25309E-02    2.30818E-02    6.19800E-02
 1.61129E+00    4.40036E-02    2.38810E-02    6.41262E-02
 1.78188E+00    4.59428E-02    2.49334E-02    6.69522E-02
 1.83929E+00    4.66960E-02    4.29296E-02    5.04624E-02
 1.84292E+00    4.46426E-02    4.10418E-02    4.82434E-02
 1.84295E+00    4.47023E-02    4.10967E-02    4.83079E-02
 1.84297E+00    4.48854E-02    4.12650E-02    4.85058E-02
 1.84298E+00    4.51868E-02    4.15421E-02    4.88315E-02
 1.84299E+00    4.55984E-02    4.19205E-02    4.92763E-02
 1.84300E+00    4.62731E-02    4.25408E-02    5.00054E-02
 1.84300E+00    4.69392E-02    4.31532E-02    5.07252E-02
 1.84301E+00    4.78427E-02    4.39838E-02    5.17016E-02
 1.84302E+00    4.90639E-02    4.51065E-02    5.30213E-02
 1.84302E+00    5.02428E-02    4.61903E-02    5.42953E-02
 1.84302E+00    5.16976E-02    4.75278E-02    5.58674E-02
 1.84303E+00    5.34885E-02    4.91742E-02    5.78028E-02
 1.84303E+00    5.56721E-02    5.11817E-02    6.01625E-02
 1.84304E+00    5.73970E-02    5.27675E-02    6.20265E-02
 1.84304E+00    5.93533E-02    5.45660E-02    6.41406E-02
 1.84304E+00    6.15792E-02    5.66124E-02    6.65460E-02
 1.84304E+00    6.40924E-02    5.89228E-02    6.92619E-02
 1.84305E+00    6.69470E-02    6.15472E-02    7.23468E-02
 1.84305E+00    7.01570E-02    6.44983E-02    7.58157E-02
 1.84305E+00    7.37779E-02    6.78271E-02    7.97287E-02
 1.84306E+00    7.78315E-02    7.15538E-02    8.41092E-02
 1.84306E+00    8.24065E-02    7.57598E-02    8.90532E-02
 1.84306E+00    8.75086E-02    8.04504E-02    9.45668E-02
 1.84306E+00    9.32166E-02    8.56980E-02    1.00735E-01
 1.84307E+00    9.95546E-02    9.15247E-02    1.07584E-01
 1.84307E+00    1.06635E-01    9.80341E-02    1.15236E-01
 1.84307E+00    1.14464E-01    1.05232E-01    1.23696E-01
 1.84307E+00    1.23152E-01    1.13219E-01    1.33085E-01
 1.84308E+00    1.32718E-01    1.22013E-01    1.43423E-01
 1.84308E+00    1.43331E-01    1.31770E-01    1.54892E-01
 1.84308E+00    1.54974E-01    1.42474E-01    1.67474E-01
 1.84309E+00    1.67788E-01    1.54255E-01    1.81321E-01
 1.84309E+00    1.81787E-01    1.67124E-01    1.96450E-01
 1.84309E+00    1.97172E-01    1.81269E-01    2.13075E-01
 1.84309E+00    2.13915E-01    1.96661E-01    2.31169E-01
 1.84310E+00    2.32195E-01    2.13467E-01    2.50923E-01
 1.84310E+00    2.52006E-01    2.31680E-01    2.72332E-01
 1.84310E+00    2.68716E-01    2.47042E-01    2.90390E-01
 1.84310E+00    2.86430E-01    2.63327E-01    3.09533E-01
 1.84311E+00    3.15196E-01    2.89773E-01    3.40619E-01
 1.84311E+00    3.46595E-01    3.18639E-01    3.74551E-01
 1.84311E+00    3.80896E-01    3.50174E-01    4.11618E-01
 1.84312E+00    4.18053E-01    3.84334E-01    4.51772E-01
 1.84312E+00    4.58691E-01    4.21694E-01    4.95688E-01
 1.84312E+00    5.02500E-01    4.61969E-01    5.43031E-01
 1.84313E+00    5.49874E-01    5.05522E-01    5.94226E-01
 1.84313E+00    6.00798E-01    5.52339E-01    6.49257E-01
 1.84313E+00    6.55657E-01    6.02773E-01    7.08541E-01
 1.84314E+00    7.14445E-01    6.56819E-01    7.72071E-01
 1.84314E+00    7.77460E-01    7.14752E-01    8.40168E-01
 1.84314E+00    8.44397E-01    7.76290E-01    9.12504E-01
 1.84315E+00    9.16072E-01    8.42184E-01    9.89960E-01
 1.84315E+00    9.91862E-01    9.11861E-01    1.07186E+00
 1.84315E+00    1.10013E+00    1.01140E+00    1.18886E+00
 1.84316E+00    1.21668E+00    1.11855E+00    1.31482E+00
 1.84316E+00    1.34156E+00    1.23335E+00    1.44977E+00
 1.84317E+00    1.47485E+00    1.35589E+00    1.59380E+00
 1.84317E+00    1.63910E+00    1.50690E+00    1.77131E+00
 1.84318E+00    1.78768E+00    1.64349E+00    1.93187E+00
 1.84318E+00    1.99808E+00    1.83692E+00    2.15924E+00
 1.84319E+00    2.22270E+00    2.04343E+00    2.40198E+00
 1.84319E+00    2.46094E+00    2.26245E+00    2.65944E+00
 1.84320E+00    2.77757E+00    2.55353E+00    3.00160E+00
 1.84321E+00    3.04496E+00    2.79936E+00    3.29056E+00
 1.84322E+00    3.46743E+00    3.18776E+00    3.74711E+00
 1.84322E+00    3.91510E+00    3.59932E+00    4.23088E+00
 1.84323E+00    4.38310E+00    4.02957E+00    4.73663E+00
 1.84324E+00    5.03502E+00    4.62891E+00    5.44114E+00
 1.84326E+00    5.88519E+00    5.41051E+00    6.35988E+00
 1.84328E+00    7.12156E+00    6.54716E+00    7.69597E+00
 1.84332E+00    9.67305E+00    8.89284E+00    1.04533E+01
 1.84541E+00    1.45028E+02    1.33330E+02    1.56725E+02
 1.84548E+00    1.49058E+02    1.37036E+02    1.61081E+02
 1.84554E+00    1.51518E+02    1.39297E+02    1.63740E+02
 1.85430E+00    3.86697E+02    3.55507E+02    4.17887E+02
 1.85482E+00    4.00137E+02    3.67863E+02    4.32411E+02
 1.85678E+00    4.09476E+02    3.76449E+02    4.42504E+02
 1.86199E+00    4.32925E+02    3.98007E+02    4.67844E+02
 1.86290E+00    4.36415E+02    4.01215E+02    4.71615E+02
 1.86445E+00    4.03624E+02    3.71068E+02    4.36179E+02
 1.87576E+00    1.59698E+02    1.46817E+02    1.72579E+02
 1.87582E+00    1.58813E+02    1.46004E+02    1.71623E+02
 1.87593E+00    1.57910E+02    1.45173E+02    1.70647E+02
 1.89093E+00    8.72273E+01    8.01918E+01    9.42629E+01
 1.89182E+00    8.31595E+01    7.64520E+01    8.98669E+01
 1.89451E+00    8.76002E+01    8.05346E+01    9.46659E+01
 1.90324E+00    1.02577E+02    9.43036E+01    1.10851E+02
 1.90331E+00    1.02891E+02    9.45923E+01    1.11190E+02
 1.90345E+00    1.04257E+02    9.58478E+01    1.12666E+02
 1.91309E+00    2.17449E+02    1.99910E+02    2.34988E+02
 1.92387E+00    3.54027E+02    3.25472E+02    3.82583E+02
 1.92460E+00    3.62814E+02    3.33551E+02    3.92078E+02
 1.92865E+00    3.29401E+02    3.02833E+02    3.55970E+02
 1.93159E+00    3.04756E+02    2.80175E+02    3.29336E+02
 1.94360E+00    2.25707E+02    2.07502E+02    2.43912E+02
 1.96259E+00    2.08619E+02    1.91792E+02    2.25446E+02
 1.97220E+00    2.00411E+02    1.84247E+02    2.16576E+02
 1.98546E+00    1.38909E+02    1.27705E+02    1.50113E+02
 1.99279E+00    1.13528E+02    1.04371E+02    1.22685E+02
 2.00113E+00    9.86594E+01    9.07017E+01    1.06617E+02
 2.01875E+00    9.14745E+01    8.40964E+01    9.88527E+01
 2.03462E+00    9.22594E+01    8.48180E+01    9.97009E+01
 2.04282E+00    1.25198E+02    1.15100E+02    1.35296E+02
 2.04362E+00    1.28595E+02    1.18223E+02    1.38968E+02
 2.04493E+00    1.43098E+02    1.31556E+02    1.54640E+02
 2.05451E+00    2.50399E+02    2.30202E+02    2.70596E+02
 2.06212E+00    3.95453E+02    3.63557E+02    4.27350E+02
 2.06222E+00    3.96576E+02    3.64589E+02    4.28563E+02
 2.06239E+00    3.94784E+02    3.62941E+02    4.26626E+02
 2.06945E+00    2.82769E+02    2.59962E+02    3.05577E+02
 2.07010E+00    2.73071E+02    2.51046E+02    2.95097E+02
 2.07384E+00    2.93398E+02    2.69733E+02    3.17063E+02
 2.08108E+00    3.33996E+02    3.07057E+02    3.60936E+02
 2.08770E+00    4.33059E+02    3.98130E+02    4.67989E+02
 2.09396E+00    4.06073E+02    3.73320E+02    4.38826E+02
 2.09440E+00    4.03538E+02    3.70989E+02    4.36086E+02
 2.09518E+00    3.82300E+02    3.51465E+02    4.13136E+02
 2.10550E+00    9.38198E+01    8.62525E+01    1.01387E+02
 2.10556E+00    9.24640E+01    8.50060E+01    9.99219E+01
 2.10561E+00    9.21287E+01    8.46978E+01    9.95596E+01
 2.10565E+00    9.24622E+01    8.50044E+01    9.99199E+01
 2.10571E+00    9.34284E+01    8.58927E+01    1.00964E+02
 2.11407E+00    2.90496E+02    2.67065E+02    3.13926E+02
 2.11449E+00    3.00146E+02    2.75937E+02    3.24355E+02
 2.12112E+00    3.73402E+02    3.43284E+02    4.03519E+02
 2.12117E+00    3.73589E+02    3.43456E+02    4.03722E+02
 2.12131E+00    3.71728E+02    3.41745E+02    4.01710E+02
 2.12995E+00    1.68874E+02    1.55253E+02    1.82495E+02
 2.13003E+00    1.67754E+02    1.54224E+02    1.81285E+02
 2.13027E+00    1.66856E+02    1.53398E+02    1.80314E+02
 2.14720E+00    1.19326E+02    1.09701E+02    1.28950E+02
 2.16461E+00    1.33932E+02    1.23129E+02    1.44734E+02
 2.17692E+00    2.08357E+02    1.91552E+02    2.25163E+02
 2.19245E+00    2.05916E+02    1.89307E+02    2.22525E+02
 2.21035E+00    2.84490E+02    2.61544E+02    3.07437E+02
 2.21042E+00    2.85438E+02    2.62415E+02    3.08461E+02
 2.21053E+00    2.88557E+02    2.65283E+02    3.11831E+02
 2.22303E+00    7.21512E+02    6.63316E+02    7.79707E+02
 2.22312E+00    7.23095E+02    6.64772E+02    7.81418E+02
 2.22329E+00    7.20223E+02    6.62131E+02    7.78314E+02
 2.23272E+00    4.78231E+02    4.39658E+02    5.16804E+02
 2.24694E+00    2.29623E+02    2.11103E+02    2.48144E+02
 2.24704E+00    2.28895E+02    2.10433E+02    2.47357E+02
 2.24723E+00    2.30336E+02    2.11758E+02    2.48915E+02
 2.26222E+00    3.74211E+02    3.44028E+02    4.04394E+02
 2.26330E+00    3.85008E+02    3.53954E+02    4.16062E+02
 2.26639E+00    4.72548E+02    4.34434E+02    5.10663E+02
 2.27871E+00    8.23852E+02    7.57402E+02    8.90302E+02
 2.27978E+00    8.52915E+02    7.84121E+02    9.21710E+02
 2.28215E+00    7.89183E+02    7.25529E+02    8.52837E+02
 2.29598E+00    4.08996E+02    3.76008E+02    4.41985E+02
 2.29643E+00    3.97077E+02    3.65049E+02    4.29104E+02
 2.29883E+00    3.82385E+02    3.51543E+02    4.13228E+02
 2.31569E+00    2.83277E+02    2.60428E+02    3.06125E+02
 2.33519E+00    3.07477E+02    2.82677E+02    3.32278E+02
 2.35321E+00    4.08583E+02    3.75628E+02    4.41539E+02
 2.36767E+00    6.61923E+02    6.08533E+02    7.15312E+02
 2.37470E+00    7.09672E+02    6.52431E+02    7.66912E+02
 2.37570E+00    7.15571E+02    6.57855E+02    7.73287E+02
 2.37974E+00    6.06498E+02    5.57579E+02    6.55417E+02
 2.38486E+00    4.67208E+02    4.29524E+02    5.04892E+02
 2.38530E+00    4.55707E+02    4.18951E+02    4.92463E+02
 2.39037E+00    4.21928E+02    3.87896E+02    4.55960E+02
 2.40159E+00    3.48602E+02    3.20485E+02    3.76720E+02
 2.41805E+00    3.80754E+02    3.50044E+02    4.11465E+02
 2.43468E+00    5.50279E+02    5.05895E+02    5.94664E+02
 2.45148E+00    6.03975E+02    5.55260E+02    6.52690E+02
 2.46537E+00    3.87152E+02    3.55925E+02    4.18378E+02
 2.46633E+00    3.72779E+02    3.42712E+02    4.02847E+02
 2.46953E+00    3.94578E+02    3.62752E+02    4.26404E+02
 2.48346E+00    4.92311E+02    4.52602E+02    5.32020E+02
 2.49264E+00    6.25939E+02    5.75452E+02    6.76425E+02
 2.49372E+00    6.40940E+02    5.89243E+02    6.92637E+02
 2.49805E+00    5.71941E+02    5.25810E+02    6.18073E+02
 2.50240E+00    5.02041E+02    4.61548E+02    5.42535E+02
 2.51415E+00    3.49824E+02    3.21608E+02    3.78040E+02
 2.52984E+00    2.36415E+02    2.17346E+02    2.55484E+02
 2.53123E+00    2.26672E+02    2.08390E+02    2.44955E+02
 2.55353E+00    2.72127E+02    2.50177E+02    2.94076E+02
 2.57612E+00    2.54099E+02    2.36034E+02    2.72165E+02
 2.59900E+00    3.62364E+02    3.36601E+02    3.88127E+02
 2.60942E+00    2.61186E+02    2.42617E+02    2.79756E+02
 2.61464E+00    2.10522E+02    1.95554E+02    2.25489E+02
 2.62865E+00    1.85751E+02    1.72545E+02    1.98957E+02
 2.64013E+00    1.61687E+02    1.50192E+02    1.73183E+02
 2.64101E+00    1.60060E+02    1.48680E+02    1.71440E+02
 2.64300E+00    1.72194E+02    1.59952E+02    1.84436E+02
 2.65612E+00    2.53407E+02    2.35390E+02    2.71423E+02
 2.66567E+00    2.91110E+02    2.70413E+02    3.11807E+02
 2.67799E+00    2.36809E+02    2.19973E+02    2.53645E+02
 2.69251E+00    2.91370E+02    2.70654E+02    3.12085E+02
 2.70715E+00    2.58476E+02    2.40100E+02    2.76853E+02
 2.72191E+00    2.53008E+02    2.35020E+02    2.70996E+02
 2.73800E+00    3.45651E+02    3.21077E+02    3.70226E+02
 2.75180E+00    3.28879E+02    3.05497E+02    3.52261E+02
 2.76915E+00    3.27564E+02    3.04276E+02    3.50853E+02
 2.78880E+00    3.92675E+02    3.64757E+02    4.20593E+02
 2.80758E+00    3.46545E+02    3.21906E+02    3.71183E+02
 2.82578E+00    4.40450E+02    4.09135E+02    4.71764E+02
 2.84416E+00    7.36836E+02    6.84449E+02    7.89222E+02
 2.86390E+00    1.03083E+03    9.57546E+02    1.10412E+03
 2.88114E+00    6.65278E+02    6.17979E+02    7.12577E+02
 2.89735E+00    4.05128E+02    3.76325E+02    4.33932E+02
 2.91370E+00    3.67478E+02    3.41352E+02    3.93605E+02
 2.92571E+00    4.29845E+02    3.99285E+02    4.60406E+02
 2.93675E+00    5.15619E+02    4.78960E+02    5.52277E+02
 2.93814E+00    5.25666E+02    4.88293E+02    5.63039E+02
 2.94091E+00    4.79848E+02    4.45732E+02    5.13963E+02
 2.94786E+00    3.63266E+02    3.37439E+02    3.89093E+02
 2.96527E+00    1.71255E+02    1.59079E+02    1.83430E+02
 2.96539E+00    1.70518E+02    1.58395E+02    1.82642E+02
 2.96544E+00    1.70496E+02    1.58374E+02    1.82617E+02
 2.98530E+00    2.08658E+02    1.93823E+02    2.23493E+02
 3.00400E+00    2.49757E+02    2.32000E+02    2.67514E+02
 3.02127E+00    2.94579E+02    2.73635E+02    3.15522E+02
 3.04087E+00    3.55028E+02    3.29787E+02    3.80270E+02
 3.05735E+00    5.07130E+02    4.71075E+02    5.43185E+02
 3.06767E+00    5.24416E+02    4.87132E+02    5.61700E+02
 3.08465E+00    3.19238E+02    2.96541E+02    3.41935E+02
 3.08474E+00    3.18743E+02    2.96081E+02    3.41404E+02
 3.08495E+00    3.20581E+02    2.97788E+02    3.43373E+02
 3.10196E+00    5.28121E+02    4.90573E+02    5.65668E+02
 3.11402E+00    7.40222E+02    6.87595E+02    7.92850E+02
 3.12463E+00    7.44545E+02    6.91610E+02    7.97479E+02
 3.13682E+00    6.70152E+02    6.22507E+02    7.17798E+02
 3.14909E+00    5.67633E+02    5.27276E+02    6.07990E+02
 3.16143E+00    4.80617E+02    4.46447E+02    5.14787E+02
 3.17384E+00    4.24523E+02    3.94341E+02    4.54705E+02
 3.19024E+00    4.22473E+02    3.92437E+02    4.52510E+02
 3.21191E+00    5.03201E+02    4.67425E+02    5.38977E+02
 3.23100E+00    8.62176E+02    8.00878E+02    9.23473E+02
 3.24543E+00    8.69673E+02    8.07842E+02    9.31503E+02
 3.26330E+00    5.75775E+02    5.34839E+02    6.16711E+02
 3.28644E+00    6.65286E+02    6.17986E+02    7.12586E+02
 3.30952E+00    5.79041E+02    5.37873E+02    6.20209E+02
 3.33619E+00    5.30449E+02    4.92736E+02    5.68162E+02
 3.35500E+00    5.95457E+02    5.53122E+02    6.37792E+02
 3.37638E+00    5.71322E+02    5.30703E+02    6.11941E+02
 3.39696E+00    5.14112E+02    4.77560E+02    5.50663E+02
 3.41773E+00    5.60264E+02    5.20431E+02    6.00096E+02
 3.43606E+00    5.46134E+02    5.07306E+02    5.84963E+02
 3.45853E+00    3.86336E+02    3.58868E+02    4.13803E+02
 3.47763E+00    3.16861E+02    2.94333E+02    3.39389E+02
 3.49915E+00    3.62250E+02    3.36495E+02    3.88005E+02
 3.52087E+00    5.10456E+02    4.74164E+02    5.46748E+02
 3.53959E+00    6.26244E+02    5.81720E+02    6.70768E+02
 3.56015E+00    4.54601E+02    4.22280E+02    4.86922E+02
 3.57979E+00    3.36571E+02    3.12642E+02    3.60500E+02
 3.60000E+00    2.50722E+02    2.32896E+02    2.68547E+02
 3.61737E+00    1.94914E+02    1.81056E+02    2.08771E+02
 3.63734E+00    1.46225E+02    1.35829E+02    1.56621E+02
 3.65748E+00    1.57396E+02    1.46205E+02    1.68586E+02
 3.67778E+00    1.80644E+02    1.67801E+02    1.93487E+02
 3.69580E+00    2.55193E+02    2.37049E+02    2.73336E+02
 3.71150E+00    3.44423E+02    3.19936E+02    3.68910E+02
 3.73077E+00    4.77299E+02    4.43365E+02    5.11233E+02
 3.75240E+00    6.63410E+02    6.16243E+02    7.10576E+02
 3.76975E+00    7.67084E+02    7.12547E+02    8.21621E+02
 3.79253E+00    5.13002E+02    4.76529E+02    5.49475E+02
 3.79405E+00    4.96813E+02    4.61491E+02    5.32134E+02
 3.79702E+00    5.39978E+02    5.01588E+02    5.78369E+02
 3.81350E+00    7.82989E+02    7.27321E+02    8.38656E+02
 3.83404E+00    5.97663E+02    5.55171E+02    6.40155E+02
 3.85115E+00    4.77393E+02    4.43452E+02    5.11334E+02
 3.87571E+00    3.91766E+02    3.63913E+02    4.19619E+02
 3.89786E+00    4.56053E+02    4.23629E+02    4.88477E+02
 3.92341E+00    6.26760E+02    5.82200E+02    6.71321E+02
 3.94112E+00    8.14374E+02    7.56475E+02    8.72274E+02
 3.94274E+00    8.30579E+02    7.71528E+02    8.89631E+02
 3.95246E+00    6.72877E+02    6.25038E+02    7.20717E+02
 3.96789E+00    4.21093E+02    3.91155E+02    4.51031E+02
 3.96870E+00    4.08478E+02    3.83186E+02    4.33770E+02
 3.97855E+00    4.22079E+02    3.95944E+02    4.48213E+02
 4.00000E+00    4.53587E+02    4.25502E+02    4.81672E+02
 4.02317E+00    4.90223E+02    4.59869E+02    5.20576E+02
 4.06178E+00    5.54863E+02    5.20507E+02    5.89219E+02
 4.08044E+00    5.05154E+02    4.73876E+02    5.36432E+02
 4.10152E+00    4.83363E+02    4.53435E+02    5.13292E+02
 4.12276E+00    5.60535E+02    5.25828E+02    5.95241E+02
 4.14532E+00    5.89418E+02    5.52923E+02    6.25913E+02
 4.17042E+00    5.20258E+02    4.88045E+02    5.52471E+02
 4.18610E+00    4.81452E+02    4.51642E+02    5.11262E+02
 4.20702E+00    5.89975E+02    5.53445E+02    6.26505E+02
 4.22370E+00    6.93559E+02    6.50615E+02    7.36502E+02
 4.24590E+00    8.58820E+02    8.05644E+02    9.11996E+02
 4.27131E+00    7.33122E+02    6.87729E+02    7.78515E+02
 4.30000E+00    4.39349E+02    4.12145E+02    4.66552E+02
 4.32655E+00    5.09717E+02    4.78157E+02    5.41278E+02
 4.35269E+00    6.80799E+02    6.38645E+02    7.22952E+02
 4.37781E+00    7.69156E+02    7.21532E+02    8.16780E+02
 4.40442E+00    6.95589E+02    6.52520E+02    7.38658E+02
 4.42743E+00    5.99786E+02    5.62648E+02    6.36923E+02
 4.46210E+00    4.80545E+02    4.50791E+02    5.10299E+02
 4.48966E+00    4.91064E+02    4.60658E+02    5.21469E+02
 4.51532E+00    7.10332E+02    6.66350E+02    7.54314E+02
 4.53388E+00    8.21170E+02    7.70325E+02    8.72015E+02
 4.55523E+00    5.26313E+02    4.93725E+02    5.58901E+02
 4.57268E+00    3.82635E+02    3.58944E+02    4.06327E+02
 4.57403E+00    3.72015E+02    3.48981E+02    3.95050E+02
 4.59682E+00    4.56220E+02    4.27972E+02    4.84468E+02
 4.60000E+00    4.68089E+02    4.39106E+02    4.97072E+02
 4.63047E+00    6.12595E+02    5.74665E+02    6.50526E+02
 4.66000E+00    7.93617E+02    7.44478E+02    8.42756E+02
 4.69356E+00    8.76478E+02    8.22209E+02    9.30747E+02
 4.71464E+00    9.18792E+02    8.61902E+02    9.75681E+02
 4.73444E+00    9.31585E+02    8.73904E+02    9.89267E+02
 4.76367E+00    9.18823E+02    8.61932E+02    9.75714E+02
 4.78350E+00    8.46307E+02    7.93905E+02    8.98708E+02
 4.80766E+00    6.37559E+02    5.98083E+02    6.77035E+02
 4.82805E+00    6.31083E+02    5.92008E+02    6.70159E+02
 4.84858E+00    6.97500E+02    6.54312E+02    7.40687E+02
 4.86924E+00    8.59288E+02    8.06083E+02    9.12493E+02
 4.89524E+00    8.29264E+02    7.77918E+02    8.80610E+02
 4.91846E+00    6.69910E+02    6.28431E+02    7.11389E+02
 4.94789E+00    5.05757E+02    4.74441E+02    5.37072E+02
 4.98000E+00    5.56821E+02    5.22344E+02    5.91298E+02
 5.00757E+00    6.55126E+02    6.14562E+02    6.95690E+02
 5.02000E+00    7.04327E+02    6.60716E+02    7.47937E+02
 5.03470E+00    7.49207E+02    7.02818E+02    7.95596E+02
 5.11110E+00    8.05117E+02    7.55267E+02    8.54968E+02
 5.12881E+00    8.89057E+02    8.34009E+02    9.44106E+02
 5.14698E+00    9.82878E+02    9.22020E+02    1.04374E+03
 5.15029E+00    1.00020E+03    9.38269E+02    1.06213E+03
 5.16322E+00    9.91918E+02    9.30501E+02    1.05333E+03
 5.18184E+00    9.82911E+02    9.22052E+02    1.04377E+03
 5.19161E+00    9.77628E+02    9.17095E+02    1.03816E+03
 5.20000E+00    1.01857E+03    9.55501E+02    1.08164E+03
 5.21122E+00    1.11090E+03    1.04211E+03    1.17968E+03
 5.22000E+00    1.14359E+03    1.07278E+03    1.21440E+03
 5.23343E+00    1.05433E+03    9.89050E+02    1.11961E+03
 5.24334E+00    9.92543E+02    9.31087E+02    1.05400E+03
 5.25328E+00    9.34330E+02    8.76478E+02    9.92181E+02
 5.26326E+00    8.79463E+02    8.25009E+02    9.33917E+02
 5.27250E+00    8.31234E+02    7.79766E+02    8.82702E+02
 5.32114E+00    7.87370E+02    7.38618E+02    8.36122E+02
 5.34405E+00    7.71025E+02    7.23285E+02    8.18765E+02
 5.37540E+00    7.53633E+02    7.06970E+02    8.00297E+02
 5.39032E+00    8.19703E+02    7.68949E+02    8.70457E+02
 5.39920E+00    8.60714E+02    8.07421E+02    9.14007E+02
 5.40198E+00    8.54422E+02    8.01518E+02    9.07326E+02
 5.41629E+00    7.77468E+02    7.29329E+02    8.25607E+02
 5.42411E+00    7.38443E+02    6.92720E+02    7.84165E+02
 5.43370E+00    6.93195E+02    6.50274E+02    7.36116E+02
 5.44244E+00    6.54768E+02    6.14227E+02    6.95310E+02
 5.44945E+00    6.25651E+02    5.86912E+02    6.64390E+02
 5.45822E+00    6.70746E+02    6.29215E+02    7.12277E+02
 5.46526E+00    7.09942E+02    6.65984E+02    7.53900E+02
 5.47584E+00    7.72998E+02    7.25135E+02    8.20860E+02
 5.48652E+00    8.42215E+02    7.90067E+02    8.94363E+02
 5.49516E+00    9.01114E+02    8.45319E+02    9.56909E+02
 5.56071E+00    9.08765E+02    8.52496E+02    9.65033E+02
 5.60000E+00    9.18988E+02    8.62086E+02    9.75889E+02
 5.61000E+00    9.12461E+02    8.55964E+02    9.68959E+02
 5.62637E+00    8.42925E+02    7.90733E+02    8.95117E+02
 5.63189E+00    8.20154E+02    7.69372E+02    8.70936E+02
 5.64000E+00    8.13597E+02    7.63221E+02    8.63973E+02
 5.68068E+00    8.26362E+02    7.75196E+02    8.77528E+02
 5.69319E+00    8.65463E+02    8.11876E+02    9.19050E+02
 5.71572E+00    1.17052E+03    1.09804E+03    1.24300E+03
 5.72705E+00    1.25842E+03    1.18050E+03    1.33634E+03
 5.76153E+00    1.24637E+03    1.16920E+03    1.32355E+03
 5.78000E+00    1.18730E+03    1.11378E+03    1.26081E+03
 5.80000E+00    1.07578E+03    1.00917E+03    1.14239E+03
 5.81883E+00    9.87207E+02    9.26082E+02    1.04833E+03
 5.88421E+00    9.31892E+02    8.74192E+02    9.89593E+02
 5.93372E+00    8.96236E+02    8.40744E+02    9.51729E+02
 5.96373E+00    8.79090E+02    8.24659E+02    9.33521E+02
 5.99648E+00    8.65534E+02    8.22605E+02    9.08463E+02
 6.01121E+00    8.61478E+02    8.18750E+02    9.04206E+02
 6.02342E+00    9.13648E+02    8.68332E+02    9.58963E+02
 6.04181E+00    1.03981E+03    9.88240E+02    1.09139E+03
 6.05412E+00    1.12987E+03    1.07383E+03    1.18591E+03
 6.06028E+00    1.10766E+03    1.05272E+03    1.16260E+03
 6.07884E+00    9.15892E+02    8.70465E+02    9.61318E+02
 6.09126E+00    8.48480E+02    8.06397E+02    8.90563E+02
 6.12000E+00    8.50488E+02    8.08306E+02    8.92671E+02
 6.16026E+00    8.46858E+02    8.04856E+02    8.88861E+02
 6.18000E+00    8.48528E+02    8.06442E+02    8.90613E+02
 6.20000E+00    8.42252E+02    8.00478E+02    8.84027E+02
 6.21434E+00    8.55930E+02    8.13478E+02    8.98383E+02
 6.22000E+00    8.65297E+02    8.22380E+02    9.08214E+02
 6.23595E+00    8.69361E+02    8.26242E+02    9.12479E+02
 6.24441E+00    9.15447E+02    8.70042E+02    9.60852E+02
 6.26000E+00    1.03301E+03    9.81771E+02    1.08424E+03
 6.27031E+00    1.13497E+03    1.07868E+03    1.19127E+03
 6.27330E+00    1.15686E+03    1.09948E+03    1.21424E+03
 6.28027E+00    1.09318E+03    1.03896E+03    1.14740E+03
 6.28262E+00    1.06334E+03    1.01060E+03    1.11608E+03
 6.29000E+00    9.82608E+02    9.33873E+02    1.03134E+03
 6.30000E+00    8.99583E+02    8.54965E+02    9.44201E+02
 6.30729E+00    8.56961E+02    8.14458E+02    8.99465E+02
 6.32000E+00    8.82867E+02    8.39078E+02    9.26655E+02
 6.32919E+00    9.04893E+02    8.60011E+02    9.49774E+02
 6.34000E+00    9.33179E+02    8.86895E+02    9.79463E+02
 6.34901E+00    9.59884E+02    9.12275E+02    1.00749E+03
 6.35710E+00    9.87874E+02    9.38878E+02    1.03687E+03
 6.36123E+00    1.00404E+03    9.54241E+02    1.05384E+03
 6.37000E+00    1.04334E+03    9.91590E+02    1.09509E+03
 6.38820E+00    1.14483E+03    1.08805E+03    1.20161E+03
 6.40007E+00    1.13888E+03    1.08239E+03    1.19536E+03
 6.40901E+00    1.10940E+03    1.05438E+03    1.16443E+03
 6.42246E+00    1.05045E+03    9.98352E+02    1.10255E+03
 6.43145E+00    1.01338E+03    9.63121E+02    1.06365E+03
 6.44046E+00    9.84797E+02    9.35952E+02    1.03364E+03
 6.45401E+00    9.62885E+02    9.15128E+02    1.01064E+03
 6.45627E+00    9.62844E+02    9.15089E+02    1.01060E+03
 6.46306E+00    9.63129E+02    9.15360E+02    1.01090E+03
 6.47948E+00    1.03635E+03    9.84949E+02    1.08775E+03
 6.50000E+00    1.09364E+03    1.03940E+03    1.14788E+03
 6.50634E+00    1.11178E+03    1.05664E+03    1.16692E+03
 6.52470E+00    1.16796E+03    1.11004E+03    1.22589E+03
 6.54313E+00    1.07326E+03    1.02003E+03    1.12649E+03
 6.56164E+00    9.90006E+02    9.40903E+02    1.03911E+03
 6.57688E+00    9.29514E+02    8.83412E+02    9.75617E+02
 6.58955E+00    8.83023E+02    8.39227E+02    9.26820E+02
 6.60000E+00    8.93973E+02    8.49633E+02    9.38312E+02
 6.62000E+00    9.56968E+02    9.09504E+02    1.00443E+03
 6.64000E+00    1.02935E+03    9.78292E+02    1.08040E+03
 6.65776E+00    1.11505E+03    1.05975E+03    1.17035E+03
 6.67322E+00    1.22139E+03    1.16081E+03    1.28197E+03
 6.68152E+00    1.26830E+03    1.20540E+03    1.33121E+03
 6.70541E+00    1.35601E+03    1.28876E+03    1.42327E+03
 6.71021E+00    1.36208E+03    1.29453E+03    1.42964E+03
 6.72000E+00    1.30547E+03    1.24072E+03    1.37022E+03
 6.73000E+00    1.25285E+03    1.19071E+03    1.31499E+03
 6.74000E+00    1.20533E+03    1.14555E+03    1.26512E+03
 6.75000E+00    1.16253E+03    1.10487E+03    1.22019E+03
 6.75861E+00    1.13140E+03    1.07529E+03    1.18752E+03
 6.77178E+00    1.09324E+03    1.03901E+03    1.14746E+03
 6.78000E+00    1.10188E+03    1.04723E+03    1.15653E+03
 6.79406E+00    1.14052E+03    1.08396E+03    1.19709E+03
 6.80106E+00    1.14353E+03    1.08681E+03    1.20025E+03
 6.82000E+00    1.06661E+03    1.01371E+03    1.11951E+03
 6.83792E+00    1.04912E+03    9.97085E+02    1.10115E+03
 6.85274E+00    1.05796E+03    1.00548E+03    1.11043E+03
 6.87508E+00    1.01037E+03    9.60262E+02    1.06049E+03
 6.90127E+00    9.81574E+02    9.32889E+02    1.03026E+03
 6.92007E+00    9.63824E+02    9.16020E+02    1.01163E+03
 6.93208E+00    9.60015E+02    9.12400E+02    1.00763E+03
 6.94000E+00    9.74642E+02    9.26301E+02    1.02298E+03
 6.96000E+00    1.04466E+03    9.92848E+02    1.09647E+03
 6.98076E+00    1.08984E+03    1.03578E+03    1.14389E+03
 6.99606E+00    1.12633E+03    1.07047E+03    1.18220E+03
 7.00372E+00    1.15722E+03    1.09983E+03    1.21462E+03
 7.02340E+00    1.31966E+03    1.25420E+03    1.38511E+03
 7.04000E+00    1.46131E+03    1.38883E+03    1.53379E+03
 7.04999E+00    1.56050E+03    1.48310E+03    1.63790E+03
 7.06682E+00    1.39429E+03    1.32513E+03    1.46344E+03
 7.08975E+00    1.19847E+03    1.13903E+03    1.25791E+03
 7.10848E+00    1.04711E+03    9.95174E+02    1.09904E+03
 7.11948E+00    1.00985E+03    9.59762E+02    1.05994E+03
 7.12813E+00    9.93024E+02    9.43772E+02    1.04228E+03
 7.13798E+00    9.85490E+02    9.36612E+02    1.03437E+03
 7.13998E+00    9.84794E+02    9.35950E+02    1.03364E+03
 7.16000E+00    9.87939E+02    9.38939E+02    1.03694E+03
 7.17168E+00    1.06736E+03    1.01442E+03    1.12030E+03
 7.19293E+00    1.26578E+03    1.20300E+03    1.32856E+03
 7.21400E+00    1.49406E+03    1.41996E+03    1.56817E+03
 7.24000E+00    1.32366E+03    1.25801E+03    1.38931E+03
 7.26132E+00    1.20099E+03    1.14142E+03    1.26056E+03
 7.26610E+00    1.17583E+03    1.11751E+03    1.23415E+03
 7.31837E+00    1.19055E+03    1.13150E+03    1.24960E+03
 7.39272E+00    1.20454E+03    1.14480E+03    1.26429E+03
 7.40940E+00    1.21183E+03    1.15173E+03    1.27194E+03
 7.42613E+00    1.22668E+03    1.16584E+03    1.28753E+03
 7.44292E+00    1.25310E+03    1.19095E+03    1.31526E+03
 7.46259E+00    1.26992E+03    1.20693E+03    1.33290E+03
 7.49081E+00    1.19924E+03    1.13976E+03    1.25872E+03
 7.51460E+00    1.17617E+03    1.11783E+03    1.23450E+03
 7.53345E+00    1.22920E+03    1.16823E+03    1.29017E+03
 7.55000E+00    1.28584E+03    1.22207E+03    1.34962E+03
 7.57880E+00    1.37332E+03    1.30521E+03    1.44144E+03
 7.62320E+00    1.24835E+03    1.18644E+03    1.31027E+03
 7.64000E+00    1.20775E+03    1.14785E+03    1.26765E+03
 7.64900E+00    1.19392E+03    1.13471E+03    1.25314E+03
 7.68300E+00    1.18169E+03    1.12308E+03    1.24030E+03
 7.70000E+00    1.21257E+03    1.15243E+03    1.27271E+03
 7.72000E+00    1.22154E+03    1.16095E+03    1.28212E+03
 7.74000E+00    1.21916E+03    1.15869E+03    1.27962E+03
 7.76715E+00    1.24751E+03    1.18563E+03    1.30938E+03
 7.79712E+00    1.32084E+03    1.25533E+03    1.38635E+03
 7.81218E+00    1.33432E+03    1.26814E+03    1.40050E+03
 7.84000E+00    1.33503E+03    1.26882E+03    1.40125E+03
 7.89577E+00    1.32135E+03    1.25581E+03    1.38689E+03
 7.92000E+00    1.35002E+03    1.28306E+03    1.41698E+03
 7.96000E+00    1.46450E+03    1.39186E+03    1.53714E+03
 7.98000E+00    1.47622E+03    1.39143E+03    1.56102E+03
 8.01978E+00    1.44883E+03    1.36560E+03    1.53205E+03
 8.06590E+00    1.41358E+03    1.33238E+03    1.49478E+03
 8.08288E+00    1.39738E+03    1.31711E+03    1.47765E+03
 8.11472E+00    1.37687E+03    1.29778E+03    1.45596E+03
 8.14674E+00    1.40813E+03    1.32724E+03    1.48901E+03
 8.17895E+00    1.40228E+03    1.32173E+03    1.48283E+03
 8.20935E+00    1.41367E+03    1.33247E+03    1.49488E+03
 8.22000E+00    1.42252E+03    1.34081E+03    1.50423E+03
 8.24000E+00    1.43173E+03    1.34949E+03    1.51397E+03
 8.26757E+00    1.38954E+03    1.30972E+03    1.46936E+03
 8.27676E+00    1.37375E+03    1.29484E+03    1.45266E+03
 8.30000E+00    1.35622E+03    1.27831E+03    1.43412E+03
 8.31073E+00    1.35804E+03    1.28004E+03    1.43605E+03
 8.34294E+00    1.38528E+03    1.30571E+03    1.46485E+03
 8.36000E+00    1.40631E+03    1.32553E+03    1.48709E+03
 8.40000E+00    1.44005E+03    1.35733E+03    1.52277E+03
 8.40993E+00    1.44186E+03    1.35904E+03    1.52468E+03
 8.44122E+00    1.42581E+03    1.34391E+03    1.50771E+03
 8.46000E+00    1.40582E+03    1.32507E+03    1.48657E+03
 8.48000E+00    1.39107E+03    1.31117E+03    1.47098E+03
 8.52000E+00    1.41185E+03    1.33075E+03    1.49295E+03
 8.53825E+00    1.41102E+03    1.32997E+03    1.49207E+03
 8.57049E+00    1.39812E+03    1.31781E+03    1.47843E+03
 8.58490E+00    1.39138E+03    1.31146E+03    1.47130E+03
 8.61561E+00    1.40471E+03    1.32402E+03    1.48540E+03
 8.62000E+00    1.41284E+03    1.33169E+03    1.49400E+03
 8.64000E+00    1.46695E+03    1.38269E+03    1.55121E+03
 8.65087E+00    1.47142E+03    1.38690E+03    1.55594E+03
 8.71914E+00    1.39684E+03    1.31660E+03    1.47708E+03
 8.78000E+00    1.33793E+03    1.26108E+03    1.41478E+03
 8.82000E+00    1.34471E+03    1.26747E+03    1.42196E+03
 8.86577E+00    1.38409E+03    1.30459E+03    1.46360E+03
 8.93919E+00    1.35157E+03    1.27393E+03    1.42920E+03
 8.98180E+00    1.38837E+03    1.30862E+03    1.46812E+03
 9.05106E+00    1.35370E+03    1.27595E+03    1.43146E+03
 9.13696E+00    1.34178E+03    1.26471E+03    1.41885E+03
 9.24678E+00    1.33541E+03    1.25871E+03    1.41212E+03
 9.27610E+00    1.33291E+03    1.25635E+03    1.40947E+03
 9.32043E+00    1.33335E+03    1.25676E+03    1.40994E+03
 9.49510E+00    1.32115E+03    1.24526E+03    1.39704E+03
 9.50000E+00    1.32143E+03    1.24552E+03    1.39733E+03
 9.68493E+00    1.31069E+03    1.23540E+03    1.38598E+03
 9.75669E+00    1.30927E+03    1.23407E+03    1.38448E+03
 9.90760E+00    1.31577E+03    1.24019E+03    1.39135E+03
 1.00272E+01    1.31795E+03    1.24225E+03    1.39365E+03
 1.01166E+01    1.30606E+03    1.23104E+03    1.38108E+03
 1.01491E+01    1.30283E+03    1.22800E+03    1.37767E+03
 1.02872E+01    1.28912E+03    1.21508E+03    1.36317E+03
 1.04256E+01    1.28765E+03    1.21368E+03    1.36161E+03
 1.05000E+01    1.28685E+03    1.21293E+03    1.36077E+03
 1.06481E+01    1.27701E+03    1.20366E+03    1.35037E+03
 1.06535E+01    1.27666E+03    1.20332E+03    1.34999E+03
 1.08038E+01    1.26667E+03    1.19391E+03    1.33943E+03
 1.08304E+01    1.26491E+03    1.19225E+03    1.33756E+03
 1.09832E+01    1.25476E+03    1.18268E+03    1.32683E+03
 1.10000E+01    1.25364E+03    1.18163E+03    1.32565E+03
 1.11552E+01    1.25082E+03    1.17897E+03    1.32267E+03
 1.13126E+01    1.24796E+03    1.17627E+03    1.31964E+03
 1.14722E+01    1.24505E+03    1.17354E+03    1.31657E+03
 1.14800E+01    1.24491E+03    1.17723E+03    1.31259E+03
 1.16420E+01    1.23845E+03    1.17112E+03    1.30577E+03
 1.18062E+01    1.23189E+03    1.16492E+03    1.29886E+03
 1.19728E+01    1.22524E+03    1.15864E+03    1.29185E+03
 1.20000E+01    1.22416E+03    1.15761E+03    1.29071E+03
 1.20710E+01    1.22227E+03    1.15583E+03    1.28872E+03
 1.20840E+01    1.22193E+03    1.15550E+03    1.28836E+03
 1.22545E+01    1.21740E+03    1.15122E+03    1.28358E+03
 1.24024E+01    1.21347E+03    1.14751E+03    1.27944E+03
 1.25774E+01    1.20660E+03    1.14101E+03    1.27220E+03
 1.26128E+01    1.20521E+03    1.13969E+03    1.27073E+03
 1.26572E+01    1.20347E+03    1.13805E+03    1.26890E+03
 1.28358E+01    1.19646E+03    1.13142E+03    1.26150E+03
 1.28688E+01    1.19516E+03    1.13019E+03    1.26014E+03
 1.30000E+01    1.19092E+03    1.12618E+03    1.25566E+03
 1.30731E+01    1.18851E+03    1.12389E+03    1.25312E+03
 1.32575E+01    1.18242E+03    1.11814E+03    1.24670E+03
 1.34446E+01    1.17624E+03    1.11230E+03    1.24019E+03
 1.34500E+01    1.17606E+03    1.11213E+03    1.24000E+03
 1.36398E+01    1.16838E+03    1.10487E+03    1.23190E+03
 1.38322E+01    1.16059E+03    1.09750E+03    1.22369E+03
 1.39778E+01    1.15470E+03    1.09192E+03    1.21747E+03
 1.40000E+01    1.15380E+03    1.09107E+03    1.21652E+03
 1.41975E+01    1.14643E+03    1.08410E+03    1.20875E+03
 1.43978E+01    1.13895E+03    1.07703E+03    1.20087E+03
 1.45000E+01    1.13514E+03    1.07343E+03    1.19685E+03
 1.45312E+01    1.13400E+03    1.07235E+03    1.19565E+03
 1.47362E+01    1.12654E+03    1.06530E+03    1.18778E+03
 1.49441E+01    1.11897E+03    1.05814E+03    1.17980E+03
 1.50000E+01    1.11694E+03    1.04913E+03    1.18474E+03
 1.52116E+01    1.11206E+03    1.04455E+03    1.17957E+03
 1.53295E+01    1.10934E+03    1.04199E+03    1.17668E+03
 1.55458E+01    1.10435E+03    1.03731E+03    1.17139E+03
 1.57015E+01    1.10076E+03    1.03394E+03    1.16759E+03
 1.59230E+01    1.09565E+03    1.02914E+03    1.16217E+03
 1.60000E+01    1.09388E+03    1.02747E+03    1.16029E+03
 1.62257E+01    1.08828E+03    1.02221E+03    1.15434E+03
 1.63752E+01    1.08457E+03    1.01872E+03    1.15041E+03
 1.66062E+01    1.07883E+03    1.01334E+03    1.14432E+03
 1.67409E+01    1.07549E+03    1.01020E+03    1.14078E+03
 1.68252E+01    1.07339E+03    1.00823E+03    1.13856E+03
 1.70000E+01    1.06905E+03    1.00416E+03    1.13395E+03
 1.70618E+01    1.06737E+03    1.00257E+03    1.13216E+03
 1.71318E+01    1.06545E+03    1.00077E+03    1.13014E+03
 1.72571E+01    1.06203E+03    9.97558E+02    1.12650E+03
 1.75000E+01    1.05539E+03    9.91324E+02    1.11946E+03
 1.77469E+01    1.04855E+03    9.84897E+02    1.11221E+03
 1.78805E+01    1.04485E+03    9.81419E+02    1.10828E+03
 1.79211E+01    1.04373E+03    9.80368E+02    1.10709E+03
 1.80000E+01    1.04156E+03    9.78325E+02    1.10479E+03
 1.82539E+01    1.03422E+03    9.71433E+02    1.09700E+03
 1.83488E+01    1.03148E+03    9.68858E+02    1.09410E+03
 1.85000E+01    1.02711E+03    9.64756E+02    1.08946E+03
 1.86477E+01    1.02292E+03    9.60818E+02    1.08502E+03
 1.87426E+01    1.02022E+03    9.58289E+02    1.08216E+03
 1.90000E+01    1.01293E+03    9.51439E+02    1.07442E+03
 1.92681E+01    1.00354E+03    9.42620E+02    1.06447E+03
 1.95000E+01    9.95418E+02    9.30691E+02    1.06015E+03
 1.97751E+01    9.88688E+02    9.24398E+02    1.05298E+03
 1.99826E+01    9.83612E+02    9.19652E+02    1.04757E+03
 2.00000E+01    9.83186E+02    9.19254E+02    1.04712E+03
 2.02822E+01    9.77045E+02    9.13513E+02    1.04058E+03
 2.05683E+01    9.70818E+02    9.07691E+02    1.03395E+03
 2.08585E+01    9.64503E+02    9.01786E+02    1.02722E+03
 2.10000E+01    9.61424E+02    8.98907E+02    1.02394E+03
 2.12963E+01    9.55051E+02    8.92949E+02    1.01715E+03
 2.15967E+01    9.48588E+02    8.86906E+02    1.01027E+03
 2.19014E+01    9.42034E+02    8.80779E+02    1.00329E+03
 2.20000E+01    9.39914E+02    8.78796E+02    1.00103E+03
 2.23104E+01    9.33034E+02    8.72363E+02    9.93705E+02
 2.26251E+01    9.26057E+02    8.65840E+02    9.86274E+02
 2.29443E+01    9.18982E+02    8.59225E+02    9.78738E+02
 2.30000E+01    9.17748E+02    8.52788E+02    9.82707E+02
 2.33245E+01    9.11951E+02    8.47402E+02    9.76501E+02
 2.36536E+01    9.06073E+02    8.41940E+02    9.70207E+02
 2.39873E+01    9.00112E+02    8.36401E+02    9.63824E+02
 2.40000E+01    8.99885E+02    8.36189E+02    9.63580E+02
 2.43386E+01    8.94259E+02    8.30962E+02    9.57556E+02
 2.46820E+01    8.88554E+02    8.25660E+02    9.51447E+02
 2.50000E+01    8.83270E+02    8.20750E+02    9.45789E+02
 2.53527E+01    8.77725E+02    8.15598E+02    9.39852E+02
 2.57104E+01    8.72102E+02    8.10373E+02    9.33831E+02
 2.60000E+01    8.67549E+02    8.06142E+02    9.28956E+02
 2.63668E+01    8.61965E+02    8.00953E+02    9.22976E+02
 2.67388E+01    8.56301E+02    7.95691E+02    9.16912E+02
 2.70000E+01    8.52325E+02    7.87621E+02    9.17029E+02
 2.73809E+01    8.47383E+02    7.83054E+02    9.11712E+02
 2.77672E+01    8.42372E+02    7.78424E+02    9.06320E+02
 2.80000E+01    8.39352E+02    7.75633E+02    9.03071E+02
 2.83950E+01    8.33975E+02    7.70664E+02    8.97286E+02
 2.87956E+01    8.28521E+02    7.65624E+02    8.91418E+02
 2.90000E+01    8.25739E+02    7.63053E+02    8.88425E+02
 2.94091E+01    8.20423E+02    7.58141E+02    8.82705E+02
 2.98240E+01    8.15031E+02    7.53158E+02    8.76904E+02
 3.00000E+01    8.12745E+02    7.51046E+02    8.74444E+02
 3.04232E+01    8.05058E+02    7.43942E+02    8.66173E+02
 3.08525E+01    7.97262E+02    7.36738E+02    8.57786E+02
 3.12877E+01    7.89356E+02    7.29432E+02    8.49280E+02
 3.17292E+01    7.81338E+02    7.22023E+02    8.40654E+02
 3.20000E+01    7.76419E+02    7.17477E+02    8.35361E+02
 3.24515E+01    7.71512E+02    7.12943E+02    8.30081E+02
 3.29093E+01    7.66536E+02    7.08345E+02    8.24728E+02
 3.33736E+01    7.61490E+02    7.03682E+02    8.19299E+02
 3.38444E+01    7.56373E+02    6.98953E+02    8.13793E+02
 3.40000E+01    7.54682E+02    6.97391E+02    8.11974E+02
 3.44797E+01    7.49837E+02    6.92913E+02    8.06760E+02
 3.49661E+01    7.44923E+02    6.88372E+02    8.01473E+02
 3.54594E+01    7.39940E+02    6.83767E+02    7.96112E+02
 3.59597E+01    7.34886E+02    6.79097E+02    7.90675E+02
 3.60000E+01    7.34479E+02    6.78721E+02    7.90237E+02
 3.65079E+01    7.29702E+02    6.74307E+02    7.85098E+02
 3.70230E+01    7.24859E+02    6.69831E+02    7.79886E+02
 3.75453E+01    7.19946E+02    6.65292E+02    7.74601E+02
 3.80000E+01    7.15670E+02    6.61340E+02    7.70000E+02
 3.85361E+01    7.10966E+02    6.56993E+02    7.64939E+02
 3.90798E+01    7.06196E+02    6.52585E+02    7.59807E+02
 3.96311E+01    7.01358E+02    6.48115E+02    7.54602E+02
 4.00000E+01    6.98122E+02    6.45124E+02    7.51120E+02
 4.05643E+01    6.93493E+02    6.40847E+02    7.46139E+02
 4.11366E+01    6.88799E+02    6.36509E+02    7.41089E+02
 4.17170E+01    6.84038E+02    6.32110E+02    7.35967E+02
 4.20000E+01    6.81717E+02    6.29965E+02    7.33469E+02
 4.25925E+01    6.77165E+02    6.25758E+02    7.28572E+02
 4.31934E+01    6.72549E+02    6.21493E+02    7.23605E+02
 4.38028E+01    6.67868E+02    6.17167E+02    7.18569E+02
 4.40000E+01    6.66353E+02    6.15767E+02    7.16939E+02
 4.46208E+01    6.61879E+02    6.11633E+02    7.12126E+02
 4.52503E+01    6.57343E+02    6.07441E+02    7.07245E+02
 4.58887E+01    6.52742E+02    6.03189E+02    7.02295E+02
 4.60000E+01    6.51940E+02    6.02448E+02    7.01432E+02
 4.66490E+01    6.47546E+02    5.98388E+02    6.96704E+02
 4.73071E+01    6.43090E+02    5.94270E+02    6.91910E+02
 4.79745E+01    6.38571E+02    5.90094E+02    6.87048E+02
 4.80000E+01    6.38399E+02    5.89935E+02    6.86863E+02
 4.86772E+01    6.34085E+02    5.85949E+02    6.82222E+02
 4.93639E+01    6.29711E+02    5.81906E+02    6.77515E+02
 5.00000E+01    6.25659E+02    5.78162E+02    6.73156E+02
 5.07054E+01    6.21426E+02    5.74250E+02    6.68601E+02
 5.14208E+01    6.17133E+02    5.70284E+02    6.63982E+02
 5.20000E+01    6.13657E+02    5.67071E+02    6.60243E+02
 5.27336E+01    6.09504E+02    5.63234E+02    6.55775E+02
 5.34776E+01    6.05293E+02    5.59342E+02    6.51244E+02
 5.40000E+01    6.02336E+02    5.56610E+02    6.48062E+02
 5.47618E+01    5.98263E+02    5.52846E+02    6.43680E+02
 5.55344E+01    5.94132E+02    5.49029E+02    6.39236E+02
 5.60000E+01    5.91643E+02    5.46729E+02    6.36557E+02
 5.67901E+01    5.87648E+02    5.43037E+02    6.32260E+02
 5.75913E+01    5.83598E+02    5.39294E+02    6.27901E+02
 5.80000E+01    5.81531E+02    5.37384E+02    6.25678E+02
 5.88183E+01    5.77614E+02    5.33765E+02    6.21464E+02
 5.96481E+01    5.73642E+02    5.30095E+02    6.17190E+02
 6.00000E+01    5.71958E+02    5.28538E+02    6.15378E+02
 6.08465E+01    5.68262E+02    5.25123E+02    6.11402E+02
 6.17049E+01    5.64515E+02    5.21660E+02    6.07370E+02
 6.25755E+01    5.60714E+02    5.18148E+02    6.03281E+02
 6.34583E+01    5.56860E+02    5.14586E+02    5.99134E+02
 6.43536E+01    5.52951E+02    5.10974E+02    5.94928E+02
 6.50000E+01    5.50129E+02    5.08366E+02    5.91892E+02
 6.59170E+01    5.46603E+02    5.05108E+02    5.88099E+02
 6.68470E+01    5.43028E+02    5.01804E+02    5.84252E+02
 6.77901E+01    5.39402E+02    4.98453E+02    5.80350E+02
 6.87465E+01    5.35725E+02    4.95055E+02    5.76394E+02
 6.97164E+01    5.31996E+02    4.91609E+02    5.72382E+02
 7.00000E+01    5.30905E+02    4.90602E+02    5.71209E+02
 7.09876E+01    5.27540E+02    4.87492E+02    5.67588E+02
 7.19891E+01    5.24127E+02    4.84338E+02    5.63916E+02
 7.30047E+01    5.20666E+02    4.81139E+02    5.60192E+02
 7.40347E+01    5.17156E+02    4.77896E+02    5.56415E+02
 7.50000E+01    5.13866E+02    4.74856E+02    5.52876E+02
 7.60581E+01    5.10652E+02    4.71886E+02    5.49417E+02
 7.71312E+01    5.07392E+02    4.68873E+02    5.45910E+02
 7.82193E+01    5.04086E+02    4.65818E+02    5.42353E+02
 7.93229E+01    5.00733E+02    4.62720E+02    5.38746E+02
 8.00000E+01    4.98676E+02    4.60819E+02    5.36533E+02
 8.11287E+01    4.95754E+02    4.58119E+02    5.33390E+02
 8.22732E+01    4.92792E+02    4.55382E+02    5.30202E+02
 8.34340E+01    4.89787E+02    4.52605E+02    5.26969E+02
 8.46111E+01    4.86740E+02    4.49790E+02    5.23691E+02
 8.58048E+01    4.83650E+02    4.46934E+02    5.20367E+02
 8.70153E+01    4.80517E+02    4.44039E+02    5.16995E+02
 8.82430E+01    4.77339E+02    4.41102E+02    5.13576E+02
 8.94879E+01    4.74117E+02    4.38124E+02    5.10109E+02
 9.00000E+01    4.72791E+02    4.36899E+02    5.08683E+02
 9.12697E+01    4.70097E+02    4.34410E+02    5.05785E+02
 9.25574E+01    4.67366E+02    4.31886E+02    5.02845E+02
 9.38632E+01    4.64595E+02    4.29326E+02    4.99865E+02
 9.51874E+01    4.61786E+02    4.26729E+02    4.96842E+02
 9.65304E+01    4.58937E+02    4.24097E+02    4.93777E+02
 9.78922E+01    4.56048E+02    4.21427E+02    4.90668E+02
 9.92733E+01    4.53118E+02    4.18719E+02    4.87516E+02
 1.00000E+02    4.51576E+02    4.17295E+02    4.85857E+02
 1.01411E+02    4.49093E+02    4.15000E+02    4.83185E+02
 1.02842E+02    4.46574E+02    4.12673E+02    4.80476E+02
 1.04292E+02    4.44020E+02    4.10312E+02    4.77728E+02
 1.05764E+02    4.41430E+02    4.07919E+02    4.74941E+02
 1.07256E+02    4.38803E+02    4.05492E+02    4.72115E+02
 1.08769E+02    4.36140E+02    4.03030E+02    4.69249E+02
 1.10000E+02    4.33973E+02    4.01028E+02    4.66918E+02
 1.11552E+02    4.31665E+02    3.98895E+02    4.64435E+02
 1.13126E+02    4.29324E+02    3.96732E+02    4.61916E+02
 1.14722E+02    4.26950E+02    3.94539E+02    4.59362E+02
 1.16340E+02    4.24543E+02    3.92314E+02    4.56772E+02
 1.17982E+02    4.22102E+02    3.90058E+02    4.54146E+02
 1.19646E+02    4.19626E+02    3.87771E+02    4.51482E+02
 1.20000E+02    4.19100E+02    3.87284E+02    4.50916E+02
 1.21693E+02    4.16928E+02    3.85277E+02    4.48579E+02
 1.23410E+02    4.14726E+02    3.83242E+02    4.46210E+02
 1.25151E+02    4.12493E+02    3.81179E+02    4.43807E+02
 1.26917E+02    4.10228E+02    3.79086E+02    4.41370E+02
 1.28707E+02    4.07931E+02    3.76963E+02    4.38899E+02
 1.30000E+02    4.06273E+02    3.75431E+02    4.37115E+02
 1.31834E+02    4.04247E+02    3.73558E+02    4.34935E+02
 1.33694E+02    4.02191E+02    3.71659E+02    4.32724E+02
 1.35580E+02    4.00107E+02    3.69733E+02    4.30482E+02
 1.37493E+02    3.97994E+02    3.67780E+02    4.28208E+02
 1.39433E+02    3.95851E+02    3.65800E+02    4.25902E+02
 1.40000E+02    3.95224E+02    3.65221E+02    4.25227E+02
 1.41975E+02    3.93307E+02    3.63450E+02    4.23165E+02
 1.43978E+02    3.91364E+02    3.61654E+02    4.21074E+02
 1.46009E+02    3.89393E+02    3.59832E+02    4.18954E+02
 1.48069E+02    3.87394E+02    3.57985E+02    4.16803E+02
 1.50000E+02    3.85521E+02    3.56254E+02    4.14788E+02
 1.52116E+02    3.83698E+02    3.54570E+02    4.12826E+02
 1.54262E+02    3.81849E+02    3.52861E+02    4.10837E+02
 1.56439E+02    3.79974E+02    3.51128E+02    4.08820E+02
 1.58646E+02    3.78073E+02    3.49371E+02    4.06774E+02
 1.60000E+02    3.76906E+02    3.48293E+02    4.05519E+02
 1.62257E+02    3.75245E+02    3.46759E+02    4.03732E+02
 1.64546E+02    3.73561E+02    3.45202E+02    4.01920E+02
 1.66868E+02    3.71853E+02    3.43624E+02    4.00082E+02
 1.69222E+02    3.70121E+02    3.42023E+02    3.98218E+02
 1.71610E+02    3.68364E+02    3.40400E+02    3.96329E+02
 1.74031E+02    3.66583E+02    3.38754E+02    3.94412E+02
 1.76486E+02    3.64776E+02    3.37085E+02    3.92468E+02
 1.78976E+02    3.62945E+02    3.35392E+02    3.90497E+02
 1.80000E+02    3.62191E+02    3.34695E+02    3.89687E+02
 1.82539E+02    3.60629E+02    3.33252E+02    3.88006E+02
 1.85115E+02    3.59046E+02    3.31789E+02    3.86303E+02
 1.87726E+02    3.57440E+02    3.30305E+02    3.84575E+02
 1.90375E+02    3.55811E+02    3.28800E+02    3.82822E+02
 1.93061E+02    3.54159E+02    3.27273E+02    3.81045E+02
 1.95784E+02    3.52484E+02    3.25726E+02    3.79243E+02
 1.98547E+02    3.50786E+02    3.24156E+02    3.77416E+02
 2.00000E+02    3.49892E+02    3.23330E+02    3.76454E+02
