# n + Pr141 : (n,pa)g   
# tendl.2019 A.J. Koning and D. Rochman        EVAL-NOV19
# uncertainties: y
# # energies =   257
#   E(MeV)       xs(mb)       xslow(mb)      xsupp(mb)
 1.00000E-11    4.88870E-17    0.00000E+00    0.00000E+00
 1.03005E-11    4.81940E-17    0.00000E+00    0.00000E+00
 1.06099E-11    4.75130E-17    0.00000E+00    0.00000E+00
 1.09287E-11    4.68410E-17    0.00000E+00    0.00000E+00
 1.12571E-11    4.61800E-17    0.00000E+00    0.00000E+00
 1.15953E-11    4.55290E-17    0.00000E+00    0.00000E+00
 1.19437E-11    4.48880E-17    0.00000E+00    0.00000E+00
 1.23026E-11    4.42560E-17    0.00000E+00    0.00000E+00
 1.26722E-11    4.36350E-17    0.00000E+00    0.00000E+00
 1.30530E-11    4.30230E-17    0.00000E+00    0.00000E+00
 1.34452E-11    4.24200E-17    0.00000E+00    0.00000E+00
 1.38491E-11    4.18260E-17    0.00000E+00    0.00000E+00
 1.42652E-11    4.12420E-17    0.00000E+00    0.00000E+00
 1.46938E-11    4.06670E-17    0.00000E+00    0.00000E+00
 1.51353E-11    4.01010E-17    0.00000E+00    0.00000E+00
 1.55901E-11    3.95430E-17    0.00000E+00    0.00000E+00
 1.60585E-11    3.89940E-17    0.00000E+00    0.00000E+00
 1.65410E-11    3.84540E-17    0.00000E+00    0.00000E+00
 1.70380E-11    3.79220E-17    0.00000E+00    0.00000E+00
 1.75499E-11    3.73980E-17    0.00000E+00    0.00000E+00
 1.80772E-11    3.68830E-17    0.00000E+00    0.00000E+00
 1.86203E-11    3.63750E-17    0.00000E+00    0.00000E+00
 1.91798E-11    3.58760E-17    0.00000E+00    0.00000E+00
 1.97561E-11    3.53840E-17    0.00000E+00    0.00000E+00
 2.03497E-11    3.49000E-17    0.00000E+00    0.00000E+00
 2.09611E-11    3.44240E-17    0.00000E+00    0.00000E+00
 2.15909E-11    3.39550E-17    0.00000E+00    0.00000E+00
 2.22396E-11    3.34940E-17    0.00000E+00    0.00000E+00
 2.29078E-11    3.30400E-17    0.00000E+00    0.00000E+00
 2.35961E-11    3.25930E-17    0.00000E+00    0.00000E+00
 2.43051E-11    3.21530E-17    0.00000E+00    0.00000E+00
 2.50353E-11    3.17200E-17    0.00000E+00    0.00000E+00
 2.57875E-11    3.12950E-17    0.00000E+00    0.00000E+00
 2.65623E-11    3.08760E-17    0.00000E+00    0.00000E+00
 2.73604E-11    3.04630E-17    0.00000E+00    0.00000E+00
 2.81825E-11    3.00580E-17    0.00000E+00    0.00000E+00
 2.90293E-11    2.96590E-17    0.00000E+00    0.00000E+00
 3.00282E-11    2.92100E-17    0.00000E+00    0.00000E+00
 3.10615E-11    2.87710E-17    0.00000E+00    0.00000E+00
 3.21304E-11    2.83390E-17    0.00000E+00    0.00000E+00
 3.32360E-11    2.79150E-17    0.00000E+00    0.00000E+00
 3.43797E-11    2.74990E-17    0.00000E+00    0.00000E+00
 3.55627E-11    2.70920E-17    0.00000E+00    0.00000E+00
 3.67865E-11    2.66910E-17    0.00000E+00    0.00000E+00
 3.80524E-11    2.62990E-17    0.00000E+00    0.00000E+00
 3.93618E-11    2.59130E-17    0.00000E+00    0.00000E+00
 4.07163E-11    2.55360E-17    0.00000E+00    0.00000E+00
 4.21174E-11    2.51650E-17    0.00000E+00    0.00000E+00
 4.35667E-11    2.48010E-17    0.00000E+00    0.00000E+00
 4.50659E-11    2.44450E-17    0.00000E+00    0.00000E+00
 4.66166E-11    2.40950E-17    0.00000E+00    0.00000E+00
 4.82208E-11    2.37520E-17    0.00000E+00    0.00000E+00
 4.98801E-11    2.34160E-17    0.00000E+00    0.00000E+00
 5.15965E-11    2.30870E-17    0.00000E+00    0.00000E+00
 5.33720E-11    2.27640E-17    0.00000E+00    0.00000E+00
 5.52086E-11    2.24470E-17    0.00000E+00    0.00000E+00
 5.71084E-11    2.21370E-17    0.00000E+00    0.00000E+00
 5.90736E-11    2.18320E-17    0.00000E+00    0.00000E+00
 6.11064E-11    2.15340E-17    0.00000E+00    0.00000E+00
 6.32091E-11    2.12420E-17    0.00000E+00    0.00000E+00
 6.53842E-11    2.09560E-17    0.00000E+00    0.00000E+00
 6.76342E-11    2.06760E-17    0.00000E+00    0.00000E+00
 6.99616E-11    2.04010E-17    0.00000E+00    0.00000E+00
 7.23690E-11    2.01320E-17    0.00000E+00    0.00000E+00
 7.48593E-11    1.98690E-17    0.00000E+00    0.00000E+00
 7.74353E-11    1.96110E-17    0.00000E+00    0.00000E+00
 8.00999E-11    1.93590E-17    0.00000E+00    0.00000E+00
 8.28563E-11    1.91120E-17    0.00000E+00    0.00000E+00
 8.57075E-11    1.88700E-17    0.00000E+00    0.00000E+00
 8.86568E-11    1.86330E-17    0.00000E+00    0.00000E+00
 9.17076E-11    1.84020E-17    0.00000E+00    0.00000E+00
 9.48633E-11    1.81750E-17    0.00000E+00    0.00000E+00
 9.81277E-11    1.79540E-17    0.00000E+00    0.00000E+00
 1.01504E-10    1.77370E-17    0.00000E+00    0.00000E+00
 1.04997E-10    1.75250E-17    0.00000E+00    0.00000E+00
 1.08610E-10    1.73180E-17    0.00000E+00    0.00000E+00
 1.12348E-10    1.71150E-17    0.00000E+00    0.00000E+00
 1.16214E-10    1.69170E-17    0.00000E+00    0.00000E+00
 1.20213E-10    1.67240E-17    0.00000E+00    0.00000E+00
 1.24350E-10    1.65350E-17    0.00000E+00    0.00000E+00
 1.28628E-10    1.63500E-17    0.00000E+00    0.00000E+00
 1.33619E-10    1.61470E-17    0.00000E+00    0.00000E+00
 1.38802E-10    1.59500E-17    0.00000E+00    0.00000E+00
 1.44187E-10    1.57580E-17    0.00000E+00    0.00000E+00
 1.49781E-10    1.55710E-17    0.00000E+00    0.00000E+00
 1.55592E-10    1.53890E-17    0.00000E+00    0.00000E+00
 1.61628E-10    1.52120E-17    0.00000E+00    0.00000E+00
 1.67898E-10    1.50400E-17    0.00000E+00    0.00000E+00
 1.74412E-10    1.48730E-17    0.00000E+00    0.00000E+00
 1.81178E-10    1.47100E-17    0.00000E+00    0.00000E+00
 1.88207E-10    1.45520E-17    0.00000E+00    0.00000E+00
 1.95508E-10    1.43990E-17    0.00000E+00    0.00000E+00
 2.03093E-10    1.42500E-17    0.00000E+00    0.00000E+00
 2.10972E-10    1.41050E-17    0.00000E+00    0.00000E+00
 2.19157E-10    1.39650E-17    0.00000E+00    0.00000E+00
 2.27659E-10    1.38280E-17    0.00000E+00    0.00000E+00
 2.36491E-10    1.36960E-17    0.00000E+00    0.00000E+00
 2.46707E-10    1.35540E-17    0.00000E+00    0.00000E+00
 2.57364E-10    1.34160E-17    0.00000E+00    0.00000E+00
 2.68481E-10    1.32840E-17    0.00000E+00    0.00000E+00
 2.80079E-10    1.31560E-17    0.00000E+00    0.00000E+00
 2.92178E-10    1.30320E-17    0.00000E+00    0.00000E+00
 3.04799E-10    1.29120E-17    0.00000E+00    0.00000E+00
 3.17966E-10    1.27970E-17    0.00000E+00    0.00000E+00
 3.31701E-10    1.26860E-17    0.00000E+00    0.00000E+00
 3.46030E-10    1.25790E-17    0.00000E+00    0.00000E+00
 3.62507E-10    1.24660E-17    0.00000E+00    0.00000E+00
 3.79769E-10    1.23580E-17    0.00000E+00    0.00000E+00
 3.97853E-10    1.22540E-17    0.00000E+00    0.00000E+00
 4.16798E-10    1.21540E-17    0.00000E+00    0.00000E+00
 4.36646E-10    1.20580E-17    0.00000E+00    0.00000E+00
 4.57438E-10    1.19660E-17    0.00000E+00    0.00000E+00
 4.81252E-10    1.18710E-17    0.00000E+00    0.00000E+00
 5.06305E-10    1.17790E-17    0.00000E+00    0.00000E+00
 5.32662E-10    1.16930E-17    0.00000E+00    0.00000E+00
 5.60392E-10    1.16100E-17    0.00000E+00    0.00000E+00
 5.92063E-10    1.15240E-17    0.00000E+00    0.00000E+00
 6.25525E-10    1.14430E-17    0.00000E+00    0.00000E+00
 6.60878E-10    1.13670E-17    0.00000E+00    0.00000E+00
 6.98228E-10    1.12940E-17    0.00000E+00    0.00000E+00
 7.40816E-10    1.12200E-17    0.00000E+00    0.00000E+00
 7.86002E-10    1.11500E-17    0.00000E+00    0.00000E+00
 8.37478E-10    1.10790E-17    0.00000E+00    0.00000E+00
 8.92325E-10    1.10130E-17    0.00000E+00    0.00000E+00
 9.50765E-10    1.09510E-17    0.00000E+00    0.00000E+00
 1.01732E-09    1.08890E-17    0.00000E+00    0.00000E+00
 1.08854E-09    1.08310E-17    0.00000E+00    0.00000E+00
 1.16969E-09    1.07730E-17    0.00000E+00    0.00000E+00
 1.25687E-09    1.07190E-17    0.00000E+00    0.00000E+00
 1.35629E-09    1.06670E-17    0.00000E+00    0.00000E+00
 1.46977E-09    1.06150E-17    0.00000E+00    0.00000E+00
 1.59949E-09    1.05650E-17    0.00000E+00    0.00000E+00
 1.74066E-09    1.05190E-17    0.00000E+00    0.00000E+00
 1.90232E-09    1.04750E-17    0.00000E+00    0.00000E+00
 2.08781E-09    1.04330E-17    0.00000E+00    0.00000E+00
 2.30109E-09    1.03930E-17    0.00000E+00    0.00000E+00
 2.54690E-09    1.03550E-17    0.00000E+00    0.00000E+00
 2.84293E-09    1.03180E-17    0.00000E+00    0.00000E+00
 3.18680E-09    1.02840E-17    0.00000E+00    0.00000E+00
 3.60262E-09    1.02510E-17    0.00000E+00    0.00000E+00
 4.10728E-09    1.02200E-17    0.00000E+00    0.00000E+00
 4.72241E-09    1.01910E-17    0.00000E+00    0.00000E+00
 5.47579E-09    1.01650E-17    0.00000E+00    0.00000E+00
 6.43042E-09    1.01410E-17    0.00000E+00    0.00000E+00
 7.64789E-09    1.01180E-17    0.00000E+00    0.00000E+00
 9.25105E-09    1.00980E-17    0.00000E+00    0.00000E+00
 1.14294E-08    1.00790E-17    0.00000E+00    0.00000E+00
 1.44836E-08    1.00620E-17    0.00000E+00    0.00000E+00
 1.89855E-08    1.00480E-17    0.00000E+00    0.00000E+00
 2.52045E-08    1.00360E-17    0.00000E+00    0.00000E+00
 2.53000E-08    1.00360E-17    0.00000E+00    0.00000E+00
 3.63976E-08    1.00250E-17    0.00000E+00    0.00000E+00
 5.69846E-08    1.00160E-17    0.00000E+00    0.00000E+00
 1.01284E-07    1.00090E-17    0.00000E+00    0.00000E+00
 2.28128E-07    1.00040E-17    0.00000E+00    0.00000E+00
 9.21030E-07    1.00010E-17    0.00000E+00    0.00000E+00
 7.15372E+00    1.00000E-17    0.00000E+00    0.00000E+00
 7.20000E+00    1.00030E-17    0.00000E+00    0.00000E+00
 7.40000E+00    3.76350E-17    0.00000E+00    0.00000E+00
 7.60000E+00    1.23322E-16    0.00000E+00    0.00000E+00
 7.80000E+00    3.50954E-16    0.00000E+00    0.00000E+00
 8.00000E+00    9.90881E-16    0.00000E+00    0.00000E+00
 8.50000E+00    9.23015E-15    0.00000E+00    0.00000E+00
 9.00000E+00    6.78809E-14    0.00000E+00    0.00000E+00
 9.50000E+00    4.33571E-13    0.00000E+00    0.00000E+00
 1.00000E+01    2.43877E-12    0.00000E+00    0.00000E+00
 1.01411E+01    4.72500E-12    0.00000E+00    0.00000E+00
 1.02842E+01    7.00258E-12    0.00000E+00    0.00000E+00
 1.04292E+01    9.27027E-12    0.00000E+00    0.00000E+00
 1.05000E+01    1.03602E-11    0.00000E+00    0.00000E+00
 1.06481E+01    1.80142E-11    0.00000E+00    0.00000E+00
 1.07984E+01    2.56424E-11    0.00000E+00    0.00000E+00
 1.09507E+01    3.32415E-11    0.00000E+00    0.00000E+00
 1.10000E+01    3.56706E-11    0.00000E+00    0.00000E+00
 1.11552E+01    5.59244E-11    0.00000E+00    0.00000E+00
 1.13126E+01    7.62141E-11    0.00000E+00    0.00000E+00
 1.14722E+01    9.65306E-11    0.00000E+00    0.00000E+00
 1.15000E+01    1.00049E-10    0.00000E+00    0.00000E+00
 1.16622E+01    1.43261E-10    0.00000E+00    0.00000E+00
 1.18268E+01    1.86632E-10    0.00000E+00    0.00000E+00
 1.19936E+01    2.30149E-10    0.00000E+00    0.00000E+00
 1.20000E+01    2.31804E-10    0.00000E+00    0.00000E+00
 1.21693E+01    3.16936E-10    0.00000E+00    0.00000E+00
 1.23410E+01    4.02597E-10    0.00000E+00    0.00000E+00
 1.25000E+01    4.81332E-10    0.00000E+00    0.00000E+00
 1.26764E+01    6.57526E-10    0.00000E+00    0.00000E+00
 1.28552E+01    8.35575E-10    0.00000E+00    0.00000E+00
 1.30000E+01    9.79220E-10    0.00000E+00    0.00000E+00
 1.31834E+01    1.38742E-09    0.00000E+00    0.00000E+00
 1.33694E+01    1.79874E-09    0.00000E+00    0.00000E+00
 1.35000E+01    2.08592E-09    0.00000E+00    0.00000E+00
 1.36905E+01    3.01851E-09    0.00000E+00    0.00000E+00
 1.38836E+01    3.94614E-09    0.00000E+00    0.00000E+00
 1.40000E+01    4.49635E-09    0.00000E+00    0.00000E+00
 1.41975E+01    6.73774E-09    0.00000E+00    0.00000E+00
 1.43978E+01    8.97290E-09    0.00000E+00    0.00000E+00
 1.45000E+01    1.00988E-08    0.00000E+00    0.00000E+00
 1.47046E+01    1.51308E-08    0.00000E+00    0.00000E+00
 1.49120E+01    2.01849E-08    0.00000E+00    0.00000E+00
 1.50000E+01    2.23140E-08    0.00000E+00    0.00000E+00
 1.52116E+01    3.97766E-08    0.00000E+00    0.00000E+00
 1.54262E+01    5.71754E-08    0.00000E+00    0.00000E+00
 1.56439E+01    7.44980E-08    0.00000E+00    0.00000E+00
 1.58646E+01    9.17400E-08    0.00000E+00    0.00000E+00
 1.60000E+01    1.02157E-07    0.00000E+00    0.00000E+00
 1.62257E+01    1.73508E-07    0.00000E+00    0.00000E+00
 1.64546E+01    2.44589E-07    0.00000E+00    0.00000E+00
 1.66868E+01    3.15353E-07    0.00000E+00    0.00000E+00
 1.69222E+01    3.85770E-07    0.00000E+00    0.00000E+00
 1.70000E+01    4.08738E-07    0.00000E+00    0.00000E+00
 1.72398E+01    6.54436E-07    0.00000E+00    0.00000E+00
 1.74831E+01    8.98927E-07    0.00000E+00    0.00000E+00
 1.77297E+01    1.14206E-06    0.00000E+00    0.00000E+00
 1.79799E+01    1.38367E-06    0.00000E+00    0.00000E+00
 1.80000E+01    1.40292E-06    0.00000E+00    0.00000E+00
 1.82539E+01    2.12951E-06    0.00000E+00    0.00000E+00
 1.85115E+01    2.85040E-06    0.00000E+00    0.00000E+00
 1.87726E+01    3.56505E-06    0.00000E+00    0.00000E+00
 1.90000E+01    4.17376E-06    0.00000E+00    0.00000E+00
 1.92681E+01    5.81853E-06    0.00000E+00    0.00000E+00
 1.95399E+01    7.43901E-06    0.00000E+00    0.00000E+00
 1.98156E+01    9.03347E-06    0.00000E+00    0.00000E+00
 2.00000E+01    1.00727E-05    0.00000E+00    0.00000E+00
 2.02822E+01    1.34257E-05    0.00000E+00    0.00000E+00
 2.05683E+01    1.67084E-05    0.00000E+00    0.00000E+00
 2.08585E+01    1.99166E-05    0.00000E+00    0.00000E+00
 2.10000E+01    2.14369E-05    0.00000E+00    0.00000E+00
 2.12963E+01    2.69584E-05    0.00000E+00    0.00000E+00
 2.15967E+01    3.23041E-05    0.00000E+00    0.00000E+00
 2.19014E+01    3.74644E-05    0.00000E+00    0.00000E+00
 2.20000E+01    3.90778E-05    0.00000E+00    0.00000E+00
 2.23104E+01    4.78405E-05    0.00000E+00    0.00000E+00
 2.26251E+01    5.62258E-05    0.00000E+00    0.00000E+00
 2.29443E+01    6.42135E-05    0.00000E+00    0.00000E+00
 2.30000E+01    6.55531E-05    0.00000E+00    0.00000E+00
 2.33245E+01    7.91694E-05    0.00000E+00    0.00000E+00
 2.36536E+01    9.21044E-05    0.00000E+00    0.00000E+00
 2.39873E+01    1.04323E-04    0.00000E+00    0.00000E+00
 2.40000E+01    1.04771E-04    0.00000E+00    0.00000E+00
 2.43386E+01    1.24907E-04    0.00000E+00    0.00000E+00
 2.46820E+01    1.43982E-04    0.00000E+00    0.00000E+00
 2.50000E+01    1.60442E-04    0.00000E+00    0.00000E+00
 2.53527E+01    1.89457E-04    0.00000E+00    0.00000E+00
 2.57104E+01    2.16988E-04    0.00000E+00    0.00000E+00
 2.60000E+01    2.37883E-04    0.00000E+00    0.00000E+00
 2.63668E+01    2.77216E-04    0.00000E+00    0.00000E+00
 2.67388E+01    3.14569E-04    0.00000E+00    0.00000E+00
 2.70000E+01    3.39272E-04    0.00000E+00    0.00000E+00
 2.73809E+01    3.87448E-04    0.00000E+00    0.00000E+00
 2.77672E+01    4.33318E-04    0.00000E+00    0.00000E+00
 2.80000E+01    4.59510E-04    0.00000E+00    0.00000E+00
 2.83950E+01    5.14730E-04    0.00000E+00    0.00000E+00
 2.87956E+01    5.67512E-04    0.00000E+00    0.00000E+00
 2.90000E+01    5.93191E-04    0.00000E+00    0.00000E+00
 2.94091E+01    6.54958E-04    0.00000E+00    0.00000E+00
 2.98240E+01    7.15362E-04    0.00000E+00    0.00000E+00
 3.00000E+01    7.40295E-04    0.00000E+00    0.00000E+00
