# n + Pr141 : (n,non)   
# tendl.2019 A.J. Koning and D. Rochman        EVAL-NOV19
# uncertainties: y
# # energies =  1043
#   E(MeV)       xs(mb)       xslow(mb)      xsupp(mb)
 1.00000E-11    1.16945E-03    1.16945E-03    1.16945E-03
 1.03223E-11    1.15105E-03    1.15105E-03    1.15105E-03
 1.06549E-11    1.13294E-03    1.13294E-03    1.13294E-03
 1.09984E-11    1.11511E-03    1.11511E-03    1.11511E-03
 1.13527E-11    1.09757E-03    1.09757E-03    1.09757E-03
 1.17186E-11    1.08030E-03    1.08030E-03    1.08030E-03
 1.20962E-11    1.06331E-03    1.06331E-03    1.06331E-03
 1.24861E-11    1.04657E-03    1.04657E-03    1.04657E-03
 1.28884E-11    1.03011E-03    1.03011E-03    1.03011E-03
 1.33038E-11    1.01390E-03    1.01390E-03    1.01390E-03
 1.37325E-11    9.97949E-04    9.97949E-04    9.97949E-04
 1.41751E-11    9.82244E-04    9.82244E-04    9.82244E-04
 1.46318E-11    9.66793E-04    9.66793E-04    9.66793E-04
 1.51034E-11    9.51579E-04    9.51579E-04    9.51579E-04
 1.55901E-11    9.36609E-04    9.36609E-04    9.36609E-04
 1.60926E-11    9.21870E-04    9.21870E-04    9.21870E-04
 1.66111E-11    9.07368E-04    9.07368E-04    9.07368E-04
 1.71465E-11    8.93089E-04    8.93089E-04    8.93089E-04
 1.76990E-11    8.79040E-04    8.79040E-04    8.79040E-04
 1.82694E-11    8.65207E-04    8.65207E-04    8.65207E-04
 1.88581E-11    8.51596E-04    8.51596E-04    8.51596E-04
 1.94659E-11    8.38195E-04    8.38195E-04    8.38195E-04
 2.00931E-11    8.25009E-04    8.25009E-04    8.25009E-04
 2.07407E-11    8.12027E-04    8.12027E-04    8.12027E-04
 2.14090E-11    7.99252E-04    7.99252E-04    7.99252E-04
 2.20991E-11    7.86675E-04    7.86675E-04    7.86675E-04
 2.28111E-11    7.74300E-04    7.74300E-04    7.74300E-04
 2.35464E-11    7.62115E-04    7.62115E-04    7.62115E-04
 2.43051E-11    7.50126E-04    7.50126E-04    7.50126E-04
 2.50884E-11    7.38322E-04    7.38322E-04    7.38322E-04
 2.58968E-11    7.26707E-04    7.26707E-04    7.26707E-04
 2.67315E-11    7.15272E-04    7.15272E-04    7.15272E-04
 2.75928E-11    7.04019E-04    7.04019E-04    7.04019E-04
 2.84822E-11    6.92941E-04    6.92941E-04    6.92941E-04
 2.93999E-11    6.82040E-04    6.82040E-04    6.82040E-04
 3.03475E-11    6.71307E-04    6.71307E-04    6.71307E-04
 3.13253E-11    6.60746E-04    6.60746E-04    6.60746E-04
 3.23350E-11    6.50349E-04    6.50349E-04    6.50349E-04
 3.33769E-11    6.40118E-04    6.40118E-04    6.40118E-04
 3.44526E-11    6.30045E-04    6.30045E-04    6.30045E-04
 3.55627E-11    6.20133E-04    6.20133E-04    6.20133E-04
 3.67089E-11    6.10375E-04    6.10375E-04    6.10375E-04
 3.78918E-11    6.00773E-04    6.00773E-04    6.00773E-04
 3.91130E-11    5.91319E-04    5.91319E-04    5.91319E-04
 4.03734E-11    5.82016E-04    5.82016E-04    5.82016E-04
 4.16746E-11    5.72858E-04    5.72858E-04    5.72858E-04
 4.30174E-11    5.63846E-04    5.63846E-04    5.63846E-04
 4.44039E-11    5.54973E-04    5.54973E-04    5.54973E-04
 4.58347E-11    5.46242E-04    5.46242E-04    5.46242E-04
 4.73119E-11    5.37647E-04    5.37647E-04    5.37647E-04
 4.88364E-11    5.29189E-04    5.29189E-04    5.29189E-04
 5.04104E-11    5.20862E-04    5.20862E-04    5.20862E-04
 5.20348E-11    5.12667E-04    5.12667E-04    5.12667E-04
 5.37119E-11    5.04600E-04    5.04600E-04    5.04600E-04
 5.54426E-11    4.96662E-04    4.96662E-04    4.96662E-04
 5.72295E-11    4.88847E-04    4.88847E-04    4.88847E-04
 5.90736E-11    4.81156E-04    4.81156E-04    4.81156E-04
 6.09775E-11    4.73585E-04    4.73585E-04    4.73585E-04
 6.29424E-11    4.66134E-04    4.66134E-04    4.66134E-04
 6.49710E-11    4.58800E-04    4.58800E-04    4.58800E-04
 6.70645E-11    4.51582E-04    4.51582E-04    4.51582E-04
 6.92260E-11    4.44476E-04    4.44476E-04    4.44476E-04
 7.14566E-11    4.37483E-04    4.37483E-04    4.37483E-04
 7.37596E-11    4.30599E-04    4.30599E-04    4.30599E-04
 7.61364E-11    4.23825E-04    4.23825E-04    4.23825E-04
 7.85902E-11    4.17156E-04    4.17156E-04    4.17156E-04
 8.11227E-11    4.10593E-04    4.10593E-04    4.10593E-04
 8.37372E-11    4.04132E-04    4.04132E-04    4.04132E-04
 8.64355E-11    3.97774E-04    3.97774E-04    3.97774E-04
 8.92212E-11    3.91515E-04    3.91515E-04    3.91515E-04
 9.20962E-11    3.85356E-04    3.85356E-04    3.85356E-04
 9.50644E-11    3.79292E-04    3.79292E-04    3.79292E-04
 9.81277E-11    3.73325E-04    3.73325E-04    3.73325E-04
 1.01291E-10    3.67450E-04    3.67450E-04    3.67450E-04
 1.04554E-10    3.61670E-04    3.61670E-04    3.61670E-04
 1.07924E-10    3.55978E-04    3.55978E-04    3.55978E-04
 1.11402E-10    3.50378E-04    3.50378E-04    3.50378E-04
 1.14992E-10    3.44864E-04    3.44864E-04    3.44864E-04
 1.18697E-10    3.39439E-04    3.39439E-04    3.39439E-04
 1.22523E-10    3.34098E-04    3.34098E-04    3.34098E-04
 1.26471E-10    3.28842E-04    3.28842E-04    3.28842E-04
 1.30547E-10    3.23667E-04    3.23667E-04    3.23667E-04
 1.34754E-10    3.18576E-04    3.18576E-04    3.18576E-04
 1.39097E-10    3.13562E-04    3.13562E-04    3.13562E-04
 1.43579E-10    3.08630E-04    3.08630E-04    3.08630E-04
 1.48207E-10    3.03773E-04    3.03773E-04    3.03773E-04
 1.52982E-10    2.98994E-04    2.98994E-04    2.98994E-04
 1.57913E-10    2.94289E-04    2.94289E-04    2.94289E-04
 1.63001E-10    2.89660E-04    2.89660E-04    2.89660E-04
 1.68254E-10    2.85101E-04    2.85101E-04    2.85101E-04
 1.73676E-10    2.80616E-04    2.80616E-04    2.80616E-04
 1.79274E-10    2.76201E-04    2.76201E-04    2.76201E-04
 1.85050E-10    2.71856E-04    2.71856E-04    2.71856E-04
 1.91014E-10    2.67578E-04    2.67578E-04    2.67578E-04
 1.97169E-10    2.63368E-04    2.63368E-04    2.63368E-04
 2.03524E-10    2.59224E-04    2.59224E-04    2.59224E-04
 2.10082E-10    2.55146E-04    2.55146E-04    2.55146E-04
 2.16853E-10    2.51131E-04    2.51131E-04    2.51131E-04
 2.23840E-10    2.47180E-04    2.47180E-04    2.47180E-04
 2.31055E-10    2.43290E-04    2.43290E-04    2.43290E-04
 2.38500E-10    2.39463E-04    2.39463E-04    2.39463E-04
 2.46187E-10    2.35695E-04    2.35695E-04    2.35695E-04
 2.54120E-10    2.31987E-04    2.31987E-04    2.31987E-04
 2.62310E-10    2.28337E-04    2.28337E-04    2.28337E-04
 2.70762E-10    2.24744E-04    2.24744E-04    2.24744E-04
 2.79489E-10    2.21208E-04    2.21208E-04    2.21208E-04
 2.88494E-10    2.17728E-04    2.17728E-04    2.17728E-04
 2.97793E-10    2.14302E-04    2.14302E-04    2.14302E-04
 3.07388E-10    2.10930E-04    2.10930E-04    2.10930E-04
 3.17295E-10    2.07611E-04    2.07611E-04    2.07611E-04
 3.27519E-10    2.04345E-04    2.04345E-04    2.04345E-04
 3.38075E-10    2.01130E-04    2.01130E-04    2.01130E-04
 3.48969E-10    1.97965E-04    1.97965E-04    1.97965E-04
 3.60216E-10    1.94850E-04    1.94850E-04    1.94850E-04
 3.71823E-10    1.91785E-04    1.91785E-04    1.91785E-04
 3.83807E-10    1.88767E-04    1.88767E-04    1.88767E-04
 3.96174E-10    1.85797E-04    1.85797E-04    1.85797E-04
 4.08943E-10    1.82874E-04    1.82874E-04    1.82874E-04
 4.22120E-10    1.79997E-04    1.79997E-04    1.79997E-04
 4.35725E-10    1.77164E-04    1.77164E-04    1.77164E-04
 4.49765E-10    1.74377E-04    1.74377E-04    1.74377E-04
 4.64261E-10    1.71633E-04    1.71633E-04    1.71633E-04
 4.79221E-10    1.68933E-04    1.68933E-04    1.68933E-04
 4.94666E-10    1.66275E-04    1.66275E-04    1.66275E-04
 5.10605E-10    1.63659E-04    1.63659E-04    1.63659E-04
 5.27062E-10    1.61084E-04    1.61084E-04    1.61084E-04
 5.44045E-10    1.58550E-04    1.58550E-04    1.58550E-04
 5.61580E-10    1.56055E-04    1.56055E-04    1.56055E-04
 5.79675E-10    1.53600E-04    1.53600E-04    1.53600E-04
 5.98358E-10    1.51183E-04    1.51183E-04    1.51183E-04
 6.17639E-10    1.48804E-04    1.48804E-04    1.48804E-04
 6.37545E-10    1.46463E-04    1.46463E-04    1.46463E-04
 6.58089E-10    1.44159E-04    1.44159E-04    1.44159E-04
 6.79298E-10    1.41890E-04    1.41890E-04    1.41890E-04
 7.01188E-10    1.39658E-04    1.39658E-04    1.39658E-04
 7.23786E-10    1.37460E-04    1.37460E-04    1.37460E-04
 7.47109E-10    1.35298E-04    1.35298E-04    1.35298E-04
 7.71188E-10    1.33169E-04    1.33169E-04    1.33169E-04
 7.96038E-10    1.31074E-04    1.31074E-04    1.31074E-04
 8.21693E-10    1.29011E-04    1.29011E-04    1.29011E-04
 8.48171E-10    1.26982E-04    1.26982E-04    1.26982E-04
 8.75507E-10    1.24984E-04    1.24984E-04    1.24984E-04
 9.03719E-10    1.23017E-04    1.23017E-04    1.23017E-04
 9.32845E-10    1.21082E-04    1.21082E-04    1.21082E-04
 9.62904E-10    1.19177E-04    1.19177E-04    1.19177E-04
 9.93937E-10    1.17301E-04    1.17301E-04    1.17301E-04
 1.02597E-09    1.15456E-04    1.15456E-04    1.15456E-04
 1.05903E-09    1.13639E-04    1.13639E-04    1.13639E-04
 1.09316E-09    1.11851E-04    1.11851E-04    1.11851E-04
 1.12839E-09    1.10091E-04    1.10091E-04    1.10091E-04
 1.16475E-09    1.08359E-04    1.08359E-04    1.08359E-04
 1.20229E-09    1.06654E-04    1.06654E-04    1.06654E-04
 1.24103E-09    1.04976E-04    1.04976E-04    1.04976E-04
 1.28103E-09    1.03325E-04    1.03325E-04    1.03325E-04
 1.32231E-09    1.01699E-04    1.01699E-04    1.01699E-04
 1.36492E-09    1.00099E-04    1.00099E-04    1.00099E-04
 1.40890E-09    9.85240E-05    9.85240E-05    9.85240E-05
 1.45431E-09    9.69737E-05    9.69737E-05    9.69737E-05
 1.50117E-09    9.54481E-05    9.54481E-05    9.54481E-05
 1.54956E-09    9.39462E-05    9.39462E-05    9.39462E-05
 1.59949E-09    9.24682E-05    9.24682E-05    9.24682E-05
 1.65104E-09    9.10132E-05    9.10132E-05    9.10132E-05
 1.70424E-09    8.95813E-05    8.95813E-05    8.95813E-05
 1.75917E-09    8.81718E-05    8.81718E-05    8.81718E-05
 1.81585E-09    8.67846E-05    8.67846E-05    8.67846E-05
 1.87438E-09    8.54190E-05    8.54190E-05    8.54190E-05
 1.93477E-09    8.40752E-05    8.40752E-05    8.40752E-05
 1.99713E-09    8.27522E-05    8.27522E-05    8.27522E-05
 2.06148E-09    8.14503E-05    8.14503E-05    8.14503E-05
 2.12792E-09    8.01687E-05    8.01687E-05    8.01687E-05
 2.19649E-09    7.89074E-05    7.89074E-05    7.89074E-05
 2.26728E-09    7.76658E-05    7.76658E-05    7.76658E-05
 2.34034E-09    7.64440E-05    7.64440E-05    7.64440E-05
 2.41577E-09    7.52411E-05    7.52411E-05    7.52411E-05
 2.49362E-09    7.40574E-05    7.40574E-05    7.40574E-05
 2.57398E-09    7.28921E-05    7.28921E-05    7.28921E-05
 2.65692E-09    7.17453E-05    7.17453E-05    7.17453E-05
 2.74255E-09    7.06164E-05    7.06164E-05    7.06164E-05
 2.83093E-09    6.95054E-05    6.95054E-05    6.95054E-05
 2.92217E-09    6.84118E-05    6.84118E-05    6.84118E-05
 3.01633E-09    6.73355E-05    6.73355E-05    6.73355E-05
 3.11354E-09    6.62760E-05    6.62760E-05    6.62760E-05
 3.21387E-09    6.52334E-05    6.52334E-05    6.52334E-05
 3.31745E-09    6.42070E-05    6.42070E-05    6.42070E-05
 3.42435E-09    6.31969E-05    6.31969E-05    6.31969E-05
 3.53471E-09    6.22027E-05    6.22027E-05    6.22027E-05
 3.64861E-09    6.12242E-05    6.12242E-05    6.12242E-05
 3.76620E-09    6.02610E-05    6.02610E-05    6.02610E-05
 3.88757E-09    5.93132E-05    5.93132E-05    5.93132E-05
 4.01286E-09    5.83803E-05    5.83803E-05    5.83803E-05
 4.14217E-09    5.74622E-05    5.74622E-05    5.74622E-05
 4.27566E-09    5.65586E-05    5.65586E-05    5.65586E-05
 4.41344E-09    5.56695E-05    5.56695E-05    5.56695E-05
 4.55568E-09    5.47945E-05    5.47945E-05    5.47945E-05
 4.70248E-09    5.39335E-05    5.39335E-05    5.39335E-05
 4.85404E-09    5.30863E-05    5.30863E-05    5.30863E-05
 5.01045E-09    5.22528E-05    5.22528E-05    5.22528E-05
 5.17193E-09    5.14326E-05    5.14326E-05    5.14326E-05
 5.33859E-09    5.06259E-05    5.06259E-05    5.06259E-05
 5.51065E-09    4.98323E-05    4.98323E-05    4.98323E-05
 5.68822E-09    4.90517E-05    4.90517E-05    4.90517E-05
 5.87154E-09    4.82838E-05    4.82838E-05    4.82838E-05
 6.06075E-09    4.75287E-05    4.75287E-05    4.75287E-05
 6.25608E-09    4.67859E-05    4.67859E-05    4.67859E-05
 6.45767E-09    4.60554E-05    4.60554E-05    4.60554E-05
 6.66579E-09    4.53368E-05    4.53368E-05    4.53368E-05
 6.88059E-09    4.46300E-05    4.46300E-05    4.46300E-05
 7.10234E-09    4.39345E-05    4.39345E-05    4.39345E-05
 7.33121E-09    4.32503E-05    4.32503E-05    4.32503E-05
 7.56748E-09    4.25768E-05    4.25768E-05    4.25768E-05
 7.81133E-09    4.19139E-05    4.19139E-05    4.19139E-05
 8.06308E-09    4.12611E-05    4.12611E-05    4.12611E-05
 8.32291E-09    4.06183E-05    4.06183E-05    4.06183E-05
 8.59114E-09    3.99850E-05    3.99850E-05    3.99850E-05
 8.86798E-09    3.93612E-05    3.93612E-05    3.93612E-05
 9.15378E-09    3.87464E-05    3.87464E-05    3.87464E-05
 9.44875E-09    3.81407E-05    3.81407E-05    3.81407E-05
 9.75327E-09    3.75438E-05    3.75438E-05    3.75438E-05
 1.00676E-08    3.69557E-05    3.69557E-05    3.69557E-05
 1.03920E-08    3.63762E-05    3.63762E-05    3.63762E-05
 1.07269E-08    3.58054E-05    3.58054E-05    3.58054E-05
 1.10726E-08    3.52431E-05    3.52431E-05    3.52431E-05
 1.14294E-08    3.46894E-05    3.46894E-05    3.46894E-05
 1.17978E-08    3.41441E-05    3.41441E-05    3.41441E-05
 1.21779E-08    3.36073E-05    3.36073E-05    3.36073E-05
 1.25704E-08    3.30787E-05    3.30787E-05    3.30787E-05
 1.29755E-08    3.25584E-05    3.25584E-05    3.25584E-05
 1.33937E-08    3.20462E-05    3.20462E-05    3.20462E-05
 1.38253E-08    3.15420E-05    3.15420E-05    3.15420E-05
 1.42708E-08    3.10457E-05    3.10457E-05    3.10457E-05
 1.47307E-08    3.05573E-05    3.05573E-05    3.05573E-05
 1.52054E-08    3.00764E-05    3.00764E-05    3.00764E-05
 1.56954E-08    2.96031E-05    2.96031E-05    2.96031E-05
 1.62012E-08    2.91371E-05    2.91371E-05    2.91371E-05
 1.67233E-08    2.86784E-05    2.86784E-05    2.86784E-05
 1.72623E-08    2.82267E-05    2.82267E-05    2.82267E-05
 1.78185E-08    2.77818E-05    2.77818E-05    2.77818E-05
 1.83928E-08    2.73437E-05    2.73437E-05    2.73437E-05
 1.89855E-08    2.69121E-05    2.69121E-05    2.69121E-05
 1.95974E-08    2.64868E-05    2.64868E-05    2.64868E-05
 2.02289E-08    2.60682E-05    2.60682E-05    2.60682E-05
 2.08808E-08    2.56562E-05    2.56562E-05    2.56562E-05
 2.15537E-08    2.52514E-05    2.52514E-05    2.52514E-05
 2.22013E-08    2.48806E-05    2.48806E-05    2.48806E-05
 2.28683E-08    2.45170E-05    2.45170E-05    2.45170E-05
 2.35554E-08    2.41611E-05    2.41611E-05    2.41611E-05
 2.42632E-08    2.38129E-05    2.38129E-05    2.38129E-05
 2.49922E-08    2.34721E-05    2.34721E-05    2.34721E-05
 2.52522E-08    2.33546E-05    2.33546E-05    2.33546E-05
 2.53000E-08    2.33333E-05    2.33333E-05    2.33333E-05
 2.61154E-08    2.29782E-05    2.29782E-05    2.29782E-05
 2.70140E-08    2.26057E-05    2.26057E-05    2.26057E-05
 2.80027E-08    2.22145E-05    2.22145E-05    2.22145E-05
 2.90891E-08    2.18026E-05    2.18026E-05    2.18026E-05
 3.02176E-08    2.13919E-05    2.13919E-05    2.13919E-05
 3.13236E-08    2.10054E-05    2.10054E-05    2.10054E-05
 3.24015E-08    2.06446E-05    2.06446E-05    2.06446E-05
 3.34456E-08    2.03107E-05    2.03107E-05    2.03107E-05
 3.44505E-08    2.00042E-05    2.00042E-05    2.00042E-05
 3.54856E-08    1.97036E-05    1.97036E-05    1.97036E-05
 3.65518E-08    1.94090E-05    1.94090E-05    1.94090E-05
 3.76501E-08    1.91201E-05    1.91201E-05    1.91201E-05
 3.87813E-08    1.88363E-05    1.88363E-05    1.88363E-05
 3.99465E-08    1.85575E-05    1.85575E-05    1.85575E-05
 4.11467E-08    1.82835E-05    1.82835E-05    1.82835E-05
 4.23830E-08    1.80143E-05    1.80143E-05    1.80143E-05
 4.37490E-08    1.77312E-05    1.77312E-05    1.77312E-05
 4.51587E-08    1.74531E-05    1.74531E-05    1.74531E-05
 4.66141E-08    1.71790E-05    1.71790E-05    1.71790E-05
 4.82182E-08    1.68904E-05    1.68904E-05    1.68904E-05
 4.97719E-08    1.66236E-05    1.66236E-05    1.66236E-05
 5.13760E-08    1.63610E-05    1.63610E-05    1.63610E-05
 5.29197E-08    1.61206E-05    1.61206E-05    1.61206E-05
 5.45097E-08    1.58847E-05    1.58847E-05    1.58847E-05
 5.62662E-08    1.56363E-05    1.56363E-05    1.56363E-05
 5.82024E-08    1.53748E-05    1.53748E-05    1.53748E-05
 6.02052E-08    1.51161E-05    1.51161E-05    1.51161E-05
 6.21455E-08    1.48764E-05    1.48764E-05    1.48764E-05
 6.40127E-08    1.46564E-05    1.46564E-05    1.46564E-05
 6.59360E-08    1.44412E-05    1.44412E-05    1.44412E-05
 6.79172E-08    1.42306E-05    1.42306E-05    1.42306E-05
 7.01057E-08    1.40090E-05    1.40090E-05    1.40090E-05
 7.26718E-08    1.37605E-05    1.37605E-05    1.37605E-05
 7.53315E-08    1.35135E-05    1.35135E-05    1.35135E-05
 7.77593E-08    1.32982E-05    1.32982E-05    1.32982E-05
 7.99263E-08    1.31152E-05    1.31152E-05    1.31152E-05
 8.21540E-08    1.29366E-05    1.29366E-05    1.29366E-05
 8.46224E-08    1.27490E-05    1.27490E-05    1.27490E-05
 8.75344E-08    1.25383E-05    1.25383E-05    1.25383E-05
 9.09302E-08    1.23026E-05    1.23026E-05    1.23026E-05
 9.42582E-08    1.20803E-05    1.20803E-05    1.20803E-05
 9.70902E-08    1.18995E-05    1.18995E-05    1.18995E-05
 9.97964E-08    1.17357E-05    1.17357E-05    1.17357E-05
 1.02577E-07    1.15767E-05    1.15767E-05    1.15767E-05
 1.05659E-07    1.14101E-05    1.14101E-05    1.14101E-05
 1.09759E-07    1.11990E-05    1.11990E-05    1.11990E-05
 1.14500E-07    1.09634E-05    1.09634E-05    1.09634E-05
 1.18440E-07    1.07750E-05    1.07750E-05    1.07750E-05
 1.21741E-07    1.06247E-05    1.06247E-05    1.06247E-05
 1.24870E-07    1.04903E-05    1.04903E-05    1.04903E-05
 1.28079E-07    1.03603E-05    1.03603E-05    1.03603E-05
 1.32206E-07    1.02020E-05    1.02020E-05    1.02020E-05
 1.38501E-07    9.97105E-06    9.97105E-06    9.97105E-06
 1.44484E-07    9.75805E-06    9.75805E-06    9.75805E-06
 1.48825E-07    9.60987E-06    9.60987E-06    9.60987E-06
 1.52650E-07    9.48646E-06    9.48646E-06    9.48646E-06
 1.56243E-07    9.37751E-06    9.37751E-06    9.37751E-06
 1.60597E-07    9.25336E-06    9.25336E-06    9.25336E-06
 1.66827E-07    9.08497E-06    9.08497E-06    9.08497E-06
 1.77003E-07    8.81853E-06    8.81853E-06    8.81853E-06
 1.82707E-07    8.67407E-06    8.67407E-06    8.67407E-06
 1.87403E-07    8.56114E-06    8.56114E-06    8.56114E-06
 1.91812E-07    8.46173E-06    8.46173E-06    8.46173E-06
 1.96326E-07    8.36646E-06    8.36646E-06    8.36646E-06
 2.02653E-07    8.24066E-06    8.24066E-06    8.24066E-06
 2.16840E-07    7.96960E-06    7.96960E-06    7.96960E-06
 2.25252E-07    7.81275E-06    7.81275E-06    7.81275E-06
 2.31041E-07    7.70991E-06    7.70991E-06    7.70991E-06
 2.35978E-07    7.62758E-06    7.62758E-06    7.62758E-06
 2.41021E-07    7.54898E-06    7.54898E-06    7.54898E-06
 2.47739E-07    7.45087E-06    7.45087E-06    7.45087E-06
 2.62850E-07    7.24058E-06    7.24058E-06    7.24058E-06
 2.77705E-07    7.03730E-06    7.03730E-06    7.03730E-06
 2.84842E-07    6.94366E-06    6.94366E-06    6.94366E-06
 2.90929E-07    6.86862E-06    6.86862E-06    6.86862E-06
 2.97146E-07    6.79744E-06    6.79744E-06    6.79744E-06
 3.04783E-07    6.71612E-06    6.71612E-06    6.71612E-06
 3.22008E-07    6.54212E-06    6.54212E-06    6.54212E-06
 3.45279E-07    6.31056E-06    6.31056E-06    6.31056E-06
 3.54153E-07    6.22614E-06    6.22614E-06    6.22614E-06
 3.60958E-07    6.16556E-06    6.16556E-06    6.16556E-06
 3.67892E-07    6.10827E-06    6.10827E-06    6.10827E-06
 3.77347E-07    6.03572E-06    6.03572E-06    6.03572E-06
 4.08919E-07    5.80565E-06    5.80565E-06    5.80565E-06
 4.31118E-07    5.64590E-06    5.64590E-06    5.64590E-06
 4.40331E-07    5.58271E-06    5.58271E-06    5.58271E-06
 4.48790E-07    5.52868E-06    5.52868E-06    5.52868E-06
 4.57414E-07    5.47798E-06    5.47798E-06    5.47798E-06
 4.70161E-07    5.40837E-06    5.40837E-06    5.40837E-06
 5.31507E-07    5.08580E-06    5.08580E-06    5.08580E-06
 5.44016E-07    5.02252E-06    5.02252E-06    5.02252E-06
 5.53297E-07    4.97865E-06    4.97865E-06    4.97865E-06
 5.62736E-07    4.93750E-06    4.93750E-06    4.93750E-06
 5.75977E-07    4.88428E-06    4.88428E-06    4.88428E-06
 6.60842E-07    4.56039E-06    4.56039E-06    4.56039E-06
 6.76392E-07    4.50345E-06    4.50345E-06    4.50345E-06
 6.87931E-07    4.46440E-06    4.46440E-06    4.46440E-06
 6.99667E-07    4.42812E-06    4.42812E-06    4.42812E-06
 7.19169E-07    4.37252E-06    4.37252E-06    4.37252E-06
 8.25127E-07    4.07969E-06    4.07969E-06    4.07969E-06
 8.42760E-07    4.03323E-06    4.03323E-06    4.03323E-06
 8.57138E-07    3.99839E-06    3.99839E-06    3.99839E-06
 8.73608E-07    3.96182E-06    3.96182E-06    3.96182E-06
 9.64888E-07    3.77095E-06    3.77095E-06    3.77095E-06
 9.85508E-07    3.72923E-06    3.72923E-06    3.72923E-06
 1.00021E-06    3.70166E-06    3.70166E-06    3.70166E-06
 1.01367E-06    3.67859E-06    3.67859E-06    3.67859E-06
 1.04247E-06    3.63364E-06    3.63364E-06    3.63364E-06
 1.28626E-06    3.26620E-06    3.26620E-06    3.26620E-06
 1.31355E-06    3.23024E-06    3.23024E-06    3.23024E-06
 1.38926E-06    3.14813E-06    3.14813E-06    3.14813E-06
 1.60945E-06    2.91774E-06    2.91774E-06    2.91774E-06
 1.69029E-06    2.85202E-06    2.85202E-06    2.85202E-06
 1.99974E-06    2.61725E-06    2.61725E-06    2.61725E-06
 2.48480E-06    2.34773E-06    2.34773E-06    2.34773E-06
 3.06588E-06    2.11349E-06    2.11349E-06    2.11349E-06
 3.80935E-06    1.89589E-06    1.89589E-06    1.89589E-06
 4.73335E-06    1.70075E-06    1.70075E-06    1.70075E-06
 5.84027E-06    1.53100E-06    1.53100E-06    1.53100E-06
 7.25653E-06    1.37365E-06    1.37365E-06    1.37365E-06
 1.00154E-05    1.16895E-06    1.05010E-06    1.28780E-06
 1.12032E-05    1.10555E-06    9.93149E-07    1.21795E-06
 1.38231E-05    9.95070E-07    8.93901E-07    1.09624E-06
 1.70558E-05    8.95740E-07    8.04670E-07    9.86810E-07
 2.17950E-05    7.92900E-07    7.12286E-07    8.73514E-07
 2.19477E-05    7.90890E-07    7.10480E-07    8.71300E-07
 2.20776E-05    7.94210E-07    7.13463E-07    8.74957E-07
 2.62112E-05    1.05710E-06    9.49625E-07    1.16458E-06
 3.23408E-05    1.50200E-06    1.34929E-06    1.65471E-06
 4.01835E-05    2.15911E-06    1.93959E-06    2.37863E-06
 4.99303E-05    3.10479E-06    2.78913E-06    3.42045E-06
 6.16068E-05    4.41043E-06    3.96202E-06    4.85884E-06
 7.65464E-05    6.34195E-06    5.69716E-06    6.98674E-06
 9.98910E-05    9.89372E-06    8.88783E-06    1.08996E-05
 1.09325E-04    1.15058E-05    1.03360E-05    1.26756E-05
 1.10000E-04    1.16017E-05    1.04222E-05    1.27812E-05
 1.11552E-04    1.15059E-05    1.03361E-05    1.26757E-05
 1.44560E-04    9.05470E-06    8.13411E-06    9.97529E-06
 1.45572E-04    8.99354E-06    8.07917E-06    9.90791E-06
 2.00000E-04    6.71670E-06    6.03381E-06    7.39959E-06
 2.22748E-04    6.08376E-06    5.46522E-06    6.70230E-06
 2.98940E-04    4.64764E-06    4.17511E-06    5.12017E-06
 3.05296E-04    4.56208E-06    4.01895E-06    5.10520E-06
 3.41849E-04    4.10981E-06    3.62053E-06    4.59909E-06
 4.21792E-04    3.39701E-06    2.99259E-06    3.80143E-06
 4.27743E-04    3.35670E-06    2.95708E-06    3.75632E-06
 5.24631E-04    2.78349E-06    2.45211E-06    3.11487E-06
 6.00000E-04    2.46354E-06    2.17025E-06    2.75683E-06
 8.05148E-04    1.90031E-06    1.67407E-06    2.12655E-06
 1.00000E-03    1.56941E-06    1.38257E-06    1.75625E-06
 1.23386E-03    1.32057E-06    1.16335E-06    1.47779E-06
 1.53076E-03    1.10582E-06    9.74170E-07    1.23747E-06
 1.99760E-03    8.88630E-07    7.82837E-07    9.94423E-07
 2.34924E-03    7.88070E-07    6.46510E-07    9.29630E-07
 3.00000E-03    6.57870E-07    5.39698E-07    7.76042E-07
 3.59929E-03    5.84870E-07    4.79811E-07    6.89930E-07
 4.46640E-03    5.08620E-07    4.17257E-07    5.99983E-07
 5.99415E-03    4.20580E-07    3.45032E-07    4.96128E-07
 6.85453E-03    3.89260E-07    3.30383E-07    4.48137E-07
 8.49158E-03    3.44140E-07    2.92087E-07    3.96193E-07
 1.00093E-02    3.13060E-07    2.65708E-07    3.60412E-07
 1.00101E-02    3.13860E-07    2.66387E-07    3.61333E-07
 1.00103E-02    3.15420E-07    2.67711E-07    3.63129E-07
 1.00105E-02    3.17670E-07    2.69621E-07    3.65719E-07
 1.00107E-02    3.21850E-07    2.73169E-07    3.70531E-07
 1.00108E-02    3.27160E-07    2.77675E-07    3.76644E-07
 1.00109E-02    3.32300E-07    2.82038E-07    3.82562E-07
 1.00110E-02    3.39250E-07    2.87937E-07    3.90563E-07
 1.00111E-02    3.45990E-07    2.93657E-07    3.98323E-07
 1.00111E-02    3.54400E-07    3.00795E-07    4.08005E-07
 1.00112E-02    3.64910E-07    3.09716E-07    4.20104E-07
 1.00113E-02    3.77980E-07    3.20809E-07    4.35151E-07
 1.00113E-02    3.88410E-07    3.29661E-07    4.47159E-07
 1.00114E-02    4.00490E-07    3.39914E-07    4.61066E-07
 1.00114E-02    4.14420E-07    3.51737E-07    4.77103E-07
 1.00115E-02    4.30520E-07    3.65402E-07    4.95638E-07
 1.00115E-02    4.49050E-07    3.81129E-07    5.16971E-07
 1.00115E-02    4.70510E-07    3.99343E-07    5.41677E-07
 1.00116E-02    4.95210E-07    4.20307E-07    5.70113E-07
 1.00116E-02    5.23690E-07    4.44479E-07    6.02901E-07
 1.00117E-02    5.47850E-07    4.64985E-07    6.30715E-07
 1.00117E-02    5.74660E-07    4.87740E-07    6.61580E-07
 1.00117E-02    6.04500E-07    5.13067E-07    6.95934E-07
 1.00118E-02    6.37490E-07    5.41067E-07    7.33913E-07
 1.00118E-02    6.74310E-07    5.72317E-07    7.76303E-07
 1.00118E-02    7.15000E-07    6.06853E-07    8.23147E-07
 1.00119E-02    7.60220E-07    6.45233E-07    8.75207E-07
 1.00119E-02    8.10350E-07    6.87781E-07    9.32919E-07
 1.00119E-02    8.66050E-07    7.35056E-07    9.97044E-07
 1.00120E-02    9.27660E-07    7.87347E-07    1.06797E-06
 1.00120E-02    9.96010E-07    8.45359E-07    1.14666E-06
 1.00120E-02    1.07136E-06    9.09312E-07    1.23341E-06
 1.00121E-02    1.15541E-06    9.80649E-07    1.33017E-06
 1.00121E-02    1.24804E-06    1.05927E-06    1.43681E-06
 1.00121E-02    1.35067E-06    1.14637E-06    1.55497E-06
 1.00122E-02    1.46394E-06    1.24251E-06    1.68537E-06
 1.00122E-02    1.58948E-06    1.34906E-06    1.82990E-06
 1.00122E-02    1.72824E-06    1.46684E-06    1.98964E-06
 1.00123E-02    1.88194E-06    1.59729E-06    2.16659E-06
 1.00123E-02    2.05101E-06    1.74079E-06    2.36124E-06
 1.00123E-02    2.23880E-06    1.90017E-06    2.57743E-06
 1.00124E-02    2.44525E-06    2.07539E-06    2.81511E-06
 1.00124E-02    2.67353E-06    2.26915E-06    3.07791E-06
 1.00124E-02    2.92514E-06    2.48270E-06    3.36758E-06
 1.00125E-02    3.10756E-06    2.63753E-06    3.57759E-06
 1.00125E-02    3.30142E-06    2.80206E-06    3.80078E-06
 1.00125E-02    3.50948E-06    2.97865E-06    4.04031E-06
 1.00125E-02    3.73055E-06    3.16629E-06    4.29481E-06
 1.00126E-02    3.96695E-06    3.36693E-06    4.56697E-06
 1.00126E-02    4.21802E-06    3.58002E-06    4.85602E-06
 1.00126E-02    4.48802E-06    3.80919E-06    5.16685E-06
 1.00126E-02    4.77476E-06    4.05256E-06    5.49697E-06
 1.00126E-02    5.08125E-06    4.31269E-06    5.84981E-06
 1.00127E-02    5.40660E-06    4.58883E-06    6.22437E-06
 1.00127E-02    5.75541E-06    4.88488E-06    6.62594E-06
 1.00127E-02    6.12562E-06    5.19909E-06    7.05215E-06
 1.00127E-02    6.52107E-06    5.53473E-06    7.50741E-06
 1.00128E-02    6.94060E-06    5.89080E-06    7.99040E-06
 1.00128E-02    7.39087E-06    6.27297E-06    8.50877E-06
 1.00128E-02    7.86851E-06    6.67836E-06    9.05866E-06
 1.00128E-02    8.37846E-06    7.11118E-06    9.64574E-06
 1.00129E-02    9.20542E-06    7.81306E-06    1.05978E-05
 1.00129E-02    1.01121E-05    8.58260E-06    1.16416E-05
 1.00129E-02    1.11102E-05    9.42973E-06    1.27907E-05
 1.00130E-02    1.22062E-05    1.03600E-05    1.40524E-05
 1.00130E-02    1.34122E-05    1.13835E-05    1.54409E-05
 1.00130E-02    1.47299E-05    1.25019E-05    1.69579E-05
 1.00131E-02    1.61838E-05    1.37359E-05    1.86317E-05
 1.00131E-02    1.77716E-05    1.50836E-05    2.04596E-05
 1.00131E-02    1.95155E-05    1.65637E-05    2.24673E-05
 1.00132E-02    2.14249E-05    1.81843E-05    2.46655E-05
 1.00132E-02    2.35220E-05    1.99642E-05    2.70798E-05
 1.00132E-02    2.58143E-05    2.19098E-05    2.97188E-05
 1.00133E-02    2.83274E-05    2.40427E-05    3.26121E-05
 1.00133E-02    3.10660E-05    2.63671E-05    3.57649E-05
 1.00133E-02    3.40875E-05    2.89316E-05    3.92434E-05
 1.00134E-02    3.73793E-05    3.17255E-05    4.30331E-05
 1.00134E-02    4.09837E-05    3.47847E-05    4.71827E-05
 1.00134E-02    4.49159E-05    3.81222E-05    5.17096E-05
 1.00135E-02    4.92234E-05    4.17781E-05    5.66687E-05
 1.00135E-02    5.39253E-05    4.57688E-05    6.20818E-05
 1.00135E-02    5.90702E-05    5.01355E-05    6.80048E-05
 1.00136E-02    6.46633E-05    5.48827E-05    7.44439E-05
 1.00136E-02    7.08030E-05    6.00937E-05    8.15123E-05
 1.00136E-02    7.74741E-05    6.57558E-05    8.91924E-05
 1.00137E-02    8.47668E-05    7.19454E-05    9.75882E-05
 1.00137E-02    9.27185E-05    7.86944E-05    1.06743E-04
 1.00137E-02    1.01408E-04    8.60696E-05    1.16746E-04
 1.00138E-02    1.10860E-04    9.40919E-05    1.27628E-04
 1.00138E-02    1.21170E-04    1.02842E-04    1.39498E-04
 1.00138E-02    1.32350E-04    1.12331E-04    1.52369E-04
 1.00139E-02    1.44613E-04    1.22740E-04    1.66486E-04
 1.00139E-02    1.57906E-04    1.34022E-04    1.81790E-04
 1.00139E-02    1.72387E-04    1.46313E-04    1.98461E-04
 1.00140E-02    1.88106E-04    1.59654E-04    2.16558E-04
 1.00140E-02    2.05238E-04    1.74195E-04    2.36281E-04
 1.00140E-02    2.23855E-04    1.89996E-04    2.57714E-04
 1.00141E-02    2.44131E-04    2.07205E-04    2.81057E-04
 1.00141E-02    2.66064E-04    2.25821E-04    3.06307E-04
 1.00141E-02    2.90020E-04    2.46153E-04    3.33887E-04
 1.00142E-02    3.15920E-04    2.68136E-04    3.63704E-04
 1.00142E-02    3.44081E-04    2.92037E-04    3.96125E-04
 1.00142E-02    3.74607E-04    3.17946E-04    4.31268E-04
 1.00143E-02    4.07797E-04    3.46116E-04    4.69478E-04
 1.00143E-02    4.43713E-04    3.76599E-04    5.10827E-04
 1.00143E-02    4.82694E-04    4.09684E-04    5.55704E-04
 1.00144E-02    5.24748E-04    4.45377E-04    6.04119E-04
 1.00144E-02    5.70717E-04    4.84393E-04    6.57041E-04
 1.00144E-02    6.20298E-04    5.26475E-04    7.14121E-04
 1.00145E-02    6.74047E-04    5.72094E-04    7.76000E-04
 1.00145E-02    7.32100E-04    6.21366E-04    8.42834E-04
 1.00145E-02    7.95062E-04    6.74805E-04    9.15319E-04
 1.00146E-02    8.63102E-04    7.32554E-04    9.93650E-04
 1.00146E-02    9.36813E-04    7.95116E-04    1.07851E-03
 1.00146E-02    1.01615E-03    8.62452E-04    1.16985E-03
 1.00147E-02    1.10237E-03    9.35631E-04    1.26911E-03
 1.00147E-02    1.19512E-03    1.01435E-03    1.37589E-03
 1.00147E-02    1.29549E-03    1.09954E-03    1.49144E-03
 1.00148E-02    1.40380E-03    1.19147E-03    1.61613E-03
 1.00148E-02    1.52099E-03    1.29093E-03    1.75105E-03
 1.00148E-02    1.64717E-03    1.39803E-03    1.89631E-03
 1.00149E-02    1.78345E-03    1.51369E-03    2.05321E-03
 1.00149E-02    1.92975E-03    1.63787E-03    2.22163E-03
 1.00149E-02    2.08861E-03    1.77270E-03    2.40452E-03
 1.00150E-02    2.25908E-03    1.91738E-03    2.60078E-03
 1.00150E-02    2.44295E-03    2.07344E-03    2.81246E-03
 1.00150E-02    2.64054E-03    2.24115E-03    3.03993E-03
 1.00151E-02    2.85375E-03    2.42211E-03    3.28539E-03
 1.00151E-02    3.08319E-03    2.61684E-03    3.54954E-03
 1.00152E-02    3.33061E-03    2.82684E-03    3.83438E-03
 1.00152E-02    3.59558E-03    3.05173E-03    4.13943E-03
 1.00152E-02    3.88213E-03    3.29494E-03    4.46932E-03
 1.00153E-02    4.18883E-03    3.55525E-03    4.82241E-03
 1.00153E-02    4.51899E-03    3.83547E-03    5.20251E-03
 1.00153E-02    4.87330E-03    4.13619E-03    5.61041E-03
 1.00154E-02    5.25471E-03    4.45991E-03    6.04951E-03
 1.00154E-02    5.66332E-03    4.80672E-03    6.51992E-03
 1.00154E-02    6.10240E-03    5.17938E-03    7.02542E-03
 1.00155E-02    6.57139E-03    5.57744E-03    7.56534E-03
 1.00155E-02    7.07854E-03    6.00788E-03    8.14920E-03
 1.00155E-02    7.62005E-03    6.46748E-03    8.77262E-03
 1.00156E-02    8.20120E-03    6.96073E-03    9.44167E-03
 1.00156E-02    8.82261E-03    7.48815E-03    1.01571E-02
 1.00156E-02    9.48982E-03    8.05444E-03    1.09252E-02
 1.00157E-02    1.02036E-02    8.66026E-03    1.17469E-02
 1.00157E-02    1.09692E-02    9.31006E-03    1.26283E-02
 1.00157E-02    1.17849E-02    1.00024E-02    1.35674E-02
 1.00158E-02    1.26625E-02    1.07472E-02    1.45778E-02
 1.00158E-02    1.35971E-02    1.15405E-02    1.56537E-02
 1.00158E-02    1.45987E-02    1.23906E-02    1.68068E-02
 1.00159E-02    1.56691E-02    1.32991E-02    1.80391E-02
 1.00159E-02    1.68158E-02    1.42723E-02    1.93593E-02
 1.00159E-02    1.80381E-02    1.53098E-02    2.07664E-02
 1.00160E-02    1.93450E-02    1.64190E-02    2.22710E-02
 1.00160E-02    2.07340E-02    1.75979E-02    2.38701E-02
 1.00160E-02    2.22274E-02    1.88654E-02    2.55894E-02
 1.00161E-02    2.38138E-02    2.02118E-02    2.74158E-02
 1.00161E-02    2.60960E-02    2.21489E-02    3.00431E-02
 1.00161E-02    2.85803E-02    2.42574E-02    3.29032E-02
 1.00162E-02    3.12866E-02    2.65544E-02    3.60188E-02
 1.00162E-02    3.42333E-02    2.90554E-02    3.94113E-02
 1.00163E-02    3.74359E-02    3.17735E-02    4.30983E-02
 1.00163E-02    4.09146E-02    3.47261E-02    4.71031E-02
 1.00164E-02    4.46942E-02    3.79340E-02    5.14544E-02
 1.00164E-02    4.87985E-02    4.14175E-02    5.61795E-02
 1.00165E-02    5.32491E-02    4.51949E-02    6.13033E-02
 1.00165E-02    5.80724E-02    4.92887E-02    6.68561E-02
 1.00166E-02    6.33044E-02    5.37293E-02    7.28795E-02
 1.00166E-02    6.89770E-02    5.85439E-02    7.94101E-02
 1.00166E-02    7.51149E-02    6.37534E-02    8.64764E-02
 1.00167E-02    8.17524E-02    6.93870E-02    9.41178E-02
 1.00167E-02    8.89319E-02    7.54805E-02    1.02383E-01
 1.00168E-02    9.66937E-02    8.20683E-02    1.11319E-01
 1.00168E-02    1.05073E-01    8.91802E-02    1.20966E-01
 1.00169E-02    1.14114E-01    9.68537E-02    1.31374E-01
 1.00169E-02    1.23875E-01    1.05138E-01    1.42612E-01
 1.00170E-02    1.34409E-01    1.14079E-01    1.54739E-01
 1.00170E-02    1.45756E-01    1.23710E-01    1.67802E-01
 1.00170E-02    1.57971E-01    1.34077E-01    1.81865E-01
 1.00171E-02    1.71126E-01    1.45242E-01    1.97010E-01
 1.00171E-02    1.85283E-01    1.57258E-01    2.13308E-01
 1.00172E-02    2.00499E-01    1.70173E-01    2.30825E-01
 1.00172E-02    2.16842E-01    1.84044E-01    2.49640E-01
 1.00173E-02    2.34416E-01    1.98959E-01    2.69873E-01
 1.00173E-02    2.53305E-01    2.14991E-01    2.91619E-01
 1.00174E-02    2.73561E-01    2.32184E-01    3.14938E-01
 1.00174E-02    2.95273E-01    2.50612E-01    3.39934E-01
 1.00175E-02    3.18549E-01    2.70367E-01    3.66731E-01
 1.00175E-02    3.43490E-01    2.91535E-01    3.95445E-01
 1.00175E-02    3.70178E-01    3.14187E-01    4.26169E-01
 1.00176E-02    3.98717E-01    3.38409E-01    4.59025E-01
 1.00176E-02    4.29257E-01    3.64330E-01    4.94184E-01
 1.00177E-02    4.61922E-01    3.92054E-01    5.31790E-01
 1.00177E-02    4.96797E-01    4.21654E-01    5.71940E-01
 1.00178E-02    5.34009E-01    4.53238E-01    6.14780E-01
 1.00178E-02    5.73726E-01    4.86947E-01    6.60505E-01
 1.00179E-02    6.16093E-01    5.22906E-01    7.09280E-01
 1.00179E-02    6.61223E-01    5.61210E-01    7.61236E-01
 1.00179E-02    7.09270E-01    6.01990E-01    8.16550E-01
 1.00180E-02    7.60467E-01    6.45443E-01    8.75491E-01
 1.00180E-02    8.14994E-01    6.91722E-01    9.38266E-01
 1.00181E-02    8.72952E-01    7.40914E-01    1.00499E+00
 1.00181E-02    9.34519E-01    7.93169E-01    1.07587E+00
 1.00182E-02    9.99939E-01    8.48693E-01    1.15118E+00
 1.00182E-02    1.06941E+00    9.07660E-01    1.23117E+00
 1.00183E-02    1.18152E+00    1.00281E+00    1.36024E+00
 1.00184E-02    1.30401E+00    1.10677E+00    1.50125E+00
 1.00184E-02    1.43747E+00    1.22005E+00    1.65490E+00
 1.00185E-02    1.58297E+00    1.34354E+00    1.82240E+00
 1.00186E-02    1.74103E+00    1.47769E+00    2.00437E+00
 1.00186E-02    1.91280E+00    1.62348E+00    2.20212E+00
 1.00187E-02    2.09872E+00    1.78128E+00    2.41616E+00
 1.00188E-02    2.30101E+00    1.95297E+00    2.64905E+00
 1.00188E-02    2.51945E+00    2.13837E+00    2.90053E+00
 1.00189E-02    2.75566E+00    2.33885E+00    3.17247E+00
 1.00190E-02    3.01034E+00    2.55501E+00    3.46567E+00
 1.00190E-02    3.28520E+00    2.78830E+00    3.78210E+00
 1.00191E-02    3.58099E+00    3.03934E+00    4.12263E+00
 1.00192E-02    3.89933E+00    3.30954E+00    4.48912E+00
 1.00192E-02    4.24047E+00    3.59908E+00    4.88186E+00
 1.00193E-02    4.60741E+00    3.91052E+00    5.30430E+00
 1.00194E-02    4.99965E+00    4.24343E+00    5.75587E+00
 1.00194E-02    5.41973E+00    4.59997E+00    6.23950E+00
 1.00195E-02    5.86853E+00    4.98088E+00    6.75617E+00
 1.00196E-02    6.34806E+00    5.38789E+00    7.30824E+00
 1.00196E-02    6.85868E+00    5.82127E+00    7.89608E+00
 1.00197E-02    7.40259E+00    6.28292E+00    8.52227E+00
 1.00198E-02    7.97962E+00    6.77266E+00    9.18658E+00
 1.00199E-02    8.80689E+00    7.47481E+00    1.01390E+01
 1.00199E-02    9.70022E+00    8.23302E+00    1.11674E+01
 1.00200E-02    1.06643E+01    9.05129E+00    1.22773E+01
 1.00201E-02    1.17007E+01    9.93093E+00    1.34705E+01
 1.00202E-02    1.28160E+01    1.08775E+01    1.47545E+01
 1.00203E-02    1.40097E+01    1.18907E+01    1.61288E+01
 1.00204E-02    1.52866E+01    1.29745E+01    1.75988E+01
 1.00205E-02    1.66472E+01    1.41292E+01    1.91651E+01
 1.00206E-02    1.80972E+01    1.53599E+01    2.08345E+01
 1.00207E-02    1.96354E+01    1.66655E+01    2.26054E+01
 1.00208E-02    2.12662E+01    1.80496E+01    2.44828E+01
 1.00208E-02    2.29884E+01    1.95113E+01    2.64655E+01
 1.00210E-02    2.57541E+01    2.18587E+01    2.96496E+01
 1.00211E-02    2.87324E+01    2.43865E+01    3.30783E+01
 1.00212E-02    3.19279E+01    2.70986E+01    3.67571E+01
 1.00214E-02    3.53363E+01    2.99915E+01    4.06811E+01
 1.00215E-02    3.89578E+01    3.30652E+01    4.48503E+01
 1.00217E-02    4.27838E+01    3.63125E+01    4.92550E+01
 1.00218E-02    4.81900E+01    4.09010E+01    5.54789E+01
 1.00220E-02    5.39173E+01    4.57620E+01    6.20725E+01
 1.00222E-02    6.14750E+01    5.21766E+01    7.07733E+01
 1.00225E-02    6.93972E+01    5.89006E+01    7.98939E+01
 1.00228E-02    8.25876E+01    7.00959E+01    9.50794E+01
 1.00235E-02    1.07198E+02    9.09835E+01    1.23412E+02
 1.00238E-02    1.19355E+02    1.01302E+02    1.37408E+02
 1.00241E-02    1.28432E+02    1.09006E+02    1.47858E+02
 1.00244E-02    1.36780E+02    1.16092E+02    1.57469E+02
 1.00247E-02    1.44293E+02    1.22468E+02    1.66119E+02
 1.00249E-02    1.50918E+02    1.28091E+02    1.73745E+02
 1.00252E-02    1.56634E+02    1.32942E+02    1.80326E+02
 1.00255E-02    1.61469E+02    1.37046E+02    1.85892E+02
 1.00258E-02    1.65469E+02    1.40441E+02    1.90497E+02
 1.00260E-02    1.68711E+02    1.43193E+02    1.94230E+02
 1.00265E-02    1.72350E+02    1.46281E+02    1.98418E+02
 1.00269E-02    1.74805E+02    1.48365E+02    2.01245E+02
 1.00274E-02    1.76764E+02    1.50028E+02    2.03501E+02
 1.00282E-02    1.78049E+02    1.51118E+02    2.04980E+02
 1.00302E-02    1.78545E+02    1.51539E+02    2.05551E+02
 1.00307E-02    1.78552E+02    1.51545E+02    2.05558E+02
 2.00000E-02    1.14311E+02    9.70211E+01    1.31601E+02
 3.00000E-02    8.87316E+01    6.65836E+01    1.10880E+02
 5.99882E-02    6.00635E+01    4.50712E+01    7.50557E+01
 1.00000E-01    4.63523E+01    3.47824E+01    5.79221E+01
 1.46484E-01    3.57736E+01    2.68443E+01    4.47029E+01
 2.00000E-01    4.01679E+02    3.16523E+02    4.86834E+02
 3.04173E-01    4.69069E+02    3.69627E+02    5.68511E+02
 4.02822E-01    5.25096E+02    4.13776E+02    6.36415E+02
 5.03527E-01    5.96219E+02    4.69821E+02    7.22616E+02
 6.12757E-01    6.85330E+02    5.12530E+02    8.58130E+02
 8.00000E-01    8.45650E+02    6.32426E+02    1.05887E+03
 9.06349E-01    9.27107E+02    6.93345E+02    1.16087E+03
 1.00000E+00    9.87573E+02    8.13791E+02    1.16135E+03
 1.12597E+00    1.01715E+03    8.38168E+02    1.19614E+03
 1.13507E+00    1.02260E+03    8.42652E+02    1.20254E+03
 1.20000E+00    1.14231E+03    9.41297E+02    1.34332E+03
 1.30195E+00    1.15886E+03    9.54935E+02    1.36278E+03
 1.30917E+00    1.16839E+03    9.62790E+02    1.37399E+03
 1.40000E+00    1.31547E+03    1.08399E+03    1.54695E+03
 1.44587E+00    1.27681E+03    1.05213E+03    1.50148E+03
 1.46286E+00    1.26941E+03    1.04603E+03    1.49278E+03
 1.46767E+00    1.27226E+03    1.04838E+03    1.49613E+03
 1.50527E+00    1.33271E+03    1.09820E+03    1.56722E+03
 1.53216E+00    1.39044E+03    1.14577E+03    1.63512E+03
 1.59127E+00    1.57977E+03    1.30178E+03    1.85776E+03
 1.60000E+00    1.63018E+03    1.34332E+03    1.91703E+03
 1.62107E+00    1.63252E+03    1.34525E+03    1.91980E+03
 1.66288E+00    1.64975E+03    1.35945E+03    1.94006E+03
 1.78086E+00    1.78577E+03    1.47153E+03    2.10001E+03
 1.80000E+00    1.82269E+03    1.62757E+03    2.01781E+03
 1.82559E+00    1.82180E+03    1.62677E+03    2.01683E+03
 1.86716E+00    1.83463E+03    1.63823E+03    2.03103E+03
 1.92720E+00    1.88314E+03    1.68155E+03    2.08474E+03
 1.99003E+00    1.97100E+03    1.76000E+03    2.18200E+03
 2.00000E+00    2.00078E+03    1.78659E+03    2.21496E+03
 2.03232E+00    1.98031E+03    1.76832E+03    2.19231E+03
 2.20000E+00    2.13558E+03    1.90696E+03    2.36419E+03
 2.40000E+00    2.22122E+03    1.98344E+03    2.45901E+03
 2.61834E+00    2.27629E+03    2.17850E+03    2.37407E+03
 2.85425E+00    2.31247E+03    2.21313E+03    2.41182E+03
 3.08407E+00    2.33451E+03    2.23422E+03    2.43480E+03
 3.30000E+00    2.34500E+03    2.24426E+03    2.44574E+03
 3.40000E+00    2.34753E+03    2.24668E+03    2.44838E+03
 3.65079E+00    2.33950E+03    2.23900E+03    2.44000E+03
 3.87681E+00    2.32069E+03    2.22099E+03    2.42039E+03
 4.20000E+00    2.27954E+03    2.18161E+03    2.37747E+03
 4.91393E+00    2.17300E+03    2.07139E+03    2.27462E+03
 5.26595E+00    2.13298E+03    2.03323E+03    2.23272E+03
 5.60000E+00    2.10733E+03    2.00878E+03    2.20587E+03
 6.00000E+00    2.09342E+03    1.99552E+03    2.19131E+03
 6.20000E+00    2.09218E+03    1.99434E+03    2.19002E+03
 6.80000E+00    2.10338E+03    2.02090E+03    2.18586E+03
 7.80000E+00    2.13272E+03    2.04909E+03    2.21635E+03
 8.49999E+00    2.13786E+03    2.05403E+03    2.22169E+03
 9.19136E+00    2.12692E+03    2.03318E+03    2.22066E+03
 9.50000E+00    2.11919E+03    2.02580E+03    2.21259E+03
 1.00000E+01    2.14030E+03    2.04598E+03    2.23463E+03
 1.01411E+01    2.15171E+03    2.05688E+03    2.24654E+03
 1.02842E+01    2.16328E+03    2.06794E+03    2.25862E+03
 1.03562E+01    2.16911E+03    2.07351E+03    2.26470E+03
 1.05000E+01    2.18073E+03    2.08463E+03    2.27684E+03
 1.05494E+01    2.18375E+03    2.08751E+03    2.27999E+03
 1.06982E+01    2.19284E+03    2.09620E+03    2.28948E+03
 1.08492E+01    2.20206E+03    2.10501E+03    2.29911E+03
 1.10000E+01    2.21128E+03    2.11382E+03    2.30873E+03
 1.11552E+01    2.20696E+03    2.10970E+03    2.30422E+03
 1.12226E+01    2.20508E+03    2.10790E+03    2.30227E+03
 1.13809E+01    2.20068E+03    2.10370E+03    2.29767E+03
 1.15000E+01    2.19737E+03    2.10053E+03    2.29421E+03
 1.16622E+01    2.19323E+03    2.09657E+03    2.28988E+03
 1.17521E+01    2.19093E+03    2.09437E+03    2.28749E+03
 1.18685E+01    2.18796E+03    2.09153E+03    2.28438E+03
 1.19881E+01    2.18490E+03    2.08861E+03    2.28119E+03
 1.20000E+01    2.18460E+03    2.08832E+03    2.28087E+03
 1.21693E+01    2.18130E+03    2.08517E+03    2.27744E+03
 1.22909E+01    2.17894E+03    2.08291E+03    2.27497E+03
 1.24643E+01    2.17557E+03    2.07969E+03    2.27145E+03
 1.25000E+01    2.17488E+03    2.07903E+03    2.27073E+03
 1.26764E+01    2.17303E+03    2.07726E+03    2.26879E+03
 1.28552E+01    2.17115E+03    2.07547E+03    2.26684E+03
 1.30000E+01    2.16963E+03    2.08743E+03    2.25183E+03
 1.31834E+01    2.16906E+03    2.08688E+03    2.25124E+03
 1.33069E+01    2.16868E+03    2.08651E+03    2.25084E+03
 1.34631E+01    2.16819E+03    2.08605E+03    2.25033E+03
 1.34904E+01    2.16810E+03    2.08596E+03    2.25025E+03
 1.35000E+01    2.16808E+03    2.08593E+03    2.25022E+03
 1.36905E+01    2.16966E+03    2.08746E+03    2.25186E+03
 1.37205E+01    2.16991E+03    2.08770E+03    2.25212E+03
 1.37617E+01    2.17025E+03    2.08803E+03    2.25247E+03
 1.38240E+01    2.17077E+03    2.08853E+03    2.25301E+03
 1.40000E+01    2.17223E+03    2.08993E+03    2.25453E+03
 1.41975E+01    2.17459E+03    2.09220E+03    2.25697E+03
 1.43978E+01    2.17698E+03    2.09450E+03    2.25945E+03
 1.45000E+01    2.17820E+03    2.09567E+03    2.26072E+03
 1.45309E+01    2.17859E+03    2.09605E+03    2.26112E+03
 1.45314E+01    2.17859E+03    2.09605E+03    2.26113E+03
 1.45439E+01    2.17875E+03    2.09621E+03    2.26129E+03
 1.45671E+01    2.17904E+03    2.09649E+03    2.26160E+03
 1.47726E+01    2.18164E+03    2.09899E+03    2.26430E+03
 1.49810E+01    2.18428E+03    2.10152E+03    2.26703E+03
 1.50000E+01    2.18452E+03    2.10175E+03    2.26728E+03
 1.50041E+01    2.18457E+03    2.10181E+03    2.26734E+03
 1.52158E+01    2.18736E+03    2.10449E+03    2.27024E+03
 1.54304E+01    2.19020E+03    2.10722E+03    2.27318E+03
 1.55000E+01    2.19111E+03    2.10810E+03    2.27413E+03
 1.55474E+01    2.19174E+03    2.10870E+03    2.27478E+03
 1.56992E+01    2.19374E+03    2.11063E+03    2.27686E+03
 1.58293E+01    2.19546E+03    2.11228E+03    2.27864E+03
 1.58891E+01    2.19625E+03    2.11304E+03    2.27946E+03
 1.59363E+01    2.19687E+03    2.11364E+03    2.28010E+03
 1.60000E+01    2.19771E+03    2.11519E+03    2.28024E+03
 1.60489E+01    2.19802E+03    2.11548E+03    2.28055E+03
 1.60645E+01    2.19811E+03    2.11557E+03    2.28066E+03
 1.62911E+01    2.19953E+03    2.11693E+03    2.28212E+03
 1.65000E+01    2.20083E+03    2.11818E+03    2.28347E+03
 1.65986E+01    2.20144E+03    2.11878E+03    2.28411E+03
 1.68328E+01    2.20290E+03    2.12018E+03    2.28562E+03
 1.70000E+01    2.20394E+03    2.12118E+03    2.28670E+03
 1.72398E+01    2.20183E+03    2.11915E+03    2.28451E+03
 1.74636E+01    2.19985E+03    2.11725E+03    2.28246E+03
 1.75000E+01    2.19984E+03    2.11724E+03    2.28245E+03
 1.75209E+01    2.19984E+03    2.11723E+03    2.28244E+03
 1.77681E+01    2.19976E+03    2.11715E+03    2.28236E+03
 1.78233E+01    2.19974E+03    2.11714E+03    2.28234E+03
 1.79397E+01    2.19970E+03    2.11710E+03    2.28230E+03
 1.80000E+01    2.19968E+03    2.11708E+03    2.28228E+03
 1.80683E+01    2.20084E+03    2.11820E+03    2.28349E+03
 1.81295E+01    2.20188E+03    2.11920E+03    2.28457E+03
 1.82263E+01    2.20353E+03    2.12078E+03    2.28627E+03
 1.84209E+01    2.20684E+03    2.12397E+03    2.28971E+03
 1.85000E+01    2.20818E+03    2.12526E+03    2.29110E+03
 1.87610E+01    2.21262E+03    2.12953E+03    2.29571E+03
 1.89955E+01    2.21661E+03    2.13337E+03    2.29984E+03
 1.90000E+01    2.21668E+03    2.13344E+03    2.29992E+03
 1.90244E+01    2.21589E+03    2.13268E+03    2.29910E+03
 1.90740E+01    2.21429E+03    2.13114E+03    2.29744E+03
 1.90850E+01    2.21393E+03    2.13080E+03    2.29707E+03
 1.93543E+01    2.20522E+03    2.12242E+03    2.28803E+03
 1.95000E+01    2.20051E+03    2.11788E+03    2.28314E+03
 1.97614E+01    2.19205E+03    2.10974E+03    2.27437E+03
 1.97924E+01    2.19105E+03    2.10877E+03    2.27333E+03
 1.98909E+01    2.18786E+03    2.10571E+03    2.27002E+03
 1.98922E+01    2.18782E+03    2.10567E+03    2.26998E+03
 2.00000E+01    2.18433E+03    2.11614E+03    2.25253E+03
 2.02822E+01    2.17539E+03    2.10747E+03    2.24331E+03
 2.05683E+01    2.16631E+03    2.09868E+03    2.23395E+03
 2.08585E+01    2.15711E+03    2.08976E+03    2.22446E+03
 2.10000E+01    2.15263E+03    2.08542E+03    2.21983E+03
 2.12963E+01    2.14437E+03    2.07742E+03    2.21132E+03
 2.15967E+01    2.13599E+03    2.06930E+03    2.20268E+03
 2.19014E+01    2.12749E+03    2.06107E+03    2.19392E+03
 2.20000E+01    2.12474E+03    2.05841E+03    2.19108E+03
 2.23104E+01    2.11728E+03    2.05118E+03    2.18339E+03
 2.26251E+01    2.10971E+03    2.04384E+03    2.17558E+03
 2.29443E+01    2.10204E+03    2.03641E+03    2.16766E+03
 2.30000E+01    2.10070E+03    2.03511E+03    2.16628E+03
 2.33245E+01    2.09233E+03    2.02700E+03    2.15765E+03
 2.36536E+01    2.08384E+03    2.01878E+03    2.14890E+03
 2.39873E+01    2.07523E+03    2.01044E+03    2.14002E+03
 2.40000E+01    2.07490E+03    2.00877E+03    2.14103E+03
 2.43386E+01    2.07042E+03    2.00443E+03    2.13640E+03
 2.46820E+01    2.06587E+03    2.00003E+03    2.13171E+03
 2.50000E+01    2.06166E+03    1.99596E+03    2.12737E+03
 2.53527E+01    2.05722E+03    1.99165E+03    2.12278E+03
 2.57104E+01    2.05271E+03    1.98729E+03    2.11813E+03
 2.60000E+01    2.04906E+03    1.98376E+03    2.11437E+03
 2.63668E+01    2.04400E+03    1.97885E+03    2.10914E+03
 2.67388E+01    2.03886E+03    1.97388E+03    2.10384E+03
 2.70000E+01    2.03525E+03    1.97039E+03    2.10012E+03
 2.73809E+01    2.02949E+03    1.96481E+03    2.09417E+03
 2.77672E+01    2.02365E+03    1.95916E+03    2.08815E+03
 2.80000E+01    2.02013E+03    1.95526E+03    2.08501E+03
 2.83950E+01    2.01386E+03    1.94918E+03    2.07853E+03
 2.87956E+01    2.00749E+03    1.94302E+03    2.07196E+03
 2.90000E+01    2.00424E+03    1.93988E+03    2.06861E+03
 2.94091E+01    1.99780E+03    1.93364E+03    2.06196E+03
 2.98240E+01    1.99127E+03    1.92732E+03    2.05522E+03
 3.00000E+01    1.98850E+03    1.92464E+03    2.05236E+03
 3.04232E+01    1.96991E+03    1.90665E+03    2.03318E+03
 3.08525E+01    1.95106E+03    1.88840E+03    2.01372E+03
 3.10000E+01    1.94458E+03    1.88213E+03    2.00703E+03
 3.14374E+01    1.93903E+03    1.87675E+03    2.00130E+03
 3.18809E+01    1.93339E+03    1.87130E+03    1.99549E+03
 3.20000E+01    1.93188E+03    1.86984E+03    1.99392E+03
 3.24515E+01    1.92702E+03    1.86513E+03    1.98891E+03
 3.29093E+01    1.92210E+03    1.86037E+03    1.98383E+03
 3.30000E+01    1.92112E+03    1.85942E+03    1.98282E+03
 3.34656E+01    1.91611E+03    1.85457E+03    1.97765E+03
 3.39377E+01    1.91103E+03    1.84966E+03    1.97240E+03
 3.40000E+01    1.91036E+03    1.84901E+03    1.97171E+03
 3.44797E+01    1.90547E+03    1.84427E+03    1.96666E+03
 3.49661E+01    1.90051E+03    1.83947E+03    1.96154E+03
 3.50000E+01    1.90016E+03    1.83914E+03    1.96118E+03
 3.54938E+01    1.89512E+03    1.83426E+03    1.95598E+03
 3.59945E+01    1.89001E+03    1.82931E+03    1.95070E+03
 3.60000E+01    1.88995E+03    1.82925E+03    1.95065E+03
 3.65079E+01    1.88448E+03    1.82396E+03    1.94500E+03
 3.70000E+01    1.87918E+03    1.81883E+03    1.93953E+03
 3.75220E+01    1.87356E+03    1.81339E+03    1.93373E+03
 3.80000E+01    1.86841E+03    1.80840E+03    1.92842E+03
 3.85361E+01    1.86239E+03    1.80258E+03    1.92221E+03
 3.90000E+01    1.85719E+03    1.79755E+03    1.91683E+03
 3.95502E+01    1.85102E+03    1.79157E+03    1.91046E+03
 4.00000E+01    1.84597E+03    1.78669E+03    1.90525E+03
 4.05643E+01    1.83976E+03    1.78067E+03    1.89884E+03
 4.10000E+01    1.83496E+03    1.77603E+03    1.89389E+03
 4.15784E+01    1.82859E+03    1.76986E+03    1.88732E+03
 4.20000E+01    1.82395E+03    1.76537E+03    1.88253E+03
 4.25925E+01    1.81776E+03    1.75939E+03    1.87614E+03
 4.30000E+01    1.81351E+03    1.75527E+03    1.87175E+03
 4.36067E+01    1.80718E+03    1.74914E+03    1.86522E+03
 4.40000E+01    1.80307E+03    1.74516E+03    1.86098E+03
 4.46208E+01    1.79691E+03    1.73920E+03    1.85462E+03
 4.50000E+01    1.79315E+03    1.73556E+03    1.85074E+03
 4.56349E+01    1.78685E+03    1.72947E+03    1.84424E+03
 4.60000E+01    1.78323E+03    1.72596E+03    1.84050E+03
 4.66490E+01    1.77702E+03    1.71995E+03    1.83409E+03
 4.70000E+01    1.77366E+03    1.71670E+03    1.83062E+03
 4.76631E+01    1.76731E+03    1.71055E+03    1.82407E+03
 4.80000E+01    1.76408E+03    1.70743E+03    1.82073E+03
 4.86772E+01    1.75777E+03    1.70132E+03    1.81422E+03
 4.90000E+01    1.75476E+03    1.69840E+03    1.81112E+03
 4.96913E+01    1.74832E+03    1.69217E+03    1.80447E+03
 5.00000E+01    1.74544E+03    1.68938E+03    1.80150E+03
 5.07054E+01    1.73906E+03    1.68321E+03    1.79491E+03
 5.10000E+01    1.73640E+03    1.68063E+03    1.79217E+03
 5.17195E+01    1.72990E+03    1.67434E+03    1.78545E+03
 5.20000E+01    1.72736E+03    1.67188E+03    1.78284E+03
 5.27336E+01    1.72098E+03    1.66571E+03    1.77625E+03
 5.30000E+01    1.71866E+03    1.66346E+03    1.77386E+03
 5.37477E+01    1.71215E+03    1.65716E+03    1.76713E+03
 5.40000E+01    1.70995E+03    1.65503E+03    1.76487E+03
 5.47618E+01    1.70360E+03    1.64888E+03    1.75831E+03
 5.50000E+01    1.70161E+03    1.64696E+03    1.75626E+03
 5.57760E+01    1.69514E+03    1.64070E+03    1.74958E+03
 5.60000E+01    1.69327E+03    1.63889E+03    1.74765E+03
 5.67901E+01    1.68695E+03    1.63277E+03    1.74113E+03
 5.70000E+01    1.68527E+03    1.63115E+03    1.73939E+03
 5.78042E+01    1.67884E+03    1.62492E+03    1.73275E+03
 5.80000E+01    1.67727E+03    1.62340E+03    1.73114E+03
 5.88183E+01    1.67099E+03    1.61732E+03    1.72465E+03
 5.90000E+01    1.66959E+03    1.61597E+03    1.72321E+03
 5.98324E+01    1.66321E+03    1.60979E+03    1.71662E+03
 6.00000E+01    1.66192E+03    1.60855E+03    1.71529E+03
 6.08465E+01    1.65586E+03    1.60268E+03    1.70904E+03
 6.10000E+01    1.65476E+03    1.60162E+03    1.70790E+03
 6.18606E+01    1.64860E+03    1.59565E+03    1.70154E+03
 6.20000E+01    1.64760E+03    1.59469E+03    1.70051E+03
 6.28747E+01    1.64133E+03    1.58862E+03    1.69404E+03
 6.30000E+01    1.64043E+03    1.58775E+03    1.69311E+03
 6.38888E+01    1.63407E+03    1.58159E+03    1.68655E+03
 6.40000E+01    1.63327E+03    1.58082E+03    1.68572E+03
 6.49029E+01    1.62681E+03    1.57456E+03    1.67905E+03
 6.50000E+01    1.62611E+03    1.57389E+03    1.67833E+03
 6.59170E+01    1.62017E+03    1.56813E+03    1.67220E+03
 6.60000E+01    1.61963E+03    1.56761E+03    1.67165E+03
 6.69311E+01    1.61361E+03    1.56178E+03    1.66543E+03
 6.70000E+01    1.61316E+03    1.56135E+03    1.66497E+03
 6.79453E+01    1.60703E+03    1.55542E+03    1.65865E+03
 6.80000E+01    1.60668E+03    1.55508E+03    1.65828E+03
 6.89594E+01    1.60047E+03    1.54907E+03    1.65187E+03
 6.90000E+01    1.60021E+03    1.54882E+03    1.65160E+03
 6.99735E+01    1.59390E+03    1.54271E+03    1.64509E+03
 7.00000E+01    1.59373E+03    1.54255E+03    1.64491E+03
 7.09876E+01    1.58794E+03    1.53694E+03    1.63894E+03
 7.10000E+01    1.58787E+03    1.53687E+03    1.63887E+03
 7.20000E+01    1.58201E+03    1.53120E+03    1.63282E+03
 7.30000E+01    1.57616E+03    1.52554E+03    1.62678E+03
 7.40000E+01    1.57030E+03    1.51987E+03    1.62073E+03
 7.50000E+01    1.56444E+03    1.51420E+03    1.61468E+03
 7.60000E+01    1.55913E+03    1.50906E+03    1.60920E+03
 7.70000E+01    1.55382E+03    1.50392E+03    1.60372E+03
 7.80000E+01    1.54851E+03    1.49878E+03    1.59824E+03
 7.90000E+01    1.54320E+03    1.49364E+03    1.59276E+03
 8.00000E+01    1.53789E+03    1.48850E+03    1.58728E+03
 8.10000E+01    1.53327E+03    1.48403E+03    1.58251E+03
 8.20000E+01    1.52866E+03    1.47957E+03    1.57775E+03
 8.30000E+01    1.52404E+03    1.47509E+03    1.57299E+03
 8.40000E+01    1.51942E+03    1.47062E+03    1.56822E+03
 8.50000E+01    1.51480E+03    1.46615E+03    1.56345E+03
 8.60000E+01    1.51019E+03    1.46169E+03    1.55869E+03
 8.70000E+01    1.50557E+03    1.45722E+03    1.55392E+03
 8.80000E+01    1.50095E+03    1.45275E+03    1.54915E+03
 8.90000E+01    1.49634E+03    1.44828E+03    1.54440E+03
 9.00000E+01    1.49172E+03    1.44381E+03    1.53963E+03
 9.10000E+01    1.48785E+03    1.44007E+03    1.53563E+03
 9.20000E+01    1.48399E+03    1.43633E+03    1.53165E+03
 9.30000E+01    1.48012E+03    1.43258E+03    1.52766E+03
 9.40000E+01    1.47626E+03    1.42885E+03    1.52367E+03
 9.50000E+01    1.47239E+03    1.42510E+03    1.51968E+03
 9.60000E+01    1.46852E+03    1.42136E+03    1.51568E+03
 9.70000E+01    1.46466E+03    1.41762E+03    1.51170E+03
 9.80000E+01    1.46079E+03    1.41388E+03    1.50770E+03
 9.90000E+01    1.45693E+03    1.41014E+03    1.50372E+03
 1.00000E+02    1.45306E+03    1.40639E+03    1.49973E+03
 1.01411E+02    1.44843E+03    1.40192E+03    1.49495E+03
 1.02000E+02    1.44650E+03    1.40004E+03    1.49296E+03
 1.03439E+02    1.44178E+03    1.39548E+03    1.48808E+03
 1.04000E+02    1.43994E+03    1.39370E+03    1.48618E+03
 1.05467E+02    1.43513E+03    1.38904E+03    1.48122E+03
 1.06000E+02    1.43338E+03    1.38735E+03    1.47941E+03
 1.07495E+02    1.42847E+03    1.38260E+03    1.47435E+03
 1.08000E+02    1.42682E+03    1.38100E+03    1.47264E+03
 1.09524E+02    1.42182E+03    1.37616E+03    1.46749E+03
 1.10000E+02    1.42026E+03    1.37465E+03    1.46587E+03
 1.11552E+02    1.41588E+03    1.37040E+03    1.46135E+03
 1.12000E+02    1.41461E+03    1.36918E+03    1.46004E+03
 1.13580E+02    1.41015E+03    1.36487E+03    1.45544E+03
 1.14000E+02    1.40897E+03    1.36372E+03    1.45422E+03
 1.15608E+02    1.40443E+03    1.35932E+03    1.44953E+03
 1.16000E+02    1.40332E+03    1.35825E+03    1.44839E+03
 1.17637E+02    1.39870E+03    1.35378E+03    1.44363E+03
 1.18000E+02    1.39768E+03    1.35279E+03    1.44257E+03
 1.19665E+02    1.39298E+03    1.34824E+03    1.43771E+03
 1.20000E+02    1.39203E+03    1.34732E+03    1.43674E+03
 1.21693E+02    1.38787E+03    1.34329E+03    1.43244E+03
 1.22000E+02    1.38711E+03    1.34256E+03    1.43166E+03
 1.23721E+02    1.38288E+03    1.33846E+03    1.42729E+03
 1.24000E+02    1.38219E+03    1.33780E+03    1.42658E+03
 1.25749E+02    1.37788E+03    1.33363E+03    1.42213E+03
 1.26000E+02    1.37726E+03    1.33303E+03    1.42149E+03
 1.27778E+02    1.37289E+03    1.32880E+03    1.41698E+03
 1.28000E+02    1.37234E+03    1.32827E+03    1.41641E+03
 1.29806E+02    1.36790E+03    1.32397E+03    1.41183E+03
 1.30000E+02    1.36742E+03    1.32350E+03    1.41134E+03
 1.31834E+02    1.36343E+03    1.31964E+03    1.40722E+03
 1.32000E+02    1.36307E+03    1.31929E+03    1.40685E+03
 1.33862E+02    1.35902E+03    1.31537E+03    1.40267E+03
 1.34000E+02    1.35872E+03    1.31508E+03    1.40236E+03
 1.35891E+02    1.35462E+03    1.31111E+03    1.39812E+03
 1.36000E+02    1.35438E+03    1.31088E+03    1.39788E+03
 1.37919E+02    1.35021E+03    1.30684E+03    1.39357E+03
 1.38000E+02    1.35003E+03    1.30667E+03    1.39339E+03
 1.39947E+02    1.34580E+03    1.30257E+03    1.38902E+03
 1.40000E+02    1.34568E+03    1.30246E+03    1.38890E+03
 1.41975E+02    1.34185E+03    1.29875E+03    1.38494E+03
 1.42000E+02    1.34180E+03    1.29871E+03    1.38489E+03
 1.44000E+02    1.33791E+03    1.29494E+03    1.38088E+03
 1.46000E+02    1.33403E+03    1.29119E+03    1.37687E+03
 1.48000E+02    1.33014E+03    1.28742E+03    1.37286E+03
 1.50000E+02    1.32626E+03    1.28367E+03    1.36885E+03
 1.52000E+02    1.32275E+03    1.28027E+03    1.36523E+03
 1.54000E+02    1.31924E+03    1.27687E+03    1.36161E+03
 1.56000E+02    1.31573E+03    1.27347E+03    1.35799E+03
 1.58000E+02    1.31222E+03    1.27008E+03    1.35436E+03
 1.60000E+02    1.30871E+03    1.26668E+03    1.35074E+03
 1.62000E+02    1.30563E+03    1.26370E+03    1.34756E+03
 1.64000E+02    1.30256E+03    1.26073E+03    1.34439E+03
 1.66000E+02    1.29948E+03    1.25775E+03    1.34121E+03
 1.68000E+02    1.29641E+03    1.25477E+03    1.33805E+03
 1.70000E+02    1.29333E+03    1.25179E+03    1.33487E+03
 1.72000E+02    1.29025E+03    1.24881E+03    1.33169E+03
 1.74000E+02    1.28718E+03    1.24584E+03    1.32852E+03
 1.76000E+02    1.28410E+03    1.24286E+03    1.32534E+03
 1.78000E+02    1.28103E+03    1.23989E+03    1.32217E+03
 1.80000E+02    1.27795E+03    1.23691E+03    1.31899E+03
 1.82000E+02    1.27530E+03    1.23434E+03    1.31626E+03
 1.84000E+02    1.27265E+03    1.23178E+03    1.31352E+03
 1.86000E+02    1.27000E+03    1.22921E+03    1.31079E+03
 1.88000E+02    1.26735E+03    1.22665E+03    1.30805E+03
 1.90000E+02    1.26470E+03    1.22408E+03    1.30532E+03
 1.92000E+02    1.26205E+03    1.22152E+03    1.30258E+03
 1.94000E+02    1.25940E+03    1.21895E+03    1.29985E+03
 1.96000E+02    1.25675E+03    1.21639E+03    1.29711E+03
 1.98000E+02    1.25410E+03    1.21382E+03    1.29438E+03
 2.00000E+02    1.25145E+03    1.21126E+03    1.29164E+03
