# n + Lu176 : (n,n'23)  
# tendl.2019 A.J. Koning and D. Rochman        EVAL-NOV19
# uncertainties: n
# # energies =    77
#   E(MeV)       xs(mb) 
 5.67161E-01    0.00000E+00
 5.81314E-01    4.56280E+01
 5.95166E-01    9.02856E+01
 5.99160E-01    1.03162E+02
 6.00000E-01    1.05870E+02
 6.16967E-01    1.08251E+02
 6.18626E-01    1.08483E+02
 6.38837E-01    1.11319E+02
 6.41416E-01    1.11681E+02
 7.00000E-01    1.19901E+02
 8.00000E-01    1.11330E+02
 9.00000E-01    9.80199E+01
 1.00000E+00    8.04040E+01
 1.20000E+00    4.74053E+01
 1.40000E+00    2.65727E+01
 1.60000E+00    1.51182E+01
 1.80000E+00    8.88162E+00
 2.00000E+00    5.39997E+00
 2.20000E+00    3.38862E+00
 2.40000E+00    2.18683E+00
 2.60000E+00    1.44682E+00
 2.80000E+00    9.78093E-01
 3.00000E+00    6.73193E-01
 3.20000E+00    4.70815E-01
 3.40000E+00    3.33919E-01
 3.60000E+00    2.39984E-01
 3.80000E+00    1.74445E-01
 4.00000E+00    1.28218E-01
 4.20000E+00    9.53184E-02
 4.40000E+00    7.16223E-02
 4.60000E+00    5.43176E-02
 4.80000E+00    4.15249E-02
 5.00000E+00    3.19514E-02
 5.20000E+00    2.47088E-02
 5.40000E+00    1.91369E-02
 5.60000E+00    1.48728E-02
 5.80000E+00    1.14515E-02
 6.00000E+00    8.84658E-03
 6.20000E+00    6.83120E-03
 6.40000E+00    5.26429E-03
 6.60000E+00    4.05826E-03
 6.80000E+00    3.12233E-03
 7.00000E+00    2.39844E-03
 7.20000E+00    1.84245E-03
 7.40000E+00    1.41356E-03
 7.60000E+00    1.08522E-03
 7.80000E+00    8.33668E-04
 8.00000E+00    6.40788E-04
 8.50000E+00    3.34732E-04
 9.00000E+00    1.77457E-04
 9.50000E+00    9.56495E-05
 1.00000E+01    5.23862E-05
 1.05000E+01    2.91082E-05
 1.10000E+01    1.63636E-05
 1.15000E+01    9.28989E-06
 1.20000E+01    5.31680E-06
 1.25000E+01    3.06553E-06
 1.30000E+01    1.78245E-06
 1.35000E+01    1.04442E-06
 1.40000E+01    6.16750E-07
 1.45000E+01    3.67110E-07
 1.50000E+01    2.20300E-07
 1.60000E+01    8.12890E-08
 1.70000E+01    3.09290E-08
 1.80000E+01    1.20070E-08
 1.90000E+01    4.78840E-09
 2.00000E+01    1.94610E-09
 2.10000E+01    8.05630E-10
 2.20000E+01    3.38210E-10
 2.30000E+01    1.44570E-10
 2.40000E+01    6.27580E-11
 2.50000E+01    2.77030E-11
 2.60000E+01    1.24280E-11
 2.70000E+01    5.66500E-12
 2.80000E+01    2.61840E-12
 2.90000E+01    1.22570E-12
 3.00000E+01    5.80040E-13
