# p + Rb  0 : (p,g)
# tendl.2019 A.J. Koning                       EVAL-OCT19
# uncertainties: y
# # energies =    49
#   E(MeV)          xs(mb) 
 1.00000E-11    0.00000E+00
 1.00000E-03    2.73703E-12
 5.00000E-01    2.73703E-12
 1.00000E+00    3.60223E-06
 2.00000E+00    3.02188E-02
 3.00000E+00    6.43893E-02
 4.00000E+00    2.36255E-01
 5.00000E+00    5.60672E-01
 6.00000E+00    9.77436E-01
 7.00000E+00    1.32159E+00
 8.00000E+00    1.47592E+00
 9.00000E+00    1.53985E+00
 1.00000E+01    1.51218E+00
 1.10000E+01    1.47345E+00
 1.20000E+01    1.45848E+00
 1.30000E+01    1.45507E+00
 1.40000E+01    1.45538E+00
 1.50000E+01    1.44109E+00
 1.60000E+01    1.40042E+00
 1.70000E+01    1.32606E+00
 1.80000E+01    1.20069E+00
 1.90000E+01    1.07461E+00
 2.00000E+01    9.42134E-01
 2.20000E+01    7.43215E-01
 2.40000E+01    6.12305E-01
 2.60000E+01    5.30542E-01
 2.80000E+01    4.70140E-01
 3.00000E+01    4.26335E-01
 3.00000E+01    4.26335E-01
 3.50000E+01    3.46152E-01
 4.00000E+01    3.03165E-01
 4.50000E+01    2.73637E-01
 5.00000E+01    2.45221E-01
 5.50000E+01    2.28729E-01
 6.00000E+01    2.07340E-01
 6.50000E+01    1.94861E-01
 7.00000E+01    1.76573E-01
 7.50000E+01    1.67560E-01
 8.00000E+01    1.54657E-01
 9.00000E+01    1.31339E-01
 1.00000E+02    1.16186E-01
 1.10000E+02    1.03308E-01
 1.20000E+02    8.59319E-02
 1.30000E+02    7.37409E-02
 1.40000E+02    6.68890E-02
 1.50000E+02    6.11686E-02
 1.60000E+02    5.60939E-02
 1.80000E+02    4.47350E-02
 2.00000E+02    3.24889E-02
