# n + Pu240 : (n,xn)    
# jendl4.0   O.Iwamoto,N.Otuka,S.Chiba,+       EVAL-JAN10
# 
# # energies =    86
#   E(MeV)        xs(mb) 
 4.30039E-02    0.00000E+00
 5.00000E-02    8.61711E+01
 7.00000E-02    3.36109E+02
 1.00000E-01    5.93079E+02
 1.15968E-01    6.76223E+02
 1.30000E-01    7.49302E+02
 1.42285E-01    8.06235E+02
 1.70000E-01    9.18538E+02
 2.00000E-01    1.04277E+03
 2.95556E-01    1.27218E+03
 3.00000E-01    1.28299E+03
 4.00000E-01    1.36686E+03
 4.99610E-01    1.43301E+03
 5.00000E-01    1.43320E+03
 5.99850E-01    1.35567E+03
 6.00000E-01    1.36009E+03
 6.51576E-01    1.40717E+03
 7.00000E-01    1.43197E+03
 7.45449E-01    1.42379E+03
 7.50942E-01    1.42279E+03
 8.00000E-01    1.40940E+03
 8.64327E-01    1.39519E+03
 9.00000E-01    1.40348E+03
 9.04103E-01    1.40392E+03
 9.42002E-01    1.42866E+03
 9.62879E-01    1.45747E+03
 9.96369E-01    1.50110E+03
 1.00000E+00    1.50519E+03
 1.00614E+00    1.51137E+03
 1.03486E+00    1.54386E+03
 1.04188E+00    1.55323E+03
 1.04618E+00    1.55922E+03
 1.06014E+00    1.57669E+03
 1.08074E+00    1.59821E+03
 1.09403E+00    1.61157E+03
 1.12022E+00    1.63922E+03
 1.13570E+00    1.65309E+03
 1.14175E+00    1.66088E+03
 1.16641E+00    1.69256E+03
 1.18245E+00    1.70905E+03
 1.18546E+00    1.71294E+03
 1.20404E+00    1.73744E+03
 1.22814E+00    1.76770E+03
 1.23764E+00    1.78102E+03
 1.24601E+00    1.79133E+03
 1.30000E+00    1.85568E+03
 1.60000E+00    2.03526E+03
 1.80000E+00    2.08630E+03
 2.00000E+00    2.10949E+03
 2.30000E+00    2.11141E+03
 2.50000E+00    2.09683E+03
 2.70000E+00    2.07561E+03
 3.00000E+00    2.07235E+03
 3.50000E+00    2.01237E+03
 4.00000E+00    1.98038E+03
 4.50000E+00    1.98453E+03
 5.00000E+00    2.00210E+03
 5.50000E+00    1.97001E+03
 6.00000E+00    1.83159E+03
 6.50000E+00    1.57491E+03
 7.00000E+00    1.38170E+03
 7.50000E+00    1.43100E+03
 8.00000E+00    1.50767E+03
 8.50000E+00    1.52177E+03
 9.00000E+00    1.59441E+03
 9.50000E+00    1.61495E+03
 1.00000E+01    1.64939E+03
 1.05000E+01    1.68729E+03
 1.10000E+01    1.70579E+03
 1.15000E+01    1.75526E+03
 1.20000E+01    1.78600E+03
 1.25000E+01    1.81959E+03
 1.30000E+01    1.82965E+03
 1.35000E+01    1.80661E+03
 1.40000E+01    1.74535E+03
 1.45000E+01    1.66009E+03
 1.50000E+01    1.56812E+03
 1.55000E+01    1.47541E+03
 1.60000E+01    1.39239E+03
 1.65000E+01    1.34183E+03
 1.70000E+01    1.29479E+03
 1.75000E+01    1.25381E+03
 1.80000E+01    1.23929E+03
 1.85000E+01    1.23672E+03
 1.95000E+01    1.23965E+03
 2.00000E+01    1.22987E+03
