# n + Sm149 : (n,el)    
# jendl4.0   N.Iwamoto,A.Zukeran               EVAL-Nov09
# uncertainties: n
# # energies =   616
#   E(MeV)       xs(mb) 
 1.00000E-11    4.96971E+05
 1.04713E-11    4.86107E+05
 1.09648E-11    4.75494E+05
 1.14815E-11    4.65144E+05
 1.20226E-11    4.55027E+05
 1.25893E-11    4.45165E+05
 1.31826E-11    4.35525E+05
 1.38038E-11    4.26128E+05
 1.44544E-11    4.16946E+05
 1.51356E-11    4.07992E+05
 1.58489E-11    3.99251E+05
 1.65959E-11    3.90720E+05
 1.73780E-11    3.82400E+05
 1.81970E-11    3.74275E+05
 1.90546E-11    3.66357E+05
 1.99526E-11    3.58623E+05
 2.08930E-11    3.51089E+05
 2.18776E-11    3.43730E+05
 2.29087E-11    3.36561E+05
 2.39883E-11    3.29564E+05
 2.51189E-11    3.22744E+05
 2.63027E-11    3.16094E+05
 2.75423E-11    3.09609E+05
 2.88403E-11    3.03293E+05
 3.01995E-11    2.97128E+05
 3.16228E-11    2.91124E+05
 3.31131E-11    2.85274E+05
 3.46737E-11    2.79568E+05
 3.63078E-11    2.74016E+05
 3.80189E-11    2.68606E+05
 3.98107E-11    2.63331E+05
 4.16869E-11    2.58203E+05
 4.36516E-11    2.53204E+05
 4.57088E-11    2.48337E+05
 4.78630E-11    2.43605E+05
 5.01187E-11    2.38994E+05
 5.24807E-11    2.34510E+05
 5.49541E-11    2.30150E+05
 5.75440E-11    2.25903E+05
 6.02560E-11    2.21779E+05
 6.30957E-11    2.17769E+05
 6.60693E-11    2.13866E+05
 6.91831E-11    2.10080E+05
 7.24436E-11    2.06398E+05
 7.58578E-11    2.02821E+05
 7.94328E-11    1.99351E+05
 8.31764E-11    1.95980E+05
 8.70964E-11    1.92706E+05
 9.12011E-11    1.89532E+05
 9.54993E-11    1.86454E+05
 1.00000E-10    1.83467E+05
 1.04713E-10    1.80570E+05
 1.09648E-10    1.77767E+05
 1.14815E-10    1.75050E+05
 1.20226E-10    1.72416E+05
 1.25893E-10    1.69870E+05
 1.31826E-10    1.67406E+05
 1.38038E-10    1.65021E+05
 1.44544E-10    1.62714E+05
 1.51356E-10    1.60484E+05
 1.58489E-10    1.58331E+05
 1.65959E-10    1.56252E+05
 1.73780E-10    1.54244E+05
 1.81970E-10    1.52307E+05
 1.90546E-10    1.50438E+05
 1.99526E-10    1.48636E+05
 2.08930E-10    1.46901E+05
 2.18776E-10    1.45230E+05
 2.29087E-10    1.43621E+05
 2.39883E-10    1.42073E+05
 2.51189E-10    1.40584E+05
 2.63027E-10    1.39153E+05
 2.75423E-10    1.37779E+05
 2.88403E-10    1.36460E+05
 3.01995E-10    1.35194E+05
 3.16228E-10    1.33981E+05
 3.31131E-10    1.32817E+05
 3.46737E-10    1.31703E+05
 3.63078E-10    1.30637E+05
 3.80189E-10    1.29616E+05
 3.98107E-10    1.28640E+05
 4.16869E-10    1.27709E+05
 4.36516E-10    1.26819E+05
 4.57088E-10    1.25971E+05
 4.78630E-10    1.25162E+05
 5.01187E-10    1.24392E+05
 5.24807E-10    1.23659E+05
 5.49541E-10    1.22961E+05
 5.75440E-10    1.22298E+05
 6.02560E-10    1.21668E+05
 6.30957E-10    1.21072E+05
 6.60693E-10    1.20508E+05
 6.91831E-10    1.19974E+05
 7.24436E-10    1.19467E+05
 7.58578E-10    1.18990E+05
 7.94328E-10    1.18543E+05
 8.31764E-10    1.18120E+05
 8.70964E-10    1.17722E+05
 9.12011E-10    1.17353E+05
 9.54993E-10    1.17006E+05
 1.00000E-09    1.16680E+05
 1.04713E-09    1.16384E+05
 1.09648E-09    1.16104E+05
 1.14815E-09    1.15848E+05
 1.20226E-09    1.15617E+05
 1.25892E-09    1.15399E+05
 1.31826E-09    1.15211E+05
 1.38038E-09    1.15035E+05
 1.44544E-09    1.14885E+05
 1.51356E-09    1.14750E+05
 1.58489E-09    1.14637E+05
 1.65959E-09    1.14541E+05
 1.73780E-09    1.14466E+05
 1.81970E-09    1.14408E+05
 1.90546E-09    1.14372E+05
 1.99526E-09    1.14345E+05
 2.08930E-09    1.14349E+05
 2.18776E-09    1.14370E+05
 2.29087E-09    1.14402E+05
 2.39883E-09    1.14464E+05
 2.51189E-09    1.14533E+05
 2.63027E-09    1.14634E+05
 2.75423E-09    1.14747E+05
 2.88403E-09    1.14880E+05
 3.01995E-09    1.15041E+05
 3.16228E-09    1.15212E+05
 3.31131E-09    1.15416E+05
 3.46737E-09    1.15638E+05
 3.63078E-09    1.15877E+05
 3.80189E-09    1.16153E+05
 3.98107E-09    1.16443E+05
 4.16869E-09    1.16759E+05
 4.36516E-09    1.17111E+05
 4.57088E-09    1.17480E+05
 4.78630E-09    1.17880E+05
 5.01187E-09    1.18318E+05
 5.24807E-09    1.18777E+05
 5.49541E-09    1.19275E+05
 5.75440E-09    1.19812E+05
 6.02560E-09    1.20374E+05
 6.30957E-09    1.20983E+05
 6.60693E-09    1.21634E+05
 6.91831E-09    1.22318E+05
 7.24436E-09    1.23060E+05
 7.58578E-09    1.23845E+05
 7.94328E-09    1.24674E+05
 8.31764E-09    1.25570E+05
 8.70964E-09    1.26512E+05
 9.12011E-09    1.27523E+05
 9.54993E-09    1.28599E+05
 1.00000E-08    1.29739E+05
 1.04713E-08    1.30964E+05
 1.09648E-08    1.32257E+05
 1.14815E-08    1.33649E+05
 1.20226E-08    1.35122E+05
 1.25893E-08    1.36706E+05
 1.31826E-08    1.38388E+05
 1.38038E-08    1.40191E+05
 1.44544E-08    1.42121E+05
 1.51356E-08    1.44181E+05
 1.58489E-08    1.46395E+05
 1.65959E-08    1.48768E+05
 1.73780E-08    1.51314E+05
 1.81970E-08    1.54054E+05
 1.90546E-08    1.57004E+05
 1.99526E-08    1.60184E+05
 2.08930E-08    1.63617E+05
 2.18776E-08    1.67328E+05
 2.29087E-08    1.71347E+05
 2.39883E-08    1.75707E+05
 2.51189E-08    1.80446E+05
 2.63027E-08    1.85610E+05
 2.75423E-08    1.91248E+05
 2.88403E-08    1.97412E+05
 3.01995E-08    2.04177E+05
 3.16228E-08    2.11613E+05
 3.31131E-08    2.19816E+05
 3.46737E-08    2.28884E+05
 3.63078E-08    2.38946E+05
 3.80189E-08    2.50146E+05
 3.98107E-08    2.62654E+05
 4.16869E-08    2.76673E+05
 4.36516E-08    2.92447E+05
 4.57088E-08    3.10260E+05
 4.78630E-08    3.30457E+05
 5.01187E-08    3.53435E+05
 5.24807E-08    3.79675E+05
 5.49541E-08    4.09730E+05
 5.75440E-08    4.44224E+05
 6.02560E-08    4.83836E+05
 6.30957E-08    5.29268E+05
 6.60693E-08    5.81118E+05
 6.91831E-08    6.39681E+05
 7.24436E-08    7.04652E+05
 7.58578E-08    7.74539E+05
 7.94328E-08    8.46380E+05
 8.31764E-08    9.14689E+05
 8.70964E-08    9.71629E+05
 9.12011E-08    1.00778E+06
 9.54993E-08    1.01433E+06
 1.00000E-07    9.86067E+05
 1.04713E-07    9.23880E+05
 1.09648E-07    8.35086E+05
 1.14815E-07    7.31195E+05
 1.20226E-07    6.23900E+05
 1.25893E-07    5.22489E+05
 1.31826E-07    4.32404E+05
 1.38038E-07    3.55637E+05
 1.44544E-07    2.91929E+05
 1.51356E-07    2.39880E+05
 1.58489E-07    1.97668E+05
 1.65959E-07    1.63514E+05
 1.73780E-07    1.35856E+05
 1.81970E-07    1.13379E+05
 1.90546E-07    9.50367E+04
 1.99526E-07    7.99959E+04
 2.08930E-07    6.75968E+04
 2.18776E-07    5.73202E+04
 2.29087E-07    4.87582E+04
 2.39883E-07    4.15894E+04
 2.51189E-07    3.55574E+04
 2.63027E-07    3.04583E+04
 2.75423E-07    2.61288E+04
 2.88403E-07    2.24374E+04
 3.01995E-07    1.92773E+04
 3.16228E-07    1.65616E+04
 3.31131E-07    1.42192E+04
 3.46737E-07    1.21915E+04
 3.63078E-07    1.04302E+04
 3.80189E-07    8.89506E+03
 3.98107E-07    7.55288E+03
 4.16869E-07    6.37593E+03
 4.36516E-07    5.34098E+03
 4.57088E-07    4.42915E+03
 4.78630E-07    3.62558E+03
 5.01187E-07    2.91923E+03
 5.24807E-07    2.30337E+03
 5.49541E-07    1.77794E+03
 5.75440E-07    1.35256E+03
 6.02560E-07    1.05505E+03
 6.30957E-07    9.50657E+02
 6.60693E-07    1.19089E+03
 6.91831E-07    2.15441E+03
 7.24436E-07    4.93500E+03
 7.58578E-07    1.35317E+04
 7.94328E-07    4.68446E+04
 8.31764E-07    1.47724E+05
 8.70964E-07    1.77439E+05
 9.12011E-07    8.35155E+04
 9.54993E-07    3.79674E+04
 1.00000E-06    2.22198E+04
 1.04713E-06    1.51253E+04
 1.09648E-06    1.12333E+04
 1.14815E-06    8.81627E+03
 1.20226E-06    7.18459E+03
 1.25893E-06    6.01551E+03
 1.31826E-06    5.13857E+03
 1.38038E-06    4.45884E+03
 1.44544E-06    3.91661E+03
 1.51356E-06    3.47465E+03
 1.58489E-06    3.10739E+03
 1.65959E-06    2.79727E+03
 1.73780E-06    2.53233E+03
 1.81970E-06    2.30310E+03
 1.90546E-06    2.10209E+03
 1.99526E-06    1.92462E+03
 2.08930E-06    1.76634E+03
 2.18776E-06    1.62392E+03
 2.29087E-06    1.49467E+03
 2.39883E-06    1.37668E+03
 2.51189E-06    1.26786E+03
 2.63027E-06    1.16688E+03
 2.75423E-06    1.07231E+03
 2.88403E-06    9.83251E+02
 3.01995E-06    8.98985E+02
 3.16228E-06    8.19097E+02
 3.31131E-06    7.43448E+02
 3.46737E-06    6.72945E+02
 3.63078E-06    6.10372E+02
 3.80189E-06    5.63281E+02
 3.98107E-06    5.52638E+02
 4.16869E-06    6.45986E+02
 4.36516E-06    1.14852E+03
 4.57088E-06    5.27208E+03
 4.78630E-06    1.17538E+05
 5.01187E-06    2.40338E+04
 5.24807E-06    3.23180E+03
 5.49541E-06    1.38172E+03
 5.75440E-06    6.44412E+02
 6.02560E-06    7.76743E+02
 6.30957E-06    1.75374E+04
 6.60693E-06    2.75143E+03
 6.91831E-06    1.44424E+03
 7.24436E-06    1.40906E+03
 7.58578E-06    2.20966E+03
 7.94328E-06    5.75625E+03
 8.31764E-06    3.76554E+04
 8.70964E-06    9.32789E+05
 9.12011E-06    6.65509E+04
 9.54993E-06    1.41675E+04
 1.00000E-05    6.98346E+03
 1.04713E-05    4.29356E+03
 1.09648E-05    2.81024E+03
 1.14815E-05    8.90743E+03
 1.20226E-05    8.96843E+03
 1.25893E-05    1.91465E+03
 1.31826E-05    1.13605E+03
 1.38038E-05    8.80446E+02
 1.44544E-05    9.45803E+04
 1.51356E-05    8.06738E+03
 1.58489E-05    2.63275E+03
 1.65959E-05    1.10623E+04
 1.73780E-05    3.31983E+03
 1.81970E-05    1.72789E+03
 1.90546E-05    1.22108E+03
 1.99526E-05    8.65714E+02
 2.08930E-05    5.55837E+02
 2.18776E-05    2.37017E+02
 2.29087E-05    1.48835E+03
 2.39883E-05    2.49672E+04
 2.51189E-05    1.81032E+05
 2.63027E-05    3.55298E+03
 2.75423E-05    1.31926E+03
 2.88403E-05    7.12043E+03
 3.01995E-05    7.35296E+04
 3.16228E-05    9.96855E+02
 3.31131E-05    2.57066E+04
 3.46737E-05    3.71905E+02
 3.63078E-05    2.17766E+02
 3.80189E-05    9.06487E+03
 3.98107E-05    3.54314E+05
 4.16869E-05    4.09825E+04
 4.36516E-05    6.68119E+05
 4.57088E-05    8.90753E+03
 4.78630E-05    1.15391E+04
 5.01187E-05    2.85891E+05
 5.24807E-05    4.85025E+03
 5.49541E-05    8.76435E+04
 5.75440E-05    3.95518E+05
 6.02560E-05    1.62874E+05
 6.30957E-05    2.60750E+05
 6.60693E-05    3.99887E+04
 6.91831E-05    2.85433E+05
 7.24436E-05    5.50011E+05
 7.58578E-05    2.12037E+04
 7.94328E-05    4.65158E+03
 8.31764E-05    1.84822E+04
 8.70964E-05    2.56964E+05
 9.12011E-05    2.25242E+05
 9.54993E-05    5.82539E+05
 1.00000E-04    4.82526E+04
 1.04713E-04    6.26824E+04
 1.09648E-04    2.45720E+04
 1.14815E-04    4.34634E+04
 1.20226E-04    3.94736E+04
 1.25893E-04    7.69536E+03
 1.31826E-04    4.51133E+05
 1.38038E-04    1.93911E+04
 1.44544E-04    1.64566E+05
 1.51356E-04    5.01324E+04
 1.58489E-04    1.26538E+04
 1.65959E-04    1.99036E+04
 1.73780E-04    4.55667E+04
 1.81970E-04    2.36148E+05
 1.90546E-04    2.33877E+04
 1.99526E-04    8.91297E+04
 2.08930E-04    2.11842E+04
 2.18776E-04    2.23273E+04
 2.29087E-04    4.12716E+04
 2.39883E-04    5.15071E+04
 2.51189E-04    9.50996E+04
 2.63027E-04    8.18332E+04
 2.75423E-04    7.30661E+04
 2.88403E-04    3.59001E+04
 3.01995E-04    5.68771E+04
 3.16228E-04    5.83805E+04
 3.31131E-04    5.68378E+04
 3.46737E-04    5.72809E+04
 3.63078E-04    7.42960E+04
 3.80189E-04    3.17985E+04
 3.98107E-04    4.32570E+04
 4.16869E-04    2.87315E+04
 4.36516E-04    2.23878E+04
 4.57088E-04    2.89995E+04
 4.78630E-04    4.07603E+04
 5.01187E-04    5.71470E+04
 5.24807E-04    6.49344E+04
 5.49541E-04    6.39113E+04
 5.75440E-04    6.29050E+04
 6.02560E-04    6.19171E+04
 6.30957E-04    6.09412E+04
 6.60693E-04    5.99835E+04
 6.91831E-04    5.90329E+04
 7.24436E-04    5.80868E+04
 7.58578E-04    5.71527E+04
 7.94328E-04    5.62339E+04
 8.31764E-04    5.53309E+04
 8.70964E-04    5.44419E+04
 9.12011E-04    5.35665E+04
 9.54993E-04    5.27063E+04
 1.00000E-03    5.18311E+04
 1.04713E-03    5.09468E+04
 1.09648E-03    5.00759E+04
 1.14815E-03    4.92192E+04
 1.20226E-03    4.83778E+04
 1.25893E-03    4.75500E+04
 1.31826E-03    4.67369E+04
 1.38038E-03    4.59376E+04
 1.44544E-03    4.51537E+04
 1.51356E-03    4.43812E+04
 1.58489E-03    4.36222E+04
 1.65959E-03    4.28757E+04
 1.73780E-03    4.21437E+04
 1.81970E-03    4.14238E+04
 1.90546E-03    4.07158E+04
 1.99526E-03    4.00179E+04
 2.08930E-03    3.93350E+04
 2.18776E-03    3.86628E+04
 2.29087E-03    3.80013E+04
 2.39883E-03    3.73517E+04
 2.51189E-03    3.67125E+04
 2.63027E-03    3.60848E+04
 2.75423E-03    3.54676E+04
 2.88403E-03    3.48623E+04
 3.01995E-03    3.42661E+04
 3.16228E-03    3.36799E+04
 3.31131E-03    3.31036E+04
 3.46737E-03    3.25384E+04
 3.63078E-03    3.19825E+04
 3.80189E-03    3.14360E+04
 3.98107E-03    3.08872E+04
 4.16869E-03    3.03329E+04
 4.36516E-03    2.97878E+04
 4.57088E-03    2.92529E+04
 4.78630E-03    2.87275E+04
 5.01187E-03    2.82116E+04
 5.24807E-03    2.77062E+04
 5.49541E-03    2.72082E+04
 5.75440E-03    2.67193E+04
 6.02560E-03    2.62404E+04
 6.30957E-03    2.57686E+04
 6.60693E-03    2.53065E+04
 6.91831E-03    2.48491E+04
 7.24436E-03    2.43949E+04
 7.58578E-03    2.39491E+04
 7.94328E-03    2.35103E+04
 8.31764E-03    2.30801E+04
 8.70964E-03    2.26584E+04
 9.12011E-03    2.22432E+04
 9.54993E-03    2.18365E+04
 1.00000E-02    2.14353E+04
 1.04713E-02    2.10408E+04
 1.09648E-02    2.06544E+04
 1.14815E-02    2.02743E+04
 1.20226E-02    1.99013E+04
 1.25893E-02    1.95347E+04
 1.31826E-02    1.91752E+04
 1.38038E-02    1.88223E+04
 1.44544E-02    1.84760E+04
 1.51356E-02    1.81367E+04
 1.58489E-02    1.78025E+04
 1.65959E-02    1.74748E+04
 1.73780E-02    1.71538E+04
 1.81970E-02    1.68377E+04
 1.90546E-02    1.65282E+04
 1.99526E-02    1.62230E+04
 2.08930E-02    1.59226E+04
 2.18776E-02    1.56248E+04
 2.29087E-02    1.52633E+04
 2.39883E-02    1.48818E+04
 2.51189E-02    1.45089E+04
 2.63027E-02    1.41190E+04
 2.75423E-02    1.37267E+04
 2.88403E-02    1.33469E+04
 3.01995E-02    1.30455E+04
 3.16228E-02    1.27897E+04
 3.31131E-02    1.25391E+04
 3.46737E-02    1.22938E+04
 3.63078E-02    1.20529E+04
 3.80189E-02    1.18171E+04
 3.98107E-02    1.15914E+04
 4.16869E-02    1.13784E+04
 4.36516E-02    1.11698E+04
 4.57088E-02    1.09644E+04
 4.78630E-02    1.07632E+04
 5.01187E-02    1.05654E+04
 5.24807E-02    1.03719E+04
 5.49541E-02    1.01813E+04
 5.75440E-02    9.99466E+03
 6.02560E-02    9.81599E+03
 6.30957E-02    9.64306E+03
 6.60693E-02    9.47371E+03
 6.91831E-02    9.30777E+03
 7.24436E-02    9.14658E+03
 7.58578E-02    8.98842E+03
 7.94328E-02    8.83205E+03
 8.31764E-02    8.67781E+03
 8.70964E-02    8.52615E+03
 9.12011E-02    8.37590E+03
 9.54993E-02    8.22816E+03
 1.00000E-01    8.09105E+03
 1.04713E-01    7.96461E+03
 1.09648E-01    7.83973E+03
 1.14815E-01    7.71599E+03
 1.20226E-01    7.59758E+03
 1.25893E-01    7.47977E+03
 1.31826E-01    7.35676E+03
 1.38038E-01    7.24041E+03
 1.44544E-01    7.12482E+03
 1.51356E-01    7.00699E+03
 1.58489E-01    6.90361E+03
 1.65959E-01    6.81863E+03
 1.73780E-01    6.73334E+03
 1.81970E-01    6.64494E+03
 1.90546E-01    6.56367E+03
 1.99526E-01    6.48196E+03
 2.08930E-01    6.39641E+03
 2.18776E-01    6.31427E+03
 2.29087E-01    6.23457E+03
 2.39883E-01    6.15134E+03
 2.51189E-01    6.09060E+03
 2.63027E-01    6.04520E+03
 2.75423E-01    5.97596E+03
 2.88403E-01    5.78572E+03
 3.01995E-01    5.64591E+03
 3.16228E-01    5.56854E+03
 3.31131E-01    5.48798E+03
 3.46737E-01    5.41538E+03
 3.63078E-01    5.35127E+03
 3.80189E-01    5.29214E+03
 3.98107E-01    5.24469E+03
 4.16869E-01    5.22528E+03
 4.36516E-01    5.20590E+03
 4.57088E-01    5.18560E+03
 4.78630E-01    5.16435E+03
 5.01187E-01    5.14228E+03
 5.24807E-01    5.12194E+03
 5.49541E-01    5.10127E+03
 5.75440E-01    5.06293E+03
 6.02560E-01    4.99447E+03
 6.30957E-01    4.94397E+03
 6.60693E-01    4.87170E+03
 6.91831E-01    4.80537E+03
 7.24436E-01    4.77372E+03
 7.58578E-01    4.74313E+03
 7.94328E-01    4.71011E+03
 8.31764E-01    4.66719E+03
 8.70964E-01    4.61941E+03
 9.12011E-01    4.59919E+03
 9.54993E-01    4.58814E+03
 1.00000E+00    4.57636E+03
 1.04713E+00    4.56394E+03
 1.09648E+00    4.55093E+03
 1.14815E+00    4.53730E+03
 1.20226E+00    4.52304E+03
 1.25893E+00    4.50810E+03
 1.31826E+00    4.48962E+03
 1.38038E+00    4.46175E+03
 1.44544E+00    4.42800E+03
 1.51356E+00    4.38763E+03
 1.58489E+00    4.34534E+03
 1.65959E+00    4.30096E+03
 1.73780E+00    4.24990E+03
 1.81970E+00    4.19397E+03
 1.90546E+00    4.13540E+03
 1.99526E+00    4.07190E+03
 2.08930E+00    4.00078E+03
 2.18776E+00    3.92615E+03
 2.29087E+00    3.84801E+03
 2.39883E+00    3.76619E+03
 2.51189E+00    3.68044E+03
 2.63027E+00    3.59034E+03
 2.75423E+00    3.49595E+03
 2.88403E+00    3.39711E+03
 3.01995E+00    3.29361E+03
 3.16228E+00    3.18767E+03
 3.31131E+00    3.08666E+03
 3.46737E+00    2.98416E+03
 3.63078E+00    2.88033E+03
 3.80189E+00    2.78040E+03
 3.98107E+00    2.68141E+03
 4.16869E+00    2.58796E+03
 4.36516E+00    2.49713E+03
 4.57088E+00    2.41488E+03
 4.78630E+00    2.33604E+03
 5.01187E+00    2.26856E+03
 5.24807E+00    2.20990E+03
 5.49541E+00    2.15881E+03
 5.75440E+00    2.11694E+03
 6.02560E+00    2.08840E+03
 6.30957E+00    2.07973E+03
 6.60693E+00    2.08171E+03
 6.91831E+00    2.09268E+03
 7.24436E+00    2.11854E+03
 7.58578E+00    2.15415E+03
 7.94328E+00    2.19967E+03
 8.31764E+00    2.25528E+03
 8.70964E+00    2.31645E+03
 9.12011E+00    2.38380E+03
 9.54993E+00    2.45435E+03
 1.00000E+01    2.52706E+03
 1.04713E+01    2.60000E+03
 1.09648E+01    2.67130E+03
 1.14815E+01    2.73884E+03
 1.20226E+01    2.80084E+03
 1.25893E+01    2.85535E+03
 1.31826E+01    2.90045E+03
 1.38038E+01    2.93451E+03
 1.44544E+01    2.95555E+03
 1.51356E+01    2.96240E+03
 1.58489E+01    2.95461E+03
 1.65959E+01    2.93125E+03
 1.73780E+01    2.89282E+03
 1.81970E+01    2.83953E+03
 1.90546E+01    2.77241E+03
 1.99526E+01    1.40742E+02
