# p + Os  0 : (p,n')m
# tendl.2019 A.J. Koning                       EVAL-OCT19
# uncertainties: y
# # energies =    46
#   E(MeV)          xs(mb) 
 1.89560E+00    0.00000E+00
 2.00000E+00    5.80109E-10
 3.00000E+00    8.89657E-06
 4.00000E+00    1.69175E-03
 5.00000E+00    5.30582E-02
 6.00000E+00    6.23643E-01
 7.00000E+00    3.75409E+00
 8.00000E+00    1.37736E+01
 9.00000E+00    2.46562E+01
 1.00000E+01    2.38585E+01
 1.10000E+01    1.79017E+01
 1.20000E+01    1.24875E+01
 1.30000E+01    7.65029E+00
 1.40000E+01    5.29223E+00
 1.50000E+01    4.17845E+00
 1.60000E+01    3.68903E+00
 1.70000E+01    3.46174E+00
 1.80000E+01    3.32839E+00
 1.90000E+01    3.27046E+00
 2.00000E+01    3.18458E+00
 2.20000E+01    3.08396E+00
 2.40000E+01    2.97610E+00
 2.60000E+01    2.84212E+00
 2.80000E+01    2.70750E+00
 3.00000E+01    2.54684E+00
 3.00000E+01    2.54684E+00
 3.50000E+01    2.26913E+00
 4.00000E+01    1.95066E+00
 4.50000E+01    1.69887E+00
 5.00000E+01    1.44584E+00
 5.50000E+01    1.23294E+00
 6.00000E+01    1.09551E+00
 6.50000E+01    9.35244E-01
 7.00000E+01    8.25973E-01
 7.50000E+01    7.15797E-01
 8.00000E+01    6.36615E-01
 9.00000E+01    5.07122E-01
 1.00000E+02    4.21968E-01
 1.10000E+02    3.50909E-01
 1.20000E+02    3.05019E-01
 1.30000E+02    2.63016E-01
 1.40000E+02    2.33219E-01
 1.50000E+02    2.11212E-01
 1.60000E+02    1.88662E-01
 1.80000E+02    1.59154E-01
 2.00000E+02    1.36170E-01
