# p + Np236 : (p,xt)    
# tendl.2019 A.J. Koning                       EVAL-OCT19
# 
# # energies =    52
#   E(MeV)        xs(mb) 
 3.07073E-01    0.00000E+00
 1.00836E+00    0.00000E+00
 1.06833E+00    0.00000E+00
 1.08387E+00    0.00000E+00
 1.17677E+00    0.00000E+00
 1.38596E+00    0.00000E+00
 1.49758E+00    0.00000E+00
 2.00000E+00    0.00000E+00
 3.00000E+00    0.00000E+00
 4.00000E+00    0.00000E+00
 5.00000E+00    5.44787E-16
 6.00000E+00    1.27663E-15
 7.00000E+00    2.00848E-15
 8.00000E+00    2.74033E-15
 9.00000E+00    2.17742E-11
 1.00000E+01    6.91253E-09
 1.10000E+01    5.20087E-07
 1.20000E+01    1.54510E-05
 1.30000E+01    2.34783E-04
 1.40000E+01    2.14162E-03
 1.50000E+01    1.29516E-02
 1.60000E+01    5.42722E-02
 1.70000E+01    1.62364E-01
 1.80000E+01    3.65811E-01
 1.90000E+01    6.61371E-01
 2.00000E+01    1.00493E+00
 2.20000E+01    1.60168E+00
 2.40000E+01    1.91258E+00
 2.60000E+01    2.01696E+00
 2.80000E+01    1.98622E+00
 3.00000E+01    1.88531E+00
 3.00000E+01    2.40537E-01
 3.50000E+01    1.36684E+00
 4.00000E+01    2.07468E+00
 4.50000E+01    3.20587E+00
 5.00000E+01    4.80111E+00
 5.50000E+01    7.23658E+00
 6.00000E+01    9.66732E+00
 6.50000E+01    1.19021E+01
 7.00000E+01    1.31999E+01
 7.50000E+01    1.46796E+01
 8.00000E+01    1.60403E+01
 9.00000E+01    1.90234E+01
 1.00000E+02    2.13661E+01
 1.10000E+02    2.35043E+01
 1.20000E+02    2.52498E+01
 1.30000E+02    2.64232E+01
 1.40000E+02    2.92371E+01
 1.50000E+02    3.34296E+01
 1.60000E+02    3.80406E+01
 1.80000E+02    5.58555E+01
 2.00000E+02    9.59012E+01
