# n + Hg198 : (n,xd)    
# endfb8.0   M.Chadwick,S.Chiba,P.Young        EVAL-OCT04
# 
# # energies =   255
#   E(MeV)        xs(mb) 
 4.13898E-01    0.00000E+00
 4.13900E-01    0.00000E+00
 4.13995E-01    0.00000E+00
 4.14181E-01    0.00000E+00
 4.14542E-01    0.00000E+00
 4.14881E-01    0.00000E+00
 4.15518E-01    0.00000E+00
 4.16075E-01    0.00000E+00
 4.16564E-01    0.00000E+00
 4.17420E-01    0.00000E+00
 4.18064E-01    0.00000E+00
 4.19031E-01    0.00000E+00
 4.20000E-01    0.00000E+00
 4.21223E-01    0.00000E+00
 4.22373E-01    0.00000E+00
 4.23453E-01    0.00000E+00
 4.24469E-01    0.00000E+00
 4.26380E-01    0.00000E+00
 4.28059E-01    0.00000E+00
 4.29534E-01    0.00000E+00
 4.30828E-01    0.00000E+00
 4.33103E-01    0.00000E+00
 4.34817E-01    0.00000E+00
 4.37401E-01    0.00000E+00
 4.40000E-01    0.00000E+00
 4.42452E-01    0.00000E+00
 4.44608E-01    0.00000E+00
 4.46504E-01    0.00000E+00
 4.49840E-01    0.00000E+00
 4.52359E-01    0.00000E+00
 4.56163E-01    0.00000E+00
 4.60000E-01    0.00000E+00
 4.62403E-01    0.00000E+00
 4.64668E-01    0.00000E+00
 4.68944E-01    0.00000E+00
 4.72718E-01    0.00000E+00
 4.76045E-01    0.00000E+00
 4.78976E-01    0.00000E+00
 4.84147E-01    0.00000E+00
 4.88063E-01    0.00000E+00
 4.91020E-01    0.00000E+00
 4.95490E-01    0.00000E+00
 5.00000E-01    0.00000E+00
 5.05730E-01    0.00000E+00
 5.11162E-01    0.00000E+00
 5.16307E-01    0.00000E+00
 5.26094E-01    0.00000E+00
 5.34810E-01    0.00000E+00
 5.42554E-01    0.00000E+00
 5.49423E-01    0.00000E+00
 5.55504E-01    0.00000E+00
 5.66309E-01    0.00000E+00
 5.74550E-01    0.00000E+00
 5.80809E-01    0.00000E+00
 5.90327E-01    0.00000E+00
 6.00000E-01    0.00000E+00
 6.10886E-01    0.00000E+00
 6.20572E-01    0.00000E+00
 6.29174E-01    0.00000E+00
 6.44515E-01    0.00000E+00
 6.56266E-01    0.00000E+00
 6.74295E-01    0.00000E+00
 6.92820E-01    0.00000E+00
 7.05390E-01    0.00000E+00
 7.16575E-01    0.00000E+00
 7.26508E-01    0.00000E+00
 7.44222E-01    0.00000E+00
 7.57791E-01    0.00000E+00
 7.78610E-01    0.00000E+00
 8.00000E-01    0.00000E+00
 8.22628E-01    0.00000E+00
 8.42953E-01    0.00000E+00
 8.61148E-01    0.00000E+00
 8.93940E-01    0.00000E+00
 9.19351E-01    0.00000E+00
 9.38882E-01    0.00000E+00
 9.68959E-01    0.00000E+00
 1.00000E+00    0.00000E+00
 1.05380E+00    0.00000E+00
 1.05384E+00    0.00000E+00
 1.07836E+00    0.00000E+00
 1.09320E+00    0.00000E+00
 1.09324E+00    0.00000E+00
 1.10288E+00    0.00000E+00
 1.11756E+00    0.00000E+00
 1.13243E+00    0.00000E+00
 1.15192E+00    0.00000E+00
 1.17162E+00    0.00000E+00
 1.19074E+00    0.00000E+00
 1.20529E+00    0.00000E+00
 1.22744E+00    0.00000E+00
 1.25000E+00    0.00000E+00
 1.28014E+00    0.00000E+00
 1.32672E+00    0.00000E+00
 1.37500E+00    0.00000E+00
 1.40864E+00    0.00000E+00
 1.40870E+00    0.00000E+00
 1.42663E+00    0.00000E+00
 1.44042E+00    0.00000E+00
 1.45435E+00    0.00000E+00
 1.47700E+00    0.00000E+00
 1.50000E+00    0.00000E+00
 1.55639E+00    0.00000E+00
 1.62062E+00    0.00000E+00
 1.64390E+00    0.00000E+00
 1.64393E+00    0.00000E+00
 1.68843E+00    0.00000E+00
 1.69188E+00    0.00000E+00
 1.69190E+00    0.00000E+00
 1.73041E+00    0.00000E+00
 1.73294E+00    0.00000E+00
 1.75000E+00    0.00000E+00
 1.76892E+00    0.00000E+00
 1.76897E+00    0.00000E+00
 1.82196E+00    0.00000E+00
 1.82505E+00    0.00000E+00
 1.84184E+00    0.00000E+00
 1.84420E+00    0.00000E+00
 1.84425E+00    0.00000E+00
 1.84595E+00    0.00000E+00
 1.85661E+00    0.00000E+00
 1.86827E+00    0.00000E+00
 1.88318E+00    0.00000E+00
 1.90898E+00    0.00000E+00
 1.91109E+00    0.00000E+00
 1.91943E+00    0.00000E+00
 1.92054E+00    0.00000E+00
 1.92074E+00    0.00000E+00
 1.92212E+00    0.00000E+00
 1.94130E+00    0.00000E+00
 1.95581E+00    0.00000E+00
 1.97778E+00    0.00000E+00
 2.00000E+00    0.00000E+00
 2.05977E+00    0.00000E+00
 2.10576E+00    0.00000E+00
 2.14093E+00    0.00000E+00
 2.19479E+00    0.00000E+00
 2.25000E+00    0.00000E+00
 2.31005E+00    0.00000E+00
 2.35614E+00    0.00000E+00
 2.42701E+00    0.00000E+00
 2.50000E+00    0.00000E+00
 2.62202E+00    0.00000E+00
 2.75000E+00    0.00000E+00
 2.87228E+00    0.00000E+00
 3.00000E+00    0.00000E+00
 3.24037E+00    0.00000E+00
 3.50000E+00    0.00000E+00
 3.75000E+00    0.00000E+00
 4.00000E+00    0.00000E+00
 4.50000E+00    0.00000E+00
 5.00000E+00    0.00000E+00
 5.24404E+00    0.00000E+00
 5.50000E+00    0.00000E+00
 5.74456E+00    0.00000E+00
 6.00000E+00    0.00000E+00
 6.48074E+00    1.17616E-08
 7.00000E+00    2.44655E-08
 7.48331E+00    3.62900E-08
 8.00000E+00    4.89310E-08
 8.11235E+00    3.38680E-05
 8.21912E+00    6.60045E-05
 8.32048E+00    9.65166E-05
 8.41665E+00    1.25463E-04
 8.50782E+00    1.52905E-04
 8.59418E+00    1.78901E-04
 8.75848E+00    2.28357E-04
 8.90482E+00    2.72406E-04
 9.03487E+00    3.11552E-04
 9.15023E+00    3.46274E-04
 9.25237E+00    3.77019E-04
 9.34268E+00    4.04203E-04
 9.50284E+00    4.52413E-04
 9.62476E+00    4.89113E-04
 9.71723E+00    5.16946E-04
 9.85760E+00    5.59198E-04
 1.00000E+01    6.02061E-04
 1.01146E+01    2.69828E-03
 1.02232E+01    4.68528E-03
 1.03261E+01    6.56748E-03
 1.04235E+01    8.34924E-03
 1.05157E+01    1.00349E-02
 1.06028E+01    1.16288E-02
 1.06852E+01    1.31350E-02
 1.07630E+01    1.45577E-02
 1.09103E+01    1.72533E-02
 1.10409E+01    1.96421E-02
 1.11565E+01    2.17558E-02
 1.12586E+01    2.36234E-02
 1.13487E+01    2.52716E-02
 1.14282E+01    2.67246E-02
 1.14981E+01    2.80043E-02
 1.16216E+01    3.02627E-02
 1.17151E+01    3.19724E-02
 1.17857E+01    3.32636E-02
 1.18923E+01    3.52151E-02
 1.20000E+01    3.71843E-02
 1.21162E+01    6.22777E-02
 1.23370E+01    1.09984E-01
 1.25336E+01    1.52441E-01
 1.27081E+01    1.90144E-01
 1.28629E+01    2.23565E-01
 1.29998E+01    2.53143E-01
 1.31208E+01    2.79281E-01
 1.33353E+01    3.25609E-01
 1.34984E+01    3.60852E-01
 1.36221E+01    3.87567E-01
 1.38098E+01    4.28099E-01
 1.40000E+01    4.69189E-01
 1.42356E+01    6.20302E-01
 1.44451E+01    7.54611E-01
 1.46309E+01    8.73752E-01
 1.47954E+01    9.79256E-01
 1.50878E+01    1.16675E+00
 1.53108E+01    1.30980E+00
 1.54803E+01    1.41847E+00
 1.57380E+01    1.58374E+00
 1.60000E+01    1.75176E+00
 1.62373E+01    1.99265E+00
 1.64478E+01    2.20636E+00
 1.68229E+01    2.58704E+00
 1.71097E+01    2.87824E+00
 1.73281E+01    3.09989E+00
 1.76608E+01    3.43768E+00
 1.80000E+01    3.78196E+00
 1.84804E+01    4.35006E+00
 1.88491E+01    4.78606E+00
 1.91305E+01    5.11876E+00
 1.95604E+01    5.62715E+00
 2.00000E+01    6.14696E+00
 2.00000E+01    5.94555E+00
 2.20000E+01    8.51331E+00
 2.40000E+01    1.07755E+01
 2.60000E+01    1.32740E+01
 2.80000E+01    1.57418E+01
 3.00000E+01    1.81341E+01
 3.50000E+01    2.33353E+01
 4.00000E+01    2.73420E+01
 4.50000E+01    3.04373E+01
 5.00000E+01    3.28193E+01
 5.50000E+01    3.47858E+01
 6.00000E+01    3.64804E+01
 6.50000E+01    3.79865E+01
 7.00000E+01    3.95057E+01
 7.50000E+01    4.07370E+01
 8.00000E+01    4.18531E+01
 8.50000E+01    4.28826E+01
 9.00000E+01    4.38596E+01
 9.50000E+01    4.43411E+01
 1.00000E+02    4.52518E+01
 1.10000E+02    4.69985E+01
 1.20000E+02    4.87281E+01
 1.30000E+02    5.00764E+01
 1.40000E+02    5.19421E+01
 1.50000E+02    5.39279E+01
