# n + Hg198 : (n,g)     
# endfb8.0   M.Chadwick,S.Chiba,P.Young        EVAL-OCT04
# uncertainties: n
# # energies =   616
#   E(MeV)       xs(mb) 
 1.00000E-11    9.85622E+04
 1.04713E-11    9.63192E+04
 1.09648E-11    9.41257E+04
 1.14815E-11    9.19844E+04
 1.20226E-11    8.98892E+04
 1.25893E-11    8.78444E+04
 1.31826E-11    8.58436E+04
 1.38038E-11    8.38907E+04
 1.44544E-11    8.19802E+04
 1.51356E-11    8.01147E+04
 1.58489E-11    7.82909E+04
 1.65959E-11    7.65085E+04
 1.73780E-11    7.47676E+04
 1.81970E-11    7.30648E+04
 1.90546E-11    7.14027E+04
 1.99526E-11    6.97762E+04
 2.08930E-11    6.81890E+04
 2.18776E-11    6.66359E+04
 2.29087E-11    6.51199E+04
 2.39883E-11    6.36370E+04
 2.51189E-11    6.21888E+04
 2.63027E-11    6.07732E+04
 2.75423E-11    5.93895E+04
 2.88403E-11    5.80382E+04
 3.01995E-11    5.67163E+04
 3.16228E-11    5.54262E+04
 3.31131E-11    5.41637E+04
 3.46737E-11    5.29316E+04
 3.63078E-11    5.17260E+04
 3.80189E-11    5.05491E+04
 3.98107E-11    4.93982E+04
 4.16869E-11    4.82738E+04
 4.36516E-11    4.71752E+04
 4.57088E-11    4.61009E+04
 4.78630E-11    4.50521E+04
 5.01187E-11    4.40259E+04
 5.24807E-11    4.30245E+04
 5.49541E-11    4.20445E+04
 5.75440E-11    4.10880E+04
 6.02560E-11    4.01523E+04
 6.30957E-11    3.92386E+04
 6.60693E-11    3.83453E+04
 6.91831E-11    3.74724E+04
 7.24436E-11    3.66197E+04
 7.58578E-11    3.57857E+04
 7.94328E-11    3.49716E+04
 8.31764E-11    3.41751E+04
 8.70964E-11    3.33977E+04
 9.12011E-11    3.26370E+04
 9.54993E-11    3.18945E+04
 1.00000E-10    3.11682E+04
 1.04713E-10    3.04589E+04
 1.09648E-10    2.97656E+04
 1.14815E-10    2.90879E+04
 1.20226E-10    2.84261E+04
 1.25893E-10    2.77786E+04
 1.31826E-10    2.71467E+04
 1.38038E-10    2.65284E+04
 1.44544E-10    2.59249E+04
 1.51356E-10    2.53345E+04
 1.58489E-10    2.47581E+04
 1.65959E-10    2.41944E+04
 1.73780E-10    2.36437E+04
 1.81970E-10    2.31056E+04
 1.90546E-10    2.25795E+04
 1.99526E-10    2.20658E+04
 2.08930E-10    2.15632E+04
 2.18776E-10    2.10727E+04
 2.29087E-10    2.05927E+04
 2.39883E-10    2.01243E+04
 2.51189E-10    1.96660E+04
 2.63027E-10    1.92185E+04
 2.75423E-10    1.87810E+04
 2.88403E-10    1.83535E+04
 3.01995E-10    1.79358E+04
 3.16228E-10    1.75274E+04
 3.31131E-10    1.71287E+04
 3.46737E-10    1.67385E+04
 3.63078E-10    1.63578E+04
 3.80189E-10    1.59852E+04
 3.98107E-10    1.56216E+04
 4.16869E-10    1.52658E+04
 4.36516E-10    1.49185E+04
 4.57088E-10    1.45789E+04
 4.78630E-10    1.42470E+04
 5.01187E-10    1.39228E+04
 5.24807E-10    1.36058E+04
 5.49541E-10    1.32963E+04
 5.75440E-10    1.29934E+04
 6.02560E-10    1.26979E+04
 6.30957E-10    1.24087E+04
 6.60693E-10    1.21264E+04
 6.91831E-10    1.18503E+04
 7.24436E-10    1.15806E+04
 7.58578E-10    1.13171E+04
 7.94328E-10    1.10594E+04
 8.31764E-10    1.08078E+04
 8.70964E-10    1.05617E+04
 9.12011E-10    1.03214E+04
 9.54993E-10    1.00864E+04
 1.00000E-09    9.85694E+03
 1.04713E-09    9.63248E+03
 1.09648E-09    9.41334E+03
 1.14815E-09    9.19905E+03
 1.20226E-09    8.98969E+03
 1.25892E-09    8.78514E+03
 1.31826E-09    8.58511E+03
 1.38038E-09    8.38983E+03
 1.44544E-09    8.19876E+03
 1.51356E-09    8.01230E+03
 1.58489E-09    7.82984E+03
 1.65959E-09    7.65175E+03
 1.73780E-09    7.47753E+03
 1.81970E-09    7.30742E+03
 1.90546E-09    7.14111E+03
 1.99526E-09    6.97857E+03
 2.08930E-09    6.81982E+03
 2.18776E-09    6.66454E+03
 2.29087E-09    6.51298E+03
 2.39883E-09    6.36467E+03
 2.51189E-09    6.21994E+03
 2.63027E-09    6.07831E+03
 2.75423E-09    5.94008E+03
 2.88403E-09    5.80486E+03
 3.01995E-09    5.67281E+03
 3.16228E-09    5.54374E+03
 3.31131E-09    5.41756E+03
 3.46737E-09    5.29436E+03
 3.63078E-09    5.17383E+03
 3.80189E-09    5.05620E+03
 3.98107E-09    4.94110E+03
 4.16869E-09    4.82877E+03
 4.36516E-09    4.71886E+03
 4.57088E-09    4.61157E+03
 4.78630E-09    4.50664E+03
 5.01187E-09    4.40414E+03
 5.24807E-09    4.30399E+03
 5.49541E-09    4.20607E+03
 5.75440E-09    4.11046E+03
 6.02560E-09    4.01692E+03
 6.30957E-09    3.92563E+03
 6.60693E-09    3.83629E+03
 6.91831E-09    3.74910E+03
 7.24436E-09    3.66380E+03
 7.58578E-09    3.58051E+03
 7.94328E-09    3.49907E+03
 8.31764E-09    3.41950E+03
 8.70964E-09    3.34176E+03
 9.12011E-09    3.26574E+03
 9.54993E-09    3.19154E+03
 1.00000E-08    3.11893E+03
 1.04713E-08    3.04808E+03
 1.09648E-08    2.97876E+03
 1.14815E-08    2.91110E+03
 1.20226E-08    2.84492E+03
 1.25893E-08    2.78028E+03
 1.31826E-08    2.71711E+03
 1.38038E-08    2.65535E+03
 1.44544E-08    2.59504E+03
 1.51356E-08    2.53605E+03
 1.58489E-08    2.47847E+03
 1.65959E-08    2.42213E+03
 1.73780E-08    2.36714E+03
 1.81970E-08    2.31335E+03
 1.90546E-08    2.26084E+03
 1.99526E-08    2.20949E+03
 2.08930E-08    2.15934E+03
 2.18776E-08    2.11033E+03
 2.29087E-08    2.06242E+03
 2.39883E-08    2.01565E+03
 2.51189E-08    1.96989E+03
 2.63027E-08    1.92524E+03
 2.75423E-08    1.88154E+03
 2.88403E-08    1.83889E+03
 3.01995E-08    1.79717E+03
 3.16228E-08    1.75643E+03
 3.31131E-08    1.71661E+03
 3.46737E-08    1.67770E+03
 3.63078E-08    1.63970E+03
 3.80189E-08    1.60253E+03
 3.98107E-08    1.56627E+03
 4.16869E-08    1.53079E+03
 4.36516E-08    1.49618E+03
 4.57088E-08    1.46231E+03
 4.78630E-08    1.42924E+03
 5.01187E-08    1.39691E+03
 5.24807E-08    1.36532E+03
 5.49541E-08    1.33446E+03
 5.75440E-08    1.30429E+03
 6.02560E-08    1.27484E+03
 6.30957E-08    1.24603E+03
 6.60693E-08    1.21793E+03
 6.91831E-08    1.19043E+03
 7.24436E-08    1.16359E+03
 7.58578E-08    1.13735E+03
 7.94328E-08    1.11173E+03
 8.31764E-08    1.08670E+03
 8.70964E-08    1.06225E+03
 9.12011E-08    1.03837E+03
 9.54993E-08    1.01501E+03
 1.00000E-07    9.92216E+02
 1.04713E-07    9.69914E+02
 1.09648E-07    9.48158E+02
 1.14815E-07    9.26876E+02
 1.20226E-07    9.06112E+02
 1.25893E-07    8.85809E+02
 1.31826E-07    8.65988E+02
 1.38038E-07    8.46624E+02
 1.44544E-07    8.27703E+02
 1.51356E-07    8.09235E+02
 1.58489E-07    7.91179E+02
 1.65959E-07    7.73571E+02
 1.73780E-07    7.56357E+02
 1.81970E-07    7.39563E+02
 1.90546E-07    7.23131E+02
 1.99526E-07    7.07099E+02
 2.08930E-07    6.91430E+02
 2.18776E-07    6.76134E+02
 2.29087E-07    6.61198E+02
 2.39883E-07    6.46606E+02
 2.51189E-07    6.32372E+02
 2.63027E-07    6.18456E+02
 2.75423E-07    6.04889E+02
 2.88403E-07    5.91624E+02
 3.01995E-07    5.78692E+02
 3.16228E-07    5.66053E+02
 3.31131E-07    5.53730E+02
 3.46737E-07    5.41705E+02
 3.63078E-07    5.29961E+02
 3.80189E-07    5.18497E+02
 3.98107E-07    5.07300E+02
 4.16869E-07    4.96386E+02
 4.36516E-07    4.85723E+02
 4.57088E-07    4.75334E+02
 4.78630E-07    4.65185E+02
 5.01187E-07    4.55298E+02
 5.24807E-07    4.45644E+02
 5.49541E-07    4.36236E+02
 5.75440E-07    4.27059E+02
 6.02560E-07    4.18109E+02
 6.30957E-07    4.09390E+02
 6.60693E-07    4.00885E+02
 6.91831E-07    3.92616E+02
 7.24436E-07    3.84538E+02
 7.58578E-07    3.76674E+02
 7.94328E-07    3.69006E+02
 8.31764E-07    3.61544E+02
 8.70964E-07    3.54280E+02
 9.12011E-07    3.47201E+02
 9.54993E-07    3.40321E+02
 1.00000E-06    3.33624E+02
 1.04713E-06    3.27114E+02
 1.09648E-06    3.20816E+02
 1.14815E-06    3.14665E+02
 1.20226E-06    3.08702E+02
 1.25893E-06    3.02897E+02
 1.31826E-06    2.97297E+02
 1.38038E-06    2.91852E+02
 1.44544E-06    2.86579E+02
 1.51356E-06    2.81390E+02
 1.58489E-06    2.76465E+02
 1.65959E-06    2.71649E+02
 1.73780E-06    2.67161E+02
 1.81970E-06    2.62529E+02
 1.90546E-06    2.58273E+02
 1.99526E-06    2.54025E+02
 2.08930E-06    2.50043E+02
 2.18776E-06    2.46113E+02
 2.29087E-06    2.42429E+02
 2.39883E-06    2.38920E+02
 2.51189E-06    2.35527E+02
 2.63027E-06    2.32346E+02
 2.75423E-06    2.29168E+02
 2.88403E-06    2.26369E+02
 3.01995E-06    2.23526E+02
 3.16228E-06    2.21030E+02
 3.31131E-06    2.18565E+02
 3.46737E-06    2.16385E+02
 3.63078E-06    2.14295E+02
 3.80189E-06    2.12514E+02
 3.98107E-06    2.10812E+02
 4.16869E-06    2.09357E+02
 4.36516E-06    2.08196E+02
 4.57088E-06    2.07131E+02
 4.78630E-06    2.06465E+02
 5.01187E-06    2.05930E+02
 5.24807E-06    2.05732E+02
 5.49541E-06    2.05849E+02
 5.75440E-06    2.06393E+02
 6.02560E-06    2.07014E+02
 6.30957E-06    2.08236E+02
 6.60693E-06    2.09741E+02
 6.91831E-06    2.11933E+02
 7.24436E-06    2.14514E+02
 7.58578E-06    2.17818E+02
 7.94328E-06    2.21773E+02
 8.31764E-06    2.26594E+02
 8.70964E-06    2.32320E+02
 9.12011E-06    2.39198E+02
 9.54993E-06    2.47415E+02
 1.00000E-05    2.57257E+02
 1.04713E-05    2.69007E+02
 1.09648E-05    2.83166E+02
 1.14815E-05    3.00428E+02
 1.20226E-05    3.21559E+02
 1.25893E-05    3.47736E+02
 1.31826E-05    3.80663E+02
 1.38038E-05    4.22807E+02
 1.44544E-05    4.77971E+02
 1.51356E-05    5.51731E+02
 1.58489E-05    6.54718E+02
 1.65959E-05    8.04621E+02
 1.73780E-05    1.03614E+03
 1.81970E-05    1.42475E+03
 1.90546E-05    2.16302E+03
 1.99526E-05    3.88264E+03
 2.08930E-05    9.93685E+03
 2.18776E-05    1.63615E+05
 2.29087E-05    8.66756E+05
 2.39883E-05    1.26657E+04
 2.51189E-05    3.52640E+03
 2.63027E-05    1.59379E+03
 2.75423E-05    8.85067E+02
 2.88403E-05    5.53297E+02
 3.01995E-05    3.74396E+02
 3.16228E-05    2.68540E+02
 3.31131E-05    2.01545E+02
 3.46737E-05    1.57090E+02
 3.63078E-05    1.26588E+02
 3.80189E-05    1.05064E+02
 3.98107E-05    8.96435E+01
 4.16869E-05    7.84512E+01
 4.36516E-05    7.03931E+01
 4.57088E-05    6.47162E+01
 4.78630E-05    6.09341E+01
 5.01187E-05    5.87960E+01
 5.24807E-05    5.81447E+01
 5.49541E-05    5.90602E+01
 5.75440E-05    6.17357E+01
 6.02560E-05    6.66326E+01
 6.30957E-05    7.47557E+01
 6.60693E-05    8.79113E+01
 6.91831E-05    1.09939E+02
 7.24436E-05    1.49834E+02
 7.58578E-05    2.33281E+02
 7.94328E-05    4.60702E+02
 8.31764E-05    1.67486E+03
 8.70964E-05    2.55770E+05
 9.12011E-05    3.74977E+03
 9.54993E-05    5.02515E+02
 1.00000E-04    1.96405E+02
 1.04713E-04    1.06097E+02
 1.09648E-04    6.82793E+01
 1.14815E-04    4.93549E+01
 1.20226E-04    3.88541E+01
 1.25893E-04    3.26703E+01
 1.31826E-04    2.89480E+01
 1.38038E-04    2.67690E+01
 1.44544E-04    2.56568E+01
 1.51356E-04    2.53509E+01
 1.58489E-04    2.57028E+01
 1.65959E-04    2.67078E+01
 1.73780E-04    2.83772E+01
 1.81970E-04    3.08576E+01
 1.90546E-04    3.43705E+01
 1.99526E-04    3.93145E+01
 2.08930E-04    4.63682E+01
 2.18776E-04    5.68267E+01
 2.29087E-04    7.31711E+01
 2.39883E-04    1.00945E+02
 2.51189E-04    1.54437E+02
 2.63027E-04    2.82226E+02
 2.75423E-04    7.60688E+02
 2.88403E-04    3.41161E+04
 3.01995E-04    9.65520E+04
 3.16228E-04    7.49369E+02
 3.31131E-04    3.18385E+04
 3.46737E-04    4.57931E+02
 3.63078E-04    9.79786E+01
 3.80189E-04    9.36368E+01
 3.98107E-04    5.55653E+03
 4.16869E-04    3.31783E+04
 4.36516E-04    5.89734E+01
 4.57088E-04    1.41265E+03
 4.78630E-04    1.50928E+03
 5.01187E-04    1.45644E+03
 5.24807E-04    1.40478E+03
 5.49541E-04    1.35568E+03
 5.75440E-04    1.30790E+03
 6.02560E-04    1.26162E+03
 6.30957E-04    1.21767E+03
 6.60693E-04    1.17440E+03
 6.91831E-04    1.13318E+03
 7.24436E-04    1.09344E+03
 7.58578E-04    1.05468E+03
 7.94328E-04    1.01779E+03
 8.31764E-04    9.81874E+02
 8.70964E-04    9.47202E+02
 9.12011E-04    9.14081E+02
 9.54993E-04    8.81448E+02
 1.00000E-03    8.54883E+02
 1.04713E-03    8.32820E+02
 1.09648E-03    8.11378E+02
 1.14815E-03    7.90346E+02
 1.20226E-03    7.70214E+02
 1.25893E-03    7.50202E+02
 1.31826E-03    7.31024E+02
 1.38038E-03    7.12047E+02
 1.44544E-03    6.93768E+02
 1.51356E-03    6.75782E+02
 1.58489E-03    6.58475E+02
 1.65959E-03    6.41445E+02
 1.73780E-03    6.24911E+02
 1.81970E-03    6.08764E+02
 1.90546E-03    5.93110E+02
 1.99526E-03    5.77798E+02
 2.08930E-03    5.62930E+02
 2.18776E-03    5.48446E+02
 2.29087E-03    5.34212E+02
 2.39883E-03    5.20465E+02
 2.51189E-03    5.07117E+02
 2.63027E-03    4.94003E+02
 2.75423E-03    4.81318E+02
 2.88403E-03    4.68864E+02
 3.01995E-03    4.56794E+02
 3.16228E-03    4.45023E+02
 3.31131E-03    4.33558E+02
 3.46737E-03    4.22374E+02
 3.63078E-03    4.11485E+02
 3.80189E-03    4.00830E+02
 3.98107E-03    3.90594E+02
 4.16869E-03    3.80441E+02
 4.36516E-03    3.70670E+02
 4.57088E-03    3.61049E+02
 4.78630E-03    3.51834E+02
 5.01187E-03    3.42696E+02
 5.24807E-03    3.33927E+02
 5.49541E-03    3.25215E+02
 5.75440E-03    3.16968E+02
 6.02560E-03    3.08681E+02
 6.30957E-03    3.00819E+02
 6.60693E-03    2.92970E+02
 6.91831E-03    2.85527E+02
 7.24436E-03    2.78088E+02
 7.58578E-03    2.70986E+02
 7.94328E-03    2.63953E+02
 8.31764E-03    2.57168E+02
 8.70964E-03    2.50499E+02
 9.12011E-03    2.44107E+02
 9.54993E-03    2.37758E+02
 1.00000E-02    2.32667E+02
 1.04713E-02    2.28859E+02
 1.09648E-02    2.24901E+02
 1.14815E-02    2.21166E+02
 1.20226E-02    2.17480E+02
 1.25893E-02    2.13712E+02
 1.31826E-02    2.10221E+02
 1.38038E-02    2.06627E+02
 1.44544E-02    2.03141E+02
 1.51356E-02    1.99804E+02
 1.58489E-02    1.96335E+02
 1.65959E-02    1.93112E+02
 1.73780E-02    1.89878E+02
 1.81970E-02    1.86585E+02
 1.90546E-02    1.83550E+02
 1.99526E-02    1.80421E+02
 2.08930E-02    1.77343E+02
 2.18776E-02    1.74444E+02
 2.29087E-02    1.71421E+02
 2.39883E-02    1.68571E+02
 2.51189E-02    1.65757E+02
 2.63027E-02    1.62897E+02
 2.75423E-02    1.60251E+02
 2.88403E-02    1.57517E+02
 3.01995E-02    1.54834E+02
 3.16228E-02    1.52287E+02
 3.31131E-02    1.49648E+02
 3.46737E-02    1.47199E+02
 3.63078E-02    1.44727E+02
 3.80189E-02    1.42222E+02
 3.98107E-02    1.39912E+02
 4.16869E-02    1.37525E+02
 4.36516E-02    1.35190E+02
 4.57088E-02    1.32972E+02
 4.78630E-02    1.30664E+02
 5.01187E-02    1.28509E+02
 5.24807E-02    1.26358E+02
 5.49541E-02    1.24171E+02
 5.75440E-02    1.22156E+02
 6.02560E-02    1.20075E+02
 6.30957E-02    1.18018E+02
 6.60693E-02    1.16084E+02
 6.91831E-02    1.14075E+02
 7.24436E-02    1.12203E+02
 7.58578E-02    1.10328E+02
 7.94328E-02    1.08411E+02
 8.31764E-02    1.06638E+02
 8.70964E-02    1.04816E+02
 9.12011E-02    1.03009E+02
 9.54993E-02    1.01230E+02
 1.00000E-01    9.93341E+01
 1.04713E-01    9.72526E+01
 1.09648E-01    9.50972E+01
 1.14815E-01    9.30824E+01
 1.20226E-01    9.10315E+01
 1.25893E-01    8.90881E+01
 1.31826E-01    8.71503E+01
 1.38038E-01    8.52629E+01
 1.44544E-01    8.34381E+01
 1.51356E-01    8.15949E+01
 1.58489E-01    7.98711E+01
 1.65959E-01    7.81020E+01
 1.73780E-01    7.64517E+01
 1.81970E-01    7.47743E+01
 1.90546E-01    7.31639E+01
 1.99526E-01    7.15819E+01
 2.08930E-01    7.00166E+01
 2.18776E-01    6.85278E+01
 2.29087E-01    6.70087E+01
 2.39883E-01    6.55915E+01
 2.51189E-01    6.41430E+01
 2.63027E-01    6.27809E+01
 2.75423E-01    6.14011E+01
 2.88403E-01    6.00881E+01
 3.01995E-01    5.87837E+01
 3.16228E-01    5.75017E+01
 3.31131E-01    5.62746E+01
 3.46737E-01    5.50341E+01
 3.63078E-01    5.38695E+01
 3.80189E-01    5.26780E+01
 3.98107E-01    5.15601E+01
 4.16869E-01    5.04218E+01
 4.36516E-01    4.93497E+01
 4.57088E-01    4.82700E+01
 4.78630E-01    4.72071E+01
 5.01187E-01    4.59503E+01
 5.24807E-01    4.44911E+01
 5.49541E-01    4.31073E+01
 5.75440E-01    4.17230E+01
 6.02560E-01    4.11431E+01
 6.30957E-01    4.11023E+01
 6.60693E-01    4.10595E+01
 6.91831E-01    4.10147E+01
 7.24436E-01    4.09678E+01
 7.58578E-01    4.09187E+01
 7.94328E-01    4.10895E+01
 8.31764E-01    4.16667E+01
 8.70964E-01    4.22787E+01
 9.12011E-01    4.29196E+01
 9.54993E-01    4.35725E+01
 1.00000E+00    4.30687E+01
 1.04713E+00    4.13916E+01
 1.09648E+00    3.97911E+01
 1.14815E+00    3.82539E+01
 1.20226E+00    3.67656E+01
 1.25893E+00    3.61044E+01
 1.31826E+00    3.58867E+01
 1.38038E+00    3.56587E+01
 1.44544E+00    3.54041E+01
 1.51356E+00    3.45824E+01
 1.58489E+00    3.34607E+01
 1.65959E+00    3.23981E+01
 1.73780E+00    3.13510E+01
 1.81970E+00    3.03506E+01
 1.90546E+00    2.93637E+01
 1.99526E+00    2.76266E+01
 2.08930E+00    2.50793E+01
 2.18776E+00    2.27579E+01
 2.29087E+00    2.06561E+01
 2.39883E+00    1.87485E+01
 2.51189E+00    1.70180E+01
 2.63027E+00    1.54573E+01
 2.75423E+00    1.40362E+01
 2.88403E+00    1.27419E+01
 3.01995E+00    1.13910E+01
 3.16228E+00    1.00843E+01
 3.31131E+00    8.92641E+00
 3.46737E+00    7.90230E+00
 3.63078E+00    6.99548E+00
 3.80189E+00    6.19206E+00
 3.98107E+00    5.38204E+00
 4.16869E+00    4.54605E+00
 4.36516E+00    3.83952E+00
 4.57088E+00    3.24226E+00
 4.78630E+00    2.73764E+00
 5.01187E+00    2.24331E+00
 5.24807E+00    1.79037E+00
 5.49541E+00    1.42871E+00
 5.75440E+00    1.13980E+00
 6.02560E+00    8.79434E-01
 6.30957E+00    6.61274E-01
 6.60693E+00    4.97178E-01
 6.91831E+00    3.73816E-01
 7.24436E+00    2.81074E-01
 7.58578E+00    2.11359E-01
 7.94328E+00    1.49593E-01
 8.31764E+00    9.38720E-02
 8.70964E+00    5.87428E-02
 9.12011E+00    3.67574E-02
 9.54993E+00    2.30006E-02
 1.00000E+01    1.31885E-02
 1.04713E+01    6.81090E-03
 1.09648E+01    3.51768E-03
 1.14815E+01    1.81676E-03
 1.20226E+01    9.14363E-04
 1.25893E+01    4.47666E-04
 1.31826E+01    2.19172E-04
 1.38038E+01    1.08161E-04
 1.44544E+01    5.50046E-05
 1.51356E+01    2.80411E-05
 1.58489E+01    1.53299E-05
 1.65959E+01    1.00173E-05
 1.73780E+01    6.60978E-06
 1.81970E+01    4.77296E-06
 1.90546E+01    3.59874E-06
 1.99526E+01    1.59250E-07
