# n + Li  7 : (n,n'21)  
# jendl4.0   S.CHIBA AND K.SHIBATA             EVAL-DEC84
# uncertainties: n
# # energies =   128
#   E(MeV)       xs(mb) 
 1.20100E+01    0.00000E+00
 1.20200E+01    2.31918E-01
 1.20487E+01    8.96030E-01
 1.20775E+01    1.56024E+00
 1.21350E+01    2.87973E+00
 1.21925E+01    4.19040E+00
 1.22500E+01    5.49228E+00
 1.23750E+01    7.37684E+00
 1.25000E+01    9.23367E+00
 1.25810E+01    1.05167E+01
 1.25812E+01    1.05167E+01
 1.25820E+01    1.05089E+01
 1.26030E+01    1.03459E+01
 1.26240E+01    1.01835E+01
 1.26660E+01    9.86040E+00
 1.27500E+01    9.22065E+00
 1.28328E+01    9.48728E+00
 1.29157E+01    9.75024E+00
 1.30000E+01    1.00162E+01
 1.31530E+01    1.03692E+01
 1.31532E+01    1.03692E+01
 1.31540E+01    1.03711E+01
 1.31780E+01    1.04156E+01
 1.32020E+01    1.04600E+01
 1.32500E+01    1.05484E+01
 1.33750E+01    1.07203E+01
 1.35000E+01    1.08895E+01
 1.35090E+01    1.08911E+01
 1.37250E+01    1.09569E+01
 1.37252E+01    1.09568E+01
 1.37260E+01    1.09569E+01
 1.37500E+01    1.09583E+01
 1.38379E+01    1.09463E+01
 1.40000E+01    1.09229E+01
 1.42500E+01    1.08620E+01
 1.42970E+01    1.08430E+01
 1.42972E+01    1.08430E+01
 1.42980E+01    1.08425E+01
 1.43990E+01    1.07932E+01
 1.45000E+01    1.07437E+01
 1.47500E+01    1.05017E+01
 1.47601E+01    1.04910E+01
 1.48690E+01    1.03749E+01
 1.48692E+01    1.03749E+01
 1.48700E+01    1.03738E+01
 1.49350E+01    1.03012E+01
 1.50000E+01    1.02287E+01
 1.51250E+01    1.01184E+01
 1.52500E+01    1.00087E+01
 1.54410E+01    9.82840E+00
 1.54412E+01    9.82840E+00
 1.54420E+01    9.82738E+00
 1.55000E+01    9.77115E+00
 1.56823E+01    9.58959E+00
 1.57500E+01    9.52239E+00
 1.59580E+01    9.30842E+00
 1.60000E+01    9.26572E+00
 1.60130E+01    9.25195E+00
 1.60132E+01    9.25195E+00
 1.60140E+01    9.25092E+00
 1.60730E+01    9.18670E+00
 1.61320E+01    9.12268E+00
 1.62500E+01    8.99522E+00
 1.65000E+01    8.72267E+00
 1.65850E+01    8.63008E+00
 1.65852E+01    8.63008E+00
 1.65860E+01    8.62909E+00
 1.66000E+01    8.61545E+00
 1.67088E+01    8.49527E+00
 1.67500E+01    8.44997E+00
 1.70000E+01    8.17863E+00
 1.71560E+01    7.98423E+00
 1.71562E+01    7.98423E+00
 1.71570E+01    7.98299E+00
 1.72500E+01    7.86831E+00
 1.75000E+01    7.56293E+00
 1.75800E+01    7.46901E+00
 1.77280E+01    7.28917E+00
 1.77282E+01    7.28917E+00
 1.77290E+01    7.28799E+00
 1.77353E+01    7.28053E+00
 1.77500E+01    7.26317E+00
 1.78750E+01    7.11582E+00
 1.80000E+01    6.96957E+00
 1.82500E+01    6.66668E+00
 1.83000E+01    6.60682E+00
 1.83002E+01    6.60682E+00
 1.83100E+01    6.59500E+00
 1.83575E+01    6.53886E+00
 1.84050E+01    6.48283E+00
 1.85000E+01    6.37118E+00
 1.85933E+01    6.26761E+00
 1.87500E+01    6.08317E+00
 1.87618E+01    6.06977E+00
 1.88720E+01    5.94540E+00
 1.88722E+01    5.94540E+00
 1.88730E+01    5.94429E+00
 1.88888E+01    5.92665E+00
 1.89047E+01    5.90892E+00
 1.89365E+01    5.87348E+00
 1.89682E+01    5.83818E+00
 1.90000E+01    5.80283E+00
 1.90625E+01    5.73260E+00
 1.91250E+01    5.66258E+00
 1.91875E+01    5.59276E+00
 1.92500E+01    5.52316E+00
 1.93470E+01    5.41714E+00
 1.94440E+01    5.31161E+00
 1.94442E+01    5.31161E+00
 1.94450E+01    5.31052E+00
 1.94518E+01    5.30322E+00
 1.94587E+01    5.29580E+00
 1.94725E+01    5.28096E+00
 1.95000E+01    5.25141E+00
 1.95625E+01    5.18512E+00
 1.96250E+01    5.11905E+00
 1.96875E+01    5.05312E+00
 1.97500E+01    4.98741E+00
 1.97812E+01    4.95529E+00
 1.98125E+01    4.92311E+00
 1.98437E+01    4.89107E+00
 1.98750E+01    4.85899E+00
 1.99062E+01    4.82704E+00
 1.99375E+01    4.79502E+00
 1.99687E+01    4.76317E+00
 1.99843E+01    4.74724E+00
 1.99921E+01    4.73929E+00
 2.00000E+01    4.73125E+00
