# n + Np235 : (n,xa)    
# tendl.2019 A.J. Koning and D. Rochman        EVAL-NOV19
# 
# # energies =   135
#   E(MeV)        xs(mb) 
 3.43769E-02    2.82494E-07
 4.93107E-02    2.73295E-07
 6.00000E-02    2.66710E-07
 7.94394E-02    2.57316E-07
 9.19931E-02    2.51409E-07
 1.00000E-01    2.47642E-07
 1.33571E-01    2.38668E-07
 1.47430E-01    2.35024E-07
 2.00000E-01    2.21200E-07
 2.00858E-01    2.21233E-07
 3.00000E-01    2.25040E-07
 3.53511E-01    2.34886E-07
 3.72592E-01    2.38397E-07
 4.00000E-01    2.43440E-07
 4.09751E-01    2.47067E-07
 4.42893E-01    2.59396E-07
 5.00000E-01    2.80640E-07
 5.22232E-01    2.94319E-07
 5.67425E-01    3.22127E-07
 6.00000E-01    3.42170E-07
 6.04583E-01    3.45925E-07
 6.46764E-01    3.80486E-07
 7.00000E-01    4.24113E-07
 7.03004E-01    4.27297E-07
 7.59646E-01    4.87336E-07
 7.64266E-01    4.92233E-07
 7.82845E-01    5.11926E-07
 8.00000E-01    5.30110E-07
 8.22515E-01    5.57864E-07
 8.37579E-01    5.76434E-07
 8.73734E-01    6.21002E-07
 9.00000E-01    6.53380E-07
 9.25957E-01    6.97699E-07
 9.40820E-01    7.23076E-07
 9.48553E-01    7.36279E-07
 9.66128E-01    7.66287E-07
 9.82197E-01    7.93723E-07
 1.00000E+00    8.24120E-07
 1.00228E+00    8.29717E-07
 1.02839E+00    8.93815E-07
 1.06857E+00    9.92452E-07
 1.20000E+00    1.31510E-06
 1.40000E+00    1.89577E-06
 1.60000E+00    2.57258E-06
 1.80000E+00    3.26050E-06
 2.00000E+00    3.89771E-06
 2.20000E+00    4.55070E-06
 2.40000E+00    5.15527E-06
 2.60000E+00    5.86756E-06
 2.80000E+00    6.69931E-06
 3.00000E+00    7.62666E-06
 3.20000E+00    8.78655E-06
 3.40000E+00    1.01210E-05
 3.60000E+00    1.17167E-05
 3.80000E+00    1.36266E-05
 4.00000E+00    1.58035E-05
 4.20000E+00    1.85794E-05
 4.40000E+00    2.18288E-05
 4.60000E+00    2.60518E-05
 4.80000E+00    3.16233E-05
 5.00000E+00    3.82912E-05
 5.20000E+00    4.72536E-05
 5.40000E+00    5.93825E-05
 5.60000E+00    7.56188E-05
 5.80000E+00    9.79744E-05
 6.00000E+00    1.27735E-04
 6.20000E+00    1.68407E-04
 6.40000E+00    2.19325E-04
 6.60000E+00    2.97104E-04
 6.80000E+00    3.84363E-04
 7.00000E+00    5.16852E-04
 7.20000E+00    7.03287E-04
 7.40000E+00    8.73787E-04
 7.60000E+00    1.20278E-03
 7.80000E+00    1.43084E-03
 8.00000E+00    1.92581E-03
 8.50000E+00    3.54009E-03
 9.00000E+00    6.36672E-03
 9.50000E+00    1.00425E-02
 1.00000E+01    2.12910E-02
 1.05000E+01    3.09792E-02
 1.10000E+01    5.91808E-02
 1.15000E+01    8.81628E-02
 1.20000E+01    1.52592E-01
 1.25000E+01    2.20046E-01
 1.30000E+01    3.43993E-01
 1.35000E+01    4.73691E-01
 1.40000E+01    6.80761E-01
 1.45000E+01    8.94844E-01
 1.50000E+01    1.20409E+00
 1.60000E+01    1.93072E+00
 1.70000E+01    2.89481E+00
 1.80000E+01    4.15364E+00
 1.90000E+01    5.81825E+00
 2.00000E+01    8.09544E+00
 2.10000E+01    1.13526E+01
 2.20000E+01    1.60072E+01
 2.30000E+01    2.17147E+01
 2.40000E+01    2.44377E+01
 2.50000E+01    2.68317E+01
 2.60000E+01    2.57279E+01
 2.70000E+01    2.28387E+01
 2.80000E+01    2.25048E+01
 2.90000E+01    2.24059E+01
 3.00000E+01    2.25598E+01
 3.00000E+01    2.89461E+00
 3.20000E+01    3.04590E+00
 3.40000E+01    3.67964E+00
 3.60000E+01    4.48239E+00
 3.80000E+01    5.47994E+00
 4.00000E+01    6.67637E+00
 4.20000E+01    7.96540E+00
 4.40000E+01    9.41774E+00
 4.60000E+01    1.11082E+01
 4.80000E+01    1.29749E+01
 5.00000E+01    1.50128E+01
 5.20000E+01    1.73052E+01
 5.40000E+01    1.94662E+01
 5.60000E+01    2.15933E+01
 5.80000E+01    2.39056E+01
 6.00000E+01    2.68050E+01
 6.50000E+01    3.40762E+01
 7.00000E+01    3.99698E+01
 7.50000E+01    4.62341E+01
 8.00000E+01    5.24634E+01
 9.00000E+01    6.53488E+01
 1.00000E+02    7.89025E+01
 1.10000E+02    8.80691E+01
 1.20000E+02    9.71349E+01
 1.30000E+02    1.05331E+02
 1.40000E+02    1.09750E+02
 1.50000E+02    1.07575E+02
 1.60000E+02    1.03458E+02
 1.80000E+02    1.12871E+02
 2.00000E+02    1.50567E+02
