# n + Np235 : (n,n'28)  
# tendl.2019 A.J. Koning and D. Rochman        EVAL-NOV19
# uncertainties: n
# # energies =    67
#   E(MeV)       xs(mb) 
 1.00228E+00    0.00000E+00
 1.02839E+00    1.04589E+00
 1.06857E+00    2.65539E+00
 1.20000E+00    7.92010E+00
 1.40000E+00    1.14427E+01
 1.60000E+00    1.01992E+01
 1.80000E+00    8.23013E+00
 2.00000E+00    6.60210E+00
 2.20000E+00    5.11951E+00
 2.40000E+00    3.69509E+00
 2.60000E+00    2.49237E+00
 2.80000E+00    1.61282E+00
 3.00000E+00    1.02751E+00
 3.20000E+00    6.58611E-01
 3.40000E+00    4.33312E-01
 3.60000E+00    2.97906E-01
 3.80000E+00    2.17138E-01
 4.00000E+00    1.69118E-01
 4.20000E+00    1.40707E-01
 4.40000E+00    1.23974E-01
 4.60000E+00    1.14281E-01
 4.80000E+00    1.08869E-01
 5.00000E+00    1.06113E-01
 5.20000E+00    1.05068E-01
 5.40000E+00    1.05198E-01
 5.60000E+00    1.06197E-01
 5.80000E+00    1.07879E-01
 6.00000E+00    1.10143E-01
 6.20000E+00    1.12916E-01
 6.40000E+00    1.16133E-01
 6.60000E+00    1.19718E-01
 6.80000E+00    1.23570E-01
 7.00000E+00    1.27570E-01
 7.20000E+00    1.31571E-01
 7.40000E+00    1.35404E-01
 7.60000E+00    1.38953E-01
 7.80000E+00    1.42068E-01
 8.00000E+00    1.44624E-01
 8.50000E+00    1.48348E-01
 9.00000E+00    1.48272E-01
 9.50000E+00    1.45251E-01
 1.00000E+01    1.40479E-01
 1.05000E+01    1.34950E-01
 1.10000E+01    1.29386E-01
 1.15000E+01    1.24178E-01
 1.20000E+01    1.19457E-01
 1.25000E+01    1.15215E-01
 1.30000E+01    1.11377E-01
 1.35000E+01    1.07864E-01
 1.40000E+01    1.04609E-01
 1.45000E+01    1.01593E-01
 1.50000E+01    9.88030E-02
 1.60000E+01    9.38821E-02
 1.70000E+01    8.97391E-02
 1.80000E+01    8.61444E-02
 1.90000E+01    8.28213E-02
 2.00000E+01    7.95826E-02
 2.10000E+01    7.64024E-02
 2.20000E+01    7.33873E-02
 2.30000E+01    7.06391E-02
 2.40000E+01    6.82311E-02
 2.50000E+01    6.61429E-02
 2.60000E+01    6.42966E-02
 2.70000E+01    6.25906E-02
 2.80000E+01    6.09233E-02
 2.90000E+01    5.92357E-02
 3.00000E+01    5.75315E-02
