# p + W   0 : (p,3n)
# tendl.2019 A.J. Koning                       EVAL-OCT19
# uncertainties: y
# # energies =    32
#   E(MeV)          xs(mb) 
 1.52963E+01    0.00000E+00
 1.60000E+01    1.23255E+01
 1.70000E+01    6.82440E+01
 1.80000E+01    1.54770E+02
 1.90000E+01    2.78051E+02
 2.00000E+01    4.27918E+02
 2.20000E+01    7.26727E+02
 2.40000E+01    9.29390E+02
 2.60000E+01    9.64111E+02
 2.80000E+01    8.49328E+02
 3.00000E+01    6.43810E+02
 3.00000E+01    6.43810E+02
 3.50000E+01    2.55396E+02
 4.00000E+01    1.47623E+02
 4.50000E+01    1.13906E+02
 5.00000E+01    9.42829E+01
 5.50000E+01    8.00180E+01
 6.00000E+01    6.93692E+01
 6.50000E+01    6.04333E+01
 7.00000E+01    5.31654E+01
 7.50000E+01    4.69960E+01
 8.00000E+01    4.17513E+01
 9.00000E+01    3.37337E+01
 1.00000E+02    2.80102E+01
 1.10000E+02    2.37067E+01
 1.20000E+02    2.03637E+01
 1.30000E+02    1.80182E+01
 1.40000E+02    1.58699E+01
 1.50000E+02    1.44056E+01
 1.60000E+02    1.30279E+01
 1.80000E+02    1.09716E+01
 2.00000E+02    9.35033E+00
