# n + Sn115 : (n,n'22)  
# tendl.2019 A.J. Koning and D. Rochman        EVAL-NOV19
# uncertainties: n
# # energies =    68
#   E(MeV)       xs(mb) 
 2.10257E+00    0.00000E+00
 2.17469E+00    5.01624E+00
 2.18376E+00    5.64709E+00
 2.20000E+00    6.77666E+00
 2.21241E+00    7.20263E+00
 2.21588E+00    7.32174E+00
 2.22686E+00    7.69864E+00
 2.24985E+00    8.48777E+00
 2.28488E+00    9.69018E+00
 2.32221E+00    1.09715E+01
 2.40000E+00    1.36417E+01
 2.60000E+00    1.56768E+01
 2.80000E+00    1.58880E+01
 3.00000E+00    1.51591E+01
 3.20000E+00    1.38786E+01
 3.40000E+00    1.22979E+01
 3.60000E+00    1.06109E+01
 3.80000E+00    8.95876E+00
 4.00000E+00    7.43408E+00
 4.20000E+00    6.08629E+00
 4.40000E+00    4.93311E+00
 4.60000E+00    3.96863E+00
 4.80000E+00    3.17754E+00
 5.00000E+00    2.53721E+00
 5.20000E+00    2.02334E+00
 5.40000E+00    1.61332E+00
 5.60000E+00    1.28662E+00
 5.80000E+00    1.02644E+00
 6.00000E+00    8.18833E-01
 6.20000E+00    6.52764E-01
 6.40000E+00    5.20224E-01
 6.60000E+00    4.12652E-01
 6.80000E+00    3.27957E-01
 7.00000E+00    2.60171E-01
 7.20000E+00    2.06437E-01
 7.40000E+00    1.63936E-01
 7.60000E+00    1.29897E-01
 7.80000E+00    1.03308E-01
 8.00000E+00    8.20569E-02
 8.50000E+00    4.62780E-02
 9.00000E+00    2.62799E-02
 9.50000E+00    1.50625E-02
 1.00000E+01    8.72507E-03
 1.05000E+01    5.10992E-03
 1.10000E+01    3.02387E-03
 1.15000E+01    1.80688E-03
 1.20000E+01    1.08946E-03
 1.25000E+01    6.62260E-04
 1.30000E+01    4.05580E-04
 1.35000E+01    2.50093E-04
 1.40000E+01    1.55226E-04
 1.45000E+01    9.69495E-05
 1.50000E+01    6.09253E-05
 1.60000E+01    2.44771E-05
 1.70000E+01    1.00543E-05
 1.80000E+01    4.22515E-06
 1.90000E+01    1.81423E-06
 2.00000E+01    7.98250E-07
 2.10000E+01    3.54230E-07
 2.20000E+01    1.61070E-07
 2.30000E+01    7.43320E-08
 2.40000E+01    3.48600E-08
 2.50000E+01    1.65530E-08
 2.60000E+01    7.95670E-09
 2.70000E+01    3.86980E-09
 2.80000E+01    1.90520E-09
 2.90000E+01    9.48500E-10
 3.00000E+01    4.77650E-10
