# n + Sn115 : (n,n'21)  
# tendl.2019 A.J. Koning and D. Rochman        EVAL-NOV19
# uncertainties: n
# # energies =    69
#   E(MeV)       xs(mb) 
 2.09517E+00    0.00000E+00
 2.10257E+00    1.44025E+00
 2.17469E+00    1.54768E+01
 2.18376E+00    1.72420E+01
 2.20000E+00    2.04028E+01
 2.21241E+00    2.11553E+01
 2.21588E+00    2.13657E+01
 2.22686E+00    2.20314E+01
 2.24985E+00    2.34254E+01
 2.28488E+00    2.55494E+01
 2.32221E+00    2.78128E+01
 2.40000E+00    3.25295E+01
 2.60000E+00    3.17990E+01
 2.80000E+00    2.74555E+01
 3.00000E+00    2.24980E+01
 3.20000E+00    1.78885E+01
 3.40000E+00    1.39400E+01
 3.60000E+00    1.07139E+01
 3.80000E+00    8.15923E+00
 4.00000E+00    6.18075E+00
 4.20000E+00    4.67168E+00
 4.40000E+00    3.53250E+00
 4.60000E+00    2.67647E+00
 4.80000E+00    2.03525E+00
 5.00000E+00    1.55475E+00
 5.20000E+00    1.19358E+00
 5.40000E+00    9.20961E-01
 5.60000E+00    7.13824E-01
 5.80000E+00    5.55435E-01
 6.00000E+00    4.33439E-01
 6.20000E+00    3.38793E-01
 6.40000E+00    2.65259E-01
 6.60000E+00    2.06996E-01
 6.80000E+00    1.62026E-01
 7.00000E+00    1.26704E-01
 7.20000E+00    9.91480E-02
 7.40000E+00    7.76829E-02
 7.60000E+00    6.07450E-02
 7.80000E+00    4.76760E-02
 8.00000E+00    3.73689E-02
 8.50000E+00    2.03758E-02
 9.00000E+00    1.11798E-02
 9.50000E+00    6.19294E-03
 1.00000E+01    3.47183E-03
 1.05000E+01    1.97237E-03
 1.10000E+01    1.13527E-03
 1.15000E+01    6.61594E-04
 1.20000E+01    3.89965E-04
 1.25000E+01    2.32201E-04
 1.30000E+01    1.39532E-04
 1.35000E+01    8.45530E-05
 1.40000E+01    5.16487E-05
 1.45000E+01    3.17919E-05
 1.50000E+01    1.97163E-05
 1.60000E+01    7.74124E-06
 1.70000E+01    3.11859E-06
 1.80000E+01    1.28828E-06
 1.90000E+01    5.44550E-07
 2.00000E+01    2.36120E-07
 2.10000E+01    1.03400E-07
 2.20000E+01    4.64890E-08
 2.30000E+01    2.12570E-08
 2.40000E+01    9.89380E-09
 2.50000E+01    4.66610E-09
 2.60000E+01    2.22740E-09
 2.70000E+01    1.07530E-09
 2.80000E+01    5.25350E-10
 2.90000E+01    2.59550E-10
 3.00000E+01    1.29770E-10
