# n + Pt192 : (n,xg)    
# endfb8.0   A.J. Koning and D. Rochman        EVAL-AUG17
# 
# # energies =   131
#   E(MeV)        xs(mb) 
 3.18169E-01    0.00000E+00
 4.00000E-01    0.00000E+00
 5.00000E-01    0.00000E+00
 6.00000E-01    0.00000E+00
 6.15681E-01    0.00000E+00
 7.00000E-01    0.00000E+00
 7.88699E-01    0.00000E+00
 8.00000E-01    0.00000E+00
 9.00000E-01    0.00000E+00
 9.25758E-01    0.00000E+00
 1.00000E+00    0.00000E+00
 1.20000E+00    0.00000E+00
 1.20145E+00    0.00000E+00
 1.20736E+00    0.00000E+00
 1.37257E+00    0.00000E+00
 1.38529E+00    0.00000E+00
 1.39122E+00    0.00000E+00
 1.40000E+00    0.00000E+00
 1.41374E+00    0.00000E+00
 1.44683E+00    0.00000E+00
 1.48957E+00    0.00000E+00
 1.52633E+00    0.00000E+00
 1.55506E+00    0.00000E+00
 1.58465E+00    0.00000E+00
 1.60000E+00    0.00000E+00
 1.63786E+00    0.00000E+00
 1.67539E+00    0.00000E+00
 1.74857E+00    0.00000E+00
 1.75559E+00    0.00000E+00
 1.77537E+00    0.00000E+00
 1.80000E+00    0.00000E+00
 1.80293E+00    0.00000E+00
 1.80976E+00    0.00000E+00
 1.86716E+00    0.00000E+00
 1.87882E+00    0.00000E+00
 1.88990E+00    0.00000E+00
 1.89139E+00    0.00000E+00
 1.90443E+00    0.00000E+00
 1.90767E+00    0.00000E+00
 1.94487E+00    0.00000E+00
 1.97483E+00    0.00000E+00
 2.00000E+00    0.00000E+00
 2.20000E+00    0.00000E+00
 2.40000E+00    0.00000E+00
 2.60000E+00    0.00000E+00
 2.80000E+00    0.00000E+00
 3.00000E+00    0.00000E+00
 3.20000E+00    0.00000E+00
 3.40000E+00    0.00000E+00
 3.60000E+00    0.00000E+00
 3.80000E+00    0.00000E+00
 4.00000E+00    0.00000E+00
 4.20000E+00    0.00000E+00
 4.40000E+00    0.00000E+00
 4.60000E+00    0.00000E+00
 4.80000E+00    0.00000E+00
 5.00000E+00    0.00000E+00
 5.20000E+00    0.00000E+00
 5.40000E+00    0.00000E+00
 5.60000E+00    0.00000E+00
 5.80000E+00    0.00000E+00
 6.00000E+00    0.00000E+00
 6.20000E+00    0.00000E+00
 6.40000E+00    0.00000E+00
 6.60000E+00    0.00000E+00
 6.80000E+00    0.00000E+00
 7.00000E+00    0.00000E+00
 7.20000E+00    0.00000E+00
 7.40000E+00    0.00000E+00
 7.60000E+00    0.00000E+00
 7.80000E+00    0.00000E+00
 8.00000E+00    0.00000E+00
 8.50000E+00    0.00000E+00
 9.00000E+00    0.00000E+00
 9.50000E+00    0.00000E+00
 1.00000E+01    0.00000E+00
 1.05000E+01    0.00000E+00
 1.10000E+01    0.00000E+00
 1.15000E+01    0.00000E+00
 1.20000E+01    0.00000E+00
 1.25000E+01    0.00000E+00
 1.30000E+01    0.00000E+00
 1.35000E+01    0.00000E+00
 1.40000E+01    0.00000E+00
 1.45000E+01    0.00000E+00
 1.50000E+01    0.00000E+00
 1.60000E+01    0.00000E+00
 1.70000E+01    0.00000E+00
 1.80000E+01    0.00000E+00
 1.90000E+01    0.00000E+00
 2.00000E+01    0.00000E+00
 2.10000E+01    0.00000E+00
 2.20000E+01    0.00000E+00
 2.30000E+01    0.00000E+00
 2.40000E+01    0.00000E+00
 2.50000E+01    0.00000E+00
 2.60000E+01    0.00000E+00
 2.70000E+01    0.00000E+00
 2.80000E+01    0.00000E+00
 2.90000E+01    0.00000E+00
 3.00000E+01    0.00000E+00
 3.00000E+01    1.01436E+04
 3.20000E+01    1.00119E+04
 3.40000E+01    1.02352E+04
 3.60000E+01    1.05637E+04
 3.80000E+01    1.06857E+04
 4.00000E+01    1.06941E+04
 4.20000E+01    1.07790E+04
 4.40000E+01    1.09508E+04
 4.60000E+01    1.11018E+04
 4.80000E+01    1.11572E+04
 5.00000E+01    1.11720E+04
 5.20000E+01    1.11884E+04
 5.40000E+01    1.12044E+04
 5.60000E+01    1.11887E+04
 5.80000E+01    1.11086E+04
 6.00000E+01    1.09992E+04
 6.50000E+01    1.07242E+04
 7.00000E+01    1.05914E+04
 7.50000E+01    1.05265E+04
 8.00000E+01    1.04198E+04
 9.00000E+01    1.02238E+04
 1.00000E+02    1.00253E+04
 1.10000E+02    9.81848E+03
 1.20000E+02    9.51546E+03
 1.30000E+02    9.30059E+03
 1.40000E+02    9.12985E+03
 1.50000E+02    8.96361E+03
 1.60000E+02    8.89758E+03
 1.80000E+02    8.85061E+03
 2.00000E+02    8.31024E+03
