# n + Ho166m: (n,n'20)  
# tendl.2019 A.J. Koning and D. Rochman        EVAL-NOV19
# uncertainties: n
# # energies =    82
#   E(MeV)       xs(mb) 
 3.80560E-01    0.00000E+00
 4.00000E-01    1.52193E-04
 4.12610E-01    2.60645E-04
 4.20221E-01    3.57804E-04
 4.22609E-01    3.94733E-04
 4.26640E-01    4.65337E-04
 4.27855E-01    4.88850E-04
 4.50524E-01    1.19625E-03
 4.61319E-01    1.80332E-03
 4.67698E-01    2.28799E-03
 4.72566E-01    2.73781E-03
 4.78770E-01    3.43232E-03
 5.00000E-01    7.28132E-03
 6.00000E-01    3.13815E-02
 7.00000E-01    7.13016E-02
 8.00000E-01    1.18233E-01
 9.00000E-01    1.64271E-01
 1.00000E+00    2.04536E-01
 1.20000E+00    2.62832E-01
 1.40000E+00    2.92182E-01
 1.60000E+00    2.99720E-01
 1.80000E+00    2.92241E-01
 2.00000E+00    2.74223E-01
 2.20000E+00    2.48975E-01
 2.40000E+00    2.19358E-01
 2.60000E+00    1.87927E-01
 2.80000E+00    1.57098E-01
 3.00000E+00    1.28636E-01
 3.20000E+00    1.03623E-01
 3.40000E+00    8.23804E-02
 3.60000E+00    6.48294E-02
 3.80000E+00    5.06885E-02
 4.00000E+00    3.94467E-02
 4.20000E+00    3.06031E-02
 4.40000E+00    2.37234E-02
 4.60000E+00    1.83979E-02
 4.80000E+00    1.42750E-02
 5.00000E+00    1.10833E-02
 5.20000E+00    8.60085E-03
 5.40000E+00    6.66974E-03
 5.60000E+00    5.15919E-03
 5.80000E+00    3.98373E-03
 6.00000E+00    3.06928E-03
 6.20000E+00    2.35526E-03
 6.40000E+00    1.80536E-03
 6.60000E+00    1.37972E-03
 6.80000E+00    1.05304E-03
 7.00000E+00    8.03418E-04
 7.20000E+00    6.12266E-04
 7.40000E+00    4.66890E-04
 7.60000E+00    3.56328E-04
 7.80000E+00    2.72322E-04
 8.00000E+00    2.08592E-04
 8.50000E+00    1.08095E-04
 9.00000E+00    5.69268E-05
 9.50000E+00    3.05219E-05
 1.00000E+01    1.66507E-05
 1.05000E+01    9.22617E-06
 1.10000E+01    5.17822E-06
 1.15000E+01    2.93524E-06
 1.20000E+01    1.67737E-06
 1.25000E+01    9.64490E-07
 1.30000E+01    5.57460E-07
 1.35000E+01    3.23690E-07
 1.40000E+01    1.88860E-07
 1.45000E+01    1.10740E-07
 1.50000E+01    6.53670E-08
 1.60000E+01    2.32230E-08
 1.70000E+01    8.47670E-09
 1.80000E+01    3.16150E-09
 1.90000E+01    1.21710E-09
 2.00000E+01    4.78980E-10
 2.10000E+01    1.92950E-10
 2.20000E+01    7.90460E-11
 2.30000E+01    3.29570E-11
 2.40000E+01    1.39590E-11
 2.50000E+01    5.99880E-12
 2.60000E+01    2.61810E-12
 2.70000E+01    1.16190E-12
 2.80000E+01    5.23990E-13
 2.90000E+01    2.39650E-13
 3.00000E+01    1.11150E-13
