# p + Os190 : (p,p)m    
# tendl.2019 A.J. Koning                       EVAL-OCT19
# uncertainties: y
# # energies =    44
#   E(MeV)       xs(mb)       xslow(mb)      xsupp(mb)
 1.71444E+00    0.00000E+00    0.00000E+00    0.00000E+00
 4.00000E+00    0.00000E+00    0.00000E+00    0.00000E+00
 5.00000E+00    2.84530E-13    0.00000E+00    0.00000E+00
 6.00000E+00    6.50107E-10    0.00000E+00    0.00000E+00
 7.00000E+00    1.63023E-07    0.00000E+00    0.00000E+00
 8.00000E+00    9.13937E-06    0.00000E+00    0.00000E+00
 9.00000E+00    1.84531E-04    0.00000E+00    0.00000E+00
 1.00000E+01    1.84574E-03    0.00000E+00    0.00000E+00
 1.10000E+01    1.07522E-02    0.00000E+00    0.00000E+00
 1.20000E+01    4.52083E-02    0.00000E+00    0.00000E+00
 1.30000E+01    1.49134E-01    0.00000E+00    0.00000E+00
 1.40000E+01    3.97249E-01    0.00000E+00    0.00000E+00
 1.50000E+01    8.90721E-01    0.00000E+00    0.00000E+00
 1.60000E+01    1.68786E+00    0.00000E+00    0.00000E+00
 1.70000E+01    2.82034E+00    0.00000E+00    0.00000E+00
 1.80000E+01    4.29453E+00    0.00000E+00    0.00000E+00
 1.90000E+01    6.07056E+00    0.00000E+00    0.00000E+00
 2.00000E+01    7.98584E+00    0.00000E+00    0.00000E+00
 2.20000E+01    1.17899E+01    0.00000E+00    0.00000E+00
 2.40000E+01    1.49473E+01    0.00000E+00    0.00000E+00
 2.60000E+01    1.71202E+01    0.00000E+00    0.00000E+00
 2.80000E+01    1.85937E+01    0.00000E+00    0.00000E+00
 3.00000E+01    1.94161E+01    0.00000E+00    0.00000E+00
 3.00000E+01    1.94161E+01    0.00000E+00    0.00000E+00
 3.50000E+01    1.94719E+01    0.00000E+00    0.00000E+00
 4.00000E+01    1.85071E+01    0.00000E+00    0.00000E+00
 4.50000E+01    1.74010E+01    0.00000E+00    0.00000E+00
 5.00000E+01    1.65008E+01    0.00000E+00    0.00000E+00
 5.50000E+01    1.54573E+01    0.00000E+00    0.00000E+00
 6.00000E+01    1.39928E+01    0.00000E+00    0.00000E+00
 6.50000E+01    1.27953E+01    0.00000E+00    0.00000E+00
 7.00000E+01    1.15467E+01    0.00000E+00    0.00000E+00
 7.50000E+01    1.05736E+01    0.00000E+00    0.00000E+00
 8.00000E+01    9.45824E+00    0.00000E+00    0.00000E+00
 9.00000E+01    7.85615E+00    0.00000E+00    0.00000E+00
 1.00000E+02    6.52959E+00    0.00000E+00    0.00000E+00
 1.10000E+02    5.55719E+00    0.00000E+00    0.00000E+00
 1.20000E+02    4.70183E+00    0.00000E+00    0.00000E+00
 1.30000E+02    4.04412E+00    0.00000E+00    0.00000E+00
 1.40000E+02    3.46695E+00    0.00000E+00    0.00000E+00
 1.50000E+02    3.03982E+00    0.00000E+00    0.00000E+00
 1.60000E+02    2.65921E+00    0.00000E+00    0.00000E+00
 1.80000E+02    2.08629E+00    0.00000E+00    0.00000E+00
 2.00000E+02    1.73474E+00    0.00000E+00    0.00000E+00
