# n + Nd146 : (n,4n)    
# tendl.2019 A.J. Koning and D. Rochman        EVAL-NOV19
# uncertainties: n
# # energies =    40
#   E(MeV)       xs(mb) 
 2.12837E+01    0.00000E+00
 2.20000E+01    8.15911E-01
 2.30000E+01    1.11283E+01
 2.40000E+01    4.83973E+01
 2.50000E+01    1.14105E+02
 2.60000E+01    2.05992E+02
 2.70000E+01    3.03063E+02
 2.80000E+01    3.99253E+02
 2.90000E+01    4.83185E+02
 3.00000E+01    5.52195E+02
 3.00000E+01    5.52287E+02
 3.20000E+01    6.35097E+02
 3.40000E+01    6.37599E+02
 3.60000E+01    5.79162E+02
 3.80000E+01    4.98078E+02
 4.00000E+01    4.28879E+02
 4.20000E+01    3.75174E+02
 4.40000E+01    3.37306E+02
 4.60000E+01    3.08135E+02
 4.80000E+01    2.84516E+02
 5.00000E+01    2.65254E+02
 5.20000E+01    2.49734E+02
 5.40000E+01    2.35100E+02
 5.60000E+01    2.24461E+02
 5.80000E+01    2.13915E+02
 6.00000E+01    2.05406E+02
 6.50000E+01    1.86410E+02
 7.00000E+01    1.73153E+02
 7.50000E+01    1.61105E+02
 8.00000E+01    1.48438E+02
 9.00000E+01    1.30107E+02
 1.00000E+02    1.15416E+02
 1.10000E+02    1.04259E+02
 1.20000E+02    9.55357E+01
 1.30000E+02    8.72768E+01
 1.40000E+02    8.09404E+01
 1.50000E+02    7.48636E+01
 1.60000E+02    6.97300E+01
 1.80000E+02    6.03151E+01
 2.00000E+02    5.31589E+01
