# n + Bi209 : (n,tot)   
# jendl4.0   N.YAMAMURO,A.ZUKERAN,JENDL-3 C.G. EVAL-MAY89
# uncertainties: n
# # energies =    69
#   E(MeV)       xs(mb) 
 1.00000E-10    1.09987E+04
 5.00000E-09    9.51493E+03
 1.00000E-08    9.46374E+03
 1.50000E-08    9.44198E+03
 2.00000E-08    9.42912E+03
 2.50000E-08    9.42121E+03
 3.00000E-08    9.41545E+03
 3.50000E-08    9.41005E+03
 4.20000E-08    9.40559E+03
 5.00000E-08    9.40119E+03
 5.80000E-08    9.39856E+03
 6.70000E-08    9.39558E+03
 8.00000E-08    9.39175E+03
 1.00000E-07    9.38829E+03
 1.40000E-07    9.38431E+03
 1.80000E-07    9.38256E+03
 2.20000E-07    9.38125E+03
 2.50000E-07    9.38014E+03
 2.80000E-07    9.37921E+03
 3.00000E-07    9.37847E+03
 3.20000E-07    9.37776E+03
 3.50000E-07    9.37735E+03
 4.00000E-07    9.37663E+03
 5.00000E-07    9.37554E+03
 6.25000E-07    9.37418E+03
 7.80000E-07    9.37307E+03
 8.50000E-07    9.37250E+03
 9.10000E-07    9.37238E+03
 9.50000E-07    9.37234E+03
 9.72000E-07    9.37231E+03
 9.96000E-07    9.37228E+03
 1.02000E-06    9.37225E+03
 1.04500E-06    9.37222E+03
 1.07100E-06    9.37219E+03
 1.09700E-06    9.37216E+03
 1.12300E-06    9.37213E+03
 1.15000E-06    9.37202E+03
 1.30000E-06    9.37181E+03
 1.50000E-06    9.37134E+03
 2.10000E-06    9.37066E+03
 2.60000E-06    9.36994E+03
 3.30000E-06    9.36909E+03
 4.00000E-06    9.36561E+03
 9.87700E-06    9.35810E+03
 1.59680E-05    9.34764E+03
 2.77000E-05    9.32863E+03
 4.80520E-05    9.29971E+03
 7.55014E-05    9.24230E+03
 1.48728E-04    9.05377E+03
 3.67262E-04    2.49309E+04
 9.06898E-04    1.12310E+04
 1.42510E-03    8.80216E+03
 2.23945E-03    2.47561E+04
 3.51910E-03    1.13130E+04
 5.53000E-03    9.85262E+03
 9.11800E-03    1.51213E+04
 1.50300E-02    1.35436E+04
 2.47800E-02    1.15265E+04
 4.08500E-02    1.03526E+04
 6.73400E-02    9.87670E+03
 1.11000E-01    8.70637E+03
 1.83000E-01    7.85251E+03
 3.02000E-01    7.08214E+03
 5.00000E-01    5.75207E+03
 8.21000E-01    5.01551E+03
 1.35300E+00    5.78457E+03
 2.23100E+00    7.61213E+03
 3.67900E+00    7.45246E+03
 6.06500E+00    5.68977E+03
