# n + Er162 : (n,el)    
# jendl4.0   A.K.M. HARUN-AR-RASHID+           EVAL-SEP00
# uncertainties: n
# # energies =    69
#   E(MeV)       xs(mb) 
 1.00000E-10    9.51874E+03
 5.00000E-09    8.09753E+03
 1.00000E-08    8.05742E+03
 1.50000E-08    8.04104E+03
 2.00000E-08    8.03136E+03
 2.50000E-08    8.02538E+03
 3.00000E-08    8.02100E+03
 3.50000E-08    8.01632E+03
 4.20000E-08    8.01251E+03
 5.00000E-08    8.00864E+03
 5.80000E-08    8.00484E+03
 6.70000E-08    8.00147E+03
 8.00000E-08    7.99662E+03
 1.00000E-07    7.98830E+03
 1.40000E-07    7.97878E+03
 1.80000E-07    7.96962E+03
 2.20000E-07    7.96155E+03
 2.50000E-07    7.95470E+03
 2.80000E-07    7.94896E+03
 3.00000E-07    7.94440E+03
 3.20000E-07    7.93876E+03
 3.50000E-07    7.92998E+03
 4.00000E-07    7.91370E+03
 5.00000E-07    7.88895E+03
 6.25000E-07    7.85813E+03
 7.80000E-07    7.83276E+03
 8.50000E-07    7.81836E+03
 9.10000E-07    7.80727E+03
 9.50000E-07    7.80040E+03
 9.72000E-07    7.79532E+03
 9.96000E-07    7.79001E+03
 1.02000E-06    7.78460E+03
 1.04500E-06    7.77867E+03
 1.07100E-06    7.77243E+03
 1.09700E-06    7.76620E+03
 1.12300E-06    7.75984E+03
 1.15000E-06    7.73896E+03
 1.30000E-06    7.69717E+03
 1.50000E-06    7.60458E+03
 2.10000E-06    7.45822E+03
 2.60000E-06    7.28422E+03
 3.30000E-06    7.02902E+03
 4.00000E-06    7.35394E+03
 9.87700E-06    1.21040E+04
 1.59680E-05    1.91209E+04
 2.77000E-05    1.71875E+04
 4.80520E-05    9.50180E+04
 7.55014E-05    1.22832E+04
 1.48728E-04    4.27313E+04
 3.67262E-04    3.48801E+04
 9.06898E-04    2.76705E+04
 1.42510E-03    2.31098E+04
 2.23945E-03    2.02804E+04
 3.51910E-03    1.76653E+04
 5.53000E-03    1.52369E+04
 9.11800E-03    1.31909E+04
 1.50300E-02    1.14399E+04
 2.47800E-02    1.01930E+04
 4.08500E-02    9.17386E+03
 6.73400E-02    8.35957E+03
 1.11000E-01    7.58534E+03
 1.83000E-01    6.90501E+03
 3.02000E-01    6.43059E+03
 5.00000E-01    6.08439E+03
 8.21000E-01    5.70464E+03
 1.35300E+00    4.63655E+03
 2.23100E+00    3.46994E+03
 3.67900E+00    2.72476E+03
 6.06500E+00    2.53622E+03
