# n + Cf251 : (n,2n)    
# jendl4.0   O.Iwamoto,T.Nakagawa,+            EVAL-JAN10
# uncertainties: y
# # energies =    31
#   E(MeV)       xs(mb)       xslow(mb)      xsupp(mb)
 5.12902E+00    0.00000E+00    0.00000E+00    0.00000E+00
 5.50000E+00    1.02307E+02    5.75988E+01    1.47015E+02
 6.00000E+00    4.37934E+02    2.46557E+02    6.29311E+02
 6.50000E+00    6.18300E+02    3.48103E+02    8.88497E+02
 7.00000E+00    6.43919E+02    2.70446E+02    1.01739E+03
 7.50000E+00    6.06260E+02    2.54629E+02    9.57891E+02
 8.00000E+00    5.53923E+02    2.15476E+02    8.92370E+02
 8.50000E+00    4.96885E+02    1.93288E+02    8.00482E+02
 9.00000E+00    4.48748E+02    1.72319E+02    7.25177E+02
 9.50000E+00    4.07644E+02    1.56535E+02    6.58753E+02
 1.00000E+01    3.78132E+02    1.47850E+02    6.08414E+02
 1.05000E+01    3.57928E+02    1.39950E+02    5.75906E+02
 1.10000E+01    3.43465E+02    1.34295E+02    5.52635E+02
 1.15000E+01    3.33043E+02    1.30220E+02    5.35866E+02
 1.20000E+01    3.21335E+02    1.32711E+02    5.09959E+02
 1.25000E+01    3.04743E+02    1.25859E+02    4.83627E+02
 1.30000E+01    2.81762E+02    1.16368E+02    4.47156E+02
 1.35000E+01    2.56768E+02    1.06045E+02    4.07491E+02
 1.40000E+01    2.28921E+02    1.04617E+02    3.53225E+02
 1.45000E+01    2.04403E+02    9.34122E+01    3.15394E+02
 1.50000E+01    1.85866E+02    9.14461E+01    2.80286E+02
 1.55000E+01    1.68388E+02    8.28469E+01    2.53929E+02
 1.60000E+01    1.53671E+02    7.83722E+01    2.28970E+02
 1.65000E+01    1.42411E+02    7.26296E+01    2.12192E+02
 1.70000E+01    1.33556E+02    6.81136E+01    1.98998E+02
 1.75000E+01    1.26535E+02    6.45328E+01    1.88537E+02
 1.80000E+01    1.20188E+02    6.29785E+01    1.77397E+02
 1.85000E+01    1.15470E+02    6.05063E+01    1.70434E+02
 1.90000E+01    1.10978E+02    5.81525E+01    1.63804E+02
 1.95000E+01    1.04808E+02    5.49194E+01    1.54697E+02
 2.00000E+01    1.01861E+02    5.33752E+01    1.50347E+02
