# n + Cd112 : (n,a)     
# jendl4.0   S.Kunieda, A.Ichihara, K.Shibata+ EVAL-FEB22
# uncertainties: n
# # energies =    56
#   E(MeV)       xs(mb) 
 1.00000E-01    0.00000E+00
 2.00000E-01    2.28800E-12
 2.50000E-01    3.56100E-12
 3.00000E-01    5.82000E-12
 3.50000E-01    8.83700E-12
 4.00000E-01    1.41700E-11
 4.50000E-01    2.11200E-11
 5.00000E-01    3.36300E-11
 5.50000E-01    4.95000E-11
 6.00000E-01    7.82100E-11
 6.50000E-01    7.13800E-11
 7.00000E-01    8.21700E-11
 7.50000E-01    1.01600E-10
 8.00000E-01    1.43900E-10
 8.50000E-01    1.90900E-10
 9.00000E-01    2.80700E-10
 9.50000E-01    3.79400E-10
 1.00000E+00    5.65500E-10
 1.20000E+00    2.35900E-09
 1.40000E+00    8.64600E-09
 1.60000E+00    2.50300E-08
 1.80000E+00    7.88100E-08
 2.00000E+00    2.49500E-07
 2.20000E+00    6.54500E-07
 2.40000E+00    1.53800E-06
 2.60000E+00    3.50000E-06
 2.80000E+00    7.00200E-06
 3.00000E+00    1.22500E-05
 3.25000E+00    2.43300E-05
 3.50000E+00    4.93700E-05
 3.75000E+00    9.18800E-05
 4.00000E+00    1.80100E-04
 4.25000E+00    3.06200E-04
 4.50000E+00    5.57400E-04
 4.75000E+00    8.72100E-04
 5.00000E+00    1.47000E-03
 5.50000E+00    3.00700E-03
 6.00000E+00    6.17500E-03
 6.50000E+00    1.13100E-02
 7.00000E+00    1.89800E-02
 7.50000E+00    2.96800E-02
 8.00000E+00    4.39000E-02
 8.50000E+00    6.22700E-02
 9.00000E+00    8.58100E-02
 9.50000E+00    1.16400E-01
 1.00000E+01    1.57800E-01
 1.10000E+01    3.03900E-01
 1.20000E+01    6.14800E-01
 1.30000E+01    1.21200E+00
 1.40000E+01    2.18600E+00
 1.50000E+01    3.56600E+00
 1.60000E+01    5.18700E+00
 1.70000E+01    6.75200E+00
 1.80000E+01    7.94100E+00
 1.90000E+01    8.59400E+00
 2.00000E+01    8.74900E+00
