# n + Cd112 : (n,n'05)  
# jendl4.0   S.Kunieda, A.Ichihara, K.Shibata+ EVAL-FEB22
# uncertainties: n
# # energies =    37
#   E(MeV)       xs(mb) 
 1.44611E+00    0.00000E+00
 1.60000E+00    6.87500E+01
 1.80000E+00    9.88700E+01
 2.00000E+00    1.00200E+02
 2.20000E+00    8.97500E+01
 2.40000E+00    6.86800E+01
 2.60000E+00    5.11100E+01
 2.80000E+00    3.77800E+01
 3.00000E+00    2.39700E+01
 3.25000E+00    1.50700E+01
 3.50000E+00    9.02900E+00
 3.75000E+00    6.28200E+00
 4.00000E+00    4.24500E+00
 4.25000E+00    3.07100E+00
 4.50000E+00    2.17000E+00
 4.75000E+00    1.60000E+00
 5.00000E+00    1.16300E+00
 5.50000E+00    6.53800E-01
 6.00000E+00    3.89600E-01
 6.50000E+00    2.45400E-01
 7.00000E+00    1.66700E-01
 7.50000E+00    1.22600E-01
 8.00000E+00    9.72200E-02
 8.50000E+00    8.20700E-02
 9.00000E+00    7.27600E-02
 9.50000E+00    6.68800E-02
 1.00000E+01    6.30800E-02
 1.10000E+01    5.88100E-02
 1.20000E+01    4.65800E-02
 1.30000E+01    4.50100E-02
 1.40000E+01    4.37800E-02
 1.50000E+01    4.29100E-02
 1.60000E+01    4.22700E-02
 1.70000E+01    4.16700E-02
 1.80000E+01    4.11400E-02
 1.90000E+01    4.07100E-02
 2.00000E+01    4.04000E-02
