# p + Ca 42 : (p,xa)    
# tendl.2019 A.J. Koning                       EVAL-OCT19
# 
# # energies =    50
#   E(MeV)        xs(mb) 
 7.38149E+00    6.97330E+01
 8.00000E+00    6.23287E+01
 8.00721E+00    6.22928E+01
 8.01257E+00    6.22662E+01
 8.90770E+00    5.78124E+01
 8.92785E+00    5.77121E+01
 9.00000E+00    5.73531E+01
 9.00589E+00    5.73964E+01
 9.12640E+00    5.82820E+01
 9.27181E+00    5.93505E+01
 9.30007E+00    5.95582E+01
 9.31574E+00    5.96734E+01
 9.62155E+00    6.19207E+01
 1.00000E+01    6.47018E+01
 1.10000E+01    7.65240E+01
 1.20000E+01    8.80674E+01
 1.30000E+01    1.12391E+02
 1.40000E+01    1.51671E+02
 1.50000E+01    1.79423E+02
 1.60000E+01    1.84103E+02
 1.70000E+01    1.80125E+02
 1.80000E+01    1.71464E+02
 1.90000E+01    1.64046E+02
 2.00000E+01    1.56616E+02
 2.20000E+01    1.48479E+02
 2.40000E+01    1.42348E+02
 2.60000E+01    1.35856E+02
 2.80000E+01    1.28141E+02
 3.00000E+01    1.20945E+02
 3.00000E+01    1.29240E+02
 3.50000E+01    1.25871E+02
 4.00000E+01    1.22387E+02
 4.50000E+01    1.19561E+02
 5.00000E+01    1.18816E+02
 5.50000E+01    1.17151E+02
 6.00000E+01    1.15103E+02
 6.50000E+01    1.15935E+02
 7.00000E+01    1.18730E+02
 7.50000E+01    1.21217E+02
 8.00000E+01    1.23669E+02
 9.00000E+01    1.28564E+02
 1.00000E+02    1.33732E+02
 1.10000E+02    1.38954E+02
 1.20000E+02    1.44933E+02
 1.30000E+02    1.52125E+02
 1.40000E+02    1.60654E+02
 1.50000E+02    1.69217E+02
 1.60000E+02    1.78495E+02
 1.80000E+02    1.99568E+02
 2.00000E+02    2.23171E+02
