# n + Se 77 : (n,a)     
# tendl.2019 A.J. Koning and D. Rochman        EVAL-NOV19
# uncertainties: y
# # energies =   556
#   E(MeV)       xs(mb)       xslow(mb)      xsupp(mb)
 1.00000E-11    4.87846E+01    4.87728E+01    4.87964E+01
 1.03223E-11    4.80169E+01    4.80052E+01    4.80285E+01
 1.06549E-11    4.72616E+01    4.72501E+01    4.72730E+01
 1.09984E-11    4.65178E+01    4.65065E+01    4.65290E+01
 1.13527E-11    4.57860E+01    4.57750E+01    4.57971E+01
 1.17186E-11    4.50655E+01    4.50546E+01    4.50764E+01
 1.20962E-11    4.43566E+01    4.43459E+01    4.43673E+01
 1.24861E-11    4.36586E+01    4.36480E+01    4.36691E+01
 1.28884E-11    4.29718E+01    4.29614E+01    4.29822E+01
 1.33038E-11    4.22955E+01    4.22853E+01    4.23058E+01
 1.37325E-11    4.16302E+01    4.16201E+01    4.16403E+01
 1.41751E-11    4.09751E+01    4.09652E+01    4.09850E+01
 1.46318E-11    4.03305E+01    4.03207E+01    4.03403E+01
 1.51034E-11    3.96958E+01    3.96862E+01    3.97054E+01
 1.55901E-11    3.90714E+01    3.90619E+01    3.90808E+01
 1.60926E-11    3.84565E+01    3.84472E+01    3.84658E+01
 1.66111E-11    3.78516E+01    3.78424E+01    3.78607E+01
 1.71465E-11    3.72559E+01    3.72469E+01    3.72649E+01
 1.76990E-11    3.66698E+01    3.66610E+01    3.66787E+01
 1.82694E-11    3.60928E+01    3.60840E+01    3.61015E+01
 1.88581E-11    3.55250E+01    3.55164E+01    3.55336E+01
 1.94659E-11    3.49660E+01    3.49575E+01    3.49744E+01
 2.00931E-11    3.44159E+01    3.44076E+01    3.44242E+01
 2.07407E-11    3.38743E+01    3.38661E+01    3.38825E+01
 2.14090E-11    3.33414E+01    3.33334E+01    3.33495E+01
 2.20991E-11    3.28168E+01    3.28088E+01    3.28247E+01
 2.28111E-11    3.23005E+01    3.22927E+01    3.23083E+01
 2.35464E-11    3.17922E+01    3.17845E+01    3.17999E+01
 2.43051E-11    3.12921E+01    3.12845E+01    3.12997E+01
 2.50884E-11    3.07997E+01    3.07922E+01    3.08071E+01
 2.58968E-11    3.03151E+01    3.03078E+01    3.03225E+01
 2.67315E-11    2.98381E+01    2.98309E+01    2.98453E+01
 2.75928E-11    2.93687E+01    2.93616E+01    2.93758E+01
 2.84822E-11    2.89066E+01    2.88996E+01    2.89136E+01
 2.93999E-11    2.84518E+01    2.84449E+01    2.84587E+01
 3.03475E-11    2.80041E+01    2.79973E+01    2.80109E+01
 3.13253E-11    2.75635E+01    2.75569E+01    2.75702E+01
 3.23350E-11    2.71298E+01    2.71232E+01    2.71364E+01
 3.33769E-11    2.67030E+01    2.66965E+01    2.67095E+01
 3.44526E-11    2.62828E+01    2.62765E+01    2.62892E+01
 3.55627E-11    2.58693E+01    2.58631E+01    2.58756E+01
 3.67089E-11    2.54623E+01    2.54561E+01    2.54684E+01
 3.78918E-11    2.50617E+01    2.50556E+01    2.50678E+01
 3.91130E-11    2.46673E+01    2.46614E+01    2.46733E+01
 4.03734E-11    2.42793E+01    2.42734E+01    2.42851E+01
 4.16746E-11    2.38972E+01    2.38914E+01    2.39030E+01
 4.30174E-11    2.35213E+01    2.35156E+01    2.35270E+01
 4.44039E-11    2.31511E+01    2.31455E+01    2.31567E+01
 4.58347E-11    2.27869E+01    2.27814E+01    2.27924E+01
 4.73119E-11    2.24284E+01    2.24229E+01    2.24338E+01
 4.88364E-11    2.20755E+01    2.20702E+01    2.20809E+01
 5.04104E-11    2.17281E+01    2.17229E+01    2.17334E+01
 5.20348E-11    2.13863E+01    2.13811E+01    2.13915E+01
 5.37119E-11    2.10498E+01    2.10447E+01    2.10549E+01
 5.54426E-11    2.07186E+01    2.07136E+01    2.07236E+01
 5.72295E-11    2.03926E+01    2.03877E+01    2.03976E+01
 5.90736E-11    2.00718E+01    2.00669E+01    2.00767E+01
 6.09775E-11    1.97560E+01    1.97512E+01    1.97607E+01
 6.29424E-11    1.94451E+01    1.94404E+01    1.94499E+01
 6.49710E-11    1.91392E+01    1.91345E+01    1.91438E+01
 6.70645E-11    1.88381E+01    1.88335E+01    1.88426E+01
 6.92260E-11    1.85416E+01    1.85372E+01    1.85461E+01
 7.14566E-11    1.82499E+01    1.82455E+01    1.82544E+01
 7.37596E-11    1.79628E+01    1.79584E+01    1.79671E+01
 7.61364E-11    1.76802E+01    1.76759E+01    1.76845E+01
 7.85902E-11    1.74020E+01    1.73978E+01    1.74062E+01
 8.11227E-11    1.71282E+01    1.71241E+01    1.71323E+01
 8.37372E-11    1.68587E+01    1.68546E+01    1.68628E+01
 8.64355E-11    1.65935E+01    1.65894E+01    1.65975E+01
 8.92212E-11    1.63324E+01    1.63284E+01    1.63363E+01
 9.20962E-11    1.60754E+01    1.60715E+01    1.60793E+01
 9.50644E-11    1.58225E+01    1.58186E+01    1.58263E+01
 9.81277E-11    1.55735E+01    1.55698E+01    1.55773E+01
 1.01291E-10    1.53284E+01    1.53247E+01    1.53322E+01
 1.04554E-10    1.50873E+01    1.50837E+01    1.50910E+01
 1.07924E-10    1.48499E+01    1.48463E+01    1.48535E+01
 1.11402E-10    1.46163E+01    1.46128E+01    1.46198E+01
 1.14992E-10    1.43863E+01    1.43828E+01    1.43898E+01
 1.18697E-10    1.41600E+01    1.41565E+01    1.41634E+01
 1.22523E-10    1.39371E+01    1.39338E+01    1.39405E+01
 1.26471E-10    1.37179E+01    1.37146E+01    1.37212E+01
 1.30547E-10    1.35020E+01    1.34988E+01    1.35053E+01
 1.34754E-10    1.32896E+01    1.32864E+01    1.32928E+01
 1.39097E-10    1.30805E+01    1.30773E+01    1.30837E+01
 1.43579E-10    1.28747E+01    1.28716E+01    1.28778E+01
 1.48207E-10    1.26721E+01    1.26690E+01    1.26752E+01
 1.52982E-10    1.24728E+01    1.24697E+01    1.24758E+01
 1.57913E-10    1.22765E+01    1.22735E+01    1.22795E+01
 1.63001E-10    1.20834E+01    1.20804E+01    1.20863E+01
 1.68254E-10    1.18932E+01    1.18903E+01    1.18961E+01
 1.73676E-10    1.17061E+01    1.17033E+01    1.17090E+01
 1.79274E-10    1.15219E+01    1.15191E+01    1.15247E+01
 1.85050E-10    1.13407E+01    1.13379E+01    1.13434E+01
 1.91014E-10    1.11622E+01    1.11595E+01    1.11649E+01
 1.97169E-10    1.09866E+01    1.09839E+01    1.09893E+01
 2.03524E-10    1.08137E+01    1.08111E+01    1.08163E+01
 2.10082E-10    1.06436E+01    1.06410E+01    1.06462E+01
 2.16853E-10    1.04761E+01    1.04736E+01    1.04786E+01
 2.23840E-10    1.03113E+01    1.03088E+01    1.03138E+01
 2.31055E-10    1.01490E+01    1.01466E+01    1.01515E+01
 2.38500E-10    9.98938E+00    9.98697E+00    9.99180E+00
 2.46187E-10    9.83219E+00    9.82981E+00    9.83457E+00
 2.54120E-10    9.67752E+00    9.67517E+00    9.67986E+00
 2.62310E-10    9.52523E+00    9.52293E+00    9.52754E+00
 2.70762E-10    9.37538E+00    9.37311E+00    9.37765E+00
 2.79489E-10    9.22785E+00    9.22562E+00    9.23009E+00
 2.88494E-10    9.08268E+00    9.08048E+00    9.08488E+00
 2.97793E-10    8.93976E+00    8.93759E+00    8.94192E+00
 3.07388E-10    8.79912E+00    8.79699E+00    8.80125E+00
 3.17295E-10    8.66066E+00    8.65856E+00    8.66276E+00
 3.27519E-10    8.52441E+00    8.52235E+00    8.52647E+00
 3.38075E-10    8.39027E+00    8.38824E+00    8.39230E+00
 3.48969E-10    8.25828E+00    8.25628E+00    8.26028E+00
 3.60216E-10    8.12833E+00    8.12636E+00    8.13030E+00
 3.71823E-10    8.00045E+00    7.99852E+00    8.00239E+00
 3.83807E-10    7.87456E+00    7.87265E+00    7.87647E+00
 3.96174E-10    7.75068E+00    7.74880E+00    7.75255E+00
 4.08943E-10    7.62872E+00    7.62687E+00    7.63056E+00
 4.22120E-10    7.50870E+00    7.50688E+00    7.51052E+00
 4.35725E-10    7.39055E+00    7.38876E+00    7.39234E+00
 4.49765E-10    7.27428E+00    7.27252E+00    7.27604E+00
 4.64261E-10    7.15981E+00    7.15808E+00    7.16155E+00
 4.79221E-10    7.04717E+00    7.04547E+00    7.04888E+00
 4.94666E-10    6.93628E+00    6.93460E+00    6.93796E+00
 5.10605E-10    6.82716E+00    6.82551E+00    6.82881E+00
 5.27062E-10    6.71973E+00    6.71811E+00    6.72136E+00
 5.44045E-10    6.61402E+00    6.61241E+00    6.61562E+00
 5.61580E-10    6.50994E+00    6.50837E+00    6.51152E+00
 5.79675E-10    6.40753E+00    6.40597E+00    6.40908E+00
 5.98358E-10    6.30670E+00    6.30517E+00    6.30823E+00
 6.17639E-10    6.20748E+00    6.20598E+00    6.20898E+00
 6.37545E-10    6.10980E+00    6.10833E+00    6.11128E+00
 6.58089E-10    6.01368E+00    6.01223E+00    6.01514E+00
 6.79298E-10    5.91906E+00    5.91762E+00    5.92049E+00
 7.01188E-10    5.82594E+00    5.82453E+00    5.82735E+00
 7.23786E-10    5.73426E+00    5.73287E+00    5.73565E+00
 7.47109E-10    5.64405E+00    5.64268E+00    5.64542E+00
 7.71188E-10    5.55524E+00    5.55389E+00    5.55658E+00
 7.96038E-10    5.46784E+00    5.46652E+00    5.46917E+00
 8.21693E-10    5.38180E+00    5.38050E+00    5.38311E+00
 8.48171E-10    5.29713E+00    5.29585E+00    5.29842E+00
 8.75507E-10    5.21378E+00    5.21252E+00    5.21505E+00
 9.03719E-10    5.13176E+00    5.13052E+00    5.13300E+00
 9.32845E-10    5.05101E+00    5.04979E+00    5.05223E+00
 9.62904E-10    4.97154E+00    4.97034E+00    4.97275E+00
 9.93937E-10    4.89332E+00    4.89213E+00    4.89450E+00
 1.02597E-09    4.81633E+00    4.81517E+00    4.81750E+00
 1.05903E-09    4.74055E+00    4.73940E+00    4.74169E+00
 1.09316E-09    4.66597E+00    4.66484E+00    4.66709E+00
 1.12839E-09    4.59255E+00    4.59143E+00    4.59366E+00
 1.16475E-09    4.52029E+00    4.51920E+00    4.52139E+00
 1.20229E-09    4.44917E+00    4.44809E+00    4.45024E+00
 1.24103E-09    4.37917E+00    4.37811E+00    4.38023E+00
 1.28103E-09    4.31026E+00    4.30922E+00    4.31131E+00
 1.32231E-09    4.24245E+00    4.24142E+00    4.24348E+00
 1.36492E-09    4.17570E+00    4.17469E+00    4.17671E+00
 1.40890E-09    4.11000E+00    4.10901E+00    4.11100E+00
 1.45431E-09    4.04533E+00    4.04435E+00    4.04631E+00
 1.50117E-09    3.98169E+00    3.98072E+00    3.98265E+00
 1.54956E-09    3.91904E+00    3.91809E+00    3.91998E+00
 1.59949E-09    3.85738E+00    3.85644E+00    3.85831E+00
 1.65104E-09    3.79668E+00    3.79576E+00    3.79760E+00
 1.70424E-09    3.73695E+00    3.73605E+00    3.73785E+00
 1.75917E-09    3.67815E+00    3.67726E+00    3.67904E+00
 1.81585E-09    3.62028E+00    3.61941E+00    3.62116E+00
 1.87438E-09    3.56332E+00    3.56245E+00    3.56418E+00
 1.93477E-09    3.50726E+00    3.50641E+00    3.50811E+00
 1.99713E-09    3.45207E+00    3.45123E+00    3.45291E+00
 2.06148E-09    3.39776E+00    3.39694E+00    3.39858E+00
 2.12792E-09    3.34430E+00    3.34349E+00    3.34511E+00
 2.19649E-09    3.29168E+00    3.29088E+00    3.29248E+00
 2.26728E-09    3.23989E+00    3.23910E+00    3.24067E+00
 2.34034E-09    3.18892E+00    3.18814E+00    3.18969E+00
 2.41577E-09    3.13874E+00    3.13798E+00    3.13950E+00
 2.49362E-09    3.08936E+00    3.08861E+00    3.09010E+00
 2.57398E-09    3.04075E+00    3.04001E+00    3.04148E+00
 2.65692E-09    2.99291E+00    2.99218E+00    2.99363E+00
 2.74255E-09    2.94581E+00    2.94510E+00    2.94653E+00
 2.83093E-09    2.89947E+00    2.89877E+00    2.90017E+00
 2.92217E-09    2.85384E+00    2.85315E+00    2.85454E+00
 3.01633E-09    2.80895E+00    2.80827E+00    2.80963E+00
 3.11354E-09    2.76475E+00    2.76408E+00    2.76542E+00
 3.21387E-09    2.72125E+00    2.72059E+00    2.72191E+00
 3.31745E-09    2.67843E+00    2.67778E+00    2.67908E+00
 3.42435E-09    2.63629E+00    2.63565E+00    2.63693E+00
 3.53471E-09    2.59481E+00    2.59418E+00    2.59544E+00
 3.64861E-09    2.55399E+00    2.55337E+00    2.55461E+00
 3.76620E-09    2.51380E+00    2.51319E+00    2.51441E+00
 3.88757E-09    2.47425E+00    2.47365E+00    2.47485E+00
 4.01286E-09    2.43532E+00    2.43473E+00    2.43591E+00
 4.14217E-09    2.39701E+00    2.39642E+00    2.39759E+00
 4.27566E-09    2.35929E+00    2.35872E+00    2.35986E+00
 4.41344E-09    2.32217E+00    2.32161E+00    2.32273E+00
 4.55568E-09    2.28563E+00    2.28508E+00    2.28618E+00
 4.70248E-09    2.24967E+00    2.24913E+00    2.25022E+00
 4.85404E-09    2.21427E+00    2.21374E+00    2.21481E+00
 5.01045E-09    2.17944E+00    2.17891E+00    2.17997E+00
 5.17193E-09    2.14515E+00    2.14463E+00    2.14566E+00
 5.33859E-09    2.11140E+00    2.11088E+00    2.11191E+00
 5.51065E-09    2.07817E+00    2.07767E+00    2.07868E+00
 5.68822E-09    2.04548E+00    2.04498E+00    2.04598E+00
 5.87154E-09    2.01330E+00    2.01281E+00    2.01378E+00
 6.06075E-09    1.98162E+00    1.98114E+00    1.98210E+00
 6.25608E-09    1.95044E+00    1.94997E+00    1.95092E+00
 6.45767E-09    1.91976E+00    1.91930E+00    1.92023E+00
 6.66579E-09    1.88956E+00    1.88910E+00    1.89002E+00
 6.88059E-09    1.85984E+00    1.85939E+00    1.86029E+00
 7.10234E-09    1.83058E+00    1.83013E+00    1.83102E+00
 7.33121E-09    1.80179E+00    1.80135E+00    1.80222E+00
 7.56748E-09    1.77345E+00    1.77302E+00    1.77388E+00
 7.81133E-09    1.74556E+00    1.74514E+00    1.74598E+00
 8.06308E-09    1.71811E+00    1.71770E+00    1.71853E+00
 8.32291E-09    1.69110E+00    1.69069E+00    1.69151E+00
 8.59114E-09    1.66452E+00    1.66412E+00    1.66492E+00
 8.86798E-09    1.63837E+00    1.63797E+00    1.63877E+00
 9.15378E-09    1.61263E+00    1.61224E+00    1.61302E+00
 9.44875E-09    1.58731E+00    1.58693E+00    1.58770E+00
 9.75327E-09    1.56240E+00    1.56202E+00    1.56278E+00
 1.00676E-08    1.53789E+00    1.53752E+00    1.53826E+00
 1.03920E-08    1.51378E+00    1.51341E+00    1.51414E+00
 1.07269E-08    1.49006E+00    1.48970E+00    1.49042E+00
 1.10726E-08    1.46673E+00    1.46637E+00    1.46709E+00
 1.14294E-08    1.44378E+00    1.44343E+00    1.44413E+00
 1.17978E-08    1.42121E+00    1.42086E+00    1.42155E+00
 1.21779E-08    1.39900E+00    1.39866E+00    1.39934E+00
 1.25704E-08    1.37716E+00    1.37682E+00    1.37749E+00
 1.29755E-08    1.35567E+00    1.35534E+00    1.35600E+00
 1.33937E-08    1.33452E+00    1.33420E+00    1.33484E+00
 1.38253E-08    1.31371E+00    1.31339E+00    1.31403E+00
 1.42708E-08    1.29322E+00    1.29291E+00    1.29353E+00
 1.47307E-08    1.27305E+00    1.27274E+00    1.27336E+00
 1.52054E-08    1.25319E+00    1.25288E+00    1.25349E+00
 1.56954E-08    1.23362E+00    1.23333E+00    1.23392E+00
 1.62012E-08    1.21435E+00    1.21405E+00    1.21464E+00
 1.67233E-08    1.19536E+00    1.19507E+00    1.19565E+00
 1.72623E-08    1.17665E+00    1.17636E+00    1.17693E+00
 1.78185E-08    1.15821E+00    1.15793E+00    1.15849E+00
 1.83928E-08    1.14004E+00    1.13976E+00    1.14031E+00
 1.89855E-08    1.12214E+00    1.12187E+00    1.12242E+00
 1.95974E-08    1.10452E+00    1.10425E+00    1.10479E+00
 2.02289E-08    1.08717E+00    1.08691E+00    1.08744E+00
 2.08808E-08    1.07010E+00    1.06984E+00    1.07036E+00
 2.15537E-08    1.05331E+00    1.05306E+00    1.05357E+00
 2.22483E-08    1.03680E+00    1.03655E+00    1.03705E+00
 2.29652E-08    1.02057E+00    1.02032E+00    1.02081E+00
 2.37054E-08    1.00460E+00    1.00436E+00    1.00485E+00
 2.44693E-08    9.88912E-01    9.88672E-01    9.89151E-01
 2.52522E-08    9.73579E-01    9.73343E-01    9.73815E-01
 2.53000E-08    9.72667E-01    9.72431E-01    9.72903E-01
 2.61154E-08    9.57480E-01    9.57248E-01    9.57712E-01
 2.69569E-08    9.42520E-01    9.42291E-01    9.42749E-01
 2.78257E-08    9.27769E-01    9.27544E-01    9.27994E-01
 2.87224E-08    9.13220E-01    9.12998E-01    9.13442E-01
 2.96480E-08    8.98863E-01    8.98645E-01    8.99081E-01
 3.06034E-08    8.84699E-01    8.84484E-01    8.84914E-01
 3.15897E-08    8.70728E-01    8.70517E-01    8.70939E-01
 3.26077E-08    8.56958E-01    8.56750E-01    8.57166E-01
 3.36586E-08    8.43394E-01    8.43189E-01    8.43599E-01
 3.47432E-08    8.30044E-01    8.29843E-01    8.30245E-01
 3.58629E-08    8.16910E-01    8.16712E-01    8.17108E-01
 3.70185E-08    8.03997E-01    8.03802E-01    8.04192E-01
 3.82116E-08    7.91299E-01    7.91107E-01    7.91491E-01
 3.94429E-08    7.78817E-01    7.78628E-01    7.79006E-01
 4.07141E-08    7.66541E-01    7.66355E-01    7.66727E-01
 4.20261E-08    7.54468E-01    7.54285E-01    7.54651E-01
 4.33805E-08    7.42588E-01    7.42408E-01    7.42768E-01
 4.47784E-08    7.30899E-01    7.30722E-01    7.31076E-01
 4.62215E-08    7.19396E-01    7.19222E-01    7.19571E-01
 4.77110E-08    7.08077E-01    7.07905E-01    7.08249E-01
 4.92486E-08    6.96936E-01    6.96767E-01    6.97105E-01
 5.08356E-08    6.85974E-01    6.85808E-01    6.86140E-01
 5.24740E-08    6.75181E-01    6.75017E-01    6.75345E-01
 5.41649E-08    6.64556E-01    6.64395E-01    6.64717E-01
 5.59105E-08    6.54096E-01    6.53937E-01    6.54255E-01
 5.77122E-08    6.43802E-01    6.43646E-01    6.43958E-01
 5.95722E-08    6.33674E-01    6.33520E-01    6.33828E-01
 6.14918E-08    6.23710E-01    6.23559E-01    6.23861E-01
 6.34736E-08    6.13901E-01    6.13752E-01    6.14050E-01
 6.55190E-08    6.04243E-01    6.04096E-01    6.04390E-01
 6.76305E-08    5.94729E-01    5.94585E-01    5.94873E-01
 6.98099E-08    5.85363E-01    5.85221E-01    5.85505E-01
 7.20597E-08    5.76149E-01    5.76009E-01    5.76289E-01
 7.43818E-08    5.67092E-01    5.66954E-01    5.67230E-01
 7.67790E-08    5.58182E-01    5.58047E-01    5.58317E-01
 7.92531E-08    5.49408E-01    5.49275E-01    5.49541E-01
 8.18073E-08    5.40758E-01    5.40627E-01    5.40889E-01
 8.44435E-08    5.32233E-01    5.32104E-01    5.32362E-01
 8.71649E-08    5.23843E-01    5.23716E-01    5.23970E-01
 8.99737E-08    5.15603E-01    5.15478E-01    5.15728E-01
 9.28735E-08    5.07511E-01    5.07388E-01    5.07634E-01
 9.58662E-08    4.99550E-01    4.99429E-01    4.99671E-01
 9.91651E-08    4.91174E-01    4.91055E-01    4.91293E-01
 1.02361E-07    4.83422E-01    4.83305E-01    4.83539E-01
 1.05659E-07    4.75784E-01    4.75669E-01    4.75899E-01
 1.08834E-07    4.68782E-01    4.68668E-01    4.68896E-01
 1.12104E-07    4.61912E-01    4.61800E-01    4.62024E-01
 1.15717E-07    4.54685E-01    4.54575E-01    4.54795E-01
 1.19699E-07    4.47087E-01    4.46979E-01    4.47195E-01
 1.23818E-07    4.39569E-01    4.39462E-01    4.39676E-01
 1.27808E-07    4.32604E-01    4.32499E-01    4.32709E-01
 1.31648E-07    4.26211E-01    4.26108E-01    4.26314E-01
 1.35603E-07    4.19954E-01    4.19852E-01    4.20056E-01
 1.39678E-07    4.13831E-01    4.13731E-01    4.13931E-01
 1.44484E-07    4.06951E-01    4.06852E-01    4.07050E-01
 1.49773E-07    3.99708E-01    3.99611E-01    3.99805E-01
 1.54927E-07    3.92940E-01    3.92845E-01    3.93035E-01
 1.59582E-07    3.87102E-01    3.87008E-01    3.87196E-01
 1.64029E-07    3.81798E-01    3.81705E-01    3.81891E-01
 1.68601E-07    3.76624E-01    3.76533E-01    3.76715E-01
 1.74034E-07    3.70783E-01    3.70693E-01    3.70873E-01
 1.80785E-07    3.63851E-01    3.63763E-01    3.63939E-01
 1.87799E-07    3.56932E-01    3.56845E-01    3.57019E-01
 1.93851E-07    3.51220E-01    3.51135E-01    3.51305E-01
 1.99254E-07    3.46379E-01    3.46295E-01    3.46463E-01
 2.04807E-07    3.41676E-01    3.41593E-01    3.41759E-01
 2.10961E-07    3.36748E-01    3.36666E-01    3.36830E-01
 2.19145E-07    3.30502E-01    3.30422E-01    3.30582E-01
 2.28612E-07    3.23541E-01    3.23463E-01    3.23619E-01
 2.35978E-07    3.18333E-01    3.18256E-01    3.18410E-01
 2.42556E-07    3.13913E-01    3.13837E-01    3.13989E-01
 2.48789E-07    3.09963E-01    3.09888E-01    3.10038E-01
 2.55722E-07    3.05818E-01    3.05744E-01    3.05892E-01
 2.65083E-07    3.00507E-01    3.00434E-01    3.00580E-01
 2.78293E-07    2.93282E-01    2.93211E-01    2.93353E-01
 2.87869E-07    2.88222E-01    2.88152E-01    2.88292E-01
 2.95267E-07    2.84497E-01    2.84428E-01    2.84566E-01
 3.02216E-07    2.81191E-01    2.81123E-01    2.81259E-01
 3.09982E-07    2.77714E-01    2.77647E-01    2.77781E-01
 3.19971E-07    2.73489E-01    2.73423E-01    2.73555E-01
 3.38055E-07    2.66143E-01    2.66078E-01    2.66208E-01
 3.51170E-07    2.60967E-01    2.60904E-01    2.61030E-01
 3.60195E-07    2.57567E-01    2.57505E-01    2.57630E-01
 3.68672E-07    2.54556E-01    2.54494E-01    2.54618E-01
 3.77347E-07    2.51668E-01    2.51607E-01    2.51729E-01
 3.88684E-07    2.48114E-01    2.48054E-01    2.48174E-01
 4.12392E-07    2.40996E-01    2.40938E-01    2.41054E-01
 4.30206E-07    2.35774E-01    2.35717E-01    2.35831E-01
 4.41262E-07    2.32683E-01    2.32627E-01    2.32739E-01
 4.50692E-07    2.30202E-01    2.30146E-01    2.30258E-01
 4.61299E-07    2.27595E-01    2.27540E-01    2.27650E-01
 4.75159E-07    2.24402E-01    2.24348E-01    2.24456E-01
 5.11657E-07    2.16340E-01    2.16288E-01    2.16392E-01
 5.30386E-07    2.12302E-01    2.12251E-01    2.12353E-01
 5.42866E-07    2.09745E-01    2.09694E-01    2.09796E-01
 5.54467E-07    2.07524E-01    2.07474E-01    2.07574E-01
 5.67516E-07    2.05203E-01    2.05153E-01    2.05253E-01
 5.87045E-07    2.01940E-01    2.01891E-01    2.01989E-01
 6.40209E-07    1.93314E-01    1.93267E-01    1.93361E-01
 6.58053E-07    1.90524E-01    1.90478E-01    1.90570E-01
 6.72116E-07    1.88462E-01    1.88416E-01    1.88508E-01
 6.85028E-07    1.86704E-01    1.86659E-01    1.86749E-01
 7.02632E-07    1.84473E-01    1.84428E-01    1.84518E-01
 7.61420E-07    1.77388E-01    1.77345E-01    1.77431E-01
 7.95995E-07    1.73282E-01    1.73240E-01    1.73324E-01
 8.13006E-07    1.71358E-01    1.71316E-01    1.71400E-01
 8.28624E-07    1.69709E-01    1.69668E-01    1.69750E-01
 8.46332E-07    1.67983E-01    1.67942E-01    1.68024E-01
 8.75455E-07    1.65329E-01    1.65289E-01    1.65369E-01
 9.62852E-07    1.57554E-01    1.57516E-01    1.57592E-01
 9.85508E-07    1.55626E-01    1.55588E-01    1.55664E-01
 1.00232E-06    1.54293E-01    1.54256E-01    1.54330E-01
 1.02077E-06    1.52942E-01    1.52905E-01    1.52979E-01
 1.05718E-06    1.50480E-01    1.50444E-01    1.50517E-01
 1.20764E-06    1.40624E-01    1.40590E-01    1.40658E-01
 1.24196E-06    1.38601E-01    1.38567E-01    1.38635E-01
 1.29527E-06    1.35896E-01    1.35863E-01    1.35929E-01
 1.49006E-06    1.26548E-01    1.26517E-01    1.26579E-01
 1.55402E-06    1.23969E-01    1.23939E-01    1.23999E-01
 1.83852E-06    1.13896E-01    1.13868E-01    1.13924E-01
 1.98583E-06    1.09837E-01    1.09810E-01    1.09864E-01
 2.26847E-06    1.02522E-01    1.02497E-01    1.02547E-01
 2.76002E-06    9.29409E-02    9.29184E-02    9.29634E-02
 3.31138E-06    8.49137E-02    8.48931E-02    8.49343E-02
 3.45352E-06    8.31166E-02    8.30964E-02    8.31368E-02
 4.14340E-06    7.58428E-02    7.58244E-02    7.58612E-02
 5.07680E-06    6.85122E-02    6.84956E-02    6.85288E-02
 6.22016E-06    6.18921E-02    6.18771E-02    6.19071E-02
 7.62140E-06    5.59168E-02    5.59032E-02    5.59304E-02
 1.00154E-05    4.87690E-02    0.00000E+00    1.37599E-01
 1.14414E-05    4.56276E-02    0.00000E+00    1.28736E-01
 1.40182E-05    4.12228E-02    0.00000E+00    1.16308E-01
 1.71761E-05    3.72452E-02    0.00000E+00    1.05086E-01
 2.17950E-05    3.30797E-02    0.00000E+00    9.33328E-02
 2.19738E-05    3.29907E-02    0.00000E+00    9.30817E-02
 2.21552E-05    3.30906E-02    0.00000E+00    9.33636E-02
 2.71448E-05    3.90285E-02    0.00000E+00    1.10117E-01
 3.25674E-05    4.52979E-02    0.00000E+00    1.27806E-01
 3.99039E-05    5.34770E-02    0.00000E+00    1.50883E-01
 4.88908E-05    6.31308E-02    0.00000E+00    1.78121E-01
 5.99046E-05    7.45301E-02    0.00000E+00    2.10283E-01
 7.33959E-05    8.79845E-02    0.00000E+00    2.48244E-01
 8.93001E-05    1.03271E-01    0.00000E+00    2.91374E-01
 1.09325E-04    1.21893E-01    0.00000E+00    3.43915E-01
 1.10000E-04    1.22345E-01    0.00000E+00    3.45191E-01
 1.12339E-04    1.20898E-01    0.00000E+00    3.41108E-01
 1.29233E-04    1.09244E-01    0.00000E+00    3.08227E-01
 1.58338E-04    9.45160E-02    0.00000E+00    2.66672E-01
 1.99520E-04    8.01350E-02    0.00000E+00    2.26097E-01
 2.36046E-04    7.08294E-02    0.00000E+00    1.99842E-01
 2.99523E-04    5.94822E-02    0.00000E+00    1.67826E-01
 3.54358E-04    5.23992E-02    0.00000E+00    1.36029E-01
 4.33503E-04    4.50149E-02    0.00000E+00    1.16860E-01
 5.31159E-04    3.86246E-02    0.00000E+00    1.00270E-01
 6.02537E-04    3.51427E-02    0.00000E+00    9.12312E-02
 7.91802E-04    2.84621E-02    0.00000E+00    7.38882E-02
 8.08637E-04    2.80437E-02    0.00000E+00    7.28020E-02
 1.00000E-03    2.37484E-02    0.00000E+00    6.16513E-02
 1.19097E-03    2.07049E-02    0.00000E+00    5.37503E-02
 1.45774E-03    1.76681E-02    0.00000E+00    4.58667E-02
 1.78428E-03    1.50765E-02    0.00000E+00    3.91389E-02
 1.99589E-03    1.38088E-02    0.00000E+00    3.58479E-02
 2.67316E-03    1.09695E-02    0.00000E+00    2.78990E-02
 2.99019E-03    1.00449E-02    0.00000E+00    2.55474E-02
 3.05377E-03    9.94159E-03    0.00000E+00    2.52847E-02
 6.00000E-03    5.84908E-03    0.00000E+00    1.49038E-02
 1.00000E-02    3.99248E-03    0.00000E+00    1.01731E-02
 2.00000E-02    2.45030E-03    0.00000E+00    6.24350E-03
 3.00000E-02    1.87436E-03    0.00000E+00    4.44584E-03
 6.00000E-02    1.65524E-03    0.00000E+00    3.92610E-03
 1.00000E-01    1.66835E-03    0.00000E+00    3.95720E-03
 2.00000E-01    1.95149E-03    0.00000E+00    4.30734E-03
 3.00000E-01    1.64923E-03    0.00000E+00    3.64019E-03
 4.00000E-01    1.45275E-03    0.00000E+00    3.20652E-03
 5.00000E-01    1.39989E-03    0.00000E+00    3.08985E-03
 5.99882E-01    1.77920E-03    0.00000E+00    3.92706E-03
 7.00000E-01    2.50714E-03    0.00000E+00    5.55022E-03
 8.00000E-01    3.09763E-03    0.00000E+00    6.85743E-03
 9.00000E-01    3.39249E-03    0.00000E+00    7.51018E-03
 1.00000E+00    3.58749E-03    0.00000E+00    7.66648E-03
 1.20000E+00    5.91897E-03    0.00000E+00    1.26489E-02
 1.60000E+00    1.02359E-02    0.00000E+00    2.18742E-02
 1.80000E+00    1.60718E-02    2.42313E-03    2.97205E-02
 2.00000E+00    2.08055E-02    3.13683E-03    3.84742E-02
 2.20000E+00    2.90188E-02    4.37514E-03    5.36625E-02
 2.40000E+00    4.03949E-02    6.09031E-03    7.46995E-02
 2.60000E+00    5.05433E-02    1.77781E-02    8.33085E-02
 2.92019E+00    8.10342E-02    2.85030E-02    1.33565E-01
 3.00000E+00    8.85926E-02    3.11616E-02    1.46024E-01
 3.20000E+00    1.11235E-01    3.91258E-02    1.83344E-01
 3.40000E+00    1.44940E-01    5.09812E-02    2.38899E-01
 3.60000E+00    1.74535E-01    6.13909E-02    2.87679E-01
 3.80000E+00    2.15270E-01    7.57191E-02    3.54821E-01
 4.00000E+00    2.61716E-01    9.20560E-02    4.31376E-01
 4.20000E+00    3.04042E-01    1.06944E-01    5.01140E-01
 4.40000E+00    3.61065E-01    1.27001E-01    5.95129E-01
 4.80000E+00    4.62456E-01    1.89922E-01    7.34990E-01
 5.00000E+00    5.26459E-01    2.16207E-01    8.36711E-01
 5.20000E+00    5.75464E-01    2.36332E-01    9.14596E-01
 5.40000E+00    6.48610E-01    2.66372E-01    1.03085E+00
 5.80000E+00    7.61274E-01    3.12641E-01    1.20991E+00
 6.00000E+00    8.75160E-01    3.59411E-01    1.39091E+00
 6.20000E+00    9.40372E-01    3.86193E-01    1.49455E+00
 6.40000E+00    1.08744E+00    4.46592E-01    1.72829E+00
 6.69311E+00    1.21919E+00    5.20051E-01    1.91834E+00
 6.80000E+00    1.26603E+00    5.40031E-01    1.99204E+00
 7.00000E+00    1.52934E+00    6.52345E-01    2.40633E+00
 7.20000E+00    1.64176E+00    7.00297E-01    2.58322E+00
 7.40000E+00    1.94111E+00    8.27986E-01    3.05423E+00
 7.60000E+00    2.15464E+00    9.19070E-01    3.39022E+00
 7.80000E+00    2.24867E+00    9.59178E-01    3.53816E+00
 8.00000E+00    2.70111E+00    1.15217E+00    4.25005E+00
 8.50000E+00    3.48815E+00    1.48788E+00    5.48841E+00
 9.38632E+00    5.10875E+00    2.22967E+00    7.98783E+00
 9.50000E+00    5.31789E+00    2.32095E+00    8.31484E+00
 1.00000E+01    6.44392E+00    2.81240E+00    1.00754E+01
 1.01411E+01    6.80720E+00    2.97095E+00    1.06435E+01
 1.02842E+01    7.17562E+00    3.13174E+00    1.12195E+01
 1.04292E+01    7.54924E+00    3.29480E+00    1.18037E+01
 1.05000E+01    7.73144E+00    3.37432E+00    1.20886E+01
 1.06481E+01    8.11049E+00    3.53976E+00    1.26812E+01
 1.07984E+01    8.49489E+00    3.70752E+00    1.32823E+01
 1.09507E+01    8.88471E+00    3.87766E+00    1.38918E+01
 1.10000E+01    9.01084E+00    3.93271E+00    1.40890E+01
 1.11552E+01    9.42416E+00    4.11310E+00    1.47352E+01
 1.13126E+01    9.84331E+00    4.29603E+00    1.53906E+01
 1.14722E+01    1.02684E+01    4.48155E+00    1.60552E+01
 1.15000E+01    1.03425E+01    4.51390E+00    1.61711E+01
 1.16622E+01    1.08137E+01    4.71954E+00    1.69078E+01
 1.18268E+01    1.12915E+01    4.92809E+00    1.76550E+01
 1.19936E+01    1.17761E+01    5.13958E+00    1.84126E+01
 1.20000E+01    1.17946E+01    5.14765E+00    1.84415E+01
 1.21693E+01    1.22799E+01    5.35948E+00    1.92004E+01
 1.23410E+01    1.27721E+01    5.57429E+00    1.99700E+01
 1.25000E+01    1.32280E+01    5.77325E+00    2.06827E+01
 1.26764E+01    1.37439E+01    5.99841E+00    2.14894E+01
 1.28552E+01    1.42671E+01    6.22675E+00    2.23074E+01
 1.30000E+01    1.46907E+01    6.42611E+00    2.29553E+01
 1.31834E+01    1.52132E+01    6.65466E+00    2.37717E+01
 1.33694E+01    1.57430E+01    6.88644E+00    2.45997E+01
 1.35000E+01    1.61151E+01    7.04918E+00    2.51810E+01
 1.36905E+01    1.65505E+01    7.23964E+00    2.58613E+01
 1.38836E+01    1.69920E+01    7.43278E+00    2.65513E+01
 1.40000E+01    1.72581E+01    7.54917E+00    2.69670E+01
 1.41975E+01    1.76559E+01    7.72317E+00    2.75886E+01
 1.43978E+01    1.80593E+01    7.89963E+00    2.82190E+01
 1.45000E+01    1.82651E+01    7.98965E+00    2.85405E+01
 1.47046E+01    1.84534E+01    8.07202E+00    2.88348E+01
 1.49120E+01    1.86443E+01    8.15554E+00    2.91331E+01
 1.50000E+01    1.87253E+01    8.19096E+00    2.92596E+01
 1.52116E+01    1.86002E+01    8.13625E+00    2.90642E+01
 1.54262E+01    1.84734E+01    8.08077E+00    2.88660E+01
 1.56439E+01    1.83448E+01    8.02451E+00    2.86650E+01
 1.58646E+01    1.82143E+01    7.96745E+00    2.84612E+01
 1.60000E+01    1.81343E+01    6.44877E+00    2.98198E+01
 1.62257E+01    1.77209E+01    6.30176E+00    2.91400E+01
 1.64546E+01    1.73017E+01    6.15268E+00    2.84506E+01
 1.66868E+01    1.68765E+01    6.00149E+00    2.77515E+01
 1.69222E+01    1.64454E+01    5.84817E+00    2.70426E+01
 1.70000E+01    1.63029E+01    5.79751E+00    2.68083E+01
 1.72398E+01    1.59081E+01    5.65709E+00    2.61590E+01
 1.74831E+01    1.55076E+01    5.51470E+00    2.55006E+01
 1.77297E+01    1.51016E+01    5.37030E+00    2.48328E+01
 1.79799E+01    1.46898E+01    5.22386E+00    2.41557E+01
 1.80000E+01    1.46566E+01    5.21206E+00    2.41011E+01
 1.82539E+01    1.42959E+01    5.08381E+00    2.35081E+01
 1.85115E+01    1.39302E+01    4.95374E+00    2.29067E+01
 1.87726E+01    1.35593E+01    4.82185E+00    2.22967E+01
 1.90000E+01    1.32364E+01    4.70702E+00    2.17658E+01
 1.92681E+01    1.27719E+01    4.54185E+00    2.10020E+01
 1.95399E+01    1.23009E+01    4.37436E+00    2.02275E+01
 1.98156E+01    1.18233E+01    4.20450E+00    1.94420E+01
 2.00000E+01    1.15037E+01    3.36355E+00    1.96439E+01
 2.02822E+01    1.10940E+01    3.24375E+00    1.89442E+01
 2.05683E+01    1.06785E+01    3.12226E+00    1.82347E+01
 2.08585E+01    1.02571E+01    2.99905E+00    1.75151E+01
 2.10000E+01    1.00516E+01    2.93897E+00    1.71642E+01
 2.12963E+01    9.77327E+00    2.85759E+00    1.66889E+01
 2.15967E+01    9.49101E+00    2.77506E+00    1.62070E+01
 2.19014E+01    9.20477E+00    2.69137E+00    1.57182E+01
 2.20000E+01    9.11216E+00    2.66429E+00    1.55600E+01
 2.23104E+01    8.75698E+00    2.56044E+00    1.49535E+01
 2.26251E+01    8.39679E+00    2.45512E+00    1.43385E+01
 2.29443E+01    8.03151E+00    2.34832E+00    1.37147E+01
 2.30000E+01    7.96782E+00    2.32970E+00    1.36059E+01
 2.33245E+01    7.73995E+00    2.26307E+00    1.32168E+01
 2.36536E+01    7.50886E+00    2.19550E+00    1.28222E+01
 2.39873E+01    7.27452E+00    2.12698E+00    1.24220E+01
 2.40000E+01    7.26557E+00    1.85738E+00    1.26738E+01
 2.43386E+01    6.95196E+00    1.77721E+00    1.21267E+01
 2.46820E+01    6.63392E+00    1.69590E+00    1.15719E+01
 2.50000E+01    6.33936E+00    1.62060E+00    1.10581E+01
 2.53527E+01    6.13444E+00    1.56821E+00    1.07007E+01
 2.57104E+01    5.92662E+00    1.51509E+00    1.03382E+01
 2.60000E+01    5.75835E+00    1.47207E+00    1.00446E+01
 2.63668E+01    5.49652E+00    1.40514E+00    9.58791E+00
 2.67388E+01    5.23100E+00    1.33726E+00    9.12474E+00
 2.70000E+01    5.04456E+00    1.28960E+00    8.79952E+00
 2.73809E+01    4.85192E+00    1.24035E+00    8.46350E+00
 2.77672E+01    4.65657E+00    1.19041E+00    8.12273E+00
 2.80000E+01    4.53885E+00    1.16032E+00    7.91738E+00
 2.83950E+01    4.36593E+00    1.11611E+00    7.61575E+00
 2.87956E+01    4.19057E+00    1.07128E+00    7.30986E+00
 2.90000E+01    4.10111E+00    1.04841E+00    7.15381E+00
 2.94091E+01    3.88157E+00    9.92290E-01    6.77085E+00
 2.98240E+01    3.65893E+00    9.35374E-01    6.38249E+00
 3.00000E+01    3.56452E+00    9.11238E-01    6.21780E+00
