# n + Ni 59 : (n,n'31)  
# endfb8.0   T.Kawano,A.Kahler                 EVAL-Oct12
# uncertainties: n
# # energies =    40
#   E(MeV)       xs(mb) 
 3.11339E+00    0.00000E+00
 3.20000E+00    5.00561E+00
 3.30000E+00    6.26010E+00
 3.40000E+00    7.18105E+00
 3.50000E+00    7.93882E+00
 3.60000E+00    8.61852E+00
 3.80000E+00    9.65015E+00
 4.00000E+00    1.01274E+01
 4.50000E+00    9.27319E+00
 5.00000E+00    7.47995E+00
 5.50000E+00    5.57240E+00
 6.00000E+00    4.14864E+00
 6.50000E+00    3.11185E+00
 7.00000E+00    2.35573E+00
 7.50000E+00    1.78876E+00
 8.00000E+00    1.35551E+00
 8.50000E+00    1.02195E+00
 9.00000E+00    7.66311E-01
 9.50000E+00    5.73018E-01
 1.00000E+01    4.27612E-01
 1.05000E+01    3.19199E-01
 1.10000E+01    2.40853E-01
 1.15000E+01    1.81265E-01
 1.20000E+01    1.36441E-01
 1.25000E+01    1.03106E-01
 1.30000E+01    7.83206E-02
 1.35000E+01    5.97598E-02
 1.40000E+01    4.59277E-02
 1.45000E+01    3.56659E-02
 1.50000E+01    2.81041E-02
 1.55000E+01    2.25557E-02
 1.60000E+01    1.84821E-02
 1.65000E+01    1.54895E-02
 1.70000E+01    1.42655E-02
 1.75000E+01    1.25566E-02
 1.80000E+01    1.11125E-02
 1.85000E+01    1.01198E-02
 1.90000E+01    9.33299E-03
 1.95000E+01    8.70183E-03
 2.00000E+01    8.17617E-03
