# n + Te128 : (n,el)    
# endfb8.0   JNDC FPND W.G., Mughabghab        EVAL-DEC04
# uncertainties: n
# # energies =   171
#   E(MeV)       xs(mb) 
 1.00000E-11    7.19409E+03
 1.00000E-07    4.39275E+03
 4.13990E-07    4.39008E+03
 5.31580E-07    4.38897E+03
 6.82560E-07    4.38810E+03
 8.76420E-07    4.38708E+03
 1.12540E-06    4.38579E+03
 1.44500E-06    4.38412E+03
 1.85540E-06    4.38200E+03
 2.37240E-06    4.37925E+03
 3.05900E-06    4.37570E+03
 3.92790E-06    4.37117E+03
 5.04350E-06    4.36535E+03
 6.47600E-06    4.35787E+03
 8.31530E-06    4.34828E+03
 1.06770E-05    4.33596E+03
 1.37100E-05    4.32021E+03
 1.76030E-05    4.30320E+03
 2.26030E-05    4.28285E+03
 2.92030E-05    4.25703E+03
 3.72670E-05    4.22433E+03
 4.78510E-05    4.18889E+03
 6.14420E-05    4.14936E+03
 7.88930E-05    4.10215E+03
 1.01300E-04    4.05467E+03
 1.30070E-04    4.00069E+03
 1.67020E-04    3.94536E+03
 2.14450E-04    3.87960E+03
 2.75360E-04    3.79579E+03
 3.53580E-04    7.72462E+03
 4.54000E-04    3.92684E+03
 5.82950E-04    3.79777E+03
 7.48520E-04    3.75204E+03
 9.61120E-04    3.65894E+03
 1.23410E-03    4.23172E+03
 1.58460E-03    7.02063E+03
 2.03470E-03    3.81498E+03
 2.24870E-03    3.66255E+03
 2.48520E-03    3.54327E+03
 2.61260E-03    3.39888E+03
 2.74650E-03    1.28396E+04
 3.03540E-03    4.63588E+03
 3.35460E-03    3.99642E+03
 3.70740E-03    3.87258E+03
 4.30740E-03    4.01704E+03
 5.53080E-03    4.05374E+03
 7.10170E-03    3.60455E+03
 9.11880E-03    6.28562E+03
 1.17090E-02    5.12500E+03
 1.50340E-02    4.41709E+03
 1.93050E-02    4.70820E+03
 2.18750E-02    5.46917E+03
 2.35790E-02    5.61802E+03
 2.41760E-02    5.61652E+03
 2.47880E-02    5.61453E+03
 2.60580E-02    5.61272E+03
 2.70000E-02    5.61123E+03
 2.85000E-02    5.60950E+03
 3.18280E-02    5.60867E+03
 3.43070E-02    5.60989E+03
 4.08680E-02    5.61408E+03
 4.63090E-02    5.61979E+03
 5.24750E-02    5.62543E+03
 5.65620E-02    5.63365E+03
 6.73790E-02    5.64225E+03
 7.20000E-02    5.64839E+03
 7.95000E-02    5.65363E+03
 8.25000E-02    5.65674E+03
 8.65170E-02    5.66319E+03
 9.80370E-02    5.66885E+03
 1.11090E-01    5.65505E+03
 1.16790E-01    5.64548E+03
 1.22770E-01    5.63542E+03
 1.29070E-01    5.62484E+03
 1.35690E-01    5.61373E+03
 1.42640E-01    5.60204E+03
 1.49960E-01    5.59660E+03
 1.57640E-01    5.59801E+03
 1.65730E-01    5.59949E+03
 1.74220E-01    5.60105E+03
 1.83160E-01    5.60269E+03
 1.92550E-01    5.60441E+03
 2.02420E-01    5.60747E+03
 2.12800E-01    5.61719E+03
 2.23710E-01    5.62835E+03
 2.35180E-01    5.64008E+03
 2.47240E-01    5.65950E+03
 2.73240E-01    5.68564E+03
 2.87250E-01    5.70079E+03
 2.94520E-01    5.70786E+03
 2.97200E-01    5.71069E+03
 2.98500E-01    5.71407E+03
 3.01970E-01    5.74196E+03
 3.33730E-01    5.80034E+03
 3.68830E-01    5.84810E+03
 3.87740E-01    5.88213E+03
 4.07620E-01    5.93071E+03
 4.50490E-01    5.99608E+03
 4.97870E-01    6.04934E+03
 5.23400E-01    6.08728E+03
 5.50230E-01    6.12716E+03
 5.78440E-01    6.16909E+03
 6.08100E-01    6.21317E+03
 6.39280E-01    6.25920E+03
 6.72060E-01    6.30197E+03
 7.06510E-01    6.34488E+03
 7.42740E-01    6.33030E+03
 7.80820E-01    6.21763E+03
 8.20850E-01    6.18546E+03
 8.62940E-01    6.16583E+03
 9.07180E-01    6.14646E+03
 9.61640E-01    6.13332E+03
 1.00260E+00    6.11238E+03
 1.10800E+00    6.08386E+03
 1.16480E+00    6.06279E+03
 1.22460E+00    6.03851E+03
 1.28730E+00    5.99678E+03
 1.35340E+00    5.94954E+03
 1.42270E+00    5.89991E+03
 1.49570E+00    5.82771E+03
 1.57240E+00    5.70746E+03
 1.65300E+00    5.57730E+03
 1.73770E+00    5.45313E+03
 1.82680E+00    5.33045E+03
 1.92050E+00    5.19773E+03
 2.01900E+00    5.02390E+03
 2.12250E+00    4.83940E+03
 2.23130E+00    4.67023E+03
 2.30690E+00    4.56398E+03
 2.34570E+00    4.50982E+03
 2.36530E+00    4.47324E+03
 2.38520E+00    4.38807E+03
 2.46600E+00    4.22056E+03
 2.59240E+00    4.02834E+03
 2.72530E+00    3.84473E+03
 2.86500E+00    3.66814E+03
 3.01190E+00    3.49737E+03
 3.16640E+00    3.32931E+03
 3.32870E+00    3.08342E+03
 3.67880E+00    2.76811E+03
 4.06570E+00    2.53536E+03
 4.49330E+00    2.39350E+03
 4.72370E+00    2.30432E+03
 4.96590E+00    2.23803E+03
 5.22050E+00    2.21024E+03
 5.48810E+00    2.18163E+03
 5.76950E+00    2.15399E+03
 6.06530E+00    2.16512E+03
 6.37630E+00    2.18960E+03
 6.59240E+00    2.20478E+03
 6.70320E+00    2.22607E+03
 7.04690E+00    2.28488E+03
 7.40820E+00    2.36268E+03
 7.78800E+00    2.44726E+03
 8.18730E+00    2.54920E+03
 8.60710E+00    2.65842E+03
 9.04840E+00    2.80229E+03
 9.51230E+00    2.91925E+03
 1.00000E+01    2.95885E+03
 1.05130E+01    2.98871E+03
 1.10520E+01    3.09998E+03
 1.16180E+01    3.26103E+03
 1.22140E+01    3.32549E+03
 1.28400E+01    3.37098E+03
 1.34990E+01    3.42151E+03
 1.38400E+01    3.45265E+03
 1.41910E+01    3.46653E+03
 1.45500E+01    3.47663E+03
 1.49180E+01    3.48496E+03
 1.56830E+01    3.48178E+03
 1.64870E+01    3.45016E+03
