# n + Te126 : (n,n'03)  
# endfb8.0   JNDC FPND W.G., Mughabghab        EVAL-DEC04
# uncertainties: n
# # energies =   354
#   E(MeV)       xs(mb) 
 1.43158E+00    0.00000E+00
 1.43210E+00    8.98158E-01
 1.43314E+00    2.68042E+00
 1.43416E+00    4.43484E+00
 1.43617E+00    7.88883E+00
 1.43813E+00    1.12349E+01
 1.44002E+00    1.44764E+01
 1.44186E+00    1.76166E+01
 1.44543E+00    2.37007E+01
 1.44878E+00    2.94045E+01
 1.45193E+00    3.47519E+01
 1.45489E+00    3.97650E+01
 1.45767E+00    4.44649E+01
 1.46289E+00    5.32770E+01
 1.46748E+00    6.09876E+01
 1.47151E+00    6.77345E+01
 1.47858E+00    7.95414E+01
 1.48390E+00    8.83965E+01
 1.49193E+00    1.01679E+02
 1.50000E+00    1.14962E+02
 1.51452E+00    1.22623E+02
 1.52826E+00    1.29804E+02
 1.54126E+00    1.36537E+02
 1.55354E+00    1.42850E+02
 1.56515E+00    1.48767E+02
 1.57611E+00    1.54315E+02
 1.58645E+00    1.59516E+02
 1.60603E+00    1.69268E+02
 1.62336E+00    1.77801E+02
 1.63867E+00    1.85267E+02
 1.65219E+00    1.91801E+02
 1.66411E+00    1.97517E+02
 1.68518E+00    2.07521E+02
 1.70116E+00    2.15024E+02
 1.72541E+00    2.26278E+02
 1.75000E+00    2.37532E+02
 1.76975E+00    2.43477E+02
 1.78972E+00    2.49421E+02
 1.81392E+00    2.56113E+02
 1.85084E+00    2.66152E+02
 1.88851E+00    2.76190E+02
 1.91579E+00    2.81828E+02
 1.95744E+00    2.90284E+02
 2.00000E+00    2.98741E+02
 2.02943E+00    3.04478E+02
 2.06169E+00    3.08733E+02
 2.12928E+00    3.10849E+02
 2.19908E+00    3.12965E+02
 2.23537E+00    3.11596E+02
 2.32790E+00    3.11749E+02
 2.40522E+00    3.05529E+02
 2.41520E+00    3.04274E+02
 2.44070E+00    3.01486E+02
 2.45955E+00    2.98649E+02
 2.49027E+00    2.93317E+02
 2.51943E+00    2.88318E+02
 2.57501E+00    2.78946E+02
 2.62465E+00    2.70745E+02
 2.66887E+00    2.63569E+02
 2.70818E+00    2.57291E+02
 2.74304E+00    2.51797E+02
 2.77392E+00    2.46989E+02
 2.82879E+00    2.38577E+02
 2.87065E+00    2.32267E+02
 2.90246E+00    2.27535E+02
 2.95083E+00    2.20437E+02
 3.00000E+00    2.13339E+02
 3.05443E+00    2.04672E+02
 3.10635E+00    1.96547E+02
 3.15583E+00    1.88929E+02
 3.20293E+00    1.81788E+02
 3.24773E+00    1.75093E+02
 3.29029E+00    1.68816E+02
 3.33071E+00    1.62932E+02
 3.36904E+00    1.57415E+02
 3.40539E+00    1.52243E+02
 3.43981E+00    1.47395E+02
 3.47240E+00    1.42849E+02
 3.50324E+00    1.38588E+02
 3.53239E+00    1.34593E+02
 3.55994E+00    1.30847E+02
 3.58597E+00    1.27336E+02
 3.63528E+00    1.20752E+02
 3.67899E+00    1.14992E+02
 3.71766E+00    1.09951E+02
 3.75184E+00    1.05540E+02
 3.78199E+00    1.01681E+02
 3.80858E+00    9.83043E+01
 3.85556E+00    9.23949E+01
 3.89117E+00    8.79628E+01
 3.91810E+00    8.46387E+01
 3.95884E+00    7.96526E+01
 4.00000E+00    7.46665E+01
 4.05618E+00    7.12231E+01
 4.10956E+00    6.79948E+01
 4.16024E+00    6.49683E+01
 4.20833E+00    6.21310E+01
 4.25391E+00    5.94710E+01
 4.29709E+00    5.69773E+01
 4.33797E+00    5.46394E+01
 4.37665E+00    5.24477E+01
 4.41323E+00    5.03929E+01
 4.44779E+00    4.84666E+01
 4.48044E+00    4.66606E+01
 4.51127E+00    4.49675E+01
 4.54037E+00    4.33802E+01
 4.56782E+00    4.18922E+01
 4.61973E+00    3.91021E+01
 4.66563E+00    3.66607E+01
 4.70617E+00    3.45246E+01
 4.74194E+00    3.26554E+01
 4.77345E+00    3.10199E+01
 4.80120E+00    2.95888E+01
 4.82561E+00    2.83366E+01
 4.86863E+00    2.61453E+01
 4.90114E+00    2.45018E+01
 4.92567E+00    2.32692E+01
 4.96270E+00    2.14202E+01
 5.00000E+00    1.95713E+01
 5.05730E+00    1.86273E+01
 5.11162E+00    1.77423E+01
 5.16307E+00    1.69126E+01
 5.21177E+00    1.61348E+01
 5.25785E+00    1.54055E+01
 5.30142E+00    1.47219E+01
 5.34260E+00    1.40810E+01
 5.38149E+00    1.34801E+01
 5.41820E+00    1.29168E+01
 5.45285E+00    1.23887E+01
 5.48554E+00    1.18936E+01
 5.51636E+00    1.14295E+01
 5.54541E+00    1.09943E+01
 5.60030E+00    1.01785E+01
 5.64876E+00    9.46455E+00
 5.69152E+00    8.83989E+00
 5.72919E+00    8.29330E+00
 5.76236E+00    7.81505E+00
 5.79155E+00    7.39657E+00
 5.81720E+00    7.03040E+00
 5.86237E+00    6.38961E+00
 5.89648E+00    5.90902E+00
 5.92219E+00    5.54857E+00
 5.96097E+00    5.00791E+00
 6.00000E+00    4.46724E+00
 6.05809E+00    4.24762E+00
 6.11305E+00    4.04172E+00
 6.16504E+00    3.84870E+00
 6.21417E+00    3.66773E+00
 6.26059E+00    3.49808E+00
 6.30443E+00    3.33903E+00
 6.34580E+00    3.18992E+00
 6.38483E+00    3.05013E+00
 6.42165E+00    2.91908E+00
 6.45635E+00    2.79622E+00
 6.48906E+00    2.68103E+00
 6.55083E+00    2.46507E+00
 6.60536E+00    2.27609E+00
 6.65344E+00    2.11074E+00
 6.69581E+00    1.96606E+00
 6.73310E+00    1.83946E+00
 6.76589E+00    1.72869E+00
 6.79472E+00    1.63177E+00
 6.82005E+00    1.54696E+00
 6.86460E+00    1.39854E+00
 6.89820E+00    1.28723E+00
 6.92351E+00    1.20374E+00
 6.96165E+00    1.07851E+00
 7.00000E+00    9.53288E-01
 7.05866E+00    9.06099E-01
 7.11411E+00    8.61860E-01
 7.16648E+00    8.20385E-01
 7.21593E+00    7.81503E-01
 7.26261E+00    7.45051E-01
 7.30663E+00    7.10877E-01
 7.34815E+00    6.78839E-01
 7.38729E+00    6.48803E-01
 7.42417E+00    6.20645E-01
 7.45891E+00    5.94246E-01
 7.52449E+00    5.44749E-01
 7.58235E+00    5.01439E-01
 7.63334E+00    4.63542E-01
 7.67824E+00    4.30383E-01
 7.71774E+00    4.01369E-01
 7.75247E+00    3.75981E-01
 7.78299E+00    3.53767E-01
 7.83668E+00    3.14892E-01
 7.87720E+00    2.85736E-01
 7.90772E+00    2.63869E-01
 7.95373E+00    2.31069E-01
 7.97683E+00    2.14668E-01
 8.00000E+00    1.98268E-01
 8.05911E+00    1.88581E-01
 8.11492E+00    1.79499E-01
 8.16759E+00    1.70985E-01
 8.21729E+00    1.63002E-01
 8.26415E+00    1.55519E-01
 8.30832E+00    1.48504E-01
 8.34995E+00    1.41927E-01
 8.38917E+00    1.35761E-01
 8.46319E+00    1.24200E-01
 8.52850E+00    1.14083E-01
 8.58606E+00    1.05232E-01
 8.63675E+00    9.74868E-02
 8.68134E+00    9.07098E-02
 8.72054E+00    8.47799E-02
 8.75500E+00    7.95913E-02
 8.78525E+00    7.50513E-02
 8.83846E+00    6.71062E-02
 8.87857E+00    6.11474E-02
 8.90877E+00    5.66783E-02
 8.95427E+00    4.99747E-02
 9.00000E+00    4.32710E-02
 9.05946E+00    4.10931E-02
 9.11556E+00    3.90513E-02
 9.16847E+00    3.71372E-02
 9.21836E+00    3.53426E-02
 9.26537E+00    3.36603E-02
 9.30966E+00    3.20830E-02
 9.35137E+00    3.06044E-02
 9.43009E+00    2.78319E-02
 9.49951E+00    2.54060E-02
 9.56068E+00    2.32833E-02
 9.61452E+00    2.14260E-02
 9.66188E+00    1.98008E-02
 9.70351E+00    1.83788E-02
 9.74009E+00    1.71345E-02
 9.77220E+00    1.60458E-02
 9.82866E+00    1.41405E-02
 9.87122E+00    1.27116E-02
 9.90326E+00    1.16398E-02
 9.95151E+00    1.00322E-02
 9.97573E+00    9.22845E-03
 1.00000E+01    8.42466E-03
 1.01146E+01    7.90862E-03
 1.02232E+01    7.42484E-03
 1.03261E+01    6.97129E-03
 1.04235E+01    6.54609E-03
 1.05157E+01    6.14746E-03
 1.06028E+01    5.77375E-03
 1.06852E+01    5.42339E-03
 1.07630E+01    5.09493E-03
 1.08364E+01    4.78700E-03
 1.09057E+01    4.49832E-03
 1.09711E+01    4.22768E-03
 1.10327E+01    3.97395E-03
 1.10908E+01    3.73608E-03
 1.11456E+01    3.51308E-03
 1.11971E+01    3.30402E-03
 1.12457E+01    3.10802E-03
 1.12914E+01    2.92427E-03
 1.13345E+01    2.75201E-03
 1.13750E+01    2.59051E-03
 1.14131E+01    2.43911E-03
 1.14848E+01    2.15523E-03
 1.15480E+01    1.90683E-03
 1.16035E+01    1.68949E-03
 1.16524E+01    1.49931E-03
 1.16953E+01    1.33290E-03
 1.17329E+01    1.18730E-03
 1.17660E+01    1.05989E-03
 1.17950E+01    9.48413E-04
 1.18204E+01    8.50869E-04
 1.18427E+01    7.65518E-04
 1.18818E+01    6.16155E-04
 1.19113E+01    5.04132E-04
 1.19334E+01    4.20114E-04
 1.19500E+01    3.57102E-04
 1.19750E+01    2.62583E-04
 1.19875E+01    2.15323E-04
 1.20000E+01    1.68064E-04
 1.21162E+01    1.57921E-04
 1.22261E+01    1.48412E-04
 1.23301E+01    1.39497E-04
 1.24283E+01    1.31140E-04
 1.25212E+01    1.23305E-04
 1.26089E+01    1.15959E-04
 1.26916E+01    1.09073E-04
 1.27697E+01    1.02617E-04
 1.28433E+01    9.65644E-05
 1.29127E+01    9.08902E-05
 1.29781E+01    8.55707E-05
 1.30397E+01    8.05836E-05
 1.30978E+01    7.59082E-05
 1.31524E+01    7.15250E-05
 1.32039E+01    6.74158E-05
 1.32523E+01    6.35634E-05
 1.32978E+01    5.99518E-05
 1.33836E+01    5.31799E-05
 1.34592E+01    4.72546E-05
 1.35256E+01    4.20700E-05
 1.35840E+01    3.75334E-05
 1.36353E+01    3.35639E-05
 1.36804E+01    3.00906E-05
 1.37199E+01    2.70514E-05
 1.37546E+01    2.43922E-05
 1.37851E+01    2.20653E-05
 1.38385E+01    1.79933E-05
 1.38787E+01    1.49393E-05
 1.39089E+01    1.26488E-05
 1.39316E+01    1.09310E-05
 1.39658E+01    8.35419E-06
 1.39829E+01    7.06579E-06
 1.40000E+01    5.77740E-06
 1.40605E+01    5.51162E-06
 1.41746E+01    5.01329E-06
 1.42753E+01    4.57724E-06
 1.43639E+01    4.19570E-06
 1.44419E+01    3.86186E-06
 1.45105E+01    3.56974E-06
 1.45708E+01    3.31414E-06
 1.46238E+01    3.09049E-06
 1.46703E+01    2.89480E-06
 1.47520E+01    2.55233E-06
 1.48136E+01    2.29548E-06
 1.48600E+01    2.10285E-06
 1.49298E+01    1.81389E-06
 1.49649E+01    1.66942E-06
 1.50000E+01    1.52494E-06
 1.51215E+01    1.39148E-06
 1.52286E+01    1.27471E-06
 1.53230E+01    1.17253E-06
 1.54060E+01    1.08313E-06
 1.54790E+01    1.00490E-06
 1.55432E+01    9.36450E-07
 1.55996E+01    8.76550E-07
 1.56491E+01    8.24140E-07
 1.57361E+01    7.32430E-07
 1.58017E+01    6.63650E-07
 1.58510E+01    6.12060E-07
 1.59253E+01    5.34670E-07
 1.60000E+01    4.57290E-07
 1.61182E+01    4.31930E-07
 1.62298E+01    4.08150E-07
 1.63352E+01    3.85850E-07
 1.64346E+01    3.64960E-07
 1.65283E+01    3.45360E-07
 1.66166E+01    3.26990E-07
 1.66999E+01    3.09770E-07
 1.67783E+01    2.93630E-07
 1.68522E+01    2.78490E-07
 1.69217E+01    2.64300E-07
 1.69872E+01    2.51000E-07
 1.71106E+01    2.26060E-07
 1.72193E+01    2.04230E-07
 1.73150E+01    1.85140E-07
 1.73992E+01    1.68430E-07
 1.74732E+01    1.53810E-07
 1.75382E+01    1.41010E-07
 1.75953E+01    1.29820E-07
 1.76454E+01    1.20030E-07
 1.77334E+01    1.02880E-07
 1.77996E+01    9.00290E-08
 1.80000E+01    5.14620E-08
 2.00000E+01    5.60780E-09
