# n + Ca 41 : (n,n'09)  
# tendl.2019 A.J. Koning and D. Rochman        EVAL-NOV19
# uncertainties: n
# # energies =    76
#   E(MeV)       xs(mb) 
 3.12500E+00    0.00000E+00
 3.20000E+00    3.77848E+00
 3.20810E+00    3.96089E+00
 3.28013E+00    5.58292E+00
 3.40000E+00    8.28227E+00
 3.45256E+00    8.98285E+00
 3.48372E+00    9.39819E+00
 3.58096E+00    1.06943E+01
 3.60000E+00    1.09481E+01
 3.61416E+00    1.10461E+01
 3.70248E+00    1.16572E+01
 3.73547E+00    1.18855E+01
 3.76754E+00    1.21074E+01
 3.80000E+00    1.23320E+01
 3.82246E+00    1.24055E+01
 3.83250E+00    1.24383E+01
 3.92414E+00    1.27380E+01
 3.94060E+00    1.27918E+01
 4.00000E+00    1.29861E+01
 4.01120E+00    1.29786E+01
 4.01653E+00    1.29750E+01
 4.04153E+00    1.29581E+01
 4.07227E+00    1.29375E+01
 4.07391E+00    1.29364E+01
 4.11397E+00    1.29094E+01
 4.19778E+00    1.28530E+01
 4.20000E+00    1.28515E+01
 4.28723E+00    1.28172E+01
 4.40000E+00    1.27728E+01
 4.60000E+00    1.23325E+01
 4.80000E+00    1.15952E+01
 5.00000E+00    1.07852E+01
 5.20000E+00    9.80997E+00
 5.40000E+00    8.90520E+00
 5.60000E+00    7.98798E+00
 5.80000E+00    7.04607E+00
 6.00000E+00    6.23764E+00
 6.20000E+00    5.45341E+00
 6.40000E+00    4.79446E+00
 6.60000E+00    4.19839E+00
 6.80000E+00    3.64508E+00
 7.00000E+00    3.19137E+00
 7.20000E+00    2.78457E+00
 7.40000E+00    2.42048E+00
 7.60000E+00    2.11791E+00
 7.80000E+00    1.83558E+00
 8.00000E+00    1.61057E+00
 8.50000E+00    1.15361E+00
 9.00000E+00    8.27092E-01
 9.50000E+00    5.91653E-01
 1.00000E+01    4.24566E-01
 1.05000E+01    3.05184E-01
 1.10000E+01    2.20100E-01
 1.15000E+01    1.59085E-01
 1.20000E+01    1.15163E-01
 1.25000E+01    8.36541E-02
 1.30000E+01    6.10183E-02
 1.35000E+01    4.45342E-02
 1.40000E+01    3.25110E-02
 1.45000E+01    2.38279E-02
 1.50000E+01    1.75088E-02
 1.60000E+01    9.51212E-03
 1.70000E+01    5.21255E-03
 1.80000E+01    2.85025E-03
 1.90000E+01    1.56843E-03
 2.00000E+01    8.69132E-04
 2.10000E+01    4.81702E-04
 2.20000E+01    2.67429E-04
 2.30000E+01    1.48428E-04
 2.40000E+01    8.39918E-05
 2.50000E+01    4.78480E-05
 2.60000E+01    2.66203E-05
 2.70000E+01    1.47377E-05
 2.80000E+01    8.05673E-06
 2.90000E+01    3.92698E-06
 3.00000E+01    1.98395E-06
