# p + Ba  0 : (p,2n)g
# tendl.2019 A.J. Koning                       EVAL-OCT19
# uncertainties: y
# # energies =    33
#   E(MeV)          xs(mb) 
 1.49053E+01    0.00000E+00
 1.50000E+01    9.47789E+00
 1.60000E+01    1.74198E+02
 1.70000E+01    3.25650E+02
 1.80000E+01    4.20742E+02
 1.90000E+01    4.85376E+02
 2.00000E+01    5.25299E+02
 2.20000E+01    5.45139E+02
 2.40000E+01    4.92861E+02
 2.60000E+01    3.68000E+02
 2.80000E+01    2.37692E+02
 3.00000E+01    1.35995E+02
 3.00000E+01    1.35995E+02
 3.50000E+01    4.70773E+01
 4.00000E+01    3.34097E+01
 4.50000E+01    2.77572E+01
 5.00000E+01    2.35565E+01
 5.50000E+01    2.02344E+01
 6.00000E+01    1.73960E+01
 6.50000E+01    1.53925E+01
 7.00000E+01    1.35216E+01
 7.50000E+01    1.19300E+01
 8.00000E+01    1.05767E+01
 9.00000E+01    8.42726E+00
 1.00000E+02    6.91198E+00
 1.10000E+02    5.80054E+00
 1.20000E+02    4.94774E+00
 1.30000E+02    4.34762E+00
 1.40000E+02    3.82275E+00
 1.50000E+02    3.39113E+00
 1.60000E+02    3.04806E+00
 1.80000E+02    2.50397E+00
 2.00000E+02    2.11275E+00
