# n + Ag107 : (n,tot)   
# tendl.2019 A.J. Koning and D. Rochman        EVAL-NOV19
# uncertainties: y
# # energies =    69
#   E(MeV)       xs(mb)       xslow(mb)      xsupp(mb)
 1.00000E-10    2.53168E+05    2.39399E+05    2.66937E+05
 5.00000E-09    7.37262E+04    6.99881E+04    7.74642E+04
 1.00000E-08    5.75317E+04    5.46148E+04    6.04487E+04
 1.50000E-08    4.94529E+04    4.69456E+04    5.19603E+04
 2.00000E-08    4.43463E+04    4.20978E+04    4.65947E+04
 2.50000E-08    4.07353E+04    3.87497E+04    4.27209E+04
 3.00000E-08    3.80043E+04    3.61791E+04    3.98296E+04
 3.50000E-08    3.54974E+04    3.37925E+04    3.72022E+04
 4.20000E-08    3.30544E+04    3.14838E+04    3.46250E+04
 5.00000E-08    3.10204E+04    2.95622E+04    3.24786E+04
 5.80000E-08    2.93121E+04    2.79342E+04    3.06900E+04
 6.70000E-08    2.75732E+04    2.62874E+04    2.88591E+04
 8.00000E-08    2.55909E+04    2.44093E+04    2.67726E+04
 1.00000E-07    2.31303E+04    2.20905E+04    2.41702E+04
 1.40000E-07    2.08593E+04    1.99216E+04    2.17971E+04
 1.80000E-07    1.93186E+04    1.84501E+04    2.01870E+04
 2.20000E-07    1.82960E+04    1.74863E+04    1.91057E+04
 2.50000E-07    1.75943E+04    1.68157E+04    1.83729E+04
 2.80000E-07    1.70882E+04    1.63319E+04    1.78444E+04
 3.00000E-07    1.67312E+04    1.59953E+04    1.74671E+04
 3.20000E-07    1.63322E+04    1.56139E+04    1.70506E+04
 3.50000E-07    1.57789E+04    1.50849E+04    1.64729E+04
 4.00000E-07    1.49494E+04    1.42920E+04    1.56069E+04
 5.00000E-07    1.39926E+04    1.33760E+04    1.46093E+04
 6.25000E-07    1.31222E+04    1.25440E+04    1.37005E+04
 7.80000E-07    1.25608E+04    1.20030E+04    1.31187E+04
 8.50000E-07    1.22924E+04    1.17465E+04    1.28384E+04
 9.10000E-07    1.21036E+04    1.15660E+04    1.26411E+04
 9.50000E-07    1.19937E+04    1.14611E+04    1.25264E+04
 9.72000E-07    1.19151E+04    1.13859E+04    1.24442E+04
 9.96000E-07    1.18366E+04    1.13109E+04    1.23623E+04
 1.02000E-06    1.17583E+04    1.12213E+04    1.22953E+04
 1.04500E-06    1.16807E+04    1.11473E+04    1.22142E+04
 1.07100E-06    1.16024E+04    1.10725E+04    1.21323E+04
 1.09700E-06    1.15284E+04    1.10019E+04    1.20549E+04
 1.12300E-06    1.14542E+04    1.09311E+04    1.19774E+04
 1.15000E-06    1.12293E+04    1.07164E+04    1.17422E+04
 1.30000E-06    1.08351E+04    1.03403E+04    1.13300E+04
 1.50000E-06    1.01672E+04    9.70288E+03    1.06316E+04
 2.10000E-06    9.45421E+03    9.00330E+03    9.90513E+03
 2.60000E-06    8.91083E+03    8.48583E+03    9.33583E+03
 3.30000E-06    8.42819E+03    8.01174E+03    8.84464E+03
 4.00000E-06    7.38831E+03    7.01279E+03    7.76383E+03
 9.87700E-06    1.25622E+04    1.18798E+04    1.32446E+04
 1.59680E-05    8.22513E+04    7.98204E+04    8.46823E+04
 2.77000E-05    2.60723E+04    2.45280E+04    2.76166E+04
 4.80520E-05    6.78026E+04    6.30727E+04    7.25325E+04
 7.55014E-05    6.64573E+03    6.22021E+03    7.07125E+03
 1.48728E-04    1.31937E+04    1.25490E+04    1.38385E+04
 3.67262E-04    1.26309E+04    1.21105E+04    1.31513E+04
 9.06898E-04    9.68446E+03    9.28188E+03    1.00870E+04
 1.42510E-03    1.18069E+04    1.14110E+04    1.22027E+04
 2.23945E-03    9.19482E+03    8.88199E+03    9.50766E+03
 3.51910E-03    8.70822E+03    8.33546E+03    9.08098E+03
 5.53000E-03    9.20240E+03    8.81780E+03    9.58699E+03
 9.11800E-03    8.92150E+03    6.59629E+03    1.12467E+04
 1.50300E-02    8.44764E+03    6.24594E+03    1.06493E+04
 2.47800E-02    8.23403E+03    6.08800E+03    1.03801E+04
 4.08500E-02    8.26819E+03    7.56835E+03    8.96803E+03
 6.73400E-02    8.41542E+03    7.70311E+03    9.12772E+03
 1.11000E-01    8.54750E+03    7.82402E+03    9.27098E+03
 1.83000E-01    8.59872E+03    7.87090E+03    9.32653E+03
 3.02000E-01    8.24475E+03    7.47997E+03    9.00953E+03
 5.00000E-01    7.66255E+03    6.95178E+03    8.37332E+03
 8.21000E-01    6.88138E+03    6.23079E+03    7.53196E+03
 1.35300E+00    6.03715E+03    5.36419E+03    6.71010E+03
 2.23100E+00    4.92524E+03    4.44576E+03    5.40472E+03
 3.67900E+00    4.10227E+03    3.89846E+03    4.30608E+03
 6.06500E+00    4.23205E+03    4.10592E+03    4.35817E+03
