# n + Ag107 : (n,tot)   
# tendl.2019 A.J. Koning and D. Rochman        EVAL-NOV19
# uncertainties: y
# # energies =   171
#   E(MeV)       xs(mb)       xslow(mb)      xsupp(mb)
 1.00000E-11    3.90255E+05    3.68907E+05    4.11602E+05
 1.00000E-07    1.94221E+04    1.85489E+04    2.02952E+04
 4.13990E-07    1.47378E+04    1.40897E+04    1.53860E+04
 5.31580E-07    1.36925E+04    1.30891E+04    1.42960E+04
 6.82560E-07    1.27472E+04    1.21854E+04    1.33090E+04
 8.76420E-07    1.18880E+04    1.13600E+04    1.24160E+04
 1.12540E-06    1.11046E+04    1.05974E+04    1.16117E+04
 1.44500E-06    1.03853E+04    9.91101E+03    1.08597E+04
 1.85540E-06    9.72592E+03    9.28172E+03    1.01701E+04
 2.37240E-06    9.10882E+03    8.67437E+03    9.54326E+03
 3.05900E-06    8.53082E+03    8.10930E+03    8.95235E+03
 3.92790E-06    8.00343E+03    7.60796E+03    8.39889E+03
 5.04350E-06    7.52344E+03    7.13195E+03    7.91493E+03
 6.47600E-06    7.09917E+03    6.72302E+03    7.47533E+03
 8.31530E-06    6.77463E+03    6.40754E+03    7.14172E+03
 1.06770E-05    6.95185E+03    6.63185E+03    7.27185E+03
 1.37100E-05    1.82856E+05    1.74439E+05    1.91273E+05
 1.76030E-05    8.67905E+03    8.42253E+03    8.93556E+03
 2.26030E-05    5.87126E+03    5.52350E+03    6.21901E+03
 2.92030E-05    5.32421E+03    5.00886E+03    5.63957E+03
 3.72670E-05    5.09648E+04    4.78886E+04    5.40410E+04
 4.78510E-05    1.17386E+05    1.09197E+05    1.25574E+05
 6.14420E-05    6.28144E+03    5.88123E+03    6.68166E+03
 7.88930E-05    5.50885E+03    5.15612E+03    5.86158E+03
 1.01300E-04    5.42898E+03    5.16366E+03    5.69429E+03
 1.30070E-04    8.68326E+03    8.25891E+03    9.10762E+03
 1.67020E-04    1.36275E+04    1.29615E+04    1.42935E+04
 2.14450E-04    9.83383E+03    9.13760E+03    1.05301E+04
 2.75360E-04    1.88384E+04    1.75046E+04    2.01721E+04
 3.53580E-04    8.57354E+03    8.22032E+03    8.92677E+03
 4.54000E-04    2.22686E+04    2.12377E+04    2.32995E+04
 5.82950E-04    1.06235E+04    1.02261E+04    1.10209E+04
 7.48520E-04    1.15029E+04    1.09646E+04    1.20412E+04
 9.61120E-04    8.97048E+03    8.59758E+03    9.34338E+03
 1.23410E-03    1.01289E+04    9.78930E+03    1.04685E+04
 1.58460E-03    9.97946E+03    9.59281E+03    1.03661E+04
 2.03470E-03    1.34265E+04    1.29697E+04    1.38833E+04
 2.24870E-03    1.00854E+04    9.74229E+03    1.04286E+04
 2.48520E-03    8.28603E+03    8.00411E+03    8.56795E+03
 2.61260E-03    1.31901E+04    1.27414E+04    1.36389E+04
 2.74650E-03    8.88334E+03    8.58110E+03    9.18558E+03
 3.03540E-03    7.74058E+03    7.40924E+03    8.07192E+03
 3.35460E-03    9.44527E+03    9.04096E+03    9.84958E+03
 3.70740E-03    7.88308E+03    7.54564E+03    8.22052E+03
 4.30740E-03    8.79458E+03    8.41812E+03    9.17104E+03
 5.53080E-03    8.94635E+03    8.57246E+03    9.32025E+03
 7.10170E-03    9.46018E+03    6.99458E+03    1.19258E+04
 9.11880E-03    9.03177E+03    6.67783E+03    1.13857E+04
 1.17090E-02    8.81084E+03    6.51448E+03    1.11072E+04
 1.50340E-02    8.56031E+03    6.32924E+03    1.07914E+04
 1.93050E-02    8.35846E+03    6.18000E+03    1.05369E+04
 2.18750E-02    8.31917E+03    6.15095E+03    1.04874E+04
 2.35790E-02    8.30197E+03    6.13823E+03    1.04657E+04
 2.41760E-02    8.29300E+03    6.13160E+03    1.04544E+04
 2.47880E-02    8.27911E+03    6.12133E+03    1.04369E+04
 2.60580E-02    8.26266E+03    6.10917E+03    1.04162E+04
 2.70000E-02    8.24461E+03    6.09582E+03    1.03934E+04
 2.85000E-02    8.21751E+03    6.07579E+03    1.03592E+04
 3.18280E-02    8.21845E+03    7.52282E+03    8.91408E+03
 3.43070E-02    8.22909E+03    7.53256E+03    8.92562E+03
 4.08680E-02    8.24356E+03    7.54581E+03    8.94132E+03
 4.63090E-02    8.25745E+03    7.55852E+03    8.95638E+03
 5.24750E-02    8.26983E+03    7.56985E+03    8.96981E+03
 5.65620E-02    8.29299E+03    7.59105E+03    8.99493E+03
 6.73790E-02    8.33056E+03    7.62544E+03    9.03568E+03
 7.20000E-02    8.36086E+03    7.65318E+03    9.06855E+03
 7.95000E-02    8.38754E+03    7.67760E+03    9.09748E+03
 8.25000E-02    8.40516E+03    7.69372E+03    9.11659E+03
 8.65170E-02    8.44368E+03    7.72898E+03    9.15837E+03
 9.80370E-02    8.48858E+03    7.77009E+03    9.20708E+03
 1.11090E-01    8.50350E+03    7.78374E+03    9.22325E+03
 1.16790E-01    8.51127E+03    7.79085E+03    9.23168E+03
 1.22770E-01    8.51943E+03    7.79833E+03    9.24054E+03
 1.29070E-01    8.52803E+03    7.80619E+03    9.24986E+03
 1.35690E-01    8.53705E+03    7.81446E+03    9.25965E+03
 1.42640E-01    8.54654E+03    7.82314E+03    9.26995E+03
 1.49960E-01    8.55793E+03    7.83357E+03    9.28230E+03
 1.57640E-01    8.57384E+03    7.84813E+03    9.29955E+03
 1.65730E-01    8.59079E+03    7.86364E+03    9.31794E+03
 1.74220E-01    8.60861E+03    7.87995E+03    9.33726E+03
 1.83160E-01    8.62735E+03    7.89711E+03    9.35759E+03
 1.92550E-01    8.64607E+03    7.91425E+03    9.37790E+03
 2.02420E-01    8.64252E+03    7.84085E+03    9.44420E+03
 2.12800E-01    8.62882E+03    7.82841E+03    9.42922E+03
 2.23710E-01    8.61441E+03    7.81534E+03    9.41348E+03
 2.35180E-01    8.59926E+03    7.80160E+03    9.39692E+03
 2.47240E-01    8.57497E+03    7.77956E+03    9.37038E+03
 2.73240E-01    8.54900E+03    7.75600E+03    9.34200E+03
 2.87250E-01    8.53524E+03    7.74352E+03    9.32697E+03
 2.94520E-01    8.52882E+03    7.73769E+03    9.31995E+03
 2.97200E-01    8.52626E+03    7.73537E+03    9.31715E+03
 2.98500E-01    8.51935E+03    7.72910E+03    9.30960E+03
 3.01970E-01    8.39042E+03    7.61213E+03    9.16871E+03
 3.33730E-01    8.30593E+03    7.53548E+03    9.07639E+03
 3.68830E-01    8.30026E+03    7.53033E+03    9.07019E+03
 3.87740E-01    8.28858E+03    7.51973E+03    9.05742E+03
 4.07620E-01    8.17041E+03    7.41252E+03    8.92829E+03
 4.50490E-01    8.07219E+03    7.32342E+03    8.82096E+03
 4.97870E-01    8.00008E+03    7.25800E+03    8.74217E+03
 5.23400E-01    7.93300E+03    7.19714E+03    8.66886E+03
 5.50230E-01    7.86114E+03    7.13194E+03    8.59033E+03
 5.78440E-01    7.78558E+03    7.06340E+03    8.50777E+03
 6.08100E-01    7.70775E+03    6.97904E+03    8.43646E+03
 6.39280E-01    7.63346E+03    6.91177E+03    8.35514E+03
 6.72060E-01    7.55633E+03    6.84194E+03    8.27072E+03
 7.06510E-01    7.47524E+03    6.76852E+03    8.18197E+03
 7.42740E-01    7.38999E+03    6.69133E+03    8.08866E+03
 7.80820E-01    7.31526E+03    6.62366E+03    8.00686E+03
 8.20850E-01    7.24625E+03    6.56118E+03    7.93133E+03
 8.62940E-01    7.16683E+03    6.48926E+03    7.84440E+03
 9.07180E-01    7.05941E+03    6.39200E+03    7.72682E+03
 9.61640E-01    6.99469E+03    6.33340E+03    7.65599E+03
 1.00260E+00    6.89101E+03    6.12288E+03    7.65915E+03
 1.10800E+00    6.74774E+03    5.99557E+03    7.49990E+03
 1.16480E+00    6.69855E+03    5.95187E+03    7.44524E+03
 1.22460E+00    6.59583E+03    5.86060E+03    7.33107E+03
 1.28730E+00    6.51111E+03    5.78532E+03    7.23690E+03
 1.35340E+00    6.45858E+03    5.73865E+03    7.17851E+03
 1.42270E+00    6.35139E+03    5.64340E+03    7.05937E+03
 1.49570E+00    6.26580E+03    5.56736E+03    6.96424E+03
 1.57240E+00    6.19652E+03    5.50580E+03    6.88724E+03
 1.65300E+00    6.08663E+03    5.40816E+03    6.76511E+03
 1.73770E+00    6.00608E+03    5.33658E+03    6.67557E+03
 1.82680E+00    5.89427E+03    5.32045E+03    6.46809E+03
 1.92050E+00    5.80502E+03    5.23989E+03    6.37015E+03
 2.01900E+00    5.70676E+03    5.15119E+03    6.26232E+03
 2.12250E+00    5.59677E+03    5.05191E+03    6.14162E+03
 2.23130E+00    5.50093E+03    4.96541E+03    6.03646E+03
 2.30690E+00    5.44148E+03    4.91174E+03    5.97121E+03
 2.34570E+00    5.41116E+03    4.88437E+03    5.93795E+03
 2.36530E+00    5.39069E+03    4.86589E+03    5.91548E+03
 2.38520E+00    5.33871E+03    4.81898E+03    5.85845E+03
 2.46600E+00    5.23515E+03    4.72550E+03    5.74480E+03
 2.59240E+00    5.11398E+03    4.61612E+03    5.61184E+03
 2.72530E+00    4.98755E+03    4.73976E+03    5.23534E+03
 2.86500E+00    4.86305E+03    4.62145E+03    5.10465E+03
 3.01190E+00    4.73457E+03    4.49935E+03    4.96979E+03
 3.16640E+00    4.60058E+03    4.37202E+03    4.82915E+03
 3.32870E+00    4.43798E+03    4.21750E+03    4.65847E+03
 3.67880E+00    4.25754E+03    4.04602E+03    4.46906E+03
 4.06570E+00    4.12978E+03    3.92461E+03    4.33495E+03
 4.49330E+00    4.06735E+03    3.86528E+03    4.26942E+03
 4.72370E+00    4.04212E+03    3.92166E+03    4.16258E+03
 4.96590E+00    4.02939E+03    3.90930E+03    4.14947E+03
 5.22050E+00    4.02761E+03    3.90758E+03    4.14764E+03
 5.48810E+00    4.03342E+03    3.91322E+03    4.15362E+03
 5.76950E+00    4.04837E+03    3.92773E+03    4.16902E+03
 6.06530E+00    4.06884E+03    3.94758E+03    4.19009E+03
 6.37630E+00    4.08835E+03    3.96651E+03    4.21019E+03
 6.59240E+00    4.10462E+03    3.98229E+03    4.22694E+03
 6.70320E+00    4.12756E+03    3.98898E+03    4.26613E+03
 7.04690E+00    4.16334E+03    4.02356E+03    4.30312E+03
 7.40820E+00    4.20120E+03    4.06016E+03    4.34225E+03
 7.78800E+00    4.24343E+03    4.10097E+03    4.38589E+03
 8.18730E+00    4.28843E+03    4.14446E+03    4.43241E+03
 8.60710E+00    4.33575E+03    4.19018E+03    4.48131E+03
 9.04840E+00    4.38478E+03    4.21235E+03    4.55721E+03
 9.51230E+00    4.41354E+03    4.23998E+03    4.58710E+03
 1.00000E+01    4.46507E+03    4.28948E+03    4.64065E+03
 1.05130E+01    4.49178E+03    4.31514E+03    4.66842E+03
 1.10520E+01    4.50808E+03    4.33080E+03    4.68536E+03
 1.16180E+01    4.51186E+03    4.33443E+03    4.68929E+03
 1.22140E+01    4.50288E+03    4.32581E+03    4.67995E+03
 1.28400E+01    4.47969E+03    4.30353E+03    4.65585E+03
 1.34990E+01    4.45332E+03    4.23600E+03    4.67065E+03
 1.38400E+01    4.43200E+03    4.21572E+03    4.64829E+03
 1.41910E+01    4.40725E+03    4.19218E+03    4.62233E+03
 1.45500E+01    4.37998E+03    4.16623E+03    4.59372E+03
 1.49180E+01    4.33431E+03    4.12279E+03    4.54582E+03
 1.56830E+01    4.26569E+03    4.05752E+03    4.47386E+03
 1.64870E+01    4.18891E+03    3.91991E+03    4.45791E+03
