# n + Ag107 : (n,p)m    
# tendl.2019 A.J. Koning and D. Rochman        EVAL-NOV19
# uncertainties: y
# # energies =   617
#   E(MeV)       xs(mb)       xslow(mb)      xsupp(mb)
 1.00000E-11    1.00001E-17    0.00000E+00    0.00000E+00
 1.03223E-11    9.84870E-18    0.00000E+00    0.00000E+00
 1.06549E-11    9.70029E-18    0.00000E+00    0.00000E+00
 1.09984E-11    9.55389E-18    0.00000E+00    0.00000E+00
 1.13527E-11    9.41014E-18    0.00000E+00    0.00000E+00
 1.17186E-11    9.26874E-18    0.00000E+00    0.00000E+00
 1.20962E-11    9.12933E-18    0.00000E+00    0.00000E+00
 1.24861E-11    8.99259E-18    0.00000E+00    0.00000E+00
 1.28884E-11    8.85819E-18    0.00000E+00    0.00000E+00
 1.33038E-11    8.72580E-18    0.00000E+00    0.00000E+00
 1.37325E-11    8.59541E-18    0.00000E+00    0.00000E+00
 1.41751E-11    8.46737E-18    0.00000E+00    0.00000E+00
 1.46318E-11    8.34168E-18    0.00000E+00    0.00000E+00
 1.51034E-11    8.21800E-18    0.00000E+00    0.00000E+00
 1.55901E-11    8.09633E-18    0.00000E+00    0.00000E+00
 1.60926E-11    7.97668E-18    0.00000E+00    0.00000E+00
 1.66111E-11    7.85904E-18    0.00000E+00    0.00000E+00
 1.71465E-11    7.74310E-18    0.00000E+00    0.00000E+00
 1.76990E-11    7.62951E-18    0.00000E+00    0.00000E+00
 1.82694E-11    7.51760E-18    0.00000E+00    0.00000E+00
 1.88581E-11    7.40773E-18    0.00000E+00    0.00000E+00
 1.94659E-11    7.29954E-18    0.00000E+00    0.00000E+00
 2.00931E-11    7.19339E-18    0.00000E+00    0.00000E+00
 2.07407E-11    7.08893E-18    0.00000E+00    0.00000E+00
 2.14090E-11    6.98651E-18    0.00000E+00    0.00000E+00
 2.20991E-11    6.88545E-18    0.00000E+00    0.00000E+00
 2.28111E-11    6.78643E-18    0.00000E+00    0.00000E+00
 2.35464E-11    6.68911E-18    0.00000E+00    0.00000E+00
 2.43051E-11    6.59316E-18    0.00000E+00    0.00000E+00
 2.50884E-11    6.49926E-18    0.00000E+00    0.00000E+00
 2.58968E-11    6.40672E-18    0.00000E+00    0.00000E+00
 2.67315E-11    6.31591E-18    0.00000E+00    0.00000E+00
 2.75928E-11    6.22646E-18    0.00000E+00    0.00000E+00
 2.84822E-11    6.13873E-18    0.00000E+00    0.00000E+00
 2.93999E-11    6.05273E-18    0.00000E+00    0.00000E+00
 3.03475E-11    5.96810E-18    0.00000E+00    0.00000E+00
 3.13253E-11    5.88486E-18    0.00000E+00    0.00000E+00
 3.23350E-11    5.80335E-18    0.00000E+00    0.00000E+00
 3.33769E-11    5.72323E-18    0.00000E+00    0.00000E+00
 3.44526E-11    5.64450E-18    0.00000E+00    0.00000E+00
 3.55627E-11    5.56716E-18    0.00000E+00    0.00000E+00
 3.67089E-11    5.49122E-18    0.00000E+00    0.00000E+00
 3.78918E-11    5.41667E-18    0.00000E+00    0.00000E+00
 3.91130E-11    5.34318E-18    0.00000E+00    0.00000E+00
 4.03734E-11    5.27144E-18    0.00000E+00    0.00000E+00
 4.16746E-11    5.20112E-18    0.00000E+00    0.00000E+00
 4.30174E-11    5.13185E-18    0.00000E+00    0.00000E+00
 4.44039E-11    5.06400E-18    0.00000E+00    0.00000E+00
 4.58347E-11    4.99721E-18    0.00000E+00    0.00000E+00
 4.73119E-11    4.93184E-18    0.00000E+00    0.00000E+00
 4.88364E-11    4.86755E-18    0.00000E+00    0.00000E+00
 5.04104E-11    4.80468E-18    0.00000E+00    0.00000E+00
 5.20348E-11    4.74289E-18    0.00000E+00    0.00000E+00
 5.37119E-11    4.68254E-18    0.00000E+00    0.00000E+00
 5.54426E-11    4.62327E-18    0.00000E+00    0.00000E+00
 5.72295E-11    4.56509E-18    0.00000E+00    0.00000E+00
 5.90736E-11    4.50799E-18    0.00000E+00    0.00000E+00
 6.09775E-11    4.45199E-18    0.00000E+00    0.00000E+00
 6.29424E-11    4.39745E-18    0.00000E+00    0.00000E+00
 6.49710E-11    4.34365E-18    0.00000E+00    0.00000E+00
 6.70645E-11    4.29095E-18    0.00000E+00    0.00000E+00
 6.92260E-11    4.23935E-18    0.00000E+00    0.00000E+00
 7.14566E-11    4.18924E-18    0.00000E+00    0.00000E+00
 7.37596E-11    4.13988E-18    0.00000E+00    0.00000E+00
 7.61364E-11    4.09126E-18    0.00000E+00    0.00000E+00
 7.85902E-11    4.04415E-18    0.00000E+00    0.00000E+00
 8.11227E-11    3.99778E-18    0.00000E+00    0.00000E+00
 8.37372E-11    3.95256E-18    0.00000E+00    0.00000E+00
 8.64355E-11    3.90809E-18    0.00000E+00    0.00000E+00
 8.92212E-11    3.86477E-18    0.00000E+00    0.00000E+00
 9.20962E-11    3.82252E-18    0.00000E+00    0.00000E+00
 9.48633E-11    3.78388E-18    0.00000E+00    0.00000E+00
 9.77136E-11    3.74606E-18    0.00000E+00    0.00000E+00
 1.00649E-10    3.70905E-18    0.00000E+00    0.00000E+00
 1.03674E-10    3.67287E-18    0.00000E+00    0.00000E+00
 1.06789E-10    3.63747E-18    0.00000E+00    0.00000E+00
 1.09997E-10    3.60290E-18    0.00000E+00    0.00000E+00
 1.13302E-10    3.56909E-18    0.00000E+00    0.00000E+00
 1.16706E-10    3.53607E-18    0.00000E+00    0.00000E+00
 1.20213E-10    3.50386E-18    0.00000E+00    0.00000E+00
 1.23825E-10    3.47237E-18    0.00000E+00    0.00000E+00
 1.27545E-10    3.44166E-18    0.00000E+00    0.00000E+00
 1.31377E-10    3.41172E-18    0.00000E+00    0.00000E+00
 1.35325E-10    3.38248E-18    0.00000E+00    0.00000E+00
 1.39391E-10    3.35403E-18    0.00000E+00    0.00000E+00
 1.43579E-10    3.32629E-18    0.00000E+00    0.00000E+00
 1.47893E-10    3.29930E-18    0.00000E+00    0.00000E+00
 1.52336E-10    3.27302E-18    0.00000E+00    0.00000E+00
 1.56913E-10    3.24743E-18    0.00000E+00    0.00000E+00
 1.61628E-10    3.22261E-18    0.00000E+00    0.00000E+00
 1.66484E-10    3.19843E-18    0.00000E+00    0.00000E+00
 1.71486E-10    3.17499E-18    0.00000E+00    0.00000E+00
 1.76639E-10    3.15225E-18    0.00000E+00    0.00000E+00
 1.81946E-10    3.13017E-18    0.00000E+00    0.00000E+00
 1.87413E-10    3.10880E-18    0.00000E+00    0.00000E+00
 1.93044E-10    3.08810E-18    0.00000E+00    0.00000E+00
 1.98844E-10    3.06812E-18    0.00000E+00    0.00000E+00
 2.04818E-10    3.04874E-18    0.00000E+00    0.00000E+00
 2.10972E-10    3.03008E-18    0.00000E+00    0.00000E+00
 2.17311E-10    3.01208E-18    0.00000E+00    0.00000E+00
 2.23840E-10    2.99473E-18    0.00000E+00    0.00000E+00
 2.30566E-10    2.97804E-18    0.00000E+00    0.00000E+00
 2.37493E-10    2.96197E-18    0.00000E+00    0.00000E+00
 2.44629E-10    2.94656E-18    0.00000E+00    0.00000E+00
 2.51979E-10    2.93184E-18    0.00000E+00    0.00000E+00
 2.59550E-10    2.91771E-18    0.00000E+00    0.00000E+00
 2.67349E-10    2.90426E-18    0.00000E+00    0.00000E+00
 2.75381E-10    2.89142E-18    0.00000E+00    0.00000E+00
 2.83655E-10    2.87923E-18    0.00000E+00    0.00000E+00
 2.92178E-10    2.86765E-18    0.00000E+00    0.00000E+00
 3.00957E-10    2.85669E-18    0.00000E+00    0.00000E+00
 3.09999E-10    2.84641E-18    0.00000E+00    0.00000E+00
 3.19313E-10    2.83671E-18    0.00000E+00    0.00000E+00
 3.28907E-10    2.82764E-18    0.00000E+00    0.00000E+00
 3.38790E-10    2.81917E-18    0.00000E+00    0.00000E+00
 3.48969E-10    2.81136E-18    0.00000E+00    0.00000E+00
 3.59454E-10    2.80415E-18    0.00000E+00    0.00000E+00
 3.70254E-10    2.79756E-18    0.00000E+00    0.00000E+00
 3.81379E-10    2.79153E-18    0.00000E+00    0.00000E+00
 3.92838E-10    2.78619E-18    0.00000E+00    0.00000E+00
 4.04641E-10    2.78143E-18    0.00000E+00    0.00000E+00
 4.16798E-10    2.77726E-18    0.00000E+00    0.00000E+00
 4.29321E-10    2.77369E-18    0.00000E+00    0.00000E+00
 4.42221E-10    2.77078E-18    0.00000E+00    0.00000E+00
 4.55508E-10    2.76842E-18    0.00000E+00    0.00000E+00
 4.69194E-10    2.76668E-18    0.00000E+00    0.00000E+00
 4.83291E-10    2.76557E-18    0.00000E+00    0.00000E+00
 4.97812E-10    2.76511E-18    0.00000E+00    0.00000E+00
 5.12769E-10    2.76516E-18    0.00000E+00    0.00000E+00
 5.28176E-10    2.76587E-18    0.00000E+00    0.00000E+00
 5.44045E-10    2.76718E-18    0.00000E+00    0.00000E+00
 5.60392E-10    2.76910E-18    0.00000E+00    0.00000E+00
 5.77229E-10    2.77157E-18    0.00000E+00    0.00000E+00
 5.94572E-10    2.77474E-18    0.00000E+00    0.00000E+00
 6.12437E-10    2.77842E-18    0.00000E+00    0.00000E+00
 6.30838E-10    2.78281E-18    0.00000E+00    0.00000E+00
 6.49792E-10    2.78772E-18    0.00000E+00    0.00000E+00
 6.69316E-10    2.79330E-18    0.00000E+00    0.00000E+00
 6.89426E-10    2.79948E-18    0.00000E+00    0.00000E+00
 7.10140E-10    2.80629E-18    0.00000E+00    0.00000E+00
 7.31477E-10    2.81365E-18    0.00000E+00    0.00000E+00
 7.53455E-10    2.82164E-18    0.00000E+00    0.00000E+00
 7.76093E-10    2.83029E-18    0.00000E+00    0.00000E+00
 7.99411E-10    2.83960E-18    0.00000E+00    0.00000E+00
 8.23430E-10    2.84942E-18    0.00000E+00    0.00000E+00
 8.48171E-10    2.85992E-18    0.00000E+00    0.00000E+00
 8.73655E-10    2.87104E-18    0.00000E+00    0.00000E+00
 8.99905E-10    2.88287E-18    0.00000E+00    0.00000E+00
 9.26943E-10    2.89525E-18    0.00000E+00    0.00000E+00
 9.54794E-10    2.90828E-18    0.00000E+00    0.00000E+00
 9.83482E-10    2.92187E-18    0.00000E+00    0.00000E+00
 1.01303E-09    2.93624E-18    0.00000E+00    0.00000E+00
 1.04347E-09    2.95119E-18    0.00000E+00    0.00000E+00
 1.07482E-09    2.96675E-18    0.00000E+00    0.00000E+00
 1.10711E-09    2.98302E-18    0.00000E+00    0.00000E+00
 1.14038E-09    2.99991E-18    0.00000E+00    0.00000E+00
 1.17464E-09    3.01745E-18    0.00000E+00    0.00000E+00
 1.20994E-09    3.03564E-18    0.00000E+00    0.00000E+00
 1.24629E-09    3.05449E-18    0.00000E+00    0.00000E+00
 1.28373E-09    3.07402E-18    0.00000E+00    0.00000E+00
 1.32231E-09    3.09425E-18    0.00000E+00    0.00000E+00
 1.36204E-09    3.11519E-18    0.00000E+00    0.00000E+00
 1.40296E-09    3.13673E-18    0.00000E+00    0.00000E+00
 1.44511E-09    3.15901E-18    0.00000E+00    0.00000E+00
 1.48853E-09    3.18193E-18    0.00000E+00    0.00000E+00
 1.53326E-09    3.20562E-18    0.00000E+00    0.00000E+00
 1.57932E-09    3.22996E-18    0.00000E+00    0.00000E+00
 1.62678E-09    3.25512E-18    0.00000E+00    0.00000E+00
 1.67565E-09    3.28083E-18    0.00000E+00    0.00000E+00
 1.72600E-09    3.30739E-18    0.00000E+00    0.00000E+00
 1.77786E-09    3.33453E-18    0.00000E+00    0.00000E+00
 1.83128E-09    3.36255E-18    0.00000E+00    0.00000E+00
 1.88630E-09    3.39118E-18    0.00000E+00    0.00000E+00
 1.94297E-09    3.42058E-18    0.00000E+00    0.00000E+00
 2.00135E-09    3.45077E-18    0.00000E+00    0.00000E+00
 2.06148E-09    3.48177E-18    0.00000E+00    0.00000E+00
 2.12342E-09    3.51344E-18    0.00000E+00    0.00000E+00
 2.18722E-09    3.54597E-18    0.00000E+00    0.00000E+00
 2.25294E-09    3.57918E-18    0.00000E+00    0.00000E+00
 2.32063E-09    3.61330E-18    0.00000E+00    0.00000E+00
 2.39036E-09    3.64815E-18    0.00000E+00    0.00000E+00
 2.46218E-09    3.68374E-18    0.00000E+00    0.00000E+00
 2.53616E-09    3.72011E-18    0.00000E+00    0.00000E+00
 2.61236E-09    3.75746E-18    0.00000E+00    0.00000E+00
 2.69085E-09    3.79541E-18    0.00000E+00    0.00000E+00
 2.77170E-09    3.83440E-18    0.00000E+00    0.00000E+00
 2.85497E-09    3.87403E-18    0.00000E+00    0.00000E+00
 2.94075E-09    3.91474E-18    0.00000E+00    0.00000E+00
 3.02911E-09    3.95613E-18    0.00000E+00    0.00000E+00
 3.12012E-09    3.99843E-18    0.00000E+00    0.00000E+00
 3.21387E-09    4.04167E-18    0.00000E+00    0.00000E+00
 3.31043E-09    4.08563E-18    0.00000E+00    0.00000E+00
 3.40990E-09    4.13057E-18    0.00000E+00    0.00000E+00
 3.51235E-09    4.17653E-18    0.00000E+00    0.00000E+00
 3.61788E-09    4.22327E-18    0.00000E+00    0.00000E+00
 3.72659E-09    4.27109E-18    0.00000E+00    0.00000E+00
 3.83856E-09    4.31972E-18    0.00000E+00    0.00000E+00
 3.95389E-09    4.36920E-18    0.00000E+00    0.00000E+00
 4.07269E-09    4.41983E-18    0.00000E+00    0.00000E+00
 4.19505E-09    4.47135E-18    0.00000E+00    0.00000E+00
 4.32110E-09    4.52378E-18    0.00000E+00    0.00000E+00
 4.45093E-09    4.57747E-18    0.00000E+00    0.00000E+00
 4.58466E-09    4.63180E-18    0.00000E+00    0.00000E+00
 4.72241E-09    4.68745E-18    0.00000E+00    0.00000E+00
 4.86430E-09    4.74412E-18    0.00000E+00    0.00000E+00
 5.01045E-09    4.80148E-18    0.00000E+00    0.00000E+00
 5.16099E-09    4.86028E-18    0.00000E+00    0.00000E+00
 5.31606E-09    4.92018E-18    0.00000E+00    0.00000E+00
 5.47579E-09    4.98084E-18    0.00000E+00    0.00000E+00
 5.64031E-09    5.04266E-18    0.00000E+00    0.00000E+00
 5.80978E-09    5.10608E-18    0.00000E+00    0.00000E+00
 5.98434E-09    5.16991E-18    0.00000E+00    0.00000E+00
 6.16414E-09    5.23543E-18    0.00000E+00    0.00000E+00
 6.34935E-09    5.30182E-18    0.00000E+00    0.00000E+00
 6.54012E-09    5.36955E-18    0.00000E+00    0.00000E+00
 6.73663E-09    5.43866E-18    0.00000E+00    0.00000E+00
 6.93903E-09    5.50873E-18    0.00000E+00    0.00000E+00
 7.14752E-09    5.58026E-18    0.00000E+00    0.00000E+00
 7.36228E-09    5.65330E-18    0.00000E+00    0.00000E+00
 7.58348E-09    5.72740E-18    0.00000E+00    0.00000E+00
 7.81133E-09    5.80257E-18    0.00000E+00    0.00000E+00
 8.04603E-09    5.87938E-18    0.00000E+00    0.00000E+00
 8.28778E-09    5.95734E-18    0.00000E+00    0.00000E+00
 8.53679E-09    6.03704E-18    0.00000E+00    0.00000E+00
 8.79329E-09    6.11797E-18    0.00000E+00    0.00000E+00
 9.05749E-09    6.20014E-18    0.00000E+00    0.00000E+00
 9.32963E-09    6.28360E-18    0.00000E+00    0.00000E+00
 9.60995E-09    6.36869E-18    0.00000E+00    0.00000E+00
 9.89869E-09    6.45514E-18    0.00000E+00    0.00000E+00
 1.01961E-08    6.54306E-18    0.00000E+00    0.00000E+00
 1.05025E-08    6.63234E-18    0.00000E+00    0.00000E+00
 1.08180E-08    6.72309E-18    0.00000E+00    0.00000E+00
 1.11430E-08    6.81528E-18    0.00000E+00    0.00000E+00
 1.14778E-08    6.90888E-18    0.00000E+00    0.00000E+00
 1.18227E-08    7.00398E-18    0.00000E+00    0.00000E+00
 1.21779E-08    7.10048E-18    0.00000E+00    0.00000E+00
 1.25438E-08    7.19848E-18    0.00000E+00    0.00000E+00
 1.29207E-08    7.29804E-18    0.00000E+00    0.00000E+00
 1.33089E-08    7.39909E-18    0.00000E+00    0.00000E+00
 1.37088E-08    7.50168E-18    0.00000E+00    0.00000E+00
 1.41207E-08    7.60594E-18    0.00000E+00    0.00000E+00
 1.45450E-08    7.71172E-18    0.00000E+00    0.00000E+00
 1.49820E-08    7.81918E-18    0.00000E+00    0.00000E+00
 1.54321E-08    7.92834E-18    0.00000E+00    0.00000E+00
 1.58958E-08    8.03915E-18    0.00000E+00    0.00000E+00
 1.63734E-08    8.15167E-18    0.00000E+00    0.00000E+00
 1.68654E-08    8.26593E-18    0.00000E+00    0.00000E+00
 1.73721E-08    8.38187E-18    0.00000E+00    0.00000E+00
 1.78941E-08    8.49977E-18    0.00000E+00    0.00000E+00
 1.84317E-08    8.61932E-18    0.00000E+00    0.00000E+00
 1.89855E-08    8.74083E-18    0.00000E+00    0.00000E+00
 1.95559E-08    8.86408E-18    0.00000E+00    0.00000E+00
 2.01435E-08    8.98939E-18    0.00000E+00    0.00000E+00
 2.07487E-08    9.11683E-18    0.00000E+00    0.00000E+00
 2.13721E-08    9.24634E-18    0.00000E+00    0.00000E+00
 2.20143E-08    9.37796E-18    0.00000E+00    0.00000E+00
 2.26757E-08    9.51209E-18    0.00000E+00    0.00000E+00
 2.33570E-08    9.64850E-18    0.00000E+00    0.00000E+00
 2.40588E-08    9.78744E-18    0.00000E+00    0.00000E+00
 2.47817E-08    9.92867E-18    0.00000E+00    0.00000E+00
 2.52045E-08    1.00105E-17    0.00000E+00    0.00000E+00
 2.53000E-08    1.00290E-17    0.00000E+00    0.00000E+00
 2.60602E-08    9.92379E-18    0.00000E+00    0.00000E+00
 2.68432E-08    9.82075E-18    0.00000E+00    0.00000E+00
 2.76497E-08    9.71958E-18    0.00000E+00    0.00000E+00
 2.86011E-08    9.60587E-18    0.00000E+00    0.00000E+00
 2.95853E-08    9.49438E-18    0.00000E+00    0.00000E+00
 3.04743E-08    9.39867E-18    0.00000E+00    0.00000E+00
 3.13899E-08    9.30467E-18    0.00000E+00    0.00000E+00
 3.23330E-08    9.21239E-18    0.00000E+00    0.00000E+00
 3.33045E-08    9.12218E-18    0.00000E+00    0.00000E+00
 3.43052E-08    9.03406E-18    0.00000E+00    0.00000E+00
 3.53359E-08    8.94804E-18    0.00000E+00    0.00000E+00
 3.63976E-08    8.86412E-18    0.00000E+00    0.00000E+00
 3.74912E-08    8.78215E-18    0.00000E+00    0.00000E+00
 3.86176E-08    8.70249E-18    0.00000E+00    0.00000E+00
 3.97779E-08    8.62479E-18    0.00000E+00    0.00000E+00
 4.09731E-08    8.54909E-18    0.00000E+00    0.00000E+00
 4.22042E-08    8.47538E-18    0.00000E+00    0.00000E+00
 4.34722E-08    8.40349E-18    0.00000E+00    0.00000E+00
 4.47784E-08    8.33326E-18    0.00000E+00    0.00000E+00
 4.61238E-08    8.26487E-18    0.00000E+00    0.00000E+00
 4.75096E-08    8.19834E-18    0.00000E+00    0.00000E+00
 4.89371E-08    8.13369E-18    0.00000E+00    0.00000E+00
 5.04074E-08    8.07111E-18    0.00000E+00    0.00000E+00
 5.19220E-08    8.01005E-18    0.00000E+00    0.00000E+00
 5.34820E-08    7.95091E-18    0.00000E+00    0.00000E+00
 5.50889E-08    7.89312E-18    0.00000E+00    0.00000E+00
 5.67441E-08    7.83708E-18    0.00000E+00    0.00000E+00
 5.84490E-08    7.78279E-18    0.00000E+00    0.00000E+00
 6.02052E-08    7.73028E-18    0.00000E+00    0.00000E+00
 6.20141E-08    7.67976E-18    0.00000E+00    0.00000E+00
 6.38774E-08    7.63104E-18    0.00000E+00    0.00000E+00
 6.57966E-08    7.58395E-18    0.00000E+00    0.00000E+00
 6.80608E-08    7.53157E-18    0.00000E+00    0.00000E+00
 7.01057E-08    7.48734E-18    0.00000E+00    0.00000E+00
 7.22121E-08    7.44477E-18    0.00000E+00    0.00000E+00
 7.43818E-08    7.40409E-18    0.00000E+00    0.00000E+00
 7.66166E-08    7.36553E-18    0.00000E+00    0.00000E+00
 7.89186E-08    7.32868E-18    0.00000E+00    0.00000E+00
 8.16343E-08    7.28853E-18    0.00000E+00    0.00000E+00
 8.44435E-08    7.24946E-18    0.00000E+00    0.00000E+00
 8.69806E-08    7.21654E-18    0.00000E+00    0.00000E+00
 8.95940E-08    7.18539E-18    0.00000E+00    0.00000E+00
 9.22860E-08    7.15648E-18    0.00000E+00    0.00000E+00
 9.50588E-08    7.12987E-18    0.00000E+00    0.00000E+00
 9.79149E-08    7.10511E-18    0.00000E+00    0.00000E+00
 1.01284E-07    7.07808E-18    0.00000E+00    0.00000E+00
 1.04770E-07    7.05175E-18    0.00000E+00    0.00000E+00
 1.07917E-07    7.02982E-18    0.00000E+00    0.00000E+00
 1.11160E-07    7.00981E-18    0.00000E+00    0.00000E+00
 1.14017E-07    6.99475E-18    0.00000E+00    0.00000E+00
 1.17442E-07    6.97967E-18    0.00000E+00    0.00000E+00
 1.21484E-07    6.96463E-18    0.00000E+00    0.00000E+00
 1.26197E-07    6.94839E-18    0.00000E+00    0.00000E+00
 1.30539E-07    6.93412E-18    0.00000E+00    0.00000E+00
 1.34461E-07    6.92314E-18    0.00000E+00    0.00000E+00
 1.37917E-07    6.91548E-18    0.00000E+00    0.00000E+00
 1.41461E-07    6.91052E-18    0.00000E+00    0.00000E+00
 1.45712E-07    6.90735E-18    0.00000E+00    0.00000E+00
 1.51364E-07    6.90511E-18    0.00000E+00    0.00000E+00
 1.57903E-07    6.90192E-18    0.00000E+00    0.00000E+00
 1.63337E-07    6.89976E-18    0.00000E+00    0.00000E+00
 1.67534E-07    6.89983E-18    0.00000E+00    0.00000E+00
 1.71840E-07    6.90255E-18    0.00000E+00    0.00000E+00
 1.76256E-07    6.90799E-18    0.00000E+00    0.00000E+00
 1.81551E-07    6.91699E-18    0.00000E+00    0.00000E+00
 1.90197E-07    6.93131E-18    0.00000E+00    0.00000E+00
 1.97575E-07    6.94156E-18    0.00000E+00    0.00000E+00
 2.03512E-07    6.95023E-18    0.00000E+00    0.00000E+00
 2.08742E-07    6.96008E-18    0.00000E+00    0.00000E+00
 2.13203E-07    6.97122E-18    0.00000E+00    0.00000E+00
 2.18682E-07    6.98714E-18    0.00000E+00    0.00000E+00
 2.27165E-07    7.01375E-18    0.00000E+00    0.00000E+00
 2.40004E-07    7.04927E-18    0.00000E+00    0.00000E+00
 2.47215E-07    7.06720E-18    0.00000E+00    0.00000E+00
 2.53568E-07    7.08452E-18    0.00000E+00    0.00000E+00
 2.58987E-07    7.10134E-18    0.00000E+00    0.00000E+00
 2.64522E-07    7.12160E-18    0.00000E+00    0.00000E+00
 2.72470E-07    7.15267E-18    0.00000E+00    0.00000E+00
 2.89089E-07    7.21554E-18    0.00000E+00    0.00000E+00
 3.01577E-07    7.25617E-18    0.00000E+00    0.00000E+00
 3.09327E-07    7.28096E-18    0.00000E+00    0.00000E+00
 3.15937E-07    7.30445E-18    0.00000E+00    0.00000E+00
 3.22689E-07    7.33137E-18    0.00000E+00    0.00000E+00
 3.30982E-07    7.36734E-18    0.00000E+00    0.00000E+00
 3.46743E-07    7.43638E-18    0.00000E+00    0.00000E+00
 3.69451E-07    7.52240E-18    0.00000E+00    0.00000E+00
 3.78946E-07    7.55604E-18    0.00000E+00    0.00000E+00
 3.87044E-07    7.58656E-18    0.00000E+00    0.00000E+00
 3.95315E-07    7.62101E-18    0.00000E+00    0.00000E+00
 4.03763E-07    7.65904E-18    0.00000E+00    0.00000E+00
 4.19427E-07    7.73210E-18    0.00000E+00    0.00000E+00
 4.56446E-07    7.88133E-18    0.00000E+00    0.00000E+00
 4.68177E-07    7.92400E-18    0.00000E+00    0.00000E+00
 4.78182E-07    7.96312E-18    0.00000E+00    0.00000E+00
 4.86339E-07    7.99832E-18    0.00000E+00    0.00000E+00
 4.96733E-07    8.04564E-18    0.00000E+00    0.00000E+00
 5.20386E-07    8.15465E-18    0.00000E+00    0.00000E+00
 5.63926E-07    8.32768E-18    0.00000E+00    0.00000E+00
 5.78419E-07    8.38089E-18    0.00000E+00    0.00000E+00
 5.88286E-07    8.41915E-18    0.00000E+00    0.00000E+00
 5.98323E-07    8.46145E-18    0.00000E+00    0.00000E+00
 6.11109E-07    8.51907E-18    0.00000E+00    0.00000E+00
 6.51131E-07    8.69501E-18    0.00000E+00    0.00000E+00
 6.99667E-07    8.87709E-18    0.00000E+00    0.00000E+00
 7.14619E-07    8.93101E-18    0.00000E+00    0.00000E+00
 7.26811E-07    8.97769E-18    0.00000E+00    0.00000E+00
 7.39210E-07    9.02921E-18    0.00000E+00    0.00000E+00
 7.58207E-07    9.11201E-18    0.00000E+00    0.00000E+00
 8.60770E-07    9.50462E-18    0.00000E+00    0.00000E+00
 8.79165E-07    9.56587E-18    0.00000E+00    0.00000E+00
 8.94164E-07    9.61809E-18    0.00000E+00    0.00000E+00
 9.13273E-07    9.68949E-18    0.00000E+00    0.00000E+00
 9.52724E-07    9.83773E-18    0.00000E+00    0.00000E+00
 9.81349E-07    9.94083E-18    0.00000E+00    0.00000E+00
 9.98091E-07    1.00037E-17    0.00000E+00    0.00000E+00
 1.00657E-06    1.00021E-17    0.00000E+00    0.00000E+00
 1.02077E-06    9.98541E-18    0.00000E+00    0.00000E+00
 1.06459E-06    9.94465E-18    0.00000E+00    0.00000E+00
 1.31355E-06    9.63644E-18    0.00000E+00    0.00000E+00
 1.35087E-06    9.59101E-18    0.00000E+00    0.00000E+00
 1.38926E-06    9.56807E-18    0.00000E+00    0.00000E+00
 1.64359E-06    9.43137E-18    0.00000E+00    0.00000E+00
 1.71414E-06    9.41737E-18    0.00000E+00    0.00000E+00
 2.02795E-06    9.36152E-18    0.00000E+00    0.00000E+00
 2.20579E-06    9.38809E-18    0.00000E+00    0.00000E+00
 2.50220E-06    9.39544E-18    0.00000E+00    0.00000E+00
 3.00205E-06    9.52055E-18    0.00000E+00    0.00000E+00
 3.13092E-06    9.54871E-18    0.00000E+00    0.00000E+00
 3.80935E-06    9.77551E-18    0.00000E+00    0.00000E+00
 4.32126E-06    9.98174E-18    0.00000E+00    0.00000E+00
 4.38222E-06    1.00600E-17    0.00000E+00    0.00000E+00
 4.40000E-06    1.01108E-17    0.00000E+00    0.00000E+00
 4.46208E-06    1.02180E-17    0.00000E+00    0.00000E+00
 5.66200E-06    1.31570E-17    0.00000E+00    0.00000E+00
 5.74188E-06    1.32986E-17    0.00000E+00    0.00000E+00
 5.98835E-06    1.38194E-17    0.00000E+00    0.00000E+00
 6.98609E-06    1.50280E-17    0.00000E+00    0.00000E+00
 7.08465E-06    1.50773E-17    0.00000E+00    0.00000E+00
 8.61983E-06    1.42602E-17    0.00000E+00    0.00000E+00
 8.86477E-06    1.37777E-17    0.00000E+00    0.00000E+00
 9.91612E-06    1.03790E-17    0.00000E+00    0.00000E+00
 1.00560E-05    1.00851E-17    0.00000E+00    0.00000E+00
 1.31228E-05    1.32246E-17    0.00000E+00    0.00000E+00
 1.34957E-05    1.35441E-17    0.00000E+00    0.00000E+00
 1.61917E-05    1.47060E-17    0.00000E+00    0.00000E+00
 1.73665E-05    1.48426E-17    0.00000E+00    0.00000E+00
 2.17301E-05    1.05210E-17    0.00000E+00    0.00000E+00
 2.20000E-05    9.95854E-18    0.00000E+00    0.00000E+00
 2.23104E-05    9.98260E-18    0.00000E+00    0.00000E+00
 2.46092E-05    9.82440E-18    0.00000E+00    0.00000E+00
 2.99417E-05    9.59603E-18    0.00000E+00    0.00000E+00
 3.07926E-05    9.57871E-18    0.00000E+00    0.00000E+00
 3.69438E-05    9.44639E-18    0.00000E+00    0.00000E+00
 3.90732E-05    9.45733E-18    0.00000E+00    0.00000E+00
 4.55833E-05    9.39722E-18    0.00000E+00    0.00000E+00
 5.62432E-05    9.44208E-18    0.00000E+00    0.00000E+00
 6.93961E-05    9.57665E-18    0.00000E+00    0.00000E+00
 8.44335E-05    9.78165E-18    0.00000E+00    0.00000E+00
 8.68327E-05    9.82105E-18    0.00000E+00    0.00000E+00
 9.98910E-05    1.00001E-17    0.00000E+00    0.00000E+00
 1.28542E-04    9.88645E-18    0.00000E+00    0.00000E+00
 1.58489E-04    9.89176E-18    0.00000E+00    0.00000E+00
 1.98312E-04    1.00065E-17    0.00000E+00    0.00000E+00
 2.01110E-04    1.00033E-17    0.00000E+00    0.00000E+00
 2.37928E-04    9.96770E-18    0.00000E+00    0.00000E+00
 2.44688E-04    9.98051E-18    0.00000E+00    0.00000E+00
 2.97710E-04    1.00076E-17    0.00000E+00    0.00000E+00
 3.06170E-04    1.00045E-17    0.00000E+00    0.00000E+00
 3.62221E-04    9.90227E-18    0.00000E+00    0.00000E+00
 4.46684E-04    9.88075E-18    0.00000E+00    0.00000E+00
 5.99474E-04    1.00014E-17    0.00000E+00    0.00000E+00
 6.76083E-04    9.94886E-18    0.00000E+00    0.00000E+00
 8.31765E-04    9.93575E-18    0.00000E+00    0.00000E+00
 9.97921E-04    1.00012E-17    0.00000E+00    0.00000E+00
 1.25893E-03    9.87365E-18    0.00000E+00    0.00000E+00
 1.54882E-03    9.86930E-18    0.00000E+00    0.00000E+00
 2.00000E-03    1.00005E-17    0.00000E+00    0.00000E+00
 2.34423E-03    9.95143E-18    0.00000E+00    0.00000E+00
 3.00000E-03    1.00003E-17    0.00000E+00    0.00000E+00
 3.54814E-03    9.89812E-18    0.00000E+00    0.00000E+00
 4.36516E-03    9.86015E-18    0.00000E+00    0.00000E+00
 5.37033E-03    9.92309E-18    0.00000E+00    0.00000E+00
 6.00000E-03    1.00005E-17    0.00000E+00    0.00000E+00
 1.00000E-02    1.00004E-17    0.00000E+00    0.00000E+00
 2.00000E-02    9.99997E-18    0.00000E+00    0.00000E+00
 3.00000E-02    1.00008E-17    0.00000E+00    0.00000E+00
 6.00000E-02    1.12344E-17    0.00000E+00    0.00000E+00
 1.00000E-01    1.23576E-14    0.00000E+00    0.00000E+00
 2.00000E-01    2.60138E-13    0.00000E+00    0.00000E+00
 3.00000E-01    4.08094E-12    0.00000E+00    0.00000E+00
 4.00000E-01    3.89275E-11    0.00000E+00    0.00000E+00
 5.00000E-01    2.52326E-10    0.00000E+00    0.00000E+00
 5.99882E-01    1.45691E-09    0.00000E+00    0.00000E+00
 6.04114E-01    1.63515E-09    0.00000E+00    0.00000E+00
 6.99969E-01    7.66597E-09    0.00000E+00    0.00000E+00
 8.00000E-01    3.53223E-08    0.00000E+00    0.00000E+00
 9.00000E-01    1.39181E-07    0.00000E+00    0.00000E+00
 1.00000E+00    4.55471E-07    0.00000E+00    0.00000E+00
 1.20000E+00    2.72395E-06    0.00000E+00    0.00000E+00
 1.40000E+00    1.26355E-05    0.00000E+00    0.00000E+00
 1.60000E+00    5.51813E-05    0.00000E+00    0.00000E+00
 1.80000E+00    1.94632E-04    0.00000E+00    0.00000E+00
 2.00000E+00    5.80664E-04    0.00000E+00    0.00000E+00
 2.20000E+00    1.52018E-03    0.00000E+00    0.00000E+00
 2.40000E+00    3.57689E-03    0.00000E+00    0.00000E+00
 2.60000E+00    7.61734E-03    0.00000E+00    0.00000E+00
 2.80000E+00    1.48324E-02    0.00000E+00    0.00000E+00
 3.00000E+00    2.66692E-02    0.00000E+00    0.00000E+00
 3.20000E+00    4.29096E-02    0.00000E+00    0.00000E+00
 3.40000E+00    6.72710E-02    0.00000E+00    0.00000E+00
 3.60000E+00    1.00776E-01    0.00000E+00    0.00000E+00
 3.80000E+00    1.44416E-01    0.00000E+00    0.00000E+00
 4.05643E+00    2.16460E-01    0.00000E+00    0.00000E+00
 4.20000E+00    2.65999E-01    0.00000E+00    0.00000E+00
 4.43104E+00    3.59277E-01    0.00000E+00    0.00000E+00
 4.73071E+00    5.01967E-01    0.00000E+00    0.00000E+00
 4.90206E+00    5.97341E-01    0.00000E+00    0.00000E+00
 5.00000E+00    6.56379E-01    0.00000E+00    0.00000E+00
 5.23668E+00    8.03764E-01    0.00000E+00    0.00000E+00
 5.43809E+00    9.45588E-01    0.00000E+00    0.00000E+00
 5.63950E+00    1.08831E+00    0.00000E+00    0.00000E+00
 5.80000E+00    1.20979E+00    0.00000E+00    0.00000E+00
 6.00000E+00    1.38302E+00    0.00000E+00    0.00000E+00
 6.20000E+00    1.54877E+00    0.00000E+00    0.00000E+00
 6.60000E+00    1.93542E+00    0.00000E+00    0.00000E+00
 6.80000E+00    2.11432E+00    0.00000E+00    0.00000E+00
 7.00000E+00    2.34082E+00    0.00000E+00    0.00000E+00
 7.20000E+00    2.56659E+00    0.00000E+00    0.00000E+00
 7.60000E+00    3.11061E+00    0.00000E+00    0.00000E+00
 7.80000E+00    3.40446E+00    0.00000E+00    0.00000E+00
 8.05643E+00    3.84811E+00    0.00000E+00    0.00000E+00
 8.50000E+00    4.66038E+00    0.00000E+00    0.00000E+00
 9.06349E+00    5.85768E+00    0.00000E+00    0.00000E+00
 1.00000E+01    8.13465E+00    0.00000E+00    0.00000E+00
 1.01411E+01    8.48779E+00    0.00000E+00    0.00000E+00
 1.02842E+01    8.85328E+00    0.00000E+00    0.00000E+00
 1.04292E+01    9.23153E+00    0.00000E+00    0.00000E+00
 1.05000E+01    9.41877E+00    0.00000E+00    0.00000E+00
 1.06481E+01    9.76784E+00    0.00000E+00    0.00000E+00
 1.07984E+01    1.01283E+01    0.00000E+00    0.00000E+00
 1.09507E+01    1.05005E+01    0.00000E+00    0.00000E+00
 1.10000E+01    1.06224E+01    0.00000E+00    0.00000E+00
 1.11552E+01    1.09376E+01    0.00000E+00    0.00000E+00
 1.13126E+01    1.12617E+01    0.00000E+00    0.00000E+00
 1.14722E+01    1.15950E+01    0.00000E+00    0.00000E+00
 1.15000E+01    1.16536E+01    0.00000E+00    0.00000E+00
 1.16622E+01    1.18644E+01    0.00000E+00    0.00000E+00
 1.18268E+01    1.20788E+01    0.00000E+00    0.00000E+00
 1.19936E+01    1.22971E+01    0.00000E+00    0.00000E+00
 1.20000E+01    1.23054E+01    0.00000E+00    0.00000E+00
 1.21693E+01    1.24067E+01    0.00000E+00    0.00000E+00
 1.23410E+01    1.25057E+01    0.00000E+00    0.00000E+00
 1.25000E+01    1.25941E+01    0.00000E+00    0.00000E+00
 1.26764E+01    1.25589E+01    0.00000E+00    0.00000E+00
 1.28552E+01    1.25198E+01    0.00000E+00    0.00000E+00
 1.30000E+01    1.24855E+01    0.00000E+00    0.00000E+00
 1.31834E+01    1.23423E+01    0.00000E+00    0.00000E+00
 1.33694E+01    1.21915E+01    0.00000E+00    0.00000E+00
 1.35000E+01    1.20821E+01    0.00000E+00    0.00000E+00
 1.36905E+01    1.18943E+01    0.00000E+00    0.00000E+00
 1.38836E+01    1.17019E+01    0.00000E+00    0.00000E+00
 1.40000E+01    1.15850E+01    0.00000E+00    0.00000E+00
 1.41975E+01    1.13872E+01    0.00000E+00    0.00000E+00
 1.43978E+01    1.11835E+01    0.00000E+00    0.00000E+00
 1.45000E+01    1.10784E+01    0.00000E+00    0.00000E+00
 1.47046E+01    1.08883E+01    0.00000E+00    0.00000E+00
 1.49120E+01    1.06956E+01    0.00000E+00    0.00000E+00
 1.50000E+01    1.06138E+01    0.00000E+00    0.00000E+00
 1.52116E+01    1.04938E+01    0.00000E+00    0.00000E+00
 1.54262E+01    1.03715E+01    0.00000E+00    0.00000E+00
 1.56439E+01    1.02466E+01    0.00000E+00    0.00000E+00
 1.58646E+01    1.01193E+01    0.00000E+00    0.00000E+00
 1.60000E+01    1.00408E+01    0.00000E+00    0.00000E+00
 1.62257E+01    1.00078E+01    0.00000E+00    0.00000E+00
 1.64546E+01    9.97397E+00    0.00000E+00    0.00000E+00
 1.66868E+01    9.93924E+00    0.00000E+00    0.00000E+00
 1.69222E+01    9.90361E+00    0.00000E+00    0.00000E+00
 1.70000E+01    9.89174E+00    0.00000E+00    0.00000E+00
 1.72398E+01    9.90645E+00    0.00000E+00    0.00000E+00
 1.74831E+01    9.92127E+00    0.00000E+00    0.00000E+00
 1.77297E+01    9.93619E+00    0.00000E+00    0.00000E+00
 1.79799E+01    9.95122E+00    0.00000E+00    0.00000E+00
 1.80000E+01    9.95243E+00    0.00000E+00    0.00000E+00
 1.82539E+01    9.96961E+00    0.00000E+00    0.00000E+00
 1.85115E+01    9.98688E+00    0.00000E+00    0.00000E+00
 1.87726E+01    1.00042E+01    0.00000E+00    0.00000E+00
 1.90000E+01    1.00192E+01    0.00000E+00    0.00000E+00
 1.92681E+01    1.00615E+01    0.00000E+00    0.00000E+00
 1.95399E+01    1.01044E+01    0.00000E+00    0.00000E+00
 1.98156E+01    1.01479E+01    0.00000E+00    0.00000E+00
 2.00000E+01    1.01770E+01    0.00000E+00    0.00000E+00
 2.02822E+01    1.02710E+01    0.00000E+00    0.00000E+00
 2.05683E+01    1.03668E+01    0.00000E+00    0.00000E+00
 2.08585E+01    1.04644E+01    0.00000E+00    0.00000E+00
 2.10000E+01    1.05122E+01    0.00000E+00    0.00000E+00
 2.12963E+01    1.05152E+01    0.00000E+00    0.00000E+00
 2.15967E+01    1.05173E+01    0.00000E+00    0.00000E+00
 2.19014E+01    1.05187E+01    0.00000E+00    0.00000E+00
 2.20000E+01    1.05190E+01    0.00000E+00    0.00000E+00
 2.23104E+01    1.05130E+01    0.00000E+00    0.00000E+00
 2.26251E+01    1.05066E+01    0.00000E+00    0.00000E+00
 2.29443E+01    1.04998E+01    0.00000E+00    0.00000E+00
 2.30000E+01    1.04986E+01    0.00000E+00    0.00000E+00
 2.33245E+01    1.04827E+01    0.00000E+00    0.00000E+00
 2.36536E+01    1.04663E+01    0.00000E+00    0.00000E+00
 2.39873E+01    1.04492E+01    0.00000E+00    0.00000E+00
 2.40000E+01    1.04485E+01    0.00000E+00    0.00000E+00
 2.43386E+01    1.03934E+01    0.00000E+00    0.00000E+00
 2.46820E+01    1.03371E+01    0.00000E+00    0.00000E+00
 2.50000E+01    1.02844E+01    0.00000E+00    0.00000E+00
 2.53527E+01    1.02470E+01    0.00000E+00    0.00000E+00
 2.57104E+01    1.02086E+01    0.00000E+00    0.00000E+00
 2.60000E+01    1.01772E+01    0.00000E+00    0.00000E+00
 2.63668E+01    1.01022E+01    0.00000E+00    0.00000E+00
 2.67388E+01    1.00255E+01    0.00000E+00    0.00000E+00
 2.70000E+01    9.97132E+00    0.00000E+00    0.00000E+00
 2.73809E+01    9.92929E+00    0.00000E+00    0.00000E+00
 2.77672E+01    9.88620E+00    0.00000E+00    0.00000E+00
 2.80000E+01    9.86001E+00    0.00000E+00    0.00000E+00
 2.83950E+01    9.79815E+00    0.00000E+00    0.00000E+00
 2.87956E+01    9.73485E+00    0.00000E+00    0.00000E+00
 2.90000E+01    9.70234E+00    0.00000E+00    0.00000E+00
 2.94091E+01    9.59944E+00    0.00000E+00    0.00000E+00
 2.98240E+01    9.49455E+00    0.00000E+00    0.00000E+00
 3.00000E+01    9.44990E+00    0.00000E+00    0.00000E+00
 3.00000E+01    9.46030E+00    0.00000E+00    0.00000E+00
 3.20000E+01    9.03238E+00    0.00000E+00    0.00000E+00
 3.40000E+01    8.51783E+00    0.00000E+00    0.00000E+00
 3.60000E+01    7.99136E+00    0.00000E+00    0.00000E+00
 3.80000E+01    7.46654E+00    0.00000E+00    0.00000E+00
 4.00000E+01    6.96368E+00    0.00000E+00    0.00000E+00
 4.20000E+01    6.54857E+00    0.00000E+00    0.00000E+00
 4.40000E+01    6.06324E+00    0.00000E+00    0.00000E+00
 4.60000E+01    5.64903E+00    0.00000E+00    0.00000E+00
 4.80000E+01    5.24436E+00    0.00000E+00    0.00000E+00
 5.00000E+01    4.87408E+00    0.00000E+00    0.00000E+00
 5.20000E+01    4.57132E+00    0.00000E+00    0.00000E+00
 5.40000E+01    4.31184E+00    0.00000E+00    0.00000E+00
 5.60000E+01    4.01469E+00    0.00000E+00    0.00000E+00
 5.80000E+01    3.78103E+00    0.00000E+00    0.00000E+00
 6.00000E+01    3.56366E+00    0.00000E+00    0.00000E+00
 6.50000E+01    3.06995E+00    0.00000E+00    0.00000E+00
 7.00000E+01    2.74616E+00    0.00000E+00    0.00000E+00
 7.50000E+01    2.41454E+00    0.00000E+00    0.00000E+00
 8.00000E+01    2.19757E+00    0.00000E+00    0.00000E+00
 9.00000E+01    1.79432E+00    0.00000E+00    0.00000E+00
 1.00000E+02    1.49224E+00    0.00000E+00    0.00000E+00
 1.10000E+02    1.26424E+00    0.00000E+00    0.00000E+00
 1.20000E+02    1.09036E+00    0.00000E+00    0.00000E+00
 1.30000E+02    9.59836E-01    0.00000E+00    0.00000E+00
 1.40000E+02    8.46500E-01    0.00000E+00    0.00000E+00
 1.50000E+02    7.16689E-01    0.00000E+00    0.00000E+00
 1.60000E+02    6.15622E-01    0.00000E+00    0.00000E+00
 1.80000E+02    4.55172E-01    0.00000E+00    0.00000E+00
 2.00000E+02    3.56048E-01    0.00000E+00    0.00000E+00
