# n + W 186 : (n,n'30)  
# tendl.2019 A.J. Koning and D. Rochman        EVAL-NOV19
# uncertainties: n
# # energies =    62
#   E(MeV)       xs(mb) 
 1.61622E+00    0.00000E+00
 1.80000E+00    5.38223E+01
 2.00000E+00    7.00836E+01
 2.20000E+00    7.13319E+01
 2.40000E+00    6.58328E+01
 2.60000E+00    5.65158E+01
 2.80000E+00    4.54573E+01
 3.00000E+00    3.45122E+01
 3.20000E+00    2.49805E+01
 3.40000E+00    1.74732E+01
 3.60000E+00    1.19722E+01
 3.80000E+00    8.15957E+00
 4.00000E+00    5.60816E+00
 4.20000E+00    3.94074E+00
 4.40000E+00    2.86199E+00
 4.60000E+00    2.16763E+00
 4.80000E+00    1.71715E+00
 5.00000E+00    1.42311E+00
 5.20000E+00    1.23014E+00
 5.40000E+00    1.10267E+00
 5.60000E+00    1.01740E+00
 5.80000E+00    9.61843E-01
 6.00000E+00    9.26096E-01
 6.20000E+00    9.04068E-01
 6.40000E+00    8.91386E-01
 6.60000E+00    8.85286E-01
 6.80000E+00    8.83602E-01
 7.00000E+00    8.84983E-01
 7.20000E+00    8.88460E-01
 7.40000E+00    8.93336E-01
 7.60000E+00    8.99149E-01
 7.80000E+00    9.05500E-01
 8.00000E+00    9.12104E-01
 8.50000E+00    9.28243E-01
 9.00000E+00    9.42006E-01
 9.50000E+00    9.52379E-01
 1.00000E+01    9.59477E-01
 1.05000E+01    9.63882E-01
 1.10000E+01    9.66074E-01
 1.15000E+01    9.66218E-01
 1.20000E+01    9.64233E-01
 1.25000E+01    9.59985E-01
 1.30000E+01    9.53461E-01
 1.35000E+01    9.44816E-01
 1.40000E+01    9.34397E-01
 1.45000E+01    9.22694E-01
 1.50000E+01    9.10317E-01
 1.60000E+01    8.86296E-01
 1.70000E+01    8.67671E-01
 1.80000E+01    8.57925E-01
 1.90000E+01    8.57079E-01
 2.00000E+01    8.62201E-01
 2.10000E+01    8.69319E-01
 2.20000E+01    8.75400E-01
 2.30000E+01    8.79451E-01
 2.40000E+01    8.82278E-01
 2.50000E+01    8.85406E-01
 2.60000E+01    8.90113E-01
 2.70000E+01    8.96927E-01
 2.80000E+01    9.05516E-01
 2.90000E+01    9.14883E-01
 3.00000E+01    9.23789E-01
