# n + I 127 : (n,a)     
# tendl.2019 A.J. Koning and D. Rochman        EVAL-NOV19
# uncertainties: y
# # energies =   599
#   E(MeV)       xs(mb)       xslow(mb)      xsupp(mb)
 1.00000E-11    1.19290E-08    1.19290E-08    1.19290E-08
 1.03005E-11    1.17540E-08    1.17540E-08    1.17540E-08
 1.06099E-11    1.15810E-08    1.15810E-08    1.15810E-08
 1.09287E-11    1.14110E-08    1.14110E-08    1.14110E-08
 1.12571E-11    1.12430E-08    1.12430E-08    1.12430E-08
 1.15953E-11    1.10780E-08    1.10780E-08    1.10780E-08
 1.19437E-11    1.09150E-08    1.09150E-08    1.09150E-08
 1.23026E-11    1.07550E-08    1.07550E-08    1.07550E-08
 1.26722E-11    1.05970E-08    1.05970E-08    1.05970E-08
 1.30530E-11    1.04410E-08    1.04410E-08    1.04410E-08
 1.34452E-11    1.02880E-08    1.02880E-08    1.02880E-08
 1.38491E-11    1.01370E-08    1.01370E-08    1.01370E-08
 1.42652E-11    9.98790E-09    9.98790E-09    9.98790E-09
 1.46938E-11    9.84110E-09    9.84110E-09    9.84110E-09
 1.51353E-11    9.69650E-09    9.69650E-09    9.69650E-09
 1.55901E-11    9.55400E-09    9.55400E-09    9.55400E-09
 1.60585E-11    9.41370E-09    9.41370E-09    9.41370E-09
 1.65410E-11    9.27540E-09    9.27540E-09    9.27540E-09
 1.70380E-11    9.13910E-09    9.13910E-09    9.13910E-09
 1.75499E-11    9.00480E-09    9.00480E-09    9.00480E-09
 1.80772E-11    8.87250E-09    8.87250E-09    8.87250E-09
 1.86203E-11    8.74210E-09    8.74210E-09    8.74210E-09
 1.91798E-11    8.61370E-09    8.61370E-09    8.61370E-09
 1.97561E-11    8.48710E-09    8.48710E-09    8.48710E-09
 2.03497E-11    8.36240E-09    8.36240E-09    8.36240E-09
 2.09611E-11    8.23960E-09    8.23960E-09    8.23960E-09
 2.15909E-11    8.11850E-09    8.11850E-09    8.11850E-09
 2.22396E-11    7.99920E-09    7.99920E-09    7.99920E-09
 2.29078E-11    7.88170E-09    7.88170E-09    7.88170E-09
 2.35961E-11    7.76590E-09    7.76590E-09    7.76590E-09
 2.43051E-11    7.65180E-09    7.65180E-09    7.65180E-09
 2.50353E-11    7.53940E-09    7.53940E-09    7.53940E-09
 2.57875E-11    7.42860E-09    7.42860E-09    7.42860E-09
 2.65623E-11    7.31940E-09    7.31940E-09    7.31940E-09
 2.73604E-11    7.21190E-09    7.21190E-09    7.21190E-09
 2.81825E-11    7.10590E-09    7.10590E-09    7.10590E-09
 2.90293E-11    7.00150E-09    7.00150E-09    7.00150E-09
 2.99015E-11    6.89870E-09    6.89870E-09    6.89870E-09
 3.07999E-11    6.79730E-09    6.79730E-09    6.79730E-09
 3.17253E-11    6.69740E-09    6.69740E-09    6.69740E-09
 3.26785E-11    6.59900E-09    6.59900E-09    6.59900E-09
 3.36604E-11    6.50210E-09    6.50210E-09    6.50210E-09
 3.46717E-11    6.40650E-09    6.40650E-09    6.40650E-09
 3.57135E-11    6.31240E-09    6.31240E-09    6.31240E-09
 3.67865E-11    6.21970E-09    6.21970E-09    6.21970E-09
 3.78918E-11    6.12830E-09    6.12830E-09    6.12830E-09
 3.90303E-11    6.03820E-09    6.03820E-09    6.03820E-09
 4.02030E-11    5.94950E-09    5.94950E-09    5.94950E-09
 4.14109E-11    5.86210E-09    5.86210E-09    5.86210E-09
 4.26551E-11    5.77600E-09    5.77600E-09    5.77600E-09
 4.39367E-11    5.69110E-09    5.69110E-09    5.69110E-09
 4.52569E-11    5.60750E-09    5.60750E-09    5.60750E-09
 4.66166E-11    5.52510E-09    5.52510E-09    5.52510E-09
 4.80173E-11    5.44390E-09    5.44390E-09    5.44390E-09
 4.94600E-11    5.36390E-09    5.36390E-09    5.36390E-09
 5.09461E-11    5.28510E-09    5.28510E-09    5.28510E-09
 5.24768E-11    5.20750E-09    5.20750E-09    5.20750E-09
 5.40535E-11    5.13100E-09    5.13100E-09    5.13100E-09
 5.56776E-11    5.05560E-09    5.05560E-09    5.05560E-09
 5.73505E-11    4.98130E-09    4.98130E-09    4.98130E-09
 5.90736E-11    4.90810E-09    4.90810E-09    4.90810E-09
 6.08485E-11    4.83600E-09    4.83600E-09    4.83600E-09
 6.26768E-11    4.76490E-09    4.76490E-09    4.76490E-09
 6.45599E-11    4.69490E-09    4.69490E-09    4.69490E-09
 6.64997E-11    4.62600E-09    4.62600E-09    4.62600E-09
 6.84977E-11    4.55800E-09    4.55800E-09    4.55800E-09
 7.05558E-11    4.49100E-09    4.49100E-09    4.49100E-09
 7.26757E-11    4.42500E-09    4.42500E-09    4.42500E-09
 7.48593E-11    4.36000E-09    4.36000E-09    4.36000E-09
 7.71085E-11    4.29600E-09    4.29600E-09    4.29600E-09
 7.94253E-11    4.23280E-09    4.23280E-09    4.23280E-09
 8.18117E-11    4.17070E-09    4.17070E-09    4.17070E-09
 8.42698E-11    4.10940E-09    4.10940E-09    4.10940E-09
 8.68018E-11    4.04900E-09    4.04900E-09    4.04900E-09
 8.94098E-11    3.98950E-09    3.98950E-09    3.98950E-09
 9.20962E-11    3.93090E-09    3.93090E-09    3.93090E-09
 9.48633E-11    3.87310E-09    3.87310E-09    3.87310E-09
 9.77136E-11    3.81620E-09    3.81620E-09    3.81620E-09
 1.00649E-10    3.76020E-09    3.76020E-09    3.76020E-09
 1.03674E-10    3.70490E-09    3.70490E-09    3.70490E-09
 1.06789E-10    3.65050E-09    3.65050E-09    3.65050E-09
 1.09997E-10    3.59680E-09    3.59680E-09    3.59680E-09
 1.13302E-10    3.54400E-09    3.54400E-09    3.54400E-09
 1.16706E-10    3.49190E-09    3.49190E-09    3.49190E-09
 1.20213E-10    3.44060E-09    3.44060E-09    3.44060E-09
 1.23825E-10    3.39010E-09    3.39010E-09    3.39010E-09
 1.27545E-10    3.34030E-09    3.34030E-09    3.34030E-09
 1.31377E-10    3.29120E-09    3.29120E-09    3.29120E-09
 1.35325E-10    3.24280E-09    3.24280E-09    3.24280E-09
 1.39391E-10    3.19520E-09    3.19520E-09    3.19520E-09
 1.43579E-10    3.14820E-09    3.14820E-09    3.14820E-09
 1.47893E-10    3.10200E-09    3.10200E-09    3.10200E-09
 1.52336E-10    3.05640E-09    3.05640E-09    3.05640E-09
 1.56913E-10    3.01150E-09    3.01150E-09    3.01150E-09
 1.61628E-10    2.96720E-09    2.96720E-09    2.96720E-09
 1.66484E-10    2.92360E-09    2.92360E-09    2.92360E-09
 1.71486E-10    2.88070E-09    2.88070E-09    2.88070E-09
 1.76639E-10    2.83840E-09    2.83840E-09    2.83840E-09
 1.81946E-10    2.79670E-09    2.79670E-09    2.79670E-09
 1.87413E-10    2.75560E-09    2.75560E-09    2.75560E-09
 1.93044E-10    2.71510E-09    2.71510E-09    2.71510E-09
 1.98844E-10    2.67520E-09    2.67520E-09    2.67520E-09
 2.04818E-10    2.63590E-09    2.63590E-09    2.63590E-09
 2.10972E-10    2.59720E-09    2.59720E-09    2.59720E-09
 2.17311E-10    2.55900E-09    2.55900E-09    2.55900E-09
 2.23840E-10    2.52140E-09    2.52140E-09    2.52140E-09
 2.30566E-10    2.48440E-09    2.48440E-09    2.48440E-09
 2.37493E-10    2.44790E-09    2.44790E-09    2.44790E-09
 2.44629E-10    2.41190E-09    2.41190E-09    2.41190E-09
 2.51979E-10    2.37640E-09    2.37640E-09    2.37640E-09
 2.59550E-10    2.34150E-09    2.34150E-09    2.34150E-09
 2.67349E-10    2.30710E-09    2.30710E-09    2.30710E-09
 2.75381E-10    2.27320E-09    2.27320E-09    2.27320E-09
 2.83655E-10    2.23980E-09    2.23980E-09    2.23980E-09
 2.92178E-10    2.20690E-09    2.20690E-09    2.20690E-09
 3.00957E-10    2.17450E-09    2.17450E-09    2.17450E-09
 3.09999E-10    2.14250E-09    2.14250E-09    2.14250E-09
 3.19313E-10    2.11110E-09    2.11110E-09    2.11110E-09
 3.28907E-10    2.08000E-09    2.08000E-09    2.08000E-09
 3.38790E-10    2.04950E-09    2.04950E-09    2.04950E-09
 3.48969E-10    2.01940E-09    2.01940E-09    2.01940E-09
 3.59454E-10    1.98970E-09    1.98970E-09    1.98970E-09
 3.70254E-10    1.96050E-09    1.96050E-09    1.96050E-09
 3.81379E-10    1.93170E-09    1.93170E-09    1.93170E-09
 3.92838E-10    1.90330E-09    1.90330E-09    1.90330E-09
 4.04641E-10    1.87530E-09    1.87530E-09    1.87530E-09
 4.16798E-10    1.84780E-09    1.84780E-09    1.84780E-09
 4.29321E-10    1.82060E-09    1.82060E-09    1.82060E-09
 4.42221E-10    1.79390E-09    1.79390E-09    1.79390E-09
 4.55508E-10    1.76750E-09    1.76750E-09    1.76750E-09
 4.69194E-10    1.74150E-09    1.74150E-09    1.74150E-09
 4.83291E-10    1.71600E-09    1.71600E-09    1.71600E-09
 4.97812E-10    1.69070E-09    1.69070E-09    1.69070E-09
 5.12769E-10    1.66590E-09    1.66590E-09    1.66590E-09
 5.28176E-10    1.64140E-09    1.64140E-09    1.64140E-09
 5.44045E-10    1.61730E-09    1.61730E-09    1.61730E-09
 5.60392E-10    1.59350E-09    1.59350E-09    1.59350E-09
 5.77229E-10    1.57010E-09    1.57010E-09    1.57010E-09
 5.94572E-10    1.54710E-09    1.54710E-09    1.54710E-09
 6.12437E-10    1.52430E-09    1.52430E-09    1.52430E-09
 6.30838E-10    1.50190E-09    1.50190E-09    1.50190E-09
 6.49792E-10    1.47990E-09    1.47990E-09    1.47990E-09
 6.69316E-10    1.45810E-09    1.45810E-09    1.45810E-09
 6.89426E-10    1.43670E-09    1.43670E-09    1.43670E-09
 7.10140E-10    1.41560E-09    1.41560E-09    1.41560E-09
 7.31477E-10    1.39480E-09    1.39480E-09    1.39480E-09
 7.53455E-10    1.37430E-09    1.37430E-09    1.37430E-09
 7.76093E-10    1.35410E-09    1.35410E-09    1.35410E-09
 7.99411E-10    1.33420E-09    1.33420E-09    1.33420E-09
 8.23430E-10    1.31460E-09    1.31460E-09    1.31460E-09
 8.48171E-10    1.29530E-09    1.29530E-09    1.29530E-09
 8.73655E-10    1.27630E-09    1.27630E-09    1.27630E-09
 8.99905E-10    1.25750E-09    1.25750E-09    1.25750E-09
 9.26943E-10    1.23900E-09    1.23900E-09    1.23900E-09
 9.54794E-10    1.22080E-09    1.22080E-09    1.22080E-09
 9.83482E-10    1.20290E-09    1.20290E-09    1.20290E-09
 1.01303E-09    1.18520E-09    1.18520E-09    1.18520E-09
 1.04347E-09    1.16780E-09    1.16780E-09    1.16780E-09
 1.07482E-09    1.15060E-09    1.15060E-09    1.15060E-09
 1.10711E-09    1.13370E-09    1.13370E-09    1.13370E-09
 1.14038E-09    1.11710E-09    1.11710E-09    1.11710E-09
 1.17464E-09    1.10070E-09    1.10070E-09    1.10070E-09
 1.20994E-09    1.08450E-09    1.08450E-09    1.08450E-09
 1.24629E-09    1.06860E-09    1.06860E-09    1.06860E-09
 1.28373E-09    1.05290E-09    1.05290E-09    1.05290E-09
 1.32231E-09    1.03740E-09    1.03740E-09    1.03740E-09
 1.36204E-09    1.02210E-09    1.02210E-09    1.02210E-09
 1.40296E-09    1.00710E-09    1.00710E-09    1.00710E-09
 1.44511E-09    9.92330E-10    9.92330E-10    9.92330E-10
 1.48853E-09    9.77750E-10    9.77750E-10    9.77750E-10
 1.53326E-09    9.63380E-10    9.63380E-10    9.63380E-10
 1.57932E-09    9.49230E-10    9.49230E-10    9.49230E-10
 1.62678E-09    9.35280E-10    9.35280E-10    9.35280E-10
 1.67565E-09    9.21540E-10    9.21540E-10    9.21540E-10
 1.72600E-09    9.08000E-10    9.08000E-10    9.08000E-10
 1.77786E-09    8.94660E-10    8.94660E-10    8.94660E-10
 1.83128E-09    8.81510E-10    8.81510E-10    8.81510E-10
 1.88630E-09    8.68560E-10    8.68560E-10    8.68560E-10
 1.94297E-09    8.55800E-10    8.55800E-10    8.55800E-10
 2.00135E-09    8.43230E-10    8.43230E-10    8.43230E-10
 2.06148E-09    8.30840E-10    8.30840E-10    8.30840E-10
 2.12342E-09    8.18630E-10    8.18630E-10    8.18630E-10
 2.18722E-09    8.06600E-10    8.06600E-10    8.06600E-10
 2.25294E-09    7.94750E-10    7.94750E-10    7.94750E-10
 2.32063E-09    7.83080E-10    7.83080E-10    7.83080E-10
 2.39036E-09    7.71570E-10    7.71570E-10    7.71570E-10
 2.46218E-09    7.60240E-10    7.60240E-10    7.60240E-10
 2.53616E-09    7.49070E-10    7.49070E-10    7.49070E-10
 2.61236E-09    7.38060E-10    7.38060E-10    7.38060E-10
 2.69085E-09    7.27220E-10    7.27220E-10    7.27220E-10
 2.77170E-09    7.16530E-10    7.16530E-10    7.16530E-10
 2.85497E-09    7.06000E-10    7.06000E-10    7.06000E-10
 2.94075E-09    6.95630E-10    6.95630E-10    6.95630E-10
 3.02911E-09    6.85410E-10    6.85410E-10    6.85410E-10
 3.12012E-09    6.75340E-10    6.75340E-10    6.75340E-10
 3.21387E-09    6.65420E-10    6.65420E-10    6.65420E-10
 3.31043E-09    6.55640E-10    6.55640E-10    6.55640E-10
 3.40990E-09    6.46010E-10    6.46010E-10    6.46010E-10
 3.51235E-09    6.36520E-10    6.36520E-10    6.36520E-10
 3.61788E-09    6.27170E-10    6.27170E-10    6.27170E-10
 3.72659E-09    6.17960E-10    6.17960E-10    6.17960E-10
 3.83856E-09    6.08880E-10    6.08880E-10    6.08880E-10
 3.95389E-09    5.99930E-10    5.99930E-10    5.99930E-10
 4.07269E-09    5.91120E-10    5.91120E-10    5.91120E-10
 4.19505E-09    5.82440E-10    5.82440E-10    5.82440E-10
 4.32110E-09    5.73890E-10    5.73890E-10    5.73890E-10
 4.45093E-09    5.65460E-10    5.65460E-10    5.65460E-10
 4.58466E-09    5.57160E-10    5.57160E-10    5.57160E-10
 4.72241E-09    5.48980E-10    5.48980E-10    5.48980E-10
 4.86430E-09    5.40920E-10    5.40920E-10    5.40920E-10
 5.01045E-09    5.32990E-10    5.32990E-10    5.32990E-10
 5.16099E-09    5.25170E-10    5.25170E-10    5.25170E-10
 5.31606E-09    5.17470E-10    5.17470E-10    5.17470E-10
 5.47579E-09    5.09890E-10    5.09890E-10    5.09890E-10
 5.64031E-09    5.02420E-10    5.02420E-10    5.02420E-10
 5.80978E-09    4.95060E-10    4.95060E-10    4.95060E-10
 5.98434E-09    4.87820E-10    4.87820E-10    4.87820E-10
 6.16414E-09    4.80680E-10    4.80680E-10    4.80680E-10
 6.34935E-09    4.73660E-10    4.73660E-10    4.73660E-10
 6.54012E-09    4.66740E-10    4.66740E-10    4.66740E-10
 6.73663E-09    4.59930E-10    4.59930E-10    4.59930E-10
 6.93903E-09    4.53220E-10    4.53220E-10    4.53220E-10
 7.14752E-09    4.46610E-10    4.46610E-10    4.46610E-10
 7.36228E-09    4.40100E-10    4.40100E-10    4.40100E-10
 7.58348E-09    4.33690E-10    4.33690E-10    4.33690E-10
 7.81133E-09    4.27370E-10    4.27370E-10    4.27370E-10
 8.04603E-09    4.21150E-10    4.21150E-10    4.21150E-10
 8.28778E-09    4.15020E-10    4.15020E-10    4.15020E-10
 8.53679E-09    4.08970E-10    4.08970E-10    4.08970E-10
 8.79329E-09    4.03010E-10    4.03010E-10    4.03010E-10
 9.05749E-09    3.97140E-10    3.97140E-10    3.97140E-10
 9.32963E-09    3.91340E-10    3.91340E-10    3.91340E-10
 9.60995E-09    3.85630E-10    3.85630E-10    3.85630E-10
 9.89869E-09    3.80000E-10    3.80000E-10    3.80000E-10
 1.01961E-08    3.74440E-10    3.74440E-10    3.74440E-10
 1.05025E-08    3.68960E-10    3.68960E-10    3.68960E-10
 1.08180E-08    3.63560E-10    3.63560E-10    3.63560E-10
 1.11430E-08    3.58230E-10    3.58230E-10    3.58230E-10
 1.14778E-08    3.52980E-10    3.52980E-10    3.52980E-10
 1.18227E-08    3.47800E-10    3.47800E-10    3.47800E-10
 1.21779E-08    3.42700E-10    3.42700E-10    3.42700E-10
 1.25438E-08    3.37670E-10    3.37670E-10    3.37670E-10
 1.29207E-08    3.32710E-10    3.32710E-10    3.32710E-10
 1.33089E-08    3.27820E-10    3.27820E-10    3.27820E-10
 1.37088E-08    3.23010E-10    3.23010E-10    3.23010E-10
 1.41207E-08    3.18260E-10    3.18260E-10    3.18260E-10
 1.45450E-08    3.13590E-10    3.13590E-10    3.13590E-10
 1.49820E-08    3.08980E-10    3.08980E-10    3.08980E-10
 1.54321E-08    3.04440E-10    3.04440E-10    3.04440E-10
 1.58958E-08    2.99960E-10    2.99960E-10    2.99960E-10
 1.63734E-08    2.95550E-10    2.95550E-10    2.95550E-10
 1.68654E-08    2.91210E-10    2.91210E-10    2.91210E-10
 1.73721E-08    2.86920E-10    2.86920E-10    2.86920E-10
 1.78941E-08    2.82700E-10    2.82700E-10    2.82700E-10
 1.84317E-08    2.78540E-10    2.78540E-10    2.78540E-10
 1.89855E-08    2.74430E-10    2.74430E-10    2.74430E-10
 1.95559E-08    2.70390E-10    2.70390E-10    2.70390E-10
 2.01435E-08    2.66410E-10    2.66410E-10    2.66410E-10
 2.07487E-08    2.62480E-10    2.62480E-10    2.62480E-10
 2.13721E-08    2.58620E-10    2.58620E-10    2.58620E-10
 2.20143E-08    2.54820E-10    2.54820E-10    2.54820E-10
 2.26757E-08    2.51080E-10    2.51080E-10    2.51080E-10
 2.33570E-08    2.47420E-10    2.47420E-10    2.47420E-10
 2.40588E-08    2.43810E-10    2.43810E-10    2.43810E-10
 2.47817E-08    2.40270E-10    2.40270E-10    2.40270E-10
 2.52045E-08    2.38280E-10    2.38280E-10    2.38280E-10
 2.53000E-08    2.37830E-10    2.37830E-10    2.37830E-10
 2.60602E-08    2.34390E-10    2.34390E-10    2.34390E-10
 2.68432E-08    2.30990E-10    2.30990E-10    2.30990E-10
 2.77669E-08    2.27150E-10    2.27150E-10    2.27150E-10
 2.87224E-08    2.23360E-10    2.23360E-10    2.23360E-10
 2.97107E-08    2.19610E-10    2.19610E-10    2.19610E-10
 3.07331E-08    2.15910E-10    2.15910E-10    2.15910E-10
 3.16565E-08    2.12710E-10    2.12710E-10    2.12710E-10
 3.26077E-08    2.09560E-10    2.09560E-10    2.09560E-10
 3.35874E-08    2.06450E-10    2.06450E-10    2.06450E-10
 3.45965E-08    2.03390E-10    2.03390E-10    2.03390E-10
 3.56360E-08    2.00380E-10    2.00380E-10    2.00380E-10
 3.67067E-08    1.97420E-10    1.97420E-10    1.97420E-10
 3.78096E-08    1.94510E-10    1.94510E-10    1.94510E-10
 3.89456E-08    1.91640E-10    1.91640E-10    1.91640E-10
 4.01158E-08    1.88820E-10    1.88820E-10    1.88820E-10
 4.13211E-08    1.86050E-10    1.86050E-10    1.86050E-10
 4.25626E-08    1.83320E-10    1.83320E-10    1.83320E-10
 4.38415E-08    1.80630E-10    1.80630E-10    1.80630E-10
 4.51587E-08    1.77970E-10    1.77970E-10    1.77970E-10
 4.65156E-08    1.75350E-10    1.75350E-10    1.75350E-10
 4.79132E-08    1.72770E-10    1.72770E-10    1.72770E-10
 4.93527E-08    1.70240E-10    1.70240E-10    1.70240E-10
 5.08356E-08    1.67740E-10    1.67740E-10    1.67740E-10
 5.23630E-08    1.65280E-10    1.65280E-10    1.65280E-10
 5.39363E-08    1.62850E-10    1.62850E-10    1.62850E-10
 5.55568E-08    1.60450E-10    1.60450E-10    1.60450E-10
 5.72261E-08    1.58090E-10    1.58090E-10    1.58090E-10
 5.89455E-08    1.55760E-10    1.55760E-10    1.55760E-10
 6.07166E-08    1.53470E-10    1.53470E-10    1.53470E-10
 6.25408E-08    1.51230E-10    1.51230E-10    1.51230E-10
 6.44200E-08    1.49020E-10    1.49020E-10    1.49020E-10
 6.66367E-08    1.46520E-10    1.46520E-10    1.46520E-10
 6.86389E-08    1.44350E-10    1.44350E-10    1.44350E-10
 7.07012E-08    1.42220E-10    1.42220E-10    1.42220E-10
 7.28255E-08    1.40130E-10    1.40130E-10    1.40130E-10
 7.50136E-08    1.38080E-10    1.38080E-10    1.38080E-10
 7.72674E-08    1.36060E-10    1.36060E-10    1.36060E-10
 7.99263E-08    1.33790E-10    1.33790E-10    1.33790E-10
 8.26766E-08    1.31540E-10    1.31540E-10    1.31540E-10
 8.51607E-08    1.29590E-10    1.29590E-10    1.29590E-10
 8.77194E-08    1.27670E-10    1.27670E-10    1.27670E-10
 9.03551E-08    1.25790E-10    1.25790E-10    1.25790E-10
 9.30698E-08    1.23960E-10    1.23960E-10    1.23960E-10
 9.62725E-08    1.21910E-10    1.21910E-10    1.21910E-10
 1.00007E-07    1.19610E-10    1.19610E-10    1.19610E-10
 1.03449E-07    1.17580E-10    1.17580E-10    1.17580E-10
 1.06557E-07    1.15830E-10    1.15830E-10    1.15830E-10
 1.09295E-07    1.14360E-10    1.14360E-10    1.14360E-10
 1.12104E-07    1.12930E-10    1.12930E-10    1.12930E-10
 1.15472E-07    1.11300E-10    1.11300E-10    1.11300E-10
 1.19952E-07    1.09230E-10    1.09230E-10    1.09230E-10
 1.24606E-07    1.07150E-10    1.07150E-10    1.07150E-10
 1.28350E-07    1.05550E-10    1.05550E-10    1.05550E-10
 1.31648E-07    1.04200E-10    1.04200E-10    1.04200E-10
 1.35031E-07    1.02880E-10    1.02880E-10    1.02880E-10
 1.38501E-07    1.01600E-10    1.01600E-10    1.01600E-10
 1.42663E-07    1.00140E-10    1.00140E-10    1.00140E-10
 1.48825E-07    9.80720E-11    9.80720E-11    9.80720E-11
 1.54599E-07    9.61910E-11    9.61910E-11    9.61910E-11
 1.59244E-07    9.47420E-11    9.47420E-11    9.47420E-11
 1.63337E-07    9.35320E-11    9.35320E-11    9.35320E-11
 1.67534E-07    9.23650E-11    9.23650E-11    9.23650E-11
 1.72568E-07    9.10450E-11    9.10450E-11    9.10450E-11
 1.80022E-07    8.91820E-11    8.91820E-11    8.91820E-11
 1.88595E-07    8.71010E-11    8.71010E-11    8.71010E-11
 1.94261E-07    8.57780E-11    8.57780E-11    8.57780E-11
 1.99254E-07    8.46750E-11    8.46750E-11    8.46750E-11
 2.03512E-07    8.37900E-11    8.37900E-11    8.37900E-11
 2.08742E-07    8.27640E-11    8.27640E-11    8.27640E-11
 2.16840E-07    8.12570E-11    8.12570E-11    8.12570E-11
 2.30066E-07    7.88690E-11    7.88690E-11    7.88690E-11
 2.36978E-07    7.76630E-11    7.76630E-11    7.76630E-11
 2.42043E-07    7.68220E-11    7.68220E-11    7.68220E-11
 2.47215E-07    7.60110E-11    7.60110E-11    7.60110E-11
 2.52498E-07    7.52310E-11    7.52310E-11    7.52310E-11
 2.60085E-07    7.41730E-11    7.41730E-11    7.41730E-11
 2.78293E-07    7.17300E-11    7.17300E-11    7.17300E-11
 2.89089E-07    7.03180E-11    7.03180E-11    7.03180E-11
 2.95267E-07    6.95490E-11    6.95490E-11    6.95490E-11
 3.01577E-07    6.88100E-11    6.88100E-11    6.88100E-11
 3.08022E-07    6.81040E-11    6.81040E-11    6.81040E-11
 3.17276E-07    6.71520E-11    6.71520E-11    6.71520E-11
 3.45279E-07    6.43840E-11    6.43840E-11    6.43840E-11
 3.55654E-07    6.33870E-11    6.33870E-11    6.33870E-11
 3.63254E-07    6.26930E-11    6.26930E-11    6.26930E-11
 3.71017E-07    6.20320E-11    6.20320E-11    6.20320E-11
 3.78946E-07    6.14040E-11    6.14040E-11    6.14040E-11
 3.91986E-07    6.04310E-11    6.04310E-11    6.04310E-11
 4.28391E-07    5.77830E-11    5.77830E-11    5.77830E-11
 4.39400E-07    5.70100E-11    5.70100E-11    5.70100E-11
 4.46896E-07    5.65130E-11    5.65130E-11    5.65130E-11
 4.54520E-07    5.60390E-11    5.60390E-11    5.60390E-11
 4.64233E-07    5.54770E-11    5.54770E-11    5.54770E-11
 4.84287E-07    5.43820E-11    5.43820E-11    5.43820E-11
 5.29264E-07    5.19700E-11    5.19700E-11    5.19700E-11
 5.40575E-07    5.13890E-11    5.13890E-11    5.13890E-11
 5.49797E-07    5.09440E-11    5.09440E-11    5.09440E-11
 5.59177E-07    5.05240E-11    5.05240E-11    5.05240E-11
 5.73547E-07    4.99260E-11    4.99260E-11    4.99260E-11
 6.45647E-07    4.70600E-11    4.70600E-11    4.70600E-11
 6.59445E-07    4.65290E-11    4.65290E-11    4.65290E-11
 6.70695E-07    4.61210E-11    4.61210E-11    4.61210E-11
 6.82137E-07    4.57370E-11    4.57370E-11    4.57370E-11
 6.96714E-07    4.52850E-11    4.52850E-11    4.52850E-11
 7.87622E-07    4.26150E-11    4.26150E-11    4.26150E-11
 8.07863E-07    4.20350E-11    4.20350E-11    4.20350E-11
 8.21645E-07    4.16640E-11    4.16640E-11    4.16640E-11
 8.35662E-07    4.13180E-11    4.13180E-11    4.13180E-11
 8.53521E-07    4.09120E-11    4.09120E-11    4.09120E-11
 9.68977E-07    3.83950E-11    3.83950E-11    3.83950E-11
 9.89685E-07    3.79640E-11    3.79640E-11    3.79640E-11
 1.00232E-06    3.77190E-11    3.77190E-11    3.77190E-11
 1.02077E-06    3.73930E-11    3.73930E-11    3.73930E-11
 1.07961E-06    3.64380E-11    3.64380E-11    3.64380E-11
 1.20764E-06    3.43830E-11    3.43830E-11    3.43830E-11
 1.24196E-06    3.38840E-11    3.38840E-11    3.38840E-11
 1.29527E-06    3.32320E-11    3.32320E-11    3.32320E-11
 1.49006E-06    3.09400E-11    3.09400E-11    3.09400E-11
 1.53240E-06    3.05080E-11    3.05080E-11    3.05080E-11
 1.83852E-06    2.78450E-11    2.78450E-11    2.78450E-11
 1.99974E-06    2.67690E-11    2.67690E-11    2.67690E-11
 2.26847E-06    2.50690E-11    2.50690E-11    2.50690E-11
 2.91911E-06    2.21430E-11    2.21430E-11    2.21430E-11
 2.96029E-06    2.20220E-11    2.20220E-11    2.20220E-11
 3.00000E-06    2.22000E-11    2.22000E-11    2.22000E-11
 3.04232E-06    2.29260E-11    2.29260E-11    2.29260E-11
 3.08525E-06    2.39670E-11    2.39670E-11    2.39670E-11
 3.35580E-06    3.08940E-11    3.08940E-11    3.08940E-11
 3.40314E-06    3.22990E-11    3.22990E-11    3.22990E-11
 3.45115E-06    3.39400E-11    3.39400E-11    3.39400E-11
 4.08297E-06    5.66890E-11    5.66890E-11    5.66890E-11
 4.14057E-06    5.89770E-11    5.89770E-11    5.89770E-11
 4.19899E-06    6.18240E-11    6.18240E-11    6.18240E-11
 4.96771E-06    1.03870E-10    1.03870E-10    1.03870E-10
 5.03779E-06    1.07830E-10    1.07830E-10    1.07830E-10
 5.10887E-06    1.12650E-10    1.12650E-10    1.12650E-10
 5.25404E-06    1.24540E-10    1.24540E-10    1.24540E-10
 6.12943E-06    1.97460E-10    1.97460E-10    1.97460E-10
 6.21591E-06    2.05480E-10    2.05480E-10    2.05480E-10
 6.30360E-06    2.15740E-10    2.15740E-10    2.15740E-10
 7.45762E-06    3.61860E-10    3.61860E-10    3.61860E-10
 7.56284E-06    3.75690E-10    3.75690E-10    3.75690E-10
 7.66953E-06    3.94040E-10    3.94040E-10    3.94040E-10
 9.86930E-06    8.55280E-10    8.55280E-10    8.55280E-10
 1.00085E-05    8.87540E-10    8.87540E-10    8.87540E-10
 1.01497E-05    9.29560E-10    9.29560E-10    9.29560E-10
 1.11955E-05    1.25670E-09    1.25670E-09    1.25670E-09
 1.13535E-05    1.30780E-09    1.30780E-09    1.30780E-09
 1.15137E-05    1.37610E-09    1.37610E-09    1.37610E-09
 1.48160E-05    2.98080E-09    2.98080E-09    2.98080E-09
 1.50000E-05    3.05170E-09    3.05170E-09    3.05170E-09
 1.52116E-05    3.04610E-09    3.04610E-09    3.04610E-09
 1.70157E-05    2.84270E-09    2.84270E-09    2.84270E-09
 2.09949E-05    2.49930E-09    2.49930E-09    2.49930E-09
 2.55443E-05    2.21590E-09    2.21590E-09    2.21590E-09
 3.10795E-05    1.96570E-09    1.96570E-09    1.96570E-09
 3.19627E-05    1.93400E-09    1.93400E-09    1.93400E-09
 3.83477E-05    1.72710E-09    1.72710E-09    1.72710E-09
 4.66572E-05    1.53200E-09    1.53200E-09    1.53200E-09
 5.14647E-05    1.44890E-09    1.44890E-09    1.44890E-09
 5.75683E-05    1.34630E-09    1.34630E-09    1.34630E-09
 7.00428E-05    1.19400E-09    1.19400E-09    1.19400E-09
 8.64227E-05    1.04950E-09    1.04950E-09    1.04950E-09
 9.94194E-05    9.63280E-10    9.63280E-10    9.63280E-10
 1.27935E-04    8.16750E-10    8.16750E-10    8.16750E-10
 1.31570E-04    8.02450E-10    8.02450E-10    8.02450E-10
 1.57792E-04    7.10750E-10    7.10750E-10    7.10750E-10
 2.00000E-04    6.08070E-10    6.08070E-10    6.08070E-10
 2.36400E-04    5.43000E-10    5.43000E-10    5.43000E-10
 2.99971E-04    4.62150E-10    4.62150E-10    4.62150E-10
 3.54169E-04    4.11940E-10    4.11940E-10    4.11940E-10
 4.30914E-04    3.59850E-10    3.59850E-10    3.59850E-10
 4.49411E-04    3.50430E-10    3.50430E-10    3.50430E-10
 5.30607E-04    3.11340E-10    3.11340E-10    3.11340E-10
 6.00000E-04    2.85940E-10    2.85940E-10    2.85940E-10
 7.94030E-04    2.34870E-10    2.34870E-10    2.34870E-10
 1.00000E-03    1.99700E-10    1.99700E-10    1.99700E-10
 1.19097E-03    1.76800E-10    1.76800E-10    1.76800E-10
 1.45774E-03    1.53580E-10    1.53580E-10    1.53580E-10
 1.78428E-03    1.33390E-10    1.33390E-10    1.33390E-10
 1.99589E-03    1.23390E-10    1.23390E-10    1.23390E-10
 2.67316E-03    1.01430E-10    1.01430E-10    1.01430E-10
 3.00000E-03    9.38920E-11    9.38920E-11    9.38920E-11
 3.97015E-03    7.92350E-11    7.92350E-11    7.92350E-11
 4.00487E-03    7.90200E-11    7.90200E-11    7.90200E-11
 4.01200E-03    8.26560E-11    8.26560E-11    8.26560E-11
 4.06860E-03    8.23520E-11    8.23520E-11    8.23520E-11
 6.00000E-03    6.15040E-11    6.15040E-11    6.15040E-11
 1.00000E-02    4.72270E-11    4.72270E-11    4.72270E-11
 2.00000E-02    3.52380E-11    3.52380E-11    3.52380E-11
 3.00000E-02    3.05090E-11    3.05090E-11    3.05090E-11
 6.00000E-02    2.40600E-11    2.40600E-11    2.40600E-11
 1.00000E-01    1.91550E-11    1.91550E-11    1.91550E-11
 2.00000E-01    1.87900E-11    1.87900E-11    1.87900E-11
 3.00000E-01    4.22820E-11    4.22820E-11    4.22820E-11
 4.11366E-01    1.08660E-10    1.08660E-10    1.08660E-10
 5.00000E-01    1.60720E-10    1.60720E-10    1.60720E-10
 6.00000E-01    2.34900E-10    2.34900E-10    2.34900E-10
 6.99969E-01    2.99290E-10    2.99290E-10    2.99290E-10
 8.00000E-01    5.58690E-10    5.58690E-10    5.58690E-10
 9.00000E-01    1.25940E-09    1.25940E-09    1.25940E-09
 1.00000E+00    2.18490E-09    0.00000E+00    6.51331E-09
 1.20000E+00    4.58440E-09    0.00000E+00    1.36663E-08
 1.40000E+00    1.46620E-08    0.00000E+00    4.37082E-08
 1.60000E+00    3.57290E-08    0.00000E+00    1.06510E-07
 1.80000E+00    7.81070E-08    0.00000E+00    2.01852E-07
 2.00000E+00    2.25880E-07    0.00000E+00    5.83741E-07
 2.20000E+00    4.71480E-07    0.00000E+00    1.21844E-06
 2.40000E+00    1.12073E-06    0.00000E+00    2.89630E-06
 2.60000E+00    2.47114E-06    0.00000E+00    5.51563E-06
 2.80000E+00    4.66768E-06    0.00000E+00    1.04183E-05
 3.00000E+00    1.00096E-05    0.00000E+00    2.23416E-05
 3.20000E+00    1.79483E-05    0.00000E+00    4.00609E-05
 3.40000E+00    3.25086E-05    0.00000E+00    7.25598E-05
 3.60000E+00    5.73075E-05    0.00000E+00    1.27911E-04
 3.80000E+00    9.03388E-05    0.00000E+00    2.01638E-04
 4.00000E+00    1.51578E-04    0.00000E+00    3.38325E-04
 4.20000E+00    2.32228E-04    0.00000E+00    5.18337E-04
 4.40000E+00    3.53016E-04    0.00000E+00    7.87938E-04
 4.60000E+00    5.37930E-04    1.82217E-05    1.05764E-03
 4.80000E+00    7.66464E-04    2.59630E-05    1.50696E-03
 5.00000E+00    1.13747E-03    3.85304E-05    2.23641E-03
 5.20000E+00    1.61544E-03    5.47210E-05    3.17616E-03
 5.40000E+00    2.26813E-03    7.68300E-05    4.45943E-03
 5.60000E+00    3.23243E-03    1.09494E-04    6.35537E-03
 5.80000E+00    4.39779E-03    1.48970E-04    8.64661E-03
 6.00000E+00    6.05896E-03    2.05240E-04    1.19127E-02
 6.20000E+00    8.15962E-03    2.76397E-04    1.60428E-02
 6.40000E+00    1.06125E-02    3.59485E-04    2.08655E-02
 6.60000E+00    1.38800E-02    0.00000E+00    2.77673E-02
 6.80000E+00    1.75287E-02    0.00000E+00    3.50666E-02
 7.00000E+00    2.19072E-02    0.00000E+00    4.38259E-02
 7.20000E+00    2.73635E-02    0.00000E+00    5.47414E-02
 7.40000E+00    3.32643E-02    0.00000E+00    6.65461E-02
 7.60000E+00    4.15541E-02    0.00000E+00    8.31300E-02
 7.80000E+00    5.08384E-02    0.00000E+00    1.01703E-01
 8.00000E+00    6.11028E-02    0.00000E+00    1.22238E-01
 8.50000E+00    9.75878E-02    0.00000E+00    1.95227E-01
 9.00000E+00    1.52152E-01    1.55748E-02    2.88729E-01
 9.50000E+00    2.31387E-01    2.36855E-02    4.39089E-01
 1.00000E+01    3.43367E-01    3.51481E-02    6.51586E-01
 1.01411E+01    3.82595E-01    3.91636E-02    7.26026E-01
 1.02842E+01    4.22377E-01    4.32358E-02    8.01518E-01
 1.04292E+01    4.62720E-01    4.73655E-02    8.78075E-01
 1.05000E+01    4.82394E-01    4.93794E-02    9.15409E-01
 1.06481E+01    5.41729E-01    5.54531E-02    1.02800E+00
 1.07984E+01    6.01901E-01    6.16125E-02    1.14219E+00
 1.09507E+01    6.62921E-01    6.78587E-02    1.25798E+00
 1.10000E+01    6.82665E-01    6.98797E-02    1.29545E+00
 1.11552E+01    7.63173E-01    7.81208E-02    1.44823E+00
 1.13126E+01    8.44817E-01    8.64781E-02    1.60316E+00
 1.14722E+01    9.27613E-01    9.49534E-02    1.76027E+00
 1.15000E+01    9.42050E-01    9.64312E-02    1.78767E+00
 1.16622E+01    1.04738E+00    1.07213E-01    1.98755E+00
 1.18268E+01    1.15420E+00    1.18148E-01    2.19025E+00
 1.19936E+01    1.26253E+00    1.29236E-01    2.39582E+00
 1.20000E+01    1.26666E+00    1.29659E-01    2.40366E+00
 1.21693E+01    1.39950E+00    1.43257E-01    2.65575E+00
 1.23410E+01    1.53422E+00    1.57047E-01    2.91139E+00
 1.25000E+01    1.65899E+00    1.69819E-01    3.14816E+00
 1.26764E+01    1.82308E+00    1.86616E-01    3.45955E+00
 1.28552E+01    1.98949E+00    2.03650E-01    3.77533E+00
 1.30000E+01    2.12423E+00    4.29019E-01    3.81944E+00
 1.31834E+01    2.31846E+00    4.68246E-01    4.16867E+00
 1.33694E+01    2.51542E+00    5.08026E-01    4.52282E+00
 1.35000E+01    2.65373E+00    5.35959E-01    4.77150E+00
 1.36905E+01    2.87837E+00    5.81328E-01    5.17541E+00
 1.38836E+01    3.10618E+00    6.27338E-01    5.58502E+00
 1.40000E+01    3.24346E+00    6.55063E-01    5.83186E+00
 1.41975E+01    3.50074E+00    7.07025E-01    6.29446E+00
 1.43978E+01    3.76165E+00    7.59720E-01    6.76359E+00
 1.45000E+01    3.89476E+00    7.86602E-01    7.00292E+00
 1.47046E+01    4.18845E+00    8.45917E-01    7.53098E+00
 1.49120E+01    4.48629E+00    9.06069E-01    8.06650E+00
 1.50000E+01    4.61259E+00    9.31578E-01    8.29360E+00
 1.52116E+01    4.90764E+00    9.91168E-01    8.82412E+00
 1.54262E+01    5.20686E+00    1.05160E+00    9.36212E+00
 1.56439E+01    5.51030E+00    1.11288E+00    9.90771E+00
 1.58646E+01    5.81802E+00    1.17503E+00    1.04610E+01
 1.60000E+01    6.00683E+00    1.41064E+00    1.06030E+01
 1.62257E+01    6.38769E+00    1.50008E+00    1.12753E+01
 1.64546E+01    6.77392E+00    1.59078E+00    1.19571E+01
 1.66868E+01    7.16561E+00    1.68276E+00    1.26485E+01
 1.69222E+01    7.56282E+00    1.77604E+00    1.33496E+01
 1.70000E+01    7.69406E+00    1.80686E+00    1.35813E+01
 1.72398E+01    8.15036E+00    1.91402E+00    1.43867E+01
 1.74831E+01    8.61310E+00    2.02269E+00    1.52035E+01
 1.77297E+01    9.08236E+00    2.13289E+00    1.60318E+01
 1.79799E+01    9.55825E+00    2.24465E+00    1.68718E+01
 1.80000E+01    9.59658E+00    2.25365E+00    1.69395E+01
 1.82539E+01    1.02716E+01    2.41216E+00    1.81309E+01
 1.85115E+01    1.09560E+01    2.57290E+00    1.93392E+01
 1.87726E+01    1.16502E+01    2.73592E+00    2.05645E+01
 1.90000E+01    1.22545E+01    2.87783E+00    2.16312E+01
 1.92681E+01    1.24958E+01    2.93450E+00    2.20571E+01
 1.95399E+01    1.27405E+01    2.99196E+00    2.24891E+01
 1.98156E+01    1.29887E+01    3.05024E+00    2.29271E+01
 2.00000E+01    1.31547E+01    2.69154E+00    2.36179E+01
 2.02822E+01    1.32290E+01    2.70675E+00    2.37513E+01
 2.05683E+01    1.33044E+01    2.72217E+00    2.38866E+01
 2.08585E+01    1.33808E+01    2.73781E+00    2.40238E+01
 2.10000E+01    1.34181E+01    2.74544E+00    2.40908E+01
 2.12963E+01    1.30246E+01    2.66493E+00    2.33843E+01
 2.15967E+01    1.26256E+01    2.58328E+00    2.26679E+01
 2.19014E+01    1.22209E+01    2.50049E+00    2.19414E+01
 2.20000E+01    1.20900E+01    2.47370E+00    2.17063E+01
 2.23104E+01    1.13551E+01    2.32334E+00    2.03869E+01
 2.26251E+01    1.06099E+01    2.17085E+00    1.90489E+01
 2.29443E+01    9.85411E+00    2.01622E+00    1.76920E+01
 2.30000E+01    9.72232E+00    1.98925E+00    1.74554E+01
 2.33245E+01    9.33445E+00    1.90989E+00    1.67590E+01
 2.36536E+01    8.94111E+00    1.82941E+00    1.60528E+01
 2.39873E+01    8.54222E+00    1.74780E+00    1.53366E+01
 2.40000E+01    8.52700E+00    1.22899E+00    1.58250E+01
 2.43386E+01    8.23464E+00    1.18686E+00    1.52824E+01
 2.46820E+01    7.93817E+00    1.14413E+00    1.47322E+01
 2.50000E+01    7.66357E+00    1.10455E+00    1.42226E+01
 2.53527E+01    7.40898E+00    1.06785E+00    1.37501E+01
 2.57104E+01    7.15081E+00    1.03064E+00    1.32710E+01
 2.60000E+01    6.94176E+00    1.00051E+00    1.28830E+01
 2.63668E+01    6.65634E+00    9.59376E-01    1.23533E+01
 2.67388E+01    6.36688E+00    9.17657E-01    1.18161E+01
 2.70000E+01    6.16364E+00    8.88364E-01    1.14389E+01
 2.73809E+01    5.93871E+00    8.55945E-01    1.10215E+01
 2.77672E+01    5.71061E+00    8.23069E-01    1.05982E+01
 2.80000E+01    5.57316E+00    8.03258E-01    1.03431E+01
 2.83950E+01    5.37480E+00    7.74668E-01    9.97493E+00
 2.87956E+01    5.17363E+00    7.45674E-01    9.60159E+00
 2.90000E+01    5.07101E+00    7.30883E-01    9.41114E+00
 2.94091E+01    4.88500E+00    7.04074E-01    9.06593E+00
 2.98240E+01    4.69637E+00    6.76887E-01    8.71586E+00
 3.00000E+01    4.61638E+00    6.65357E-01    8.56740E+00
