# n + I 127 : (n,n'01)  
# tendl.2019 A.J. Koning and D. Rochman        EVAL-NOV19
# uncertainties: y
# # energies =   105
#   E(MeV)       xs(mb)       xslow(mb)      xsupp(mb)
 5.80659E-02    0.00000E+00   -0.00000E+00    0.00000E+00
 6.00000E-02    7.03993E+01    0.00000E+00    1.42822E+02
 1.00000E-01    2.49458E+02    0.00000E+00    5.06087E+02
 2.00000E-01    3.57544E+02    2.05193E+02    5.09895E+02
 2.04472E-01    3.58325E+02    2.05642E+02    5.11009E+02
 2.97345E-01    3.74548E+02    2.14952E+02    5.34144E+02
 3.00000E-01    3.75012E+02    2.15218E+02    5.34806E+02
 3.77973E-01    3.65609E+02    2.09822E+02    5.21396E+02
 4.00000E-01    3.62952E+02    2.08297E+02    5.17607E+02
 4.21312E-01    3.57258E+02    2.05029E+02    5.09487E+02
 4.76759E-01    3.42444E+02    1.96527E+02    4.88360E+02
 5.00000E-01    3.36234E+02    1.92964E+02    4.79504E+02
 6.00000E-01    3.24023E+02    2.41395E+02    4.06651E+02
 6.23224E-01    3.17901E+02    2.36834E+02    3.98967E+02
 6.33687E-01    3.15143E+02    2.34779E+02    3.95506E+02
 6.56094E-01    3.09236E+02    2.30378E+02    3.88093E+02
 7.00000E-01    2.97661E+02    2.21755E+02    3.73567E+02
 7.22195E-01    2.92360E+02    2.17806E+02    3.66914E+02
 7.50629E-01    2.85569E+02    2.12747E+02    3.58391E+02
 8.00000E-01    2.73777E+02    2.03962E+02    3.43592E+02
 8.37605E-01    2.67993E+02    1.99653E+02    3.36333E+02
 8.90018E-01    2.59931E+02    1.93647E+02    3.26216E+02
 9.00000E-01    2.58396E+02    1.92503E+02    3.24289E+02
 9.98816E-01    2.44616E+02    1.82237E+02    3.06995E+02
 1.00000E+00    2.44451E+02    2.03438E+02    2.85464E+02
 1.05240E+00    2.36823E+02    1.97090E+02    2.76557E+02
 1.10307E+00    2.29448E+02    1.90952E+02    2.67944E+02
 1.13168E+00    2.25283E+02    1.87486E+02    2.63080E+02
 1.19079E+00    2.16679E+02    1.80325E+02    2.53032E+02
 1.20000E+00    2.15338E+02    1.79209E+02    2.51467E+02
 1.22813E+00    2.10344E+02    1.75053E+02    2.45635E+02
 1.23868E+00    2.08471E+02    1.73494E+02    2.43447E+02
 1.24489E+00    2.07368E+02    1.72576E+02    2.42160E+02
 1.27667E+00    2.01726E+02    1.67881E+02    2.35571E+02
 1.28510E+00    2.00229E+02    1.66635E+02    2.33823E+02
 1.32948E+00    1.92349E+02    1.60078E+02    2.24621E+02
 1.35267E+00    1.88232E+02    1.56651E+02    2.19813E+02
 1.36093E+00    1.86766E+02    1.55431E+02    2.18101E+02
 1.37481E+00    1.84301E+02    1.53380E+02    2.15223E+02
 1.38593E+00    1.82327E+02    1.51737E+02    2.12917E+02
 1.40000E+00    1.79829E+02    1.49658E+02    2.10000E+02
 1.41296E+00    1.77874E+02    1.48031E+02    2.07717E+02
 1.42443E+00    1.76144E+02    1.46591E+02    2.05697E+02
 1.60000E+00    1.49663E+02    1.24553E+02    1.74773E+02
 1.80000E+00    1.29404E+02    1.08438E+02    1.50370E+02
 2.00000E+00    1.12120E+02    9.39541E+01    1.30286E+02
 2.20000E+00    9.67931E+01    8.11105E+01    1.12476E+02
 2.40000E+00    8.32379E+01    6.97515E+01    9.67243E+01
 2.60000E+00    7.12613E+01    5.06186E+01    9.19040E+01
 2.80000E+00    6.06476E+01    4.30794E+01    7.82158E+01
 3.00000E+00    5.11399E+01    3.63259E+01    6.59539E+01
 3.20000E+00    4.25830E+01    3.02477E+01    5.49183E+01
 3.40000E+00    3.49333E+01    2.48139E+01    4.50527E+01
 3.60000E+00    2.81658E+01    2.00068E+01    3.63248E+01
 3.80000E+00    2.23803E+01    1.58973E+01    2.88633E+01
 4.00000E+00    1.75681E+01    1.24790E+01    2.26572E+01
 4.20000E+00    1.36692E+01    9.70955E+00    1.76288E+01
 4.40000E+00    1.05853E+01    7.51899E+00    1.36516E+01
 4.60000E+00    8.19189E+00    6.00040E+00    1.03834E+01
 4.80000E+00    6.35860E+00    4.65755E+00    8.05965E+00
 5.00000E+00    4.96761E+00    3.63868E+00    6.29654E+00
 5.20000E+00    3.91880E+00    2.87045E+00    4.96716E+00
 5.40000E+00    3.13091E+00    2.29333E+00    3.96849E+00
 5.60000E+00    2.53792E+00    1.85898E+00    3.21686E+00
 5.80000E+00    2.09126E+00    1.53181E+00    2.65071E+00
 6.00000E+00    1.75350E+00    1.28440E+00    2.22260E+00
 6.20000E+00    1.49476E+00    1.09488E+00    1.89464E+00
 6.40000E+00    1.29642E+00    9.49603E-01    1.64324E+00
 6.60000E+00    1.14294E+00    7.64725E-01    1.52115E+00
 6.80000E+00    1.02364E+00    6.84903E-01    1.36238E+00
 7.00000E+00    9.29969E-01    6.22229E-01    1.23771E+00
 7.20000E+00    8.55022E-01    5.72083E-01    1.13796E+00
 7.40000E+00    7.95090E-01    5.31984E-01    1.05820E+00
 7.60000E+00    7.46146E-01    4.99236E-01    9.93056E-01
 7.80000E+00    7.05869E-01    4.72287E-01    9.39451E-01
 8.00000E+00    6.72407E-01    4.49898E-01    8.94916E-01
 8.50000E+00    6.09189E-01    4.07600E-01    8.10778E-01
 9.00000E+00    5.64331E-01    3.82257E-01    7.46404E-01
 9.50000E+00    5.29575E-01    3.58715E-01    7.00435E-01
 1.00000E+01    5.00536E-01    3.39045E-01    6.62027E-01
 1.05000E+01    4.74971E-01    3.21728E-01    6.28214E-01
 1.10000E+01    4.51791E-01    3.06027E-01    5.97555E-01
 1.15000E+01    4.30519E-01    2.91618E-01    5.69420E-01
 1.20000E+01    4.11000E-01    2.78397E-01    5.43603E-01
 1.25000E+01    3.93209E-01    2.66346E-01    5.20072E-01
 1.30000E+01    3.77152E-01    2.53817E-01    5.00487E-01
 1.35000E+01    3.62778E-01    2.44144E-01    4.81413E-01
 1.40000E+01    3.49981E-01    2.35531E-01    4.64431E-01
 1.45000E+01    3.38583E-01    2.27861E-01    4.49305E-01
 1.50000E+01    3.28354E-01    2.20977E-01    4.35731E-01
 1.60000E+01    3.10429E-01    2.09567E-01    4.11291E-01
 1.70000E+01    2.94620E-01    1.98894E-01    3.90346E-01
 1.80000E+01    2.80105E-01    1.89095E-01    3.71115E-01
 1.90000E+01    2.66548E-01    1.79943E-01    3.53153E-01
 2.00000E+01    2.53654E-01    1.70111E-01    3.37197E-01
 2.10000E+01    2.41238E-01    1.61784E-01    3.20692E-01
 2.20000E+01    2.29418E-01    1.53857E-01    3.04979E-01
 2.30000E+01    2.18538E-01    1.46561E-01    2.90515E-01
 2.40000E+01    2.08915E-01    1.37694E-01    2.80136E-01
 2.50000E+01    2.00679E-01    1.32266E-01    2.69092E-01
 2.60000E+01    1.93770E-01    1.27712E-01    2.59828E-01
 2.70000E+01    1.87964E-01    1.23885E-01    2.52043E-01
 2.80000E+01    1.82934E-01    1.20570E-01    2.45298E-01
 2.90000E+01    1.78327E-01    1.17534E-01    2.39120E-01
 3.00000E+01    1.73866E-01    1.14594E-01    2.33138E-01
