# n + I 127 : (n,xn)    
# tendl.2019 A.J. Koning and D. Rochman        EVAL-NOV19
# 
# # energies =   135
#   E(MeV)        xs(mb) 
 5.80659E-02    0.00000E+00
 6.00000E-02    7.03993E+01
 1.00000E-01    2.49458E+02
 2.00000E-01    3.57544E+02
 2.04472E-01    3.58325E+02
 2.97345E-01    5.08923E+02
 3.00000E-01    5.22369E+02
 3.77973E-01    5.95326E+02
 4.00000E-01    6.24686E+02
 4.21312E-01    6.30169E+02
 4.76759E-01    7.20099E+02
 5.00000E-01    7.68162E+02
 6.00000E-01    8.50337E+02
 6.23224E-01    8.49054E+02
 6.33687E-01    8.53656E+02
 6.56094E-01    8.81056E+02
 7.00000E-01    9.59748E+02
 7.22195E-01    9.73522E+02
 7.50629E-01    9.96006E+02
 8.00000E-01    1.05646E+03
 8.37605E-01    1.08155E+03
 8.90018E-01    1.11859E+03
 9.00000E-01    1.13550E+03
 9.98816E-01    1.20778E+03
 1.00000E+00    1.21172E+03
 1.05240E+00    1.23226E+03
 1.10307E+00    1.26478E+03
 1.13168E+00    1.28848E+03
 1.19079E+00    1.34285E+03
 1.20000E+00    1.35593E+03
 1.22813E+00    1.35565E+03
 1.23868E+00    1.35726E+03
 1.24489E+00    1.35928E+03
 1.27667E+00    1.37175E+03
 1.28510E+00    1.37521E+03
 1.32948E+00    1.40132E+03
 1.35267E+00    1.41961E+03
 1.36093E+00    1.42798E+03
 1.37481E+00    1.44477E+03
 1.38593E+00    1.46112E+03
 1.40000E+00    1.48486E+03
 1.41296E+00    1.48768E+03
 1.42443E+00    1.49148E+03
 1.60000E+00    1.59118E+03
 1.80000E+00    1.66225E+03
 2.00000E+00    1.71923E+03
 2.20000E+00    1.77186E+03
 2.40000E+00    1.82424E+03
 2.60000E+00    1.87972E+03
 2.80000E+00    1.94058E+03
 3.00000E+00    2.00591E+03
 3.20000E+00    2.07095E+03
 3.40000E+00    2.13221E+03
 3.60000E+00    2.18661E+03
 3.80000E+00    2.23017E+03
 4.00000E+00    2.26136E+03
 4.20000E+00    2.28078E+03
 4.40000E+00    2.28996E+03
 4.60000E+00    2.29012E+03
 4.80000E+00    2.28257E+03
 5.00000E+00    2.26926E+03
 5.20000E+00    2.25182E+03
 5.40000E+00    2.23189E+03
 5.60000E+00    2.21042E+03
 5.80000E+00    2.18852E+03
 6.00000E+00    2.16715E+03
 6.20000E+00    2.14722E+03
 6.40000E+00    2.12920E+03
 6.60000E+00    2.11336E+03
 6.80000E+00    2.09979E+03
 7.00000E+00    2.08861E+03
 7.20000E+00    2.07987E+03
 7.40000E+00    2.07331E+03
 7.60000E+00    2.06842E+03
 7.80000E+00    2.06540E+03
 8.00000E+00    2.06345E+03
 8.50000E+00    2.06236E+03
 9.00000E+00    2.06289E+03
 9.50000E+00    2.08242E+03
 1.00000E+01    2.34467E+03
 1.05000E+01    2.66241E+03
 1.10000E+01    2.92427E+03
 1.15000E+01    3.10625E+03
 1.20000E+01    3.22740E+03
 1.25000E+01    3.30553E+03
 1.30000E+01    3.35418E+03
 1.35000E+01    3.38790E+03
 1.40000E+01    3.41418E+03
 1.45000E+01    3.43982E+03
 1.50000E+01    3.46829E+03
 1.60000E+01    3.51507E+03
 1.70000E+01    3.53568E+03
 1.80000E+01    3.59809E+03
 1.90000E+01    3.78423E+03
 2.00000E+01    4.04154E+03
 2.10000E+01    4.10299E+03
 2.20000E+01    4.13483E+03
 2.30000E+01    4.15685E+03
 2.40000E+01    4.16588E+03
 2.50000E+01    4.15882E+03
 2.60000E+01    4.15861E+03
 2.70000E+01    4.16470E+03
 2.80000E+01    4.16872E+03
 2.90000E+01    4.20653E+03
 3.00000E+01    4.25977E+03
 3.00000E+01    3.94062E+03
 3.20000E+01    4.43241E+03
 3.40000E+01    4.58935E+03
 3.60000E+01    4.70038E+03
 3.80000E+01    4.76918E+03
 4.00000E+01    4.85244E+03
 4.20000E+01    4.95810E+03
 4.40000E+01    5.05056E+03
 4.60000E+01    5.12213E+03
 4.80000E+01    5.17249E+03
 5.00000E+01    5.21004E+03
 5.20000E+01    5.26413E+03
 5.40000E+01    5.30990E+03
 5.60000E+01    5.35481E+03
 5.80000E+01    5.40078E+03
 6.00000E+01    5.44324E+03
 6.50000E+01    5.53474E+03
 7.00000E+01    5.59744E+03
 7.50000E+01    5.65069E+03
 8.00000E+01    5.70208E+03
 9.00000E+01    5.81449E+03
 1.00000E+02    6.05697E+03
 1.10000E+02    6.59155E+03
 1.20000E+02    7.22268E+03
 1.30000E+02    7.95102E+03
 1.40000E+02    8.74746E+03
 1.50000E+02    9.54401E+03
 1.60000E+02    1.03628E+04
 1.80000E+02    1.22394E+04
 2.00000E+02    1.37322E+04
