# p + Hg  0 : (p,n')
# tendl.2019 A.J. Koning                       EVAL-OCT19
# uncertainties: y
# # energies =    56
#   E(MeV)          xs(mb) 
 1.27039E+00    4.83506E-13
 1.60321E+00    1.29857E-11
 1.96637E+00    5.26234E-11
 2.00000E+00    5.62942E-11
 2.19416E+00    1.17462E-07
 2.37440E+00    3.34538E-07
 2.41096E+00    3.92625E-07
 2.43362E+00    4.28628E-07
 2.51475E+00    5.57531E-07
 2.53465E+00    5.89149E-07
 2.55390E+00    6.19734E-07
 2.56697E+00    6.40500E-07
 3.00000E+00    3.11105E-06
 4.00000E+00    1.20187E-03
 5.00000E+00    5.61672E-02
 6.00000E+00    8.15254E-01
 7.00000E+00    5.84483E+00
 8.00000E+00    2.50072E+01
 9.00000E+00    7.02700E+01
 1.00000E+01    1.34527E+02
 1.10000E+01    1.85584E+02
 1.20000E+01    1.88800E+02
 1.30000E+01    1.57153E+02
 1.40000E+01    1.23048E+02
 1.50000E+01    9.78042E+01
 1.60000E+01    8.14453E+01
 1.70000E+01    7.19284E+01
 1.80000E+01    6.68274E+01
 1.90000E+01    6.42343E+01
 2.00000E+01    6.28818E+01
 2.20000E+01    6.12558E+01
 2.40000E+01    5.92460E+01
 2.60000E+01    5.68676E+01
 2.80000E+01    5.43721E+01
 3.00000E+01    5.17849E+01
 3.00000E+01    5.17849E+01
 3.50000E+01    4.23951E+01
 4.00000E+01    3.68664E+01
 4.50000E+01    3.22467E+01
 5.00000E+01    2.80219E+01
 5.50000E+01    2.43454E+01
 6.00000E+01    2.13619E+01
 6.50000E+01    1.85488E+01
 7.00000E+01    1.62445E+01
 7.50000E+01    1.42840E+01
 8.00000E+01    1.27008E+01
 9.00000E+01    1.01726E+01
 1.00000E+02    8.41981E+00
 1.10000E+02    7.13559E+00
 1.20000E+02    6.14994E+00
 1.30000E+02    5.39585E+00
 1.40000E+02    4.79349E+00
 1.50000E+02    4.28558E+00
 1.60000E+02    3.87030E+00
 1.80000E+02    3.23964E+00
 2.00000E+02    2.78528E+00
