# n + Se 78 : (n,n'27)  
# tendl.2019 A.J. Koning and D. Rochman        EVAL-NOV19
# uncertainties: n
# # energies =    59
#   E(MeV)       xs(mb) 
 2.87524E+00    0.00000E+00
 2.90120E+00    5.57601E+00
 2.92731E+00    1.11842E+01
 2.93565E+00    1.29756E+01
 3.00000E+00    2.67975E+01
 3.20000E+00    4.46266E+01
 3.40000E+00    4.61530E+01
 3.60000E+00    4.08229E+01
 3.80000E+00    3.52757E+01
 4.00000E+00    3.01237E+01
 4.20000E+00    2.52829E+01
 4.40000E+00    2.09015E+01
 4.60000E+00    1.69283E+01
 4.80000E+00    1.36765E+01
 5.00000E+00    1.10313E+01
 5.20000E+00    8.88764E+00
 5.40000E+00    7.21986E+00
 5.60000E+00    5.98427E+00
 5.80000E+00    5.04691E+00
 6.00000E+00    4.29462E+00
 6.20000E+00    3.68142E+00
 6.40000E+00    3.18141E+00
 6.60000E+00    2.77319E+00
 6.80000E+00    2.43930E+00
 7.00000E+00    2.16641E+00
 7.20000E+00    1.94108E+00
 7.40000E+00    1.75719E+00
 7.60000E+00    1.60277E+00
 7.80000E+00    1.47526E+00
 8.00000E+00    1.37070E+00
 8.50000E+00    1.17731E+00
 9.00000E+00    1.05089E+00
 9.50000E+00    9.65368E-01
 1.00000E+01    9.05528E-01
 1.05000E+01    8.62025E-01
 1.10000E+01    8.28885E-01
 1.15000E+01    8.02123E-01
 1.20000E+01    7.79183E-01
 1.25000E+01    7.58514E-01
 1.30000E+01    7.39316E-01
 1.35000E+01    7.21280E-01
 1.40000E+01    7.04346E-01
 1.45000E+01    6.88505E-01
 1.50000E+01    6.73688E-01
 1.60000E+01    6.46426E-01
 1.70000E+01    6.20885E-01
 1.80000E+01    5.96157E-01
 1.90000E+01    5.72467E-01
 2.00000E+01    5.50523E-01
 2.10000E+01    5.30902E-01
 2.20000E+01    5.13834E-01
 2.30000E+01    4.99112E-01
 2.40000E+01    4.86139E-01
 2.50000E+01    4.74102E-01
 2.60000E+01    4.62264E-01
 2.70000E+01    4.50193E-01
 2.80000E+01    4.37826E-01
 2.90000E+01    4.25392E-01
 3.00000E+01    4.13221E-01
