# n + Se 78 : (n,2n)g   
# tendl.2019 A.J. Koning and D. Rochman        EVAL-NOV19
# uncertainties: y
# # energies =    55
#   E(MeV)       xs(mb)       xslow(mb)      xsupp(mb)
 1.06337E+01    0.00000E+00    0.00000E+00    0.00000E+00
 1.10000E+01    2.00918E+01    0.00000E+00    0.00000E+00
 1.15000E+01    7.09831E+01    0.00000E+00    0.00000E+00
 1.20000E+01    1.27030E+02    0.00000E+00    0.00000E+00
 1.25000E+01    1.79496E+02    0.00000E+00    0.00000E+00
 1.30000E+01    2.23375E+02    0.00000E+00    0.00000E+00
 1.35000E+01    2.57301E+02    0.00000E+00    0.00000E+00
 1.40000E+01    2.79269E+02    0.00000E+00    0.00000E+00
 1.45000E+01    2.94218E+02    0.00000E+00    0.00000E+00
 1.50000E+01    3.03558E+02    0.00000E+00    0.00000E+00
 1.60000E+01    3.09723E+02    0.00000E+00    0.00000E+00
 1.70000E+01    3.04570E+02    0.00000E+00    0.00000E+00
 1.80000E+01    2.95313E+02    0.00000E+00    0.00000E+00
 1.90000E+01    2.81874E+02    0.00000E+00    0.00000E+00
 2.00000E+01    2.58526E+02    0.00000E+00    0.00000E+00
 2.10000E+01    2.26753E+02    0.00000E+00    0.00000E+00
 2.20000E+01    1.91175E+02    0.00000E+00    0.00000E+00
 2.30000E+01    1.59154E+02    0.00000E+00    0.00000E+00
 2.40000E+01    1.32874E+02    0.00000E+00    0.00000E+00
 2.50000E+01    1.12828E+02    0.00000E+00    0.00000E+00
 2.60000E+01    9.74369E+01    0.00000E+00    0.00000E+00
 2.70000E+01    8.63495E+01    0.00000E+00    0.00000E+00
 2.80000E+01    7.80006E+01    0.00000E+00    0.00000E+00
 2.90000E+01    7.14933E+01    0.00000E+00    0.00000E+00
 3.00000E+01    6.64482E+01    0.00000E+00    0.00000E+00
 3.00000E+01    6.65470E+01    0.00000E+00    0.00000E+00
 3.20000E+01    5.90388E+01    0.00000E+00    0.00000E+00
 3.40000E+01    5.35305E+01    0.00000E+00    0.00000E+00
 3.60000E+01    4.92975E+01    0.00000E+00    0.00000E+00
 3.80000E+01    4.60213E+01    0.00000E+00    0.00000E+00
 4.00000E+01    4.27939E+01    0.00000E+00    0.00000E+00
 4.20000E+01    3.96348E+01    0.00000E+00    0.00000E+00
 4.40000E+01    3.72327E+01    0.00000E+00    0.00000E+00
 4.60000E+01    3.48698E+01    0.00000E+00    0.00000E+00
 4.80000E+01    3.28165E+01    0.00000E+00    0.00000E+00
 5.00000E+01    3.06129E+01    0.00000E+00    0.00000E+00
 5.20000E+01    2.89697E+01    0.00000E+00    0.00000E+00
 5.40000E+01    2.73818E+01    0.00000E+00    0.00000E+00
 5.60000E+01    2.64430E+01    0.00000E+00    0.00000E+00
 5.80000E+01    2.60542E+01    0.00000E+00    0.00000E+00
 6.00000E+01    2.51581E+01    0.00000E+00    0.00000E+00
 6.50000E+01    2.25169E+01    0.00000E+00    0.00000E+00
 7.00000E+01    2.05138E+01    0.00000E+00    0.00000E+00
 7.50000E+01    1.85325E+01    0.00000E+00    0.00000E+00
 8.00000E+01    1.71100E+01    0.00000E+00    0.00000E+00
 9.00000E+01    1.45842E+01    0.00000E+00    0.00000E+00
 1.00000E+02    1.26413E+01    0.00000E+00    0.00000E+00
 1.10000E+02    1.12467E+01    0.00000E+00    0.00000E+00
 1.20000E+02    1.00949E+01    0.00000E+00    0.00000E+00
 1.30000E+02    8.96432E+00    0.00000E+00    0.00000E+00
 1.40000E+02    8.06723E+00    0.00000E+00    0.00000E+00
 1.50000E+02    7.33237E+00    0.00000E+00    0.00000E+00
 1.60000E+02    6.56730E+00    0.00000E+00    0.00000E+00
 1.80000E+02    5.50047E+00    0.00000E+00    0.00000E+00
 2.00000E+02    4.62679E+00    0.00000E+00    0.00000E+00
