# n + Li  7 : (n,el)    
# irdff2.0   P.G.Young                         EVAL-AUG88
# uncertainties: n
# # energies =   171
#   E(MeV)       xs(mb) 
 1.00000E-11    4.76957E+03
 1.00000E-07    9.81424E+02
 4.13990E-07    9.78190E+02
 5.31580E-07    9.78790E+02
 6.82560E-07    9.79561E+02
 8.76420E-07    9.80551E+02
 1.12540E-06    9.81784E+02
 1.44500E-06    9.82700E+02
 1.85540E-06    9.83610E+02
 2.37240E-06    9.84789E+02
 3.05900E-06    9.86316E+02
 3.92790E-06    9.88263E+02
 5.04350E-06    9.90762E+02
 6.47600E-06    9.93972E+02
 8.31530E-06    9.98091E+02
 1.06770E-05    1.00086E+03
 1.37100E-05    1.00197E+03
 1.76030E-05    1.00339E+03
 2.26030E-05    1.00524E+03
 2.92030E-05    1.00758E+03
 3.72670E-05    1.01056E+03
 4.78510E-05    1.01442E+03
 6.14420E-05    1.01937E+03
 7.88930E-05    1.02574E+03
 1.01300E-04    1.03049E+03
 1.30070E-04    1.03159E+03
 1.67020E-04    1.03296E+03
 2.14450E-04    1.03473E+03
 2.75360E-04    1.03700E+03
 3.53580E-04    1.03992E+03
 4.54000E-04    1.04366E+03
 5.82950E-04    1.04846E+03
 7.48520E-04    1.05463E+03
 9.61120E-04    1.05980E+03
 1.23410E-03    1.05995E+03
 1.58460E-03    1.05990E+03
 2.03470E-03    1.05986E+03
 2.24870E-03    1.05983E+03
 2.48520E-03    1.05981E+03
 2.61260E-03    1.05979E+03
 2.74650E-03    1.05976E+03
 3.03540E-03    1.05972E+03
 3.35460E-03    1.05968E+03
 3.70740E-03    1.05962E+03
 4.30740E-03    1.05951E+03
 5.53080E-03    1.05933E+03
 7.10170E-03    1.05910E+03
 9.11880E-03    1.05881E+03
 1.17090E-02    1.05739E+03
 1.50340E-02    1.05447E+03
 1.93050E-02    1.05178E+03
 2.18750E-02    1.05012E+03
 2.35790E-02    1.04922E+03
 2.41760E-02    1.04876E+03
 2.47880E-02    1.04803E+03
 2.60580E-02    1.04718E+03
 2.70000E-02    1.04624E+03
 2.85000E-02    1.04439E+03
 3.18280E-02    1.04214E+03
 3.43070E-02    1.03871E+03
 4.08680E-02    1.03404E+03
 4.63090E-02    1.02956E+03
 5.24750E-02    1.02488E+03
 5.65620E-02    1.01705E+03
 6.73790E-02    1.00865E+03
 7.20000E-02    1.00260E+03
 7.95000E-02    9.98149E+02
 8.25000E-02    9.95282E+02
 8.65170E-02    9.89162E+02
 9.80370E-02    9.82697E+02
 1.11090E-01    9.81075E+02
 1.16790E-01    9.80556E+02
 1.22770E-01    9.82124E+02
 1.29070E-01    9.84195E+02
 1.35690E-01    9.86528E+02
 1.42640E-01    9.93032E+02
 1.49960E-01    1.00740E+03
 1.57640E-01    1.02928E+03
 1.65730E-01    1.05613E+03
 1.74220E-01    1.09134E+03
 1.83160E-01    1.20754E+03
 1.92550E-01    1.35726E+03
 2.02420E-01    1.61423E+03
 2.12800E-01    2.01825E+03
 2.23710E-01    3.19387E+03
 2.35180E-01    5.70664E+03
 2.47240E-01    1.00371E+04
 2.73240E-01    6.41399E+03
 2.87250E-01    4.36064E+03
 2.94520E-01    3.71690E+03
 2.97200E-01    3.47146E+03
 2.98500E-01    3.21519E+03
 3.01970E-01    2.34493E+03
 3.33730E-01    1.58376E+03
 3.68830E-01    1.35571E+03
 3.87740E-01    1.25517E+03
 4.07620E-01    1.16663E+03
 4.50490E-01    1.07493E+03
 4.97870E-01    1.03149E+03
 5.23400E-01    1.02371E+03
 5.50230E-01    1.01104E+03
 5.78440E-01    1.00336E+03
 6.08100E-01    1.00424E+03
 6.39280E-01    1.00939E+03
 6.72060E-01    1.01903E+03
 7.06510E-01    1.03932E+03
 7.42740E-01    1.06994E+03
 7.80820E-01    1.11114E+03
 8.20850E-01    1.15756E+03
 8.62940E-01    1.20944E+03
 9.07180E-01    1.27771E+03
 9.61640E-01    1.34733E+03
 1.00260E+00    1.42579E+03
 1.10800E+00    1.47661E+03
 1.16480E+00    1.49283E+03
 1.22460E+00    1.50217E+03
 1.28730E+00    1.50825E+03
 1.35340E+00    1.51045E+03
 1.42270E+00    1.50390E+03
 1.49570E+00    1.49356E+03
 1.57240E+00    1.48027E+03
 1.65300E+00    1.47012E+03
 1.73770E+00    1.47418E+03
 1.82680E+00    1.49491E+03
 1.92050E+00    1.52660E+03
 2.01900E+00    1.56429E+03
 2.12250E+00    1.60590E+03
 2.23130E+00    1.64230E+03
 2.30690E+00    1.66489E+03
 2.34570E+00    1.67640E+03
 2.36530E+00    1.68418E+03
 2.38520E+00    1.70392E+03
 2.46600E+00    1.74140E+03
 2.59240E+00    1.77666E+03
 2.72530E+00    1.80148E+03
 2.86500E+00    1.82017E+03
 3.01190E+00    1.83277E+03
 3.16640E+00    1.83668E+03
 3.32870E+00    1.85563E+03
 3.67880E+00    1.97312E+03
 4.06570E+00    2.17392E+03
 4.49330E+00    2.22892E+03
 4.72370E+00    2.16626E+03
 4.96590E+00    2.01410E+03
 5.22050E+00    1.74783E+03
 5.48810E+00    1.60162E+03
 5.76950E+00    1.59901E+03
 6.06530E+00    1.55301E+03
 6.37630E+00    1.50007E+03
 6.59240E+00    1.46781E+03
 6.70320E+00    1.42697E+03
 7.04690E+00    1.36458E+03
 7.40820E+00    1.31926E+03
 7.78800E+00    1.30485E+03
 8.18730E+00    1.27935E+03
 8.60710E+00    1.26608E+03
 9.04840E+00    1.24909E+03
 9.51230E+00    1.21942E+03
 1.00000E+01    1.18644E+03
 1.05130E+01    1.15462E+03
 1.10520E+01    1.12616E+03
 1.16180E+01    1.10506E+03
 1.22140E+01    1.08192E+03
 1.28400E+01    1.05344E+03
 1.34990E+01    1.02707E+03
 1.38400E+01    1.01080E+03
 1.41910E+01    9.99141E+02
 1.45500E+01    9.88668E+02
 1.49180E+01    9.74924E+02
 1.56830E+01    9.58843E+02
 1.64870E+01    9.40276E+02
