# n + Nd143 : (n,n'21)  
# jendl4.0   N.Iwamoto,A.Zukeran,K.Shibata     EVAL-Dec09
# uncertainties: n
# # energies =    58
#   E(MeV)       xs(mb) 
 2.00225E+00    0.00000E+00
 2.01049E+00    2.46070E+01
 2.01882E+00    3.23997E+01
 2.02550E+00    3.68673E+01
 2.03312E+00    4.07333E+01
 2.03345E+00    4.08821E+01
 2.04997E+00    4.71834E+01
 2.07842E+00    5.43717E+01
 2.08143E+00    5.48979E+01
 2.08864E+00    5.52773E+01
 2.08978E+00    5.54131E+01
 2.10536E+00    5.54046E+01
 2.10917E+00    5.56408E+01
 2.11583E+00    5.48904E+01
 2.14082E+00    5.56885E+01
 2.14950E+00    5.60694E+01
 2.15208E+00    5.58715E+01
 2.16306E+00    5.60686E+01
 2.18892E+00    5.70852E+01
 2.19841E+00    5.74821E+01
 2.25000E+00    5.85997E+01
 2.50000E+00    6.30406E+01
 2.75000E+00    5.55725E+01
 3.00000E+00    4.83121E+01
 3.50000E+00    2.59587E+01
 4.00000E+00    1.22786E+01
 4.50000E+00    5.74569E+00
 5.00000E+00    2.72778E+00
 5.50000E+00    1.33114E+00
 6.00000E+00    6.89202E-01
 6.50000E+00    3.93821E-01
 7.00000E+00    2.55739E-01
 7.50000E+00    1.88944E-01
 8.00000E+00    1.54834E-01
 8.50000E+00    1.36049E-01
 9.00000E+00    1.24558E-01
 9.50000E+00    1.16525E-01
 1.00000E+01    1.10115E-01
 1.05000E+01    1.04552E-01
 1.10000E+01    9.93193E-02
 1.15000E+01    9.45828E-02
 1.20000E+01    9.00211E-02
 1.25000E+01    8.59678E-02
 1.30000E+01    8.21384E-02
 1.35000E+01    7.87879E-02
 1.40000E+01    7.56108E-02
 1.45000E+01    7.28006E-02
 1.50000E+01    7.01010E-02
 1.55000E+01    6.76754E-02
 1.60000E+01    6.53695E-02
 1.65000E+01    6.32184E-02
 1.70000E+01    6.11692E-02
 1.75000E+01    5.91283E-02
 1.80000E+01    5.71941E-02
 1.85000E+01    5.52562E-02
 1.90000E+01    5.34345E-02
 1.95000E+01    5.15396E-02
 2.00000E+01    4.97750E-02
