# n + Cr 50 : (n,a)     
# endfb8.0   S.Chiba,M.Chadwick,D.Hetrick      EVAL-OCT97
# uncertainties: y
# # energies =    26
#   E(MeV)       xs(mb)       xslow(mb)      xsupp(mb)
 2.25000E+00    0.00000E+00    0.00000E+00    0.00000E+00
 2.25000E+00    6.10250E-05    6.10250E-05    6.10250E-05
 2.50000E+00    1.63450E-03    1.63450E-03    1.63450E-03
 2.75000E+00    8.94410E-03    8.94410E-03    8.94410E-03
 3.00000E+00    4.03580E-02    4.03580E-02    4.03580E-02
 3.50000E+00    4.11090E-01    4.11090E-01    4.11090E-01
 4.00000E+00    2.37610E+00    2.37610E+00    2.37610E+00
 4.50000E+00    8.54120E+00    8.54120E+00    8.54120E+00
 5.00000E+00    2.12460E+01    2.12460E+01    2.12460E+01
 5.50000E+00    3.91890E+01    3.91890E+01    3.91890E+01
 6.00000E+00    5.58270E+01    5.58270E+01    5.58270E+01
 6.50000E+00    6.70980E+01    6.70980E+01    6.70980E+01
 7.00000E+00    7.28330E+01    7.28330E+01    7.28330E+01
 7.50000E+00    7.60050E+01    7.60050E+01    7.60050E+01
 8.00000E+00    7.76590E+01    7.76590E+01    7.76590E+01
 8.50000E+00    7.84470E+01    7.84470E+01    7.84470E+01
 9.00000E+00    7.90060E+01    7.90060E+01    7.90060E+01
 9.50000E+00    7.92680E+01    7.92680E+01    7.92680E+01
 1.00000E+01    7.95300E+01    7.95300E+01    7.95300E+01
 1.10000E+01    8.15360E+01    8.15360E+01    8.15360E+01
 1.20000E+01    8.41510E+01    8.41510E+01    8.41510E+01
 1.30000E+01    8.77530E+01    8.77530E+01    8.77530E+01
 1.45000E+01    9.11570E+01    9.11570E+01    9.11570E+01
 1.60000E+01    8.14020E+01    8.14020E+01    8.14020E+01
 1.75000E+01    5.87960E+01    5.87960E+01    5.87960E+01
 2.00000E+01    2.68700E+01    2.68700E+01    2.68700E+01
