# n + Mg 25 : (n,g)     
# tendl.2019 A.J. Koning and D. Rochman        EVAL-NOV19
# uncertainties: y
# # energies =   655
#   E(MeV)       xs(mb)       xslow(mb)      xsupp(mb)
 1.00000E-11    9.89393E+03    9.21641E+03    1.05715E+04
 1.04713E-11    9.66877E+03    9.00667E+03    1.03309E+04
 1.09648E-11    9.44859E+03    8.80156E+03    1.00956E+04
 1.14815E-11    9.23363E+03    8.60132E+03    9.86594E+03
 1.20226E-11    9.02331E+03    8.40541E+03    9.64121E+03
 1.25893E-11    8.81805E+03    8.21421E+03    9.42190E+03
 1.31826E-11    8.61720E+03    8.02710E+03    9.20729E+03
 1.38038E-11    8.42116E+03    7.84449E+03    8.99783E+03
 1.44544E-11    8.22939E+03    7.66585E+03    8.79292E+03
 1.51356E-11    8.04212E+03    7.49141E+03    8.59283E+03
 1.58489E-11    7.85905E+03    7.32087E+03    8.39722E+03
 1.65959E-11    7.68012E+03    7.15420E+03    8.20605E+03
 1.73780E-11    7.50536E+03    6.99141E+03    8.01932E+03
 1.81970E-11    7.33443E+03    6.83218E+03    7.83668E+03
 1.90546E-11    7.16758E+03    6.67676E+03    7.65841E+03
 1.99526E-11    7.00432E+03    6.52467E+03    7.48396E+03
 2.08930E-11    6.84499E+03    6.37625E+03    7.31372E+03
 2.18776E-11    6.68908E+03    6.23102E+03    7.14714E+03
 2.29087E-11    6.53690E+03    6.08926E+03    6.98454E+03
 2.39883E-11    6.38805E+03    5.95060E+03    6.82549E+03
 2.51189E-11    6.24266E+03    5.81517E+03    6.67015E+03
 2.63027E-11    6.10057E+03    5.68281E+03    6.51833E+03
 2.75423E-11    5.96166E+03    5.55342E+03    6.36991E+03
 2.88403E-11    5.82602E+03    5.42706E+03    6.22498E+03
 3.01995E-11    5.69333E+03    5.30346E+03    6.08320E+03
 3.16228E-11    5.56382E+03    5.18281E+03    5.94482E+03
 3.31131E-11    5.43708E+03    5.06476E+03    5.80941E+03
 3.46737E-11    5.31340E+03    4.94954E+03    5.67725E+03
 3.63078E-11    5.19238E+03    4.83682E+03    5.54795E+03
 3.80189E-11    5.07424E+03    4.72677E+03    5.42172E+03
 3.98107E-11    4.95871E+03    4.61914E+03    5.29828E+03
 4.16869E-11    4.84584E+03    4.51400E+03    5.17768E+03
 4.36516E-11    4.73556E+03    4.41127E+03    5.05984E+03
 4.57088E-11    4.62772E+03    4.31082E+03    4.94462E+03
 4.78630E-11    4.52244E+03    4.21275E+03    4.83213E+03
 5.01187E-11    4.41943E+03    4.11679E+03    4.72206E+03
 5.24807E-11    4.31890E+03    4.02314E+03    4.61465E+03
 5.49541E-11    4.22052E+03    3.93150E+03    4.50954E+03
 5.75440E-11    4.12451E+03    3.84207E+03    4.40695E+03
 6.02560E-11    4.03058E+03    3.75457E+03    4.30659E+03
 6.30957E-11    3.93886E+03    3.66913E+03    4.20859E+03
 6.60693E-11    3.84919E+03    3.58560E+03    4.11278E+03
 6.91831E-11    3.76156E+03    3.50398E+03    4.01915E+03
 7.24436E-11    3.67597E+03    3.42424E+03    3.92769E+03
 7.58578E-11    3.59225E+03    3.34626E+03    3.83824E+03
 7.94328E-11    3.51053E+03    3.27013E+03    3.75093E+03
 8.31764E-11    3.43057E+03    3.19565E+03    3.66549E+03
 8.70964E-11    3.35253E+03    3.12295E+03    3.58211E+03
 9.12011E-11    3.27617E+03    3.05182E+03    3.50052E+03
 9.54993E-11    3.20164E+03    2.98239E+03    3.42088E+03
 1.00000E-10    3.12873E+03    2.91448E+03    3.34298E+03
 1.04713E-10    3.05753E+03    2.84815E+03    3.26690E+03
 1.09648E-10    2.98793E+03    2.78332E+03    3.19254E+03
 1.14815E-10    2.91990E+03    2.71995E+03    3.11985E+03
 1.20226E-10    2.85346E+03    2.65806E+03    3.04886E+03
 1.25893E-10    2.78847E+03    2.59752E+03    2.97942E+03
 1.31826E-10    2.72504E+03    2.53843E+03    2.91165E+03
 1.38038E-10    2.66297E+03    2.48061E+03    2.84532E+03
 1.44544E-10    2.60239E+03    2.42418E+03    2.78060E+03
 1.51356E-10    2.54312E+03    2.36897E+03    2.71727E+03
 1.58489E-10    2.48526E+03    2.31507E+03    2.65544E+03
 1.65959E-10    2.42867E+03    2.26236E+03    2.59498E+03
 1.73780E-10    2.37339E+03    2.21086E+03    2.53592E+03
 1.81970E-10    2.31937E+03    2.16055E+03    2.47820E+03
 1.90546E-10    2.26656E+03    2.11135E+03    2.42177E+03
 1.99526E-10    2.21499E+03    2.06331E+03    2.36667E+03
 2.08930E-10    2.16454E+03    2.01632E+03    2.31277E+03
 2.18776E-10    2.11530E+03    1.97045E+03    2.26016E+03
 2.29087E-10    2.06712E+03    1.92557E+03    2.20868E+03
 2.39883E-10    2.02010E+03    1.88176E+03    2.15843E+03
 2.51189E-10    1.97409E+03    1.83891E+03    2.10927E+03
 2.63027E-10    1.92917E+03    1.79706E+03    2.06128E+03
 2.75423E-10    1.88525E+03    1.75615E+03    2.01435E+03
 2.88403E-10    1.84234E+03    1.71617E+03    1.96850E+03
 3.01995E-10    1.80041E+03    1.67712E+03    1.92370E+03
 3.16228E-10    1.75941E+03    1.63893E+03    1.87989E+03
 3.31131E-10    1.71938E+03    1.60164E+03    1.83712E+03
 3.46737E-10    1.68022E+03    1.56516E+03    1.79528E+03
 3.63078E-10    1.64200E+03    1.52956E+03    1.75444E+03
 3.80189E-10    1.60460E+03    1.49472E+03    1.71448E+03
 3.98107E-10    1.56809E+03    1.46071E+03    1.67547E+03
 4.16869E-10    1.53238E+03    1.42745E+03    1.63732E+03
 4.36516E-10    1.49751E+03    1.39496E+03    1.60006E+03
 4.57088E-10    1.46342E+03    1.36321E+03    1.56364E+03
 4.78630E-10    1.43011E+03    1.33217E+03    1.52804E+03
 5.01187E-10    1.39756E+03    1.30186E+03    1.49327E+03
 5.24807E-10    1.36573E+03    1.27221E+03    1.45926E+03
 5.49541E-10    1.33467E+03    1.24327E+03    1.42606E+03
 5.75440E-10    1.30427E+03    1.21495E+03    1.39358E+03
 6.02560E-10    1.27460E+03    1.18731E+03    1.36188E+03
 6.30957E-10    1.24557E+03    1.16027E+03    1.33086E+03
 6.60693E-10    1.21723E+03    1.13387E+03    1.30058E+03
 6.91831E-10    1.18951E+03    1.10805E+03    1.27097E+03
 7.24436E-10    1.16244E+03    1.08284E+03    1.24204E+03
 7.58578E-10    1.13598E+03    1.05819E+03    1.21377E+03
 7.94328E-10    1.11011E+03    1.03409E+03    1.18613E+03
 8.31764E-10    1.08486E+03    1.01057E+03    1.15915E+03
 8.70964E-10    1.06015E+03    9.87549E+02    1.13274E+03
 9.12011E-10    1.03603E+03    9.65085E+02    1.10698E+03
 9.54993E-10    1.01243E+03    9.43102E+02    1.08176E+03
 1.00000E-09    9.89401E+02    9.21648E+02    1.05715E+03
 1.04713E-09    9.66867E+02    9.00658E+02    1.03308E+03
 1.09648E-09    9.44868E+02    8.80165E+02    1.00957E+03
 1.14815E-09    9.23356E+02    8.60126E+02    9.86586E+02
 1.20226E-09    9.02337E+02    8.40547E+02    9.64128E+02
 1.25892E-09    8.81802E+02    8.21418E+02    9.42187E+02
 1.31826E-09    8.61721E+02    8.02712E+02    9.20731E+02
 1.38038E-09    8.42117E+02    7.84450E+02    8.99784E+02
 1.44544E-09    8.22936E+02    7.66582E+02    8.79289E+02
 1.51356E-09    8.04216E+02    7.49145E+02    8.59288E+02
 1.58489E-09    7.85898E+02    7.32081E+02    8.39715E+02
 1.65959E-09    7.68019E+02    7.15426E+02    8.20612E+02
 1.73780E-09    7.50529E+02    6.99134E+02    8.01924E+02
 1.81970E-09    7.33450E+02    6.83224E+02    7.83676E+02
 1.90546E-09    7.16754E+02    6.67671E+02    7.65836E+02
 1.99526E-09    7.00436E+02    6.52471E+02    7.48401E+02
 2.08930E-09    6.84497E+02    6.37624E+02    7.31371E+02
 2.18776E-09    6.68908E+02    6.23102E+02    7.14714E+02
 2.29087E-09    6.53691E+02    6.08927E+02    6.98455E+02
 2.39883E-09    6.38801E+02    5.95057E+02    6.82546E+02
 2.51189E-09    6.24270E+02    5.81521E+02    6.67020E+02
 2.63027E-09    6.10051E+02    5.68276E+02    6.51827E+02
 2.75423E-09    5.96172E+02    5.55347E+02    6.36997E+02
 2.88403E-09    5.82597E+02    5.42701E+02    6.22492E+02
 3.01995E-09    5.69338E+02    5.30350E+02    6.08325E+02
 3.16228E-09    5.56379E+02    5.18279E+02    5.94479E+02
 3.31131E-09    5.43710E+02    5.06478E+02    5.80943E+02
 3.46737E-09    5.31340E+02    4.94954E+02    5.67725E+02
 3.63078E-09    5.19238E+02    4.83681E+02    5.54794E+02
 3.80189E-09    5.07426E+02    4.72678E+02    5.42174E+02
 3.98107E-09    4.95868E+02    4.61911E+02    5.29824E+02
 4.16869E-09    4.84588E+02    4.51404E+02    5.17772E+02
 4.36516E-09    4.73551E+02    4.41123E+02    5.05979E+02
 4.57088E-09    4.62777E+02    4.31086E+02    4.94467E+02
 4.78630E-09    4.52240E+02    4.21271E+02    4.83209E+02
 5.01187E-09    4.41946E+02    4.11682E+02    4.72210E+02
 5.24807E-09    4.31888E+02    4.02313E+02    4.61463E+02
 5.49541E-09    4.22053E+02    3.93152E+02    4.50955E+02
 5.75440E-09    4.12451E+02    3.84207E+02    4.40695E+02
 6.02560E-09    4.03057E+02    3.75456E+02    4.30657E+02
 6.30957E-09    3.93888E+02    3.66915E+02    4.20861E+02
 6.60693E-09    3.84916E+02    3.58558E+02    4.11275E+02
 6.91831E-09    3.76160E+02    3.50401E+02    4.01919E+02
 7.24436E-09    3.67593E+02    3.42421E+02    3.92766E+02
 7.58578E-09    3.59229E+02    3.34629E+02    3.83828E+02
 7.94328E-09    3.51051E+02    3.27011E+02    3.75090E+02
 8.31764E-09    3.43059E+02    3.19567E+02    3.66551E+02
 8.70964E-09    3.35252E+02    3.12295E+02    3.58210E+02
 9.12011E-09    3.27617E+02    3.05182E+02    3.50052E+02
 9.54993E-09    3.20164E+02    2.98240E+02    3.42089E+02
 1.00000E-08    3.12872E+02    2.91447E+02    3.34297E+02
 1.04713E-08    3.05755E+02    2.84817E+02    3.26692E+02
 1.09648E-08    2.98790E+02    2.78330E+02    3.19251E+02
 1.14815E-08    2.91993E+02    2.71998E+02    3.11988E+02
 1.20226E-08    2.85344E+02    2.65804E+02    3.04884E+02
 1.25893E-08    2.78850E+02    2.59755E+02    2.97945E+02
 1.31826E-08    2.72503E+02    2.53842E+02    2.91163E+02
 1.38038E-08    2.66298E+02    2.48062E+02    2.84534E+02
 1.44544E-08    2.60239E+02    2.42418E+02    2.78060E+02
 1.51356E-08    2.54312E+02    2.36897E+02    2.71727E+02
 1.58489E-08    2.48527E+02    2.31508E+02    2.65546E+02
 1.65959E-08    2.42866E+02    2.26235E+02    2.59497E+02
 1.73780E-08    2.37341E+02    2.21088E+02    2.53594E+02
 1.81970E-08    2.31936E+02    2.16053E+02    2.47818E+02
 1.90546E-08    2.26659E+02    2.11137E+02    2.42180E+02
 1.99526E-08    2.21498E+02    2.06330E+02    2.36666E+02
 2.08930E-08    2.16456E+02    2.01634E+02    2.31279E+02
 2.18776E-08    2.11530E+02    1.97045E+02    2.26015E+02
 2.29087E-08    2.06713E+02    1.92558E+02    2.20869E+02
 2.39883E-08    2.02010E+02    1.88177E+02    2.15844E+02
 2.51189E-08    1.97409E+02    1.83890E+02    2.10927E+02
 2.63027E-08    1.92919E+02    1.79710E+02    2.06127E+02
 2.75423E-08    1.88525E+02    1.75617E+02    2.01433E+02
 2.88403E-08    1.84236E+02    1.71622E+02    1.96850E+02
 3.01995E-08    1.80041E+02    1.67714E+02    1.92368E+02
 3.16228E-08    1.75944E+02    1.63898E+02    1.87990E+02
 3.31131E-08    1.71939E+02    1.60167E+02    1.83711E+02
 3.46737E-08    1.68025E+02    1.56521E+02    1.79529E+02
 3.63078E-08    1.64202E+02    1.52960E+02    1.75444E+02
 3.80189E-08    1.60462E+02    1.49476E+02    1.71449E+02
 3.98107E-08    1.56813E+02    1.46076E+02    1.67549E+02
 4.16869E-08    1.53241E+02    1.42706E+02    1.63776E+02
 4.36516E-08    1.49756E+02    1.39460E+02    1.60051E+02
 4.57088E-08    1.46345E+02    1.36284E+02    1.56406E+02
 4.78630E-08    1.43016E+02    1.33184E+02    1.52848E+02
 5.01187E-08    1.39760E+02    1.30164E+02    1.49356E+02
 5.24807E-08    1.36579E+02    1.27202E+02    1.45956E+02
 5.49541E-08    1.33471E+02    1.24307E+02    1.42635E+02
 5.75440E-08    1.30432E+02    1.21477E+02    1.39387E+02
 6.02560E-08    1.27465E+02    1.18737E+02    1.36192E+02
 6.30957E-08    1.24562E+02    1.16033E+02    1.33091E+02
 6.60693E-08    1.21729E+02    1.13394E+02    1.30063E+02
 6.91831E-08    1.18956E+02    1.10811E+02    1.27101E+02
 7.24436E-08    1.16250E+02    1.08289E+02    1.24210E+02
 7.58578E-08    1.13602E+02    1.05823E+02    1.21382E+02
 7.94328E-08    1.11017E+02    1.03415E+02    1.18619E+02
 8.31764E-08    1.08489E+02    1.01063E+02    1.15916E+02
 8.70964E-08    1.06019E+02    9.87616E+01    1.13277E+02
 9.12011E-08    1.03607E+02    9.65048E+01    1.10709E+02
 9.54993E-08    1.01247E+02    9.43069E+01    1.08187E+02
 1.00000E-07    9.89439E+01    9.21694E+01    1.05718E+02
 1.04713E-07    9.66903E+01    9.00701E+01    1.03310E+02
 1.09648E-07    9.44911E+01    8.80215E+01    1.00961E+02
 1.14815E-07    9.23392E+01    8.60169E+01    9.86614E+01
 1.20226E-07    9.02388E+01    8.40604E+01    9.64172E+01
 1.25893E-07    8.81842E+01    8.21465E+01    9.42220E+01
 1.31826E-07    8.61775E+01    8.02771E+01    9.20779E+01
 1.38038E-07    8.42160E+01    7.84499E+01    8.99821E+01
 1.44544E-07    8.22984E+01    7.66636E+01    8.79332E+01
 1.51356E-07    8.04258E+01    7.49192E+01    8.59323E+01
 1.58489E-07    7.85938E+01    7.32126E+01    8.39749E+01
 1.65959E-07    7.68057E+01    7.15470E+01    8.20645E+01
 1.73780E-07    7.50561E+01    6.99171E+01    8.01950E+01
 1.81970E-07    7.33486E+01    6.83265E+01    7.83706E+01
 1.90546E-07    7.16779E+01    6.67703E+01    7.65855E+01
 1.99526E-07    7.00470E+01    6.52511E+01    7.48430E+01
 2.08930E-07    6.84522E+01    6.37646E+01    7.31399E+01
 2.18776E-07    6.68944E+01    6.23134E+01    7.14754E+01
 2.29087E-07    6.53724E+01    6.08956E+01    6.98492E+01
 2.39883E-07    6.38842E+01    5.95094E+01    6.82591E+01
 2.51189E-07    6.24312E+01    5.81558E+01    6.67065E+01
 2.63027E-07    6.10094E+01    5.68314E+01    6.51874E+01
 2.75423E-07    5.96216E+01    5.55386E+01    6.37045E+01
 2.88403E-07    5.82634E+01    5.42735E+01    6.22533E+01
 3.01995E-07    5.69379E+01    5.30395E+01    6.08362E+01
 3.16228E-07    5.56410E+01    5.18315E+01    5.94505E+01
 3.31131E-07    5.43748E+01    5.06520E+01    5.80976E+01
 3.46737E-07    5.31368E+01    4.94987E+01    5.67749E+01
 3.63078E-07    5.19271E+01    4.83718E+01    5.54823E+01
 3.80189E-07    5.07454E+01    4.72710E+01    5.42197E+01
 3.98107E-07    4.95897E+01    4.61944E+01    5.29849E+01
 4.16869E-07    4.84615E+01    4.51417E+01    5.17813E+01
 4.36516E-07    4.73578E+01    4.41136E+01    5.06020E+01
 4.57088E-07    4.62809E+01    4.31105E+01    4.94513E+01
 4.78630E-07    4.52272E+01    4.21290E+01    4.83255E+01
 5.01187E-07    4.41988E+01    4.11726E+01    4.72250E+01
 5.24807E-07    4.31925E+01    4.02352E+01    4.61498E+01
 5.49541E-07    4.22096E+01    3.93196E+01    4.50996E+01
 5.75440E-07    4.12487E+01    3.84245E+01    4.40729E+01
 6.02560E-07    4.03095E+01    3.75496E+01    4.30694E+01
 6.30957E-07    3.93923E+01    3.66952E+01    4.20893E+01
 6.60693E-07    3.84950E+01    3.58594E+01    4.11307E+01
 6.91831E-07    3.76193E+01    3.50436E+01    4.01950E+01
 7.24436E-07    3.67624E+01    3.42448E+01    3.92800E+01
 7.58578E-07    3.59262E+01    3.34658E+01    3.83865E+01
 7.94328E-07    3.51079E+01    3.27036E+01    3.75122E+01
 8.31764E-07    3.43092E+01    3.19596E+01    3.66588E+01
 8.70964E-07    3.35280E+01    3.12319E+01    3.58241E+01
 9.12011E-07    3.27652E+01    3.05213E+01    3.50090E+01
 9.54993E-07    3.20199E+01    2.98271E+01    3.42127E+01
 1.00000E-06    3.12914E+01    2.91487E+01    3.34341E+01
 1.04713E-06    3.05806E+01    2.84866E+01    3.26747E+01
 1.09648E-06    2.98861E+01    2.78396E+01    3.19326E+01
 1.14815E-06    2.92073E+01    2.72073E+01    3.12073E+01
 1.20226E-06    2.85440E+01    2.65895E+01    3.04986E+01
 1.25893E-06    2.78956E+01    2.59854E+01    2.98058E+01
 1.31826E-06    2.72636E+01    2.53967E+01    2.91305E+01
 1.38038E-06    2.66424E+01    2.48180E+01    2.84668E+01
 1.44544E-06    2.60355E+01    2.42527E+01    2.78183E+01
 1.51356E-06    2.54513E+01    2.37085E+01    2.71941E+01
 1.58489E-06    2.48699E+01    2.31669E+01    2.65729E+01
 1.65959E-06    2.43101E+01    2.26454E+01    2.59747E+01
 1.73780E-06    2.37533E+01    2.21268E+01    2.53798E+01
 1.81970E-06    2.32170E+01    2.16272E+01    2.48068E+01
 1.90546E-06    2.26846E+01    2.11312E+01    2.42379E+01
 1.99526E-06    2.21746E+01    2.06562E+01    2.36930E+01
 2.08930E-06    2.16615E+01    2.01783E+01    2.31447E+01
 2.18776E-06    2.11770E+01    1.97269E+01    2.26270E+01
 2.29087E-06    2.06856E+01    1.92692E+01    2.21019E+01
 2.39883E-06    2.02252E+01    1.88403E+01    2.16100E+01
 2.51189E-06    1.97570E+01    1.84042E+01    2.11098E+01
 2.63027E-06    1.93217E+01    1.79987E+01    2.06447E+01
 2.75423E-06    1.88761E+01    1.75836E+01    2.01686E+01
 2.88403E-06    1.84459E+01    1.71829E+01    1.97090E+01
 3.01995E-06    1.80269E+01    1.67924E+01    1.92613E+01
 3.16228E-06    1.76135E+01    1.64073E+01    1.88196E+01
 3.31131E-06    1.72166E+01    1.60376E+01    1.83956E+01
 3.46737E-06    1.68190E+01    1.56672E+01    1.79707E+01
 3.63078E-06    1.64418E+01    1.53159E+01    1.75678E+01
 3.80189E-06    1.60603E+01    1.49605E+01    1.71601E+01
 3.98107E-06    1.57019E+01    1.46266E+01    1.67772E+01
 4.16869E-06    1.53372E+01    1.42871E+01    1.63874E+01
 4.36516E-06    1.49951E+01    1.39684E+01    1.60219E+01
 4.57088E-06    1.46470E+01    1.36441E+01    1.56499E+01
 4.78630E-06    1.43208E+01    1.33402E+01    1.53014E+01
 5.01187E-06    1.39906E+01    1.30326E+01    1.49486E+01
 5.24807E-06    1.36789E+01    1.27423E+01    1.46156E+01
 5.49541E-06    1.33660E+01    1.24508E+01    1.42813E+01
 5.75440E-06    1.30609E+01    1.21666E+01    1.39553E+01
 6.02560E-06    1.27659E+01    1.18909E+01    1.36409E+01
 6.30957E-06    1.24720E+01    1.16172E+01    1.33269E+01
 6.60693E-06    1.21906E+01    1.13550E+01    1.30261E+01
 6.91831E-06    1.19113E+01    1.10949E+01    1.27277E+01
 7.24436E-06    1.16429E+01    1.08464E+01    1.24395E+01
 7.58578E-06    1.13735E+01    1.05953E+01    1.21516E+01
 7.94328E-06    1.11195E+01    1.03588E+01    1.18803E+01
 8.31764E-06    1.08619E+01    1.01178E+01    1.16061E+01
 8.70964E-06    1.06196E+01    9.89204E+00    1.13471E+01
 9.12011E-06    1.03729E+01    9.66300E+00    1.10827E+01
 9.54993E-06    1.01421E+01    9.44800E+00    1.08361E+01
 1.00000E-05    9.90762E+00    9.22900E+00    1.05862E+01
 1.04713E-05    9.68894E+00    9.02530E+00    1.03526E+01
 1.09648E-05    9.46765E+00    8.81916E+00    1.01161E+01
 1.14815E-05    9.24985E+00    8.61629E+00    9.88342E+00
 1.20226E-05    9.04066E+00    8.42142E+00    9.65990E+00
 1.25893E-05    8.83450E+00    8.22938E+00    9.43962E+00
 1.31826E-05    8.63459E+00    8.04316E+00    9.22601E+00
 1.38038E-05    8.43777E+00    7.85982E+00    9.01571E+00
 1.44544E-05    8.24593E+00    7.68113E+00    8.81073E+00
 1.51356E-05    8.05901E+00    7.50738E+00    8.61065E+00
 1.58489E-05    7.87792E+00    7.33868E+00    8.41716E+00
 1.65959E-05    7.69514E+00    7.16841E+00    8.22186E+00
 1.73780E-05    7.52317E+00    7.00821E+00    8.03813E+00
 1.81970E-05    7.34862E+00    6.84561E+00    7.85163E+00
 1.90546E-05    7.18527E+00    6.69344E+00    7.67710E+00
 1.99526E-05    7.01918E+00    6.53872E+00    7.49964E+00
 2.08930E-05    6.86488E+00    6.39469E+00    7.33507E+00
 2.18776E-05    6.70731E+00    6.24791E+00    7.16672E+00
 2.29087E-05    6.55491E+00    6.10595E+00    7.00388E+00
 2.39883E-05    6.40725E+00    5.96840E+00    6.84610E+00
 2.51189E-05    6.26040E+00    5.83161E+00    6.68919E+00
 2.63027E-05    6.11867E+00    5.69958E+00    6.53775E+00
 2.75423E-05    5.98032E+00    5.57071E+00    6.38992E+00
 2.88403E-05    5.84386E+00    5.44360E+00    6.24412E+00
 3.01995E-05    5.71315E+00    5.32210E+00    6.10419E+00
 3.16228E-05    5.58165E+00    5.19961E+00    5.96370E+00
 3.31131E-05    5.45596E+00    5.08252E+00    5.82940E+00
 3.46737E-05    5.33247E+00    4.96748E+00    5.69746E+00
 3.63078E-05    5.21163E+00    4.85492E+00    5.56835E+00
 3.80189E-05    5.09446E+00    4.74577E+00    5.44316E+00
 3.98107E-05    4.97855E+00    4.63779E+00    5.31931E+00
 4.16869E-05    4.86916E+00    4.53575E+00    5.20258E+00
 4.36516E-05    4.75550E+00    4.42986E+00    5.08113E+00
 4.57088E-05    4.64979E+00    4.33140E+00    4.96818E+00
 4.78630E-05    4.54440E+00    4.23322E+00    4.85557E+00
 5.01187E-05    4.44133E+00    4.13709E+00    4.74557E+00
 5.24807E-05    4.34137E+00    4.04397E+00    4.63876E+00
 5.49541E-05    4.24317E+00    3.95250E+00    4.53384E+00
 5.75440E-05    4.14701E+00    3.86293E+00    4.43109E+00
 6.02560E-05    4.05412E+00    3.77664E+00    4.33160E+00
 6.30957E-05    3.96127E+00    3.69014E+00    4.23239E+00
 6.60693E-05    3.87325E+00    3.60815E+00    4.13835E+00
 6.91831E-05    3.78563E+00    3.52653E+00    4.04474E+00
 7.24436E-05    3.70090E+00    3.44763E+00    3.95417E+00
 7.58578E-05    3.61759E+00    3.37002E+00    3.86516E+00
 7.94328E-05    3.53605E+00    3.29406E+00    3.77804E+00
 8.31764E-05    3.45788E+00    3.22113E+00    3.69463E+00
 8.70964E-05    3.37963E+00    3.14824E+00    3.61102E+00
 9.12011E-05    3.30341E+00    3.07724E+00    3.52958E+00
 9.54993E-05    3.23012E+00    3.00897E+00    3.45128E+00
 1.00000E-04    3.15690E+00    2.94082E+00    3.37299E+00
 1.04713E-04    3.08668E+00    2.87540E+00    3.29796E+00
 1.09648E-04    3.01736E+00    2.81083E+00    3.22390E+00
 1.14815E-04    2.94978E+00    2.74787E+00    3.15169E+00
 1.20226E-04    2.88418E+00    2.68676E+00    3.08160E+00
 1.25893E-04    2.81892E+00    2.62596E+00    3.01187E+00
 1.31826E-04    2.75674E+00    2.56804E+00    2.94544E+00
 1.38038E-04    2.69533E+00    2.51084E+00    2.87983E+00
 1.44544E-04    2.63549E+00    2.45509E+00    2.81589E+00
 1.51356E-04    2.57713E+00    2.40073E+00    2.75353E+00
 1.58489E-04    2.51954E+00    2.34708E+00    2.69200E+00
 1.65959E-04    2.46476E+00    2.29605E+00    2.63347E+00
 1.73780E-04    2.40971E+00    2.24476E+00    2.57465E+00
 1.81970E-04    2.35611E+00    2.19484E+00    2.51739E+00
 1.90546E-04    2.30434E+00    2.14661E+00    2.46207E+00
 1.99526E-04    2.25321E+00    2.09898E+00    2.40744E+00
 2.08930E-04    2.20378E+00    2.05296E+00    2.35461E+00
 2.18776E-04    2.15547E+00    2.00796E+00    2.30299E+00
 2.29087E-04    2.10796E+00    1.96370E+00    2.25223E+00
 2.39883E-04    2.06226E+00    1.92112E+00    2.20339E+00
 2.51189E-04    2.01647E+00    1.87847E+00    2.15448E+00
 2.63027E-04    1.97317E+00    1.83813E+00    2.10821E+00
 2.75423E-04    1.92988E+00    1.79780E+00    2.06195E+00
 2.88403E-04    1.88825E+00    1.75902E+00    2.01747E+00
 3.01995E-04    1.84717E+00    1.72082E+00    1.97353E+00
 3.16228E-04    1.80712E+00    1.68350E+00    1.93073E+00
 3.31131E-04    1.76862E+00    1.64764E+00    1.88960E+00
 3.46737E-04    1.73088E+00    1.61248E+00    1.84928E+00
 3.63078E-04    1.69322E+00    1.57739E+00    1.80904E+00
 3.80189E-04    1.65736E+00    1.54399E+00    1.77073E+00
 3.98107E-04    1.62168E+00    1.51075E+00    1.73261E+00
 4.16869E-04    1.58746E+00    1.47887E+00    1.69605E+00
 4.36516E-04    1.55383E+00    1.44754E+00    1.66012E+00
 4.57088E-04    1.52101E+00    1.41696E+00    1.62505E+00
 4.78630E-04    1.48931E+00    1.38743E+00    1.59118E+00
 5.01187E-04    1.45773E+00    1.35805E+00    1.55741E+00
 5.24807E-04    1.42776E+00    1.33013E+00    1.52540E+00
 5.49541E-04    1.39803E+00    1.30243E+00    1.49363E+00
 5.75440E-04    1.36936E+00    1.27572E+00    1.46300E+00
 6.02560E-04    1.34157E+00    1.24987E+00    1.43327E+00
 6.30957E-04    1.31428E+00    1.22445E+00    1.40412E+00
 6.60693E-04    1.28715E+00    1.19917E+00    1.37513E+00
 6.91831E-04    1.26149E+00    1.17526E+00    1.34771E+00
 7.24436E-04    1.23578E+00    1.15133E+00    1.32024E+00
 7.58578E-04    1.21155E+00    1.12875E+00    1.29434E+00
 7.94328E-04    1.18729E+00    1.10615E+00    1.26843E+00
 8.31764E-04    1.16435E+00    1.08479E+00    1.24392E+00
 8.70964E-04    1.14138E+00    1.06338E+00    1.21938E+00
 9.12011E-04    1.11949E+00    1.04299E+00    1.19599E+00
 9.54993E-04    1.09803E+00    1.02299E+00    1.17306E+00
 1.00000E-03    1.07729E+00    1.00372E+00    1.15086E+00
 1.04713E-03    1.05676E+00    9.84591E-01    1.12892E+00
 1.09648E-03    1.03762E+00    9.66759E-01    1.10848E+00
 1.14815E-03    1.01830E+00    9.48763E-01    1.08784E+00
 1.20226E-03    1.00013E+00    9.31828E-01    1.06843E+00
 1.25893E-03    9.81729E-01    9.14686E-01    1.04877E+00
 1.31826E-03    9.64881E-01    8.98989E-01    1.03077E+00
 1.38038E-03    9.48251E-01    8.83494E-01    1.01301E+00
 1.44544E-03    9.32353E-01    8.68682E-01    9.96024E-01
 1.51356E-03    9.16251E-01    8.53712E-01    9.78790E-01
 1.58489E-03    9.01641E-01    8.40099E-01    9.63183E-01
 1.65959E-03    8.86729E-01    8.26205E-01    9.47253E-01
 1.73780E-03    8.72925E-01    8.13343E-01    9.32507E-01
 1.81970E-03    8.59236E-01    8.00589E-01    9.17883E-01
 1.90546E-03    8.46574E-01    7.88791E-01    9.04357E-01
 1.99526E-03    8.33990E-01    7.77066E-01    8.90914E-01
 2.08930E-03    8.22355E-01    7.66275E-01    8.78435E-01
 2.18776E-03    8.10887E-01    7.55589E-01    8.66185E-01
 2.29087E-03    8.00546E-01    7.45953E-01    8.55139E-01
 2.39883E-03    7.90321E-01    7.36425E-01    8.44216E-01
 2.51189E-03    7.80643E-01    7.27408E-01    8.33879E-01
 2.63027E-03    7.71798E-01    7.19166E-01    8.24430E-01
 2.75423E-03    7.63308E-01    7.11255E-01    8.15361E-01
 2.88403E-03    7.55468E-01    7.03949E-01    8.06987E-01
 3.01995E-03    7.48356E-01    6.97270E-01    7.99442E-01
 3.16228E-03    7.41705E-01    6.91074E-01    7.92336E-01
 3.31131E-03    7.36432E-01    6.86160E-01    7.86703E-01
 3.46737E-03    7.30967E-01    6.81069E-01    7.80865E-01
 3.63078E-03    7.26526E-01    6.76931E-01    7.76121E-01
 3.80189E-03    7.22913E-01    6.73564E-01    7.72262E-01
 3.98107E-03    7.20049E-01    6.70896E-01    7.69202E-01
 4.16869E-03    7.18273E-01    6.69241E-01    7.67305E-01
 4.36516E-03    7.16744E-01    6.67816E-01    7.65672E-01
 4.57088E-03    7.16976E-01    6.68033E-01    7.65919E-01
 4.78630E-03    7.18208E-01    6.69180E-01    7.67235E-01
 5.01187E-03    7.20594E-01    6.71140E-01    7.70048E-01
 5.24807E-03    7.23770E-01    6.74098E-01    7.73442E-01
 5.49541E-03    7.28979E-01    6.78949E-01    7.79009E-01
 5.75440E-03    7.35120E-01    6.84669E-01    7.85571E-01
 6.02560E-03    7.43581E-01    6.92549E-01    7.94613E-01
 6.30957E-03    7.53482E-01    7.01771E-01    8.05193E-01
 6.60693E-03    7.66021E-01    7.13449E-01    8.18593E-01
 6.91831E-03    7.80792E-01    7.27206E-01    8.34378E-01
 7.24436E-03    7.98520E-01    7.43013E-01    8.54027E-01
 7.58578E-03    8.19939E-01    7.62943E-01    8.76935E-01
 7.94328E-03    8.45381E-01    7.86617E-01    9.04145E-01
 8.31764E-03    8.75299E-01    8.14455E-01    9.36143E-01
 8.70964E-03    9.11152E-01    8.47816E-01    9.74488E-01
 9.12011E-03    9.54100E-01    8.87778E-01    1.02042E+00
 9.54993E-03    1.00587E+00    9.35950E-01    1.07579E+00
 1.00000E-02    1.06828E+00    1.02700E+00    1.10955E+00
 1.04713E-02    1.14543E+00    1.10118E+00    1.18968E+00
 1.09648E-02    1.23982E+00    1.19192E+00    1.28772E+00
 1.14815E-02    1.35886E+00    1.30636E+00    1.41136E+00
 1.20226E-02    1.51030E+00    1.45195E+00    1.56865E+00
 1.25893E-02    1.70804E+00    1.64205E+00    1.77403E+00
 1.31826E-02    1.97330E+00    1.89707E+00    2.04954E+00
 1.38038E-02    2.33992E+00    2.24952E+00    2.43032E+00
 1.44544E-02    2.86825E+00    2.75744E+00    2.97907E+00
 1.51356E-02    3.67218E+00    3.53031E+00    3.81405E+00
 1.58489E-02    4.98239E+00    4.78990E+00    5.17488E+00
 1.65959E-02    7.32280E+00    7.03989E+00    7.60571E+00
 1.73780E-02    1.20041E+01    1.15403E+01    1.24679E+01
 1.81970E-02    2.21488E+01    2.12931E+01    2.30045E+01
 1.90546E-02    3.72853E+01    3.58448E+01    3.87258E+01
 1.99526E-02    3.28448E+01    3.15759E+01    3.41137E+01
 2.08930E-02    1.62452E+01    1.56352E+01    1.68552E+01
 2.18776E-02    7.79970E+00    7.50683E+00    8.09257E+00
 2.29087E-02    4.24777E+00    4.08827E+00    4.40726E+00
 2.39883E-02    2.58301E+00    2.48603E+00    2.68000E+00
 2.51189E-02    1.70573E+00    1.64168E+00    1.76977E+00
 2.63027E-02    1.20097E+00    1.15588E+00    1.24607E+00
 2.75423E-02    8.90092E-01    8.56670E-01    9.23514E-01
 2.88403E-02    6.89204E-01    6.63325E-01    7.15083E-01
 3.01995E-02    5.54778E-01    5.03403E-01    6.06153E-01
 3.16228E-02    4.62508E-01    4.19678E-01    5.05338E-01
 3.31131E-02    3.98275E-01    3.61393E-01    4.35157E-01
 3.46737E-02    3.53775E-01    3.21014E-01    3.86536E-01
 3.63078E-02    3.23966E-01    2.93966E-01    3.53966E-01
 3.80189E-02    3.05217E-01    2.76953E-01    3.33481E-01
 3.98107E-02    2.95820E-01    2.68426E-01    3.23214E-01
 4.16869E-02    2.94703E-01    2.67412E-01    3.21994E-01
 4.36516E-02    3.01838E-01    2.73887E-01    3.29789E-01
 4.57088E-02    3.18081E-01    2.88625E-01    3.47537E-01
 4.78630E-02    3.45382E-01    3.13398E-01    3.77366E-01
 5.01187E-02    3.87640E-01    3.59858E-01    4.15422E-01
 5.24807E-02    4.52440E-01    4.20014E-01    4.84866E-01
 5.49541E-02    5.54430E-01    5.14695E-01    5.94165E-01
 5.75440E-02    7.28794E-01    6.76562E-01    7.81026E-01
 6.02560E-02    2.19533E+01    2.03799E+01    2.35266E+01
 6.30957E-02    1.82097E+00    1.69046E+00    1.95148E+00
 6.60693E-02    3.51081E+00    3.25919E+00    3.76242E+00
 6.91831E-02    1.04718E+01    9.72131E+00    1.12223E+01
 7.24436E-02    1.28103E+01    1.23442E+01    1.32763E+01
 7.58578E-02    2.75409E+01    2.65390E+01    2.85428E+01
 7.94328E-02    3.34223E+01    3.22065E+01    3.46382E+01
 8.31764E-02    2.59148E+00    2.49720E+00    2.68575E+00
 8.70964E-02    1.38313E+00    1.33281E+00    1.43345E+00
 9.12011E-02    2.98754E+00    2.87886E+00    3.09622E+00
 9.54993E-02    5.14541E+00    4.95822E+00    5.33260E+00
 1.00000E-01    5.55863E+00    5.15921E+00    5.95806E+00
 1.04713E-01    2.44605E+00    2.27029E+00    2.62182E+00
 1.09648E-01    4.83367E-01    4.48634E-01    5.18100E-01
 1.14815E-01    2.82457E-01    2.62161E-01    3.02753E-01
 1.20226E-01    2.05928E-01    1.91131E-01    2.20725E-01
 1.25893E-01    1.82905E-01    1.69762E-01    1.96048E-01
 1.31826E-01    2.05049E-01    1.90315E-01    2.19783E-01
 1.38038E-01    3.20255E-01    2.97243E-01    3.43267E-01
 1.44544E-01    9.32121E-01    8.65142E-01    9.99100E-01
 1.51356E-01    6.70678E+00    6.22485E+00    7.18871E+00
 1.58489E-01    2.02653E+00    1.88091E+00    2.17215E+00
 1.65959E-01    4.04527E-01    3.75459E-01    4.33595E-01
 1.73780E-01    2.33070E-01    2.16322E-01    2.49818E-01
 1.81970E-01    3.28445E+00    3.04844E+00    3.52046E+00
 1.90546E-01    1.02192E+00    9.48487E-01    1.09535E+00
 1.99526E-01    5.64827E+00    5.24240E+00    6.05413E+00
 2.08930E-01    2.05829E+00    1.91342E+00    2.20315E+00
 2.18776E-01    7.69245E-01    7.15103E-01    8.23387E-01
 2.29087E-01    1.61765E-01    1.50379E-01    1.73151E-01
 2.39883E-01    1.75619E+00    1.63259E+00    1.87980E+00
 2.51189E-01    2.25035E+00    2.09196E+00    2.40873E+00
 2.63027E-01    7.13175E-01    6.62979E-01    7.63371E-01
 2.75423E-01    1.19468E+00    1.11059E+00    1.27877E+00
 2.88403E-01    9.14241E-02    8.49894E-02    9.78588E-02
 3.01995E-01    2.40784E+00    2.33562E+00    2.48007E+00
 3.16228E-01    4.97379E-02    4.82460E-02    5.12298E-02
 3.31131E-01    4.21590E-02    4.08944E-02    4.34236E-02
 3.46737E-01    1.33568E+00    1.29562E+00    1.37575E+00
 3.63078E-01    4.47636E-01    4.34209E-01    4.61063E-01
 3.80189E-01    1.26993E+00    1.23183E+00    1.30802E+00
 3.98107E-01    9.41866E-01    9.13614E-01    9.70118E-01
 4.16869E-01    1.49216E-01    1.44740E-01    1.53692E-01
 4.36516E-01    1.53293E-01    1.48695E-01    1.57891E-01
 4.57088E-01    3.13965E-01    3.04547E-01    3.23383E-01
 4.78630E-01    6.36966E-01    6.17860E-01    6.56072E-01
 5.01187E-01    3.97336E-01    3.79522E-01    4.15150E-01
 5.24807E-01    4.37506E-01    4.17891E-01    4.57121E-01
 5.49541E-01    5.59201E-01    5.34130E-01    5.84272E-01
 5.75440E-01    4.19600E-02    4.00788E-02    4.38412E-02
 6.02560E-01    4.32613E-01    4.13217E-01    4.52009E-01
 6.30957E-01    4.57629E-01    4.37112E-01    4.78146E-01
 6.60693E-01    1.11672E-01    1.06665E-01    1.16679E-01
 6.91831E-01    3.86746E-01    3.69407E-01    4.04085E-01
 7.24436E-01    1.55375E-01    1.50553E-01    1.60197E-01
 7.58578E-01    2.10493E-01    2.03960E-01    2.17026E-01
 7.94328E-01    3.29142E-01    3.18926E-01    3.39358E-01
 8.31764E-01    2.45589E-01    2.37967E-01    2.53211E-01
 8.70964E-01    2.04116E-01    1.97781E-01    2.10451E-01
 9.12011E-01    1.94026E-01    1.88004E-01    2.00048E-01
 9.54993E-01    1.76021E-01    1.70558E-01    1.81484E-01
 1.00000E+00    3.26796E-01    3.20900E-01    3.32692E-01
 1.04713E+00    1.33985E-01    1.31568E-01    1.36402E-01
 1.09648E+00    2.16708E-01    2.12798E-01    2.20618E-01
 1.14815E+00    2.62838E-01    2.58096E-01    2.67580E-01
 1.20226E+00    1.61799E-01    1.58880E-01    1.64718E-01
 1.25893E+00    9.63602E-02    9.46218E-02    9.80986E-02
 1.31826E+00    1.95782E-01    1.92250E-01    1.99314E-01
 1.38038E+00    1.36743E-01    1.34276E-01    1.39210E-01
 1.44544E+00    1.40631E-01    1.38094E-01    1.43168E-01
 1.51356E+00    7.41875E-02    7.28491E-02    7.55259E-02
 1.58489E+00    1.77414E-01    1.74213E-01    1.80615E-01
 1.65959E+00    1.38958E-01    1.36451E-01    1.41465E-01
 1.73780E+00    1.19618E-01    1.17460E-01    1.21776E-01
 1.81970E+00    1.51023E-01    1.48298E-01    1.53748E-01
 1.90546E+00    1.33143E-01    1.30741E-01    1.35545E-01
 1.99526E+00    1.81459E-01    5.37943E-03    3.57539E-01
 2.08930E+00    1.72598E-01    5.11674E-03    3.40079E-01
 2.18776E+00    1.65178E-01    4.89677E-03    3.25459E-01
 2.29087E+00    1.60373E-01    4.75433E-03    3.15992E-01
 2.39883E+00    1.57023E-01    4.65502E-03    3.09391E-01
 2.51189E+00    1.55313E-01    4.60432E-03    3.06022E-01
 2.63027E+00    1.54746E-01    1.29866E-03    3.08193E-01
 2.75423E+00    1.53769E-01    1.29046E-03    3.06248E-01
 2.88403E+00    1.49574E-01    1.25526E-03    2.97893E-01
 3.01995E+00    1.46124E-01    1.22630E-03    2.91022E-01
 3.16228E+00    1.43889E-01    1.20755E-03    2.86570E-01
 3.31131E+00    1.43083E-01    1.20078E-03    2.84965E-01
 3.46737E+00    1.41402E-01    1.18668E-03    2.81617E-01
 3.63078E+00    1.38291E-01    1.16057E-03    2.75421E-01
 3.80189E+00    1.35638E-01    1.13830E-03    2.70138E-01
 3.98107E+00    1.34219E-01    1.12639E-03    2.67312E-01
 4.16869E+00    1.31569E-01    1.10416E-03    2.62034E-01
 4.36516E+00    1.27084E-01    1.06652E-03    2.53101E-01
 4.57088E+00    1.25009E-01    1.04910E-03    2.48969E-01
 4.78630E+00    1.24388E-01    4.27588E-03    2.44500E-01
 5.01187E+00    1.25203E-01    4.30390E-03    2.46102E-01
 5.24807E+00    1.25541E-01    4.31552E-03    2.46766E-01
 5.49541E+00    1.27072E-01    4.36815E-03    2.49776E-01
 5.75440E+00    1.29395E-01    4.44800E-03    2.54342E-01
 6.02560E+00    2.52586E-01    8.68274E-03    4.96489E-01
 6.30957E+00    3.04250E-01    1.04587E-02    5.98041E-01
 6.60693E+00    3.19623E-01    2.12873E-02    6.17959E-01
 6.91831E+00    3.32852E-01    2.21684E-02    6.43536E-01
 7.24436E+00    3.49220E-01    2.32585E-02    6.75181E-01
 7.58578E+00    3.69767E-01    2.46270E-02    7.14907E-01
 7.94328E+00    3.89286E-01    2.59270E-02    7.52645E-01
 8.31764E+00    4.14581E-01    2.76117E-02    8.01550E-01
 8.70964E+00    4.48044E-01    2.98404E-02    8.66248E-01
 9.12011E+00    4.88709E-01    1.09366E-01    8.68052E-01
 9.54993E+00    5.30520E-01    1.18722E-01    9.42318E-01
 1.00000E+01    5.82621E-01    1.30382E-01    1.03486E+00
 1.04713E+01    6.32433E-01    1.41529E-01    1.12334E+00
 1.09648E+01    6.85768E-01    1.53464E-01    1.21807E+00
 1.14815E+01    7.46275E-01    1.67005E-01    1.32554E+00
 1.20226E+01    7.86399E-01    1.75984E-01    1.39681E+00
 1.25893E+01    8.39267E-01    1.87815E-01    1.49072E+00
 1.31826E+01    8.70537E-01    2.35616E-01    1.50546E+00
 1.38038E+01    9.08334E-01    2.45846E-01    1.57082E+00
 1.44544E+01    9.28062E-01    2.51186E-01    1.60494E+00
 1.51356E+01    9.49449E-01    2.56975E-01    1.64192E+00
 1.58489E+01    9.52618E-01    2.57832E-01    1.64740E+00
 1.65959E+01    9.41364E-01    4.75608E-02    1.83517E+00
 1.73780E+01    9.14136E-01    4.61852E-02    1.78209E+00
 1.81970E+01    8.83851E-01    4.46551E-02    1.72305E+00
 1.90546E+01    8.36926E-01    4.22842E-02    1.63157E+00
 1.99526E+01    7.79284E-01    3.93720E-02    1.51920E+00
 2.08930E+01    7.16638E-01    0.00000E+00    1.78815E+00
 2.18776E+01    6.44177E-01    0.00000E+00    1.60735E+00
 2.29087E+01    5.74742E-01    0.00000E+00    1.43410E+00
 2.39883E+01    5.02629E-01    0.00000E+00    1.25416E+00
 2.51189E+01    4.40711E-01    0.00000E+00    1.24102E+00
 2.63027E+01    3.86115E-01    0.00000E+00    1.08728E+00
 2.75423E+01    3.37784E-01    0.00000E+00    9.51186E-01
 2.88403E+01    2.59294E-01    0.00000E+00    7.30162E-01
 3.00000E+01    2.48429E-01    0.00000E+00    6.99565E-01
 3.00000E+01    2.48430E-01    0.00000E+00    6.99570E-01
 3.20000E+01    2.37007E-01    0.00000E+00    6.67403E-01
 3.40000E+01    2.08164E-01    0.00000E+00    5.86181E-01
 3.60000E+01    1.79488E-01    0.00000E+00    5.05431E-01
 3.80000E+01    1.62276E-01    0.00000E+00    4.56964E-01
 4.00000E+01    1.45707E-01    0.00000E+00    4.10306E-01
 4.20000E+01    1.33009E-01    0.00000E+00    3.74549E-01
 4.40000E+01    1.23464E-01    0.00000E+00    3.47669E-01
 4.60000E+01    1.14188E-01    0.00000E+00    3.21549E-01
 4.80000E+01    1.04944E-01    0.00000E+00    2.95518E-01
 5.00000E+01    9.85421E-02    0.00000E+00    2.77490E-01
 5.20000E+01    9.33894E-02    0.00000E+00    2.62981E-01
 5.40000E+01    8.65101E-02    0.00000E+00    2.43609E-01
 5.60000E+01    8.12040E-02    0.00000E+00    2.28667E-01
 5.80000E+01    7.70505E-02    0.00000E+00    2.16971E-01
 6.00000E+01    7.34247E-02    0.00000E+00    2.06761E-01
 6.50000E+01    6.37114E-02    0.00000E+00    1.79409E-01
 7.00000E+01    5.69611E-02    0.00000E+00    1.60400E-01
 7.50000E+01    5.05913E-02    0.00000E+00    1.42463E-01
 8.00000E+01    4.49256E-02    0.00000E+00    1.26509E-01
 9.00000E+01    3.65332E-02    0.00000E+00    1.02876E-01
 1.00000E+02    2.89229E-02    0.00000E+00    8.14458E-02
 1.10000E+02    2.45886E-02    0.00000E+00    6.92405E-02
 1.20000E+02    2.04634E-02    0.00000E+00    5.76240E-02
 1.30000E+02    1.72049E-02    0.00000E+00    4.84484E-02
 1.40000E+02    1.46397E-02    0.00000E+00    4.12249E-02
 1.50000E+02    1.26047E-02    0.00000E+00    3.54944E-02
 1.60000E+02    1.04150E-02    0.00000E+00    2.93283E-02
 1.80000E+02    7.61330E-03    0.00000E+00    2.14387E-02
 2.00000E+02    3.22519E-04    0.00000E+00    9.08202E-04
