# p + Tc 97 : (p,na)    
# tendl.2019 A.J. Koning                       EVAL-OCT19
# uncertainties: y
# # energies =    20
#   E(MeV)       xs(mb)       xslow(mb)      xsupp(mb)
 3.66229E+00    0.00000E+00    0.00000E+00    0.00000E+00
 7.00000E+00    1.23338E-11    0.00000E+00    3.11025E-11
 8.00000E+00    3.36516E-07    0.00000E+00    8.48601E-07
 9.00000E+00    1.36771E-04    0.00000E+00    3.44899E-04
 1.00000E+01    1.01286E-02    0.00000E+00    2.07049E-02
 1.10000E+01    1.50540E-01    0.00000E+00    3.07734E-01
 1.20000E+01    4.65080E-01    0.00000E+00    9.50718E-01
 1.30000E+01    6.04243E-01    0.00000E+00    1.23520E+00
 1.40000E+01    1.01873E+00    7.47773E-02    1.96268E+00
 1.50000E+01    2.52125E+00    1.85066E-01    4.85743E+00
 1.60000E+01    5.70631E+00    4.18857E-01    1.09938E+01
 1.70000E+01    9.84670E+00    7.22772E-01    1.89706E+01
 1.80000E+01    1.51391E+01    0.00000E+00    3.69693E+01
 1.90000E+01    2.10344E+01    0.00000E+00    5.13655E+01
 2.00000E+01    2.64386E+01    0.00000E+00    6.45625E+01
 2.20000E+01    3.59022E+01    0.00000E+00    1.22128E+02
 2.40000E+01    4.24872E+01    0.00000E+00    1.44528E+02
 2.60000E+01    4.40864E+01    0.00000E+00    1.69491E+02
 2.80000E+01    3.87186E+01    0.00000E+00    1.48855E+02
 3.00000E+01    3.05889E+01    0.00000E+00    1.17600E+02
