# n + Rh103 : (n,n'14)  
# endfb8.0   Mughabghab,Kim,Herman,Oblozinsky  EVAL-FEB06
# uncertainties: n
# # energies =    34
#   E(MeV)       xs(mb) 
 8.89100E-01    0.00000E+00
 9.00000E-01    9.77917E+00
 9.50000E-01    4.72860E+01
 1.00000E+00    7.96434E+01
 1.10000E+00    1.23787E+02
 1.20000E+00    1.39746E+02
 1.25000E+00    1.41005E+02
 1.30000E+00    1.39499E+02
 1.45000E+00    1.24356E+02
 1.55000E+00    1.11360E+02
 1.65000E+00    1.00137E+02
 1.70000E+00    9.67965E+01
 2.00000E+00    6.77944E+01
 2.50000E+00    3.65263E+01
 3.00000E+00    1.88020E+01
 3.50000E+00    9.25505E+00
 4.00000E+00    4.55939E+00
 5.00000E+00    1.10465E+00
 6.00000E+00    2.58600E-01
 7.00000E+00    7.14768E-02
 8.00000E+00    2.29080E-02
 9.00000E+00    8.05888E-03
 1.00000E+01    3.08219E-03
 1.10000E+01    1.26178E-03
 1.20000E+01    5.40860E-04
 1.30000E+01    2.41557E-04
 1.40000E+01    1.15683E-04
 1.45000E+01    8.21530E-05
 1.50000E+01    5.88741E-05
 1.60000E+01    2.99103E-05
 1.70000E+01    1.59125E-05
 1.80000E+01    8.45420E-06
 1.90000E+01    4.56873E-06
 2.00000E+01    2.48344E-06
