# n + Hf176 : (n,tot)   
# tendl.2019 A.J. Koning and D. Rochman        EVAL-NOV19
# uncertainties: y
# # energies =   171
#   E(MeV)       xs(mb)       xslow(mb)      xsupp(mb)
 1.00000E-11    2.61169E+05    2.47621E+05    2.74717E+05
 1.00000E-07    1.42781E+04    1.36906E+04    1.48656E+04
 4.13990E-07    1.13555E+04    1.09250E+04    1.17859E+04
 5.31580E-07    1.07384E+04    1.03399E+04    1.11368E+04
 6.82560E-07    1.01977E+04    9.81934E+03    1.05761E+04
 8.76420E-07    9.72688E+03    9.37514E+03    1.00786E+04
 1.12540E-06    9.32331E+03    9.00181E+03    9.64482E+03
 1.44500E-06    8.98746E+03    8.67753E+03    9.29739E+03
 1.85540E-06    8.73488E+03    8.43366E+03    9.03609E+03
 2.37240E-06    8.61049E+03    8.33300E+03    8.88797E+03
 3.05900E-06    8.77574E+03    8.51541E+03    9.03606E+03
 3.92790E-06    9.88212E+03    9.58897E+03    1.01753E+04
 5.04350E-06    1.69889E+04    1.65680E+04    1.74098E+04
 6.47600E-06    2.67203E+06    2.59746E+06    2.74661E+06
 8.31530E-06    7.42951E+04    7.21785E+04    7.64117E+04
 1.06770E-05    1.35116E+04    1.31273E+04    1.38959E+04
 1.37100E-05    8.84090E+03    8.58944E+03    9.09236E+03
 1.76030E-05    7.01175E+03    6.77520E+03    7.24831E+03
 2.26030E-05    5.68251E+03    5.46364E+03    5.90139E+03
 2.92030E-05    4.17017E+03    4.00955E+03    4.33079E+03
 3.72670E-05    3.45448E+04    3.29261E+04    3.61636E+04
 4.78510E-05    7.48843E+05    7.34382E+05    7.63303E+05
 6.14420E-05    1.05757E+05    1.01819E+05    1.09696E+05
 7.88930E-05    8.69930E+03    8.49864E+03    8.89997E+03
 1.01300E-04    4.41813E+04    4.28710E+04    4.54915E+04
 1.30070E-04    6.63946E+03    6.44256E+03    6.83636E+03
 1.67020E-04    6.53234E+04    6.33862E+04    6.72606E+04
 2.14450E-04    3.46789E+04    3.28644E+04    3.64935E+04
 2.75360E-04    9.18883E+04    8.70804E+04    9.66962E+04
 3.53580E-04    3.50374E+04    3.24581E+04    3.76166E+04
 4.54000E-04    2.32940E+04    2.03250E+04    2.62631E+04
 5.82950E-04    4.51775E+04    3.57027E+04    5.46523E+04
 7.48520E-04    2.32592E+04    2.25017E+04    2.40167E+04
 9.61120E-04    3.35302E+04    2.68140E+04    4.02464E+04
 1.23410E-03    3.10386E+04    2.48214E+04    3.72558E+04
 1.58460E-03    2.78912E+04    2.23044E+04    3.34779E+04
 2.03470E-03    2.58154E+04    2.06445E+04    3.09864E+04
 2.24870E-03    2.50284E+04    2.00151E+04    3.00417E+04
 2.48520E-03    2.43870E+04    1.95022E+04    2.92719E+04
 2.61260E-03    2.39302E+04    1.91369E+04    2.87236E+04
 2.74650E-03    2.31978E+04    1.85512E+04    2.78444E+04
 3.03540E-03    2.23302E+04    1.78574E+04    2.68031E+04
 3.35460E-03    2.15856E+04    1.72619E+04    2.59093E+04
 3.70740E-03    2.07100E+04    1.65617E+04    2.48584E+04
 4.30740E-03    1.94179E+04    1.55284E+04    2.33074E+04
 5.53080E-03    1.79680E+04    1.43689E+04    2.15671E+04
 7.10170E-03    1.66836E+04    1.33418E+04    2.00254E+04
 9.11880E-03    1.55972E+04    1.34733E+04    1.77210E+04
 1.17090E-02    1.47872E+04    1.27736E+04    1.68007E+04
 1.50340E-02    1.38010E+04    1.19217E+04    1.56803E+04
 1.93050E-02    1.29851E+04    1.12169E+04    1.47533E+04
 2.18750E-02    1.27120E+04    1.09810E+04    1.44430E+04
 2.35790E-02    1.25723E+04    1.08604E+04    1.42843E+04
 2.41760E-02    1.24996E+04    1.07975E+04    1.42016E+04
 2.47880E-02    1.23868E+04    1.07001E+04    1.40735E+04
 2.60580E-02    1.22533E+04    1.05848E+04    1.39218E+04
 2.70000E-02    1.21068E+04    1.04582E+04    1.37554E+04
 2.85000E-02    1.18498E+04    1.02362E+04    1.34634E+04
 3.18280E-02    1.16616E+04    1.04598E+04    1.28633E+04
 3.43070E-02    1.14091E+04    1.02334E+04    1.25849E+04
 4.08680E-02    1.10658E+04    9.92537E+03    1.22061E+04
 4.63090E-02    1.07371E+04    9.63057E+03    1.18436E+04
 5.24750E-02    1.04559E+04    9.37836E+03    1.15334E+04
 5.65620E-02    1.01173E+04    9.07466E+03    1.11599E+04
 6.73790E-02    9.87145E+03    8.85415E+03    1.08888E+04
 7.20000E-02    9.69646E+03    8.69719E+03    1.06957E+04
 7.95000E-02    9.54242E+03    8.55903E+03    1.05258E+04
 8.25000E-02    9.44070E+03    8.46779E+03    1.04136E+04
 8.65170E-02    9.26407E+03    8.30936E+03    1.02188E+04
 9.80370E-02    9.07444E+03    8.13927E+03    1.00096E+04
 1.11090E-01    8.95469E+03    8.03186E+03    9.87751E+03
 1.16790E-01    8.88255E+03    7.96716E+03    9.79794E+03
 1.22770E-01    8.80671E+03    7.89913E+03    9.71428E+03
 1.29070E-01    8.72691E+03    7.82756E+03    9.62626E+03
 1.35690E-01    8.64310E+03    7.75239E+03    9.53382E+03
 1.42640E-01    8.55497E+03    7.67334E+03    9.43660E+03
 1.49960E-01    8.46385E+03    7.59161E+03    9.33609E+03
 1.57640E-01    8.38038E+03    7.51674E+03    9.24401E+03
 1.65730E-01    8.29530E+03    7.44043E+03    9.15017E+03
 1.74220E-01    8.20586E+03    7.36021E+03    9.05152E+03
 1.83160E-01    8.11181E+03    7.27584E+03    8.94777E+03
 1.92550E-01    8.01321E+03    7.18741E+03    8.83901E+03
 2.02420E-01    7.93707E+03    7.22779E+03    8.64635E+03
 2.12800E-01    7.87624E+03    7.17240E+03    8.58008E+03
 2.23710E-01    7.81229E+03    7.11416E+03    8.51042E+03
 2.35180E-01    7.74506E+03    7.05294E+03    8.43717E+03
 2.47240E-01    7.64261E+03    6.95964E+03    8.32557E+03
 2.73240E-01    7.54749E+03    6.87303E+03    8.22196E+03
 2.87250E-01    7.49824E+03    6.82818E+03    8.16830E+03
 2.94520E-01    7.47524E+03    6.80723E+03    8.14324E+03
 2.97200E-01    7.46606E+03    6.79887E+03    8.13324E+03
 2.98500E-01    7.45507E+03    6.78887E+03    8.12128E+03
 3.01970E-01    7.39717E+03    6.73614E+03    8.05820E+03
 3.33730E-01    7.29175E+03    6.64014E+03    7.94335E+03
 3.68830E-01    7.21859E+03    6.57352E+03    7.86366E+03
 3.87740E-01    7.17206E+03    6.53115E+03    7.81297E+03
 4.07620E-01    7.10544E+03    6.47048E+03    7.74040E+03
 4.50490E-01    7.03115E+03    6.40283E+03    7.65947E+03
 4.97870E-01    6.98431E+03    6.36017E+03    7.60844E+03
 5.23400E-01    6.95520E+03    6.33366E+03    7.57673E+03
 5.50230E-01    6.92729E+03    6.30825E+03    7.54633E+03
 5.78440E-01    6.90974E+03    6.29227E+03    7.52721E+03
 6.08100E-01    6.89266E+03    6.50234E+03    7.28297E+03
 6.39280E-01    6.87535E+03    6.48602E+03    7.26468E+03
 6.72060E-01    6.86672E+03    6.47787E+03    7.25556E+03
 7.06510E-01    6.86083E+03    6.47231E+03    7.24934E+03
 7.42740E-01    6.85751E+03    6.46918E+03    7.24583E+03
 7.80820E-01    6.86323E+03    6.47458E+03    7.25188E+03
 8.20850E-01    6.86992E+03    6.48090E+03    7.25895E+03
 8.62940E-01    6.87696E+03    6.48754E+03    7.26639E+03
 9.07180E-01    6.88621E+03    6.49626E+03    7.27616E+03
 9.61640E-01    6.90042E+03    6.50967E+03    7.29118E+03
 1.00260E+00    6.91084E+03    6.59403E+03    7.22765E+03
 1.10800E+00    6.91905E+03    6.60186E+03    7.23624E+03
 1.16480E+00    6.94804E+03    6.62953E+03    7.26656E+03
 1.22460E+00    6.86123E+03    6.54669E+03    7.17576E+03
 1.28730E+00    6.82832E+03    6.51530E+03    7.14135E+03
 1.35340E+00    6.95803E+03    6.63905E+03    7.27700E+03
 1.42270E+00    7.03292E+03    6.71051E+03    7.35532E+03
 1.49570E+00    7.05517E+03    6.73174E+03    7.37859E+03
 1.57240E+00    7.05825E+03    6.73468E+03    7.38182E+03
 1.65300E+00    6.98743E+03    6.66711E+03    7.30775E+03
 1.73770E+00    7.11468E+03    6.78852E+03    7.44083E+03
 1.82680E+00    7.15545E+03    6.60386E+03    7.70703E+03
 1.92050E+00    7.15812E+03    6.60633E+03    7.70991E+03
 2.01900E+00    7.14972E+03    6.59857E+03    7.70086E+03
 2.12250E+00    7.13515E+03    6.58513E+03    7.68516E+03
 2.23130E+00    7.12240E+03    6.57336E+03    7.67144E+03
 2.30690E+00    7.10999E+03    6.56191E+03    7.65807E+03
 2.34570E+00    7.10087E+03    6.55349E+03    7.64824E+03
 2.36530E+00    7.09470E+03    6.54780E+03    7.64160E+03
 2.38520E+00    7.07905E+03    6.53336E+03    7.62475E+03
 2.46600E+00    7.04681E+03    6.50360E+03    7.59002E+03
 2.59240E+00    7.00300E+03    6.46317E+03    7.54283E+03
 2.72530E+00    6.94565E+03    6.36434E+03    7.52695E+03
 2.86500E+00    6.88444E+03    6.30826E+03    7.46062E+03
 3.01190E+00    6.81811E+03    6.24748E+03    7.38874E+03
 3.16640E+00    6.74169E+03    6.17745E+03    7.30592E+03
 3.32870E+00    6.60569E+03    6.05284E+03    7.15855E+03
 3.67880E+00    6.40064E+03    5.86494E+03    6.93633E+03
 4.06570E+00    6.17403E+03    5.65730E+03    6.69075E+03
 4.49330E+00    5.99826E+03    5.49624E+03    6.50027E+03
 4.72370E+00    5.88326E+03    5.56242E+03    6.20409E+03
 4.96590E+00    5.76684E+03    5.45235E+03    6.08132E+03
 5.22050E+00    5.65868E+03    5.35009E+03    5.96727E+03
 5.48810E+00    5.54990E+03    5.24725E+03    5.85256E+03
 5.76950E+00    5.45204E+03    5.15472E+03    5.74936E+03
 6.06530E+00    5.35667E+03    5.06456E+03    5.64879E+03
 6.37630E+00    5.28781E+03    4.99944E+03    5.57617E+03
 6.59240E+00    5.24580E+03    4.95973E+03    5.53187E+03
 6.70320E+00    5.19884E+03    4.99790E+03    5.39979E+03
 7.04690E+00    5.13503E+03    4.93655E+03    5.33351E+03
 7.40820E+00    5.08537E+03    4.88881E+03    5.28193E+03
 7.78800E+00    5.03706E+03    4.84237E+03    5.23176E+03
 8.18730E+00    5.00997E+03    4.81632E+03    5.20361E+03
 8.60710E+00    5.00452E+03    4.81109E+03    5.19796E+03
 9.04840E+00    5.00689E+03    4.84191E+03    5.17187E+03
 9.51230E+00    5.01750E+03    4.85217E+03    5.18282E+03
 1.00000E+01    5.03891E+03    4.87288E+03    5.20495E+03
 1.05130E+01    5.07170E+03    4.90458E+03    5.23881E+03
 1.10520E+01    5.11177E+03    4.94333E+03    5.28020E+03
 1.16180E+01    5.15666E+03    4.98675E+03    5.32658E+03
 1.22140E+01    5.20379E+03    5.03232E+03    5.37526E+03
 1.28400E+01    5.25004E+03    5.07705E+03    5.42303E+03
 1.34990E+01    5.28285E+03    5.10719E+03    5.45850E+03
 1.38400E+01    5.30333E+03    5.12700E+03    5.47967E+03
 1.41910E+01    5.32191E+03    5.14495E+03    5.49886E+03
 1.45500E+01    5.33807E+03    5.16058E+03    5.51556E+03
 1.49180E+01    5.35739E+03    5.17925E+03    5.53552E+03
 1.56830E+01    5.37257E+03    5.19393E+03    5.55121E+03
 1.64870E+01    5.37314E+03    5.09706E+03    5.64922E+03
