# n + Hf176 : (n,na)    
# tendl.2019 A.J. Koning and D. Rochman        EVAL-NOV19
# uncertainties: y
# # energies =   290
#   E(MeV)       xs(mb)       xslow(mb)      xsupp(mb)
 1.00000E-11    4.39550E-17    4.39550E-17    4.39550E-17
 1.03005E-11    4.33380E-17    4.33380E-17    4.33380E-17
 1.06099E-11    4.27300E-17    4.27300E-17    4.27300E-17
 1.09287E-11    4.21320E-17    4.21320E-17    4.21320E-17
 1.12571E-11    4.15430E-17    4.15430E-17    4.15430E-17
 1.15953E-11    4.09630E-17    4.09630E-17    4.09630E-17
 1.19437E-11    4.03920E-17    4.03920E-17    4.03920E-17
 1.23026E-11    3.98300E-17    3.98300E-17    3.98300E-17
 1.26722E-11    3.92770E-17    3.92770E-17    3.92770E-17
 1.30530E-11    3.87320E-17    3.87320E-17    3.87320E-17
 1.34452E-11    3.81960E-17    3.81960E-17    3.81960E-17
 1.38491E-11    3.76680E-17    3.76680E-17    3.76680E-17
 1.42652E-11    3.71480E-17    3.71480E-17    3.71480E-17
 1.46938E-11    3.66360E-17    3.66360E-17    3.66360E-17
 1.51353E-11    3.61330E-17    3.61330E-17    3.61330E-17
 1.55901E-11    3.56370E-17    3.56370E-17    3.56370E-17
 1.60585E-11    3.51490E-17    3.51490E-17    3.51490E-17
 1.65410E-11    3.46690E-17    3.46690E-17    3.46690E-17
 1.70380E-11    3.41960E-17    3.41960E-17    3.41960E-17
 1.75499E-11    3.37310E-17    3.37310E-17    3.37310E-17
 1.80772E-11    3.32730E-17    3.32730E-17    3.32730E-17
 1.86203E-11    3.28230E-17    3.28230E-17    3.28230E-17
 1.91798E-11    3.23790E-17    3.23790E-17    3.23790E-17
 1.97561E-11    3.19430E-17    3.19430E-17    3.19430E-17
 2.03497E-11    3.15130E-17    3.15130E-17    3.15130E-17
 2.09611E-11    3.10910E-17    3.10910E-17    3.10910E-17
 2.15909E-11    3.06750E-17    3.06750E-17    3.06750E-17
 2.22396E-11    3.02660E-17    3.02660E-17    3.02660E-17
 2.29078E-11    2.98640E-17    2.98640E-17    2.98640E-17
 2.35961E-11    2.94680E-17    2.94680E-17    2.94680E-17
 2.44081E-11    2.90230E-17    2.90230E-17    2.90230E-17
 2.52480E-11    2.85870E-17    2.85870E-17    2.85870E-17
 2.61168E-11    2.81580E-17    2.81580E-17    2.81580E-17
 2.70155E-11    2.77380E-17    2.77380E-17    2.77380E-17
 2.79451E-11    2.73260E-17    2.73260E-17    2.73260E-17
 2.89068E-11    2.69210E-17    2.69210E-17    2.69210E-17
 2.99015E-11    2.65240E-17    2.65240E-17    2.65240E-17
 3.09304E-11    2.61340E-17    2.61340E-17    2.61340E-17
 3.19948E-11    2.57520E-17    2.57520E-17    2.57520E-17
 3.30957E-11    2.53770E-17    2.53770E-17    2.53770E-17
 3.42346E-11    2.50100E-17    2.50100E-17    2.50100E-17
 3.54127E-11    2.46490E-17    2.46490E-17    2.46490E-17
 3.66313E-11    2.42960E-17    2.42960E-17    2.42960E-17
 3.78918E-11    2.39490E-17    2.39490E-17    2.39490E-17
 3.91957E-11    2.36090E-17    2.36090E-17    2.36090E-17
 4.05445E-11    2.32750E-17    2.32750E-17    2.32750E-17
 4.19396E-11    2.29490E-17    2.29490E-17    2.29490E-17
 4.33828E-11    2.26280E-17    2.26280E-17    2.26280E-17
 4.48757E-11    2.23140E-17    2.23140E-17    2.23140E-17
 4.64199E-11    2.20070E-17    2.20070E-17    2.20070E-17
 4.80173E-11    2.17050E-17    2.17050E-17    2.17050E-17
 4.96696E-11    2.14090E-17    2.14090E-17    2.14090E-17
 5.13788E-11    2.11200E-17    2.11200E-17    2.11200E-17
 5.31468E-11    2.08360E-17    2.08360E-17    2.08360E-17
 5.49756E-11    2.05580E-17    2.05580E-17    2.05580E-17
 5.68674E-11    2.02860E-17    2.02860E-17    2.02860E-17
 5.88243E-11    2.00200E-17    2.00200E-17    2.00200E-17
 6.08485E-11    1.97590E-17    1.97590E-17    1.97590E-17
 6.29424E-11    1.95030E-17    1.95030E-17    1.95030E-17
 6.51083E-11    1.92530E-17    1.92530E-17    1.92530E-17
 6.73488E-11    1.90080E-17    1.90080E-17    1.90080E-17
 6.96663E-11    1.87690E-17    1.87690E-17    1.87690E-17
 7.20636E-11    1.85340E-17    1.85340E-17    1.85340E-17
 7.45434E-11    1.83050E-17    1.83050E-17    1.83050E-17
 7.71085E-11    1.80800E-17    1.80800E-17    1.80800E-17
 7.97619E-11    1.78610E-17    1.78610E-17    1.78610E-17
 8.25066E-11    1.76460E-17    1.76460E-17    1.76460E-17
 8.53458E-11    1.74360E-17    1.74360E-17    1.74360E-17
 8.82826E-11    1.72310E-17    1.72310E-17    1.72310E-17
 9.13205E-11    1.70300E-17    1.70300E-17    1.70300E-17
 9.44630E-11    1.68340E-17    1.68340E-17    1.68340E-17
 9.77136E-11    1.66420E-17    1.66420E-17    1.66420E-17
 1.01076E-10    1.64550E-17    1.64550E-17    1.64550E-17
 1.04554E-10    1.62720E-17    1.62720E-17    1.62720E-17
 1.08610E-10    1.60720E-17    1.60720E-17    1.60720E-17
 1.12824E-10    1.58760E-17    1.58760E-17    1.58760E-17
 1.17201E-10    1.56860E-17    1.56860E-17    1.56860E-17
 1.21748E-10    1.55010E-17    1.55010E-17    1.55010E-17
 1.26471E-10    1.53210E-17    1.53210E-17    1.53210E-17
 1.31377E-10    1.51460E-17    1.51460E-17    1.51460E-17
 1.36474E-10    1.49760E-17    1.49760E-17    1.49760E-17
 1.41769E-10    1.48100E-17    1.48100E-17    1.48100E-17
 1.47268E-10    1.46490E-17    1.46490E-17    1.46490E-17
 1.52982E-10    1.44930E-17    1.44930E-17    1.44930E-17
 1.58917E-10    1.43410E-17    1.43410E-17    1.43410E-17
 1.65082E-10    1.41940E-17    1.41940E-17    1.41940E-17
 1.71486E-10    1.40510E-17    1.40510E-17    1.40510E-17
 1.78139E-10    1.39120E-17    1.39120E-17    1.39120E-17
 1.85050E-10    1.37770E-17    1.37770E-17    1.37770E-17
 1.92229E-10    1.36460E-17    1.36460E-17    1.36460E-17
 2.00533E-10    1.35060E-17    1.35060E-17    1.35060E-17
 2.09195E-10    1.33700E-17    1.33700E-17    1.33700E-17
 2.18232E-10    1.32390E-17    1.32390E-17    1.32390E-17
 2.27659E-10    1.31120E-17    1.31120E-17    1.31120E-17
 2.37493E-10    1.29900E-17    1.29900E-17    1.29900E-17
 2.47752E-10    1.28720E-17    1.28720E-17    1.28720E-17
 2.58455E-10    1.27580E-17    1.27580E-17    1.27580E-17
 2.69619E-10    1.26490E-17    1.26490E-17    1.26490E-17
 2.82458E-10    1.25330E-17    1.25330E-17    1.25330E-17
 2.95908E-10    1.24220E-17    1.24220E-17    1.24220E-17
 3.09999E-10    1.23150E-17    1.23150E-17    1.23150E-17
 3.24761E-10    1.22120E-17    1.22120E-17    1.22120E-17
 3.40225E-10    1.21140E-17    1.21140E-17    1.21140E-17
 3.56426E-10    1.20200E-17    1.20200E-17    1.20200E-17
 3.73399E-10    1.19300E-17    1.19300E-17    1.19300E-17
 3.92838E-10    1.18360E-17    1.18360E-17    1.18360E-17
 4.13288E-10    1.17460E-17    1.17460E-17    1.17460E-17
 4.34803E-10    1.16610E-17    1.16610E-17    1.16610E-17
 4.57438E-10    1.15800E-17    1.15800E-17    1.15800E-17
 4.83291E-10    1.14960E-17    1.14960E-17    1.14960E-17
 5.10605E-10    1.14160E-17    1.14160E-17    1.14160E-17
 5.39463E-10    1.13410E-17    1.13410E-17    1.13410E-17
 5.72367E-10    1.12640E-17    1.12640E-17    1.12640E-17
 6.07279E-10    1.11920E-17    1.11920E-17    1.11920E-17
 6.44319E-10    1.11230E-17    1.11230E-17    1.11230E-17
 6.86516E-10    1.10550E-17    1.10550E-17    1.10550E-17
 7.31477E-10    1.09900E-17    1.09900E-17    1.09900E-17
 7.82685E-10    1.09250E-17    1.09250E-17    1.09250E-17
 8.37478E-10    1.08650E-17    1.08650E-17    1.08650E-17
 8.99905E-10    1.08050E-17    1.08050E-17    1.08050E-17
 9.66985E-10    1.07490E-17    1.07490E-17    1.07490E-17
 1.04347E-09    1.06940E-17    1.06940E-17    1.06940E-17
 1.12600E-09    1.06430E-17    1.06430E-17    1.06430E-17
 1.22021E-09    1.05930E-17    1.05930E-17    1.05930E-17
 1.32791E-09    1.05450E-17    1.05450E-17    1.05450E-17
 1.45124E-09    1.04990E-17    1.04990E-17    1.04990E-17
 1.59274E-09    1.04550E-17    1.04550E-17    1.04550E-17
 1.75545E-09    1.04130E-17    1.04130E-17    1.04130E-17
 1.94297E-09    1.03730E-17    1.03730E-17    1.03730E-17
 2.15965E-09    1.03350E-17    1.03350E-17    1.03350E-17
 2.42088E-09    1.02990E-17    1.02990E-17    1.02990E-17
 2.72520E-09    1.02660E-17    1.02660E-17    1.02660E-17
 3.09385E-09    1.02340E-17    1.02340E-17    1.02340E-17
 3.54219E-09    1.02040E-17    1.02040E-17    1.02040E-17
 4.08995E-09    1.01770E-17    1.01770E-17    1.01770E-17
 4.78271E-09    1.01510E-17    1.01510E-17    1.01510E-17
 5.66421E-09    1.01280E-17    1.01280E-17    1.01280E-17
 6.82264E-09    1.01060E-17    1.01060E-17    1.01060E-17
 8.35818E-09    1.00870E-17    1.00870E-17    1.00870E-17
 1.04581E-08    1.00690E-17    1.00690E-17    1.00690E-17
 1.34789E-08    1.00540E-17    1.00540E-17    1.00540E-17
 1.80460E-08    1.00400E-17    1.00400E-17    1.00400E-17
 2.52045E-08    1.00290E-17    1.00290E-17    1.00290E-17
 2.53000E-08    1.00290E-17    1.00290E-17    1.00290E-17
 3.81308E-08    1.00190E-17    1.00190E-17    1.00190E-17
 6.41481E-08    1.00110E-17    1.00110E-17    1.00110E-17
 1.29988E-07    1.00060E-17    1.00060E-17    1.00060E-17
 3.90332E-07    1.00020E-17    1.00020E-17    1.00020E-17
 8.58500E-06    1.00000E-17    1.00000E-17    1.00000E-17
 9.70349E-04    1.00000E-17    1.00000E-17    1.00000E-17
 1.04076E-03    1.00000E-17    1.00000E-17    1.00000E-17
 1.11627E-03    1.00000E-17    1.00000E-17    1.00000E-17
 1.16419E-03    1.00000E-17    1.00000E-17    1.00000E-17
 1.30226E-03    1.00000E-17    1.00000E-17    1.00000E-17
 1.33927E-03    1.00000E-17    1.00000E-17    1.00000E-17
 1.79737E-03    1.00000E-17    1.00000E-17    1.00000E-17
 1.84844E-03    1.00000E-17    1.00000E-17    1.00000E-17
 1.87452E-03    1.00000E-17    1.00000E-17    1.00000E-17
 1.90096E-03    1.00000E-17    1.00000E-17    1.00000E-17
 1.92778E-03    1.00000E-17    1.00000E-17    1.00000E-17
 2.01053E-03    1.00000E-17    1.00000E-17    1.00000E-17
 2.03890E-03    1.00000E-17    1.00000E-17    1.00000E-17
 2.06766E-03    1.00000E-17    1.00000E-17    1.00000E-17
 2.18684E-03    1.00000E-17    1.00000E-17    1.00000E-17
 2.24898E-03    1.00000E-17    1.00000E-17    1.00000E-17
 2.28071E-03    1.00000E-17    1.00000E-17    1.00000E-17
 2.31288E-03    1.00000E-17    1.00000E-17    1.00000E-17
 2.34552E-03    1.00000E-17    1.00000E-17    1.00000E-17
 2.44620E-03    1.00000E-17    1.00000E-17    1.00000E-17
 3.19613E+00    1.00000E-17    0.00000E+00    6.93843E-17
 3.20000E+00    5.31320E-16    0.00000E+00    3.68653E-15
 3.40000E+00    8.59050E-12    0.00000E+00    5.96046E-11
 3.60000E+00    1.19680E-10    0.00000E+00    8.30392E-10
 3.80000E+00    3.74770E-10    0.00000E+00    2.60032E-09
 4.00000E+00    1.06350E-09    0.00000E+00    7.37902E-09
 4.20000E+00    3.00180E-09    0.00000E+00    2.08278E-08
 4.40000E+00    6.74790E-09    0.00000E+00    4.68199E-08
 4.60000E+00    1.68120E-08    0.00000E+00    6.90430E-08
 4.80000E+00    3.81220E-08    0.00000E+00    1.56558E-07
 5.00000E+00    7.93020E-08    0.00000E+00    3.25675E-07
 5.20000E+00    1.69290E-07    0.00000E+00    6.95235E-07
 5.40000E+00    3.25100E-07    0.00000E+00    1.33511E-06
 5.60000E+00    6.18120E-07    0.00000E+00    2.53847E-06
 5.80000E+00    1.12979E-06    0.00000E+00    4.63978E-06
 6.00000E+00    1.96407E-06    0.00000E+00    8.06598E-06
 6.20000E+00    3.42726E-06    0.00000E+00    1.40750E-05
 6.40000E+00    5.77760E-06    0.00000E+00    2.37273E-05
 6.60000E+00    9.55025E-06    0.00000E+00    3.29662E-05
 6.80000E+00    1.56089E-05    0.00000E+00    5.38799E-05
 7.00000E+00    2.47989E-05    0.00000E+00    8.56027E-05
 7.20000E+00    3.88248E-05    0.00000E+00    1.34018E-04
 7.40000E+00    5.89411E-05    0.00000E+00    2.03457E-04
 7.60000E+00    8.88000E-05    0.00000E+00    3.06526E-04
 7.80000E+00    1.32101E-04    0.00000E+00    4.55996E-04
 8.00000E+00    1.91832E-04    0.00000E+00    6.62180E-04
 8.50000E+00    4.25609E-04    0.00000E+00    1.46915E-03
 9.00000E+00    6.18550E-04    0.00000E+00    1.91947E-03
 9.50000E+00    7.75193E-04    0.00000E+00    2.40556E-03
 1.00000E+01    1.01136E-03    0.00000E+00    3.13843E-03
 1.01411E+01    1.15012E-03    0.00000E+00    3.56903E-03
 1.02842E+01    1.29084E-03    0.00000E+00    4.00571E-03
 1.04292E+01    1.43356E-03    0.00000E+00    4.44859E-03
 1.05000E+01    1.50315E-03    0.00000E+00    4.66454E-03
 1.06481E+01    1.80004E-03    0.00000E+00    5.58585E-03
 1.07984E+01    2.10113E-03    0.00000E+00    6.52018E-03
 1.09507E+01    2.40646E-03    0.00000E+00    7.46768E-03
 1.10000E+01    2.50525E-03    0.00000E+00    7.77424E-03
 1.11552E+01    3.10079E-03    0.00000E+00    9.62230E-03
 1.13126E+01    3.70474E-03    0.00000E+00    1.14965E-02
 1.14722E+01    4.31720E-03    0.00000E+00    1.33970E-02
 1.15000E+01    4.42400E-03    0.00000E+00    1.37285E-02
 1.16622E+01    5.50108E-03    0.00000E+00    1.70708E-02
 1.18268E+01    6.59336E-03    0.00000E+00    2.04604E-02
 1.19936E+01    7.70105E-03    0.00000E+00    2.38977E-02
 1.20000E+01    7.74332E-03    0.00000E+00    2.40289E-02
 1.21693E+01    1.00612E-02    0.00000E+00    3.12217E-02
 1.23410E+01    1.24117E-02    0.00000E+00    3.85157E-02
 1.25000E+01    1.45888E-02    0.00000E+00    4.52716E-02
 1.26764E+01    1.87966E-02    0.00000E+00    5.83292E-02
 1.28552E+01    2.30638E-02    0.00000E+00    7.15711E-02
 1.30000E+01    2.65190E-02    8.72139E-03    4.43166E-02
 1.31834E+01    3.46422E-02    1.13929E-02    5.78915E-02
 1.33694E+01    4.28799E-02    1.41021E-02    7.16577E-02
 1.35000E+01    4.86642E-02    1.60044E-02    8.13240E-02
 1.36905E+01    6.32442E-02    2.07993E-02    1.05689E-01
 1.38836E+01    7.80298E-02    2.56619E-02    1.30398E-01
 1.40000E+01    8.69397E-02    2.85921E-02    1.45287E-01
 1.41975E+01    1.14981E-01    3.78142E-02    1.92148E-01
 1.43978E+01    1.43417E-01    4.71660E-02    2.39668E-01
 1.45000E+01    1.57924E-01    5.19370E-02    2.63911E-01
 1.47046E+01    2.03257E-01    6.68458E-02    3.39668E-01
 1.49120E+01    2.49230E-01    8.19651E-02    4.16495E-01
 1.50000E+01    2.68726E-01    8.83768E-02    4.49075E-01
 1.52116E+01    3.60561E-01    1.18579E-01    6.02543E-01
 1.54262E+01    4.53691E-01    1.49207E-01    7.58175E-01
 1.56439E+01    5.48135E-01    1.80267E-01    9.16003E-01
 1.58646E+01    6.43912E-01    2.11765E-01    1.07606E+00
 1.60000E+01    7.02680E-01    3.38531E-01    1.06683E+00
 1.62257E+01    9.03163E-01    4.35118E-01    1.37121E+00
 1.64546E+01    1.10647E+00    5.33068E-01    1.67988E+00
 1.66868E+01    1.31266E+00    6.32400E-01    1.99291E+00
 1.69222E+01    1.52174E+00    7.33133E-01    2.31036E+00
 1.70000E+01    1.59083E+00    7.66416E-01    2.41524E+00
 1.72398E+01    1.95798E+00    9.43297E-01    2.97266E+00
 1.74831E+01    2.33030E+00    1.12267E+00    3.53793E+00
 1.77297E+01    2.70788E+00    1.30458E+00    4.11118E+00
 1.79799E+01    3.09079E+00    1.48905E+00    4.69252E+00
 1.80000E+01    3.12163E+00    1.50391E+00    4.73935E+00
 1.82539E+01    3.73978E+00    1.80172E+00    5.67784E+00
 1.85115E+01    4.36665E+00    2.10373E+00    6.62958E+00
 1.87726E+01    5.00237E+00    2.41000E+00    7.59474E+00
 1.90000E+01    5.55580E+00    2.67663E+00    8.43498E+00
 1.92681E+01    6.54595E+00    3.15365E+00    9.93825E+00
 1.95399E+01    7.55007E+00    3.63741E+00    1.14627E+01
 1.98156E+01    8.56836E+00    4.12799E+00    1.30087E+01
 2.00000E+01    9.24963E+00    4.67772E+00    1.38215E+01
 2.02822E+01    1.02141E+01    5.16545E+00    1.52627E+01
 2.05683E+01    1.11921E+01    5.66006E+00    1.67241E+01
 2.08585E+01    1.21839E+01    6.16165E+00    1.82062E+01
 2.10000E+01    1.26676E+01    6.40625E+00    1.89289E+01
 2.12963E+01    1.36996E+01    6.92815E+00    2.04710E+01
 2.15967E+01    1.47461E+01    7.45740E+00    2.20348E+01
 2.19014E+01    1.58074E+01    7.99412E+00    2.36207E+01
 2.20000E+01    1.61508E+01    8.16778E+00    2.41338E+01
 2.23104E+01    1.66896E+01    8.44024E+00    2.49389E+01
 2.26251E+01    1.72359E+01    8.71654E+00    2.57553E+01
 2.29443E+01    1.77900E+01    8.99675E+00    2.65832E+01
 2.30000E+01    1.78866E+01    9.04561E+00    2.67276E+01
 2.33245E+01    1.79038E+01    9.05432E+00    2.67533E+01
 2.36536E+01    1.79213E+01    9.06316E+00    2.67795E+01
 2.39873E+01    1.79390E+01    9.07212E+00    2.68059E+01
 2.40000E+01    1.79397E+01    9.20310E+00    2.66763E+01
 2.43386E+01    1.81924E+01    9.33275E+00    2.70521E+01
 2.46820E+01    1.84487E+01    9.46423E+00    2.74332E+01
 2.50000E+01    1.86861E+01    9.58601E+00    2.77862E+01
 2.53527E+01    1.88487E+01    9.66944E+00    2.80280E+01
 2.57104E+01    1.90137E+01    9.75405E+00    2.82733E+01
 2.60000E+01    1.91472E+01    9.82255E+00    2.84718E+01
 2.63668E+01    1.92091E+01    9.85432E+00    2.85639E+01
 2.67388E+01    1.92719E+01    9.88653E+00    2.86573E+01
 2.70000E+01    1.93160E+01    9.90915E+00    2.87229E+01
 2.73809E+01    1.92479E+01    9.87423E+00    2.86216E+01
 2.77672E+01    1.91789E+01    9.83881E+00    2.85190E+01
 2.80000E+01    1.91373E+01    9.81747E+00    2.84571E+01
 2.83950E+01    1.89109E+01    9.70131E+00    2.81204E+01
 2.87956E+01    1.86812E+01    9.58352E+00    2.77790E+01
 2.90000E+01    1.85641E+01    9.52342E+00    2.76048E+01
 2.94091E+01    1.82710E+01    9.37308E+00    2.71690E+01
 2.98240E+01    1.79738E+01    9.22061E+00    2.67271E+01
 3.00000E+01    1.78478E+01    9.15596E+00    2.65396E+01
