# p + Pd110 : (p,np)    
# tendl.2019 A.J. Koning                       EVAL-OCT19
# uncertainties: y
# # energies =    17
#   E(MeV)       xs(mb)       xslow(mb)      xsupp(mb)
 8.87636E+00    0.00000E+00   -0.00000E+00    0.00000E+00
 1.00000E+01    4.36882E-05    0.00000E+00    1.09440E-04
 1.10000E+01    1.57834E-03    0.00000E+00    3.95378E-03
 1.20000E+01    1.76149E-02    0.00000E+00    4.41257E-02
 1.30000E+01    1.17915E-01    0.00000E+00    2.95380E-01
 1.40000E+01    5.72335E-01    2.17435E-01    9.27235E-01
 1.50000E+01    2.01033E+00    7.63742E-01    3.25692E+00
 1.60000E+01    4.96885E+00    1.88771E+00    8.04999E+00
 1.70000E+01    9.81493E+00    3.72878E+00    1.59011E+01
 1.80000E+01    1.66395E+01    9.16818E+00    2.41108E+01
 1.90000E+01    2.53306E+01    1.39569E+01    3.67043E+01
 2.00000E+01    3.64188E+01    2.00664E+01    5.27712E+01
 2.20000E+01    6.23763E+01    3.47978E+01    8.99548E+01
 2.40000E+01    8.90022E+01    4.96515E+01    1.28353E+02
 2.60000E+01    1.12229E+02    5.97223E+01    1.64736E+02
 2.80000E+01    1.29609E+02    6.89710E+01    1.90247E+02
 3.00000E+01    1.41412E+02    7.52519E+01    2.07572E+02
