# p + Sm152 : (p,n')    
# tendl.2019 A.J. Koning                       EVAL-OCT19
# uncertainties: y
# # energies =    55
#   E(MeV)       xs(mb)       xslow(mb)      xsupp(mb)
 2.67432E+00    0.00000E+00    0.00000E+00    0.00000E+00
 2.72022E+00    8.66343E-06    1.08328E-06    1.62436E-05
 2.74005E+00    1.99936E-05    2.50000E-06    3.74872E-05
 2.75209E+00    2.68727E-05    3.36017E-06    5.03853E-05
 2.75880E+00    3.07066E-05    3.83956E-06    5.75737E-05
 2.76452E+00    3.39748E-05    4.24821E-06    6.37013E-05
 2.77396E+00    3.93686E-05    4.92264E-06    7.38145E-05
 2.78315E+00    4.46193E-05    5.57920E-06    8.36594E-05
 2.78532E+00    4.58592E-05    5.73424E-06    8.59842E-05
 2.78650E+00    4.65334E-05    5.81853E-06    8.72482E-05
 2.82316E+00    6.74795E-05    8.43764E-06    1.26521E-04
 3.00000E+00    2.44038E-03    3.05146E-04    4.57562E-03
 4.00000E+00    1.42368E-01    1.78017E-02    2.66934E-01
 5.00000E+00    1.95594E+00    6.30461E-01    3.28141E+00
 6.00000E+00    1.23779E+01    3.98978E+00    2.07660E+01
 7.00000E+00    4.80770E+01    3.53941E+01    6.07599E+01
 8.00000E+00    1.29568E+02    9.53877E+01    1.63749E+02
 9.00000E+00    2.55855E+02    1.88360E+02    3.23351E+02
 1.00000E+01    1.87026E+02    1.39022E+02    2.35030E+02
 1.10000E+01    9.87053E+01    7.33705E+01    1.24040E+02
 1.20000E+01    5.98536E+01    4.44909E+01    7.52163E+01
 1.30000E+01    4.78882E+01    3.55967E+01    6.01797E+01
 1.40000E+01    4.46263E+01    3.07653E+01    5.84872E+01
 1.50000E+01    4.41636E+01    3.04463E+01    5.78808E+01
 1.60000E+01    4.43147E+01    3.05505E+01    5.80789E+01
 1.70000E+01    4.42711E+01    3.05205E+01    5.80217E+01
 1.80000E+01    4.44701E+01    3.07065E+01    5.82337E+01
 1.90000E+01    4.38845E+01    3.03022E+01    5.74669E+01
 2.00000E+01    4.31327E+01    2.97831E+01    5.64823E+01
 2.20000E+01    4.17233E+01    2.92695E+01    5.41772E+01
 2.40000E+01    3.97882E+01    2.79120E+01    5.16644E+01
 2.60000E+01    3.77929E+01    2.67674E+01    4.88185E+01
 2.80000E+01    3.57067E+01    2.52898E+01    4.61236E+01
 3.00000E+01    3.37693E+01    2.39176E+01    4.36210E+01
 3.00000E+01    3.24737E+01    2.30000E+01    4.19475E+01
 3.50000E+01    2.75972E+01    1.95461E+01    3.56483E+01
 4.00000E+01    2.32439E+01    1.64629E+01    3.00250E+01
 4.50000E+01    1.98896E+01    1.40871E+01    2.56920E+01
 5.00000E+01    1.69264E+01    1.19884E+01    2.18645E+01
 5.50000E+01    1.45879E+01    1.03321E+01    1.88436E+01
 6.00000E+01    1.24403E+01    8.81101E+00    1.60695E+01
 6.50000E+01    1.10179E+01    7.80361E+00    1.42322E+01
 7.00000E+01    9.43551E+00    6.68284E+00    1.21882E+01
 7.50000E+01    8.31332E+00    5.88803E+00    1.07386E+01
 8.00000E+01    7.32638E+00    5.18902E+00    9.46375E+00
 9.00000E+01    5.71961E+00    4.05100E+00    7.38822E+00
 1.00000E+02    4.77202E+00    3.37986E+00    6.16419E+00
 1.10000E+02    3.99381E+00    2.82867E+00    5.15894E+00
 1.20000E+02    3.43723E+00    2.43447E+00    4.44000E+00
 1.30000E+02    2.94128E+00    2.08320E+00    3.79935E+00
 1.40000E+02    2.64239E+00    1.87151E+00    3.41327E+00
 1.50000E+02    2.34738E+00    1.66257E+00    3.03219E+00
 1.60000E+02    2.12765E+00    1.50694E+00    2.74836E+00
 1.80000E+02    1.80569E+00    1.27890E+00    2.33247E+00
 2.00000E+02    1.51872E+00    1.07566E+00    1.96179E+00
