# n + Xe130 : (n,n'29)  
# tendl.2019 A.J. Koning and D. Rochman        EVAL-NOV19
# uncertainties: n
# # energies =    59
#   E(MeV)       xs(mb) 
 2.56419E+00    0.00000E+00
 2.60000E+00    9.78963E+00
 2.62868E+00    1.25130E+01
 2.80000E+00    2.87811E+01
 3.00000E+00    3.18207E+01
 3.20000E+00    2.95477E+01
 3.40000E+00    2.56778E+01
 3.60000E+00    2.14729E+01
 3.80000E+00    1.74614E+01
 4.00000E+00    1.39025E+01
 4.20000E+00    1.09015E+01
 4.40000E+00    8.46152E+00
 4.60000E+00    6.52796E+00
 4.80000E+00    5.02391E+00
 5.00000E+00    3.86406E+00
 5.20000E+00    2.97644E+00
 5.40000E+00    2.29846E+00
 5.60000E+00    1.78035E+00
 5.80000E+00    1.38324E+00
 6.00000E+00    1.07787E+00
 6.20000E+00    8.42132E-01
 6.40000E+00    6.57844E-01
 6.60000E+00    5.15552E-01
 6.80000E+00    4.05008E-01
 7.00000E+00    3.18503E-01
 7.20000E+00    2.51073E-01
 7.40000E+00    1.97742E-01
 7.60000E+00    1.56317E-01
 7.80000E+00    1.23576E-01
 8.00000E+00    9.77876E-02
 8.50000E+00    5.48996E-02
 9.00000E+00    3.11525E-02
 9.50000E+00    1.78894E-02
 1.00000E+01    1.03722E-02
 1.05000E+01    6.05627E-03
 1.10000E+01    3.55706E-03
 1.15000E+01    2.10027E-03
 1.20000E+01    1.24692E-03
 1.25000E+01    7.44622E-04
 1.30000E+01    4.47491E-04
 1.35000E+01    2.70668E-04
 1.40000E+01    1.64867E-04
 1.45000E+01    1.01151E-04
 1.50000E+01    6.25102E-05
 1.60000E+01    2.44031E-05
 1.70000E+01    9.80139E-06
 1.80000E+01    4.04178E-06
 1.90000E+01    1.70556E-06
 2.00000E+01    7.29260E-07
 2.10000E+01    3.19360E-07
 2.20000E+01    1.42060E-07
 2.30000E+01    6.43240E-08
 2.40000E+01    2.95220E-08
 2.50000E+01    1.37480E-08
 2.60000E+01    6.49710E-09
 2.70000E+01    3.11410E-09
 2.80000E+01    1.51270E-09
 2.90000E+01    7.43890E-10
 3.00000E+01    3.70070E-10
