# n + Xe130 : (n,xn)    
# tendl.2019 A.J. Koning and D. Rochman        EVAL-NOV19
# 
# # energies =   129
#   E(MeV)        xs(mb) 
 5.40230E-01    0.00000E+00
 6.00000E-01    2.53412E+02
 7.00000E-01    4.29094E+02
 8.00000E-01    5.38063E+02
 9.00000E-01    6.27850E+02
 1.00000E+00    7.07812E+02
 1.13082E+00    7.59668E+02
 1.20000E+00    9.30132E+02
 1.21397E+00    9.41155E+02
 1.40000E+00    1.13002E+03
 1.60000E+00    1.26802E+03
 1.60275E+00    1.26778E+03
 1.64526E+00    1.29133E+03
 1.80000E+00    1.45129E+03
 1.80745E+00    1.45363E+03
 1.82221E+00    1.46095E+03
 1.95924E+00    1.55072E+03
 2.00000E+00    1.57759E+03
 2.03272E+00    1.58085E+03
 2.07559E+00    1.59109E+03
 2.09813E+00    1.59758E+03
 2.11974E+00    1.60716E+03
 2.16689E+00    1.63591E+03
 2.18849E+00    1.66576E+03
 2.20000E+00    1.68603E+03
 2.24076E+00    1.68541E+03
 2.26033E+00    1.68726E+03
 2.31392E+00    1.70630E+03
 2.32571E+00    1.71491E+03
 2.32796E+00    1.71744E+03
 2.36417E+00    1.75955E+03
 2.38041E+00    1.77865E+03
 2.39365E+00    1.79658E+03
 2.40000E+00    1.80518E+03
 2.40473E+00    1.80550E+03
 2.44603E+00    1.81175E+03
 2.46100E+00    1.81537E+03
 2.51347E+00    1.82872E+03
 2.52164E+00    1.83248E+03
 2.55307E+00    1.85583E+03
 2.56419E+00    1.86525E+03
 2.60000E+00    1.90538E+03
 2.62868E+00    1.89883E+03
 2.80000E+00    2.01669E+03
 3.00000E+00    2.10923E+03
 3.20000E+00    2.18707E+03
 3.40000E+00    2.24949E+03
 3.60000E+00    2.29616E+03
 3.80000E+00    2.32904E+03
 4.00000E+00    2.34879E+03
 4.20000E+00    2.35729E+03
 4.40000E+00    2.35670E+03
 4.60000E+00    2.34818E+03
 4.80000E+00    2.33369E+03
 5.00000E+00    2.31505E+03
 5.20000E+00    2.29344E+03
 5.40000E+00    2.27032E+03
 5.60000E+00    2.24706E+03
 5.80000E+00    2.22442E+03
 6.00000E+00    2.20323E+03
 6.20000E+00    2.18401E+03
 6.40000E+00    2.16719E+03
 6.60000E+00    2.15294E+03
 6.80000E+00    2.14115E+03
 7.00000E+00    2.13184E+03
 7.20000E+00    2.12476E+03
 7.40000E+00    2.11973E+03
 7.60000E+00    2.11631E+03
 7.80000E+00    2.11410E+03
 8.00000E+00    2.11292E+03
 8.50000E+00    2.11208E+03
 9.00000E+00    2.11110E+03
 9.50000E+00    2.11813E+03
 1.00000E+01    2.25949E+03
 1.05000E+01    2.51484E+03
 1.10000E+01    2.79444E+03
 1.15000E+01    3.03906E+03
 1.20000E+01    3.20054E+03
 1.25000E+01    3.33399E+03
 1.30000E+01    3.42540E+03
 1.35000E+01    3.48614E+03
 1.40000E+01    3.52851E+03
 1.45000E+01    3.55799E+03
 1.50000E+01    3.57826E+03
 1.60000E+01    3.59958E+03
 1.70000E+01    3.61595E+03
 1.80000E+01    3.64962E+03
 1.90000E+01    3.73821E+03
 2.00000E+01    3.87986E+03
 2.10000E+01    4.05126E+03
 2.20000E+01    4.20818E+03
 2.30000E+01    4.33395E+03
 2.40000E+01    4.42136E+03
 2.50000E+01    4.47903E+03
 2.60000E+01    4.50992E+03
 2.70000E+01    4.52701E+03
 2.80000E+01    4.53981E+03
 2.90000E+01    4.56402E+03
 3.00000E+01    4.60811E+03
 3.00000E+01    4.61775E+03
 3.20000E+01    4.76387E+03
 3.40000E+01    4.91654E+03
 3.60000E+01    5.02477E+03
 3.80000E+01    5.08636E+03
 4.00000E+01    5.15430E+03
 4.20000E+01    5.23953E+03
 4.40000E+01    5.33153E+03
 4.60000E+01    5.40243E+03
 4.80000E+01    5.46054E+03
 5.00000E+01    5.50148E+03
 5.20000E+01    5.55905E+03
 5.40000E+01    5.61472E+03
 5.60000E+01    5.66334E+03
 5.80000E+01    5.71700E+03
 6.00000E+01    5.76579E+03
 6.50000E+01    5.88487E+03
 7.00000E+01    5.97489E+03
 7.50000E+01    6.08461E+03
 8.00000E+01    6.16460E+03
 9.00000E+01    6.36037E+03
 1.00000E+02    6.53768E+03
 1.10000E+02    6.72060E+03
 1.20000E+02    6.91058E+03
 1.30000E+02    7.36448E+03
 1.40000E+02    7.85929E+03
 1.50000E+02    8.39207E+03
 1.60000E+02    8.97026E+03
 1.80000E+02    1.02944E+04
 2.00000E+02    1.19066E+04
