# n + Xe130 : (n,4n)m   
# tendl.2019 A.J. Koning and D. Rochman        EVAL-NOV19
# uncertainties: n
# # energies =    35
#   E(MeV)       xs(mb) 
 2.62724E+01    0.00000E+00
 2.70000E+01    9.07574E-01
 2.80000E+01    8.04476E+00
 2.90000E+01    2.93231E+01
 3.00000E+01    7.21492E+01
 3.00000E+01    7.21537E+01
 3.20000E+01    2.15000E+02
 3.40000E+01    3.74779E+02
 3.60000E+01    4.97957E+02
 3.80000E+01    5.65763E+02
 4.00000E+01    5.70626E+02
 4.20000E+01    5.21730E+02
 4.40000E+01    4.39969E+02
 4.60000E+01    3.53673E+02
 4.80000E+01    2.80842E+02
 5.00000E+01    2.26908E+02
 5.20000E+01    1.91249E+02
 5.40000E+01    1.67222E+02
 5.60000E+01    1.51062E+02
 5.80000E+01    1.39961E+02
 6.00000E+01    1.30412E+02
 6.50000E+01    1.14953E+02
 7.00000E+01    1.03132E+02
 7.50000E+01    9.60293E+01
 8.00000E+01    8.88324E+01
 9.00000E+01    7.98559E+01
 1.00000E+02    7.27830E+01
 1.10000E+02    6.67865E+01
 1.20000E+02    6.26777E+01
 1.30000E+02    5.67196E+01
 1.40000E+02    5.17823E+01
 1.50000E+02    4.71599E+01
 1.60000E+02    4.35631E+01
 1.80000E+02    3.69715E+01
 2.00000E+02    3.15619E+01
