# n + Sn126 : (n,d)g    
# tendl.2019 A.J. Koning and D. Rochman        EVAL-NOV19
# uncertainties: y
# # energies =    23
#   E(MeV)       xs(mb)       xslow(mb)      xsupp(mb)
 1.06878E+01    0.00000E+00    0.00000E+00    0.00000E+00
 1.20000E+01    1.13110E-16    0.00000E+00    0.00000E+00
 1.25000E+01    3.71990E-13    0.00000E+00    0.00000E+00
 1.30000E+01    6.88190E-11    0.00000E+00    0.00000E+00
 1.35000E+01    1.79610E-09    0.00000E+00    0.00000E+00
 1.40000E+01    2.38620E-08    0.00000E+00    0.00000E+00
 1.45000E+01    3.57870E-07    0.00000E+00    0.00000E+00
 1.50000E+01    5.44810E-06    0.00000E+00    0.00000E+00
 1.60000E+01    2.76771E-04    0.00000E+00    0.00000E+00
 1.70000E+01    6.50312E-03    0.00000E+00    0.00000E+00
 1.80000E+01    5.51319E-02    0.00000E+00    0.00000E+00
 1.90000E+01    2.28642E-01    0.00000E+00    0.00000E+00
 2.00000E+01    5.98408E-01    0.00000E+00    0.00000E+00
 2.10000E+01    1.15004E+00    0.00000E+00    0.00000E+00
 2.20000E+01    1.85817E+00    0.00000E+00    0.00000E+00
 2.30000E+01    2.68196E+00    0.00000E+00    0.00000E+00
 2.40000E+01    3.57563E+00    0.00000E+00    0.00000E+00
 2.50000E+01    4.47803E+00    0.00000E+00    0.00000E+00
 2.60000E+01    5.30795E+00    0.00000E+00    0.00000E+00
 2.70000E+01    6.14893E+00    0.00000E+00    0.00000E+00
 2.80000E+01    6.70867E+00    0.00000E+00    0.00000E+00
 2.90000E+01    7.13824E+00    0.00000E+00    0.00000E+00
 3.00000E+01    7.42518E+00    0.00000E+00    0.00000E+00
