# n + Dy161 : (n,n'28)  
# jendl4.0   N.Iwamoto,S.Chiba                 EVAL-Nov09
# uncertainties: n
# # energies =    63
#   E(MeV)       xs(mb) 
 6.13653E-01    0.00000E+00
 6.32172E-01    2.81073E+01
 6.37136E-01    3.14136E+01
 6.46024E-01    3.58398E+01
 6.82575E-01    5.02148E+01
 6.92614E-01    5.30010E+01
 7.00000E-01    5.49563E+01
 7.00441E-01    5.50718E+01
 7.03522E-01    5.56932E+01
 7.21544E-01    5.93430E+01
 7.23104E-01    5.96307E+01
 7.35494E-01    6.19425E+01
 8.00000E-01    6.94493E+01
 9.00000E-01    7.36702E+01
 1.00000E+00    7.14983E+01
 1.10000E+00    6.71003E+01
 1.20000E+00    6.18744E+01
 1.30000E+00    5.61978E+01
 1.40000E+00    5.05442E+01
 1.50000E+00    4.50093E+01
 1.60000E+00    3.96066E+01
 1.70000E+00    3.45043E+01
 1.80000E+00    3.00813E+01
 1.90000E+00    2.59109E+01
 2.00000E+00    2.23352E+01
 2.25000E+00    1.49678E+01
 2.50000E+00    1.04280E+01
 2.75000E+00    7.05894E+00
 3.00000E+00    4.90374E+00
 3.50000E+00    2.33262E+00
 4.00000E+00    1.12090E+00
 4.50000E+00    5.48969E-01
 5.00000E+00    2.81988E-01
 5.50000E+00    1.58664E-01
 6.00000E+00    1.01435E-01
 6.50000E+00    7.40239E-02
 7.00000E+00    6.01109E-02
 7.50000E+00    5.23126E-02
 8.00000E+00    4.72993E-02
 8.50000E+00    4.36150E-02
 9.00000E+00    4.06270E-02
 9.50000E+00    3.80501E-02
 1.00000E+01    3.57620E-02
 1.05000E+01    3.37128E-02
 1.10000E+01    3.18173E-02
 1.15000E+01    3.01075E-02
 1.20000E+01    2.85138E-02
 1.25000E+01    2.70609E-02
 1.30000E+01    2.57031E-02
 1.35000E+01    2.44609E-02
 1.40000E+01    2.32981E-02
 1.45000E+01    2.22273E-02
 1.50000E+01    2.12232E-02
 1.55000E+01    2.02983E-02
 1.60000E+01    1.94321E-02
 1.65000E+01    1.86227E-02
 1.70000E+01    1.78649E-02
 1.75000E+01    1.71503E-02
 1.80000E+01    1.64806E-02
 1.85000E+01    1.58391E-02
 1.90000E+01    1.52373E-02
 1.95000E+01    1.46601E-02
 2.00000E+01    1.41184E-02
