# p + Ge 72 : (p,xa)    
# tendl.2019 A.J. Koning                       EVAL-OCT19
# 
# # energies =    52
#   E(MeV)        xs(mb) 
 5.21042E+00    9.26401E-01
 5.25709E+00    9.85965E-01
 5.42697E+00    1.20278E+00
 5.50293E+00    1.29972E+00
 5.52450E+00    1.32725E+00
 5.53307E+00    1.33819E+00
 5.57832E+00    1.39594E+00
 5.59587E+00    1.41834E+00
 5.60602E+00    1.43129E+00
 5.63062E+00    1.46269E+00
 5.65530E+00    1.49419E+00
 6.00000E+00    1.93412E+00
 7.00000E+00    3.13395E+00
 8.00000E+00    5.23698E+00
 9.00000E+00    7.23160E+00
 1.00000E+01    8.87681E+00
 1.10000E+01    1.05562E+01
 1.20000E+01    1.25018E+01
 1.30000E+01    1.48691E+01
 1.40000E+01    1.76649E+01
 1.50000E+01    2.10006E+01
 1.60000E+01    2.47977E+01
 1.70000E+01    2.88936E+01
 1.80000E+01    3.28567E+01
 1.90000E+01    3.70557E+01
 2.00000E+01    4.20163E+01
 2.20000E+01    5.10224E+01
 2.40000E+01    5.67587E+01
 2.60000E+01    6.07187E+01
 2.80000E+01    6.55196E+01
 3.00000E+01    7.01907E+01
 3.00000E+01    7.04400E+01
 3.50000E+01    7.29138E+01
 4.00000E+01    7.04211E+01
 4.50000E+01    6.86702E+01
 5.00000E+01    6.78919E+01
 5.50000E+01    6.81544E+01
 6.00000E+01    6.81167E+01
 6.50000E+01    6.83012E+01
 7.00000E+01    6.86230E+01
 7.50000E+01    6.95178E+01
 8.00000E+01    6.97468E+01
 9.00000E+01    7.54188E+01
 1.00000E+02    8.42155E+01
 1.10000E+02    9.14763E+01
 1.20000E+02    9.80495E+01
 1.30000E+02    1.04218E+02
 1.40000E+02    1.10766E+02
 1.50000E+02    1.16868E+02
 1.60000E+02    1.22547E+02
 1.80000E+02    1.35709E+02
 2.00000E+02    1.53268E+02
