# n + Xe129 : (n,tot)   
# tendl.2019 A.J. Koning and D. Rochman        EVAL-NOV19
# uncertainties: y
# # energies =   171
#   E(MeV)       xs(mb)       xslow(mb)      xsupp(mb)
 1.00000E-11    2.40594E+05    2.07174E+05    2.74014E+05
 1.00000E-07    1.57562E+04    1.44384E+04    1.70739E+04
 4.13990E-07    1.29770E+04    1.20271E+04    1.39270E+04
 5.31580E-07    1.23627E+04    1.14799E+04    1.32455E+04
 6.82560E-07    1.18101E+04    1.09667E+04    1.26535E+04
 8.76420E-07    1.13119E+04    1.05225E+04    1.21013E+04
 1.12540E-06    1.08637E+04    1.01221E+04    1.16053E+04
 1.44500E-06    1.04608E+04    9.74667E+03    1.11749E+04
 1.85540E-06    1.01076E+04    9.41763E+03    1.07977E+04
 2.37240E-06    9.80492E+03    9.14138E+03    1.04685E+04
 3.05900E-06    9.59309E+03    8.94994E+03    1.02362E+04
 3.92790E-06    9.57868E+03    8.93650E+03    1.02209E+04
 5.04350E-06    1.02071E+04    9.57376E+03    1.08404E+04
 6.47600E-06    1.57276E+04    1.48566E+04    1.65986E+04
 8.31530E-06    7.87388E+05    7.53558E+05    8.21218E+05
 1.06770E-05    1.63008E+04    1.56454E+04    1.69563E+04
 1.37100E-05    8.43676E+03    8.09752E+03    8.77601E+03
 1.76030E-05    7.27792E+03    6.75215E+03    7.80370E+03
 2.26030E-05    6.75896E+03    6.21843E+03    7.29948E+03
 2.92030E-05    6.42222E+03    5.90863E+03    6.93581E+03
 3.72670E-05    6.16279E+03    5.64524E+03    6.68033E+03
 4.78510E-05    5.93407E+03    5.42296E+03    6.44517E+03
 6.14420E-05    5.76382E+03    5.25448E+03    6.27317E+03
 7.88930E-05    1.26367E+05    1.15315E+05    1.37419E+05
 1.01300E-04    8.80329E+04    8.55024E+04    9.05634E+04
 1.30070E-04    3.93049E+04    3.81751E+04    4.04347E+04
 1.67020E-04    3.44816E+04    3.34905E+04    3.54728E+04
 2.14450E-04    2.12509E+04    2.03106E+04    2.21912E+04
 2.75360E-04    6.26890E+03    5.99151E+03    6.54628E+03
 3.53580E-04    2.40757E+04    2.30284E+04    2.51229E+04
 4.54000E-04    3.74686E+04    3.64175E+04    3.85197E+04
 5.82950E-04    2.95399E+04    2.87255E+04    3.03543E+04
 7.48520E-04    2.18582E+04    1.47149E+04    2.90015E+04
 9.61120E-04    1.80015E+04    1.52543E+04    2.07487E+04
 1.23410E-03    1.41482E+04    1.37037E+04    1.45928E+04
 1.58460E-03    1.53141E+04    1.47112E+04    1.59171E+04
 2.03470E-03    1.30976E+04    1.26141E+04    1.35812E+04
 2.24870E-03    1.38613E+04    1.33496E+04    1.43731E+04
 2.48520E-03    3.87078E+04    3.72787E+04    4.01370E+04
 2.61260E-03    1.12569E+04    1.08413E+04    1.16725E+04
 2.74650E-03    7.53214E+03    7.25404E+03    7.81024E+03
 3.03540E-03    1.35168E+04    1.29347E+04    1.40989E+04
 3.35460E-03    1.33204E+04    1.27467E+04    1.38940E+04
 3.70740E-03    1.34860E+04    1.29052E+04    1.40668E+04
 4.30740E-03    1.07267E+04    1.87843E+03    1.95749E+04
 5.53080E-03    9.66164E+03    1.69193E+03    1.76314E+04
 7.10170E-03    8.96883E+03    1.57061E+03    1.63671E+04
 9.11880E-03    8.24949E+03    1.44464E+03    1.50543E+04
 1.17090E-02    7.79294E+03    1.36468E+03    1.42212E+04
 1.50340E-02    7.25373E+03    1.27026E+03    1.32372E+04
 1.93050E-02    6.81144E+03    1.19281E+03    1.24301E+04
 2.18750E-02    6.67395E+03    1.16873E+03    1.21792E+04
 2.35790E-02    6.60428E+03    1.15653E+03    1.20520E+04
 2.41760E-02    6.56797E+03    1.15017E+03    1.19858E+04
 2.47880E-02    6.51170E+03    1.14032E+03    1.18831E+04
 2.60580E-02    6.44512E+03    1.12866E+03    1.17616E+04
 2.70000E-02    6.37202E+03    1.11586E+03    1.16282E+04
 2.85000E-02    6.23735E+03    1.09227E+03    1.13824E+04
 3.18280E-02    6.11989E+03    4.38965E+03    7.85014E+03
 3.43070E-02    5.95852E+03    4.27390E+03    7.64313E+03
 4.08680E-02    5.80225E+03    4.16181E+03    7.44269E+03
 4.63090E-02    5.69795E+03    4.08700E+03    7.30889E+03
 5.24750E-02    5.60499E+03    4.02033E+03    7.18966E+03
 5.65620E-02    5.49420E+03    3.94086E+03    7.04755E+03
 6.73790E-02    5.42278E+03    3.88963E+03    6.95594E+03
 7.20000E-02    5.37350E+03    3.85428E+03    6.89271E+03
 7.95000E-02    5.33011E+03    3.82316E+03    6.83706E+03
 8.25000E-02    5.30146E+03    3.80261E+03    6.80031E+03
 8.65170E-02    5.23986E+03    3.75842E+03    6.72130E+03
 9.80370E-02    5.17313E+03    3.71056E+03    6.63569E+03
 1.11090E-01    5.15664E+03    3.69873E+03    6.61454E+03
 1.16790E-01    5.14746E+03    3.69215E+03    6.60277E+03
 1.22770E-01    5.13781E+03    3.68522E+03    6.59039E+03
 1.29070E-01    5.12765E+03    3.67794E+03    6.57736E+03
 1.35690E-01    5.11699E+03    3.67029E+03    6.56369E+03
 1.42640E-01    5.10577E+03    3.66225E+03    6.54930E+03
 1.49960E-01    5.09419E+03    3.65394E+03    6.53444E+03
 1.57640E-01    5.08535E+03    3.64760E+03    6.52311E+03
 1.65730E-01    5.07727E+03    3.64181E+03    6.51274E+03
 1.74220E-01    5.06878E+03    3.63571E+03    6.50185E+03
 1.83160E-01    5.05985E+03    3.62930E+03    6.49039E+03
 1.92550E-01    5.05110E+03    3.62303E+03    6.47917E+03
 2.02420E-01    5.05732E+03    4.32565E+03    5.78898E+03
 2.12800E-01    5.07047E+03    4.33690E+03    5.80404E+03
 2.23710E-01    5.08429E+03    4.34872E+03    5.81986E+03
 2.35180E-01    5.09883E+03    4.36116E+03    5.83650E+03
 2.47240E-01    5.12214E+03    4.38109E+03    5.86318E+03
 2.73240E-01    5.14705E+03    4.40240E+03    5.89170E+03
 2.87250E-01    5.16025E+03    4.41370E+03    5.90681E+03
 2.94520E-01    5.16642E+03    4.41897E+03    5.91387E+03
 2.97200E-01    5.16888E+03    4.42107E+03    5.91669E+03
 2.98500E-01    5.17076E+03    4.42268E+03    5.91884E+03
 3.01970E-01    5.16808E+03    4.42039E+03    5.91577E+03
 3.33730E-01    5.23481E+03    4.47746E+03    5.99215E+03
 3.68830E-01    5.30404E+03    4.53668E+03    6.07140E+03
 3.87740E-01    5.35077E+03    4.57665E+03    6.12490E+03
 4.07620E-01    5.39125E+03    4.61127E+03    6.17122E+03
 4.50490E-01    5.48931E+03    4.69515E+03    6.28348E+03
 4.97870E-01    5.56720E+03    4.76177E+03    6.37264E+03
 5.23400E-01    5.59572E+03    4.78616E+03    6.40528E+03
 5.50230E-01    5.64335E+03    4.82690E+03    6.45980E+03
 5.78440E-01    5.71334E+03    4.88676E+03    6.53992E+03
 6.08100E-01    5.78339E+03    5.38300E+03    6.18378E+03
 6.39280E-01    5.83431E+03    5.43040E+03    6.23823E+03
 6.72060E-01    5.88927E+03    5.48155E+03    6.29699E+03
 7.06510E-01    5.94728E+03    5.53555E+03    6.35902E+03
 7.42740E-01    6.00334E+03    5.58772E+03    6.41896E+03
 7.80820E-01    6.05793E+03    5.63853E+03    6.47732E+03
 8.20850E-01    6.10140E+03    5.67899E+03    6.52381E+03
 8.62940E-01    6.15442E+03    5.72834E+03    6.58050E+03
 9.07180E-01    6.20733E+03    5.77759E+03    6.63707E+03
 9.61640E-01    6.25023E+03    5.81752E+03    6.68294E+03
 1.00260E+00    6.30563E+03    5.67839E+03    6.93288E+03
 1.10800E+00    6.35261E+03    5.72070E+03    6.98453E+03
 1.16480E+00    6.38234E+03    5.74747E+03    7.01721E+03
 1.22460E+00    6.39357E+03    5.75758E+03    7.02956E+03
 1.28730E+00    6.40374E+03    5.76674E+03    7.04074E+03
 1.35340E+00    6.41185E+03    5.77404E+03    7.04966E+03
 1.42270E+00    6.39917E+03    5.76262E+03    7.03572E+03
 1.49570E+00    6.38003E+03    5.74538E+03    7.01467E+03
 1.57240E+00    6.35486E+03    5.72273E+03    6.98700E+03
 1.65300E+00    6.31088E+03    5.68312E+03    6.93864E+03
 1.73770E+00    6.26314E+03    5.64013E+03    6.88616E+03
 1.82680E+00    6.20335E+03    5.40108E+03    7.00563E+03
 1.92050E+00    6.13133E+03    5.33837E+03    6.92429E+03
 2.01900E+00    6.05563E+03    5.27246E+03    6.83880E+03
 2.12250E+00    5.97372E+03    5.20115E+03    6.74630E+03
 2.23130E+00    5.89930E+03    5.13635E+03    6.66225E+03
 2.30690E+00    5.85310E+03    5.09612E+03    6.61007E+03
 2.34570E+00    5.82954E+03    5.07562E+03    6.58347E+03
 2.36530E+00    5.81364E+03    5.06176E+03    6.56551E+03
 2.38520E+00    5.77325E+03    5.02660E+03    6.51990E+03
 2.46600E+00    5.69004E+03    4.95415E+03    6.42593E+03
 2.59240E+00    5.58588E+03    4.86347E+03    6.30830E+03
 2.72530E+00    5.48622E+03    5.01543E+03    5.95701E+03
 2.86500E+00    5.38651E+03    4.92427E+03    5.84874E+03
 3.01190E+00    5.28514E+03    4.83161E+03    5.73868E+03
 3.16640E+00    5.19048E+03    4.74506E+03    5.63589E+03
 3.32870E+00    5.04609E+03    4.61307E+03    5.47911E+03
 3.67880E+00    4.85865E+03    4.44171E+03    5.27558E+03
 4.06570E+00    4.67673E+03    4.27541E+03    5.07806E+03
 4.49330E+00    4.54408E+03    4.15414E+03    4.93402E+03
 4.72370E+00    4.45792E+03    4.30792E+03    4.60793E+03
 4.96590E+00    4.37940E+03    4.23204E+03    4.52676E+03
 5.22050E+00    4.30438E+03    4.15954E+03    4.44922E+03
 5.48810E+00    4.24063E+03    4.09794E+03    4.38333E+03
 5.76950E+00    4.18745E+03    4.04655E+03    4.32835E+03
 6.06530E+00    4.14729E+03    4.00774E+03    4.28684E+03
 6.37630E+00    4.12643E+03    3.98758E+03    4.26528E+03
 6.59240E+00    4.11788E+03    3.97931E+03    4.25644E+03
 6.70320E+00    4.11687E+03    3.98745E+03    4.24630E+03
 7.04690E+00    4.12945E+03    3.99963E+03    4.25927E+03
 7.40820E+00    4.15906E+03    4.02831E+03    4.28981E+03
 7.78800E+00    4.20215E+03    4.07004E+03    4.33426E+03
 8.18730E+00    4.26050E+03    4.12656E+03    4.39444E+03
 8.60710E+00    4.32259E+03    4.18669E+03    4.45848E+03
 9.04840E+00    4.38831E+03    4.25284E+03    4.52378E+03
 9.51230E+00    4.45767E+03    4.32006E+03    4.59528E+03
 1.00000E+01    4.52557E+03    4.38586E+03    4.66527E+03
 1.05130E+01    4.58582E+03    4.44425E+03    4.72738E+03
 1.10520E+01    4.63699E+03    4.49384E+03    4.78013E+03
 1.16180E+01    4.67854E+03    4.53411E+03    4.82297E+03
 1.22140E+01    4.70937E+03    4.56399E+03    4.85475E+03
 1.28400E+01    4.72838E+03    4.58242E+03    4.87435E+03
 1.34990E+01    4.73582E+03    4.56264E+03    4.90900E+03
 1.38400E+01    4.73640E+03    4.56320E+03    4.90960E+03
 1.41910E+01    4.73414E+03    4.56103E+03    4.90726E+03
 1.45500E+01    4.72907E+03    4.55614E+03    4.90200E+03
 1.49180E+01    4.71633E+03    4.54386E+03    4.88879E+03
 1.56830E+01    4.68754E+03    4.51612E+03    4.85895E+03
 1.64870E+01    4.64574E+03    4.39898E+03    4.89251E+03
