# n + Xe129 : (n,n'18)  
# tendl.2019 A.J. Koning and D. Rochman        EVAL-NOV19
# uncertainties: n
# # energies =    79
#   E(MeV)       xs(mb) 
 8.52297E-01    0.00000E+00
 8.74842E-01    1.03528E-04
 9.00000E-01    2.19056E-04
 9.11394E-01    3.50179E-04
 9.15730E-01    4.00078E-04
 9.53432E-01    8.33954E-04
 9.93413E-01    1.29406E-03
 1.00000E+00    1.36986E-03
 1.00349E+00    1.52458E-03
 1.03031E+00    2.71359E-03
 1.04008E+00    3.14671E-03
 1.06786E+00    4.37828E-03
 1.09801E+00    5.71491E-03
 1.20000E+00    1.02364E-02
 1.20385E+00    1.07049E-02
 1.20521E+00    1.08705E-02
 1.40000E+00    3.45763E-02
 1.60000E+00    7.64595E-02
 1.80000E+00    1.32220E-01
 2.00000E+00    1.95259E-01
 2.20000E+00    2.58095E-01
 2.40000E+00    3.13816E-01
 2.60000E+00    3.57211E-01
 2.80000E+00    3.85023E-01
 3.00000E+00    3.96261E-01
 3.20000E+00    3.91942E-01
 3.40000E+00    3.74855E-01
 3.60000E+00    3.48363E-01
 3.80000E+00    3.16117E-01
 4.00000E+00    2.81250E-01
 4.20000E+00    2.46235E-01
 4.40000E+00    2.12840E-01
 4.60000E+00    1.82166E-01
 4.80000E+00    1.54801E-01
 5.00000E+00    1.30931E-01
 5.20000E+00    1.10405E-01
 5.40000E+00    9.29182E-02
 5.60000E+00    7.81881E-02
 5.80000E+00    6.57796E-02
 6.00000E+00    5.52747E-02
 6.20000E+00    4.65990E-02
 6.40000E+00    3.91087E-02
 6.60000E+00    3.29356E-02
 6.80000E+00    2.77750E-02
 7.00000E+00    2.34030E-02
 7.20000E+00    1.97762E-02
 7.40000E+00    1.66844E-02
 7.60000E+00    1.40730E-02
 7.80000E+00    1.18721E-02
 8.00000E+00    9.99199E-03
 8.50000E+00    6.48197E-03
 9.00000E+00    4.17610E-03
 9.50000E+00    2.67307E-03
 1.00000E+01    1.70239E-03
 1.05000E+01    1.08081E-03
 1.10000E+01    6.85411E-04
 1.15000E+01    4.34863E-04
 1.20000E+01    2.76513E-04
 1.25000E+01    1.76465E-04
 1.30000E+01    1.13145E-04
 1.35000E+01    7.29381E-05
 1.40000E+01    4.72997E-05
 1.45000E+01    3.08675E-05
 1.50000E+01    2.02630E-05
 1.60000E+01    8.88223E-06
 1.70000E+01    3.97543E-06
 1.80000E+01    1.81278E-06
 1.90000E+01    8.38630E-07
 2.00000E+01    3.89930E-07
 2.10000E+01    1.84080E-07
 2.20000E+01    8.75410E-08
 2.30000E+01    4.20520E-08
 2.40000E+01    2.04270E-08
 2.50000E+01    1.00590E-08
 2.60000E+01    5.01120E-09
 2.70000E+01    2.52330E-09
 2.80000E+01    1.28610E-09
 2.90000E+01    6.62010E-10
 3.00000E+01    3.43730E-10
