# p + Yb171 : (p,xt)    
# tendl.2019 A.J. Koning                       EVAL-OCT19
# 
# # energies =    55
#   E(MeV)        xs(mb) 
 2.27409E+00    0.00000E+00
 2.34564E+00    0.00000E+00
 2.34753E+00    0.00000E+00
 2.39687E+00    0.00000E+00
 2.43440E+00    0.00000E+00
 2.48175E+00    0.00000E+00
 2.48347E+00    0.00000E+00
 2.49610E+00    0.00000E+00
 2.54481E+00    0.00000E+00
 2.57141E+00    0.00000E+00
 2.60986E+00    0.00000E+00
 3.00000E+00    0.00000E+00
 4.00000E+00    0.00000E+00
 5.00000E+00    0.00000E+00
 6.00000E+00    0.00000E+00
 7.00000E+00    1.40126E-14
 8.00000E+00    5.17734E-14
 9.00000E+00    8.95342E-14
 1.00000E+01    1.27295E-13
 1.10000E+01    1.73940E-10
 1.20000E+01    1.29800E-08
 1.30000E+01    8.20156E-07
 1.40000E+01    3.13051E-05
 1.50000E+01    5.55528E-04
 1.60000E+01    5.13086E-03
 1.70000E+01    2.75949E-02
 1.80000E+01    9.53618E-02
 1.90000E+01    2.36286E-01
 2.00000E+01    4.64853E-01
 2.20000E+01    1.17267E+00
 2.40000E+01    2.13351E+00
 2.60000E+01    3.24254E+00
 2.80000E+01    4.43436E+00
 3.00000E+01    5.62259E+00
 3.00000E+01    5.66246E+00
 3.50000E+01    8.55533E+00
 4.00000E+01    1.11399E+01
 4.50000E+01    1.32381E+01
 5.00000E+01    1.50839E+01
 5.50000E+01    1.68345E+01
 6.00000E+01    1.84784E+01
 6.50000E+01    2.02586E+01
 7.00000E+01    2.23746E+01
 7.50000E+01    2.48427E+01
 8.00000E+01    2.74241E+01
 9.00000E+01    3.22630E+01
 1.00000E+02    3.71556E+01
 1.10000E+02    3.98024E+01
 1.20000E+02    4.29704E+01
 1.30000E+02    4.71590E+01
 1.40000E+02    5.14462E+01
 1.50000E+02    5.64152E+01
 1.60000E+02    6.50043E+01
 1.80000E+02    1.57945E+02
 2.00000E+02    2.56462E+02
