# p + Kr 80 : (p,xp)    
# tendl.2019 A.J. Koning                       EVAL-OCT19
# 
# # energies =    51
#   E(MeV)        xs(mb) 
 6.58216E+00    1.76657E+02
 6.75962E+00    1.89913E+02
 6.82103E+00    1.94500E+02
 6.92088E+00    2.01959E+02
 6.96277E+00    2.05088E+02
 6.98477E+00    2.06731E+02
 7.00000E+00    2.07869E+02
 7.00594E+00    2.07419E+02
 7.05778E+00    2.03489E+02
 7.06062E+00    2.03274E+02
 7.07419E+00    2.02245E+02
 7.08229E+00    2.01631E+02
 8.00000E+00    1.32067E+02
 9.00000E+00    1.45595E+02
 1.00000E+01    1.90033E+02
 1.10000E+01    2.35126E+02
 1.20000E+01    2.68583E+02
 1.30000E+01    2.92976E+02
 1.40000E+01    3.39996E+02
 1.50000E+01    5.48002E+02
 1.60000E+01    7.64691E+02
 1.70000E+01    8.62762E+02
 1.80000E+01    8.50383E+02
 1.90000E+01    8.21153E+02
 2.00000E+01    8.06008E+02
 2.20000E+01    8.02737E+02
 2.40000E+01    8.27840E+02
 2.60000E+01    9.17500E+02
 2.80000E+01    1.01618E+03
 3.00000E+01    1.07795E+03
 3.00000E+01    1.08478E+03
 3.50000E+01    1.11353E+03
 4.00000E+01    1.17087E+03
 4.50000E+01    1.24018E+03
 5.00000E+01    1.26268E+03
 5.50000E+01    1.29012E+03
 6.00000E+01    1.31583E+03
 6.50000E+01    1.34211E+03
 7.00000E+01    1.36142E+03
 7.50000E+01    1.37855E+03
 8.00000E+01    1.39710E+03
 9.00000E+01    1.43474E+03
 1.00000E+02    1.48172E+03
 1.10000E+02    1.53901E+03
 1.20000E+02    1.59888E+03
 1.30000E+02    1.66336E+03
 1.40000E+02    1.73384E+03
 1.50000E+02    1.81084E+03
 1.60000E+02    1.89782E+03
 1.80000E+02    2.09292E+03
 2.00000E+02    2.29846E+03
