# n + Sm148 : (n,a12)   
# endfb8.0   Kim,Mughabghab,Herman,Oblozinsky  EVAL-FEB06
# uncertainties: n
# # energies =    43
#   E(MeV)       xs(mb) 
 1.00000E-01    0.00000E+00
 1.50000E-01    2.33670E-12
 2.00000E-01    2.63250E-12
 3.00000E-01    2.09010E-11
 4.00000E-01    9.81230E-11
 5.00000E-01    3.43040E-10
 6.00000E-01    9.74090E-10
 7.00000E-01    2.44860E-09
 8.00000E-01    5.47380E-09
 9.00000E-01    3.14700E-08
 1.00000E+00    6.11840E-08
 1.10000E+00    1.14190E-07
 1.20000E+00    1.97310E-07
 1.30000E+00    2.76240E-07
 1.40000E+00    3.72820E-07
 1.50000E+00    5.06960E-07
 1.60000E+00    7.05760E-07
 1.70000E+00    5.60780E-07
 1.80000E+00    6.82500E-07
 1.90000E+00    7.88269E-06
 2.00000E+00    3.02158E-05
 2.20000E+00    9.09171E-05
 2.40000E+00    1.37328E-04
 2.60000E+00    1.71939E-04
 3.00000E+00    2.39016E-04
 4.00000E+00    3.80957E-04
 5.00000E+00    5.37412E-04
 6.00000E+00    6.37098E-04
 7.00000E+00    6.91056E-04
 8.00000E+00    7.36379E-04
 9.00000E+00    6.53396E-04
 1.00000E+01    4.34740E-04
 1.10000E+01    2.32608E-04
 1.20000E+01    1.07141E-04
 1.30000E+01    4.83565E-05
 1.40000E+01    2.20815E-05
 1.45000E+01    1.49602E-05
 1.50000E+01    1.01983E-05
 1.60000E+01    4.83022E-06
 1.70000E+01    2.37881E-06
 1.80000E+01    1.20126E-06
 1.90000E+01    6.24130E-07
 2.00000E+01    3.33160E-07
