# n + Cd114 : (n,xd)    
# tendl.2019 A.J. Koning and D. Rochman        EVAL-NOV19
# 
# # energies =   129
#   E(MeV)        xs(mb) 
 5.63401E-01    0.00000E+00
 6.00000E-01    0.00000E+00
 7.00000E-01    0.00000E+00
 8.00000E-01    0.00000E+00
 9.00000E-01    0.00000E+00
 1.00000E+00    0.00000E+00
 1.14458E+00    0.00000E+00
 1.20000E+00    0.00000E+00
 1.22042E+00    0.00000E+00
 1.29511E+00    0.00000E+00
 1.31717E+00    0.00000E+00
 1.37643E+00    0.00000E+00
 1.40000E+00    0.00000E+00
 1.60000E+00    0.00000E+00
 1.74759E+00    0.00000E+00
 1.79980E+00    0.00000E+00
 1.80000E+00    0.00000E+00
 1.85826E+00    0.00000E+00
 1.87617E+00    0.00000E+00
 1.88077E+00    0.00000E+00
 1.94919E+00    0.00000E+00
 1.97543E+00    0.00000E+00
 2.00000E+00    0.00000E+00
 2.00793E+00    0.00000E+00
 2.06616E+00    0.00000E+00
 2.17133E+00    0.00000E+00
 2.20000E+00    0.00000E+00
 2.22408E+00    0.00000E+00
 2.23851E+00    0.00000E+00
 2.31929E+00    0.00000E+00
 2.33762E+00    0.00000E+00
 2.40000E+00    0.00000E+00
 2.40588E+00    0.00000E+00
 2.40844E+00    0.00000E+00
 2.41268E+00    0.00000E+00
 2.41722E+00    0.00000E+00
 2.42145E+00    0.00000E+00
 2.43386E+00    0.00000E+00
 2.45923E+00    0.00000E+00
 2.47775E+00    0.00000E+00
 2.48255E+00    0.00000E+00
 2.48703E+00    0.00000E+00
 2.60000E+00    0.00000E+00
 2.80000E+00    0.00000E+00
 3.00000E+00    0.00000E+00
 3.20000E+00    0.00000E+00
 3.40000E+00    0.00000E+00
 3.60000E+00    0.00000E+00
 3.80000E+00    0.00000E+00
 4.00000E+00    0.00000E+00
 4.20000E+00    0.00000E+00
 4.40000E+00    0.00000E+00
 4.60000E+00    0.00000E+00
 4.80000E+00    0.00000E+00
 5.00000E+00    0.00000E+00
 5.20000E+00    0.00000E+00
 5.40000E+00    0.00000E+00
 5.60000E+00    0.00000E+00
 5.80000E+00    0.00000E+00
 6.00000E+00    0.00000E+00
 6.20000E+00    0.00000E+00
 6.40000E+00    0.00000E+00
 6.60000E+00    0.00000E+00
 6.80000E+00    0.00000E+00
 7.00000E+00    0.00000E+00
 7.20000E+00    0.00000E+00
 7.40000E+00    0.00000E+00
 7.60000E+00    0.00000E+00
 7.80000E+00    0.00000E+00
 8.00000E+00    0.00000E+00
 8.50000E+00    9.52518E-16
 9.00000E+00    2.21856E-15
 9.50000E+00    3.48460E-15
 1.00000E+01    7.46320E-12
 1.05000E+01    4.11590E-09
 1.10000E+01    1.40670E-07
 1.15000E+01    1.03818E-05
 1.20000E+01    7.73256E-05
 1.25000E+01    1.11755E-03
 1.30000E+01    5.57060E-03
 1.35000E+01    2.05291E-02
 1.40000E+01    5.99742E-02
 1.45000E+01    1.45887E-01
 1.50000E+01    1.46544E-01
 1.60000E+01    5.59668E-01
 1.70000E+01    1.37478E+00
 1.80000E+01    2.55014E+00
 1.90000E+01    3.98383E+00
 2.00000E+01    5.60785E+00
 2.10000E+01    7.45887E+00
 2.20000E+01    9.25681E+00
 2.30000E+01    1.11872E+01
 2.40000E+01    1.29959E+01
 2.50000E+01    1.47781E+01
 2.60000E+01    1.65193E+01
 2.70000E+01    1.82178E+01
 2.80000E+01    1.98738E+01
 2.90000E+01    2.22453E+01
 3.00000E+01    2.37549E+01
 3.00000E+01    2.37587E+01
 3.20000E+01    2.66522E+01
 3.40000E+01    2.93628E+01
 3.60000E+01    3.19049E+01
 3.80000E+01    3.42991E+01
 4.00000E+01    3.67203E+01
 4.20000E+01    3.88654E+01
 4.40000E+01    4.09345E+01
 4.60000E+01    4.29400E+01
 4.80000E+01    4.49030E+01
 5.00000E+01    4.67710E+01
 5.20000E+01    4.87597E+01
 5.40000E+01    5.07155E+01
 5.60000E+01    5.27079E+01
 5.80000E+01    5.47536E+01
 6.00000E+01    5.68796E+01
 6.50000E+01    6.21798E+01
 7.00000E+01    6.85810E+01
 7.50000E+01    7.41561E+01
 8.00000E+01    8.20032E+01
 9.00000E+01    8.89511E+01
 1.00000E+02    9.66474E+01
 1.10000E+02    1.00596E+02
 1.20000E+02    1.06651E+02
 1.30000E+02    1.16284E+02
 1.40000E+02    1.30569E+02
 1.50000E+02    1.52495E+02
 1.60000E+02    1.87609E+02
 1.80000E+02    3.01471E+02
 2.00000E+02    4.63862E+02
