# n + Fe 58 : (n,n'01)  
# jendl4.0   S.IIJIMA,H.YAMAKOSHI              EVAL-MAR87
# uncertainties: n
# # energies =   317
#   E(MeV)       xs(mb) 
 8.24917E-01    0.00000E+00
 8.25198E-01    1.17916E+00
 8.25757E-01    3.52825E+00
 8.26313E-01    5.85900E+00
 8.27417E-01    1.04841E+01
 8.28504E-01    1.50369E+01
 8.29577E-01    1.95185E+01
 8.30633E-01    2.39302E+01
 8.32718E-01    3.26156E+01
 8.34742E-01    4.10296E+01
 8.36708E-01    4.91806E+01
 8.38617E-01    5.70769E+01
 8.40470E-01    6.47265E+01
 8.42270E-01    7.21370E+01
 8.45767E-01    8.64949E+01
 8.49058E-01    9.99554E+01
 8.52156E-01    1.12575E+02
 8.55070E-01    1.24405E+02
 8.57812E-01    1.35496E+02
 8.60389E-01    1.45894E+02
 8.65244E-01    1.65390E+02
 8.69514E-01    1.82449E+02
 8.73267E-01    1.97376E+02
 8.76565E-01    2.10437E+02
 8.82366E-01    2.33293E+02
 8.86742E-01    2.50436E+02
 8.93346E-01    2.76149E+02
 9.00000E-01    3.01863E+02
 9.11931E-01    3.10542E+02
 9.22501E-01    3.18136E+02
 9.31850E-01    3.24781E+02
 9.48439E-01    3.36409E+02
 9.61075E-01    3.45130E+02
 9.80344E-01    3.58212E+02
 1.00000E+00    3.71294E+02
 1.01404E+00    3.78718E+02
 1.02739E+00    3.85678E+02
 1.04006E+00    3.92202E+02
 1.06424E+00    4.04437E+02
 1.08586E+00    4.15141E+02
 1.10514E+00    4.24508E+02
 1.12228E+00    4.32704E+02
 1.13751E+00    4.39875E+02
 1.16464E+00    4.52425E+02
 1.18542E+00    4.61838E+02
 1.21728E+00    4.75956E+02
 1.25000E+00    4.90075E+02
 1.27881E+00    5.00652E+02
 1.30457E+00    5.09907E+02
 1.32754E+00    5.18006E+02
 1.34796E+00    5.25091E+02
 1.38446E+00    5.37492E+02
 1.41248E+00    5.46792E+02
 1.45558E+00    5.60743E+02
 1.50000E+00    5.74693E+02
 1.54856E+00    5.86638E+02
 1.58600E+00    5.95596E+02
 1.64388E+00    6.09034E+02
 1.70386E+00    6.22472E+02
 1.72678E+00    5.96587E+02
 1.75000E+00    5.70702E+02
 1.87083E+00    5.66919E+02
 2.00000E+00    5.63136E+02
 2.11265E+00    5.61157E+02
 2.17105E+00    5.53963E+02
 2.20198E+00    5.44577E+02
 2.24919E+00    5.30499E+02
 2.29742E+00    5.16420E+02
 2.33831E+00    5.08921E+02
 2.37469E+00    5.02359E+02
 2.43972E+00    4.90875E+02
 2.48965E+00    4.82263E+02
 2.52778E+00    4.75803E+02
 2.58606E+00    4.66114E+02
 2.64568E+00    4.56425E+02
 2.69068E+00    4.49444E+02
 2.75963E+00    4.38974E+02
 2.83034E+00    4.28503E+02
 2.87801E+00    4.15018E+02
 2.92648E+00    4.01534E+02
 2.96301E+00    3.88540E+02
 3.00000E+00    3.75546E+02
 3.06807E+00    3.64181E+02
 3.13769E+00    3.52815E+02
 3.18755E+00    3.37098E+02
 3.23802E+00    3.28414E+02
 3.28929E+00    3.19730E+02
 3.30048E+00    3.14370E+02
 3.33676E+00    3.07668E+02
 3.39193E+00    2.97614E+02
 3.44801E+00    2.87561E+02
 3.51261E+00    2.77690E+02
 3.57013E+00    2.69054E+02
 3.62123E+00    2.61496E+02
 3.66654E+00    2.54884E+02
 3.70665E+00    2.49098E+02
 3.77791E+00    2.38972E+02
 3.83225E+00    2.31378E+02
 3.87351E+00    2.25683E+02
 3.93625E+00    2.17139E+02
 4.00000E+00    2.08596E+02
 4.05618E+00    2.02742E+02
 4.10956E+00    1.97253E+02
 4.16024E+00    1.92108E+02
 4.20833E+00    1.87284E+02
 4.25391E+00    1.82762E+02
 4.29709E+00    1.78522E+02
 4.33797E+00    1.74547E+02
 4.41568E+00    1.67095E+02
 4.48481E+00    1.60574E+02
 4.54618E+00    1.54868E+02
 4.60058E+00    1.49875E+02
 4.64871E+00    1.45507E+02
 4.69123E+00    1.41684E+02
 4.76659E+00    1.34995E+02
 4.82390E+00    1.29978E+02
 4.86733E+00    1.26215E+02
 4.93322E+00    1.20571E+02
 5.00000E+00    1.14927E+02
 5.05730E+00    1.11615E+02
 5.11162E+00    1.08510E+02
 5.16307E+00    1.05600E+02
 5.21177E+00    1.02871E+02
 5.25785E+00    1.00313E+02
 5.30142E+00    9.79141E+01
 5.38409E+00    9.34172E+01
 5.45748E+00    8.94823E+01
 5.52252E+00    8.60393E+01
 5.58006E+00    8.30267E+01
 5.63090E+00    8.03906E+01
 5.67577E+00    7.80841E+01
 5.75514E+00    7.40476E+01
 5.81540E+00    7.10203E+01
 5.86101E+00    6.87498E+01
 5.93010E+00    6.53440E+01
 6.00000E+00    6.19383E+01
 6.05809E+00    6.00484E+01
 6.11305E+00    5.82766E+01
 6.16504E+00    5.66156E+01
 6.21417E+00    5.50584E+01
 6.26059E+00    5.35985E+01
 6.34857E+00    5.08612E+01
 6.42656E+00    4.84661E+01
 6.49559E+00    4.63703E+01
 6.55660E+00    4.45365E+01
 6.61045E+00    4.29320E+01
 6.65793E+00    4.15280E+01
 6.74185E+00    3.90710E+01
 6.80548E+00    3.72283E+01
 6.85360E+00    3.58462E+01
 6.92641E+00    3.37732E+01
 7.00000E+00    3.17001E+01
 7.05866E+00    3.06857E+01
 7.11411E+00    2.97346E+01
 7.16648E+00    2.88430E+01
 7.21593E+00    2.80072E+01
 7.30958E+00    2.64399E+01
 7.39251E+00    2.50686E+01
 7.46585E+00    2.38686E+01
 7.53062E+00    2.28187E+01
 7.58775E+00    2.19000E+01
 7.63810E+00    2.10961E+01
 7.72701E+00    1.96894E+01
 7.79437E+00    1.86343E+01
 7.84528E+00    1.78430E+01
 7.92226E+00    1.66560E+01
 8.00000E+00    1.54691E+01
 8.05911E+00    1.49618E+01
 8.11492E+00    1.44861E+01
 8.16759E+00    1.40402E+01
 8.26728E+00    1.32041E+01
 8.35550E+00    1.24725E+01
 8.43347E+00    1.18324E+01
 8.50229E+00    1.12723E+01
 8.56297E+00    1.07822E+01
 8.61641E+00    1.03534E+01
 8.66345E+00    9.97815E+00
 8.74639E+00    9.32150E+00
 8.80912E+00    8.82901E+00
 8.85645E+00    8.45964E+00
 8.92794E+00    7.90559E+00
 9.00000E+00    7.35154E+00
 9.05946E+00    7.11011E+00
 9.11556E+00    6.88376E+00
 9.22169E+00    6.45937E+00
 9.31557E+00    6.08802E+00
 9.39849E+00    5.76309E+00
 9.47165E+00    5.47878E+00
 9.53614E+00    5.23001E+00
 9.59292E+00    5.01233E+00
 9.64289E+00    4.82187E+00
 9.73095E+00    4.48855E+00
 9.79753E+00    4.23856E+00
 9.84776E+00    4.05107E+00
 9.92359E+00    3.76984E+00
 1.00000E+01    3.48860E+00
 1.01146E+01    3.30334E+00
 1.02232E+01    3.12965E+00
 1.03261E+01    2.96683E+00
 1.04235E+01    2.81417E+00
 1.05157E+01    2.67106E+00
 1.06028E+01    2.53690E+00
 1.06852E+01    2.41112E+00
 1.07630E+01    2.29320E+00
 1.08364E+01    2.18265E+00
 1.09057E+01    2.07901E+00
 1.09711E+01    1.98184E+00
 1.10327E+01    1.89075E+00
 1.10908E+01    1.80536E+00
 1.11456E+01    1.72530E+00
 1.11971E+01    1.65024E+00
 1.12945E+01    1.50951E+00
 1.13804E+01    1.38637E+00
 1.14560E+01    1.27863E+00
 1.15227E+01    1.18435E+00
 1.15813E+01    1.10185E+00
 1.16328E+01    1.02967E+00
 1.16781E+01    9.66514E-01
 1.17178E+01    9.11250E-01
 1.17878E+01    8.14538E-01
 1.18405E+01    7.42004E-01
 1.18801E+01    6.87604E-01
 1.19399E+01    6.06003E-01
 1.20000E+01    5.24403E-01
 1.21162E+01    4.95195E-01
 1.22261E+01    4.67813E-01
 1.23301E+01    4.42142E-01
 1.24283E+01    4.18076E-01
 1.25212E+01    3.95514E-01
 1.26089E+01    3.74362E-01
 1.26916E+01    3.54532E-01
 1.27697E+01    3.35941E-01
 1.28433E+01    3.18512E-01
 1.29127E+01    3.02173E-01
 1.29781E+01    2.86854E-01
 1.30397E+01    2.72494E-01
 1.30978E+01    2.59030E-01
 1.31524E+01    2.46408E-01
 1.32555E+01    2.22742E-01
 1.33463E+01    2.02035E-01
 1.34264E+01    1.83915E-01
 1.34968E+01    1.68061E-01
 1.35587E+01    1.54189E-01
 1.36131E+01    1.42050E-01
 1.36608E+01    1.31429E-01
 1.37028E+01    1.22135E-01
 1.37765E+01    1.05872E-01
 1.38320E+01    9.36739E-02
 1.38738E+01    8.45256E-02
 1.39368E+01    7.08032E-02
 1.39684E+01    6.39420E-02
 1.40000E+01    5.70808E-02
 1.41213E+01    5.24595E-02
 1.42282E+01    4.84158E-02
 1.43225E+01    4.48776E-02
 1.44055E+01    4.17817E-02
 1.44785E+01    3.90727E-02
 1.45427E+01    3.67024E-02
 1.45991E+01    3.46284E-02
 1.46983E+01    3.09988E-02
 1.47731E+01    2.82767E-02
 1.48295E+01    2.62351E-02
 1.49145E+01    2.31726E-02
 1.49572E+01    2.16414E-02
 1.50000E+01    2.01102E-02
 1.51215E+01    1.85649E-02
 1.52286E+01    1.72128E-02
 1.53230E+01    1.60297E-02
 1.54060E+01    1.49945E-02
 1.54790E+01    1.40886E-02
 1.55432E+01    1.32961E-02
 1.56562E+01    1.19090E-02
 1.57414E+01    1.08688E-02
 1.58057E+01    1.00886E-02
 1.59025E+01    8.91824E-03
 1.59512E+01    8.33309E-03
 1.60000E+01    7.74794E-03
 1.61182E+01    7.35470E-03
 1.62298E+01    6.98604E-03
 1.63352E+01    6.64042E-03
 1.64346E+01    6.31641E-03
 1.65283E+01    6.01264E-03
 1.66166E+01    5.72786E-03
 1.66999E+01    5.46088E-03
 1.67783E+01    5.21058E-03
 1.68522E+01    4.97593E-03
 1.69916E+01    4.53596E-03
 1.71145E+01    4.15098E-03
 1.72227E+01    3.81413E-03
 1.73180E+01    3.51938E-03
 1.74018E+01    3.26148E-03
 1.74755E+01    3.03581E-03
 1.75402E+01    2.83835E-03
 1.75970E+01    2.66558E-03
 1.76969E+01    2.36322E-03
 1.77722E+01    2.13645E-03
 1.78289E+01    1.96638E-03
 1.79142E+01    1.71126E-03
 1.80000E+01    1.45615E-03
 1.81189E+01    1.39176E-03
 1.82311E+01    1.33139E-03
 1.83369E+01    1.27480E-03
 1.84367E+01    1.22174E-03
 1.85307E+01    1.17200E-03
 1.87083E+01    1.07874E-03
 1.88651E+01    9.97129E-04
 1.90034E+01    9.25723E-04
 1.91252E+01    8.63244E-04
 1.92324E+01    8.08574E-04
 1.93267E+01    7.60738E-04
 1.94096E+01    7.18881E-04
 1.94825E+01    6.82257E-04
 1.96106E+01    6.18164E-04
 1.97072E+01    5.70095E-04
 1.97800E+01    5.34042E-04
 1.98897E+01    4.79964E-04
 2.00000E+01    4.25886E-04
