# n + Pb205 : (n,2n)g   
# tendl.2019 A.J. Koning and D. Rochman        EVAL-NOV19
# uncertainties: y
# # energies =    67
#   E(MeV)       xs(mb)       xslow(mb)      xsupp(mb)
 6.76480E+00    0.00000E+00    0.00000E+00    0.00000E+00
 6.80000E+00    8.57621E-01    0.00000E+00    0.00000E+00
 7.00000E+00    9.61720E+00    0.00000E+00    0.00000E+00
 7.20000E+00    2.91037E+01    0.00000E+00    0.00000E+00
 7.40000E+00    5.99590E+01    0.00000E+00    0.00000E+00
 7.60000E+00    1.00055E+02    0.00000E+00    0.00000E+00
 7.80000E+00    1.47386E+02    0.00000E+00    0.00000E+00
 8.00000E+00    2.03368E+02    0.00000E+00    0.00000E+00
 8.50000E+00    4.10656E+02    0.00000E+00    0.00000E+00
 9.00000E+00    6.93405E+02    0.00000E+00    0.00000E+00
 9.50000E+00    9.67726E+02    0.00000E+00    0.00000E+00
 1.00000E+01    1.19863E+03    0.00000E+00    0.00000E+00
 1.05000E+01    1.36700E+03    0.00000E+00    0.00000E+00
 1.10000E+01    1.48223E+03    0.00000E+00    0.00000E+00
 1.15000E+01    1.55084E+03    0.00000E+00    0.00000E+00
 1.20000E+01    1.58804E+03    0.00000E+00    0.00000E+00
 1.25000E+01    1.60485E+03    0.00000E+00    0.00000E+00
 1.30000E+01    1.60822E+03    0.00000E+00    0.00000E+00
 1.35000E+01    1.60286E+03    0.00000E+00    0.00000E+00
 1.40000E+01    1.59146E+03    0.00000E+00    0.00000E+00
 1.45000E+01    1.57540E+03    0.00000E+00    0.00000E+00
 1.50000E+01    1.55623E+03    0.00000E+00    0.00000E+00
 1.60000E+01    1.49952E+03    0.00000E+00    0.00000E+00
 1.70000E+01    1.35610E+03    0.00000E+00    0.00000E+00
 1.80000E+01    1.11687E+03    0.00000E+00    0.00000E+00
 1.90000E+01    8.56767E+02    0.00000E+00    0.00000E+00
 2.00000E+01    6.42784E+02    0.00000E+00    0.00000E+00
 2.10000E+01    4.84185E+02    0.00000E+00    0.00000E+00
 2.20000E+01    3.78133E+02    0.00000E+00    0.00000E+00
 2.30000E+01    3.11123E+02    0.00000E+00    0.00000E+00
 2.40000E+01    2.69750E+02    0.00000E+00    0.00000E+00
 2.50000E+01    2.42398E+02    0.00000E+00    0.00000E+00
 2.60000E+01    2.23595E+02    0.00000E+00    0.00000E+00
 2.70000E+01    2.09690E+02    0.00000E+00    0.00000E+00
 2.80000E+01    1.98672E+02    0.00000E+00    0.00000E+00
 2.90000E+01    1.89390E+02    0.00000E+00    0.00000E+00
 3.00000E+01    1.81431E+02    0.00000E+00    0.00000E+00
 3.00000E+01    1.82430E+02    0.00000E+00    0.00000E+00
 3.20000E+01    1.70059E+02    0.00000E+00    0.00000E+00
 3.40000E+01    1.60291E+02    0.00000E+00    0.00000E+00
 3.60000E+01    1.49432E+02    0.00000E+00    0.00000E+00
 3.80000E+01    1.39710E+02    0.00000E+00    0.00000E+00
 4.00000E+01    1.31669E+02    0.00000E+00    0.00000E+00
 4.20000E+01    1.24591E+02    0.00000E+00    0.00000E+00
 4.40000E+01    1.17783E+02    0.00000E+00    0.00000E+00
 4.60000E+01    1.12784E+02    0.00000E+00    0.00000E+00
 4.80000E+01    1.06635E+02    0.00000E+00    0.00000E+00
 5.00000E+01    1.03050E+02    0.00000E+00    0.00000E+00
 5.20000E+01    1.00031E+02    0.00000E+00    0.00000E+00
 5.40000E+01    9.80768E+01    0.00000E+00    0.00000E+00
 5.60000E+01    9.51399E+01    0.00000E+00    0.00000E+00
 5.80000E+01    9.20221E+01    0.00000E+00    0.00000E+00
 6.00000E+01    9.00089E+01    0.00000E+00    0.00000E+00
 6.50000E+01    8.50128E+01    0.00000E+00    0.00000E+00
 7.00000E+01    8.16838E+01    0.00000E+00    0.00000E+00
 7.50000E+01    7.79007E+01    0.00000E+00    0.00000E+00
 8.00000E+01    7.54292E+01    0.00000E+00    0.00000E+00
 9.00000E+01    7.00193E+01    0.00000E+00    0.00000E+00
 1.00000E+02    6.55321E+01    0.00000E+00    0.00000E+00
 1.10000E+02    6.12972E+01    0.00000E+00    0.00000E+00
 1.20000E+02    5.76576E+01    0.00000E+00    0.00000E+00
 1.30000E+02    5.43863E+01    0.00000E+00    0.00000E+00
 1.40000E+02    5.13516E+01    0.00000E+00    0.00000E+00
 1.50000E+02    4.80282E+01    0.00000E+00    0.00000E+00
 1.60000E+02    4.55546E+01    0.00000E+00    0.00000E+00
 1.80000E+02    3.83385E+01    0.00000E+00    0.00000E+00
 2.00000E+02    3.35713E+01    0.00000E+00    0.00000E+00
