# n + Hg196 : (n,tot)   
# tendl.2019 A.J. Koning and D. Rochman        EVAL-NOV19
# uncertainties: y
# # energies =   171
#   E(MeV)       xs(mb)       xslow(mb)      xsupp(mb)
 1.00000E-11    3.40764E+07    2.88300E+07    3.93227E+07
 1.00000E-07    9.57714E+05    8.10766E+05    1.10466E+06
 4.13990E-07    4.96516E+05    4.20825E+05    5.72207E+05
 5.31580E-07    3.96983E+05    3.36700E+05    4.57266E+05
 6.82560E-07    3.11152E+05    2.63903E+05    3.58401E+05
 8.76420E-07    2.38677E+05    2.02711E+05    2.74643E+05
 1.12540E-06    1.79079E+05    1.52745E+05    2.05413E+05
 1.44500E-06    1.31502E+05    1.12164E+05    1.50839E+05
 1.85540E-06    9.50059E+04    8.10351E+04    1.08977E+05
 2.37240E-06    6.75324E+04    5.81681E+04    7.68967E+04
 3.05900E-06    4.75860E+04    4.14709E+04    5.37012E+04
 3.92790E-06    3.38517E+04    2.95015E+04    3.82019E+04
 5.04350E-06    2.45896E+04    2.19726E+04    2.72065E+04
 6.47600E-06    1.84835E+04    1.67063E+04    2.02606E+04
 8.31530E-06    1.45410E+04    1.33932E+04    1.56888E+04
 1.06770E-05    1.20209E+04    1.13034E+04    1.27384E+04
 1.37100E-05    1.04167E+04    9.79500E+03    1.10385E+04
 1.76030E-05    9.38897E+03    8.90450E+03    9.87344E+03
 2.26030E-05    8.71648E+03    8.26774E+03    9.16522E+03
 2.92030E-05    8.27846E+03    7.85227E+03    8.70465E+03
 3.72670E-05    7.98924E+03    7.55658E+03    8.42189E+03
 4.78510E-05    7.80870E+03    7.36980E+03    8.24760E+03
 6.14420E-05    7.87365E+03    7.41081E+03    8.33648E+03
 7.88930E-05    1.80115E+05    1.69103E+05    1.91126E+05
 1.01300E-04    8.07113E+03    7.64065E+03    8.50162E+03
 1.30070E-04    9.87916E+03    9.35224E+03    1.04061E+04
 1.67020E-04    1.39863E+04    1.32403E+04    1.47322E+04
 2.14450E-04    1.91857E+04    1.77120E+04    2.06594E+04
 2.75360E-04    3.77321E+04    3.48337E+04    4.06304E+04
 3.53580E-04    7.48677E+03    7.02724E+03    7.94629E+03
 4.54000E-04    2.03650E+04    1.92944E+04    2.14356E+04
 5.82950E-04    8.78192E+03    7.94833E+03    9.61551E+03
 7.48520E-04    2.82980E+04    2.58059E+04    3.07901E+04
 9.61120E-04    2.74972E+04    4.77253E+03    5.02218E+04
 1.23410E-03    2.61256E+04    4.53448E+03    4.77168E+04
 1.58460E-03    2.43979E+04    4.23461E+03    4.45612E+04
 2.03470E-03    2.32538E+04    4.03603E+03    4.24715E+04
 2.24870E-03    2.28139E+04    3.95968E+03    4.16682E+04
 2.48520E-03    2.24555E+04    3.89748E+03    4.10136E+04
 2.61260E-03    2.22002E+04    3.85317E+03    4.05473E+04
 2.74650E-03    2.17929E+04    3.78248E+03    3.98034E+04
 3.03540E-03    2.14052E+04    3.71518E+03    3.90953E+04
 3.35460E-03    2.11126E+04    3.66440E+03    3.85609E+04
 3.70740E-03    2.07014E+04    3.59302E+03    3.78098E+04
 4.30740E-03    1.99225E+04    3.45783E+03    3.63871E+04
 5.53080E-03    1.88914E+04    3.27887E+03    3.45039E+04
 7.10170E-03    1.81870E+04    1.15621E+04    2.48118E+04
 9.11880E-03    1.74303E+04    1.10811E+04    2.37795E+04
 1.17090E-02    1.68947E+04    1.07406E+04    2.30488E+04
 1.50340E-02    1.62574E+04    1.03354E+04    2.21794E+04
 1.93050E-02    1.57152E+04    9.99072E+03    2.14397E+04
 2.18750E-02    1.55129E+04    9.86209E+03    2.11636E+04
 2.35790E-02    1.54100E+04    9.79670E+03    2.10233E+04
 2.41760E-02    1.53564E+04    9.76262E+03    2.09502E+04
 2.47880E-02    1.52733E+04    9.70980E+03    2.08368E+04
 2.60580E-02    1.51750E+04    9.64732E+03    2.07027E+04
 2.70000E-02    1.50671E+04    9.57871E+03    2.05555E+04
 2.85000E-02    1.48654E+04    9.45051E+03    2.02804E+04
 3.18280E-02    1.46912E+04    1.25917E+04    1.67907E+04
 3.43070E-02    1.44576E+04    1.23915E+04    1.65238E+04
 4.08680E-02    1.41399E+04    1.21192E+04    1.61606E+04
 4.63090E-02    1.38350E+04    1.18579E+04    1.58122E+04
 5.24750E-02    1.35715E+04    1.16320E+04    1.55110E+04
 5.65620E-02    1.32463E+04    1.13532E+04    1.51393E+04
 6.73790E-02    1.29748E+04    1.11206E+04    1.48290E+04
 7.20000E-02    1.27773E+04    1.09513E+04    1.46033E+04
 7.95000E-02    1.26034E+04    1.08023E+04    1.44046E+04
 8.25000E-02    1.24886E+04    1.07039E+04    1.42734E+04
 8.65170E-02    1.22460E+04    1.04959E+04    1.39961E+04
 9.80370E-02    1.19004E+04    1.01997E+04    1.36010E+04
 1.11090E-01    1.16765E+04    1.00079E+04    1.33452E+04
 1.16790E-01    1.15415E+04    9.89210E+03    1.31909E+04
 1.22770E-01    1.13995E+04    9.77041E+03    1.30286E+04
 1.29070E-01    1.12505E+04    9.64268E+03    1.28583E+04
 1.35690E-01    1.11040E+04    9.51709E+03    1.26908E+04
 1.42640E-01    1.09544E+04    9.38894E+03    1.25199E+04
 1.49960E-01    1.07974E+04    9.25436E+03    1.23405E+04
 1.57640E-01    1.06406E+04    9.11999E+03    1.21613E+04
 1.65730E-01    1.04806E+04    8.98282E+03    1.19784E+04
 1.74220E-01    1.03124E+04    8.83863E+03    1.17861E+04
 1.83160E-01    1.01354E+04    8.68698E+03    1.15839E+04
 1.92550E-01    9.94974E+03    8.52783E+03    1.13716E+04
 2.02420E-01    9.77962E+03    7.67606E+03    1.18832E+04
 2.12800E-01    9.61830E+03    7.54944E+03    1.16872E+04
 2.23710E-01    9.44872E+03    7.41633E+03    1.14811E+04
 2.35180E-01    9.27043E+03    7.27639E+03    1.12645E+04
 2.47240E-01    9.00003E+03    7.06415E+03    1.09359E+04
 2.73240E-01    8.73565E+03    6.85664E+03    1.06147E+04
 2.87250E-01    8.59647E+03    6.74740E+03    1.04455E+04
 2.94520E-01    8.53149E+03    6.69639E+03    1.03666E+04
 2.97200E-01    8.50554E+03    6.67603E+03    1.03351E+04
 2.98500E-01    8.47451E+03    6.65167E+03    1.02973E+04
 3.01970E-01    8.27511E+03    6.49516E+03    1.00551E+04
 3.33730E-01    7.90930E+03    6.20804E+03    9.61057E+03
 3.68830E-01    7.63534E+03    5.99300E+03    9.27767E+03
 3.87740E-01    7.44540E+03    5.84392E+03    9.04689E+03
 4.07620E-01    7.12989E+03    5.59627E+03    8.66351E+03
 4.50490E-01    6.81258E+03    5.34721E+03    8.27794E+03
 4.97870E-01    6.58514E+03    5.16870E+03    8.00158E+03
 5.23400E-01    6.42370E+03    5.04198E+03    7.80542E+03
 5.50230E-01    6.26815E+03    4.91989E+03    7.61641E+03
 5.78440E-01    6.11851E+03    4.80244E+03    7.43458E+03
 6.08100E-01    5.97298E+03    4.28440E+03    7.66157E+03
 6.39280E-01    5.83431E+03    4.18493E+03    7.48369E+03
 6.72060E-01    5.70597E+03    4.09287E+03    7.31907E+03
 7.06510E-01    5.58461E+03    4.00582E+03    7.16340E+03
 7.42740E-01    5.47312E+03    3.92585E+03    7.02039E+03
 7.80820E-01    5.37239E+03    3.85360E+03    6.89119E+03
 8.20850E-01    5.28313E+03    3.78957E+03    6.77669E+03
 8.62940E-01    5.20020E+03    3.73009E+03    6.67032E+03
 9.07180E-01    5.10652E+03    3.66289E+03    6.55015E+03
 9.61640E-01    5.05658E+03    3.62707E+03    6.48609E+03
 1.00260E+00    5.01063E+03    4.12797E+03    5.89329E+03
 1.10800E+00    5.00331E+03    4.12194E+03    5.88469E+03
 1.16480E+00    5.02071E+03    4.13627E+03    5.90515E+03
 1.22460E+00    5.03899E+03    4.15133E+03    5.92664E+03
 1.28730E+00    5.06559E+03    4.17325E+03    5.95794E+03
 1.35340E+00    5.12190E+03    4.21964E+03    6.02416E+03
 1.42270E+00    5.18958E+03    4.27540E+03    6.10377E+03
 1.49570E+00    5.27030E+03    4.34190E+03    6.19871E+03
 1.57240E+00    5.36029E+03    4.41603E+03    6.30454E+03
 1.65300E+00    5.44829E+03    4.48853E+03    6.40805E+03
 1.73770E+00    5.58231E+03    4.59895E+03    6.56568E+03
 1.82680E+00    5.70693E+03    5.45389E+03    5.95997E+03
 1.92050E+00    5.85110E+03    5.59167E+03    6.11053E+03
 2.01900E+00    6.00612E+03    5.73981E+03    6.27242E+03
 2.12250E+00    6.15636E+03    5.88340E+03    6.42933E+03
 2.23130E+00    6.28189E+03    6.00336E+03    6.56042E+03
 2.30690E+00    6.35377E+03    6.07205E+03    6.63549E+03
 2.34570E+00    6.39042E+03    6.10707E+03    6.67376E+03
 2.36530E+00    6.41517E+03    6.13073E+03    6.69961E+03
 2.38520E+00    6.46482E+03    6.17818E+03    6.75146E+03
 2.46600E+00    6.58286E+03    6.29099E+03    6.87474E+03
 2.59240E+00    6.74372E+03    6.44471E+03    7.04273E+03
 2.72530E+00    6.86299E+03    6.21298E+03    7.51300E+03
 2.86500E+00    6.96612E+03    6.30634E+03    7.62590E+03
 3.01190E+00    7.05588E+03    6.38760E+03    7.72416E+03
 3.16640E+00    7.12474E+03    6.44994E+03    7.79954E+03
 3.32870E+00    7.18570E+03    6.50512E+03    7.86627E+03
 3.67880E+00    7.18841E+03    6.50758E+03    7.86924E+03
 4.06570E+00    7.09473E+03    6.42277E+03    7.76668E+03
 4.49330E+00    6.96743E+03    6.30753E+03    7.62733E+03
 4.72370E+00    6.85874E+03    6.20452E+03    7.51297E+03
 4.96590E+00    6.72597E+03    6.08440E+03    7.36753E+03
 5.22050E+00    6.57935E+03    5.95178E+03    7.20693E+03
 5.48810E+00    6.41172E+03    5.80013E+03    7.02331E+03
 5.76950E+00    6.23505E+03    5.64032E+03    6.82979E+03
 6.06530E+00    6.04933E+03    5.47231E+03    6.62635E+03
 6.37630E+00    5.88754E+03    5.32595E+03    6.44912E+03
 6.59240E+00    5.78840E+03    5.23627E+03    6.34053E+03
 6.70320E+00    5.66765E+03    5.30945E+03    6.02584E+03
 7.04690E+00    5.49028E+03    5.14329E+03    5.83727E+03
 7.40820E+00    5.33256E+03    4.99554E+03    5.66958E+03
 7.78800E+00    5.19802E+03    4.86951E+03    5.52654E+03
 8.18730E+00    5.08968E+03    4.76801E+03    5.41135E+03
 8.60710E+00    5.00427E+03    4.68800E+03    5.32054E+03
 9.04840E+00    4.94702E+03    4.76193E+03    5.13212E+03
 9.51230E+00    4.90613E+03    4.72256E+03    5.08969E+03
 1.00000E+01    4.88465E+03    4.70189E+03    5.06742E+03
 1.05130E+01    4.88319E+03    4.70049E+03    5.06590E+03
 1.10520E+01    4.90046E+03    4.71710E+03    5.08381E+03
 1.16180E+01    4.93477E+03    4.75013E+03    5.11940E+03
 1.22140E+01    4.98853E+03    4.80188E+03    5.17517E+03
 1.28400E+01    5.06049E+03    4.87114E+03    5.24983E+03
 1.34990E+01    5.12484E+03    4.92080E+03    5.32887E+03
 1.38400E+01    5.17195E+03    4.96604E+03    5.37786E+03
 1.41910E+01    5.22157E+03    5.01369E+03    5.42946E+03
 1.45500E+01    5.27238E+03    5.06247E+03    5.48229E+03
 1.49180E+01    5.34883E+03    5.13588E+03    5.56178E+03
 1.56830E+01    5.44565E+03    5.22884E+03    5.66245E+03
 1.64870E+01    5.52808E+03    5.31877E+03    5.73740E+03
