# n + Ca 41 : (n,a10)   
# endfb8.0      G. Nobre, D. Brown, M. Herman  EVAL-Jul17
# uncertainties: n
# # energies =    33
#   E(MeV)       xs(mb) 
 1.00000E-11    0.00000E+00
 2.53000E-08    0.00000E+00
 1.00000E-03    0.00000E+00
 2.25000E+00    2.59491E-04
 2.50000E+00    1.71540E-03
 2.75000E+00    6.59403E-03
 3.00000E+00    2.24755E-02
 3.20000E+00    4.76381E-02
 3.40000E+00    9.40133E-02
 3.60000E+00    1.77564E-01
 3.80000E+00    3.06673E-01
 4.00000E+00    4.88551E-01
 4.20000E+00    7.65030E-01
 4.40000E+00    1.14913E+00
 4.60000E+00    1.62827E+00
 4.80000E+00    2.22884E+00
 5.00000E+00    2.85172E+00
 5.50000E+00    4.33517E+00
 6.00000E+00    5.27054E+00
 7.00000E+00    5.08685E+00
 8.00000E+00    3.79429E+00
 9.00000E+00    2.55841E+00
 1.00000E+01    1.68847E+00
 1.10000E+01    1.09091E+00
 1.20000E+01    7.08500E-01
 1.30000E+01    4.83208E-01
 1.40000E+01    3.36003E-01
 1.50000E+01    2.46023E-01
 1.60000E+01    1.70157E-01
 1.70000E+01    1.31655E-01
 1.80000E+01    1.05259E-01
 1.90000E+01    8.61249E-02
 2.00000E+01    6.32502E-02
