# n + Ca 41 : (n,tot)   
# endfb8.0      G. Nobre, D. Brown, M. Herman  EVAL-Jul17
# uncertainties: n
# # energies =    69
#   E(MeV)       xs(mb) 
 1.00000E-10    6.12803E+06
 5.00000E-09    1.66855E+06
 1.00000E-08    1.26368E+06
 1.50000E-08    1.06168E+06
 2.00000E-08    9.34042E+05
 2.50000E-08    8.43895E+05
 3.00000E-08    7.75683E+05
 3.50000E-08    7.13272E+05
 4.20000E-08    6.52397E+05
 5.00000E-08    6.01752E+05
 5.80000E-08    5.59199E+05
 6.70000E-08    5.16195E+05
 8.00000E-08    4.67045E+05
 1.00000E-07    4.06322E+05
 1.40000E-07    3.50643E+05
 1.80000E-07    3.13107E+05
 2.20000E-07    2.88312E+05
 2.50000E-07    2.71427E+05
 2.80000E-07    2.59404E+05
 3.00000E-07    2.50822E+05
 3.20000E-07    2.41305E+05
 3.50000E-07    2.28300E+05
 4.00000E-07    2.08866E+05
 5.00000E-07    1.86826E+05
 6.25000E-07    1.67158E+05
 7.80000E-07    1.54736E+05
 8.50000E-07    1.48870E+05
 9.10000E-07    1.44787E+05
 9.50000E-07    1.42386E+05
 9.72000E-07    1.40743E+05
 9.96000E-07    1.39030E+05
 1.02000E-06    1.37373E+05
 1.04500E-06    1.35714E+05
 1.07100E-06    1.34070E+05
 1.09700E-06    1.32562E+05
 1.12300E-06    1.31033E+05
 1.15000E-06    1.26275E+05
 1.30000E-06    1.18161E+05
 1.50000E-06    1.04916E+05
 2.10000E-06    9.13789E+04
 2.60000E-06    8.16190E+04
 3.30000E-06    7.32717E+04
 4.00000E-06    5.61607E+04
 9.87700E-06    3.94893E+04
 1.59680E-05    3.05392E+04
 2.77000E-05    2.31858E+04
 4.80520E-05    1.80274E+04
 7.55014E-05    1.36269E+04
 1.48728E-04    9.20989E+03
 3.67262E-04    5.86106E+03
 9.06898E-04    2.81885E+04
 1.42510E-03    2.85429E+04
 2.23945E-03    2.36084E+04
 3.51910E-03    1.86438E+04
 5.53000E-03    1.43610E+04
 9.11800E-03    1.15144E+04
 1.50300E-02    9.17285E+03
 2.47800E-02    7.60780E+03
 4.08500E-02    5.89241E+03
 6.73400E-02    4.78337E+03
 1.11000E-01    4.08742E+03
 1.83000E-01    3.44609E+03
 3.02000E-01    3.07336E+03
 5.00000E-01    2.93546E+03
 8.21000E-01    3.04105E+03
 1.35300E+00    3.35871E+03
 2.23100E+00    3.55520E+03
 3.67900E+00    3.30391E+03
 6.06500E+00    2.76261E+03
