# p + Er166 : (p,d)     
# tendl.2019 A.J. Koning                       EVAL-OCT19
# uncertainties: y
# # energies =    18
#   E(MeV)       xs(mb)       xslow(mb)      xsupp(mb)
 6.28913E+00    0.00000E+00   -0.00000E+00    0.00000E+00
 9.00000E+00    1.20379E-12    0.00000E+00    6.94688E-12
 1.00000E+01    4.20457E-09    0.00000E+00    1.85710E-08
 1.10000E+01    9.01741E-07    0.00000E+00    3.98287E-06
 1.20000E+01    6.06577E-05    0.00000E+00    2.67917E-04
 1.30000E+01    1.47984E-03    0.00000E+00    6.53626E-03
 1.40000E+01    1.74779E-02    0.00000E+00    5.66714E-02
 1.50000E+01    1.18090E-01    0.00000E+00    3.82902E-01
 1.60000E+01    4.90789E-01    0.00000E+00    1.59136E+00
 1.70000E+01    1.36168E+00    0.00000E+00    4.41519E+00
 1.80000E+01    2.82026E+00    0.00000E+00    6.93216E+00
 1.90000E+01    4.81660E+00    0.00000E+00    1.18391E+01
 2.00000E+01    7.21314E+00    0.00000E+00    1.77298E+01
 2.20000E+01    1.26093E+01    0.00000E+00    2.75673E+01
 2.40000E+01    1.77153E+01    0.00000E+00    3.87304E+01
 2.60000E+01    2.17147E+01    0.00000E+00    4.71569E+01
 2.80000E+01    2.34501E+01    0.00000E+00    5.09256E+01
 3.00000E+01    2.50788E+01    0.00000E+00    5.44626E+01
