# n + Te123 : (n,np)g   
# tendl.2019 A.J. Koning and D. Rochman        EVAL-NOV19
# uncertainties: y
# # energies =    29
#   E(MeV)       xs(mb)       xslow(mb)      xsupp(mb)
 8.19244E+00    0.00000E+00    0.00000E+00    0.00000E+00
 9.00000E+00    1.25000E-14    0.00000E+00    0.00000E+00
 9.50000E+00    3.01870E-09    0.00000E+00    0.00000E+00
 1.00000E+01    1.17485E-06    0.00000E+00    0.00000E+00
 1.05000E+01    5.30912E-05    0.00000E+00    0.00000E+00
 1.10000E+01    8.64953E-04    0.00000E+00    0.00000E+00
 1.15000E+01    6.79793E-03    0.00000E+00    0.00000E+00
 1.20000E+01    3.35366E-02    0.00000E+00    0.00000E+00
 1.25000E+01    1.17601E-01    0.00000E+00    0.00000E+00
 1.30000E+01    3.06712E-01    0.00000E+00    0.00000E+00
 1.35000E+01    6.29416E-01    0.00000E+00    0.00000E+00
 1.40000E+01    1.13648E+00    0.00000E+00    0.00000E+00
 1.45000E+01    1.90834E+00    0.00000E+00    0.00000E+00
 1.50000E+01    2.80672E+00    0.00000E+00    0.00000E+00
 1.60000E+01    5.32606E+00    0.00000E+00    0.00000E+00
 1.70000E+01    8.60657E+00    0.00000E+00    0.00000E+00
 1.80000E+01    1.26223E+01    0.00000E+00    0.00000E+00
 1.90000E+01    1.72027E+01    0.00000E+00    0.00000E+00
 2.00000E+01    2.27468E+01    0.00000E+00    0.00000E+00
 2.10000E+01    2.82919E+01    0.00000E+00    0.00000E+00
 2.20000E+01    3.35316E+01    0.00000E+00    0.00000E+00
 2.30000E+01    3.78223E+01    0.00000E+00    0.00000E+00
 2.40000E+01    4.17656E+01    0.00000E+00    0.00000E+00
 2.50000E+01    4.49616E+01    0.00000E+00    0.00000E+00
 2.60000E+01    4.73954E+01    0.00000E+00    0.00000E+00
 2.70000E+01    4.94867E+01    0.00000E+00    0.00000E+00
 2.80000E+01    5.10765E+01    0.00000E+00    0.00000E+00
 2.90000E+01    5.23715E+01    0.00000E+00    0.00000E+00
 3.00000E+01    5.38550E+01    0.00000E+00    0.00000E+00
