# n + Yb168 : (n,el)    
# endfb8.0   S.Kunieda, A.Ichihara, K.Shibata+ EVAL-FEB10
# uncertainties: n
# # energies =  2198
#   E(MeV)       xs(mb) 
 1.00000E-11    1.08387E+04
 1.03223E-11    1.06754E+04
 1.06549E-11    1.05149E+04
 1.09984E-11    1.03570E+04
 1.13527E-11    1.02017E+04
 1.17186E-11    1.00489E+04
 1.20962E-11    9.89877E+03
 1.24861E-11    9.75101E+03
 1.28884E-11    9.60577E+03
 1.33038E-11    9.46287E+03
 1.37325E-11    9.32241E+03
 1.41751E-11    9.18424E+03
 1.46318E-11    9.04842E+03
 1.51034E-11    8.91482E+03
 1.55901E-11    8.78351E+03
 1.60926E-11    8.65435E+03
 1.66111E-11    8.52741E+03
 1.71465E-11    8.40257E+03
 1.76990E-11    8.27987E+03
 1.82694E-11    8.15921E+03
 1.88581E-11    8.04063E+03
 1.94659E-11    7.92403E+03
 2.00931E-11    7.80945E+03
 2.07407E-11    7.69680E+03
 2.14090E-11    7.58610E+03
 2.20991E-11    7.47727E+03
 2.28111E-11    7.37034E+03
 2.35464E-11    7.26523E+03
 2.43051E-11    7.16196E+03
 2.51414E-11    7.05377E+03
 2.60066E-11    6.94758E+03
 2.69015E-11    6.84336E+03
 2.78272E-11    6.74109E+03
 2.87848E-11    6.64074E+03
 2.97753E-11    6.54227E+03
 3.07999E-11    6.44565E+03
 3.18597E-11    6.35087E+03
 3.29561E-11    6.25788E+03
 3.40901E-11    6.16666E+03
 3.52632E-11    6.07719E+03
 3.64767E-11    5.98944E+03
 3.77319E-11    5.90338E+03
 3.90303E-11    5.81899E+03
 4.03734E-11    5.73623E+03
 4.17626E-11    5.65510E+03
 4.31997E-11    5.57555E+03
 4.46863E-11    5.49758E+03
 4.62240E-11    5.42115E+03
 4.78146E-11    5.34624E+03
 4.94600E-11    5.27283E+03
 5.11620E-11    5.20089E+03
 5.29225E-11    5.13041E+03
 5.47436E-11    5.06136E+03
 5.66274E-11    4.99372E+03
 5.85760E-11    4.92747E+03
 6.05917E-11    4.86259E+03
 6.26768E-11    4.79905E+03
 6.48335E-11    4.73685E+03
 6.70645E-11    4.67595E+03
 6.95193E-11    4.61265E+03
 7.20636E-11    4.55079E+03
 7.47014E-11    4.49033E+03
 7.74353E-11    4.43127E+03
 8.02697E-11    4.37356E+03
 8.32074E-11    4.31720E+03
 8.62531E-11    4.26216E+03
 8.94098E-11    4.20842E+03
 9.26825E-11    4.15595E+03
 9.60745E-11    4.10475E+03
 9.95912E-11    4.05477E+03
 1.03236E-10    4.00602E+03
 1.07015E-10    3.95845E+03
 1.10931E-10    3.91208E+03
 1.15235E-10    3.86423E+03
 1.19705E-10    3.81766E+03
 1.24350E-10    3.77233E+03
 1.29174E-10    3.72824E+03
 1.34185E-10    3.68535E+03
 1.39391E-10    3.64365E+03
 1.44798E-10    3.60311E+03
 1.50416E-10    3.56371E+03
 1.56251E-10    3.52544E+03
 1.62657E-10    3.48622E+03
 1.69324E-10    3.44821E+03
 1.76267E-10    3.41136E+03
 1.83491E-10    3.37568E+03
 1.91014E-10    3.34111E+03
 1.98844E-10    3.30765E+03
 2.07433E-10    3.27359E+03
 2.16394E-10    3.24069E+03
 2.25742E-10    3.20893E+03
 2.35493E-10    3.17829E+03
 2.45666E-10    3.14873E+03
 2.56822E-10    3.11882E+03
 2.68481E-10    3.09005E+03
 2.80673E-10    3.06238E+03
 2.93416E-10    3.03579E+03
 3.07388E-10    3.00905E+03
 3.22026E-10    2.98342E+03
 3.37360E-10    2.95886E+03
 3.54174E-10    2.93429E+03
 3.71823E-10    2.91084E+03
 3.90355E-10    2.88844E+03
 4.10676E-10    2.86616E+03
 4.32055E-10    2.84495E+03
 4.55508E-10    2.82397E+03
 4.80237E-10    2.80406E+03
 5.07378E-10    2.78445E+03
 5.36054E-10    2.76592E+03
 5.67547E-10    2.74776E+03
 6.02164E-10    2.73003E+03
 6.38893E-10    2.71339E+03
 6.79298E-10    2.69724E+03
 7.23786E-10    2.68163E+03
 7.72818E-10    2.66662E+03
 8.26920E-10    2.65226E+03
 8.86685E-10    2.63858E+03
 9.52780E-10    2.62562E+03
 1.02597E-09    2.61342E+03
 1.10711E-09    2.60201E+03
 1.19974E-09    2.59114E+03
 1.30288E-09    2.58118E+03
 1.42087E-09    2.57193E+03
 1.55612E-09    2.56350E+03
 1.71146E-09    2.55601E+03
 1.89030E-09    2.54955E+03
 2.09665E-09    2.54426E+03
 2.34034E-09    2.54017E+03
 2.62899E-09    2.53752E+03
 2.97202E-09    2.53655E+03
 2.97830E-09    2.53655E+03
 3.39551E-09    2.53763E+03
 3.90404E-09    2.54115E+03
 4.53645E-09    2.54778E+03
 5.32733E-09    2.55834E+03
 6.32255E-09    2.57390E+03
 7.59955E-09    2.59617E+03
 9.23153E-09    2.62697E+03
 1.12615E-08    2.66761E+03
 1.37088E-08    2.71892E+03
 1.65125E-08    2.78000E+03
 1.95559E-08    2.84858E+03
 2.27718E-08    2.92334E+03
 2.52522E-08    2.98250E+03
 2.53000E-08    2.98365E+03
 2.86618E-08    3.06592E+03
 3.21286E-08    3.15321E+03
 3.56360E-08    3.24405E+03
 3.91107E-08    3.33658E+03
 4.25626E-08    3.43107E+03
 4.60265E-08    3.52849E+03
 4.95619E-08    3.63070E+03
 5.30316E-08    3.73379E+03
 5.65047E-08    3.83984E+03
 5.99511E-08    3.94796E+03
 6.34736E-08    4.06151E+03
 6.69191E-08    4.17564E+03
 7.04028E-08    4.29421E+03
 7.39116E-08    4.41696E+03
 7.74311E-08    4.54354E+03
 8.09468E-08    4.67354E+03
 8.44435E-08    4.80647E+03
 8.79053E-08    4.94177E+03
 9.13156E-08    5.07873E+03
 9.46576E-08    5.21662E+03
 9.81224E-08    5.36352E+03
 1.01499E-07    5.51066E+03
 1.04992E-07    5.66713E+03
 1.08375E-07    5.82296E+03
 1.11868E-07    5.98838E+03
 1.15229E-07    6.15207E+03
 1.18691E-07    6.32544E+03
 1.21999E-07    6.49574E+03
 1.25399E-07    6.67572E+03
 1.28622E-07    6.85104E+03
 1.31927E-07    7.03582E+03
 1.35317E-07    7.23069E+03
 1.38501E-07    7.41878E+03
 1.41761E-07    7.61658E+03
 1.45097E-07    7.82467E+03
 1.48511E-07    8.04386E+03
 1.51685E-07    8.25336E+03
 1.54927E-07    8.47329E+03
 1.58238E-07    8.70435E+03
 1.61277E-07    8.92239E+03
 1.64376E-07    9.15066E+03
 1.67534E-07    9.38968E+03
 1.70753E-07    9.64020E+03
 1.74034E-07    9.90281E+03
 1.77378E-07    1.01784E+04
 1.80404E-07    1.04350E+04
 1.83482E-07    1.07031E+04
 1.86612E-07    1.09834E+04
 1.89795E-07    1.12768E+04
 1.93033E-07    1.15840E+04
 1.95911E-07    1.18647E+04
 1.98833E-07    1.21574E+04
 2.01798E-07    1.24625E+04
 2.04807E-07    1.27809E+04
 2.07861E-07    1.31131E+04
 2.10961E-07    1.34603E+04
 2.14106E-07    1.38229E+04
 2.16840E-07    1.41470E+04
 2.19608E-07    1.44839E+04
 2.22412E-07    1.48342E+04
 2.25252E-07    1.51988E+04
 2.28128E-07    1.55783E+04
 2.31041E-07    1.59736E+04
 2.33991E-07    1.63856E+04
 2.36978E-07    1.68151E+04
 2.40004E-07    1.72633E+04
 2.42556E-07    1.76518E+04
 2.45133E-07    1.80544E+04
 2.47739E-07    1.84722E+04
 2.50372E-07    1.89056E+04
 2.53033E-07    1.93557E+04
 2.55722E-07    1.98230E+04
 2.58441E-07    2.03087E+04
 2.61187E-07    2.08135E+04
 2.63964E-07    2.13387E+04
 2.66769E-07    2.18851E+04
 2.69605E-07    2.24541E+04
 2.72470E-07    2.30465E+04
 2.75366E-07    2.36642E+04
 2.77705E-07    2.41773E+04
 2.80064E-07    2.47080E+04
 2.82443E-07    2.52572E+04
 2.84842E-07    2.58257E+04
 2.87262E-07    2.64144E+04
 2.89701E-07    2.70244E+04
 2.92162E-07    2.76566E+04
 2.94644E-07    2.83121E+04
 2.97146E-07    2.89920E+04
 2.99670E-07    2.96976E+04
 3.02216E-07    3.04301E+04
 3.04783E-07    3.11910E+04
 3.07372E-07    3.19816E+04
 3.09982E-07    3.28036E+04
 3.11954E-07    3.34414E+04
 3.13940E-07    3.40989E+04
 3.15937E-07    3.47761E+04
 3.17949E-07    3.54746E+04
 3.19971E-07    3.61944E+04
 3.22008E-07    3.69373E+04
 3.24057E-07    3.77033E+04
 3.26120E-07    3.84944E+04
 3.28194E-07    3.93106E+04
 3.30284E-07    4.01542E+04
 3.32385E-07    4.10251E+04
 3.34501E-07    4.19257E+04
 3.36628E-07    4.28561E+04
 3.38771E-07    4.38191E+04
 3.40927E-07    4.48146E+04
 3.43097E-07    4.58456E+04
 3.45279E-07    4.69124E+04
 3.47478E-07    4.80180E+04
 3.49688E-07    4.91628E+04
 3.51914E-07    5.03504E+04
 3.54153E-07    5.15810E+04
 3.56407E-07    5.28586E+04
 3.58675E-07    5.41838E+04
 3.60958E-07    5.55608E+04
 3.63254E-07    5.69902E+04
 3.65567E-07    5.84770E+04
 3.67892E-07    6.00219E+04
 3.70234E-07    6.16302E+04
 3.71803E-07    6.27384E+04
 3.73379E-07    6.38769E+04
 3.74961E-07    6.50467E+04
 3.76550E-07    6.62490E+04
 3.78146E-07    6.74850E+04
 3.79749E-07    6.87561E+04
 3.81358E-07    7.00634E+04
 3.82974E-07    7.14084E+04
 3.84597E-07    7.27925E+04
 3.86227E-07    7.42172E+04
 3.87864E-07    7.56842E+04
 3.89508E-07    7.71951E+04
 3.91159E-07    7.87516E+04
 3.92816E-07    8.03556E+04
 3.94481E-07    8.20090E+04
 3.96153E-07    8.37139E+04
 3.97832E-07    8.54723E+04
 3.99518E-07    8.72865E+04
 4.01211E-07    8.91590E+04
 4.02911E-07    9.10921E+04
 4.04619E-07    9.30884E+04
 4.06334E-07    9.51509E+04
 4.08056E-07    9.72822E+04
 4.09785E-07    9.94857E+04
 4.11522E-07    1.01764E+05
 4.13266E-07    1.04122E+05
 4.15017E-07    1.06562E+05
 4.16776E-07    1.09088E+05
 4.18542E-07    1.11704E+05
 4.20316E-07    1.14414E+05
 4.22097E-07    1.17224E+05
 4.23886E-07    1.20138E+05
 4.25233E-07    1.22394E+05
 4.26583E-07    1.24713E+05
 4.27939E-07    1.27100E+05
 4.29298E-07    1.29555E+05
 4.30662E-07    1.32081E+05
 4.32029E-07    1.34679E+05
 4.33403E-07    1.37357E+05
 4.34780E-07    1.40113E+05
 4.36161E-07    1.42951E+05
 4.37546E-07    1.45875E+05
 4.38936E-07    1.48891E+05
 4.40331E-07    1.52000E+05
 4.41730E-07    1.55205E+05
 4.43132E-07    1.58509E+05
 4.44541E-07    1.61923E+05
 4.45953E-07    1.65446E+05
 4.47369E-07    1.69082E+05
 4.48790E-07    1.72836E+05
 4.50216E-07    1.76719E+05
 4.51647E-07    1.80731E+05
 4.53081E-07    1.84878E+05
 4.54520E-07    1.89165E+05
 4.55965E-07    1.93606E+05
 4.57414E-07    1.98202E+05
 4.58866E-07    2.02958E+05
 4.60323E-07    2.07883E+05
 4.61786E-07    2.12993E+05
 4.63254E-07    2.18287E+05
 4.64725E-07    2.23777E+05
 4.66201E-07    2.29470E+05
 4.67683E-07    2.35385E+05
 4.69169E-07    2.41526E+05
 4.70161E-07    2.45746E+05
 4.71157E-07    2.50086E+05
 4.72153E-07    2.54529E+05
 4.73154E-07    2.59099E+05
 4.74154E-07    2.63781E+05
 4.75159E-07    2.68599E+05
 4.76164E-07    2.73536E+05
 4.77173E-07    2.78619E+05
 4.78182E-07    2.83830E+05
 4.79195E-07    2.89197E+05
 4.80208E-07    2.94703E+05
 4.81226E-07    3.00376E+05
 4.82243E-07    3.06198E+05
 4.83265E-07    3.12200E+05
 4.84287E-07    3.18362E+05
 4.85313E-07    3.24718E+05
 4.86339E-07    3.31247E+05
 4.87370E-07    3.37984E+05
 4.88401E-07    3.44908E+05
 4.89435E-07    3.52058E+05
 4.90470E-07    3.59409E+05
 4.91510E-07    3.67003E+05
 4.92549E-07    3.74817E+05
 4.93593E-07    3.82893E+05
 4.94636E-07    3.91206E+05
 4.95685E-07    3.99803E+05
 4.96733E-07    4.08659E+05
 4.97785E-07    4.17822E+05
 4.98838E-07    4.27266E+05
 4.99895E-07    4.37044E+05
 5.00952E-07    4.47127E+05
 5.02013E-07    4.57573E+05
 5.03075E-07    4.68352E+05
 5.04141E-07    4.79525E+05
 5.05207E-07    4.91062E+05
 5.06278E-07    5.03029E+05
 5.07348E-07    5.15393E+05
 5.08154E-07    5.24977E+05
 5.08961E-07    5.34803E+05
 5.09768E-07    5.44894E+05
 5.10578E-07    5.55271E+05
 5.11387E-07    5.65917E+05
 5.12200E-07    5.76870E+05
 5.13013E-07    5.88125E+05
 5.13826E-07    5.99677E+05
 5.14642E-07    6.11586E+05
 5.15459E-07    6.23814E+05
 5.16277E-07    6.36388E+05
 5.17097E-07    6.49340E+05
 5.17917E-07    6.62646E+05
 5.18739E-07    6.76356E+05
 5.19563E-07    6.90465E+05
 5.20386E-07    7.04968E+05
 5.21213E-07    7.19940E+05
 5.22040E-07    7.35335E+05
 5.22869E-07    7.51190E+05
 5.23699E-07    7.67544E+05
 5.24530E-07    7.84368E+05
 5.25363E-07    8.01726E+05
 5.26197E-07    8.19616E+05
 5.27031E-07    8.38027E+05
 5.27868E-07    8.57060E+05
 5.28706E-07    8.76655E+05
 5.29545E-07    8.96859E+05
 5.30386E-07    9.17724E+05
 5.31227E-07    9.39213E+05
 5.32070E-07    9.61409E+05
 5.32915E-07    9.84306E+05
 5.33760E-07    1.00789E+06
 5.34608E-07    1.03230E+06
 5.35456E-07    1.05745E+06
 5.36306E-07    1.08339E+06
 5.37158E-07    1.11021E+06
 5.38010E-07    1.13783E+06
 5.38864E-07    1.16638E+06
 5.39719E-07    1.19584E+06
 5.40575E-07    1.22620E+06
 5.41434E-07    1.25760E+06
 5.42293E-07    1.28996E+06
 5.43153E-07    1.32333E+06
 5.44016E-07    1.35781E+06
 5.44879E-07    1.39331E+06
 5.45744E-07    1.42997E+06
 5.46610E-07    1.46775E+06
 5.47477E-07    1.50664E+06
 5.48347E-07    1.54681E+06
 5.49217E-07    1.58814E+06
 5.50088E-07    1.63068E+06
 5.50962E-07    1.67453E+06
 5.51836E-07    1.71957E+06
 5.52712E-07    1.76595E+06
 5.53590E-07    1.81361E+06
 5.54467E-07    1.86249E+06
 5.55348E-07    1.91281E+06
 5.56229E-07    1.96436E+06
 5.57112E-07    2.01719E+06
 5.57997E-07    2.07138E+06
 5.58882E-07    2.12676E+06
 5.59769E-07    2.18346E+06
 5.60658E-07    2.24137E+06
 5.61546E-07    2.30039E+06
 5.62736E-07    2.38106E+06
 5.63926E-07    2.46348E+06
 5.65121E-07    2.54787E+06
 5.66316E-07    2.63369E+06
 5.67516E-07    2.72111E+06
 5.68716E-07    2.80954E+06
 5.71126E-07    2.98910E+06
 5.74155E-07    3.21511E+06
 5.75977E-07    3.34922E+06
 5.77198E-07    3.43734E+06
 5.78419E-07    3.52362E+06
 5.79644E-07    3.60797E+06
 5.80563E-07    3.66945E+06
 5.81485E-07    3.72935E+06
 5.82408E-07    3.78738E+06
 5.83332E-07    3.84325E+06
 5.84259E-07    3.89700E+06
 5.85186E-07    3.94821E+06
 5.86114E-07    3.99674E+06
 5.87045E-07    4.04248E+06
 5.87976E-07    4.08512E+06
 5.88910E-07    4.12460E+06
 5.89845E-07    4.16070E+06
 5.90780E-07    4.19322E+06
 5.91405E-07    4.21293E+06
 5.92031E-07    4.23095E+06
 5.92657E-07    4.24726E+06
 5.93283E-07    4.26181E+06
 5.93912E-07    4.27464E+06
 5.94540E-07    4.28567E+06
 5.95169E-07    4.29487E+06
 5.95798E-07    4.30223E+06
 5.96650E-07    4.30927E+06
 5.97265E-07    4.31223E+06
 5.97993E-07    4.31344E+06
 5.98627E-07    4.31248E+06
 5.99260E-07    4.30964E+06
 5.99894E-07    4.30494E+06
 6.00527E-07    4.29839E+06
 6.01164E-07    4.28998E+06
 6.01800E-07    4.27974E+06
 6.02436E-07    4.26770E+06
 6.03072E-07    4.25390E+06
 6.03711E-07    4.23828E+06
 6.04670E-07    4.21166E+06
 6.05628E-07    4.18131E+06
 6.06591E-07    4.14723E+06
 6.07553E-07    4.10970E+06
 6.08517E-07    4.06883E+06
 6.09484E-07    4.02473E+06
 6.10450E-07    3.97770E+06
 6.11419E-07    3.92780E+06
 6.12390E-07    3.87529E+06
 6.13361E-07    3.82045E+06
 6.14336E-07    3.76324E+06
 6.15310E-07    3.70412E+06
 6.16613E-07    3.62251E+06
 6.17918E-07    3.53819E+06
 6.19226E-07    3.45166E+06
 6.21192E-07    3.31880E+06
 6.26469E-07    2.95643E+06
 6.28460E-07    2.82123E+06
 6.29790E-07    2.73228E+06
 6.31123E-07    2.64455E+06
 6.32459E-07    2.55828E+06
 6.33798E-07    2.47367E+06
 6.34803E-07    2.41144E+06
 6.35812E-07    2.35024E+06
 6.36820E-07    2.29028E+06
 6.37831E-07    2.23145E+06
 6.38844E-07    2.17388E+06
 6.39856E-07    2.11766E+06
 6.40873E-07    2.06259E+06
 6.41890E-07    2.00892E+06
 6.42909E-07    1.95659E+06
 6.43930E-07    1.90553E+06
 6.44951E-07    1.85588E+06
 6.45975E-07    1.80750E+06
 6.47001E-07    1.76045E+06
 6.48026E-07    1.71478E+06
 6.49056E-07    1.67029E+06
 6.50086E-07    1.62715E+06
 6.51117E-07    1.58528E+06
 6.52151E-07    1.54460E+06
 6.53186E-07    1.50519E+06
 6.54223E-07    1.46692E+06
 6.55261E-07    1.42983E+06
 6.56300E-07    1.39392E+06
 6.57343E-07    1.35903E+06
 6.58386E-07    1.32527E+06
 6.59431E-07    1.29256E+06
 6.60478E-07    1.26084E+06
 6.61525E-07    1.23015E+06
 6.62576E-07    1.20038E+06
 6.63628E-07    1.17154E+06
 6.64680E-07    1.14366E+06
 6.65736E-07    1.11657E+06
 6.66792E-07    1.09037E+06
 6.67850E-07    1.06499E+06
 6.68911E-07    1.04036E+06
 6.69972E-07    1.01654E+06
 6.71036E-07    9.93430E+05
 6.72101E-07    9.71034E+05
 6.73166E-07    9.49359E+05
 6.74236E-07    9.28291E+05
 6.75306E-07    9.07898E+05
 6.76377E-07    8.88126E+05
 6.77452E-07    8.68926E+05
 6.78526E-07    8.50333E+05
 6.79603E-07    8.32272E+05
 6.80682E-07    8.14751E+05
 6.81761E-07    7.97774E+05
 6.82845E-07    7.81252E+05
 6.83928E-07    7.65237E+05
 6.85013E-07    7.49690E+05
 6.86101E-07    7.34572E+05
 6.87189E-07    7.19910E+05
 6.88281E-07    7.05648E+05
 6.89373E-07    6.91792E+05
 6.90466E-07    6.78346E+05
 6.91563E-07    6.65241E+05
 6.92661E-07    6.52520E+05
 6.93759E-07    6.40150E+05
 6.94861E-07    6.28104E+05
 6.95963E-07    6.16404E+05
 6.97068E-07    6.05005E+05
 6.98175E-07    5.93914E+05
 6.99282E-07    5.83134E+05
 7.00393E-07    5.72611E+05
 7.01504E-07    5.62381E+05
 7.02617E-07    5.52418E+05
 7.03733E-07    5.42701E+05
 7.04849E-07    5.33249E+05
 7.05969E-07    5.24026E+05
 7.07089E-07    5.15038E+05
 7.08210E-07    5.06290E+05
 7.09336E-07    4.97737E+05
 7.10461E-07    4.89410E+05
 7.11965E-07    4.78622E+05
 7.13472E-07    4.68182E+05
 7.14982E-07    4.58078E+05
 7.16496E-07    4.48294E+05
 7.18012E-07    4.38819E+05
 7.19532E-07    4.29638E+05
 7.21055E-07    4.20742E+05
 7.22582E-07    4.12118E+05
 7.24111E-07    4.03755E+05
 7.25644E-07    3.95644E+05
 7.27180E-07    3.87775E+05
 7.28719E-07    3.80137E+05
 7.30262E-07    3.72724E+05
 7.31808E-07    3.65525E+05
 7.33357E-07    3.58533E+05
 7.34909E-07    3.51741E+05
 7.36465E-07    3.45140E+05
 7.38024E-07    3.38725E+05
 7.39586E-07    3.32487E+05
 7.41151E-07    3.26421E+05
 7.42720E-07    3.20521E+05
 7.44292E-07    3.14780E+05
 7.45868E-07    3.09194E+05
 7.47447E-07    3.03756E+05
 7.49029E-07    2.98461E+05
 7.50614E-07    2.93305E+05
 7.52203E-07    2.88283E+05
 7.53795E-07    2.83390E+05
 7.55391E-07    2.78622E+05
 7.56990E-07    2.73975E+05
 7.58592E-07    2.69444E+05
 7.60198E-07    2.65027E+05
 7.61807E-07    2.60718E+05
 7.63420E-07    2.56516E+05
 7.65036E-07    2.52415E+05
 7.66655E-07    2.48414E+05
 7.68278E-07    2.44508E+05
 7.69904E-07    2.40696E+05
 7.71534E-07    2.36973E+05
 7.73984E-07    2.31554E+05
 7.76444E-07    2.26317E+05
 7.78911E-07    2.21261E+05
 7.81385E-07    2.16377E+05
 7.83866E-07    2.11658E+05
 7.86357E-07    2.07091E+05
 7.88856E-07    2.02674E+05
 7.91362E-07    1.98401E+05
 7.93874E-07    1.94267E+05
 7.96398E-07    1.90260E+05
 7.98928E-07    1.86379E+05
 8.01466E-07    1.82621E+05
 8.04010E-07    1.78979E+05
 8.06566E-07    1.75444E+05
 8.09129E-07    1.72017E+05
 8.11699E-07    1.68693E+05
 8.14276E-07    1.65468E+05
 8.16864E-07    1.62335E+05
 8.19460E-07    1.59293E+05
 8.22062E-07    1.56340E+05
 8.24673E-07    1.53472E+05
 8.27294E-07    1.50681E+05
 8.29922E-07    1.47969E+05
 8.32558E-07    1.45334E+05
 8.35202E-07    1.42771E+05
 8.37857E-07    1.40275E+05
 8.40519E-07    1.37847E+05
 8.43189E-07    1.35485E+05
 8.45866E-07    1.33186E+05
 8.48554E-07    1.30945E+05
 8.51251E-07    1.28762E+05
 8.53954E-07    1.26637E+05
 8.56666E-07    1.24567E+05
 8.59389E-07    1.22547E+05
 8.62119E-07    1.20578E+05
 8.63942E-07    1.19295E+05
 8.67604E-07    1.16788E+05
 8.71281E-07    1.14364E+05
 8.74973E-07    1.12017E+05
 8.78681E-07    1.09745E+05
 8.82405E-07    1.07544E+05
 8.86145E-07    1.05412E+05
 8.89900E-07    1.03346E+05
 8.93672E-07    1.01343E+05
 8.97459E-07    9.94002E+04
 9.01262E-07    9.75157E+04
 9.05082E-07    9.56870E+04
 9.08918E-07    9.39118E+04
 9.12770E-07    9.21881E+04
 9.16638E-07    9.05140E+04
 9.20523E-07    8.88874E+04
 9.24424E-07    8.73067E+04
 9.28342E-07    8.57701E+04
 9.32276E-07    8.42760E+04
 9.36227E-07    8.28229E+04
 9.40195E-07    8.14092E+04
 9.44179E-07    8.00336E+04
 9.48181E-07    7.86946E+04
 9.52199E-07    7.73911E+04
 9.56234E-07    7.61217E+04
 9.60287E-07    7.48852E+04
 9.64357E-07    7.36807E+04
 9.68443E-07    7.25068E+04
 9.72548E-07    7.13627E+04
 9.76669E-07    7.02472E+04
 9.80809E-07    6.91595E+04
 9.84965E-07    6.80987E+04
 9.89140E-07    6.70638E+04
 9.93331E-07    6.60540E+04
 9.97541E-07    6.50686E+04
 1.00177E-06    6.41066E+04
 1.00779E-06    6.27828E+04
 1.01311E-06    6.16550E+04
 1.01843E-06    6.05653E+04
 1.02381E-06    5.95023E+04
 1.02740E-06    5.88102E+04
 1.03460E-06    5.74715E+04
 1.04190E-06    5.61727E+04
 1.04920E-06    5.49297E+04
 1.05660E-06    5.37227E+04
 1.06400E-06    5.25666E+04
 1.07150E-06    5.14430E+04
 1.07901E-06    5.03658E+04
 1.08662E-06    4.93180E+04
 1.09423E-06    4.83127E+04
 1.10195E-06    4.73341E+04
 1.10967E-06    4.63945E+04
 1.12141E-06    4.50352E+04
 1.13326E-06    4.37423E+04
 1.14523E-06    4.25115E+04
 1.15730E-06    4.13386E+04
 1.16955E-06    4.02150E+04
 1.18191E-06    3.91430E+04
 1.19439E-06    3.81194E+04
 1.20698E-06    3.71415E+04
 1.21975E-06    3.62021E+04
 1.23264E-06    3.53035E+04
 1.25003E-06    3.41639E+04
 1.26767E-06    3.30859E+04
 1.28555E-06    3.20651E+04
 1.30369E-06    3.10975E+04
 1.32208E-06    3.01796E+04
 1.34073E-06    2.93082E+04
 1.35965E-06    2.84803E+04
 1.37883E-06    2.76926E+04
 1.40808E-06    2.65815E+04
 1.43802E-06    2.55446E+04
 1.46852E-06    2.45801E+04
 1.49974E-06    2.36773E+04
 1.53156E-06    2.28348E+04
 1.56412E-06    2.20438E+04
 1.59730E-06    2.13035E+04
 1.64269E-06    2.03845E+04
 1.68936E-06    1.95371E+04
 1.73737E-06    1.87544E+04
 1.79934E-06    1.78570E+04
 1.86343E-06    1.70389E+04
 1.92990E-06    1.62901E+04
 2.01274E-06    1.54744E+04
 2.09913E-06    1.47371E+04
 2.18924E-06    1.40686E+04
 2.29920E-06    1.33646E+04
 2.41481E-06    1.27311E+04
 2.53611E-06    1.21597E+04
 2.66363E-06    1.16424E+04
 2.81715E-06    1.11081E+04
 2.97953E-06    1.06266E+04
 3.15126E-06    1.01914E+04
 3.35624E-06    9.74969E+03
 3.57473E-06    9.35147E+03
 3.83411E-06    8.95329E+03
 4.11232E-06    8.59484E+03
 4.44160E-06    8.23960E+03
 4.79749E-06    7.91904E+03
 5.21818E-06    7.60151E+03
 5.71553E-06    7.28911E+03
 6.30444E-06    6.98088E+03
 7.00309E-06    6.67370E+03
 7.99981E-06    6.29787E+03
 8.82409E-06    5.99036E+03
 9.07483E-06    5.87320E+03
 9.25137E-06    5.76193E+03
 9.35756E-06    5.66499E+03
 9.43125E-06    5.56644E+03
 9.47931E-06    5.47385E+03
 9.51135E-06    5.39073E+03
 9.55813E-06    5.23063E+03
 9.58953E-06    5.12049E+03
 9.60875E-06    5.08220E+03
 9.61516E-06    5.07965E+03
 9.62798E-06    5.09613E+03
 9.64079E-06    5.14778E+03
 9.65041E-06    5.21310E+03
 9.66002E-06    5.30244E+03
 9.66995E-06    5.41934E+03
 9.68180E-06    5.58777E+03
 9.70359E-06    5.95035E+03
 9.72442E-06    6.30052E+03
 9.73820E-06    6.49921E+03
 9.74717E-06    6.60544E+03
 9.75998E-06    6.71991E+03
 9.77280E-06    6.78904E+03
 9.78561E-06    6.81598E+03
 9.79843E-06    6.80770E+03
 9.81765E-06    6.74882E+03
 9.88302E-06    6.44280E+03
 9.92467E-06    6.29898E+03
 9.97273E-06    6.18662E+03
 1.00352E-05    6.08802E+03
 1.01153E-05    6.00080E+03
 1.02464E-05    5.90216E+03
 1.04637E-05    5.78870E+03
 1.08369E-05    5.64502E+03
 1.17047E-05    5.37512E+03
 1.33712E-05    4.87925E+03
 1.43414E-05    4.55978E+03
 1.50618E-05    4.29478E+03
 1.57083E-05    4.02822E+03
 1.62686E-05    3.76880E+03
 1.67309E-05    3.53012E+03
 1.70858E-05    3.32843E+03
 1.74491E-05    3.10309E+03
 1.78192E-05    2.85000E+03
 1.80706E-05    2.66285E+03
 1.83255E-05    2.45900E+03
 1.85841E-05    2.23643E+03
 1.87807E-05    2.05564E+03
 1.89792E-05    1.86250E+03
 1.91796E-05    1.65640E+03
 1.93818E-05    1.43707E+03
 1.95869E-05    1.20383E+03
 1.97939E-05    9.59499E+02
 2.01109E-05    5.79555E+02
 2.02152E-05    4.58156E+02
 2.02824E-05    3.82594E+02
 2.03384E-05    3.21932E+02
 2.03846E-05    2.73911E+02
 2.04196E-05    2.39009E+02
 2.04546E-05    2.05600E+02
 2.04840E-05    1.78851E+02
 2.05120E-05    1.54630E+02
 2.05344E-05    1.36227E+02
 2.05512E-05    1.23042E+02
 2.05722E-05    1.07361E+02
 2.05897E-05    9.50210E+01
 2.06072E-05    8.33878E+01
 2.06184E-05    7.63347E+01
 2.06324E-05    6.79715E+01
 2.06436E-05    6.16595E+01
 2.06562E-05    5.49792E+01
 2.06646E-05    5.07829E+01
 2.06730E-05    4.67995E+01
 2.06814E-05    4.30356E+01
 2.06891E-05    3.97838E+01
 2.06961E-05    3.69968E+01
 2.07031E-05    3.43752E+01
 2.07101E-05    3.19232E+01
 2.07164E-05    2.98648E+01
 2.07220E-05    2.81558E+01
 2.07276E-05    2.65627E+01
 2.07332E-05    2.50880E+01
 2.07402E-05    2.34145E+01
 2.07465E-05    2.20735E+01
 2.07528E-05    2.08924E+01
 2.07591E-05    1.98750E+01
 2.07654E-05    1.90248E+01
 2.07714E-05    1.83789E+01
 2.07766E-05    1.79382E+01
 2.07819E-05    1.76210E+01
 2.07871E-05    1.74297E+01
 2.07924E-05    1.73666E+01
 2.07976E-05    1.74341E+01
 2.08023E-05    1.76085E+01
 2.08072E-05    1.79051E+01
 2.08122E-05    1.83301E+01
 2.08172E-05    1.88815E+01
 2.08225E-05    1.96010E+01
 2.08277E-05    2.04657E+01
 2.08330E-05    2.14782E+01
 2.08382E-05    2.26415E+01
 2.08435E-05    2.39583E+01
 2.08487E-05    2.54314E+01
 2.08540E-05    2.70639E+01
 2.08592E-05    2.88585E+01
 2.08655E-05    3.12307E+01
 2.08718E-05    3.38463E+01
 2.08784E-05    3.68775E+01
 2.08833E-05    3.92923E+01
 2.08907E-05    4.32095E+01
 2.08956E-05    4.60217E+01
 2.09019E-05    4.98787E+01
 2.09082E-05    5.40126E+01
 2.09145E-05    5.84299E+01
 2.09208E-05    6.31369E+01
 2.09278E-05    6.87149E+01
 2.09348E-05    7.46680E+01
 2.09418E-05    8.10058E+01
 2.09488E-05    8.77380E+01
 2.09572E-05    9.63516E+01
 2.09656E-05    1.05565E+02
 2.09740E-05    1.15398E+02
 2.09824E-05    1.25868E+02
 2.09922E-05    1.38916E+02
 2.10020E-05    1.52891E+02
 2.10118E-05    1.67827E+02
 2.10216E-05    1.83758E+02
 2.10328E-05    2.03232E+02
 2.10440E-05    2.24109E+02
 2.10552E-05    2.46450E+02
 2.10664E-05    2.70315E+02
 2.10769E-05    2.94132E+02
 2.10874E-05    3.19401E+02
 2.10979E-05    3.46180E+02
 2.11119E-05    3.84341E+02
 2.11224E-05    4.14886E+02
 2.11350E-05    4.53821E+02
 2.11476E-05    4.95360E+02
 2.11602E-05    5.39630E+02
 2.11728E-05    5.86768E+02
 2.11854E-05    6.36918E+02
 2.11980E-05    6.90229E+02
 2.12106E-05    7.46863E+02
 2.12232E-05    8.06986E+02
 2.12400E-05    8.92891E+02
 2.12568E-05    9.85771E+02
 2.12715E-05    1.07315E+03
 2.12862E-05    1.16659E+03
 2.13009E-05    1.26647E+03
 2.13156E-05    1.37320E+03
 2.13303E-05    1.48720E+03
 2.13450E-05    1.60894E+03
 2.13597E-05    1.73892E+03
 2.13744E-05    1.87767E+03
 2.13891E-05    2.02577E+03
 2.14038E-05    2.18384E+03
 2.14192E-05    2.36085E+03
 2.14360E-05    2.56824E+03
 2.14528E-05    2.79168E+03
 2.14696E-05    3.03246E+03
 2.14864E-05    3.29196E+03
 2.15032E-05    3.57174E+03
 2.15200E-05    3.87348E+03
 2.15368E-05    4.19903E+03
 2.15536E-05    4.55043E+03
 2.15704E-05    4.92994E+03
 2.15872E-05    5.34005E+03
 2.16040E-05    5.78352E+03
 2.16208E-05    6.26340E+03
 2.16376E-05    6.78309E+03
 2.16544E-05    7.34637E+03
 2.16712E-05    7.95747E+03
 2.16880E-05    8.62111E+03
 2.17048E-05    9.34258E+03
 2.17216E-05    1.01278E+04
 2.17384E-05    1.09836E+04
 2.17552E-05    1.19174E+04
 2.17720E-05    1.29379E+04
 2.17888E-05    1.40548E+04
 2.18056E-05    1.52793E+04
 2.18224E-05    1.66242E+04
 2.18392E-05    1.81040E+04
 2.18560E-05    1.97358E+04
 2.18720E-05    2.14445E+04
 2.18875E-05    2.32755E+04
 2.19030E-05    2.52926E+04
 2.19186E-05    2.75199E+04
 2.19341E-05    2.99858E+04
 2.19445E-05    3.17784E+04
 2.19546E-05    3.36490E+04
 2.19646E-05    3.56560E+04
 2.19747E-05    3.78125E+04
 2.19848E-05    4.01329E+04
 2.19949E-05    4.26338E+04
 2.20050E-05    4.53335E+04
 2.20150E-05    4.82534E+04
 2.20251E-05    5.14172E+04
 2.20341E-05    5.44566E+04
 2.20430E-05    5.77326E+04
 2.20520E-05    6.12701E+04
 2.20610E-05    6.50978E+04
 2.20699E-05    6.92486E+04
 2.20789E-05    7.37601E+04
 2.20878E-05    7.86761E+04
 2.20968E-05    8.40476E+04
 2.21046E-05    8.91679E+04
 2.21125E-05    9.47284E+04
 2.21203E-05    1.00783E+05
 2.21282E-05    1.07392E+05
 2.21360E-05    1.14629E+05
 2.21438E-05    1.22576E+05
 2.21517E-05    1.31330E+05
 2.21595E-05    1.41004E+05
 2.21662E-05    1.50127E+05
 2.21730E-05    1.60117E+05
 2.21797E-05    1.71083E+05
 2.21864E-05    1.83146E+05
 2.21931E-05    1.96447E+05
 2.21998E-05    2.11143E+05
 2.22066E-05    2.27410E+05
 2.22133E-05    2.45446E+05
 2.22194E-05    2.63724E+05
 2.22256E-05    2.83864E+05
 2.22318E-05    3.06073E+05
 2.22379E-05    3.30576E+05
 2.22441E-05    3.57618E+05
 2.22502E-05    3.87460E+05
 2.22564E-05    4.20384E+05
 2.22610E-05    4.47278E+05
 2.22650E-05    4.71864E+05
 2.22698E-05    5.03987E+05
 2.22746E-05    5.38598E+05
 2.22794E-05    5.75857E+05
 2.22842E-05    6.15925E+05
 2.22890E-05    6.58964E+05
 2.22939E-05    7.05135E+05
 2.22987E-05    7.54593E+05
 2.23044E-05    8.18367E+05
 2.23095E-05    8.78325E+05
 2.23145E-05    9.42386E+05
 2.23212E-05    1.03442E+06
 2.23280E-05    1.13424E+06
 2.23347E-05    1.24205E+06
 2.23414E-05    1.35792E+06
 2.23481E-05    1.48183E+06
 2.23548E-05    1.61364E+06
 2.23638E-05    1.80114E+06
 2.23728E-05    2.00102E+06
 2.23817E-05    2.21163E+06
 2.23952E-05    2.54276E+06
 2.24220E-05    3.22151E+06
 2.24355E-05    3.54333E+06
 2.24444E-05    3.74159E+06
 2.24534E-05    3.92175E+06
 2.24624E-05    4.07973E+06
 2.24713E-05    4.21181E+06
 2.24801E-05    4.31262E+06
 2.24875E-05    4.37459E+06
 2.24956E-05    4.41685E+06
 2.25041E-05    4.43095E+06
 2.25116E-05    4.41772E+06
 2.25188E-05    4.38301E+06
 2.25269E-05    4.31901E+06
 2.25358E-05    4.21869E+06
 2.25448E-05    4.09023E+06
 2.25538E-05    3.93695E+06
 2.25627E-05    3.76265E+06
 2.25762E-05    3.47078E+06
 2.25941E-05    3.04710E+06
 2.26165E-05    2.50678E+06
 2.26299E-05    2.19691E+06
 2.26389E-05    2.00157E+06
 2.26478E-05    1.81725E+06
 2.26568E-05    1.64516E+06
 2.26635E-05    1.52457E+06
 2.26702E-05    1.41143E+06
 2.26765E-05    1.31258E+06
 2.26828E-05    1.22018E+06
 2.26891E-05    1.13413E+06
 2.26953E-05    1.05424E+06
 2.27024E-05    9.71441E+05
 2.27094E-05    8.95783E+05
 2.27165E-05    8.26846E+05
 2.27236E-05    7.64190E+05
 2.27306E-05    7.07359E+05
 2.27374E-05    6.57450E+05
 2.27442E-05    6.12870E+05
 2.27509E-05    5.72382E+05
 2.27576E-05    5.35624E+05
 2.27643E-05    5.02252E+05
 2.27710E-05    4.71943E+05
 2.27778E-05    4.44398E+05
 2.27845E-05    4.19341E+05
 2.27912E-05    3.96519E+05
 2.27979E-05    3.75701E+05
 2.28046E-05    3.56680E+05
 2.28130E-05    3.35146E+05
 2.28214E-05    3.15802E+05
 2.28298E-05    2.98367E+05
 2.28382E-05    2.82599E+05
 2.28466E-05    2.68286E+05
 2.28550E-05    2.55249E+05
 2.28662E-05    2.39587E+05
 2.28774E-05    2.25613E+05
 2.28886E-05    2.13075E+05
 2.28998E-05    2.01767E+05
 2.29110E-05    1.91520E+05
 2.29222E-05    1.82194E+05
 2.29334E-05    1.73672E+05
 2.29502E-05    1.62188E+05
 2.29670E-05    1.52027E+05
 2.29838E-05    1.42980E+05
 2.29994E-05    1.35455E+05
 2.30149E-05    1.28630E+05
 2.30356E-05    1.20464E+05
 2.30564E-05    1.13209E+05
 2.30771E-05    1.06727E+05
 2.30978E-05    1.00905E+05
 2.31185E-05    9.56516E+04
 2.31392E-05    9.08904E+04
 2.31636E-05    8.58376E+04
 2.31916E-05    8.06538E+04
 2.32196E-05    7.60378E+04
 2.32476E-05    7.19053E+04
 2.32756E-05    6.81872E+04
 2.33036E-05    6.48270E+04
 2.33316E-05    6.17776E+04
 2.33596E-05    5.89999E+04
 2.34016E-05    5.52714E+04
 2.34436E-05    5.19889E+04
 2.34856E-05    4.90802E+04
 2.35276E-05    4.64873E+04
 2.35696E-05    4.41635E+04
 2.36184E-05    4.17510E+04
 2.36600E-05    3.99039E+04
 2.37224E-05    3.74388E+04
 2.37849E-05    3.52808E+04
 2.38473E-05    3.33766E+04
 2.39097E-05    3.16851E+04
 2.39727E-05    3.01603E+04
 2.40360E-05    2.87857E+04
 2.40993E-05    2.75461E+04
 2.41837E-05    2.60714E+04
 2.42681E-05    2.47678E+04
 2.43537E-05    2.35916E+04
 2.44393E-05    2.25388E+04
 2.45249E-05    2.15904E+04
 2.46539E-05    2.03249E+04
 2.47841E-05    1.92105E+04
 2.49143E-05    1.82273E+04
 2.50458E-05    1.73421E+04
 2.52218E-05    1.62863E+04
 2.53991E-05    1.53383E+04
 2.55776E-05    1.44663E+04
 2.60817E-05    1.21690E+04
 2.62397E-05    1.13929E+04
 2.63331E-05    1.08865E+04
 2.64266E-05    1.03225E+04
 2.65097E-05    9.74962E+03
 2.65720E-05    9.25708E+03
 2.66135E-05    8.88876E+03
 2.66550E-05    8.47995E+03
 2.66874E-05    8.12702E+03
 2.67198E-05    7.73858E+03
 2.67522E-05    7.30941E+03
 2.67846E-05    6.83660E+03
 2.68494E-05    5.81242E+03
 2.68656E-05    5.57982E+03
 2.68793E-05    5.41536E+03
 2.68876E-05    5.33821E+03
 2.68959E-05    5.28428E+03
 2.69042E-05    5.25973E+03
 2.69125E-05    5.27173E+03
 2.69187E-05    5.30963E+03
 2.69250E-05    5.37655E+03
 2.69312E-05    5.47670E+03
 2.69374E-05    5.61462E+03
 2.69424E-05    5.75541E+03
 2.69474E-05    5.92609E+03
 2.69524E-05    6.12939E+03
 2.69574E-05    6.36814E+03
 2.69623E-05    6.64522E+03
 2.69673E-05    6.96360E+03
 2.69723E-05    7.32624E+03
 2.69773E-05    7.73611E+03
 2.69823E-05    8.19618E+03
 2.69873E-05    8.70932E+03
 2.69924E-05    9.29829E+03
 2.69979E-05    9.99405E+03
 2.70034E-05    1.07640E+04
 2.70089E-05    1.16109E+04
 2.70143E-05    1.25373E+04
 2.70198E-05    1.35453E+04
 2.70248E-05    1.45336E+04
 2.70298E-05    1.55911E+04
 2.70348E-05    1.67180E+04
 2.70398E-05    1.79138E+04
 2.70464E-05    1.96139E+04
 2.70544E-05    2.18081E+04
 2.70610E-05    2.37580E+04
 2.70707E-05    2.67634E+04
 2.70820E-05    3.05143E+04
 2.70969E-05    3.57428E+04
 2.71208E-05    4.42603E+04
 2.71328E-05    4.83356E+04
 2.71447E-05    5.21228E+04
 2.71567E-05    5.55039E+04
 2.71667E-05    5.79355E+04
 2.71770E-05    6.00227E+04
 2.71840E-05    6.11695E+04
 2.71939E-05    6.24132E+04
 2.72039E-05    6.31808E+04
 2.72139E-05    6.34723E+04
 2.72238E-05    6.33016E+04
 2.72338E-05    6.26953E+04
 2.72438E-05    6.16908E+04
 2.72537E-05    6.03344E+04
 2.72670E-05    5.80702E+04
 2.72803E-05    5.54088E+04
 2.73002E-05    5.09674E+04
 2.73308E-05    4.39468E+04
 2.73468E-05    4.05059E+04
 2.73627E-05    3.73509E+04
 2.73752E-05    3.51185E+04
 2.73876E-05    3.31007E+04
 2.74001E-05    3.12959E+04
 2.74125E-05    2.96948E+04
 2.74250E-05    2.82830E+04
 2.74375E-05    2.70428E+04
 2.74499E-05    2.59553E+04
 2.74624E-05    2.50016E+04
 2.74790E-05    2.39074E+04
 2.74956E-05    2.29812E+04
 2.75155E-05    2.20461E+04
 2.75355E-05    2.12616E+04
 2.75488E-05    2.08050E+04
 2.75753E-05    2.00163E+04
 2.76019E-05    1.93564E+04
 2.76300E-05    1.87648E+04
 2.76580E-05    1.82556E+04
 2.76954E-05    1.76750E+04
 2.77327E-05    1.71809E+04
 2.77930E-05    1.65194E+04
 2.78553E-05    1.59626E+04
 2.79176E-05    1.54992E+04
 2.80110E-05    1.49292E+04
 2.81045E-05    1.44661E+04
 2.82083E-05    1.40398E+04
 2.83329E-05    1.36157E+04
 2.84990E-05    1.31545E+04
 2.87000E-05    1.27051E+04
 2.89011E-05    1.23364E+04
 2.92069E-05    1.18802E+04
 2.95156E-05    1.15072E+04
 2.99320E-05    1.10975E+04
 3.03543E-05    1.07578E+04
 3.07825E-05    1.04687E+04
 3.14355E-05    1.01048E+04
 3.21038E-05    9.80131E+03
 3.30161E-05    9.46515E+03
 3.39542E-05    9.18662E+03
 3.51637E-05    8.89775E+03
 3.64179E-05    8.65726E+03
 3.79812E-05    8.41683E+03
 3.98890E-05    8.18473E+03
 4.21881E-05    7.96648E+03
 4.49345E-05    7.76460E+03
 4.85325E-05    7.56301E+03
 5.31608E-05    7.36980E+03
 5.90491E-05    7.18822E+03
 6.69841E-05    7.00860E+03
 7.81446E-05    6.82236E+03
 9.84416E-05    6.56219E+03
 1.19419E-04    6.29634E+03
 1.30801E-04    6.11583E+03
 1.39083E-04    5.94830E+03
 1.45954E-04    5.77052E+03
 1.51108E-04    5.60082E+03
 1.55402E-04    5.42427E+03
 1.58838E-04    5.25048E+03
 1.61414E-04    5.09437E+03
 1.63991E-04    4.90900E+03
 1.65709E-04    4.76494E+03
 1.67427E-04    4.59985E+03
 1.69144E-04    4.40903E+03
 1.70433E-04    4.24517E+03
 1.71721E-04    4.05965E+03
 1.73050E-04    3.84076E+03
 1.73990E-04    3.66576E+03
 1.74871E-04    3.48404E+03
 1.75694E-04    3.29601E+03
 1.76516E-04    3.08774E+03
 1.77133E-04    2.91642E+03
 1.77750E-04    2.73052E+03
 1.78455E-04    2.49815E+03
 1.78925E-04    2.33024E+03
 1.79395E-04    2.15105E+03
 1.79836E-04    1.97219E+03
 1.80350E-04    1.74963E+03
 1.80761E-04    1.56060E+03
 1.81172E-04    1.36205E+03
 1.81628E-04    1.13213E+03
 1.82156E-04    8.55242E+02
 1.82692E-04    5.72280E+02
 1.82913E-04    4.59293E+02
 1.83067E-04    3.82877E+02
 1.83192E-04    3.23338E+02
 1.83302E-04    2.73040E+02
 1.83394E-04    2.33090E+02
 1.83471E-04    2.01167E+02
 1.83537E-04    1.75166E+02
 1.83592E-04    1.54572E+02
 1.83643E-04    1.36322E+02
 1.83689E-04    1.20887E+02
 1.83735E-04    1.06332E+02
 1.83772E-04    9.53649E+01
 1.83810E-04    8.45415E+01
 1.83836E-04    7.77419E+01
 1.83862E-04    7.12912E+01
 1.83886E-04    6.56264E+01
 1.83908E-04    6.06859E+01
 1.83930E-04    5.60327E+01
 1.83952E-04    5.16771E+01
 1.83970E-04    4.82821E+01
 1.83992E-04    4.44995E+01
 1.84014E-04    4.10451E+01
 1.84033E-04    3.84256E+01
 1.84049E-04    3.62756E+01
 1.84066E-04    3.43277E+01
 1.84084E-04    3.24066E+01
 1.84098E-04    3.11382E+01
 1.84110E-04    3.01612E+01
 1.84124E-04    2.91182E+01
 1.84138E-04    2.83034E+01
 1.84151E-04    2.76884E+01
 1.84163E-04    2.72457E+01
 1.84174E-04    2.69488E+01
 1.84189E-04    2.67232E+01
 1.84198E-04    2.66828E+01
 1.84212E-04    2.67824E+01
 1.84225E-04    2.70267E+01
 1.84235E-04    2.73528E+01
 1.84248E-04    2.78991E+01
 1.84263E-04    2.87282E+01
 1.84271E-04    2.92922E+01
 1.84286E-04    3.04726E+01
 1.84300E-04    3.17893E+01
 1.84313E-04    3.33139E+01
 1.84328E-04    3.51745E+01
 1.84345E-04    3.75635E+01
 1.84359E-04    3.99569E+01
 1.84374E-04    4.26100E+01
 1.84388E-04    4.53390E+01
 1.84402E-04    4.83067E+01
 1.84416E-04    5.17416E+01
 1.84433E-04    5.59458E+01
 1.84449E-04    6.05197E+01
 1.84468E-04    6.60468E+01
 1.84487E-04    7.23695E+01
 1.84506E-04    7.92396E+01
 1.84521E-04    8.48528E+01
 1.84543E-04    9.39045E+01
 1.84565E-04    1.03738E+02
 1.84583E-04    1.12552E+02
 1.84602E-04    1.21945E+02
 1.84620E-04    1.31935E+02
 1.84638E-04    1.42539E+02
 1.84660E-04    1.56104E+02
 1.84682E-04    1.70612E+02
 1.84705E-04    1.86101E+02
 1.84727E-04    2.02604E+02
 1.84752E-04    2.23192E+02
 1.84778E-04    2.45272E+02
 1.84804E-04    2.68911E+02
 1.84829E-04    2.94174E+02
 1.84859E-04    3.25128E+02
 1.84888E-04    3.58407E+02
 1.84918E-04    3.94129E+02
 1.84947E-04    4.32414E+02
 1.84974E-04    4.70754E+02
 1.85002E-04    5.11574E+02
 1.85029E-04    5.54994E+02
 1.85057E-04    6.01140E+02
 1.85085E-04    6.50145E+02
 1.85112E-04    7.02147E+02
 1.85149E-04    7.76402E+02
 1.85186E-04    8.56619E+02
 1.85222E-04    9.43197E+02
 1.85252E-04    1.01733E+03
 1.85285E-04    1.10622E+03
 1.85318E-04    1.20126E+03
 1.85351E-04    1.30284E+03
 1.85384E-04    1.41138E+03
 1.85417E-04    1.52729E+03
 1.85450E-04    1.65108E+03
 1.85483E-04    1.78323E+03
 1.85516E-04    1.92430E+03
 1.85549E-04    2.07486E+03
 1.85582E-04    2.23555E+03
 1.85619E-04    2.42682E+03
 1.85657E-04    2.64313E+03
 1.85696E-04    2.87655E+03
 1.85734E-04    3.12850E+03
 1.85773E-04    3.40051E+03
 1.85812E-04    3.69429E+03
 1.85850E-04    4.01168E+03
 1.85889E-04    4.35477E+03
 1.85927E-04    4.72580E+03
 1.85966E-04    5.12732E+03
 1.86004E-04    5.56209E+03
 1.86043E-04    6.03326E+03
 1.86081E-04    6.54424E+03
 1.86120E-04    7.09892E+03
 1.86159E-04    7.70160E+03
 1.86197E-04    8.35715E+03
 1.86236E-04    9.07101E+03
 1.86274E-04    9.84934E+03
 1.86313E-04    1.06991E+04
 1.86351E-04    1.16281E+04
 1.86390E-04    1.26455E+04
 1.86428E-04    1.37392E+04
 1.86464E-04    1.48903E+04
 1.86500E-04    1.61505E+04
 1.86537E-04    1.75330E+04
 1.86573E-04    1.90528E+04
 1.86609E-04    2.07270E+04
 1.86645E-04    2.25174E+04
 1.86680E-04    2.44936E+04
 1.86715E-04    2.66809E+04
 1.86739E-04    2.82709E+04
 1.86762E-04    2.99780E+04
 1.86786E-04    3.18137E+04
 1.86809E-04    3.37909E+04
 1.86833E-04    3.59244E+04
 1.86856E-04    3.82309E+04
 1.86880E-04    4.07294E+04
 1.86903E-04    4.34420E+04
 1.86927E-04    4.63942E+04
 1.86950E-04    4.96152E+04
 1.86974E-04    5.31394E+04
 1.86996E-04    5.67541E+04
 1.87016E-04    6.04337E+04
 1.87037E-04    6.44454E+04
 1.87057E-04    6.88307E+04
 1.87078E-04    7.36379E+04
 1.87099E-04    7.89224E+04
 1.87119E-04    8.47483E+04
 1.87140E-04    9.11898E+04
 1.87159E-04    9.77973E+04
 1.87176E-04    1.04501E+05
 1.87194E-04    1.11857E+05
 1.87212E-04    1.19943E+05
 1.87229E-04    1.28848E+05
 1.87247E-04    1.38671E+05
 1.87265E-04    1.49522E+05
 1.87282E-04    1.61522E+05
 1.87299E-04    1.74227E+05
 1.87315E-04    1.87605E+05
 1.87331E-04    2.02306E+05
 1.87348E-04    2.18465E+05
 1.87364E-04    2.36227E+05
 1.87380E-04    2.55746E+05
 1.87396E-04    2.77185E+05
 1.87412E-04    3.00718E+05
 1.87428E-04    3.25300E+05
 1.87442E-04    3.50789E+05
 1.87457E-04    3.78449E+05
 1.87472E-04    4.08427E+05
 1.87486E-04    4.40872E+05
 1.87501E-04    4.75930E+05
 1.87516E-04    5.13746E+05
 1.87530E-04    5.54458E+05
 1.87548E-04    6.07323E+05
 1.87563E-04    6.57324E+05
 1.87579E-04    7.10945E+05
 1.87594E-04    7.68298E+05
 1.87610E-04    8.29454E+05
 1.87626E-04    8.97663E+05
 1.87643E-04    9.76926E+05
 1.87661E-04    1.06123E+06
 1.87685E-04    1.18128E+06
 1.87708E-04    1.30966E+06
 1.87738E-04    1.48073E+06
 1.87773E-04    1.69884E+06
 1.87878E-04    2.38398E+06
 1.87914E-04    2.59868E+06
 1.87937E-04    2.73093E+06
 1.87961E-04    2.85160E+06
 1.87984E-04    2.95837E+06
 1.88006E-04    3.04290E+06
 1.88026E-04    3.10724E+06
 1.88048E-04    3.16159E+06
 1.88071E-04    3.20093E+06
 1.88094E-04    3.21894E+06
 1.88103E-04    3.22079E+06
 1.88130E-04    3.20725E+06
 1.88154E-04    3.17253E+06
 1.88178E-04    3.11739E+06
 1.88193E-04    3.06992E+06
 1.88222E-04    2.96613E+06
 1.88250E-04    2.84035E+06
 1.88283E-04    2.67089E+06
 1.88316E-04    2.48316E+06
 1.88372E-04    2.13792E+06
 1.88426E-04    1.80390E+06
 1.88461E-04    1.59543E+06
 1.88492E-04    1.42666E+06
 1.88519E-04    1.28568E+06
 1.88539E-04    1.18663E+06
 1.88559E-04    1.09360E+06
 1.88579E-04    1.00672E+06
 1.88593E-04    9.52240E+05
 1.88612E-04    8.78820E+05
 1.88632E-04    8.10910E+05
 1.88651E-04    7.48335E+05
 1.88670E-04    6.90885E+05
 1.88690E-04    6.38299E+05
 1.88709E-04    5.90307E+05
 1.88729E-04    5.46610E+05
 1.88748E-04    5.06907E+05
 1.88766E-04    4.74017E+05
 1.88783E-04    4.43949E+05
 1.88801E-04    4.16479E+05
 1.88818E-04    3.91396E+05
 1.88836E-04    3.68493E+05
 1.88854E-04    3.47580E+05
 1.88871E-04    3.28476E+05
 1.88889E-04    3.11014E+05
 1.88907E-04    2.95036E+05
 1.88924E-04    2.80401E+05
 1.88943E-04    2.65910E+05
 1.88965E-04    2.50761E+05
 1.88987E-04    2.37099E+05
 1.89009E-04    2.24743E+05
 1.89031E-04    2.13533E+05
 1.89053E-04    2.03333E+05
 1.89083E-04    1.91093E+05
 1.89112E-04    1.80192E+05
 1.89142E-04    1.70428E+05
 1.89171E-04    1.61638E+05
 1.89206E-04    1.52183E+05
 1.89242E-04    1.43743E+05
 1.89277E-04    1.36163E+05
 1.89312E-04    1.29319E+05
 1.89347E-04    1.23110E+05
 1.89383E-04    1.17454E+05
 1.89435E-04    1.09859E+05
 1.89482E-04    1.03963E+05
 1.89525E-04    9.90273E+04
 1.89568E-04    9.45483E+04
 1.89625E-04    8.92053E+04
 1.89682E-04    8.45034E+04
 1.89739E-04    8.03806E+04
 1.89797E-04    7.67930E+04
 1.89854E-04    7.37081E+04
 1.89911E-04    7.10990E+04
 1.89978E-04    6.86283E+04
 1.90000E-04    6.79307E+04
 1.90000E-04    4.41408E+04
 1.92681E-04    4.39880E+04
 1.94936E-04    4.38595E+04
 1.97686E-04    4.37077E+04
 2.00000E-04    4.35800E+04
 2.02822E-04    4.34139E+04
 2.05133E-04    4.32779E+04
 2.08027E-04    4.31153E+04
 2.10962E-04    4.29505E+04
 2.13938E-04    4.27833E+04
 2.15115E-04    4.27171E+04
 2.18150E-04    4.25561E+04
 2.21228E-04    4.23927E+04
 2.24248E-04    4.22324E+04
 2.27411E-04    4.20726E+04
 2.30620E-04    4.19106E+04
 2.32556E-04    4.18128E+04
 2.35837E-04    4.16542E+04
 2.39164E-04    4.14933E+04
 2.40077E-04    4.14491E+04
 2.43464E-04    4.12914E+04
 2.46858E-04    4.11334E+04
 2.50341E-04    4.09766E+04
 2.52948E-04    4.08592E+04
 2.56517E-04    4.07052E+04
 2.60136E-04    4.05491E+04
 2.63806E-04    4.03907E+04
 2.63970E-04    4.03836E+04
 2.67694E-04    4.02304E+04
 2.71470E-04    4.00750E+04
 2.72550E-04    4.00306E+04
 2.76395E-04    3.98780E+04
 2.79167E-04    3.97679E+04
 2.83106E-04    3.96174E+04
 2.87100E-04    3.94648E+04
 2.89396E-04    3.93770E+04
 2.93479E-04    3.92280E+04
 2.97620E-04    3.90769E+04
 3.00000E-04    3.89900E+04
 3.04232E-04    3.88419E+04
 3.08525E-04    3.86918E+04
 3.10984E-04    3.86058E+04
 3.15372E-04    3.84587E+04
 3.19821E-04    3.83096E+04
 3.20925E-04    3.82726E+04
 3.25453E-04    3.81265E+04
 3.29884E-04    3.79835E+04
 3.34538E-04    3.78382E+04
 3.37927E-04    3.77324E+04
 3.42695E-04    3.75896E+04
 3.47530E-04    3.74449E+04
 3.52433E-04    3.72982E+04
 3.52478E-04    3.72968E+04
 3.57451E-04    3.71548E+04
 3.62494E-04    3.70107E+04
 3.63801E-04    3.69734E+04
 3.68934E-04    3.68340E+04
 3.74139E-04    3.66927E+04
 3.79417E-04    3.65494E+04
 3.81472E-04    3.64936E+04
 3.86853E-04    3.63560E+04
 3.92311E-04    3.62165E+04
 3.97846E-04    3.60751E+04
 4.00000E-04    3.60200E+04
 4.05643E-04    3.58790E+04
 4.11314E-04    3.57374E+04
 4.17117E-04    3.55972E+04
 4.21476E-04    3.54919E+04
 4.27423E-04    3.53543E+04
 4.33453E-04    3.52148E+04
 4.39568E-04    3.50732E+04
 4.39868E-04    3.50663E+04
 4.46074E-04    3.49294E+04
 4.52367E-04    3.47906E+04
 4.54187E-04    3.47505E+04
 4.60594E-04    3.46141E+04
 4.65231E-04    3.45155E+04
 4.71794E-04    3.43811E+04
 4.78450E-04    3.42448E+04
 4.82302E-04    3.41660E+04
 4.89107E-04    3.40330E+04
 4.96007E-04    3.38981E+04
 5.00000E-04    3.38200E+04
 5.07054E-04    3.36874E+04
 5.14208E-04    3.35528E+04
 5.21462E-04    3.34164E+04
 5.23318E-04    3.33815E+04
 5.30701E-04    3.32497E+04
 5.38188E-04    3.31159E+04
 5.41517E-04    3.30564E+04
 5.49156E-04    3.29251E+04
 5.55580E-04    3.28147E+04
 5.63418E-04    3.26854E+04
 5.71367E-04    3.25543E+04
 5.77363E-04    3.24554E+04
 5.85509E-04    3.23275E+04
 5.93769E-04    3.21978E+04
 6.00000E-04    3.21000E+04
 6.08465E-04    3.19722E+04
 6.17049E-04    3.18426E+04
 6.23574E-04    3.17441E+04
 6.32371E-04    3.16170E+04
 6.41293E-04    3.14880E+04
 6.41860E-04    3.14798E+04
 6.50916E-04    3.13549E+04
 6.60099E-04    3.12282E+04
 6.69412E-04    3.10997E+04
 6.70300E-04    3.10875E+04
 6.79757E-04    3.09641E+04
 6.89347E-04    3.08390E+04
 6.99072E-04    3.07121E+04
 7.00000E-04    3.07000E+04
 7.09876E-04    3.05767E+04
 7.19891E-04    3.04516E+04
 7.23762E-04    3.04032E+04
 7.33973E-04    3.02804E+04
 7.42112E-04    3.01825E+04
 7.52582E-04    3.00616E+04
 7.63200E-04    2.99390E+04
 7.70513E-04    2.98545E+04
 7.81383E-04    2.97349E+04
 7.92407E-04    2.96136E+04
 8.00000E-04    2.95300E+04
 8.11287E-04    2.94092E+04
 8.22732E-04    2.92868E+04
 8.23907E-04    2.92742E+04
 8.35531E-04    2.91556E+04
 8.47319E-04    2.90354E+04
 8.59273E-04    2.89134E+04
 8.61113E-04    2.88946E+04
 8.73262E-04    2.87776E+04
 8.85582E-04    2.86589E+04
 8.98076E-04    2.85385E+04
 9.00000E-04    2.85200E+04
 9.12697E-04    2.84050E+04
 9.24021E-04    2.83025E+04
 9.37057E-04    2.81894E+04
 9.50278E-04    2.80747E+04
 9.61260E-04    2.79794E+04
 9.74822E-04    2.78676E+04
 9.88575E-04    2.77542E+04
 1.00000E-03    2.76600E+04
 1.01411E-03    2.75568E+04
 1.02842E-03    2.74522E+04
 1.04292E-03    2.73461E+04
 1.04427E-03    2.73362E+04
 1.05901E-03    2.72340E+04
 1.07395E-03    2.71304E+04
 1.08756E-03    2.70361E+04
 1.10290E-03    2.69349E+04
 1.11846E-03    2.68322E+04
 1.12977E-03    2.67577E+04
 1.14571E-03    2.66574E+04
 1.16187E-03    2.65557E+04
 1.17082E-03    2.64993E+04
 1.18734E-03    2.63998E+04
 1.20409E-03    2.62989E+04
 1.21067E-03    2.62593E+04
 1.22775E-03    2.61606E+04
 1.24507E-03    2.60605E+04
 1.24925E-03    2.60364E+04
 1.26688E-03    2.59384E+04
 1.28475E-03    2.58390E+04
 1.28654E-03    2.58290E+04
 1.30469E-03    2.57317E+04
 1.32251E-03    2.56362E+04
 1.34117E-03    2.55394E+04
 1.35715E-03    2.54566E+04
 1.37629E-03    2.53605E+04
 1.39044E-03    2.52895E+04
 1.41005E-03    2.51953E+04
 1.42995E-03    2.50997E+04
 1.45012E-03    2.50028E+04
 1.45508E-03    2.49790E+04
 1.47561E-03    2.48856E+04
 1.49643E-03    2.47909E+04
 1.51410E-03    2.47105E+04
 1.53546E-03    2.46178E+04
 1.55712E-03    2.45238E+04
 1.56770E-03    2.44779E+04
 1.58982E-03    2.43859E+04
 1.61225E-03    2.42925E+04
 1.61616E-03    2.42762E+04
 1.63896E-03    2.41847E+04
 1.65979E-03    2.41011E+04
 1.68321E-03    2.40114E+04
 1.70695E-03    2.39204E+04
 1.73103E-03    2.38281E+04
 1.73899E-03    2.37976E+04
 1.76352E-03    2.37084E+04
 1.78840E-03    2.36179E+04
 1.80086E-03    2.35726E+04
 1.82627E-03    2.34836E+04
 1.84871E-03    2.34051E+04
 1.87479E-03    2.33176E+04
 1.90124E-03    2.32288E+04
 1.92287E-03    2.31562E+04
 1.94999E-03    2.30696E+04
 1.97750E-03    2.29818E+04
 2.00000E-03    2.29100E+04
 2.02822E-03    2.28178E+04
 2.05133E-03    2.27424E+04
 2.08027E-03    2.26508E+04
 2.10065E-03    2.25863E+04
 2.13029E-03    2.24966E+04
 2.16034E-03    2.24056E+04
 2.19082E-03    2.23133E+04
 2.19634E-03    2.22966E+04
 2.22733E-03    2.22077E+04
 2.25875E-03    2.21175E+04
 2.28364E-03    2.20461E+04
 2.31586E-03    2.19580E+04
 2.34853E-03    2.18685E+04
 2.36287E-03    2.18293E+04
 2.39620E-03    2.17417E+04
 2.43001E-03    2.16530E+04
 2.43444E-03    2.16413E+04
 2.46879E-03    2.15543E+04
 2.49885E-03    2.14782E+04
 2.53410E-03    2.13929E+04
 2.56985E-03    2.13064E+04
 2.60611E-03    2.12188E+04
 2.61568E-03    2.11956E+04
 2.65258E-03    2.11108E+04
 2.69001E-03    2.10249E+04
 2.70688E-03    2.09861E+04
 2.74507E-03    2.09017E+04
 2.77736E-03    2.08304E+04
 2.81654E-03    2.07473E+04
 2.85628E-03    2.06630E+04
 2.88653E-03    2.05989E+04
 2.92726E-03    2.05167E+04
 2.96856E-03    2.04334E+04
 3.00000E-03    2.03700E+04
 3.04232E-03    2.02798E+04
 3.08525E-03    2.01882E+04
 3.10984E-03    2.01358E+04
 3.15372E-03    2.00463E+04
 3.19821E-03    1.99556E+04
 3.20925E-03    1.99331E+04
 3.25453E-03    1.98443E+04
 3.29884E-03    1.97574E+04
 3.34538E-03    1.96691E+04
 3.37927E-03    1.96049E+04
 3.42695E-03    1.95184E+04
 3.47530E-03    1.94307E+04
 3.52433E-03    1.93417E+04
 3.52478E-03    1.93409E+04
 3.57451E-03    1.92549E+04
 3.62494E-03    1.91678E+04
 3.63801E-03    1.91452E+04
 3.68934E-03    1.90597E+04
 3.72532E-03    1.89998E+04
 3.77787E-03    1.89156E+04
 3.83117E-03    1.88302E+04
 3.86022E-03    1.87837E+04
 3.91468E-03    1.87004E+04
 3.96991E-03    1.86160E+04
 4.00000E-03    1.85700E+04
 4.05643E-03    1.84850E+04
 4.11314E-03    1.83996E+04
 4.17117E-03    1.83152E+04
 4.21476E-03    1.82518E+04
 4.27423E-03    1.81679E+04
 4.30574E-03    1.81235E+04
 4.36649E-03    1.80411E+04
 4.42809E-03    1.79575E+04
 4.46970E-03    1.79011E+04
 4.53276E-03    1.78191E+04
 4.59671E-03    1.77361E+04
 4.59675E-03    1.77360E+04
 4.66161E-03    1.76556E+04
 4.72737E-03    1.75741E+04
 4.79407E-03    1.74914E+04
 4.79414E-03    1.74913E+04
 4.86178E-03    1.74120E+04
 4.93037E-03    1.73316E+04
 4.99993E-03    1.72501E+04
 5.00000E-03    1.72500E+04
 5.07054E-03    1.71763E+04
 5.11526E-03    1.71296E+04
 5.18743E-03    1.70572E+04
 5.26061E-03    1.69839E+04
 5.32339E-03    1.69209E+04
 5.39850E-03    1.68490E+04
 5.47466E-03    1.67760E+04
 5.48503E-03    1.67661E+04
 5.56242E-03    1.66944E+04
 5.60948E-03    1.66509E+04
 5.68861E-03    1.65803E+04
 5.76887E-03    1.65086E+04
 5.80145E-03    1.64796E+04
 5.88330E-03    1.64097E+04
 5.96630E-03    1.63388E+04
 6.00000E-03    1.63100E+04
 6.08465E-03    1.62461E+04
 6.17049E-03    1.61813E+04
 6.23574E-03    1.61321E+04
 6.32371E-03    1.60685E+04
 6.41293E-03    1.60041E+04
 6.41860E-03    1.60000E+04
 6.50916E-03    1.59375E+04
 6.60099E-03    1.58742E+04
 6.69412E-03    1.58099E+04
 6.70300E-03    1.58038E+04
 6.79757E-03    1.57421E+04
 6.89347E-03    1.56795E+04
 6.99072E-03    1.56161E+04
 7.00000E-03    1.56100E+04
 7.09876E-03    1.55510E+04
 7.19891E-03    1.54912E+04
 7.23762E-03    1.54681E+04
 7.33973E-03    1.54093E+04
 7.42112E-03    1.53625E+04
 7.52582E-03    1.53046E+04
 7.63200E-03    1.52459E+04
 7.70513E-03    1.52054E+04
 7.81383E-03    1.51481E+04
 7.92407E-03    1.50900E+04
 8.00000E-03    1.50500E+04
 8.11287E-03    1.49951E+04
 8.22732E-03    1.49394E+04
 8.23907E-03    1.49337E+04
 8.35531E-03    1.48797E+04
 8.47319E-03    1.48249E+04
 8.59273E-03    1.47694E+04
 8.61113E-03    1.47608E+04
 8.73262E-03    1.47075E+04
 8.85582E-03    1.46533E+04
 8.98076E-03    1.45985E+04
 9.00000E-03    1.45900E+04
 9.12697E-03    1.45379E+04
 9.24021E-03    1.44915E+04
 9.37057E-03    1.44402E+04
 9.50278E-03    1.43882E+04
 9.61260E-03    1.43450E+04
 9.74822E-03    1.42942E+04
 9.88575E-03    1.42428E+04
 1.00000E-02    1.42000E+04
 1.01411E-02    1.41498E+04
 1.02842E-02    1.40990E+04
 1.04292E-02    1.40474E+04
 1.04427E-02    1.40426E+04
 1.05901E-02    1.39929E+04
 1.07395E-02    1.39425E+04
 1.08756E-02    1.38965E+04
 1.10290E-02    1.38473E+04
 1.11846E-02    1.37973E+04
 1.12977E-02    1.37610E+04
 1.14571E-02    1.37122E+04
 1.16187E-02    1.36626E+04
 1.17082E-02    1.36352E+04
 1.18734E-02    1.35867E+04
 1.20409E-02    1.35376E+04
 1.21067E-02    1.35183E+04
 1.22775E-02    1.34702E+04
 1.24507E-02    1.34214E+04
 1.24925E-02    1.34096E+04
 1.26688E-02    1.33618E+04
 1.28475E-02    1.33133E+04
 1.28654E-02    1.33084E+04
 1.30469E-02    1.32610E+04
 1.32251E-02    1.32143E+04
 1.34117E-02    1.31671E+04
 1.35715E-02    1.31267E+04
 1.37629E-02    1.30805E+04
 1.39571E-02    1.30336E+04
 1.41540E-02    1.29861E+04
 1.42455E-02    1.29640E+04
 1.44465E-02    1.29182E+04
 1.46503E-02    1.28717E+04
 1.48570E-02    1.28246E+04
 1.48626E-02    1.28233E+04
 1.50723E-02    1.27778E+04
 1.52850E-02    1.27317E+04
 1.54246E-02    1.27014E+04
 1.56422E-02    1.26562E+04
 1.58629E-02    1.26104E+04
 1.59336E-02    1.25957E+04
 1.61584E-02    1.25508E+04
 1.63864E-02    1.25052E+04
 1.63928E-02    1.25039E+04
 1.66241E-02    1.24599E+04
 1.68587E-02    1.24153E+04
 1.70965E-02    1.23700E+04
 1.72285E-02    1.23449E+04
 1.74716E-02    1.23011E+04
 1.77181E-02    1.22567E+04
 1.78831E-02    1.22270E+04
 1.81354E-02    1.21834E+04
 1.83904E-02    1.21393E+04
 1.86498E-02    1.20964E+04
 1.89129E-02    1.20529E+04
 1.91783E-02    1.20090E+04
 1.94489E-02    1.19665E+04
 1.97233E-02    1.19234E+04
 2.00000E-02    1.18800E+04
 2.02822E-02    1.18386E+04
 2.05133E-02    1.18046E+04
 2.08027E-02    1.17641E+04
 2.10962E-02    1.17229E+04
 2.13938E-02    1.16811E+04
 2.15115E-02    1.16646E+04
 2.18150E-02    1.16244E+04
 2.21228E-02    1.15836E+04
 2.24248E-02    1.15435E+04
 2.27411E-02    1.15035E+04
 2.30620E-02    1.14630E+04
 2.32556E-02    1.14385E+04
 2.35837E-02    1.13988E+04
 2.39164E-02    1.13585E+04
 2.40077E-02    1.13475E+04
 2.43464E-02    1.13080E+04
 2.46858E-02    1.12684E+04
 2.50341E-02    1.12297E+04
 2.53873E-02    1.11904E+04
 2.57454E-02    1.11506E+04
 2.59189E-02    1.11313E+04
 2.62845E-02    1.10928E+04
 2.66554E-02    1.10537E+04
 2.68839E-02    1.10296E+04
 2.72632E-02    1.09912E+04
 2.76312E-02    1.09539E+04
 2.80210E-02    1.09161E+04
 2.84163E-02    1.08778E+04
 2.87912E-02    1.08414E+04
 2.91974E-02    1.08040E+04
 2.96094E-02    1.07660E+04
 3.00000E-02    1.07300E+04
 3.04232E-02    1.06963E+04
 3.08525E-02    1.06621E+04
 3.10984E-02    1.06425E+04
 3.15372E-02    1.06090E+04
 3.19821E-02    1.05750E+04
 3.20925E-02    1.05666E+04
 3.25453E-02    1.05333E+04
 3.29884E-02    1.05006E+04
 3.34538E-02    1.04679E+04
 3.39257E-02    1.04347E+04
 3.44044E-02    1.04010E+04
 3.46167E-02    1.03861E+04
 3.51051E-02    1.03535E+04
 3.56003E-02    1.03204E+04
 3.58905E-02    1.03010E+04
 3.63968E-02    1.02685E+04
 3.68765E-02    1.02377E+04
 3.73967E-02    1.02056E+04
 3.79243E-02    1.01731E+04
 3.84065E-02    1.01434E+04
 3.89483E-02    1.01116E+04
 3.94978E-02    1.00794E+04
 4.00000E-02    1.00500E+04
 4.05643E-02    1.00199E+04
 4.11314E-02    9.98975E+03
 4.17117E-02    9.96026E+03
 4.23002E-02    9.93035E+03
 4.28970E-02    9.90002E+03
 4.31890E-02    9.88518E+03
 4.37983E-02    9.85578E+03
 4.44162E-02    9.82597E+03
 4.47994E-02    9.80747E+03
 4.54314E-02    9.77863E+03
 4.60724E-02    9.74938E+03
 4.67224E-02    9.71971E+03
 4.73283E-02    9.69206E+03
 4.79960E-02    9.66355E+03
 4.86732E-02    9.63464E+03
 4.93599E-02    9.60533E+03
 5.00000E-02    9.57800E+03
 5.07054E-02    9.55030E+03
 5.14208E-02    9.52221E+03
 5.21462E-02    9.49373E+03
 5.23318E-02    9.48645E+03
 5.30701E-02    9.45882E+03
 5.38188E-02    9.43081E+03
 5.41517E-02    9.41836E+03
 5.49156E-02    9.39121E+03
 5.56904E-02    9.36369E+03
 5.64761E-02    9.33578E+03
 5.70009E-02    9.31713E+03
 5.78051E-02    9.29028E+03
 5.86206E-02    9.26306E+03
 5.94476E-02    9.23544E+03
 6.00000E-02    9.21700E+03
 6.08465E-02    9.19065E+03
 6.17049E-02    9.16394E+03
 6.23574E-02    9.14363E+03
 6.32371E-02    9.11734E+03
 6.41293E-02    9.09068E+03
 6.41860E-02    9.08898E+03
 6.50916E-02    9.06308E+03
 6.60099E-02    9.03681E+03
 6.69412E-02    9.01017E+03
 6.70300E-02    9.00763E+03
 6.79757E-02    8.98196E+03
 6.89347E-02    8.95592E+03
 6.99072E-02    8.92952E+03
 7.00000E-02    8.92700E+03
 7.09876E-02    8.90181E+03
 7.19891E-02    8.87626E+03
 7.23762E-02    8.86639E+03
 7.33973E-02    8.84162E+03
 7.44328E-02    8.81650E+03
 7.54830E-02    8.79103E+03
 7.60927E-02    8.77623E+03
 7.71662E-02    8.75172E+03
 7.82549E-02    8.72685E+03
 7.93589E-02    8.70164E+03
 8.00000E-02    8.68700E+03
 8.11287E-02    8.66247E+03
 8.22732E-02    8.63759E+03
 8.23907E-02    8.63504E+03
 8.35531E-02    8.61087E+03
 8.47319E-02    8.58636E+03
 8.59273E-02    8.56150E+03
 8.61113E-02    8.55767E+03
 8.73262E-02    8.53372E+03
 8.85582E-02    8.50943E+03
 8.98076E-02    8.48479E+03
 9.00000E-02    8.48100E+03
 9.12697E-02    8.45542E+03
 9.25574E-02    8.42948E+03
 9.38632E-02    8.40318E+03
 9.48683E-02    8.38293E+03
 9.62067E-02    8.35765E+03
 9.75641E-02    8.33201E+03
 9.89405E-02    8.30601E+03
 1.00000E-01    8.28600E+03
 1.01411E-01    8.25957E+03
 1.02842E-01    8.23276E+03
 1.04292E-01    8.20558E+03
 1.04664E-01    8.19863E+03
 1.06140E-01    8.17229E+03
 1.07638E-01    8.14558E+03
 1.08303E-01    8.13370E+03
 1.09831E-01    8.10785E+03
 1.11381E-01    8.08163E+03
 1.12952E-01    8.05504E+03
 1.14002E-01    8.03728E+03
 1.15610E-01    8.01173E+03
 1.17241E-01    7.98582E+03
 1.18895E-01    7.95955E+03
 1.20000E-01    7.94200E+03
 1.21693E-01    7.91533E+03
 1.23410E-01    7.88827E+03
 1.24715E-01    7.86771E+03
 1.26474E-01    7.84113E+03
 1.28259E-01    7.81417E+03
 1.28372E-01    7.81246E+03
 1.30183E-01    7.78630E+03
 1.32020E-01    7.75977E+03
 1.33882E-01    7.73286E+03
 1.34060E-01    7.73030E+03
 1.35951E-01    7.70441E+03
 1.37869E-01    7.67816E+03
 1.39814E-01    7.65154E+03
 1.40000E-01    7.64900E+03
 1.41975E-01    7.62249E+03
 1.43978E-01    7.59560E+03
 1.44752E-01    7.58521E+03
 1.46795E-01    7.55919E+03
 1.48866E-01    7.53281E+03
 1.50966E-01    7.50605E+03
 1.52185E-01    7.49051E+03
 1.54332E-01    7.46482E+03
 1.56510E-01    7.43876E+03
 1.58718E-01    7.41234E+03
 1.60000E-01    7.39700E+03
 1.62257E-01    7.37062E+03
 1.64546E-01    7.34387E+03
 1.64781E-01    7.34112E+03
 1.67106E-01    7.31518E+03
 1.69464E-01    7.28887E+03
 1.71855E-01    7.26220E+03
 1.72223E-01    7.25809E+03
 1.74652E-01    7.23244E+03
 1.77116E-01    7.20644E+03
 1.79615E-01    7.18006E+03
 1.80000E-01    7.17600E+03
 1.82539E-01    7.14996E+03
 1.84804E-01    7.12675E+03
 1.87411E-01    7.10110E+03
 1.90056E-01    7.07510E+03
 1.92252E-01    7.05350E+03
 1.94964E-01    7.02812E+03
 1.97715E-01    7.00238E+03
 2.00000E-01    6.98100E+03
 2.02822E-01    6.95528E+03
 2.05657E-01    6.92944E+03
 2.08559E-01    6.90385E+03
 2.10738E-01    6.88463E+03
 2.13711E-01    6.85951E+03
 2.16726E-01    6.83402E+03
 2.19784E-01    6.80818E+03
 2.19934E-01    6.80692E+03
 2.23037E-01    6.78191E+03
 2.26184E-01    6.75654E+03
 2.27093E-01    6.74921E+03
 2.30297E-01    6.72466E+03
 2.33546E-01    6.69977E+03
 2.36841E-01    6.67452E+03
 2.38272E-01    6.66356E+03
 2.50000E-01    6.57900E+03
 2.50000E-01    6.57893E+03
 2.90718E-01    6.32161E+03
 3.35150E-01    6.09120E+03
 3.85831E-01    5.87682E+03
 4.42791E-01    5.67987E+03
 5.10631E-01    5.48972E+03
 5.94947E-01    5.30043E+03
 7.00000E-01    5.10900E+03
 8.30438E-01    4.91773E+03
 9.69041E-01    4.74412E+03
 1.01411E+00    4.67362E+03
 1.13935E+00    4.45871E+03
 1.20000E+00    4.36599E+03
 1.27904E+00    4.12715E+03
 1.36362E+00    3.90074E+03
 1.40000E+00    3.81102E+03
 1.61129E+00    3.69532E+03
 1.93771E+00    3.57114E+03
 2.63668E+00    3.32391E+03
 3.95533E+00    2.82122E+03
 4.46620E+00    2.64124E+03
 4.90777E+00    2.50111E+03
 5.32048E+00    2.38927E+03
 5.62095E+00    2.31907E+03
 6.04232E+00    2.23637E+03
 6.54585E+00    2.16340E+03
 7.04938E+00    2.11638E+03
 7.55291E+00    2.09236E+03
 8.00000E+00    2.08700E+03
 8.55996E+00    2.09876E+03
 9.06349E+00    2.12332E+03
 9.70199E+00    2.16956E+03
 1.00000E+01    2.19400E+03
 1.01411E+01    2.20787E+03
 1.02842E+01    2.22193E+03
 1.04292E+01    2.23619E+03
 1.04881E+01    2.24198E+03
 1.06361E+01    2.25615E+03
 1.07861E+01    2.27052E+03
 1.09383E+01    2.28509E+03
 1.10000E+01    2.29100E+03
 1.11552E+01    2.30732E+03
 1.13126E+01    2.32386E+03
 1.14722E+01    2.34064E+03
 1.14891E+01    2.34242E+03
 1.16512E+01    2.35910E+03
 1.18156E+01    2.37602E+03
 1.19823E+01    2.39318E+03
 1.20000E+01    2.39500E+03
 1.21693E+01    2.41159E+03
 1.23410E+01    2.42842E+03
 1.24900E+01    2.44302E+03
 1.26662E+01    2.45994E+03
 1.28449E+01    2.47710E+03
 1.30000E+01    2.49200E+03
 1.31834E+01    2.50738E+03
 1.33694E+01    2.52298E+03
 1.34907E+01    2.53316E+03
 1.36811E+01    2.54880E+03
 1.38741E+01    2.56465E+03
 1.40000E+01    2.57500E+03
 1.41975E+01    2.58759E+03
 1.43978E+01    2.60035E+03
 1.44914E+01    2.60631E+03
 1.46958E+01    2.61905E+03
 1.49032E+01    2.63197E+03
 1.50000E+01    2.63800E+03
 1.52116E+01    2.64668E+03
 1.54262E+01    2.65548E+03
 1.56439E+01    2.66440E+03
 1.58646E+01    2.67345E+03
 1.60000E+01    2.67900E+03
 1.62257E+01    2.68351E+03
 1.64546E+01    2.68809E+03
 1.66868E+01    2.69274E+03
 1.69222E+01    2.69744E+03
 1.70000E+01    2.69900E+03
 1.72398E+01    2.69852E+03
 1.74831E+01    2.69803E+03
 1.77297E+01    2.69754E+03
 1.79799E+01    2.69704E+03
 1.80000E+01    2.69700E+03
 1.82539E+01    2.69192E+03
 1.85115E+01    2.68677E+03
 1.87726E+01    2.68155E+03
 1.90000E+01    2.67700E+03
 1.92681E+01    2.66719E+03
 1.94936E+01    2.65894E+03
 1.97686E+01    2.64920E+03
 2.00000E+01    2.64100E+03
