# n + U 235 : (n,n'03)  
# tendl.2019 IAEA CIELO Collaboration          EVAL-NOV17
# uncertainties: y
# # energies =    79
#   E(MeV)       xs(mb)       xslow(mb)      xsupp(mb)
 4.64053E-02    0.00000E+00    0.00000E+00    0.00000E+00
 5.00000E-02    1.57890E+01    1.57890E+01    1.57890E+01
 5.60000E-02    3.92714E+01    3.92714E+01    3.92714E+01
 6.00000E-02    5.12336E+01    5.12336E+01    5.12336E+01
 7.10000E-02    7.50475E+01    7.50475E+01    7.50475E+01
 8.00000E-02    1.04522E+02    1.04522E+02    1.04522E+02
 9.00000E-02    1.32998E+02    1.32998E+02    1.32998E+02
 1.00000E-01    1.52298E+02    1.52298E+02    1.52298E+02
 1.20000E-01    1.90918E+02    1.90918E+02    1.90918E+02
 1.40000E-01    2.24430E+02    2.24430E+02    2.24430E+02
 1.60000E-01    2.50609E+02    2.50609E+02    2.50609E+02
 2.00000E-01    2.85159E+02    2.85159E+02    2.85159E+02
 2.40000E-01    3.07556E+02    3.07556E+02    3.07556E+02
 3.00000E-01    3.22223E+02    3.22223E+02    3.22223E+02
 3.40000E-01    3.23013E+02    3.23013E+02    3.23013E+02
 4.00000E-01    3.20679E+02    3.20679E+02    3.20679E+02
 4.40000E-01    3.19957E+02    3.19957E+02    3.19957E+02
 5.00000E-01    3.17559E+02    3.17559E+02    3.17559E+02
 5.40000E-01    3.14257E+02    3.14257E+02    3.14257E+02
 6.00000E-01    3.07237E+02    3.07237E+02    3.07237E+02
 6.40000E-01    3.01056E+02    3.01056E+02    3.01056E+02
 7.00000E-01    2.89878E+02    2.89878E+02    2.89878E+02
 7.61000E-01    2.78157E+02    2.78157E+02    2.78157E+02
 8.25000E-01    2.64731E+02    2.64731E+02    2.64731E+02
 9.00000E-01    2.48074E+02    2.48074E+02    2.48074E+02
 9.58000E-01    2.35044E+02    2.35044E+02    2.35044E+02
 1.04000E+00    2.24384E+02    2.24384E+02    2.24384E+02
 1.10000E+00    2.18225E+02    2.18225E+02    2.18225E+02
 1.16900E+00    2.11719E+02    2.11719E+02    2.11719E+02
 1.40000E+00    1.97320E+02    1.97320E+02    1.97320E+02
 1.55500E+00    1.91009E+02    1.91009E+02    1.91009E+02
 1.72700E+00    1.85858E+02    1.85858E+02    1.85858E+02
 2.00000E+00    1.79638E+02    1.79638E+02    1.79638E+02
 2.17100E+00    1.75953E+02    1.75953E+02    1.75953E+02
 2.37000E+00    1.71473E+02    1.71473E+02    1.71473E+02
 2.60000E+00    1.66112E+02    1.66112E+02    1.66112E+02
 2.92700E+00    1.58725E+02    1.58725E+02    1.58725E+02
 3.34400E+00    1.50491E+02    1.50491E+02    1.50491E+02
 3.92700E+00    1.41178E+02    1.41178E+02    1.41178E+02
 4.40000E+00    1.34967E+02    1.34967E+02    1.34967E+02
 4.89700E+00    1.29720E+02    1.29720E+02    1.29720E+02
 5.38200E+00    1.26011E+02    1.26011E+02    1.26011E+02
 5.50000E+00    1.25307E+02    1.25307E+02    1.25307E+02
 5.60000E+00    1.24764E+02    1.24764E+02    1.24764E+02
 5.70000E+00    1.24265E+02    1.24265E+02    1.24265E+02
 5.85000E+00    1.23588E+02    1.23588E+02    1.23588E+02
 6.00000E+00    1.22988E+02    1.22988E+02    1.22988E+02
 6.40000E+00    1.21619E+02    1.21619E+02    1.21619E+02
 7.00000E+00    1.19743E+02    1.19743E+02    1.19743E+02
 7.40000E+00    1.18324E+02    1.18324E+02    1.18324E+02
 7.76000E+00    1.16825E+02    1.16825E+02    1.16825E+02
 8.40000E+00    1.13615E+02    1.13615E+02    1.13615E+02
 9.00000E+00    1.10120E+02    1.10120E+02    1.10120E+02
 9.37000E+00    1.07830E+02    1.07830E+02    1.07830E+02
 1.00000E+01    1.03837E+02    1.03837E+02    1.03837E+02
 1.10000E+01    9.74817E+01    9.74817E+01    9.74817E+01
 1.14700E+01    9.45381E+01    9.45381E+01    9.45381E+01
 1.21000E+01    9.06707E+01    9.06707E+01    9.06707E+01
 1.25000E+01    8.82788E+01    8.82788E+01    8.82788E+01
 1.28600E+01    8.61809E+01    8.61809E+01    8.61809E+01
 1.35000E+01    8.26052E+01    8.26052E+01    8.26052E+01
 1.40000E+01    7.99670E+01    7.99670E+01    7.99670E+01
 1.45000E+01    7.74802E+01    7.74802E+01    7.74802E+01
 1.50000E+01    7.51512E+01    7.51512E+01    7.51512E+01
 1.60000E+01    7.09688E+01    7.09688E+01    7.09688E+01
 1.70000E+01    6.73928E+01    6.73928E+01    6.73928E+01
 1.80000E+01    6.43582E+01    6.43582E+01    6.43582E+01
 1.90000E+01    6.17829E+01    6.17829E+01    6.17829E+01
 2.00000E+01    5.95850E+01    5.95850E+01    5.95850E+01
 2.10000E+01    5.77000E+01    5.77000E+01    5.77000E+01
 2.20000E+01    5.60862E+01    5.60862E+01    5.60862E+01
 2.30000E+01    5.47159E+01    5.47159E+01    5.47159E+01
 2.40000E+01    5.35673E+01    5.35673E+01    5.35673E+01
 2.50000E+01    5.26137E+01    5.26137E+01    5.26137E+01
 2.60000E+01    5.18210E+01    5.18210E+01    5.18210E+01
 2.70000E+01    5.11512E+01    5.11512E+01    5.11512E+01
 2.80000E+01    5.05701E+01    5.05701E+01    5.05701E+01
 2.90000E+01    5.00522E+01    5.00522E+01    5.00522E+01
 3.00000E+01    4.95819E+01    4.95819E+01    4.95819E+01
