# n + Ti 47 : (n,2n)    
# tendl.2019 A.J. Koning and D. Rochman        EVAL-NOV19
# uncertainties: y
# # energies =    63
#   E(MeV)       xs(mb)       xslow(mb)      xsupp(mb)
 9.07168E+00    0.00000E+00    0.00000E+00    0.00000E+00
 9.50000E+00    1.35948E+01    8.93791E+00    1.82517E+01
 1.01400E+01    5.75812E+01    3.78568E+01    7.73056E+01
 1.06870E+01    1.20571E+02    7.92695E+01    1.61873E+02
 1.10000E+01    1.63672E+02    1.07606E+02    2.19738E+02
 1.15000E+01    2.38840E+02    1.57026E+02    3.20654E+02
 1.20000E+01    3.14109E+02    2.06511E+02    4.21707E+02
 1.25000E+01    3.82367E+02    2.51387E+02    5.13347E+02
 1.30000E+01    4.43085E+02    2.04611E+02    6.81559E+02
 1.35000E+01    4.91260E+02    2.26858E+02    7.55662E+02
 1.40000E+01    5.27633E+02    2.43654E+02    8.11612E+02
 1.45000E+01    5.52999E+02    2.55368E+02    8.50630E+02
 1.50000E+01    5.69063E+02    2.62786E+02    8.75340E+02
 1.55000E+01    5.77051E+02    2.66475E+02    8.87627E+02
 1.60000E+01    5.80977E+02    2.68288E+02    8.93666E+02
 1.65000E+01    5.80931E+02    2.68267E+02    8.93596E+02
 1.70000E+01    5.78545E+02    2.34918E+02    9.22172E+02
 1.75000E+01    5.74681E+02    2.33350E+02    9.16012E+02
 1.80000E+01    5.69553E+02    2.31267E+02    9.07839E+02
 1.85000E+01    5.64034E+02    2.29026E+02    8.99042E+02
 1.90000E+01    5.57871E+02    2.26524E+02    8.89218E+02
 1.95000E+01    5.51943E+02    2.24117E+02    8.79769E+02
 2.00000E+01    5.45433E+02    2.14170E+02    8.76696E+02
 2.10000E+01    5.32873E+02    2.09238E+02    8.56508E+02
 2.20000E+01    5.19264E+02    2.03894E+02    8.34634E+02
 2.30000E+01    5.02247E+02    1.97212E+02    8.07282E+02
 2.40000E+01    4.79088E+02    2.07766E+02    7.50410E+02
 2.50000E+01    4.49598E+02    1.94977E+02    7.04219E+02
 2.60000E+01    4.19626E+02    1.81979E+02    6.57273E+02
 2.70000E+01    3.91704E+02    1.69870E+02    6.13537E+02
 2.80000E+01    3.65814E+02    1.58643E+02    5.72985E+02
 2.90000E+01    3.43279E+02    1.48870E+02    5.37688E+02
 3.00000E+01    3.23627E+02    1.40348E+02    5.06906E+02
 3.00000E+01    3.23807E+02    1.40426E+02    5.07188E+02
 3.20000E+01    2.93917E+02    1.27463E+02    4.60371E+02
 3.40000E+01    2.70275E+02    1.17210E+02    4.23340E+02
 3.60000E+01    2.51526E+02    1.09079E+02    3.93973E+02
 3.80000E+01    2.35050E+02    1.01934E+02    3.68166E+02
 4.00000E+01    2.21418E+02    9.60224E+01    3.46813E+02
 4.20000E+01    2.08513E+02    9.04258E+01    3.26600E+02
 4.40000E+01    1.97631E+02    8.57068E+01    3.09555E+02
 4.60000E+01    1.86366E+02    8.08213E+01    2.91910E+02
 4.80000E+01    1.76290E+02    7.64517E+01    2.76128E+02
 5.00000E+01    1.64448E+02    7.13163E+01    2.57580E+02
 5.20000E+01    1.53623E+02    6.66219E+01    2.40625E+02
 5.40000E+01    1.44869E+02    6.28256E+01    2.26913E+02
 5.60000E+01    1.36489E+02    5.91914E+01    2.13787E+02
 5.80000E+01    1.28634E+02    5.57848E+01    2.01483E+02
 6.00000E+01    1.22550E+02    5.31464E+01    1.91954E+02
 6.50000E+01    1.09335E+02    4.74155E+01    1.71255E+02
 7.00000E+01    9.72742E+01    4.21850E+01    1.52363E+02
 7.50000E+01    8.52754E+01    3.69814E+01    1.33569E+02
 8.00000E+01    7.59701E+01    3.29460E+01    1.18994E+02
 9.00000E+01    6.14356E+01    2.66428E+01    9.62283E+01
 1.00000E+02    5.06683E+01    2.19734E+01    7.93633E+01
 1.10000E+02    4.29193E+01    1.86128E+01    6.72257E+01
 1.20000E+02    3.67955E+01    1.59571E+01    5.76339E+01
 1.30000E+02    3.17727E+01    1.37789E+01    4.97665E+01
 1.40000E+02    2.76673E+01    1.19985E+01    4.33362E+01
 1.50000E+02    2.42390E+01    1.05117E+01    3.79663E+01
 1.60000E+02    2.14607E+01    9.30689E+00    3.36146E+01
 1.80000E+02    1.81082E+01    7.85299E+00    2.83634E+01
 2.00000E+02    1.61953E+01    7.02341E+00    2.53671E+01
