# n + Nd144 : (n,xp)    
# jendl4.0   N.Iwamoto,A.Zukeran,K.Shibata     EVAL-Dec09
# 
# # energies =   111
#   E(MeV)        xs(mb) 
 1.05000E-01    0.00000E+00
 1.10000E-01    0.00000E+00
 1.20000E-01    0.00000E+00
 1.30000E-01    0.00000E+00
 1.40000E-01    0.00000E+00
 1.50000E-01    0.00000E+00
 1.60000E-01    0.00000E+00
 1.70000E-01    0.00000E+00
 1.80000E-01    0.00000E+00
 1.90000E-01    0.00000E+00
 2.00000E-01    0.00000E+00
 2.25000E-01    0.00000E+00
 2.50000E-01    0.00000E+00
 2.75000E-01    0.00000E+00
 3.00000E-01    0.00000E+00
 4.00000E-01    0.00000E+00
 5.00000E-01    0.00000E+00
 6.00000E-01    0.00000E+00
 7.00000E-01    0.00000E+00
 7.01443E-01    0.00000E+00
 8.00000E-01    0.00000E+00
 9.00000E-01    0.00000E+00
 1.00000E+00    0.00000E+00
 1.10000E+00    0.00000E+00
 1.20000E+00    0.00000E+00
 1.30000E+00    0.00000E+00
 1.32388E+00    0.00000E+00
 1.40000E+00    0.00000E+00
 1.50000E+00    0.00000E+00
 1.52146E+00    0.00000E+00
 1.57186E+00    0.00000E+00
 1.60000E+00    0.00000E+00
 1.70000E+00    0.00000E+00
 1.80000E+00    0.00000E+00
 1.80402E+00    0.00000E+00
 1.90000E+00    0.00000E+00
 2.00000E+00    0.00000E+00
 2.08744E+00    0.00000E+00
 2.09929E+00    0.00000E+00
 2.10795E+00    0.00000E+00
 2.12458E+00    0.00000E+00
 2.19424E+00    0.00000E+00
 2.20107E+00    0.00000E+00
 2.22025E+00    0.00000E+00
 2.23386E+00    5.65973E-15
 2.25000E+00    3.45673E-14
 2.31150E+00    1.81733E-13
 2.33817E+00    3.02487E-13
 2.34450E+00    3.34329E-13
 2.36345E+00    4.29654E-13
 2.38542E+00    5.40171E-13
 2.41632E+00    6.95609E-13
 2.43717E+00    8.00492E-13
 2.46889E+00    9.60054E-13
 2.48127E+00    1.02233E-12
 2.50000E+00    1.11655E-12
 2.50745E+00    1.15403E-12
 2.52600E+00    1.24734E-12
 2.54551E+00    1.34548E-12
 2.58248E+00    1.53145E-12
 2.60042E+00    1.62170E-12
 2.60815E+00    1.66058E-12
 2.61070E+00    1.67341E-12
 2.61722E+00    1.70621E-12
 2.61997E+00    1.72004E-12
 2.62124E+00    1.72643E-12
 2.62419E+00    1.74127E-12
 2.62420E+00    1.74132E-12
 2.63138E+00    1.77744E-12
 2.63232E+00    1.78216E-12
 2.67371E+00    1.99037E-12
 2.67415E+00    1.99258E-12
 2.67462E+00    1.99495E-12
 2.69436E+00    2.09425E-12
 2.70047E+00    2.12498E-12
 2.75000E+00    2.37414E-12
 3.00000E+00    3.63172E-12
 3.50000E+00    6.14690E-12
 4.00000E+00    1.18260E-08
 4.50000E+00    1.12873E-06
 5.00000E+00    2.23674E-05
 5.50000E+00    1.74436E-04
 6.00000E+00    7.51855E-04
 6.50000E+00    2.21365E-03
 7.00000E+00    5.21360E-03
 7.50000E+00    1.11637E-02
 8.00000E+00    2.36088E-02
 8.50000E+00    5.00057E-02
 9.00000E+00    1.03404E-01
 9.50000E+00    2.03715E-01
 1.00000E+01    3.78594E-01
 1.05000E+01    6.63206E-01
 1.10000E+01    1.09618E+00
 1.15000E+01    1.72273E+00
 1.20000E+01    2.57792E+00
 1.25000E+01    3.70328E+00
 1.30000E+01    5.11367E+00
 1.35000E+01    6.83516E+00
 1.40000E+01    8.86067E+00
 1.45000E+01    1.11980E+01
 1.50000E+01    1.38298E+01
 1.55000E+01    1.67451E+01
 1.60000E+01    1.99296E+01
 1.65000E+01    2.33517E+01
 1.70000E+01    2.70077E+01
 1.75000E+01    3.08362E+01
 1.80000E+01    3.48688E+01
 1.85000E+01    3.90033E+01
 1.90000E+01    4.33132E+01
 1.95000E+01    4.76845E+01
 2.00000E+01    5.21984E+01
