# n + I 127 : (n,tot)   
# endfb8.0   Young, MacFarlane, Mughabghab     EVAL-JAN05
# uncertainties: n
# # energies =   624
#   E(MeV)       xs(mb) 
 1.00000E-11    3.24384E+05
 1.04713E-11    3.17016E+05
 1.09648E-11    3.09812E+05
 1.14815E-11    3.02778E+05
 1.20226E-11    2.95897E+05
 1.25893E-11    2.89182E+05
 1.31826E-11    2.82611E+05
 1.38038E-11    2.76199E+05
 1.44544E-11    2.69925E+05
 1.51356E-11    2.63800E+05
 1.58489E-11    2.57813E+05
 1.65959E-11    2.51961E+05
 1.73780E-11    2.46246E+05
 1.81970E-11    2.40657E+05
 1.90546E-11    2.35201E+05
 1.99526E-11    2.29864E+05
 2.08930E-11    2.24655E+05
 2.18776E-11    2.19558E+05
 2.29087E-11    2.14584E+05
 2.39883E-11    2.09719E+05
 2.51189E-11    2.04969E+05
 2.63027E-11    2.00326E+05
 2.75423E-11    1.95787E+05
 2.88403E-11    1.91356E+05
 3.01995E-11    1.87022E+05
 3.16228E-11    1.82792E+05
 3.31131E-11    1.78653E+05
 3.46737E-11    1.74615E+05
 3.63078E-11    1.70664E+05
 3.80189E-11    1.66807E+05
 3.98107E-11    1.63037E+05
 4.16869E-11    1.59353E+05
 4.36516E-11    1.55755E+05
 4.57088E-11    1.52237E+05
 4.78630E-11    1.48804E+05
 5.01187E-11    1.45444E+05
 5.24807E-11    1.42167E+05
 5.49541E-11    1.38960E+05
 5.75440E-11    1.35831E+05
 6.02560E-11    1.32771E+05
 6.30957E-11    1.29783E+05
 6.60693E-11    1.26863E+05
 6.91831E-11    1.24010E+05
 7.24436E-11    1.21223E+05
 7.58578E-11    1.18499E+05
 7.94328E-11    1.15840E+05
 8.31764E-11    1.13240E+05
 8.70964E-11    1.10702E+05
 9.12011E-11    1.08220E+05
 9.54993E-11    1.05798E+05
 1.00000E-10    1.03430E+05
 1.04713E-10    1.01118E+05
 1.09648E-10    9.88583E+04
 1.14815E-10    9.66507E+04
 1.20226E-10    9.44956E+04
 1.25893E-10    9.23882E+04
 1.31826E-10    9.03321E+04
 1.38038E-10    8.83210E+04
 1.44544E-10    8.63591E+04
 1.51356E-10    8.44403E+04
 1.58489E-10    8.25680E+04
 1.65959E-10    8.07378E+04
 1.73780E-10    7.89507E+04
 1.81970E-10    7.72052E+04
 1.90546E-10    7.54994E+04
 1.99526E-10    7.38348E+04
 2.08930E-10    7.22070E+04
 2.18776E-10    7.06192E+04
 2.29087E-10    6.90662E+04
 2.39883E-10    6.75515E+04
 2.51189E-10    6.60703E+04
 2.63027E-10    6.46249E+04
 2.75423E-10    6.32125E+04
 2.88403E-10    6.18332E+04
 3.01995E-10    6.04865E+04
 3.16228E-10    5.91703E+04
 3.31131E-10    5.78861E+04
 3.46737E-10    5.66304E+04
 3.63078E-10    5.54058E+04
 3.80189E-10    5.42081E+04
 3.98107E-10    5.30398E+04
 4.16869E-10    5.18977E+04
 4.36516E-10    5.07831E+04
 4.57088E-10    4.96942E+04
 4.78630E-10    4.86306E+04
 5.01187E-10    4.75925E+04
 5.24807E-10    4.65776E+04
 5.49541E-10    4.55877E+04
 5.75440E-10    4.46197E+04
 6.02560E-10    4.36755E+04
 6.30957E-10    4.27522E+04
 6.60693E-10    4.18517E+04
 6.91831E-10    4.09717E+04
 7.24436E-10    4.01117E+04
 7.58578E-10    3.92728E+04
 7.94328E-10    3.84525E+04
 8.31764E-10    3.76516E+04
 8.70964E-10    3.68699E+04
 9.12011E-10    3.61055E+04
 9.54993E-10    3.53597E+04
 1.00000E-09    3.46312E+04
 1.04713E-09    3.39189E+04
 1.09648E-09    3.32241E+04
 1.14815E-09    3.25451E+04
 1.20226E-09    3.18815E+04
 1.25892E-09    3.12341E+04
 1.31826E-09    3.06011E+04
 1.38038E-09    2.99829E+04
 1.44544E-09    2.93795E+04
 1.51356E-09    2.87894E+04
 1.58489E-09    2.82135E+04
 1.65959E-09    2.76510E+04
 1.73780E-09    2.71009E+04
 1.81970E-09    2.65643E+04
 1.90546E-09    2.60398E+04
 1.99526E-09    2.55272E+04
 2.08930E-09    2.50270E+04
 2.18776E-09    2.45380E+04
 2.29087E-09    2.40602E+04
 2.39883E-09    2.35939E+04
 2.51189E-09    2.31379E+04
 2.63027E-09    2.26926E+04
 2.75423E-09    2.22578E+04
 2.88403E-09    2.18326E+04
 3.01995E-09    2.14176E+04
 3.16228E-09    2.10121E+04
 3.31131E-09    2.06156E+04
 3.46737E-09    2.02289E+04
 3.63078E-09    1.98508E+04
 3.80189E-09    1.94811E+04
 3.98107E-09    1.91202E+04
 4.16869E-09    1.87678E+04
 4.36516E-09    1.84232E+04
 4.57088E-09    1.80864E+04
 4.78630E-09    1.77578E+04
 5.01187E-09    1.74366E+04
 5.24807E-09    1.71226E+04
 5.49541E-09    1.68159E+04
 5.75440E-09    1.65165E+04
 6.02560E-09    1.62237E+04
 6.30957E-09    1.59375E+04
 6.60693E-09    1.56582E+04
 6.91831E-09    1.53853E+04
 7.24436E-09    1.51185E+04
 7.58578E-09    1.48578E+04
 7.94328E-09    1.46033E+04
 8.31764E-09    1.43545E+04
 8.70964E-09    1.41112E+04
 9.12011E-09    1.38738E+04
 9.54993E-09    1.36420E+04
 1.00000E-08    1.34152E+04
 1.04713E-08    1.31936E+04
 1.09648E-08    1.29771E+04
 1.14815E-08    1.27657E+04
 1.20226E-08    1.25591E+04
 1.25893E-08    1.23572E+04
 1.31826E-08    1.21598E+04
 1.38038E-08    1.19671E+04
 1.44544E-08    1.17788E+04
 1.51356E-08    1.15948E+04
 1.58489E-08    1.14149E+04
 1.65959E-08    1.12391E+04
 1.73780E-08    1.10675E+04
 1.81970E-08    1.08998E+04
 1.90546E-08    1.07359E+04
 1.99526E-08    1.05757E+04
 2.08930E-08    1.04192E+04
 2.18776E-08    1.02662E+04
 2.29087E-08    1.01169E+04
 2.39883E-08    9.97081E+03
 2.51189E-08    9.82817E+03
 2.63027E-08    9.68878E+03
 2.75423E-08    9.55260E+03
 2.88403E-08    9.41952E+03
 3.01995E-08    9.28945E+03
 3.16228E-08    9.16238E+03
 3.31131E-08    9.03818E+03
 3.46737E-08    8.91680E+03
 3.63078E-08    8.79820E+03
 3.80189E-08    8.68231E+03
 3.98107E-08    8.56911E+03
 4.16869E-08    8.45851E+03
 4.36516E-08    8.35043E+03
 4.57088E-08    8.24480E+03
 4.78630E-08    8.14158E+03
 5.01187E-08    8.04071E+03
 5.24807E-08    7.94210E+03
 5.49541E-08    7.84575E+03
 5.75440E-08    7.75159E+03
 6.02560E-08    7.65958E+03
 6.30957E-08    7.56967E+03
 6.60693E-08    7.48183E+03
 6.91831E-08    7.39599E+03
 7.24436E-08    7.31213E+03
 7.58578E-08    7.23014E+03
 7.94328E-08    7.15001E+03
 8.31764E-08    7.07169E+03
 8.70964E-08    6.99515E+03
 9.12011E-08    6.92036E+03
 9.54993E-08    6.84726E+03
 1.00000E-07    6.77585E+03
 1.04713E-07    6.70604E+03
 1.09648E-07    6.63781E+03
 1.14815E-07    6.57113E+03
 1.20226E-07    6.50597E+03
 1.25893E-07    6.44230E+03
 1.31826E-07    6.38009E+03
 1.38038E-07    6.31931E+03
 1.44544E-07    6.25986E+03
 1.51356E-07    6.20176E+03
 1.58489E-07    6.14495E+03
 1.65959E-07    6.08939E+03
 1.73780E-07    6.03509E+03
 1.81970E-07    5.98204E+03
 1.90546E-07    5.93017E+03
 1.99526E-07    5.87947E+03
 2.08930E-07    5.82992E+03
 2.18776E-07    5.78149E+03
 2.29087E-07    5.73420E+03
 2.39883E-07    5.68786E+03
 2.51189E-07    5.64256E+03
 2.63027E-07    5.59830E+03
 2.75423E-07    5.55506E+03
 2.88403E-07    5.51281E+03
 3.01995E-07    5.47147E+03
 3.16228E-07    5.43094E+03
 3.31131E-07    5.39132E+03
 3.46737E-07    5.35262E+03
 3.63078E-07    5.31482E+03
 3.80189E-07    5.27785E+03
 3.98107E-07    5.24155E+03
 4.16869E-07    5.20608E+03
 4.36516E-07    5.17143E+03
 4.57088E-07    5.13762E+03
 4.78630E-07    5.10438E+03
 5.01187E-07    5.07185E+03
 5.24807E-07    5.04010E+03
 5.49541E-07    5.00912E+03
 5.75440E-07    4.97860E+03
 6.02560E-07    4.94872E+03
 6.30957E-07    4.91957E+03
 6.60693E-07    4.89107E+03
 6.91831E-07    4.86294E+03
 7.24436E-07    4.83551E+03
 7.58578E-07    4.80877E+03
 7.94328E-07    4.78231E+03
 8.31764E-07    4.75647E+03
 8.70964E-07    4.73131E+03
 9.12011E-07    4.70638E+03
 9.54993E-07    4.68202E+03
 1.00000E-06    4.65839E+03
 1.04713E-06    4.63484E+03
 1.09648E-06    4.61230E+03
 1.14815E-06    4.58936E+03
 1.20226E-06    4.56808E+03
 1.25893E-06    4.54624E+03
 1.31826E-06    4.52422E+03
 1.38038E-06    4.50441E+03
 1.44544E-06    4.48400E+03
 1.51356E-06    4.46262E+03
 1.58489E-06    4.44273E+03
 1.65959E-06    4.42474E+03
 1.73780E-06    4.40590E+03
 1.81970E-06    4.38618E+03
 1.90546E-06    4.36555E+03
 1.99526E-06    4.34740E+03
 2.08930E-06    4.33077E+03
 2.18776E-06    4.31336E+03
 2.29087E-06    4.29513E+03
 2.39883E-06    4.27603E+03
 2.51189E-06    4.25669E+03
 2.63027E-06    4.24083E+03
 2.75423E-06    4.22504E+03
 2.88403E-06    4.20851E+03
 3.01995E-06    4.19120E+03
 3.16228E-06    4.17307E+03
 3.31131E-06    4.15555E+03
 3.46737E-06    4.14156E+03
 3.63078E-06    4.12720E+03
 3.80189E-06    4.11216E+03
 3.98107E-06    4.10327E+03
 4.16869E-06    4.16193E+03
 4.36516E-06    4.23242E+03
 4.57088E-06    4.06707E+03
 4.78630E-06    4.03272E+03
 5.01187E-06    4.00995E+03
 5.24807E-06    3.99335E+03
 5.49541E-06    3.97747E+03
 5.75440E-06    3.96085E+03
 6.02560E-06    3.94345E+03
 6.30957E-06    3.92522E+03
 6.60693E-06    3.90719E+03
 6.91831E-06    3.89182E+03
 7.24436E-06    3.87600E+03
 7.58578E-06    3.85943E+03
 7.94328E-06    3.84209E+03
 8.31764E-06    3.82392E+03
 8.70964E-06    3.80494E+03
 9.12011E-06    3.78827E+03
 9.54993E-06    3.77284E+03
 1.00000E-05    3.75747E+03
 1.04713E-05    3.77195E+03
 1.09648E-05    3.72184E+03
 1.14815E-05    3.70391E+03
 1.20226E-05    3.68586E+03
 1.25893E-05    3.66873E+03
 1.31826E-05    3.65639E+03
 1.38038E-05    3.64388E+03
 1.44544E-05    3.63364E+03
 1.51356E-05    3.63385E+03
 1.58489E-05    3.66420E+03
 1.65959E-05    3.68346E+03
 1.73780E-05    3.78937E+03
 1.81970E-05    4.16154E+03
 1.90546E-05    7.05516E+03
 1.99526E-05    1.38541E+05
 2.08930E-05    8.31957E+03
 2.18776E-05    4.69764E+03
 2.29087E-05    4.31107E+03
 2.39883E-05    4.37307E+03
 2.51189E-05    4.75928E+03
 2.63027E-05    5.74415E+03
 2.75423E-05    8.59358E+03
 2.88403E-05    2.32710E+04
 3.01995E-05    1.06924E+06
 3.16228E-05    8.46542E+04
 3.31131E-05    1.24116E+04
 3.46737E-05    1.42624E+04
 3.63078E-05    1.45111E+06
 3.80189E-05    1.64882E+05
 3.98107E-05    1.61725E+04
 4.16869E-05    1.07581E+04
 4.36516E-05    4.42889E+05
 4.57088E-05    6.18761E+04
 4.78630E-05    1.03843E+04
 5.01187E-05    7.37439E+03
 5.24807E-05    6.72015E+03
 5.49541E-05    5.53933E+03
 5.75440E-05    5.08472E+03
 6.02560E-05    4.75373E+03
 6.30957E-05    1.62209E+04
 6.60693E-05    8.68220E+03
 6.91831E-05    4.11858E+03
 7.24436E-05    4.07682E+03
 7.58578E-05    2.21004E+05
 7.94328E-05    1.16301E+04
 8.31764E-05    5.55648E+03
 8.70964E-05    1.15210E+05
 9.12011E-05    8.70172E+03
 9.54993E-05    5.03053E+03
 1.00000E-04    4.53408E+03
 1.04713E-04    4.26623E+03
 1.09648E-04    4.06264E+03
 1.14815E-04    3.87616E+03
 1.20226E-04    3.68113E+03
 1.25893E-04    3.45164E+03
 1.31826E-04    3.82797E+03
 1.38038E-04    1.08339E+05
 1.44544E-04    5.63296E+03
 1.51356E-04    4.05670E+03
 1.58489E-04    3.70305E+03
 1.65959E-04    1.65941E+05
 1.73780E-04    1.05186E+04
 1.81970E-04    3.70758E+03
 1.90546E-04    1.33972E+05
 1.99526E-04    4.38828E+04
 2.08930E-04    5.98608E+03
 2.18776E-04    4.59384E+03
 2.29087E-04    4.27611E+04
 2.39883E-04    1.38215E+04
 2.51189E-04    4.27981E+03
 2.63027E-04    3.50296E+04
 2.75423E-04    4.53677E+03
 2.88403E-04    1.10004E+04
 3.01995E-04    1.23585E+04
 3.16228E-04    5.84196E+03
 3.31131E-04    3.82903E+03
 3.46737E-04    5.44759E+03
 3.63078E-04    4.26089E+04
 3.80189E-04    6.96317E+04
 3.98107E-04    4.66046E+03
 4.16869E-04    5.10517E+04
 4.36516E-04    1.67394E+04
 4.57088E-04    6.76937E+03
 4.78630E-04    1.44011E+04
 5.01187E-04    1.69066E+04
 5.24807E-04    1.65150E+04
 5.49541E-04    2.56189E+04
 5.75440E-04    5.31541E+03
 6.02560E-04    1.08910E+04
 6.30957E-04    9.93755E+03
 6.60693E-04    8.24588E+03
 6.91831E-04    3.86359E+04
 7.24436E-04    2.56315E+04
 7.58578E-04    2.09911E+04
 7.94328E-04    9.83168E+03
 8.31764E-04    1.57171E+04
 8.70964E-04    6.58603E+03
 9.12011E-04    8.34433E+03
 9.54993E-04    1.22637E+04
 1.00000E-03    1.19759E+04
 1.04713E-03    1.63765E+04
 1.09648E-03    1.03546E+04
 1.14815E-03    7.45481E+03
 1.20226E-03    3.14973E+04
 1.25893E-03    6.29002E+03
 1.31826E-03    1.18590E+04
 1.38038E-03    1.07978E+04
 1.44544E-03    4.70193E+03
 1.51356E-03    1.77271E+04
 1.58489E-03    7.79206E+03
 1.65959E-03    6.25302E+03
 1.73780E-03    9.97844E+03
 1.81970E-03    1.11160E+04
 1.90546E-03    1.48573E+04
 1.99526E-03    1.27765E+04
 2.08930E-03    8.10754E+03
 2.18776E-03    1.17853E+04
 2.29087E-03    7.69782E+03
 2.39883E-03    9.29435E+03
 2.51189E-03    7.08207E+03
 2.63027E-03    6.52453E+03
 2.75423E-03    8.95596E+03
 2.88403E-03    1.28131E+04
 3.01995E-03    7.12610E+03
 3.16228E-03    8.68503E+03
 3.31131E-03    7.26207E+03
 3.46737E-03    8.14513E+03
 3.63078E-03    7.76965E+03
 3.80189E-03    1.34836E+04
 3.98107E-03    1.02062E+04
 4.16869E-03    7.69266E+03
 4.36516E-03    7.65242E+03
 4.57088E-03    7.61028E+03
 4.78630E-03    7.56615E+03
 5.01187E-03    7.51995E+03
 5.24807E-03    7.47156E+03
 5.49541E-03    7.42090E+03
 5.75440E-03    7.36785E+03
 6.02560E-03    7.32517E+03
 6.30957E-03    7.29697E+03
 6.60693E-03    7.26749E+03
 6.91831E-03    7.23662E+03
 7.24436E-03    7.20430E+03
 7.58578E-03    7.17045E+03
 7.94328E-03    7.13501E+03
 8.31764E-03    7.09790E+03
 8.70964E-03    7.05904E+03
 9.12011E-03    7.01835E+03
 9.54993E-03    6.97574E+03
 1.00000E-02    6.94019E+03
 1.04713E-02    6.91914E+03
 1.09648E-02    6.89739E+03
 1.14815E-02    6.87462E+03
 1.20226E-02    6.85077E+03
 1.25893E-02    6.82580E+03
 1.31826E-02    6.79966E+03
 1.38038E-02    6.77228E+03
 1.44544E-02    6.74361E+03
 1.51356E-02    6.71359E+03
 1.58489E-02    6.68216E+03
 1.65959E-02    6.64924E+03
 1.73780E-02    6.61477E+03
 1.81970E-02    6.57868E+03
 1.90546E-02    6.54089E+03
 1.99526E-02    6.50920E+03
 2.08930E-02    6.49276E+03
 2.18776E-02    6.47609E+03
 2.29087E-02    6.45863E+03
 2.39883E-02    6.44034E+03
 2.51189E-02    6.42120E+03
 2.63027E-02    6.40115E+03
 2.75423E-02    6.38015E+03
 2.88403E-02    6.35817E+03
 3.01995E-02    6.33515E+03
 3.16228E-02    6.31105E+03
 3.31131E-02    6.28581E+03
 3.46737E-02    6.25938E+03
 3.63078E-02    6.23171E+03
 3.80189E-02    6.20273E+03
 3.98107E-02    6.17536E+03
 4.16869E-02    6.15948E+03
 4.36516E-02    6.14429E+03
 4.57088E-02    6.12839E+03
 4.78630E-02    6.11174E+03
 5.01187E-02    6.09431E+03
 5.24807E-02    6.07605E+03
 5.49541E-02    6.05694E+03
 5.75440E-02    6.03692E+03
 6.02560E-02    6.01929E+03
 6.30957E-02    6.00592E+03
 6.60693E-02    5.99197E+03
 6.91831E-02    5.97737E+03
 7.24436E-02    5.96242E+03
 7.58578E-02    5.95039E+03
 7.94328E-02    5.93878E+03
 8.31764E-02    5.92663E+03
 8.70964E-02    5.91389E+03
 9.12011E-02    5.90056E+03
 9.54993E-02    5.88661E+03
 1.00000E-01    5.87222E+03
 1.04713E-01    5.86526E+03
 1.09648E-01    5.86202E+03
 1.14815E-01    5.85864E+03
 1.20226E-01    5.85509E+03
 1.25893E-01    5.85138E+03
 1.31826E-01    5.84750E+03
 1.38038E-01    5.84343E+03
 1.44544E-01    5.83936E+03
 1.51356E-01    5.84203E+03
 1.58489E-01    5.84829E+03
 1.65959E-01    5.85485E+03
 1.73780E-01    5.86171E+03
 1.81970E-01    5.86890E+03
 1.90546E-01    5.87643E+03
 1.99526E-01    5.88431E+03
 2.08930E-01    5.89256E+03
 2.18776E-01    5.90280E+03
 2.29087E-01    5.91694E+03
 2.39883E-01    5.93185E+03
 2.51189E-01    5.94746E+03
 2.63027E-01    5.96381E+03
 2.75423E-01    5.98094E+03
 2.88403E-01    5.99886E+03
 3.01995E-01    6.01764E+03
 3.16228E-01    6.03729E+03
 3.31131E-01    6.05788E+03
 3.46737E-01    6.07943E+03
 3.63078E-01    6.10200E+03
 3.80189E-01    6.12564E+03
 3.98107E-01    6.15039E+03
 4.16869E-01    6.17630E+03
 4.36516E-01    6.20344E+03
 4.57088E-01    6.23197E+03
 4.78630E-01    6.26541E+03
 5.01187E-01    6.30212E+03
 5.24807E-01    6.34056E+03
 5.49541E-01    6.38081E+03
 5.75440E-01    6.42295E+03
 6.02560E-01    6.46709E+03
 6.30957E-01    6.51330E+03
 6.60693E-01    6.56169E+03
 6.91831E-01    6.61236E+03
 7.24436E-01    6.66542E+03
 7.58578E-01    6.72098E+03
 7.94328E-01    6.77676E+03
 8.31764E-01    6.82273E+03
 8.70964E-01    6.86908E+03
 9.12011E-01    6.90837E+03
 9.54993E-01    6.93948E+03
 1.00000E+00    6.96134E+03
 1.04713E+00    6.94951E+03
 1.09648E+00    6.90989E+03
 1.14815E+00    6.84345E+03
 1.20226E+00    6.76843E+03
 1.25893E+00    6.68479E+03
 1.31826E+00    6.59476E+03
 1.38038E+00    6.50205E+03
 1.44544E+00    6.42027E+03
 1.51356E+00    6.34326E+03
 1.58489E+00    6.27556E+03
 1.65959E+00    6.20542E+03
 1.73780E+00    6.13196E+03
 1.81970E+00    6.05505E+03
 1.90546E+00    5.97451E+03
 1.99526E+00    5.89018E+03
 2.08930E+00    5.80476E+03
 2.18776E+00    5.72338E+03
 2.29087E+00    5.63862E+03
 2.39883E+00    5.54997E+03
 2.51189E+00    5.46862E+03
 2.63027E+00    5.39135E+03
 2.75423E+00    5.31044E+03
 2.88403E+00    5.22572E+03
 3.01995E+00    5.14309E+03
 3.16228E+00    5.06767E+03
 3.31131E+00    4.98893E+03
 3.46737E+00    4.90830E+03
 3.63078E+00    4.83529E+03
 3.80189E+00    4.76084E+03
 3.98107E+00    4.68565E+03
 4.16869E+00    4.61883E+03
 4.36516E+00    4.55052E+03
 4.57088E+00    4.49118E+03
 4.78630E+00    4.43531E+03
 5.01187E+00    4.38644E+03
 5.24807E+00    4.34959E+03
 5.49541E+00    4.31113E+03
 5.75440E+00    4.27086E+03
 6.02560E+00    4.24105E+03
 6.30957E+00    4.24647E+03
 6.60693E+00    4.26303E+03
 6.91831E+00    4.28482E+03
 7.24436E+00    4.32670E+03
 7.58578E+00    4.37272E+03
 7.94328E+00    4.42264E+03
 8.31764E+00    4.48390E+03
 8.70964E+00    4.54933E+03
 9.12011E+00    4.61784E+03
 9.54993E+00    4.68168E+03
 1.00000E+01    4.73057E+03
 1.04713E+01    4.76807E+03
 1.09648E+01    4.79625E+03
 1.14815E+01    4.81421E+03
 1.20226E+01    4.82023E+03
 1.25893E+01    4.81980E+03
 1.31826E+01    4.80566E+03
 1.38038E+01    4.78268E+03
 1.44544E+01    4.74819E+03
 1.51356E+01    4.70733E+03
 1.58489E+01    4.66129E+03
 1.65959E+01    4.60839E+03
 1.73780E+01    4.54818E+03
 1.81970E+01    4.47996E+03
 1.90546E+01    4.40220E+03
 1.99526E+01    4.31980E+03
 2.08930E+01    4.23852E+03
 2.18776E+01    4.15426E+03
 2.29087E+01    4.06345E+03
 2.39883E+01    3.97481E+03
 2.51189E+01    3.89335E+03
 2.63027E+01    3.82270E+03
 2.75423E+01    3.76584E+03
 2.88403E+01    3.18767E+03
