# n + I 127 : (n,el)    
# endfb8.0   Young, MacFarlane, Mughabghab     EVAL-JAN05
# uncertainties: y
# # energies =    69
#   E(MeV)       xs(mb)       xslow(mb)      xsupp(mb)
 1.00000E-10    4.59415E+03    4.59415E+03    4.59415E+03
 5.00000E-09    3.77148E+03    3.77148E+03    3.77148E+03
 1.00000E-08    3.74813E+03    3.74813E+03    3.74813E+03
 1.50000E-08    3.73887E+03    3.73887E+03    3.73887E+03
 2.00000E-08    3.73364E+03    3.73364E+03    3.73364E+03
 2.50000E-08    3.73049E+03    3.73049E+03    3.73049E+03
 3.00000E-08    3.72822E+03    3.72822E+03    3.72822E+03
 3.50000E-08    3.72613E+03    3.72613E+03    3.72613E+03
 4.20000E-08    3.72439E+03    3.72439E+03    3.72439E+03
 5.00000E-08    3.72264E+03    3.72264E+03    3.72264E+03
 5.80000E-08    3.72155E+03    3.72155E+03    3.72155E+03
 6.70000E-08    3.72031E+03    3.72031E+03    3.72031E+03
 8.00000E-08    3.71854E+03    3.71854E+03    3.71854E+03
 1.00000E-07    3.71660E+03    3.71660E+03    3.71660E+03
 1.40000E-07    3.71419E+03    3.71419E+03    3.71419E+03
 1.80000E-07    3.71200E+03    3.71200E+03    3.71200E+03
 2.20000E-07    3.71052E+03    3.71052E+03    3.71052E+03
 2.50000E-07    3.70927E+03    3.70927E+03    3.70927E+03
 2.80000E-07    3.70823E+03    3.70823E+03    3.70823E+03
 3.00000E-07    3.70739E+03    3.70739E+03    3.70739E+03
 3.20000E-07    3.70636E+03    3.70636E+03    3.70636E+03
 3.50000E-07    3.70471E+03    3.70471E+03    3.70471E+03
 4.00000E-07    3.70165E+03    3.70165E+03    3.70165E+03
 5.00000E-07    3.69702E+03    3.69702E+03    3.69702E+03
 6.25000E-07    3.69151E+03    3.69151E+03    3.69151E+03
 7.80000E-07    3.68703E+03    3.68703E+03    3.68703E+03
 8.50000E-07    3.68449E+03    3.68449E+03    3.68449E+03
 9.10000E-07    3.68253E+03    3.68253E+03    3.68253E+03
 9.50000E-07    3.68131E+03    3.68131E+03    3.68131E+03
 9.72000E-07    3.68042E+03    3.68042E+03    3.68042E+03
 9.96000E-07    3.67948E+03    3.67948E+03    3.67948E+03
 1.02000E-06    3.67853E+03    3.67853E+03    3.67853E+03
 1.04500E-06    3.67753E+03    3.67753E+03    3.67753E+03
 1.07100E-06    3.67652E+03    3.67652E+03    3.67652E+03
 1.09700E-06    3.67550E+03    3.67550E+03    3.67550E+03
 1.12300E-06    3.67447E+03    3.67447E+03    3.67447E+03
 1.15000E-06    3.67108E+03    3.67108E+03    3.67108E+03
 1.30000E-06    3.66428E+03    3.66428E+03    3.66428E+03
 1.50000E-06    3.64924E+03    3.64924E+03    3.64924E+03
 2.10000E-06    3.62748E+03    3.62748E+03    3.62748E+03
 2.60000E-06    3.60427E+03    3.60427E+03    3.60427E+03
 3.30000E-06    3.57687E+03    3.57687E+03    3.57687E+03
 4.00000E-06    3.46462E+03    3.46462E+03    3.46462E+03
 9.87700E-06    3.18980E+03    3.18980E+03    3.18980E+03
 1.59680E-05    2.96510E+03    2.96510E+03    2.96510E+03
 2.77000E-05    8.93396E+04    8.93396E+04    8.93396E+04
 4.80520E-05    4.94757E+03    4.94757E+03    4.94757E+03
 7.55014E-05    1.05562E+04    1.05562E+04    1.05562E+04
 1.48728E-04    1.34349E+04    1.34349E+04    1.34349E+04
 3.67262E-04    1.27442E+04    1.27442E+04    1.27442E+04
 9.06898E-04    9.10934E+03    9.10934E+03    9.10934E+03
 1.42510E-03    7.91987E+03    7.91987E+03    7.91987E+03
 2.23945E-03    6.70142E+03    6.70142E+03    6.70142E+03
 3.51910E-03    6.45319E+03    6.45319E+03    6.45319E+03
 5.53000E-03    5.52008E+03    5.52008E+03    5.52008E+03
 9.11800E-03    5.55507E+03    5.55507E+03    5.55507E+03
 1.50300E-02    5.55872E+03    5.55872E+03    5.55872E+03
 2.47800E-02    5.54785E+03    5.54785E+03    5.54785E+03
 4.08500E-02    5.51332E+03    5.51332E+03    5.51332E+03
 6.73400E-02    5.22851E+03    5.22851E+03    5.22851E+03
 1.11000E-01    5.11874E+03    5.11874E+03    5.11874E+03
 1.83000E-01    5.10029E+03    5.10029E+03    5.10029E+03
 3.02000E-01    5.14425E+03    5.14425E+03    5.14425E+03
 5.00000E-01    5.22533E+03    5.22533E+03    5.22533E+03
 8.21000E-01    5.19119E+03    5.19119E+03    5.19119E+03
 1.35300E+00    4.19937E+03    4.19937E+03    4.19937E+03
 2.23100E+00    3.13274E+03    3.13274E+03    3.13274E+03
 3.67900E+00    2.29626E+03    2.29626E+03    2.29626E+03
 6.06500E+00    2.42530E+03    2.42530E+03    2.42530E+03
