# n + Cl 37 : (n,n'19)  
# endfb8.0   Sayer,Guber,Leal,Larson,Young+    EVAL-OCT03
# uncertainties: n
# # energies =    96
#   E(MeV)       xs(mb) 
 5.03802E+00    0.00000E+00
 5.05486E+00    1.86329E+00
 5.05487E+00    1.86339E+00
 5.05515E+00    1.89369E+00
 5.05733E+00    2.12636E+00
 5.05733E+00    2.12646E+00
 5.09616E+00    5.96049E+00
 5.09616E+00    5.96057E+00
 5.10960E+00    7.15866E+00
 5.10972E+00    7.16962E+00
 5.10972E+00    7.16970E+00
 5.11576E+00    7.65731E+00
 5.14599E+00    1.00991E+01
 5.14599E+00    1.00992E+01
 5.19314E+00    1.33045E+01
 5.19314E+00    1.33046E+01
 5.19714E+00    1.35480E+01
 5.19715E+00    1.35480E+01
 5.28333E+00    1.78248E+01
 5.28334E+00    1.78248E+01
 5.50000E+00    2.25368E+01
 6.00000E+00    2.62071E+01
 6.33011E+00    2.55673E+01
 6.50000E+00    2.52380E+01
 7.00000E+00    2.38674E+01
 7.50000E+00    1.98381E+01
 8.00000E+00    1.65800E+01
 8.06275E+00    1.61021E+01
 8.06275E+00    1.61021E+01
 8.50000E+00    1.27719E+01
 8.61540E+00    1.21005E+01
 8.61540E+00    1.21005E+01
 9.00000E+00    9.86296E+00
 9.50000E+00    7.34166E+00
 9.71091E+00    6.60846E+00
 9.76741E+00    6.41205E+00
 1.00000E+01    5.60350E+00
 1.00606E+01    5.44146E+00
 1.05000E+01    4.26723E+00
 1.05924E+01    4.08133E+00
 1.05925E+01    4.08123E+00
 1.06370E+01    3.99160E+00
 1.09765E+01    3.30858E+00
 1.10000E+01    3.26137E+00
 1.10302E+01    3.21833E+00
 1.15000E+01    2.54766E+00
 1.16758E+01    2.36601E+00
 1.17246E+01    2.31560E+00
 1.18686E+01    2.16680E+00
 1.19895E+01    2.04187E+00
 1.20000E+01    2.03106E+00
 1.20553E+01    1.99181E+00
 1.20553E+01    1.99181E+00
 1.21062E+01    1.95569E+00
 1.24722E+01    1.69583E+00
 1.24900E+01    1.68318E+00
 1.25000E+01    1.67608E+00
 1.26858E+01    1.58050E+00
 1.27252E+01    1.56027E+00
 1.27252E+01    1.56026E+00
 1.28523E+01    1.49489E+00
 1.30000E+01    1.41892E+00
 1.30800E+01    1.39023E+00
 1.32431E+01    1.33178E+00
 1.34907E+01    1.24303E+00
 1.35000E+01    1.23970E+00
 1.35750E+01    1.22061E+00
 1.37186E+01    1.18404E+00
 1.37558E+01    1.17457E+00
 1.38359E+01    1.15417E+00
 1.39666E+01    1.12090E+00
 1.39829E+01    1.11674E+00
 1.40000E+01    1.11239E+00
 1.40527E+01    1.09899E+00
 1.40742E+01    1.09350E+00
 1.41924E+01    1.06343E+00
 1.41985E+01    1.06187E+00
 1.41986E+01    1.06186E+00
 1.42478E+01    1.04933E+00
 1.45000E+01    9.85150E-01
 1.50000E+01    8.82839E-01
 1.54919E+01    8.04119E-01
 1.55000E+01    8.02823E-01
 1.60000E+01    7.38363E-01
 1.64887E+01    6.83694E-01
 1.64887E+01    6.83691E-01
 1.65000E+01    6.82425E-01
 1.70000E+01    6.34651E-01
 1.75000E+01    5.91804E-01
 1.80000E+01    5.53697E-01
 1.85000E+01    5.19294E-01
 1.90000E+01    4.87975E-01
 1.94063E+01    4.63925E-01
 1.94063E+01    4.63925E-01
 1.95000E+01    4.58376E-01
 2.00000E+01    4.31197E-01
