# n + Y  89 : (n,a33)   
# endfb8.0   Rochman,Chadwick,Herman,Kawano+   EVAL-AUG06
# uncertainties: n
# # energies =    31
#   E(MeV)       xs(mb) 
 5.00000E+00    0.00000E+00
 5.50000E+00    1.78220E-08
 6.00000E+00    1.64070E-07
 6.50000E+00    9.64690E-07
 7.00000E+00    8.93671E-06
 7.50000E+00    3.11032E-05
 8.00000E+00    9.05873E-05
 8.50000E+00    2.31377E-04
 9.00000E+00    5.26934E-04
 9.50000E+00    1.08361E-03
 1.00000E+01    2.01949E-03
 1.05000E+01    3.38899E-03
 1.10000E+01    5.00346E-03
 1.15000E+01    5.41658E-03
 1.20000E+01    5.21213E-03
 1.25000E+01    4.67102E-03
 1.30000E+01    3.50912E-03
 1.35000E+01    2.64607E-03
 1.40000E+01    1.89999E-03
 1.45000E+01    1.31635E-03
 1.50000E+01    9.96025E-04
 1.55000E+01    7.05105E-04
 1.60000E+01    4.94025E-04
 1.65000E+01    3.66183E-04
 1.70000E+01    2.70216E-04
 1.75000E+01    1.99538E-04
 1.80000E+01    1.47513E-04
 1.85000E+01    1.08973E-04
 1.90000E+01    8.26201E-05
 1.95000E+01    5.98208E-05
 2.00000E+01    4.44469E-05
