# p + Kr 86 : (p,xa)    
# tendl.2019 A.J. Koning                       EVAL-OCT19
# 
# # energies =    56
#   E(MeV)        xs(mb) 
 1.38295E+00    1.00000E-17
 1.87688E+00    1.00000E-17
 1.94552E+00    1.00000E-17
 2.00000E+00    1.00000E-17
 2.05944E+00    2.27135E-13
 2.17240E+00    6.58766E-13
 2.26639E+00    1.01791E-12
 2.37313E+00    1.42577E-12
 2.42219E+00    1.61324E-12
 2.42776E+00    1.63452E-12
 2.48856E+00    1.86684E-12
 2.50151E+00    1.91632E-12
 3.00000E+00    3.82110E-12
 4.00000E+00    8.56814E-09
 5.00000E+00    2.08296E-06
 6.00000E+00    1.07161E-04
 7.00000E+00    2.24748E-03
 8.00000E+00    1.71728E-02
 9.00000E+00    6.52137E-02
 1.00000E+01    1.56975E-01
 1.10000E+01    2.81878E-01
 1.20000E+01    4.54360E-01
 1.30000E+01    7.42766E-01
 1.40000E+01    1.22467E+00
 1.50000E+01    1.98021E+00
 1.60000E+01    3.13421E+00
 1.70000E+01    5.04786E+00
 1.80000E+01    7.83094E+00
 1.90000E+01    1.08580E+01
 2.00000E+01    1.32425E+01
 2.20000E+01    1.78034E+01
 2.40000E+01    2.44162E+01
 2.60000E+01    3.17662E+01
 2.80000E+01    3.94157E+01
 3.00000E+01    4.66331E+01
 3.00000E+01    4.67481E+01
 3.50000E+01    6.14784E+01
 4.00000E+01    6.87256E+01
 4.50000E+01    6.88619E+01
 5.00000E+01    6.41064E+01
 5.50000E+01    5.94274E+01
 6.00000E+01    5.48607E+01
 6.50000E+01    5.17304E+01
 7.00000E+01    5.11030E+01
 7.50000E+01    4.91231E+01
 8.00000E+01    4.88234E+01
 9.00000E+01    5.22630E+01
 1.00000E+02    5.50156E+01
 1.10000E+02    5.64083E+01
 1.20000E+02    6.20583E+01
 1.30000E+02    7.16832E+01
 1.40000E+02    7.84469E+01
 1.50000E+02    8.18886E+01
 1.60000E+02    8.33549E+01
 1.80000E+02    9.18114E+01
 2.00000E+02    1.18772E+02
