# n + Pu239 : (n,n'08)  
# jendl4.0   O.Iwamoto,N.Otuka,S.Chiba,+       EVAL-DEC09
# uncertainties: y
# # energies =    73
#   E(MeV)       xs(mb)       xslow(mb)      xsupp(mb)
 3.31517E-01    0.00000E+00    0.00000E+00    0.00000E+00
 3.59611E-01    7.80277E+00    5.89109E+00    9.71445E+00
 3.89055E-01    1.43813E+01    1.08579E+01    1.79047E+01
 3.93236E-01    1.52780E+01    1.15349E+01    1.90211E+01
 4.00000E-01    1.67022E+01    1.26102E+01    2.07942E+01
 4.35831E-01    2.35922E+01    1.78121E+01    2.93723E+01
 4.63949E-01    2.81799E+01    2.12758E+01    3.50840E+01
 4.71782E-01    2.94724E+01    2.22517E+01    3.66931E+01
 4.89055E-01    3.23919E+01    2.44559E+01    4.03279E+01
 4.94176E-01    3.32574E+01    2.51093E+01    4.14055E+01
 5.00000E-01    3.41198E+01    2.57604E+01    4.24792E+01
 5.07733E-01    3.51183E+01    2.65143E+01    4.37223E+01
 5.13998E-01    3.57883E+01    2.70202E+01    4.45564E+01
 5.21491E-01    3.65905E+01    2.76258E+01    4.55552E+01
 5.40270E-01    3.84939E+01    2.90629E+01    4.79249E+01
 5.58547E-01    3.99440E+01    3.01577E+01    4.97303E+01
 5.67384E-01    4.06119E+01    3.06620E+01    5.05618E+01
 5.73008E-01    4.10408E+01    3.09858E+01    5.10958E+01
 5.85460E-01    4.19844E+01    3.16982E+01    5.22706E+01
 6.00000E-01    4.30586E+01    3.23801E+01    5.37371E+01
 6.22616E-01    4.47144E+01    3.36252E+01    5.58036E+01
 6.36675E-01    4.56045E+01    3.42946E+01    5.69144E+01
 6.63890E-01    4.68839E+01    3.52567E+01    5.85111E+01
 7.00000E-01    4.85297E+01    3.64943E+01    6.05651E+01
 7.19021E-01    4.90339E+01    3.68735E+01    6.11943E+01
 7.55675E-01    4.99430E+01    3.75571E+01    6.23289E+01
 7.59190E-01    5.00028E+01    3.76021E+01    6.24035E+01
 8.00000E-01    5.08620E+01    3.86551E+01    6.30689E+01
 9.00000E-01    5.07201E+01    3.85473E+01    6.28929E+01
 1.00000E+00    4.83205E+01    3.78833E+01    5.87577E+01
 1.10000E+00    4.29878E+01    3.37024E+01    5.22732E+01
 1.30000E+00    3.32910E+01    2.62333E+01    4.03487E+01
 1.60000E+00    2.17395E+01    1.69785E+01    2.65005E+01
 1.80000E+00    1.59743E+01    1.24759E+01    1.94727E+01
 2.00000E+00    1.13840E+01    9.16412E+00    1.36039E+01
 2.30000E+00    6.49755E+00    5.23053E+00    7.76457E+00
 2.50000E+00    4.31378E+00    3.71848E+00    4.90908E+00
 2.70000E+00    2.75440E+00    2.37429E+00    3.13451E+00
 3.00000E+00    1.57762E+00    1.42222E+00    1.73302E+00
 3.50000E+00    6.24187E-01    5.61144E-01    6.87230E-01
 4.00000E+00    3.30866E-01    2.86530E-01    3.75202E-01
 4.50000E+00    2.29072E-01    1.98376E-01    2.59768E-01
 5.00000E+00    1.85847E-01    1.51837E-01    2.19857E-01
 5.50000E+00    1.55861E-01    1.27338E-01    1.84384E-01
 6.00000E+00    1.35908E-01    1.09542E-01    1.62274E-01
 6.50000E+00    1.24210E-01    1.00113E-01    1.48307E-01
 7.00000E+00    1.15808E-01    9.32254E-02    1.38391E-01
 7.50000E+00    1.08112E-01    8.70302E-02    1.29194E-01
 8.00000E+00    1.02053E-01    8.23568E-02    1.21749E-01
 8.50000E+00    9.60402E-02    7.75044E-02    1.14576E-01
 9.00000E+00    9.08422E-02    7.37639E-02    1.07921E-01
 9.50000E+00    8.56648E-02    6.95598E-02    1.01770E-01
 1.00000E+01    8.09067E-02    6.60199E-02    9.57935E-02
 1.05000E+01    7.63547E-02    6.23054E-02    9.04040E-02
 1.10000E+01    7.21631E-02    5.88851E-02    8.54411E-02
 1.15000E+01    6.82827E-02    5.57187E-02    8.08467E-02
 1.20000E+01    6.46805E-02    5.32967E-02    7.60643E-02
 1.25000E+01    6.13664E-02    5.05659E-02    7.21669E-02
 1.30000E+01    5.83153E-02    4.80518E-02    6.85788E-02
 1.35000E+01    5.55192E-02    4.57478E-02    6.52906E-02
 1.40000E+01    5.28861E-02    4.38955E-02    6.18767E-02
 1.45000E+01    5.04673E-02    4.18879E-02    5.90467E-02
 1.50000E+01    4.81910E-02    4.01431E-02    5.62389E-02
 1.55000E+01    4.60898E-02    3.83928E-02    5.37868E-02
 1.60000E+01    4.41038E-02    3.68708E-02    5.13368E-02
 1.65000E+01    4.22574E-02    3.53272E-02    4.91876E-02
 1.70000E+01    4.05105E-02    3.38668E-02    4.71542E-02
 1.75000E+01    3.88931E-02    3.25146E-02    4.52716E-02
 1.80000E+01    3.73481E-02    3.14098E-02    4.32865E-02
 1.85000E+01    3.59002E-02    3.01921E-02    4.16083E-02
 1.90000E+01    3.45011E-02    2.90154E-02    3.99868E-02
 1.95000E+01    3.32035E-02    2.79241E-02    3.84829E-02
 2.00000E+01    3.19935E-02    2.69065E-02    3.70805E-02
