# n + Pu240 : (n,n'19)  
# endfb8.0   YOUNG,TALOU,CHADWICK,KAHLER,KAWAN EVAL-SEP09
# uncertainties: n
# # energies =    62
#   E(MeV)       xs(mb) 
 1.09408E+00    0.00000E+00
 1.10000E+00    1.85305E+00
 1.12019E+00    7.67742E+00
 1.13676E+00    1.19254E+01
 1.15000E+00    1.50017E+01
 1.17492E+00    2.00842E+01
 1.20000E+00    2.43603E+01
 1.25000E+00    3.07427E+01
 1.25525E+00    3.09376E+01
 1.30000E+00    3.23351E+01
 1.35000E+00    3.32950E+01
 1.40000E+00    3.35517E+01
 1.44605E+00    3.31055E+01
 1.45000E+00    3.30349E+01
 1.50000E+00    3.16738E+01
 1.59668E+00    2.79740E+01
 1.60000E+00    2.78433E+01
 1.70000E+00    2.40123E+01
 1.75000E+00    2.23000E+01
 1.75735E+00    2.20637E+01
 1.80000E+00    2.06805E+01
 1.85777E+00    1.88072E+01
 1.90000E+00    1.74716E+01
 1.95819E+00    1.57284E+01
 2.00000E+00    1.45788E+01
 2.10000E+00    1.21438E+01
 2.15903E+00    1.08721E+01
 2.20000E+00    1.00552E+01
 2.25000E+00    9.12539E+00
 2.30000E+00    8.24769E+00
 2.30966E+00    8.08243E+00
 2.40000E+00    6.62517E+00
 2.40004E+00    6.62453E+00
 2.50000E+00    5.24944E+00
 2.50327E+00    5.20942E+00
 2.60000E+00    4.09963E+00
 2.70000E+00    3.14187E+00
 2.75000E+00    2.75501E+00
 2.80000E+00    2.41262E+00
 2.90000E+00    1.80798E+00
 2.95235E+00    1.54946E+00
 3.00000E+00    1.35792E+00
 3.20240E+00    7.40187E-01
 3.25000E+00    6.46001E-01
 3.40224E+00    4.08220E-01
 3.50000E+00    3.02864E-01
 3.55287E+00    2.62045E-01
 3.65228E+00    1.92099E-01
 3.75000E+00    1.43141E-01
 3.75270E+00    1.42178E-01
 3.85312E+00    1.07255E-01
 3.92543E+00    8.55552E-02
 4.00000E+00    6.91893E-02
 4.25000E+00    3.43602E-02
 4.50000E+00    1.74713E-02
 4.75000E+00    9.08099E-03
 5.00000E+00    4.80490E-03
 5.50000E+00    1.40487E-03
 6.00000E+00    4.09714E-04
 6.50000E+00    1.09228E-04
 7.00000E+00    2.82358E-05
 7.50000E+00    8.67024E-06
