# n + Lu176 : (n,el)    
# endfb8.0   R.Q. Wright, Leonard-Stewart      EVAL-MAR98
# uncertainties: n
# # energies =   171
#   E(MeV)       xs(mb) 
 1.00000E-11    4.00775E+03
 1.00000E-07    1.26544E+04
 4.13990E-07    5.81591E+03
 5.31580E-07    5.26619E+03
 6.82560E-07    4.81754E+03
 8.76420E-07    4.30621E+03
 1.12540E-06    3.35962E+03
 1.44500E-06    1.89593E+04
 1.85540E-06    6.67633E+03
 2.37240E-06    5.47248E+03
 3.05900E-06    4.75487E+03
 3.92790E-06    5.79579E+03
 5.04350E-06    1.16069E+04
 6.47600E-06    6.08229E+03
 8.31530E-06    6.00280E+03
 1.06770E-05    1.03394E+04
 1.37100E-05    5.50464E+03
 1.76030E-05    4.99109E+03
 2.26030E-05    2.01302E+04
 2.92030E-05    1.02499E+04
 3.72670E-05    8.80057E+03
 4.78510E-05    2.89508E+04
 6.14420E-05    1.91191E+04
 7.88930E-05    3.16501E+04
 1.01300E-04    1.99445E+04
 1.30070E-04    1.97958E+04
 1.67020E-04    1.92948E+04
 2.14450E-04    1.87785E+04
 2.75360E-04    1.82508E+04
 3.53580E-04    1.77128E+04
 4.54000E-04    1.71687E+04
 5.82950E-04    1.66214E+04
 7.48520E-04    1.60728E+04
 9.61120E-04    1.55267E+04
 1.23410E-03    1.49862E+04
 1.58460E-03    1.44531E+04
 2.03470E-03    1.40850E+04
 2.24870E-03    1.38774E+04
 2.48520E-03    1.37229E+04
 2.61260E-03    1.36206E+04
 2.74650E-03    1.34683E+04
 3.03540E-03    1.32678E+04
 3.35460E-03    1.30688E+04
 3.70740E-03    1.28233E+04
 4.30740E-03    1.24395E+04
 5.53080E-03    1.19751E+04
 7.10170E-03    1.15286E+04
 9.11880E-03    1.11331E+04
 1.17090E-02    1.08333E+04
 1.50340E-02    1.05055E+04
 1.93050E-02    1.02663E+04
 2.18750E-02    1.01302E+04
 2.35790E-02    1.00618E+04
 2.41760E-02    1.00335E+04
 2.47880E-02    9.98957E+03
 2.60580E-02    9.93760E+03
 2.70000E-02    9.88055E+03
 2.85000E-02    9.78807E+03
 3.18280E-02    9.68644E+03
 3.43070E-02    9.54958E+03
 4.08680E-02    9.40103E+03
 4.63090E-02    9.29186E+03
 5.24750E-02    9.20906E+03
 5.65620E-02    9.11897E+03
 6.73790E-02    9.02233E+03
 7.20000E-02    8.95597E+03
 7.95000E-02    8.90787E+03
 8.25000E-02    8.87646E+03
 8.65170E-02    8.80771E+03
 9.80370E-02    8.70037E+03
 1.11090E-01    8.62798E+03
 1.16790E-01    8.58497E+03
 1.22770E-01    8.53877E+03
 1.29070E-01    8.45355E+03
 1.35690E-01    8.34536E+03
 1.42640E-01    8.23160E+03
 1.49960E-01    8.11901E+03
 1.57640E-01    8.02032E+03
 1.65730E-01    7.91771E+03
 1.74220E-01    7.80985E+03
 1.83160E-01    7.69502E+03
 1.92550E-01    7.56061E+03
 2.02420E-01    7.43796E+03
 2.12800E-01    7.32455E+03
 2.23710E-01    7.20533E+03
 2.35180E-01    7.07999E+03
 2.47240E-01    6.87879E+03
 2.73240E-01    6.65700E+03
 2.87250E-01    6.53612E+03
 2.94520E-01    6.47968E+03
 2.97200E-01    6.45715E+03
 2.98500E-01    6.43238E+03
 3.01970E-01    6.30292E+03
 3.33730E-01    6.07147E+03
 3.68830E-01    5.91422E+03
 3.87740E-01    5.80385E+03
 4.07620E-01    5.62684E+03
 4.50490E-01    5.40236E+03
 4.97870E-01    5.26561E+03
 5.23400E-01    5.20781E+03
 5.50230E-01    5.14726E+03
 5.78440E-01    5.08359E+03
 6.08100E-01    5.01665E+03
 6.39280E-01    4.94629E+03
 6.72060E-01    4.87384E+03
 7.06510E-01    4.82797E+03
 7.42740E-01    4.79165E+03
 7.80820E-01    4.75555E+03
 8.20850E-01    4.73973E+03
 8.62940E-01    4.72959E+03
 9.07180E-01    4.74536E+03
 9.61640E-01    4.77332E+03
 1.00260E+00    4.82612E+03
 1.10800E+00    4.89457E+03
 1.16480E+00    4.94350E+03
 1.22460E+00    4.99491E+03
 1.28730E+00    5.04896E+03
 1.35340E+00    5.10578E+03
 1.42270E+00    5.16232E+03
 1.49570E+00    5.21420E+03
 1.57240E+00    5.26322E+03
 1.65300E+00    5.28458E+03
 1.73770E+00    5.30215E+03
 1.82680E+00    5.31787E+03
 1.92050E+00    5.32633E+03
 2.01900E+00    5.30454E+03
 2.12250E+00    5.26612E+03
 2.23130E+00    5.23266E+03
 2.30690E+00    5.21189E+03
 2.34570E+00    5.20131E+03
 2.36530E+00    5.19416E+03
 2.38520E+00    5.17601E+03
 2.46600E+00    5.12378E+03
 2.59240E+00    5.02125E+03
 2.72530E+00    4.91128E+03
 2.86500E+00    4.79578E+03
 3.01190E+00    4.69567E+03
 3.16640E+00    4.60649E+03
 3.32870E+00    4.44803E+03
 3.67880E+00    4.13874E+03
 4.06570E+00    3.83364E+03
 4.49330E+00    3.60214E+03
 4.72370E+00    3.44630E+03
 4.96590E+00    3.30533E+03
 5.22050E+00    3.19479E+03
 5.48810E+00    3.08585E+03
 5.76950E+00    2.98521E+03
 6.06530E+00    2.89701E+03
 6.37630E+00    2.79324E+03
 6.59240E+00    2.72811E+03
 6.70320E+00    2.65232E+03
 7.04690E+00    2.60100E+03
 7.40820E+00    2.60446E+03
 7.78800E+00    2.63736E+03
 8.18730E+00    2.69716E+03
 8.60710E+00    2.76121E+03
 9.04840E+00    2.82453E+03
 9.51230E+00    2.89109E+03
 1.00000E+01    2.93547E+03
 1.05130E+01    2.96157E+03
 1.10520E+01    2.96795E+03
 1.16180E+01    2.95670E+03
 1.22140E+01    2.95382E+03
 1.28400E+01    2.95334E+03
 1.34990E+01    2.95285E+03
 1.38400E+01    2.95377E+03
 1.41910E+01    2.96122E+03
 1.45500E+01    2.96977E+03
 1.49180E+01    2.97986E+03
 1.56830E+01    2.99008E+03
 1.64870E+01    3.00009E+03
