# n + Xe132 : (n,n'03)  
# endfb8.0   B.S.Yu+, Mughabghab               EVAL-JAN05
# uncertainties: n
# # energies =    64
#   E(MeV)       xs(mb) 
 1.45130E+00    0.00000E+00
 1.60000E+00    7.45390E+01
 1.81750E+00    1.33400E+02
 1.97800E+00    1.59120E+02
 2.00090E+00    1.59340E+02
 2.05600E+00    1.62600E+02
 2.12640E+00    1.67240E+02
 2.12800E+00    1.66630E+02
 2.18370E+00    1.67960E+02
 2.20390E+00    1.67910E+02
 2.23100E+00    1.67590E+02
 2.32100E+00    1.71560E+02
 2.36860E+00    1.74580E+02
 2.41320E+00    1.76360E+02
 2.44330E+00    1.76370E+02
 2.48800E+00    1.75660E+02
 2.60000E+00    1.63940E+02
 2.74560E+00    1.40960E+02
 2.81590E+00    1.29340E+02
 3.00000E+00    1.01390E+02
 3.25000E+00    7.15470E+01
 3.50000E+00    5.00620E+01
 4.00000E+00    2.64690E+01
 4.50000E+00    1.52840E+01
 5.00000E+00    1.03260E+01
 5.50000E+00    8.35780E+00
 6.00000E+00    6.40800E+00
 6.50000E+00    5.18560E+00
 6.95210E+00    4.40680E+00
 7.20000E+00    4.06380E+00
 7.50000E+00    3.71270E+00
 8.00000E+00    3.23440E+00
 8.50000E+00    2.84960E+00
 8.75000E+00    2.68510E+00
 9.00300E+00    2.53450E+00
 9.19360E+00    2.42830E+00
 9.34410E+00    2.34930E+00
 9.50000E+00    2.27190E+00
 9.75000E+00    2.15430E+00
 1.00000E+01    2.04590E+00
 1.02500E+01    1.94290E+00
 1.05000E+01    1.84750E+00
 1.07500E+01    1.75650E+00
 1.10000E+01    1.67200E+00
 1.15000E+01    1.51470E+00
 1.20000E+01    1.37360E+00
 1.25000E+01    1.24660E+00
 1.30000E+01    1.13250E+00
 1.35000E+01    1.03010E+00
 1.40000E+01    9.38250E-01
 1.45000E+01    8.55950E-01
 1.46000E+01    8.40580E-01
 1.50000E+01    7.82350E-01
 1.55000E+01    7.16390E-01
 1.56730E+01    6.95100E-01
 1.60000E+01    6.56950E-01
 1.65000E+01    6.03640E-01
 1.70000E+01    5.55050E-01
 1.75000E+01    5.11170E-01
 1.80000E+01    4.70690E-01
 1.85000E+01    4.33570E-01
 1.90000E+01    3.98850E-01
 1.95000E+01    3.66940E-01
 2.00000E+01    3.36780E-01
