# n + Ti 44 : (n,n'07)  
# tendl.2019 A.J. Koning and D. Rochman        EVAL-NOV19
# uncertainties: n
# # energies =    76
#   E(MeV)       xs(mb) 
 3.44119E+00    0.00000E+00
 3.49366E+00    1.75464E+00
 3.60000E+00    5.31073E+00
 3.72945E+00    6.89521E+00
 3.80000E+00    7.75874E+00
 3.84208E+00    8.24320E+00
 4.00000E+00    1.00613E+01
 4.03317E+00    1.03760E+01
 4.07132E+00    1.07379E+01
 4.10744E+00    1.10805E+01
 4.15418E+00    1.15239E+01
 4.20000E+00    1.19586E+01
 4.21003E+00    1.20458E+01
 4.32399E+00    1.30361E+01
 4.40000E+00    1.36967E+01
 4.60000E+00    1.51162E+01
 4.60315E+00    1.51304E+01
 4.71066E+00    1.56135E+01
 4.80000E+00    1.60149E+01
 4.90216E+00    1.61865E+01
 4.91331E+00    1.62053E+01
 4.95106E+00    1.62687E+01
 5.00000E+00    1.63509E+01
 5.17099E+00    1.61904E+01
 5.20000E+00    1.61632E+01
 5.26929E+00    1.59592E+01
 5.37046E+00    1.56614E+01
 5.40000E+00    1.55744E+01
 5.42672E+00    1.54575E+01
 5.54539E+00    1.49382E+01
 5.60000E+00    1.46992E+01
 5.80000E+00    1.36742E+01
 5.80071E+00    1.36704E+01
 6.00000E+00    1.25889E+01
 6.16836E+00    1.16601E+01
 6.20000E+00    1.14855E+01
 6.36272E+00    1.06163E+01
 6.40000E+00    1.04172E+01
 6.60000E+00    8.85076E+00
 6.65784E+00    8.57199E+00
 6.80000E+00    7.88681E+00
 7.00000E+00    6.93111E+00
 7.20000E+00    6.10058E+00
 7.40000E+00    5.30718E+00
 7.60000E+00    4.66707E+00
 7.80000E+00    4.07276E+00
 8.00000E+00    3.54960E+00
 8.50000E+00    2.52856E+00
 9.00000E+00    1.81832E+00
 9.50000E+00    1.32062E+00
 1.00000E+01    9.77972E-01
 1.05000E+01    7.37044E-01
 1.10000E+01    5.66030E-01
 1.15000E+01    4.44275E-01
 1.20000E+01    3.55649E-01
 1.25000E+01    2.92973E-01
 1.30000E+01    2.47322E-01
 1.35000E+01    2.13921E-01
 1.40000E+01    1.89320E-01
 1.45000E+01    1.71168E-01
 1.50000E+01    1.57840E-01
 1.60000E+01    1.40159E-01
 1.70000E+01    1.30080E-01
 1.80000E+01    1.23809E-01
 1.90000E+01    1.19567E-01
 2.00000E+01    1.16412E-01
 2.10000E+01    1.13830E-01
 2.20000E+01    1.11619E-01
 2.30000E+01    1.09688E-01
 2.40000E+01    1.07986E-01
 2.50000E+01    1.06473E-01
 2.60000E+01    1.05101E-01
 2.70000E+01    1.03824E-01
 2.80000E+01    1.02595E-01
 2.90000E+01    1.01384E-01
 3.00000E+01    1.00164E-01
