# n + Ti 44 : (n,xt)    
# tendl.2019 A.J. Koning and D. Rochman        EVAL-NOV19
# 
# # energies =   124
#   E(MeV)        xs(mb) 
 1.10791E+00    0.00000E+00
 1.20000E+00    0.00000E+00
 1.40000E+00    0.00000E+00
 1.60000E+00    0.00000E+00
 1.80000E+00    0.00000E+00
 1.94799E+00    0.00000E+00
 2.00000E+00    0.00000E+00
 2.20000E+00    0.00000E+00
 2.40000E+00    0.00000E+00
 2.51065E+00    0.00000E+00
 2.58905E+00    0.00000E+00
 2.60000E+00    0.00000E+00
 2.80000E+00    0.00000E+00
 2.95283E+00    0.00000E+00
 3.00000E+00    0.00000E+00
 3.20000E+00    0.00000E+00
 3.24867E+00    0.00000E+00
 3.40000E+00    0.00000E+00
 3.44119E+00    0.00000E+00
 3.49366E+00    0.00000E+00
 3.60000E+00    0.00000E+00
 3.72945E+00    0.00000E+00
 3.80000E+00    0.00000E+00
 3.84208E+00    0.00000E+00
 4.00000E+00    0.00000E+00
 4.03317E+00    0.00000E+00
 4.07132E+00    0.00000E+00
 4.10744E+00    0.00000E+00
 4.15418E+00    0.00000E+00
 4.20000E+00    0.00000E+00
 4.21003E+00    0.00000E+00
 4.32399E+00    0.00000E+00
 4.40000E+00    0.00000E+00
 4.60000E+00    0.00000E+00
 4.60315E+00    0.00000E+00
 4.71066E+00    0.00000E+00
 4.80000E+00    0.00000E+00
 4.90216E+00    0.00000E+00
 4.91331E+00    0.00000E+00
 4.95106E+00    0.00000E+00
 5.00000E+00    0.00000E+00
 5.17099E+00    0.00000E+00
 5.20000E+00    0.00000E+00
 5.26929E+00    0.00000E+00
 5.37046E+00    0.00000E+00
 5.40000E+00    0.00000E+00
 5.42672E+00    0.00000E+00
 5.54539E+00    0.00000E+00
 5.60000E+00    0.00000E+00
 5.80000E+00    0.00000E+00
 5.80071E+00    0.00000E+00
 6.00000E+00    0.00000E+00
 6.16836E+00    0.00000E+00
 6.20000E+00    0.00000E+00
 6.36272E+00    0.00000E+00
 6.40000E+00    0.00000E+00
 6.60000E+00    0.00000E+00
 6.65784E+00    0.00000E+00
 6.80000E+00    0.00000E+00
 7.00000E+00    0.00000E+00
 7.20000E+00    0.00000E+00
 7.40000E+00    0.00000E+00
 7.60000E+00    0.00000E+00
 7.80000E+00    0.00000E+00
 8.00000E+00    0.00000E+00
 8.50000E+00    0.00000E+00
 9.00000E+00    0.00000E+00
 9.50000E+00    0.00000E+00
 1.00000E+01    0.00000E+00
 1.05000E+01    0.00000E+00
 1.10000E+01    0.00000E+00
 1.15000E+01    0.00000E+00
 1.20000E+01    0.00000E+00
 1.25000E+01    0.00000E+00
 1.30000E+01    1.79990E-17
 1.35000E+01    3.83720E-10
 1.40000E+01    2.65440E-07
 1.45000E+01    8.86479E-06
 1.50000E+01    8.66455E-05
 1.60000E+01    9.47945E-03
 1.70000E+01    1.10417E-01
 1.80000E+01    4.91071E-01
 1.90000E+01    1.08039E+00
 2.00000E+01    1.87930E+00
 2.10000E+01    2.82578E+00
 2.20000E+01    3.68390E+00
 2.30000E+01    4.60870E+00
 2.40000E+01    5.77378E+00
 2.50000E+01    6.95698E+00
 2.60000E+01    8.32290E+00
 2.70000E+01    9.47568E+00
 2.80000E+01    1.05849E+01
 2.90000E+01    1.17688E+01
 3.00000E+01    1.27717E+01
 3.00000E+01    1.27940E+01
 3.20000E+01    1.46232E+01
 3.40000E+01    1.62285E+01
 3.60000E+01    1.73101E+01
 3.80000E+01    1.77835E+01
 4.00000E+01    1.80390E+01
 4.20000E+01    1.81219E+01
 4.40000E+01    1.81004E+01
 4.60000E+01    1.80920E+01
 4.80000E+01    1.82038E+01
 5.00000E+01    1.82277E+01
 5.20000E+01    1.82289E+01
 5.40000E+01    1.81885E+01
 5.60000E+01    1.82254E+01
 5.80000E+01    1.82147E+01
 6.00000E+01    1.82130E+01
 6.50000E+01    1.82064E+01
 7.00000E+01    1.82854E+01
 7.50000E+01    1.83941E+01
 8.00000E+01    1.85596E+01
 9.00000E+01    1.93946E+01
 1.00000E+02    2.07125E+01
 1.10000E+02    2.20243E+01
 1.20000E+02    2.32889E+01
 1.30000E+02    2.46016E+01
 1.40000E+02    2.64260E+01
 1.50000E+02    2.85435E+01
 1.60000E+02    3.12677E+01
 1.80000E+02    3.95728E+01
 2.00000E+02    5.11992E+01
