# n + Ba  0 : (n,4n)g
# tendl.2019 A.J. Koning and D. Rochman        EVAL-NOV19
# uncertainties: n
# # energies =    37
#   E(MeV)          xs(mb) 
 2.48052E+01    0.00000E+00
 2.50000E+01    1.65027E-03
 2.60000E+01    1.88433E-01
 2.70000E+01    1.55185E+00
 2.80000E+01    5.87235E+00
 2.90000E+01    1.39680E+01
 3.00000E+01    2.52827E+01
 3.00000E+01    2.52827E+01
 3.20000E+01    5.19436E+01
 3.40000E+01    7.44018E+01
 3.60000E+01    8.92179E+01
 3.80000E+01    9.46736E+01
 4.00000E+01    9.29087E+01
 4.20000E+01    8.67387E+01
 4.40000E+01    7.92212E+01
 4.60000E+01    7.23200E+01
 4.80000E+01    6.60508E+01
 5.00000E+01    6.17454E+01
 5.20000E+01    5.81077E+01
 5.40000E+01    5.55024E+01
 5.60000E+01    5.27205E+01
 5.80000E+01    5.09329E+01
 6.00000E+01    4.96280E+01
 6.50000E+01    4.53990E+01
 7.00000E+01    4.27385E+01
 7.50000E+01    3.99886E+01
 8.00000E+01    3.82723E+01
 9.00000E+01    3.51727E+01
 1.00000E+02    3.24104E+01
 1.10000E+02    2.98722E+01
 1.20000E+02    2.80214E+01
 1.30000E+02    2.62106E+01
 1.40000E+02    2.44672E+01
 1.50000E+02    2.28654E+01
 1.60000E+02    2.16661E+01
 1.80000E+02    1.88972E+01
 2.00000E+02    1.68000E+01
