# p + Hf178 : (p,2n)    
# tendl.2019 A.J. Koning                       EVAL-OCT19
# uncertainties: y
# # energies =    38
#   E(MeV)       xs(mb)       xslow(mb)      xsupp(mb)
 9.62849E+00    0.00000E+00    0.00000E+00    0.00000E+00
 1.00000E+01    3.24252E+01    2.65668E+01    3.82836E+01
 1.10000E+01    2.30661E+02    1.88987E+02    2.72335E+02
 1.20000E+01    4.02128E+02    3.29474E+02    4.74782E+02
 1.30000E+01    5.44515E+02    4.46136E+02    6.42894E+02
 1.40000E+01    6.68729E+02    5.67326E+02    7.70132E+02
 1.50000E+01    7.77692E+02    6.59766E+02    8.95618E+02
 1.60000E+01    8.71835E+02    7.39634E+02    1.00404E+03
 1.70000E+01    9.51248E+02    8.07005E+02    1.09549E+03
 1.80000E+01    1.01742E+03    8.45416E+02    1.18942E+03
 1.90000E+01    9.62195E+02    7.99527E+02    1.12486E+03
 2.00000E+01    7.58429E+02    6.30210E+02    8.86648E+02
 2.20000E+01    3.72575E+02    2.97731E+02    4.47419E+02
 2.40000E+01    2.22024E+02    1.77423E+02    2.66625E+02
 2.60000E+01    1.63965E+02    1.28411E+02    1.99519E+02
 2.80000E+01    1.42325E+02    1.11464E+02    1.73186E+02
 3.00000E+01    1.30625E+02    1.02301E+02    1.58949E+02
 3.00000E+01    1.32298E+02    1.03611E+02    1.60985E+02
 3.50000E+01    1.09704E+02    8.59161E+01    1.33492E+02
 4.00000E+01    9.42805E+01    7.38370E+01    1.14724E+02
 4.50000E+01    8.08310E+01    6.33038E+01    9.83582E+01
 5.00000E+01    7.01855E+01    5.49667E+01    8.54044E+01
 5.50000E+01    6.06014E+01    4.74607E+01    7.37421E+01
 6.00000E+01    5.30093E+01    4.15149E+01    6.45037E+01
 6.50000E+01    4.64524E+01    3.63798E+01    5.65250E+01
 7.00000E+01    4.08135E+01    3.19636E+01    4.96634E+01
 7.50000E+01    3.55546E+01    2.78450E+01    4.32642E+01
 8.00000E+01    3.18303E+01    2.49283E+01    3.87323E+01
 9.00000E+01    2.56182E+01    2.00632E+01    3.11732E+01
 1.00000E+02    2.09105E+01    1.63763E+01    2.54447E+01
 1.10000E+02    1.77584E+01    1.39077E+01    2.16091E+01
 1.20000E+02    1.52780E+01    1.19652E+01    1.85908E+01
 1.30000E+02    1.34170E+01    1.05077E+01    1.63263E+01
 1.40000E+02    1.18733E+01    9.29872E+00    1.44479E+01
 1.50000E+02    1.08275E+01    8.47969E+00    1.31753E+01
 1.60000E+02    9.60356E+00    7.52115E+00    1.16860E+01
 1.80000E+02    8.20458E+00    6.42552E+00    9.98364E+00
 2.00000E+02    6.91612E+00    5.41645E+00    8.41579E+00
