# n + Sr 90 : (n,xp)    
# endfb8.0   JNDC FP Nuclear Data W.G.         EVAL-MAR90
# 
# # energies =   189
#   E(MeV)        xs(mb) 
 8.41031E-01    0.00000E+00
 8.41254E-01    0.00000E+00
 8.41697E-01    0.00000E+00
 8.42138E-01    0.00000E+00
 8.43013E-01    0.00000E+00
 8.43875E-01    0.00000E+00
 8.44724E-01    0.00000E+00
 8.46399E-01    0.00000E+00
 8.48025E-01    0.00000E+00
 8.49603E-01    0.00000E+00
 8.51134E-01    0.00000E+00
 8.52620E-01    0.00000E+00
 8.55507E-01    0.00000E+00
 8.58222E-01    0.00000E+00
 8.60775E-01    0.00000E+00
 8.63176E-01    0.00000E+00
 8.65433E-01    0.00000E+00
 8.69680E-01    0.00000E+00
 8.73414E-01    0.00000E+00
 8.76693E-01    0.00000E+00
 8.79573E-01    0.00000E+00
 8.84636E-01    0.00000E+00
 8.88452E-01    0.00000E+00
 8.94208E-01    0.00000E+00
 9.00000E-01    0.00000E+00
 9.05946E-01    0.00000E+00
 9.11556E-01    0.00000E+00
 9.16847E-01    0.00000E+00
 9.21835E-01    0.00000E+00
 9.31262E-01    0.00000E+00
 9.39589E-01    0.00000E+00
 9.46936E-01    0.00000E+00
 9.53412E-01    0.00000E+00
 9.64851E-01    0.00000E+00
 9.73521E-01    0.00000E+00
 9.80074E-01    0.00000E+00
 9.89987E-01    0.00000E+00
 1.00000E+00    0.00000E+00
 1.01404E+00    0.00000E+00
 1.02739E+00    0.00000E+00
 1.04006E+00    0.00000E+00
 1.05208E+00    0.00000E+00
 1.07500E+00    0.00000E+00
 1.09546E+00    0.00000E+00
 1.11368E+00    0.00000E+00
 1.12987E+00    0.00000E+00
 1.14423E+00    0.00000E+00
 1.16980E+00    0.00000E+00
 1.18936E+00    0.00000E+00
 1.20424E+00    0.00000E+00
 1.22690E+00    0.00000E+00
 1.25000E+00    0.00000E+00
 1.27881E+00    0.00000E+00
 1.33085E+00    0.00000E+00
 1.37126E+00    0.00000E+00
 1.40237E+00    0.00000E+00
 1.45036E+00    0.00000E+00
 1.50000E+00    0.00000E+00
 1.54184E+00    0.00000E+00
 1.60679E+00    0.00000E+00
 1.67448E+00    0.00000E+00
 1.71182E+00    0.00000E+00
 1.75000E+00    0.00000E+00
 1.78952E+00    0.00000E+00
 1.81975E+00    0.00000E+00
 1.86605E+00    0.00000E+00
 1.91353E+00    0.00000E+00
 1.93479E+00    0.00000E+00
 1.96713E+00    0.00000E+00
 2.00000E+00    0.00000E+00
 2.05558E+00    0.00000E+00
 2.09828E+00    0.00000E+00
 2.13088E+00    0.00000E+00
 2.18074E+00    0.00000E+00
 2.23176E+00    0.00000E+00
 2.26650E+00    0.00000E+00
 2.32861E+00    0.00000E+00
 2.37630E+00    0.00000E+00
 2.44968E+00    0.00000E+00
 2.52532E+00    0.00000E+00
 2.55626E+00    0.00000E+00
 2.60792E+00    0.00000E+00
 2.70085E+00    0.00000E+00
 2.77272E+00    0.00000E+00
 2.82787E+00    0.00000E+00
 2.91267E+00    0.00000E+00
 3.00000E+00    0.00000E+00
 3.10984E+00    0.00000E+00
 3.20925E+00    0.00000E+00
 3.39092E+00    0.00000E+00
 3.53389E+00    0.00000E+00
 3.64506E+00    0.00000E+00
 3.81841E+00    0.00000E+00
 4.00000E+00    0.00000E+00
 4.22949E+00    0.00000E+00
 4.41020E+00    0.00000E+00
 4.55078E+00    0.00000E+00
 4.77011E+00    0.00000E+00
 5.00000E+00    0.00000E+00
 5.23318E+00    0.00000E+00
 5.60349E+00    0.00000E+00
 6.00000E+00    0.00000E+00
 6.48074E+00    4.50853E-09
 7.00000E+00    9.37830E-09
 7.23762E+00    1.26627E-07
 7.42112E+00    9.45001E-07
 7.70513E+00    2.12052E-05
 8.00000E+00    2.78018E-04
 8.11865E+00    4.12807E-04
 8.22392E+00    5.86202E-04
 8.31715E+00    7.99684E-04
 8.39958E+00    1.05238E-03
 8.47239E+00    1.34131E-03
 8.53661E+00    1.66116E-03
 8.59320E+00    2.00589E-03
 8.69315E+00    2.79824E-03
 8.76886E+00    3.60103E-03
 8.82609E+00    4.35720E-03
 8.91262E+00    5.81317E-03
 9.00000E+00    7.77709E-03
 9.11932E+00    1.02640E-02
 9.22501E+00    1.31223E-02
 9.31850E+00    1.62141E-02
 9.40108E+00    1.89910E-02
 9.47394E+00    2.18331E-02
 9.53815E+00    2.46908E-02
 9.59470E+00    2.75128E-02
 9.69446E+00    3.33013E-02
 9.76995E+00    3.84806E-02
 9.82697E+00    4.29174E-02
 9.91311E+00    5.06098E-02
 1.00000E+01    5.97684E-02
 1.01146E+01    7.21205E-02
 1.02232E+01    8.61729E-02
 1.03261E+01    1.01908E-01
 1.04235E+01    1.17251E-01
 1.05157E+01    1.33873E-01
 1.06028E+01    1.51762E-01
 1.06852E+01    1.70852E-01
 1.07630E+01    1.91093E-01
 1.08364E+01    2.12385E-01
 1.09754E+01    2.59453E-01
 1.10986E+01    3.02689E-01
 1.12074E+01    3.45136E-01
 1.13036E+01    3.87565E-01
 1.13884E+01    4.29248E-01
 1.14631E+01    4.69736E-01
 1.15950E+01    5.50683E-01
 1.16950E+01    6.16203E-01
 1.17705E+01    6.67358E-01
 1.18847E+01    7.52956E-01
 1.20000E+01    8.50501E-01
 1.21162E+01    9.45152E-01
 1.23370E+01    1.15491E+00
 1.25336E+01    1.38051E+00
 1.27081E+01    1.61739E+00
 1.28629E+01    1.86130E+00
 1.29998E+01    2.10757E+00
 1.31208E+01    2.31669E+00
 1.33353E+01    2.71941E+00
 1.34984E+01    3.04688E+00
 1.36221E+01    3.32103E+00
 1.38098E+01    3.78503E+00
 1.40000E+01    4.32205E+00
 1.44914E+01    5.76946E+00
 1.50000E+01    7.50437E+00
 1.51215E+01    7.90896E+00
 1.53365E+01    8.68604E+00
 1.54997E+01    9.33478E+00
 1.56233E+01    9.86584E+00
 1.58105E+01    1.07451E+01
 1.60000E+01    1.15920E+01
 1.62373E+01    1.25609E+01
 1.64478E+01    1.35252E+01
 1.66343E+01    1.43272E+01
 1.67992E+01    1.50064E+01
 1.70917E+01    1.62334E+01
 1.73143E+01    1.70525E+01
 1.74833E+01    1.77350E+01
 1.77398E+01    1.88951E+01
 1.80000E+01    2.02540E+01
 1.82386E+01    2.11440E+01
 1.84500E+01    2.20200E+01
 1.86370E+01    2.28682E+01
 1.89688E+01    2.45834E+01
 1.92215E+01    2.56257E+01
 1.94132E+01    2.64423E+01
 1.97044E+01    2.78164E+01
 2.00000E+01    2.93958E+01
