# n + U 237 : (n,n'04)  
# endfb8.0   P.G.Young, M.B.Chadwick           EVAL-FEB09
# uncertainties: n
# # energies =    67
#   E(MeV)       xs(mb) 
 1.60681E-01    0.00000E+00
 1.63694E-01    3.75047E+00
 2.05069E-01    4.87451E+01
 2.05872E-01    4.95067E+01
 2.62010E-01    9.36406E+01
 2.75166E-01    1.01663E+02
 3.13328E-01    1.20749E+02
 3.17345E-01    1.22427E+02
 3.24374E-01    1.25224E+02
 3.28391E-01    1.26745E+02
 3.65549E-01    1.38339E+02
 3.68562E-01    1.39098E+02
 3.82621E-01    1.42311E+02
 4.07728E-01    1.46805E+02
 4.27913E-01    1.49378E+02
 4.29821E-01    1.49577E+02
 4.30825E-01    1.49679E+02
 4.33838E-01    1.49973E+02
 4.84051E-01    1.52482E+02
 5.08153E-01    1.52307E+02
 5.32255E-01    1.51401E+02
 5.40620E-01    1.50934E+02
 5.42900E-01    1.50795E+02
 6.00000E-01    1.45580E+02
 7.00000E-01    1.32182E+02
 8.00000E-01    1.16637E+02
 9.00000E-01    1.02388E+02
 1.00000E+00    8.97351E+01
 1.20000E+00    6.94387E+01
 1.50000E+00    4.75935E+01
 2.00000E+00    2.38597E+01
 2.50000E+00    1.04776E+01
 3.00000E+00    3.97736E+00
 3.50000E+00    1.40544E+00
 4.00000E+00    4.79685E-01
 4.50000E+00    1.59627E-01
 5.00000E+00    5.25626E-02
 5.50000E+00    1.73319E-02
 6.00000E+00    5.83812E-03
 6.50000E+00    1.27550E-02
 7.00000E+00    1.10143E-02
 7.50000E+00    1.08667E-02
 8.00000E+00    1.06309E-02
 8.50000E+00    1.10853E-02
 9.00000E+00    1.13144E-02
 9.50000E+00    1.20915E-02
 1.00000E+01    1.27383E-02
 1.10000E+01    1.49084E-02
 1.20000E+01    1.97492E-02
 1.30000E+01    2.59661E-02
 1.40000E+01    4.60625E-02
 1.50000E+01    4.04187E-02
 1.60000E+01    3.62974E-02
 1.70000E+01    3.19886E-02
 1.80000E+01    2.92638E-02
 1.90000E+01    2.68821E-02
 2.00000E+01    2.48548E-02
 2.10000E+01    2.31239E-02
 2.20000E+01    2.15795E-02
 2.30000E+01    2.01984E-02
 2.40000E+01    1.89789E-02
 2.50000E+01    1.79167E-02
 2.60000E+01    1.70331E-02
 2.70000E+01    1.63166E-02
 2.80000E+01    1.57172E-02
 2.90000E+01    1.52076E-02
 3.00000E+01    1.47812E-02
