# n + Zr 96 : (n,p)g    
# tendl.2019 A.J. Koning and D. Rochman        EVAL-NOV19
# uncertainties: y
# # energies =    66
#   E(MeV)       xs(mb)       xslow(mb)      xsupp(mb)
 6.38707E+00    0.00000E+00    0.00000E+00    0.00000E+00
 7.00000E+00    3.27700E-14    0.00000E+00    0.00000E+00
 7.20000E+00    9.71240E-12    0.00000E+00    0.00000E+00
 7.40000E+00    5.71100E-10    0.00000E+00    0.00000E+00
 7.60000E+00    1.15600E-08    0.00000E+00    0.00000E+00
 7.80000E+00    1.15020E-07    0.00000E+00    0.00000E+00
 8.00000E+00    6.93330E-07    0.00000E+00    0.00000E+00
 8.50000E+00    1.60795E-05    0.00000E+00    0.00000E+00
 9.00000E+00    1.24324E-04    0.00000E+00    0.00000E+00
 9.50000E+00    6.00761E-04    0.00000E+00    0.00000E+00
 1.00000E+01    2.53064E-03    0.00000E+00    0.00000E+00
 1.05000E+01    1.04372E-02    0.00000E+00    0.00000E+00
 1.10000E+01    3.47423E-02    0.00000E+00    0.00000E+00
 1.15000E+01    1.10651E-01    0.00000E+00    0.00000E+00
 1.20000E+01    2.63343E-01    0.00000E+00    0.00000E+00
 1.25000E+01    5.26089E-01    0.00000E+00    0.00000E+00
 1.30000E+01    9.74026E-01    0.00000E+00    0.00000E+00
 1.35000E+01    1.58246E+00    0.00000E+00    0.00000E+00
 1.40000E+01    2.35087E+00    0.00000E+00    0.00000E+00
 1.45000E+01    3.20301E+00    0.00000E+00    0.00000E+00
 1.50000E+01    4.14474E+00    0.00000E+00    0.00000E+00
 1.60000E+01    6.17396E+00    0.00000E+00    0.00000E+00
 1.70000E+01    7.92066E+00    0.00000E+00    0.00000E+00
 1.80000E+01    9.14022E+00    0.00000E+00    0.00000E+00
 1.90000E+01    1.01064E+01    0.00000E+00    0.00000E+00
 2.00000E+01    1.08628E+01    0.00000E+00    0.00000E+00
 2.10000E+01    1.12757E+01    0.00000E+00    0.00000E+00
 2.20000E+01    1.18987E+01    0.00000E+00    0.00000E+00
 2.30000E+01    1.19097E+01    0.00000E+00    0.00000E+00
 2.40000E+01    1.17450E+01    0.00000E+00    0.00000E+00
 2.50000E+01    1.14990E+01    0.00000E+00    0.00000E+00
 2.60000E+01    1.12858E+01    0.00000E+00    0.00000E+00
 2.70000E+01    1.09126E+01    0.00000E+00    0.00000E+00
 2.80000E+01    1.12100E+01    0.00000E+00    0.00000E+00
 2.90000E+01    1.08922E+01    0.00000E+00    0.00000E+00
 3.00000E+01    1.04649E+01    0.00000E+00    0.00000E+00
 3.00000E+01    1.04650E+01    0.00000E+00    0.00000E+00
 3.20000E+01    9.70700E+00    0.00000E+00    0.00000E+00
 3.40000E+01    8.84474E+00    0.00000E+00    0.00000E+00
 3.60000E+01    7.98114E+00    0.00000E+00    0.00000E+00
 3.80000E+01    7.17051E+00    0.00000E+00    0.00000E+00
 4.00000E+01    6.48583E+00    0.00000E+00    0.00000E+00
 4.20000E+01    5.91479E+00    0.00000E+00    0.00000E+00
 4.40000E+01    5.42142E+00    0.00000E+00    0.00000E+00
 4.60000E+01    4.91948E+00    0.00000E+00    0.00000E+00
 4.80000E+01    4.49229E+00    0.00000E+00    0.00000E+00
 5.00000E+01    4.39832E+00    0.00000E+00    0.00000E+00
 5.20000E+01    4.01569E+00    0.00000E+00    0.00000E+00
 5.40000E+01    3.64317E+00    0.00000E+00    0.00000E+00
 5.60000E+01    3.37363E+00    0.00000E+00    0.00000E+00
 5.80000E+01    3.11188E+00    0.00000E+00    0.00000E+00
 6.00000E+01    2.91695E+00    0.00000E+00    0.00000E+00
 6.50000E+01    2.43540E+00    0.00000E+00    0.00000E+00
 7.00000E+01    2.05528E+00    0.00000E+00    0.00000E+00
 7.50000E+01    1.81305E+00    0.00000E+00    0.00000E+00
 8.00000E+01    1.62677E+00    0.00000E+00    0.00000E+00
 9.00000E+01    1.28823E+00    0.00000E+00    0.00000E+00
 1.00000E+02    1.08382E+00    0.00000E+00    0.00000E+00
 1.10000E+02    9.24501E-01    0.00000E+00    0.00000E+00
 1.20000E+02    8.53549E-01    0.00000E+00    0.00000E+00
 1.30000E+02    7.44350E-01    0.00000E+00    0.00000E+00
 1.40000E+02    6.51548E-01    0.00000E+00    0.00000E+00
 1.50000E+02    5.73004E-01    0.00000E+00    0.00000E+00
 1.60000E+02    5.05411E-01    0.00000E+00    0.00000E+00
 1.80000E+02    4.05372E-01    0.00000E+00    0.00000E+00
 2.00000E+02    3.12797E-01    0.00000E+00    0.00000E+00
