# n + Zr 96 : (n,el)    
# tendl.2019 A.J. Koning and D. Rochman        EVAL-NOV19
# uncertainties: y
# # energies =   666
#   E(MeV)       xs(mb)       xslow(mb)      xsupp(mb)
 1.00000E-11    3.22723E+04    2.83388E+04    3.62057E+04
 1.04713E-11    3.15565E+04    2.77103E+04    3.54027E+04
 1.09648E-11    3.08570E+04    2.70960E+04    3.46179E+04
 1.14815E-11    3.01745E+04    2.64967E+04    3.38523E+04
 1.20226E-11    2.95072E+04    2.59108E+04    3.31036E+04
 1.25893E-11    2.88564E+04    2.53393E+04    3.23736E+04
 1.31826E-11    2.82201E+04    2.47805E+04    3.16596E+04
 1.38038E-11    2.75995E+04    2.42355E+04    3.09634E+04
 1.44544E-11    2.69928E+04    2.37028E+04    3.02828E+04
 1.51356E-11    2.64009E+04    2.31831E+04    2.96188E+04
 1.58489E-11    2.58228E+04    2.26754E+04    2.89702E+04
 1.65959E-11    2.52583E+04    2.21798E+04    2.83369E+04
 1.73780E-11    2.47075E+04    2.16961E+04    2.77190E+04
 1.81970E-11    2.41693E+04    2.12235E+04    2.71151E+04
 1.90546E-11    2.36445E+04    2.07626E+04    2.65264E+04
 1.99526E-11    2.31315E+04    2.03122E+04    2.59509E+04
 2.08930E-11    2.26315E+04    1.98731E+04    2.53899E+04
 2.18776E-11    2.21428E+04    1.94440E+04    2.48417E+04
 2.29087E-11    2.16664E+04    1.90256E+04    2.43072E+04
 2.39883E-11    2.12010E+04    1.86170E+04    2.37851E+04
 2.51189E-11    2.07471E+04    1.82184E+04    2.32759E+04
 2.63027E-11    2.03042E+04    1.78294E+04    2.27789E+04
 2.75423E-11    1.98718E+04    1.74497E+04    2.22938E+04
 2.88403E-11    1.94502E+04    1.70795E+04    2.18208E+04
 3.01995E-11    1.90385E+04    1.67180E+04    2.13589E+04
 3.16228E-11    1.86373E+04    1.63657E+04    2.09089E+04
 3.31131E-11    1.82455E+04    1.60216E+04    2.04693E+04
 3.46737E-11    1.78638E+04    1.56865E+04    2.00411E+04
 3.63078E-11    1.74911E+04    1.53592E+04    1.96229E+04
 3.80189E-11    1.71280E+04    1.50404E+04    1.92156E+04
 3.98107E-11    1.67736E+04    1.47292E+04    1.88181E+04
 4.16869E-11    1.64282E+04    1.44259E+04    1.84306E+04
 4.36516E-11    1.60917E+04    1.41304E+04    1.80531E+04
 4.57088E-11    1.57632E+04    1.38419E+04    1.76845E+04
 4.78630E-11    1.54435E+04    1.35612E+04    1.73258E+04
 5.01187E-11    1.51316E+04    1.32873E+04    1.69759E+04
 5.24807E-11    1.48275E+04    1.30203E+04    1.66348E+04
 5.49541E-11    1.45317E+04    1.27605E+04    1.63028E+04
 5.75440E-11    1.42431E+04    1.25071E+04    1.59791E+04
 6.02560E-11    1.39620E+04    1.22602E+04    1.56637E+04
 6.30957E-11    1.36885E+04    1.20201E+04    1.53569E+04
 6.60693E-11    1.34218E+04    1.17859E+04    1.50577E+04
 6.91831E-11    1.31623E+04    1.15580E+04    1.47666E+04
 7.24436E-11    1.29098E+04    1.13363E+04    1.44832E+04
 7.58578E-11    1.26637E+04    1.11202E+04    1.42071E+04
 7.94328E-11    1.24245E+04    1.09101E+04    1.39388E+04
 8.31764E-11    1.21916E+04    1.07057E+04    1.36776E+04
 8.70964E-11    1.19649E+04    1.05066E+04    1.34232E+04
 9.12011E-11    1.17447E+04    1.03132E+04    1.31762E+04
 9.54993E-11    1.15304E+04    1.01250E+04    1.29358E+04
 1.00000E-10    1.13220E+04    9.94200E+03    1.27019E+04
 1.04713E-10    1.11196E+04    9.76430E+03    1.24749E+04
 1.09648E-10    1.09227E+04    9.59139E+03    1.22540E+04
 1.14815E-10    1.07315E+04    9.42348E+03    1.20395E+04
 1.20226E-10    1.05459E+04    9.26052E+03    1.18313E+04
 1.25893E-10    1.03654E+04    9.10207E+03    1.16288E+04
 1.31826E-10    1.01902E+04    8.94820E+03    1.14322E+04
 1.38038E-10    1.00204E+04    8.79904E+03    1.12417E+04
 1.44544E-10    9.85542E+03    8.65420E+03    1.10566E+04
 1.51356E-10    9.69529E+03    8.51359E+03    1.08770E+04
 1.58489E-10    9.54013E+03    8.37735E+03    1.07029E+04
 1.65959E-10    9.38976E+03    8.24530E+03    1.05342E+04
 1.73780E-10    9.24390E+03    8.11722E+03    1.03706E+04
 1.81970E-10    9.10252E+03    7.99308E+03    1.02120E+04
 1.90546E-10    8.96579E+03    7.87300E+03    1.00586E+04
 1.99526E-10    8.83335E+03    7.75671E+03    9.90999E+03
 2.08930E-10    8.70506E+03    7.64406E+03    9.76607E+03
 2.18776E-10    8.58088E+03    7.53502E+03    9.62675E+03
 2.29087E-10    8.46088E+03    7.42964E+03    9.49212E+03
 2.39883E-10    8.34487E+03    7.32777E+03    9.36198E+03
 2.51189E-10    8.23270E+03    7.22927E+03    9.23613E+03
 2.63027E-10    8.12428E+03    7.13407E+03    9.11450E+03
 2.75423E-10    8.01961E+03    7.04215E+03    8.99707E+03
 2.88403E-10    7.91858E+03    6.95344E+03    8.88373E+03
 3.01995E-10    7.82110E+03    6.86784E+03    8.77436E+03
 3.16228E-10    7.72705E+03    6.78525E+03    8.66885E+03
 3.31131E-10    7.63635E+03    6.70560E+03    8.56710E+03
 3.46737E-10    7.54895E+03    6.62886E+03    8.46904E+03
 3.63078E-10    7.46472E+03    6.55490E+03    8.37455E+03
 3.80189E-10    7.38360E+03    6.48366E+03    8.28353E+03
 3.98107E-10    7.30550E+03    6.41508E+03    8.19592E+03
 4.16869E-10    7.23036E+03    6.34910E+03    8.11163E+03
 4.36516E-10    7.15816E+03    6.28570E+03    8.03063E+03
 4.57088E-10    7.08869E+03    6.22469E+03    7.95268E+03
 4.78630E-10    7.02192E+03    6.16606E+03    7.87778E+03
 5.01187E-10    6.95778E+03    6.10974E+03    7.80582E+03
 5.24807E-10    6.89622E+03    6.05569E+03    7.73676E+03
 5.49541E-10    6.83709E+03    6.00376E+03    7.67042E+03
 5.75440E-10    6.78036E+03    5.95395E+03    7.60678E+03
 6.02560E-10    6.72599E+03    5.90620E+03    7.54577E+03
 6.30957E-10    6.67381E+03    5.86038E+03    7.48724E+03
 6.60693E-10    6.62386E+03    5.81652E+03    7.43120E+03
 6.91831E-10    6.57592E+03    5.77443E+03    7.37742E+03
 7.24436E-10    6.53000E+03    5.73410E+03    7.32590E+03
 7.58578E-10    6.48605E+03    5.69551E+03    7.27660E+03
 7.94328E-10    6.44396E+03    5.65855E+03    7.22937E+03
 8.31764E-10    6.40369E+03    5.62319E+03    7.18420E+03
 8.70964E-10    6.36519E+03    5.58938E+03    7.14100E+03
 9.12011E-10    6.32841E+03    5.55708E+03    7.09974E+03
 9.54993E-10    6.29317E+03    5.52614E+03    7.06021E+03
 1.00000E-09    6.25941E+03    5.49649E+03    7.02233E+03
 1.04713E-09    6.22715E+03    5.46817E+03    6.98614E+03
 1.09648E-09    6.19640E+03    5.44116E+03    6.95164E+03
 1.14815E-09    6.16705E+03    5.41539E+03    6.91871E+03
 1.20226E-09    6.13884E+03    5.39061E+03    6.88706E+03
 1.25892E-09    6.11190E+03    5.36696E+03    6.85685E+03
 1.31826E-09    6.08632E+03    5.34450E+03    6.82815E+03
 1.38038E-09    6.06184E+03    5.32300E+03    6.80068E+03
 1.44544E-09    6.03826E+03    5.30229E+03    6.77422E+03
 1.51356E-09    6.01597E+03    5.28272E+03    6.74922E+03
 1.58489E-09    5.99464E+03    5.26399E+03    6.72530E+03
 1.65959E-09    5.97406E+03    5.24591E+03    6.70220E+03
 1.73780E-09    5.95473E+03    5.22894E+03    6.68051E+03
 1.81970E-09    5.93601E+03    5.21251E+03    6.65952E+03
 1.90546E-09    5.91818E+03    5.19685E+03    6.63951E+03
 1.99526E-09    5.90136E+03    5.18207E+03    6.62064E+03
 2.08930E-09    5.88490E+03    5.16763E+03    6.60218E+03
 2.18776E-09    5.86964E+03    5.15423E+03    6.58506E+03
 2.29087E-09    5.85461E+03    5.14103E+03    6.56820E+03
 2.39883E-09    5.84070E+03    5.12881E+03    6.55259E+03
 2.51189E-09    5.82701E+03    5.11679E+03    6.53723E+03
 2.63027E-09    5.81430E+03    5.10563E+03    6.52298E+03
 2.75423E-09    5.80181E+03    5.09466E+03    6.50896E+03
 2.88403E-09    5.79026E+03    5.08452E+03    6.49599E+03
 3.01995E-09    5.77880E+03    5.07446E+03    6.48314E+03
 3.16228E-09    5.76834E+03    5.06527E+03    6.47140E+03
 3.31131E-09    5.75780E+03    5.05602E+03    6.45959E+03
 3.46737E-09    5.74833E+03    5.04770E+03    6.44896E+03
 3.63078E-09    5.73870E+03    5.03924E+03    6.43815E+03
 3.80189E-09    5.73003E+03    5.03163E+03    6.42843E+03
 3.98107E-09    5.72141E+03    5.02406E+03    6.41876E+03
 4.16869E-09    5.71321E+03    5.01686E+03    6.40956E+03
 4.36516E-09    5.70566E+03    5.01023E+03    6.40109E+03
 4.57088E-09    5.69792E+03    5.00343E+03    6.39240E+03
 4.78630E-09    5.69112E+03    4.99746E+03    6.38477E+03
 5.01187E-09    5.68430E+03    4.99147E+03    6.37712E+03
 5.24807E-09    5.67763E+03    4.98561E+03    6.36964E+03
 5.49541E-09    5.67178E+03    4.98048E+03    6.36308E+03
 5.75440E-09    5.66570E+03    4.97514E+03    6.35626E+03
 6.02560E-09    5.65998E+03    4.97012E+03    6.34984E+03
 6.30957E-09    5.65489E+03    4.96565E+03    6.34413E+03
 6.60693E-09    5.64957E+03    4.96098E+03    6.33816E+03
 6.91831E-09    5.64455E+03    4.95657E+03    6.33253E+03
 7.24436E-09    5.64017E+03    4.95272E+03    6.32762E+03
 7.58578E-09    5.63560E+03    4.94871E+03    6.32249E+03
 7.94328E-09    5.63106E+03    4.94473E+03    6.31740E+03
 8.31764E-09    5.62730E+03    4.94142E+03    6.31318E+03
 8.70964E-09    5.62346E+03    4.93805E+03    6.30887E+03
 9.12011E-09    5.61945E+03    4.93453E+03    6.30437E+03
 9.54993E-09    5.61595E+03    4.93146E+03    6.30044E+03
 1.00000E-08    5.61281E+03    4.92870E+03    6.29693E+03
 1.04713E-08    5.60953E+03    4.92582E+03    6.29324E+03
 1.09648E-08    5.60612E+03    4.92282E+03    6.28942E+03
 1.14815E-08    5.60331E+03    4.92036E+03    6.28626E+03
 1.20226E-08    5.60071E+03    4.91807E+03    6.28335E+03
 1.25893E-08    5.59799E+03    4.91568E+03    6.28029E+03
 1.31826E-08    5.59514E+03    4.91318E+03    6.27710E+03
 1.38038E-08    5.59267E+03    4.91101E+03    6.27432E+03
 1.44544E-08    5.59059E+03    4.90919E+03    6.27200E+03
 1.51356E-08    5.58842E+03    4.90728E+03    6.26956E+03
 1.58489E-08    5.58615E+03    4.90529E+03    6.26701E+03
 1.65959E-08    5.58382E+03    4.90324E+03    6.26439E+03
 1.73780E-08    5.58203E+03    4.90167E+03    6.26239E+03
 1.81970E-08    5.58038E+03    4.90022E+03    6.26054E+03
 1.90546E-08    5.57865E+03    4.89870E+03    6.25859E+03
 1.99526E-08    5.57683E+03    4.89711E+03    6.25656E+03
 2.08930E-08    5.57494E+03    4.89544E+03    6.25443E+03
 2.18776E-08    5.57333E+03    4.89403E+03    6.25262E+03
 2.29087E-08    5.57191E+03    4.89279E+03    6.25104E+03
 2.39883E-08    5.57044E+03    4.89149E+03    6.24938E+03
 2.51189E-08    5.56910E+03    4.89031E+03    6.24788E+03
 2.63027E-08    5.56806E+03    4.88940E+03    6.24671E+03
 2.75423E-08    5.56697E+03    4.88845E+03    6.24550E+03
 2.88403E-08    5.56583E+03    4.88745E+03    6.24422E+03
 3.01995E-08    5.56465E+03    4.88640E+03    6.24289E+03
 3.16228E-08    5.56340E+03    4.88531E+03    6.24149E+03
 3.31131E-08    5.56215E+03    4.88421E+03    6.24009E+03
 3.46737E-08    5.56132E+03    4.88349E+03    6.23916E+03
 3.63078E-08    5.56057E+03    4.88283E+03    6.23832E+03
 3.80189E-08    5.55979E+03    4.88214E+03    6.23744E+03
 3.98107E-08    5.55896E+03    4.88142E+03    6.23651E+03
 4.16869E-08    5.55810E+03    4.88066E+03    6.23554E+03
 4.36516E-08    5.55720E+03    4.87987E+03    6.23453E+03
 4.57088E-08    5.55625E+03    4.87903E+03    6.23347E+03
 4.78630E-08    5.55545E+03    4.87833E+03    6.23258E+03
 5.01187E-08    5.55497E+03    4.87791E+03    6.23203E+03
 5.24807E-08    5.55447E+03    4.87747E+03    6.23147E+03
 5.49541E-08    5.55394E+03    4.87700E+03    6.23088E+03
 5.75440E-08    5.55339E+03    4.87652E+03    6.23026E+03
 6.02560E-08    5.55281E+03    4.87601E+03    6.22961E+03
 6.30957E-08    5.55221E+03    4.87548E+03    6.22894E+03
 6.60693E-08    5.55158E+03    4.87493E+03    6.22823E+03
 6.91831E-08    5.55092E+03    4.87435E+03    6.22748E+03
 7.24436E-08    5.55032E+03    4.87382E+03    6.22681E+03
 7.58578E-08    5.55001E+03    4.87356E+03    6.22647E+03
 7.94328E-08    5.54972E+03    4.87330E+03    6.22614E+03
 8.31764E-08    5.54942E+03    4.87303E+03    6.22580E+03
 8.70964E-08    5.54910E+03    4.87275E+03    6.22544E+03
 9.12011E-08    5.54876E+03    4.87246E+03    6.22507E+03
 9.54993E-08    5.54841E+03    4.87215E+03    6.22467E+03
 1.00000E-07    5.54804E+03    4.87182E+03    6.22426E+03
 1.04713E-07    5.54766E+03    4.87149E+03    6.22383E+03
 1.09648E-07    5.54726E+03    4.87113E+03    6.22338E+03
 1.14815E-07    5.54683E+03    4.87076E+03    6.22291E+03
 1.20226E-07    5.54639E+03    4.87037E+03    6.22241E+03
 1.25893E-07    5.54610E+03    4.87011E+03    6.22208E+03
 1.31826E-07    5.54596E+03    4.86999E+03    6.22193E+03
 1.38038E-07    5.54582E+03    4.86987E+03    6.22176E+03
 1.44544E-07    5.54567E+03    4.86974E+03    6.22160E+03
 1.51356E-07    5.54551E+03    4.86960E+03    6.22142E+03
 1.58489E-07    5.54534E+03    4.86945E+03    6.22123E+03
 1.65959E-07    5.54517E+03    4.86930E+03    6.22104E+03
 1.73780E-07    5.54499E+03    4.86914E+03    6.22084E+03
 1.81970E-07    5.54480E+03    4.86898E+03    6.22063E+03
 1.90546E-07    5.54460E+03    4.86880E+03    6.22040E+03
 1.99526E-07    5.54440E+03    4.86862E+03    6.22017E+03
 2.08930E-07    5.54418E+03    4.86843E+03    6.21993E+03
 2.18776E-07    5.54395E+03    4.86823E+03    6.21967E+03
 2.29087E-07    5.54371E+03    4.86802E+03    6.21941E+03
 2.39883E-07    5.54346E+03    4.86780E+03    6.21913E+03
 2.51189E-07    5.54320E+03    4.86757E+03    6.21883E+03
 2.63027E-07    5.54305E+03    4.86744E+03    6.21866E+03
 2.75423E-07    5.54300E+03    4.86740E+03    6.21861E+03
 2.88403E-07    5.54296E+03    4.86736E+03    6.21856E+03
 3.01995E-07    5.54291E+03    4.86731E+03    6.21850E+03
 3.16228E-07    5.54285E+03    4.86726E+03    6.21844E+03
 3.31131E-07    5.54280E+03    4.86722E+03    6.21838E+03
 3.46737E-07    5.54274E+03    4.86717E+03    6.21832E+03
 3.63078E-07    5.54268E+03    4.86711E+03    6.21825E+03
 3.80189E-07    5.54262E+03    4.86706E+03    6.21818E+03
 3.98107E-07    5.54255E+03    4.86700E+03    6.21810E+03
 4.16869E-07    5.54248E+03    4.86694E+03    6.21803E+03
 4.36516E-07    5.54241E+03    4.86687E+03    6.21795E+03
 4.57088E-07    5.54233E+03    4.86681E+03    6.21786E+03
 4.78630E-07    5.54225E+03    4.86674E+03    6.21777E+03
 5.01187E-07    5.54217E+03    4.86666E+03    6.21768E+03
 5.24807E-07    5.54208E+03    4.86658E+03    6.21758E+03
 5.49541E-07    5.54199E+03    4.86650E+03    6.21748E+03
 5.75440E-07    5.54190E+03    4.86642E+03    6.21737E+03
 6.02560E-07    5.54180E+03    4.86633E+03    6.21726E+03
 6.30957E-07    5.54169E+03    4.86624E+03    6.21714E+03
 6.60693E-07    5.54158E+03    4.86614E+03    6.21702E+03
 6.91831E-07    5.54147E+03    4.86604E+03    6.21689E+03
 7.24436E-07    5.54135E+03    4.86593E+03    6.21676E+03
 7.58578E-07    5.54122E+03    4.86582E+03    6.21662E+03
 7.94328E-07    5.54109E+03    4.86570E+03    6.21647E+03
 8.31764E-07    5.54097E+03    4.86560E+03    6.21633E+03
 8.70964E-07    5.54094E+03    4.86557E+03    6.21630E+03
 9.12011E-07    5.54093E+03    4.86556E+03    6.21629E+03
 9.54993E-07    5.54091E+03    4.86555E+03    6.21628E+03
 1.00000E-06    5.54090E+03    4.86553E+03    6.21628E+03
 1.04713E-06    5.54089E+03    4.86552E+03    6.21626E+03
 1.09648E-06    5.54088E+03    4.86551E+03    6.21625E+03
 1.14815E-06    5.54086E+03    4.86550E+03    6.21623E+03
 1.20226E-06    5.54085E+03    4.86548E+03    6.21621E+03
 1.25893E-06    5.54083E+03    4.86547E+03    6.21620E+03
 1.31826E-06    5.54082E+03    4.86546E+03    6.21618E+03
 1.38038E-06    5.54080E+03    4.86544E+03    6.21616E+03
 1.44544E-06    5.54078E+03    4.86542E+03    6.21614E+03
 1.51356E-06    5.54076E+03    4.86541E+03    6.21612E+03
 1.58489E-06    5.54074E+03    4.86539E+03    6.21610E+03
 1.65959E-06    5.54072E+03    4.86537E+03    6.21607E+03
 1.73780E-06    5.54070E+03    4.86535E+03    6.21605E+03
 1.81970E-06    5.54068E+03    4.86533E+03    6.21602E+03
 1.90546E-06    5.54066E+03    4.86531E+03    6.21600E+03
 1.99526E-06    5.54063E+03    4.86529E+03    6.21597E+03
 2.08930E-06    5.54061E+03    4.86525E+03    6.21596E+03
 2.18776E-06    5.54058E+03    4.86523E+03    6.21593E+03
 2.29087E-06    5.54055E+03    4.86520E+03    6.21590E+03
 2.39883E-06    5.54052E+03    4.86518E+03    6.21587E+03
 2.51189E-06    5.54049E+03    4.86515E+03    6.21583E+03
 2.63027E-06    5.54046E+03    4.86512E+03    6.21580E+03
 2.75423E-06    5.54043E+03    4.86509E+03    6.21576E+03
 2.88403E-06    5.54039E+03    4.86506E+03    6.21572E+03
 3.01995E-06    5.54035E+03    4.86501E+03    6.21570E+03
 3.16228E-06    5.54032E+03    4.86498E+03    6.21565E+03
 3.31131E-06    5.54027E+03    4.86494E+03    6.21561E+03
 3.46737E-06    5.54023E+03    4.86491E+03    6.21556E+03
 3.63078E-06    5.54019E+03    4.86487E+03    6.21551E+03
 3.80189E-06    5.54014E+03    4.86483E+03    6.21546E+03
 3.98107E-06    5.54009E+03    4.86478E+03    6.21540E+03
 4.16869E-06    5.54004E+03    4.86472E+03    6.21536E+03
 4.36516E-06    5.53999E+03    4.86468E+03    6.21530E+03
 4.57088E-06    5.53993E+03    4.86463E+03    6.21524E+03
 4.78630E-06    5.53988E+03    4.86458E+03    6.21517E+03
 5.01187E-06    5.53981E+03    4.86450E+03    6.21512E+03
 5.24807E-06    5.53975E+03    4.86445E+03    6.21505E+03
 5.49541E-06    5.53968E+03    4.86439E+03    6.21498E+03
 5.75440E-06    5.53961E+03    4.86433E+03    6.21490E+03
 6.02560E-06    5.53954E+03    4.86424E+03    6.21483E+03
 6.30957E-06    5.53946E+03    4.86418E+03    6.21475E+03
 6.60693E-06    5.53938E+03    4.86410E+03    6.21466E+03
 6.91831E-06    5.53930E+03    4.86403E+03    6.21456E+03
 7.24436E-06    5.53921E+03    4.86394E+03    6.21448E+03
 7.58578E-06    5.53911E+03    4.86386E+03    6.21437E+03
 7.94328E-06    5.53902E+03    4.86377E+03    6.21427E+03
 8.31764E-06    5.53892E+03    4.86366E+03    6.21417E+03
 8.70964E-06    5.53881E+03    4.86357E+03    6.21405E+03
 9.12011E-06    5.53870E+03    4.86345E+03    6.21394E+03
 9.54993E-06    5.53858E+03    4.86335E+03    6.21381E+03
 1.00000E-05    5.53846E+03    4.86319E+03    6.21373E+03
 1.04713E-05    5.53833E+03    4.86308E+03    6.21358E+03
 1.09648E-05    5.53820E+03    4.86296E+03    6.21343E+03
 1.14815E-05    5.53806E+03    4.86284E+03    6.21328E+03
 1.20226E-05    5.53791E+03    4.86271E+03    6.21311E+03
 1.25893E-05    5.53776E+03    4.86258E+03    6.21294E+03
 1.31826E-05    5.53760E+03    4.86243E+03    6.21276E+03
 1.38038E-05    5.53743E+03    4.86229E+03    6.21257E+03
 1.44544E-05    5.53725E+03    4.86213E+03    6.21237E+03
 1.51356E-05    5.53707E+03    4.86188E+03    6.21225E+03
 1.58489E-05    5.53687E+03    4.86171E+03    6.21203E+03
 1.65959E-05    5.53667E+03    4.86153E+03    6.21181E+03
 1.73780E-05    5.53646E+03    4.86135E+03    6.21157E+03
 1.81970E-05    5.53624E+03    4.86115E+03    6.21132E+03
 1.90546E-05    5.53600E+03    4.86095E+03    6.21106E+03
 1.99526E-05    5.53576E+03    4.86073E+03    6.21078E+03
 2.08930E-05    5.53550E+03    4.86038E+03    6.21063E+03
 2.18776E-05    5.53524E+03    4.86015E+03    6.21033E+03
 2.29087E-05    5.53496E+03    4.85990E+03    6.21001E+03
 2.39883E-05    5.53466E+03    4.85964E+03    6.20968E+03
 2.51189E-05    5.53436E+03    4.85937E+03    6.20934E+03
 2.63027E-05    5.53404E+03    4.85909E+03    6.20898E+03
 2.75423E-05    5.53370E+03    4.85880E+03    6.20860E+03
 2.88403E-05    5.53335E+03    4.85849E+03    6.20821E+03
 3.01995E-05    5.53298E+03    4.85799E+03    6.20796E+03
 3.16228E-05    5.53259E+03    4.85765E+03    6.20753E+03
 3.31131E-05    5.53219E+03    4.85730E+03    6.20707E+03
 3.46737E-05    5.53176E+03    4.85693E+03    6.20660E+03
 3.63078E-05    5.53132E+03    4.85654E+03    6.20610E+03
 3.80189E-05    5.53085E+03    4.85613E+03    6.20558E+03
 3.98107E-05    5.53037E+03    4.85570E+03    6.20504E+03
 4.16869E-05    5.52986E+03    4.85508E+03    6.20463E+03
 4.36516E-05    5.52933E+03    4.85462E+03    6.20404E+03
 4.57088E-05    5.52877E+03    4.85413E+03    6.20341E+03
 4.78630E-05    5.52818E+03    4.85361E+03    6.20275E+03
 5.01187E-05    5.52757E+03    4.85291E+03    6.20223E+03
 5.24807E-05    5.52693E+03    4.85235E+03    6.20151E+03
 5.49541E-05    5.52626E+03    4.85176E+03    6.20076E+03
 5.75440E-05    5.52556E+03    4.85114E+03    6.19997E+03
 6.02560E-05    5.52482E+03    4.85033E+03    6.19931E+03
 6.30957E-05    5.52405E+03    4.84965E+03    6.19844E+03
 6.60693E-05    5.52324E+03    4.84894E+03    6.19754E+03
 6.91831E-05    5.52240E+03    4.84820E+03    6.19659E+03
 7.24436E-05    5.52151E+03    4.84726E+03    6.19576E+03
 7.58578E-05    5.52059E+03    4.84645E+03    6.19472E+03
 7.94328E-05    5.51962E+03    4.84560E+03    6.19363E+03
 8.31764E-05    5.51860E+03    4.84447E+03    6.19273E+03
 8.70964E-05    5.51754E+03    4.84354E+03    6.19154E+03
 9.12011E-05    5.51642E+03    4.84256E+03    6.19029E+03
 9.54993E-05    5.51525E+03    4.84153E+03    6.18898E+03
 1.00000E-04    5.51403E+03    4.83966E+03    6.18841E+03
 1.04713E-04    5.51275E+03    4.83853E+03    6.18698E+03
 1.09648E-04    5.51141E+03    4.83736E+03    6.18547E+03
 1.14815E-04    5.51001E+03    4.83613E+03    6.18390E+03
 1.20226E-04    5.50854E+03    4.83484E+03    6.18225E+03
 1.25893E-04    5.50701E+03    4.83349E+03    6.18052E+03
 1.31826E-04    5.50540E+03    4.83207E+03    6.17872E+03
 1.38038E-04    5.50371E+03    4.83059E+03    6.17682E+03
 1.44544E-04    5.50194E+03    4.82904E+03    6.17484E+03
 1.51356E-04    5.50009E+03    4.82742E+03    6.17277E+03
 1.58489E-04    5.49816E+03    4.82572E+03    6.17059E+03
 1.65959E-04    5.49613E+03    4.82394E+03    6.16832E+03
 1.73780E-04    5.49401E+03    4.82208E+03    6.16594E+03
 1.81970E-04    5.49179E+03    4.82013E+03    6.16344E+03
 1.90546E-04    5.48946E+03    4.81809E+03    6.16083E+03
 1.99526E-04    5.48702E+03    4.81595E+03    6.15809E+03
 2.08930E-04    5.48449E+03    4.86039E+03    6.10859E+03
 2.18776E-04    5.48522E+03    4.86104E+03    6.10941E+03
 2.29087E-04    5.48946E+03    4.86479E+03    6.11412E+03
 2.39883E-04    5.49390E+03    4.86873E+03    6.11907E+03
 2.51189E-04    5.50605E+03    4.87950E+03    6.13261E+03
 2.63027E-04    5.54615E+03    4.91503E+03    6.17727E+03
 2.75423E-04    5.72492E+03    5.07346E+03    6.37638E+03
 2.88403E-04    9.07979E+04    8.04656E+04    1.01130E+05
 3.01995E-04    1.94268E+04    1.85893E+04    2.02642E+04
 3.16228E-04    5.70485E+03    5.45892E+03    5.95079E+03
 3.31131E-04    5.53879E+03    5.30001E+03    5.77756E+03
 3.46737E-04    5.49140E+03    5.25466E+03    5.72813E+03
 3.63078E-04    5.47046E+03    5.23463E+03    5.70629E+03
 3.80189E-04    5.45721E+03    5.22195E+03    5.69247E+03
 3.98107E-04    5.44397E+03    5.20928E+03    5.67866E+03
 4.16869E-04    5.43696E+03    4.76876E+03    6.10516E+03
 4.36516E-04    5.43147E+03    4.76394E+03    6.09899E+03
 4.57088E-04    5.42572E+03    4.75890E+03    6.09254E+03
 4.78630E-04    5.41971E+03    4.75363E+03    6.08579E+03
 5.01187E-04    5.41341E+03    4.74618E+03    6.08063E+03
 5.24807E-04    5.40681E+03    4.74040E+03    6.07322E+03
 5.49541E-04    5.39990E+03    4.73434E+03    6.06546E+03
 5.75440E-04    5.39267E+03    4.72800E+03    6.05734E+03
 6.02560E-04    5.38509E+03    4.71993E+03    6.05025E+03
 6.30957E-04    5.37716E+03    4.71298E+03    6.04134E+03
 6.60693E-04    5.36918E+03    4.70598E+03    6.03238E+03
 6.91831E-04    5.36232E+03    4.69997E+03    6.02467E+03
 7.24436E-04    5.35532E+03    4.69256E+03    6.01808E+03
 7.58578E-04    5.34799E+03    4.68614E+03    6.00985E+03
 7.94328E-04    5.34032E+03    4.67942E+03    6.00122E+03
 8.31764E-04    5.33590E+03    4.67368E+03    5.99812E+03
 8.70964E-04    5.32404E+03    4.66329E+03    5.98478E+03
 9.12011E-04    5.31596E+03    4.65622E+03    5.97571E+03
 9.54993E-04    5.30766E+03    4.64894E+03    5.96637E+03
 1.00000E-03    5.29896E+03    4.63759E+03    5.96032E+03
 1.04713E-03    5.28985E+03    4.62962E+03    5.95008E+03
 1.09648E-03    5.28032E+03    4.62128E+03    5.93935E+03
 1.14815E-03    5.27033E+03    4.61254E+03    5.92812E+03
 1.20226E-03    5.25988E+03    4.60339E+03    5.91636E+03
 1.25893E-03    5.24893E+03    4.59381E+03    5.90405E+03
 1.31826E-03    5.23746E+03    4.58377E+03    5.89115E+03
 1.38038E-03    5.22546E+03    4.57327E+03    5.87765E+03
 1.44544E-03    5.21289E+03    4.56227E+03    5.86351E+03
 1.51356E-03    5.19973E+03    4.54556E+03    5.85389E+03
 1.58489E-03    5.18594E+03    4.53351E+03    5.83838E+03
 1.65959E-03    5.17151E+03    4.52089E+03    5.82213E+03
 1.73780E-03    5.15640E+03    4.50768E+03    5.80511E+03
 1.81970E-03    5.14057E+03    4.49385E+03    5.78730E+03
 1.90546E-03    5.12400E+03    4.47936E+03    5.76864E+03
 1.99526E-03    5.10665E+03    4.46419E+03    5.74911E+03
 2.08930E-03    5.08848E+03    4.44006E+03    5.73690E+03
 2.18776E-03    5.06945E+03    4.42346E+03    5.71545E+03
 2.29087E-03    5.04953E+03    4.40607E+03    5.69299E+03
 2.39883E-03    5.02867E+03    4.38787E+03    5.66947E+03
 2.51189E-03    5.00682E+03    4.36881E+03    5.64484E+03
 2.63027E-03    4.98186E+03    4.34703E+03    5.61670E+03
 2.75423E-03    4.95314E+03    4.32197E+03    5.58431E+03
 2.88403E-03    4.92305E+03    4.29571E+03    5.55039E+03
 3.01995E-03    4.89155E+03    4.67351E+03    5.10959E+03
 3.16228E-03    4.85856E+03    4.64199E+03    5.07513E+03
 3.31131E-03    4.82402E+03    4.60899E+03    5.03905E+03
 3.46737E-03    4.80212E+03    4.58806E+03    5.01618E+03
 3.63078E-03    5.44781E+03    5.20497E+03    5.69065E+03
 3.80189E-03    2.81154E+04    2.68622E+04    2.93687E+04
 3.98107E-03    7.89915E+04    7.54704E+04    8.25126E+04
 4.16869E-03    6.61445E+03    6.31960E+03    6.90929E+03
 4.36516E-03    4.27705E+03    4.08640E+03    4.46770E+03
 4.57088E-03    3.83351E+03    3.66263E+03    4.00439E+03
 4.78630E-03    3.23123E+03    3.08719E+03    3.37526E+03
 5.01187E-03    1.95757E+03    1.88482E+03    2.03033E+03
 5.24807E-03    6.61711E+04    6.37119E+04    6.86304E+04
 5.49541E-03    1.91009E+04    1.83910E+04    1.98108E+04
 5.75440E-03    3.68222E+04    3.54537E+04    3.81907E+04
 6.02560E-03    7.76689E+03    7.47823E+03    8.05555E+03
 6.30957E-03    6.66279E+03    6.41517E+03    6.91042E+03
 6.60693E-03    6.27993E+03    6.04653E+03    6.51332E+03
 6.91831E-03    6.04231E+03    5.81775E+03    6.26688E+03
 7.24436E-03    5.87563E+03    5.31791E+03    6.43335E+03
 7.58578E-03    5.74861E+03    5.20295E+03    6.29428E+03
 7.94328E-03    5.64629E+03    5.11033E+03    6.18224E+03
 8.31764E-03    5.57253E+03    5.04357E+03    6.10148E+03
 8.70964E-03    1.62168E+04    1.46775E+04    1.77562E+04
 9.12011E-03    5.57380E+03    5.04472E+03    6.10287E+03
 9.54993E-03    5.37189E+03    4.86198E+03    5.88180E+03
 1.00000E-02    5.28723E+03    4.85241E+03    5.72205E+03
 1.04713E-02    5.20342E+03    4.77549E+03    5.63135E+03
 1.09648E-02    5.11748E+03    4.69662E+03    5.53834E+03
 1.14815E-02    5.02273E+03    4.60966E+03    5.43580E+03
 1.20226E-02    4.90168E+03    4.49857E+03    5.30479E+03
 1.25893E-02    4.74802E+03    4.35754E+03    5.13849E+03
 1.31826E-02    7.51210E+03    6.89431E+03    8.12989E+03
 1.38038E-02    4.00097E+03    3.67194E+03    4.33001E+03
 1.44544E-02    2.86482E+03    2.62922E+03    3.10042E+03
 1.51356E-02    3.15282E+04    2.89353E+04    3.41211E+04
 1.58489E-02    8.47594E+03    7.77888E+03    9.17299E+03
 1.65959E-02    6.74359E+03    6.18900E+03    7.29818E+03
 1.73780E-02    1.07191E+04    9.83759E+03    1.16007E+04
 1.81970E-02    5.93819E+03    5.44983E+03    6.42654E+03
 1.90546E-02    5.75530E+03    5.28198E+03    6.22861E+03
 1.99526E-02    5.62296E+03    5.16053E+03    6.08539E+03
 2.08930E-02    5.50332E+03    5.18300E+03    5.82365E+03
 2.18776E-02    5.38402E+03    5.07063E+03    5.69740E+03
 2.29087E-02    5.19589E+03    4.89346E+03    5.49832E+03
 2.39883E-02    7.04613E+03    6.63600E+03    7.45625E+03
 2.51189E-02    5.78672E+03    5.44990E+03    6.12355E+03
 2.63027E-02    5.67732E+03    5.34687E+03    6.00778E+03
 2.75423E-02    6.58170E+03    6.19861E+03    6.96479E+03
 2.88403E-02    5.39996E+04    5.08565E+04    5.71427E+04
 3.01995E-02    1.03195E+04    9.47555E+03    1.11634E+04
 3.16228E-02    5.29569E+03    4.86262E+03    5.72876E+03
 3.31131E-02    3.72715E+03    3.42235E+03    4.03195E+03
 3.46737E-02    1.35288E+04    1.24224E+04    1.46351E+04
 3.63078E-02    1.60860E+04    1.47705E+04    1.74014E+04
 3.80189E-02    6.13417E+03    5.63253E+03    6.63580E+03
 3.98107E-02    7.49192E+03    6.87925E+03    8.10459E+03
 4.16869E-02    5.63729E+03    5.17628E+03    6.09829E+03
 4.36516E-02    5.33309E+03    4.89696E+03    5.76922E+03
 4.57088E-02    5.11410E+03    4.69588E+03    5.53232E+03
 4.78630E-02    4.83414E+03    4.43881E+03    5.22947E+03
 5.01187E-02    4.23796E+03    3.90960E+03    4.56633E+03
 5.24807E-02    1.19448E+04    1.10193E+04    1.28704E+04
 5.49541E-02    1.65122E+04    1.52328E+04    1.77915E+04
 5.75440E-02    1.16900E+04    1.07842E+04    1.25957E+04
 6.02560E-02    5.74193E+03    5.29704E+03    6.18683E+03
 6.30957E-02    5.95004E+03    5.48902E+03    6.41106E+03
 6.60693E-02    4.95607E+03    4.57206E+03    5.34007E+03
 6.91831E-02    4.45300E+03    4.10798E+03    4.79803E+03
 7.24436E-02    6.06098E+03    5.69043E+03    6.43153E+03
 7.58578E-02    7.72129E+03    7.24923E+03    8.19335E+03
 7.94328E-02    1.66781E+04    1.56585E+04    1.76978E+04
 8.31764E-02    1.27562E+04    1.19763E+04    1.35361E+04
 8.70964E-02    1.82179E+04    1.71041E+04    1.93317E+04
 9.12011E-02    4.76447E+03    4.47319E+03    5.05576E+03
 9.54993E-02    1.08458E+04    1.01827E+04    1.15089E+04
 1.00000E-01    1.00999E+04    7.65301E+03    1.25467E+04
 1.04713E-01    1.01170E+04    7.66600E+03    1.25680E+04
 1.09648E-01    1.01350E+04    7.67961E+03    1.25903E+04
 1.14815E-01    1.01538E+04    7.69386E+03    1.26137E+04
 1.20226E-01    1.01735E+04    7.70878E+03    1.26381E+04
 1.25893E-01    1.01941E+04    7.72440E+03    1.26637E+04
 1.31826E-01    1.02157E+04    7.74076E+03    1.26906E+04
 1.38038E-01    1.02383E+04    7.75788E+03    1.27186E+04
 1.44544E-01    1.02619E+04    7.77582E+03    1.27481E+04
 1.51356E-01    1.02867E+04    7.79460E+03    1.27788E+04
 1.58489E-01    1.03127E+04    7.81427E+03    1.28111E+04
 1.65959E-01    1.03405E+04    7.83533E+03    1.28456E+04
 1.73780E-01    1.03721E+04    7.85926E+03    1.28848E+04
 1.81970E-01    1.04054E+04    7.88452E+03    1.29263E+04
 1.90546E-01    1.04403E+04    7.91097E+03    1.29696E+04
 1.99526E-01    1.04490E+04    7.91756E+03    1.29804E+04
 2.08930E-01    1.04236E+04    7.89831E+03    1.29489E+04
 2.18776E-01    1.03969E+04    7.87808E+03    1.29157E+04
 2.29087E-01    1.03689E+04    7.85690E+03    1.28810E+04
 2.39883E-01    1.03397E+04    7.83473E+03    1.28446E+04
 2.51189E-01    1.03090E+04    7.81151E+03    1.28066E+04
 2.63027E-01    1.02769E+04    7.78720E+03    1.27667E+04
 2.75423E-01    1.02433E+04    7.76174E+03    1.27250E+04
 2.88403E-01    1.02078E+04    7.73481E+03    1.26808E+04
 3.01995E-01    1.01506E+04    7.69149E+03    1.26098E+04
 3.16228E-01    1.00790E+04    7.63723E+03    1.25208E+04
 3.31131E-01    1.00040E+04    7.58040E+03    1.24277E+04
 3.46737E-01    9.92551E+03    7.52090E+03    1.23301E+04
 3.63078E-01    9.84328E+03    7.45859E+03    1.22280E+04
 3.80189E-01    9.75268E+03    7.38994E+03    1.21154E+04
 3.98107E-01    9.65281E+03    7.31427E+03    1.19914E+04
 4.16869E-01    9.54824E+03    7.23503E+03    1.18614E+04
 4.36516E-01    9.43873E+03    7.15205E+03    1.17254E+04
 4.57088E-01    9.32406E+03    7.06516E+03    1.15830E+04
 4.78630E-01    9.20440E+03    6.97449E+03    1.14343E+04
 5.01187E-01    9.07992E+03    6.88017E+03    1.12797E+04
 5.24807E-01    8.94959E+03    6.78141E+03    1.11178E+04
 5.49541E-01    8.81312E+03    6.67800E+03    1.09482E+04
 5.75440E-01    8.67021E+03    6.56972E+03    1.07707E+04
 6.02560E-01    8.52199E+03    6.59038E+03    1.04536E+04
 6.30957E-01    8.37603E+03    6.47750E+03    1.02746E+04
 6.60693E-01    8.22485E+03    6.36058E+03    1.00891E+04
 6.91831E-01    8.06717E+03    6.23864E+03    9.89569E+03
 7.24436E-01    7.91290E+03    6.11935E+03    9.70646E+03
 7.58578E-01    7.75532E+03    5.99748E+03    9.51317E+03
 7.94328E-01    7.59162E+03    5.87088E+03    9.31235E+03
 8.31764E-01    7.43310E+03    5.74829E+03    9.11790E+03
 8.70964E-01    7.27042E+03    5.62249E+03    8.91836E+03
 9.12011E-01    7.10625E+03    5.49553E+03    8.71697E+03
 9.54993E-01    6.94595E+03    5.37156E+03    8.52033E+03
 1.00000E+00    6.78394E+03    5.58055E+03    7.98733E+03
 1.04713E+00    6.63098E+03    5.45473E+03    7.80724E+03
 1.09648E+00    6.47192E+03    5.32388E+03    7.61996E+03
 1.14815E+00    6.30535E+03    5.18686E+03    7.42385E+03
 1.20226E+00    6.14359E+03    5.05379E+03    7.23339E+03
 1.25893E+00    5.99373E+03    4.93051E+03    7.05694E+03
 1.31826E+00    5.83700E+03    4.80159E+03    6.87241E+03
 1.38038E+00    5.67955E+03    4.67206E+03    6.68703E+03
 1.44544E+00    5.53470E+03    4.55291E+03    6.51649E+03
 1.51356E+00    5.38456E+03    4.42941E+03    6.33972E+03
 1.58489E+00    5.19378E+03    4.27247E+03    6.11510E+03
 1.65959E+00    4.91459E+03    4.04280E+03    5.78638E+03
 1.73780E+00    4.62094E+03    3.80124E+03    5.44064E+03
 1.81970E+00    4.24811E+03    3.85382E+03    4.64240E+03
 1.90546E+00    3.82989E+03    3.47442E+03    4.18536E+03
 1.99526E+00    3.50770E+03    3.18213E+03    3.83326E+03
 2.08930E+00    3.30651E+03    2.99962E+03    3.61340E+03
 2.18776E+00    3.11531E+03    2.82616E+03    3.40445E+03
 2.29087E+00    2.93667E+03    2.66410E+03    3.20923E+03
 2.39883E+00    2.77168E+03    2.51442E+03    3.02893E+03
 2.51189E+00    2.61807E+03    2.37508E+03    2.86107E+03
 2.63027E+00    2.48802E+03    2.21313E+03    2.76292E+03
 2.75423E+00    2.36643E+03    2.10497E+03    2.62789E+03
 2.88403E+00    2.24616E+03    1.99799E+03    2.49434E+03
 3.01995E+00    2.15441E+03    1.91637E+03    2.39244E+03
 3.16228E+00    2.07978E+03    1.84999E+03    2.30958E+03
 3.31131E+00    2.01108E+03    1.78888E+03    2.23328E+03
 3.46737E+00    1.95869E+03    1.74228E+03    2.17510E+03
 3.63078E+00    1.91339E+03    1.70198E+03    2.12480E+03
 3.80189E+00    1.88083E+03    1.67302E+03    2.08864E+03
 3.98107E+00    1.86397E+03    1.65802E+03    2.06991E+03
 4.16869E+00    1.86227E+03    1.65651E+03    2.06803E+03
 4.36516E+00    1.87197E+03    1.66514E+03    2.07881E+03
 4.57088E+00    1.89089E+03    1.68197E+03    2.09981E+03
 4.78630E+00    1.91738E+03    1.74001E+03    2.09476E+03
 5.01187E+00    1.95046E+03    1.77002E+03    2.13090E+03
 5.24807E+00    1.98886E+03    1.80487E+03    2.17285E+03
 5.49541E+00    2.02946E+03    1.84172E+03    2.21721E+03
 5.75440E+00    2.07369E+03    1.88185E+03    2.26553E+03
 6.02560E+00    2.12020E+03    1.92406E+03    2.31634E+03
 6.30957E+00    2.16890E+03    1.96825E+03    2.36955E+03
 6.60693E+00    2.21728E+03    2.01787E+03    2.41669E+03
 6.91831E+00    2.26365E+03    2.06007E+03    2.46723E+03
 7.24436E+00    2.30770E+03    2.10016E+03    2.51524E+03
 7.58578E+00    2.34807E+03    2.13690E+03    2.55925E+03
 7.94328E+00    2.38175E+03    2.16754E+03    2.59595E+03
 8.31764E+00    2.41094E+03    2.19411E+03    2.62777E+03
 8.70964E+00    2.43177E+03    2.21307E+03    2.65047E+03
 9.12011E+00    2.44548E+03    2.10553E+03    2.78543E+03
 9.54993E+00    2.45092E+03    2.11021E+03    2.79162E+03
 1.00000E+01    2.44742E+03    2.10720E+03    2.78764E+03
 1.04713E+01    2.43380E+03    2.09548E+03    2.77213E+03
 1.09648E+01    2.41074E+03    2.07562E+03    2.74586E+03
 1.14815E+01    2.37844E+03    2.04781E+03    2.70907E+03
 1.20226E+01    2.33743E+03    2.01250E+03    2.66236E+03
 1.25893E+01    2.28801E+03    1.96995E+03    2.60607E+03
 1.31826E+01    2.23140E+03    1.88011E+03    2.58269E+03
 1.38038E+01    2.16818E+03    1.82684E+03    2.50952E+03
 1.44544E+01    2.09943E+03    1.76892E+03    2.42994E+03
 1.51356E+01    2.02643E+03    1.70741E+03    2.34545E+03
 1.58489E+01    1.95059E+03    1.64351E+03    2.25767E+03
 1.65959E+01    1.87359E+03    1.58886E+03    2.15832E+03
 1.73780E+01    1.79675E+03    1.52369E+03    2.06980E+03
 1.81970E+01    1.72178E+03    1.46012E+03    1.98344E+03
 1.90546E+01    1.64976E+03    1.39904E+03    1.90047E+03
 1.99526E+01    1.58236E+03    1.34188E+03    1.82283E+03
 2.08930E+01    1.51914E+03    1.34884E+03    1.68944E+03
 2.18776E+01    1.46199E+03    1.29810E+03    1.62589E+03
 2.29087E+01    1.41235E+03    1.25402E+03    1.57067E+03
 2.39883E+01    1.37183E+03    1.21805E+03    1.52562E+03
 2.51189E+01    1.34206E+03    1.23408E+03    1.45005E+03
 2.63027E+01    1.32414E+03    1.21760E+03    1.43069E+03
 2.75423E+01    1.31859E+03    1.21249E+03    1.42468E+03
 2.88403E+01    1.32529E+03    1.22238E+03    1.42820E+03
 3.01995E+01    1.34384E+03    1.23949E+03    1.44819E+03
 3.16228E+01    1.37276E+03    1.26617E+03    1.47936E+03
 3.31131E+01    1.41113E+03    1.30155E+03    1.52070E+03
 3.46737E+01    1.45750E+03    1.34432E+03    1.57067E+03
 3.63078E+01    1.51069E+03    1.39338E+03    1.62799E+03
 3.80189E+01    1.56912E+03    1.44728E+03    1.69097E+03
 3.98107E+01    1.63105E+03    1.50439E+03    1.75770E+03
 4.16869E+01    1.69446E+03    1.56289E+03    1.82604E+03
 4.36516E+01    1.75726E+03    1.62080E+03    1.89371E+03
 4.57088E+01    1.81733E+03    1.67621E+03    1.95845E+03
 4.78630E+01    1.87278E+03    1.72735E+03    2.01820E+03
 5.01187E+01    1.92185E+03    1.77261E+03    2.07108E+03
 5.24807E+01    1.96309E+03    1.81066E+03    2.11553E+03
 5.49541E+01    1.99527E+03    1.84033E+03    2.15020E+03
 5.75440E+01    2.01739E+03    1.86073E+03    2.17404E+03
 6.02560E+01    2.02878E+03    1.87124E+03    2.18632E+03
 6.30957E+01    2.02911E+03    1.87155E+03    2.18668E+03
 6.60693E+01    2.01833E+03    1.86161E+03    2.17506E+03
 6.91831E+01    1.99669E+03    1.84164E+03    2.15173E+03
 7.24436E+01    1.96477E+03    1.81220E+03    2.11734E+03
 7.58578E+01    1.92338E+03    1.77403E+03    2.07274E+03
 7.94328E+01    1.87341E+03    1.72794E+03    2.01888E+03
 8.31764E+01    1.81592E+03    1.67491E+03    1.95693E+03
 8.70964E+01    1.75212E+03    1.61606E+03    1.88817E+03
 9.12011E+01    1.68323E+03    1.55253E+03    1.81394E+03
 9.54993E+01    1.61050E+03    1.48544E+03    1.73556E+03
 1.00000E+02    1.53512E+03    1.41592E+03    1.65433E+03
 1.04713E+02    1.45847E+03    1.34522E+03    1.57172E+03
 1.09648E+02    1.38154E+03    1.27426E+03    1.48882E+03
 1.14815E+02    1.30527E+03    1.20391E+03    1.40662E+03
 1.20226E+02    1.23085E+03    1.13527E+03    1.32643E+03
 1.25893E+02    1.15889E+03    1.06890E+03    1.24888E+03
 1.31826E+02    1.09028E+03    1.00562E+03    1.17494E+03
 1.38038E+02    1.02550E+03    9.45870E+02    1.10513E+03
 1.44544E+02    9.65084E+02    8.90144E+02    1.04002E+03
 1.51356E+02    9.09391E+02    8.38775E+02    9.80006E+02
 1.58489E+02    8.58740E+02    7.92058E+02    9.25423E+02
 1.65959E+02    8.13311E+02    7.50156E+02    8.76465E+02
 1.73780E+02    7.73218E+02    7.13176E+02    8.33259E+02
 1.81970E+02    7.38652E+02    6.81294E+02    7.96009E+02
 1.90546E+02    7.09724E+02    6.54613E+02    7.64835E+02
 1.99526E+02    3.58684E+01    3.30832E+01    3.86536E+01
