# n + Sm148 : (n,n'33)  
# jendl4.0   N.Iwamoto,A.Zukeran               EVAL-Nov09
# uncertainties: n
# # energies =    45
#   E(MeV)       xs(mb) 
 2.29253E+00    0.00000E+00
 2.29999E+00    1.43263E+01
 2.32935E+00    2.59664E+01
 2.33431E+00    2.68788E+01
 2.34296E+00    2.81604E+01
 2.34349E+00    2.82427E+01
 2.35516E+00    2.99474E+01
 2.35998E+00    3.05202E+01
 2.50000E+00    3.93198E+01
 2.75000E+00    4.35965E+01
 3.00000E+00    3.94462E+01
 3.50000E+00    2.53300E+01
 4.00000E+00    1.30539E+01
 4.50000E+00    6.48563E+00
 5.00000E+00    3.42098E+00
 5.50000E+00    2.02954E+00
 6.00000E+00    1.38855E+00
 6.50000E+00    1.07796E+00
 7.00000E+00    9.13122E-01
 7.50000E+00    8.13996E-01
 8.00000E+00    7.45659E-01
 8.50000E+00    6.92501E-01
 9.00000E+00    6.47105E-01
 9.50000E+00    6.05954E-01
 1.00000E+01    5.67594E-01
 1.05000E+01    5.31787E-01
 1.10000E+01    4.98557E-01
 1.15000E+01    4.68042E-01
 1.20000E+01    4.40263E-01
 1.25000E+01    4.15147E-01
 1.30000E+01    3.92418E-01
 1.35000E+01    3.71831E-01
 1.40000E+01    3.53098E-01
 1.45000E+01    3.35914E-01
 1.50000E+01    3.20018E-01
 1.55000E+01    3.05168E-01
 1.60000E+01    2.91279E-01
 1.65000E+01    2.78105E-01
 1.70000E+01    2.65710E-01
 1.75000E+01    2.53885E-01
 1.80000E+01    2.42884E-01
 1.85000E+01    2.32287E-01
 1.90000E+01    2.22169E-01
 1.95000E+01    2.12466E-01
 2.00000E+01    2.03510E-01
