# n + Pb205 : (n,tot)   
# endfb8.0   A.J. Koning and D. Rochman        EVAL-DEC15
# uncertainties: y
# # energies =   171
#   E(MeV)       xs(mb)       xslow(mb)      xsupp(mb)
 1.00000E-11    5.12275E-03    5.12275E-03    5.12275E-03
 1.00000E-07    1.70381E-04    1.70381E-04    1.70381E-04
 4.13990E-07    1.09975E-04    1.09975E-04    1.09975E-04
 5.31580E-07    9.70120E-05    9.70120E-05    9.70120E-05
 6.82560E-07    8.56202E-05    8.56202E-05    8.56202E-05
 8.76420E-07    7.55848E-05    7.55848E-05    7.55848E-05
 1.12540E-06    6.66952E-05    6.66952E-05    6.66952E-05
 1.44500E-06    5.88338E-05    5.88338E-05    5.88338E-05
 1.85540E-06    5.19952E-05    5.19952E-05    5.19952E-05
 2.37240E-06    4.58951E-05    4.58951E-05    4.58951E-05
 3.05900E-06    4.04436E-05    4.04436E-05    4.04436E-05
 3.92790E-06    3.56893E-05    3.56893E-05    3.56893E-05
 5.04350E-06    3.15085E-05    3.15085E-05    3.15085E-05
 6.47600E-06    2.78038E-05    2.78038E-05    2.78038E-05
 8.31530E-06    2.45146E-05    2.45146E-05    2.45146E-05
 1.06770E-05    2.16740E-05    2.16740E-05    2.16740E-05
 1.37100E-05    1.91114E-05    1.91114E-05    1.91114E-05
 1.76030E-05    1.68608E-05    1.68608E-05    1.68608E-05
 2.26030E-05    1.48544E-05    1.48544E-05    1.48544E-05
 2.92030E-05    1.31137E-05    1.31137E-05    1.31137E-05
 3.72670E-05    1.15908E-05    1.15908E-05    1.15908E-05
 4.78510E-05    1.02242E-05    1.02242E-05    1.02242E-05
 6.14420E-05    9.19200E-06    9.19200E-06    9.19200E-06
 7.88930E-05    1.37105E-05    1.37105E-05    1.37105E-05
 1.01300E-04    2.56636E-05    2.56636E-05    2.56636E-05
 1.30070E-04    4.65140E-05    4.65140E-05    4.65140E-05
 1.67020E-04    8.57452E-05    8.57452E-05    8.57452E-05
 2.14450E-04    1.58082E-04    1.58082E-04    1.58082E-04
 2.75360E-04    2.90602E-04    2.90602E-04    2.90602E-04
 3.53580E-04    4.08026E-04    4.08026E-04    4.08026E-04
 4.54000E-04    3.41888E-04    3.41888E-04    3.41888E-04
 5.82950E-04    2.81148E-04    2.81148E-04    2.81148E-04
 7.48520E-04    2.31004E-04    2.31004E-04    2.31004E-04
 9.61120E-04    1.88689E-04    1.88689E-04    1.88689E-04
 1.23410E-03    1.55799E-04    1.55799E-04    1.55799E-04
 1.58460E-03    1.28232E-04    1.28232E-04    1.28232E-04
 2.03470E-03    1.13167E-04    0.00000E+00    2.51572E-04
 2.24870E-03    1.44527E+04    0.00000E+00    3.21287E+04
 2.48520E-03    1.90668E+04    0.00000E+00    4.23858E+04
 2.61260E-03    1.88863E+04    0.00000E+00    4.19846E+04
 2.74650E-03    1.85984E+04    0.00000E+00    4.13446E+04
 3.03540E-03    1.83237E+04    0.00000E+00    4.07339E+04
 3.35460E-03    1.81156E+04    0.00000E+00    4.02714E+04
 3.70740E-03    1.78235E+04    0.00000E+00    3.96219E+04
 4.30740E-03    1.72726E+04    0.00000E+00    3.83972E+04
 5.53080E-03    1.65434E+04    0.00000E+00    3.67763E+04
 7.10170E-03    1.60391E+04    7.84904E+03    2.42292E+04
 9.11880E-03    1.55063E+04    7.58827E+03    2.34243E+04
 1.17090E-02    1.51260E+04    7.40217E+03    2.28498E+04
 1.50340E-02    1.46681E+04    7.17810E+03    2.21581E+04
 1.93050E-02    1.42829E+04    6.98960E+03    2.15762E+04
 2.18750E-02    1.41362E+04    6.91782E+03    2.13546E+04
 2.35790E-02    1.40602E+04    6.88060E+03    2.12397E+04
 2.41760E-02    1.40205E+04    6.86120E+03    2.11799E+04
 2.47880E-02    1.39591E+04    6.83114E+03    2.10871E+04
 2.60580E-02    1.38864E+04    6.79557E+03    2.09773E+04
 2.70000E-02    1.38066E+04    6.75652E+03    2.08567E+04
 2.85000E-02    1.36619E+04    6.68571E+03    2.06381E+04
 3.18280E-02    1.35343E+04    1.21987E+04    1.48699E+04
 3.43070E-02    1.33535E+04    1.20357E+04    1.46712E+04
 4.08680E-02    1.31128E+04    1.18188E+04    1.44068E+04
 4.63090E-02    1.28863E+04    1.16146E+04    1.41579E+04
 5.24750E-02    1.26888E+04    1.14367E+04    1.39410E+04
 5.65620E-02    1.24370E+04    1.12097E+04    1.36643E+04
 6.73790E-02    1.22181E+04    1.10124E+04    1.34238E+04
 7.20000E-02    1.20594E+04    1.08693E+04    1.32494E+04
 7.95000E-02    1.19210E+04    1.07447E+04    1.30974E+04
 8.25000E-02    1.18319E+04    1.06643E+04    1.29995E+04
 8.65170E-02    1.16388E+04    1.04903E+04    1.27873E+04
 9.80370E-02    1.13596E+04    1.02386E+04    1.24806E+04
 1.11090E-01    1.11747E+04    1.00720E+04    1.22775E+04
 1.16790E-01    1.10615E+04    9.96991E+03    1.21530E+04
 1.22770E-01    1.09424E+04    9.86258E+03    1.20222E+04
 1.29070E-01    1.08171E+04    9.74966E+03    1.18846E+04
 1.35690E-01    1.06855E+04    9.63106E+03    1.17400E+04
 1.42640E-01    1.05471E+04    9.50634E+03    1.15880E+04
 1.49960E-01    1.04110E+04    9.38367E+03    1.14384E+04
 1.57640E-01    1.02777E+04    9.26347E+03    1.12919E+04
 1.65730E-01    1.01375E+04    9.13709E+03    1.11378E+04
 1.74220E-01    9.99007E+03    9.00423E+03    1.09759E+04
 1.83160E-01    9.83505E+03    8.86452E+03    1.08056E+04
 1.92550E-01    9.67285E+03    8.71832E+03    1.06274E+04
 2.02420E-01    9.51865E+03    8.08978E+03    1.09475E+04
 2.12800E-01    9.36353E+03    7.95795E+03    1.07691E+04
 2.23710E-01    9.20047E+03    7.81936E+03    1.05816E+04
 2.35180E-01    9.02903E+03    7.67366E+03    1.03844E+04
 2.47240E-01    8.76932E+03    7.45294E+03    1.00857E+04
 2.73240E-01    8.53314E+03    7.25221E+03    9.81407E+03
 2.87250E-01    8.41530E+03    7.15206E+03    9.67854E+03
 2.94520E-01    8.36029E+03    7.10530E+03    9.61527E+03
 2.97200E-01    8.33832E+03    7.08663E+03    9.59000E+03
 2.98500E-01    8.31189E+03    7.06417E+03    9.55961E+03
 3.01970E-01    8.12219E+03    6.90295E+03    9.34143E+03
 3.33730E-01    7.77268E+03    6.60591E+03    8.93946E+03
 3.68830E-01    7.50879E+03    6.38163E+03    8.63596E+03
 3.87740E-01    7.33035E+03    6.22998E+03    8.43073E+03
 4.07620E-01    7.07017E+03    6.00885E+03    8.13148E+03
 4.50490E-01    6.72155E+03    5.71256E+03    7.73054E+03
 4.97870E-01    6.46092E+03    5.49105E+03    7.43078E+03
 5.23400E-01    6.29094E+03    5.34659E+03    7.23528E+03
 5.50230E-01    6.12199E+03    5.20300E+03    7.04097E+03
 5.78440E-01    5.97024E+03    5.07403E+03    6.86645E+03
 6.08100E-01    5.82567E+03    4.40439E+03    7.24696E+03
 6.39280E-01    5.67980E+03    4.29411E+03    7.06550E+03
 6.72060E-01    5.54087E+03    4.18907E+03    6.89267E+03
 7.06510E-01    5.39704E+03    4.08033E+03    6.71375E+03
 7.42740E-01    5.26743E+03    3.98234E+03    6.55251E+03
 7.80820E-01    5.17467E+03    3.91221E+03    6.43712E+03
 8.20850E-01    5.07913E+03    3.83998E+03    6.31827E+03
 8.62940E-01    4.99172E+03    3.77390E+03    6.20955E+03
 9.07180E-01    4.90648E+03    3.70945E+03    6.10351E+03
 9.61640E-01    4.84054E+03    3.65960E+03    6.02149E+03
 1.00260E+00    4.78452E+03    3.87270E+03    5.69633E+03
 1.10800E+00    4.76689E+03    3.85843E+03    5.67534E+03
 1.16480E+00    4.77304E+03    3.86342E+03    5.68267E+03
 1.22460E+00    4.79061E+03    3.87764E+03    5.70359E+03
 1.28730E+00    4.83483E+03    3.91343E+03    5.75623E+03
 1.35340E+00    4.89932E+03    3.96563E+03    5.83301E+03
 1.42270E+00    4.97246E+03    4.02483E+03    5.92010E+03
 1.49570E+00    5.06281E+03    4.09796E+03    6.02766E+03
 1.57240E+00    5.19761E+03    4.20707E+03    6.18815E+03
 1.65300E+00    5.32268E+03    4.30831E+03    6.33706E+03
 1.73770E+00    5.48622E+03    4.44068E+03    6.53177E+03
 1.82680E+00    5.66040E+03    5.32649E+03    5.99432E+03
 1.92050E+00    5.85775E+03    5.51220E+03    6.20331E+03
 2.01900E+00    6.05271E+03    5.69565E+03    6.40976E+03
 2.12250E+00    6.24828E+03    5.87968E+03    6.61687E+03
 2.23130E+00    6.40882E+03    6.03076E+03    6.78688E+03
 2.30690E+00    6.50420E+03    6.12051E+03    6.88789E+03
 2.34570E+00    6.55186E+03    6.16536E+03    6.93836E+03
 2.36530E+00    6.58406E+03    6.19566E+03    6.97246E+03
 2.38520E+00    6.66070E+03    6.26778E+03    7.05362E+03
 2.46600E+00    6.80675E+03    6.40522E+03    7.20829E+03
 2.59240E+00    6.97083E+03    6.55961E+03    7.38205E+03
 2.72530E+00    7.11672E+03    6.51091E+03    7.72254E+03
 2.86500E+00    7.24161E+03    6.62516E+03    7.85806E+03
 3.01190E+00    7.34329E+03    6.71819E+03    7.96839E+03
 3.16640E+00    7.42093E+03    6.78921E+03    8.05264E+03
 3.32870E+00    7.48418E+03    6.84708E+03    8.12127E+03
 3.67880E+00    7.48553E+03    6.84832E+03    8.12274E+03
 4.06570E+00    7.39284E+03    6.76352E+03    8.02216E+03
 4.49330E+00    7.26681E+03    6.64822E+03    7.88540E+03
 4.72370E+00    7.15070E+03    6.54666E+03    7.75474E+03
 4.96590E+00    7.00936E+03    6.41726E+03    7.60146E+03
 5.22050E+00    6.84429E+03    6.26613E+03    7.42245E+03
 5.48810E+00    6.65875E+03    6.09627E+03    7.22123E+03
 5.76950E+00    6.45829E+03    5.91274E+03    7.00384E+03
 6.06530E+00    6.25044E+03    5.72245E+03    6.77844E+03
 6.37630E+00    6.07731E+03    5.56394E+03    6.59068E+03
 6.59240E+00    5.97548E+03    5.47071E+03    6.48024E+03
 6.70320E+00    5.84508E+03    5.54044E+03    6.14973E+03
 7.04690E+00    5.66320E+03    5.36803E+03    5.95836E+03
 7.40820E+00    5.50169E+03    5.21495E+03    5.78844E+03
 7.78800E+00    5.36480E+03    5.08519E+03    5.64441E+03
 8.18730E+00    5.25211E+03    4.97837E+03    5.52585E+03
 8.60710E+00    5.15934E+03    4.89043E+03    5.42824E+03
 9.04840E+00    5.08608E+03    4.88299E+03    5.28918E+03
 9.51230E+00    5.03102E+03    4.83012E+03    5.23191E+03
 1.00000E+01    4.99255E+03    4.79319E+03    5.19191E+03
 1.05130E+01    4.97564E+03    4.77696E+03    5.17432E+03
 1.10520E+01    4.98045E+03    4.78158E+03    5.17933E+03
 1.16180E+01    5.00945E+03    4.80942E+03    5.20949E+03
 1.22140E+01    5.06186E+03    4.85973E+03    5.26399E+03
 1.28400E+01    5.13691E+03    4.93178E+03    5.34203E+03
 1.34990E+01    5.20484E+03    5.01968E+03    5.39001E+03
 1.38400E+01    5.25455E+03    5.06761E+03    5.44148E+03
 1.41910E+01    5.30625E+03    5.11748E+03    5.49502E+03
 1.45500E+01    5.35851E+03    5.16788E+03    5.54914E+03
 1.49180E+01    5.43365E+03    5.24034E+03    5.62696E+03
 1.56830E+01    5.52986E+03    5.33313E+03    5.72659E+03
 1.64870E+01    5.61046E+03    5.45161E+03    5.76932E+03
