# p + Yb170 : (p,xp)    
# tendl.2019 A.J. Koning                       EVAL-OCT19
# 
# # energies =    53
#   E(MeV)        xs(mb) 
 4.26518E+00    1.21130E-05
 4.30995E+00    1.37901E-05
 4.35864E+00    1.56141E-05
 4.36178E+00    1.57318E-05
 4.36430E+00    1.58261E-05
 4.38076E+00    1.64428E-05
 4.38188E+00    1.64847E-05
 4.41815E+00    1.78434E-05
 4.43089E+00    1.83207E-05
 4.43621E+00    1.85200E-05
 4.44285E+00    1.87687E-05
 5.00000E+00    3.96402E-05
 6.00000E+00    2.98070E-03
 7.00000E+00    8.55742E-02
 8.00000E+00    1.05367E+00
 9.00000E+00    6.02988E+00
 1.00000E+01    1.75104E+01
 1.10000E+01    3.20205E+01
 1.20000E+01    4.68917E+01
 1.30000E+01    6.30284E+01
 1.40000E+01    8.09645E+01
 1.50000E+01    9.99062E+01
 1.60000E+01    1.18374E+02
 1.70000E+01    1.34969E+02
 1.80000E+01    1.49343E+02
 1.90000E+01    1.62222E+02
 2.00000E+01    1.75039E+02
 2.20000E+01    2.01746E+02
 2.40000E+01    2.30568E+02
 2.60000E+01    2.62099E+02
 2.80000E+01    2.96750E+02
 3.00000E+01    3.34350E+02
 3.00000E+01    3.36412E+02
 3.50000E+01    4.38390E+02
 4.00000E+01    5.48579E+02
 4.50000E+01    6.55781E+02
 5.00000E+01    7.53747E+02
 5.50000E+01    8.47087E+02
 6.00000E+01    9.32835E+02
 6.50000E+01    1.00730E+03
 7.00000E+01    1.07298E+03
 7.50000E+01    1.13366E+03
 8.00000E+01    1.18550E+03
 9.00000E+01    1.27341E+03
 1.00000E+02    1.35473E+03
 1.10000E+02    1.42953E+03
 1.20000E+02    1.51135E+03
 1.30000E+02    1.58988E+03
 1.40000E+02    1.70049E+03
 1.50000E+02    1.84599E+03
 1.60000E+02    2.02237E+03
 1.80000E+02    2.50951E+03
 2.00000E+02    2.94820E+03
