# n + Sr 87 : (n,p)     
# jendl4.0   K.Shibata, A.Ichihara, S.Kunieda  EVAL-AUG09
# uncertainties: n
# # energies =    30
#   E(MeV)       xs(mb) 
 1.00000E+00    0.00000E+00
 1.50000E+00    2.09100E-03
 2.00000E+00    4.84000E-02
 2.50000E+00    2.32600E-01
 3.00000E+00    5.82900E-01
 3.50000E+00    1.00400E+00
 4.00000E+00    1.46800E+00
 4.50000E+00    1.81700E+00
 5.00000E+00    2.03800E+00
 5.50000E+00    2.20800E+00
 6.00000E+00    2.44500E+00
 6.50000E+00    2.84100E+00
 7.00000E+00    3.34000E+00
 7.50000E+00    3.93100E+00
 8.00000E+00    5.08800E+00
 8.50000E+00    6.17800E+00
 9.00000E+00    8.04600E+00
 9.50000E+00    9.59200E+00
 1.00000E+01    1.21000E+01
 1.10000E+01    1.73200E+01
 1.20000E+01    2.34200E+01
 1.30000E+01    3.01300E+01
 1.40000E+01    3.70100E+01
 1.45000E+01    3.98900E+01
 1.50000E+01    4.33700E+01
 1.60000E+01    4.84600E+01
 1.70000E+01    5.10300E+01
 1.80000E+01    5.30200E+01
 1.90000E+01    5.38800E+01
 2.00000E+01    5.38700E+01
