# n + Sr 87 : (n,g)     
# jendl4.0   K.Shibata, A.Ichihara, S.Kunieda  EVAL-AUG09
# uncertainties: n
# # energies =   616
#   E(MeV)       xs(mb) 
 1.00000E-11    8.38130E+05
 1.04713E-11    8.19056E+05
 1.09648E-11    8.00404E+05
 1.14815E-11    7.82195E+05
 1.20226E-11    7.64379E+05
 1.25893E-11    7.46992E+05
 1.31826E-11    7.29977E+05
 1.38038E-11    7.13371E+05
 1.44544E-11    6.97125E+05
 1.51356E-11    6.81262E+05
 1.58489E-11    6.65753E+05
 1.65959E-11    6.50597E+05
 1.73780E-11    6.35793E+05
 1.81970E-11    6.21313E+05
 1.90546E-11    6.07179E+05
 1.99526E-11    5.93349E+05
 2.08930E-11    5.79852E+05
 2.18776E-11    5.66645E+05
 2.29087E-11    5.53754E+05
 2.39883E-11    5.41144E+05
 2.51189E-11    5.28829E+05
 2.63027E-11    5.16792E+05
 2.75423E-11    5.05025E+05
 2.88403E-11    4.93535E+05
 3.01995E-11    4.82294E+05
 3.16228E-11    4.71324E+05
 3.31131E-11    4.60588E+05
 3.46737E-11    4.50111E+05
 3.63078E-11    4.39859E+05
 3.80189E-11    4.29852E+05
 3.98107E-11    4.20065E+05
 4.16869E-11    4.10504E+05
 4.36516E-11    4.01162E+05
 4.57088E-11    3.92027E+05
 4.78630E-11    3.83108E+05
 5.01187E-11    3.74383E+05
 5.24807E-11    3.65867E+05
 5.49541E-11    3.57533E+05
 5.75440E-11    3.49400E+05
 6.02560E-11    3.41443E+05
 6.30957E-11    3.33674E+05
 6.60693E-11    3.26078E+05
 6.91831E-11    3.18656E+05
 7.24436E-11    3.11405E+05
 7.58578E-11    3.04313E+05
 7.94328E-11    2.97391E+05
 8.31764E-11    2.90617E+05
 8.70964E-11    2.84007E+05
 9.12011E-11    2.77539E+05
 9.54993E-11    2.71225E+05
 1.00000E-10    2.65049E+05
 1.04713E-10    2.59018E+05
 1.09648E-10    2.53123E+05
 1.14815E-10    2.47360E+05
 1.20226E-10    2.41732E+05
 1.25893E-10    2.36227E+05
 1.31826E-10    2.30854E+05
 1.38038E-10    2.25596E+05
 1.44544E-10    2.20465E+05
 1.51356E-10    2.15444E+05
 1.58489E-10    2.10543E+05
 1.65959E-10    2.05750E+05
 1.73780E-10    2.01067E+05
 1.81970E-10    1.96492E+05
 1.90546E-10    1.92018E+05
 1.99526E-10    1.87650E+05
 2.08930E-10    1.83377E+05
 2.18776E-10    1.79206E+05
 2.29087E-10    1.75125E+05
 2.39883E-10    1.71142E+05
 2.51189E-10    1.67245E+05
 2.63027E-10    1.63440E+05
 2.75423E-10    1.59720E+05
 2.88403E-10    1.56085E+05
 3.01995E-10    1.52534E+05
 3.16228E-10    1.49061E+05
 3.31131E-10    1.45671E+05
 3.46737E-10    1.42354E+05
 3.63078E-10    1.39117E+05
 3.80189E-10    1.35949E+05
 3.98107E-10    1.32857E+05
 4.16869E-10    1.29833E+05
 4.36516E-10    1.26879E+05
 4.57088E-10    1.23992E+05
 4.78630E-10    1.21170E+05
 5.01187E-10    1.18414E+05
 5.24807E-10    1.15718E+05
 5.49541E-10    1.13087E+05
 5.75440E-10    1.10512E+05
 6.02560E-10    1.08000E+05
 6.30957E-10    1.05541E+05
 6.60693E-10    1.03141E+05
 6.91831E-10    1.00794E+05
 7.24436E-10    9.85013E+04
 7.58578E-10    9.62607E+04
 7.94328E-10    9.40702E+04
 8.31764E-10    9.19314E+04
 8.70964E-10    8.98390E+04
 9.12011E-10    8.77969E+04
 9.54993E-10    8.57985E+04
 1.00000E-09    8.38484E+04
 1.04713E-09    8.19403E+04
 1.09648E-09    8.00776E+04
 1.14815E-09    7.82561E+04
 1.20226E-09    7.64765E+04
 1.25892E-09    7.47378E+04
 1.31826E-09    7.30376E+04
 1.38038E-09    7.13779E+04
 1.44544E-09    6.97540E+04
 1.51356E-09    6.81692E+04
 1.58489E-09    6.66184E+04
 1.65959E-09    6.51050E+04
 1.73780E-09    6.36244E+04
 1.81970E-09    6.21787E+04
 1.90546E-09    6.07654E+04
 1.99526E-09    5.93842E+04
 2.08930E-09    5.80352E+04
 2.18776E-09    5.67158E+04
 2.29087E-09    5.54280E+04
 2.39883E-09    5.41679E+04
 2.51189E-09    5.29382E+04
 2.63027E-09    5.17350E+04
 2.75423E-09    5.05606E+04
 2.88403E-09    4.94120E+04
 3.01995E-09    4.82902E+04
 3.16228E-09    4.71939E+04
 3.31131E-09    4.61222E+04
 3.46737E-09    4.50757E+04
 3.63078E-09    4.40521E+04
 3.80189E-09    4.30531E+04
 3.98107E-09    4.20755E+04
 4.16869E-09    4.11216E+04
 4.36516E-09    4.01884E+04
 4.57088E-09    3.92774E+04
 4.78630E-09    3.83865E+04
 5.01187E-09    3.75163E+04
 5.24807E-09    3.66662E+04
 5.49541E-09    3.58349E+04
 5.75440E-09    3.50235E+04
 6.02560E-09    3.42296E+04
 6.30957E-09    3.34550E+04
 6.60693E-09    3.26970E+04
 6.91831E-09    3.19574E+04
 7.24436E-09    3.12339E+04
 7.58578E-09    3.05276E+04
 7.94328E-09    2.98371E+04
 8.31764E-09    2.91625E+04
 8.70964E-09    2.85036E+04
 9.12011E-09    2.78593E+04
 9.54993E-09    2.72305E+04
 1.00000E-08    2.66154E+04
 1.04713E-08    2.60152E+04
 1.09648E-08    2.54280E+04
 1.14815E-08    2.48550E+04
 1.20226E-08    2.42946E+04
 1.25893E-08    2.37474E+04
 1.31826E-08    2.32127E+04
 1.38038E-08    2.26901E+04
 1.44544E-08    2.21799E+04
 1.51356E-08    2.16810E+04
 1.58489E-08    2.11941E+04
 1.65959E-08    2.07178E+04
 1.73780E-08    2.02532E+04
 1.81970E-08    1.97987E+04
 1.90546E-08    1.93553E+04
 1.99526E-08    1.89217E+04
 2.08930E-08    1.84984E+04
 2.18776E-08    1.80849E+04
 2.29087E-08    1.76808E+04
 2.39883E-08    1.72864E+04
 2.51189E-08    1.69007E+04
 2.63027E-08    1.65245E+04
 2.75423E-08    1.61566E+04
 2.88403E-08    1.57977E+04
 3.01995E-08    1.54468E+04
 3.16228E-08    1.51044E+04
 3.31131E-08    1.47699E+04
 3.46737E-08    1.44432E+04
 3.63078E-08    1.41244E+04
 3.80189E-08    1.38127E+04
 3.98107E-08    1.35088E+04
 4.16869E-08    1.32117E+04
 4.36516E-08    1.29220E+04
 4.57088E-08    1.26389E+04
 4.78630E-08    1.23627E+04
 5.01187E-08    1.20930E+04
 5.24807E-08    1.18297E+04
 5.49541E-08    1.15727E+04
 5.75440E-08    1.13218E+04
 6.02560E-08    1.10771E+04
 6.30957E-08    1.08380E+04
 6.60693E-08    1.06050E+04
 6.91831E-08    1.03773E+04
 7.24436E-08    1.01555E+04
 7.58578E-08    9.93888E+03
 7.94328E-08    9.72777E+03
 8.31764E-08    9.52180E+03
 8.70964E-08    9.32095E+03
 9.12011E-08    9.12522E+03
 9.54993E-08    8.93424E+03
 1.00000E-07    8.74826E+03
 1.04713E-07    8.56670E+03
 1.09648E-07    8.39000E+03
 1.14815E-07    8.21757E+03
 1.20226E-07    8.04981E+03
 1.25893E-07    7.88626E+03
 1.31826E-07    7.72712E+03
 1.38038E-07    7.57222E+03
 1.44544E-07    7.42128E+03
 1.51356E-07    7.27463E+03
 1.58489E-07    7.13186E+03
 1.65959E-07    6.99299E+03
 1.73780E-07    6.85821E+03
 1.81970E-07    6.72712E+03
 1.90546E-07    6.59987E+03
 1.99526E-07    6.47636E+03
 2.08930E-07    6.35633E+03
 2.18776E-07    6.24005E+03
 2.29087E-07    6.12734E+03
 2.39883E-07    6.01806E+03
 2.51189E-07    5.91247E+03
 2.63027E-07    5.81029E+03
 2.75423E-07    5.71153E+03
 2.88403E-07    5.61636E+03
 3.01995E-07    5.52451E+03
 3.16228E-07    5.43612E+03
 3.31131E-07    5.35125E+03
 3.46737E-07    5.26972E+03
 3.63078E-07    5.19178E+03
 3.80189E-07    5.11728E+03
 3.98107E-07    5.04613E+03
 4.16869E-07    4.97862E+03
 4.36516E-07    4.91464E+03
 4.57088E-07    4.85424E+03
 4.78630E-07    4.79770E+03
 5.01187E-07    4.74486E+03
 5.24807E-07    4.69594E+03
 5.49541E-07    4.65114E+03
 5.75440E-07    4.61041E+03
 6.02560E-07    4.57409E+03
 6.30957E-07    4.54233E+03
 6.60693E-07    4.51524E+03
 6.91831E-07    4.49330E+03
 7.24436E-07    4.47671E+03
 7.58578E-07    4.46577E+03
 7.94328E-07    4.46086E+03
 8.31764E-07    4.46271E+03
 8.70964E-07    4.47159E+03
 9.12011E-07    4.48839E+03
 9.54993E-07    4.51366E+03
 1.00000E-06    4.54856E+03
 1.04713E-06    4.59437E+03
 1.09648E-06    4.65201E+03
 1.14815E-06    4.72319E+03
 1.20226E-06    4.81065E+03
 1.25893E-06    4.91568E+03
 1.31826E-06    5.04141E+03
 1.38038E-06    5.19167E+03
 1.44544E-06    5.37109E+03
 1.51356E-06    5.58508E+03
 1.58489E-06    5.84137E+03
 1.65959E-06    6.15088E+03
 1.73780E-06    6.52604E+03
 1.81970E-06    6.98365E+03
 1.90546E-06    7.54867E+03
 1.99526E-06    8.25649E+03
 2.08930E-06    9.15595E+03
 2.18776E-06    1.03271E+04
 2.29087E-06    1.18895E+04
 2.39883E-06    1.40362E+04
 2.51189E-06    1.71174E+04
 2.63027E-06    2.17877E+04
 2.75423E-06    2.94187E+04
 2.88403E-06    4.32888E+04
 3.01995E-06    7.30647E+04
 3.16228E-06    1.58538E+05
 3.31131E-06    5.17650E+05
 3.46737E-06    9.55844E+05
 3.63078E-06    3.47994E+05
 3.80189E-06    9.89321E+04
 3.98107E-06    4.23658E+04
 4.16869E-06    2.26438E+04
 4.36516E-06    1.37187E+04
 4.57088E-06    9.01255E+03
 4.78630E-06    6.26815E+03
 5.01187E-06    4.54839E+03
 5.24807E-06    3.41015E+03
 5.49541E-06    2.62654E+03
 5.75440E-06    2.06927E+03
 6.02560E-06    1.66120E+03
 6.30957E-06    1.35616E+03
 6.60693E-06    1.12282E+03
 6.91831E-06    9.41721E+02
 7.24436E-06    7.99171E+02
 7.58578E-06    6.85354E+02
 7.94328E-06    5.93243E+02
 8.31764E-06    5.18003E+02
 8.70964E-06    4.56039E+02
 9.12011E-06    4.04210E+02
 9.54993E-06    3.60662E+02
 1.00000E-05    3.23806E+02
 1.04713E-05    2.92297E+02
 1.09648E-05    2.65098E+02
 1.14815E-05    2.41556E+02
 1.20226E-05    2.20983E+02
 1.25893E-05    2.02928E+02
 1.31826E-05    1.86942E+02
 1.38038E-05    1.72717E+02
 1.44544E-05    1.59959E+02
 1.51356E-05    1.48516E+02
 1.58489E-05    1.38161E+02
 1.65959E-05    1.28753E+02
 1.73780E-05    1.20150E+02
 1.81970E-05    1.12270E+02
 1.90546E-05    1.05007E+02
 1.99526E-05    9.83736E+01
 2.08930E-05    9.21718E+01
 2.18776E-05    8.64411E+01
 2.29087E-05    8.11214E+01
 2.39883E-05    7.61833E+01
 2.51189E-05    7.16037E+01
 2.63027E-05    6.73929E+01
 2.75423E-05    6.35826E+01
 2.88403E-05    6.03168E+01
 3.01995E-05    5.80738E+01
 3.16228E-05    5.91465E+01
 3.31131E-05    1.00300E+02
 3.46737E-05    2.12801E+03
 3.63078E-05    6.56079E+01
 3.80189E-05    4.48606E+01
 3.98107E-05    3.93007E+01
 4.16869E-05    3.58607E+01
 4.36516E-05    3.30975E+01
 4.57088E-05    3.06935E+01
 4.78630E-05    2.85211E+01
 5.01187E-05    2.65213E+01
 5.24807E-05    2.46635E+01
 5.49541E-05    2.29303E+01
 5.75440E-05    2.13122E+01
 6.02560E-05    1.98026E+01
 6.30957E-05    1.83928E+01
 6.60693E-05    1.70734E+01
 6.91831E-05    1.58414E+01
 7.24436E-05    1.46913E+01
 7.58578E-05    1.36193E+01
 7.94328E-05    1.26167E+01
 8.31764E-05    1.16857E+01
 8.70964E-05    1.08172E+01
 9.12011E-05    1.00102E+01
 9.54993E-05    9.26202E+00
 1.00000E-04    8.56894E+00
 1.04713E-04    7.92520E+00
 1.09648E-04    7.32876E+00
 1.14815E-04    6.77758E+00
 1.20226E-04    6.26834E+00
 1.25893E-04    5.79934E+00
 1.31826E-04    5.36758E+00
 1.38038E-04    4.97198E+00
 1.44544E-04    4.60641E+00
 1.51356E-04    4.27111E+00
 1.58489E-04    3.96547E+00
 1.65959E-04    3.68674E+00
 1.73780E-04    3.43220E+00
 1.81970E-04    3.20401E+00
 1.90546E-04    2.99537E+00
 1.99526E-04    2.80810E+00
 2.08930E-04    2.64232E+00
 2.18776E-04    2.49693E+00
 2.29087E-04    2.37361E+00
 2.39883E-04    2.27393E+00
 2.51189E-04    2.20549E+00
 2.63027E-04    2.18455E+00
 2.75423E-04    2.26881E+00
 2.88403E-04    2.71540E+00
 3.01995E-04    7.47584E+00
 3.16228E-04    2.00623E+03
 3.31131E-04    3.88107E+00
 3.46737E-04    2.19731E+00
 3.63078E-04    1.92665E+00
 3.80189E-04    1.86994E+00
 3.98107E-04    1.89852E+00
 4.16869E-04    1.99063E+00
 4.36516E-04    2.15214E+00
 4.57088E-04    2.41123E+00
 4.78630E-04    2.83513E+00
 5.01187E-04    3.65026E+00
 5.24807E-04    4.22744E+02
 5.49541E-04    7.72792E+00
 5.75440E-04    1.31550E+01
 6.02560E-04    4.82264E+01
 6.30957E-04    9.12885E+03
 6.60693E-04    3.78095E+03
 6.91831E-04    4.64572E+01
 7.24436E-04    8.42825E+03
 7.58578E-04    2.06632E+01
 7.94328E-04    5.65194E+00
 8.31764E-04    3.13330E+00
 8.70964E-04    2.33235E+00
 9.12011E-04    3.06189E+00
 9.54993E-04    8.10161E+02
 1.00000E-03    2.12433E+00
 1.04713E-03    2.28641E+00
 1.09648E-03    3.12874E+00
 1.14815E-03    3.51487E+02
 1.20226E-03    2.60998E+02
 1.25893E-03    3.64936E+02
 1.31826E-03    2.34024E+03
 1.38038E-03    1.46790E+03
 1.44544E-03    6.09659E+00
 1.51356E-03    2.57850E+00
 1.58489E-03    1.52852E+00
 1.65959E-03    3.45638E+02
 1.73780E-03    9.89983E-01
 1.81970E-03    6.91175E-01
 1.90546E-03    1.01834E+00
 1.99526E-03    2.30437E+02
 2.08930E-03    9.76807E+02
 2.18776E-03    1.10243E+00
 2.29087E-03    2.83638E+02
 2.39883E-03    5.87407E+02
 2.51189E-03    8.35781E-01
 2.63027E-03    7.68070E+01
 2.75423E-03    5.08906E+02
 2.88403E-03    2.04229E+01
 3.01995E-03    2.16689E+02
 3.16228E-03    9.42029E+01
 3.31131E-03    2.80343E+02
 3.46737E-03    2.34875E+00
 3.63078E-03    6.28419E+02
 3.80189E-03    2.25970E+02
 3.98107E-03    5.04801E+02
 4.16869E-03    6.23839E+01
 4.36516E-03    2.88827E+02
 4.57088E-03    2.49717E+02
 4.78630E-03    5.34008E+02
 5.01187E-03    2.58229E+02
 5.24807E-03    3.65449E+02
 5.49541E-03    4.18039E+02
 5.75440E-03    2.45966E+02
 6.02560E-03    4.09415E+02
 6.30957E-03    1.55807E+02
 6.60693E-03    3.09377E+02
 6.91831E-03    1.80272E+02
 7.24436E-03    3.15250E+02
 7.58578E-03    1.30703E+02
 7.94328E-03    1.01267E+02
 8.31764E-03    2.67972E+02
 8.70964E-03    1.67538E+02
 9.12011E-03    2.03164E+02
 9.54993E-03    1.40148E+02
 1.00000E-02    1.69110E+02
 1.04713E-02    1.66485E+02
 1.09648E-02    1.61676E+00
 1.14815E-02    1.64173E+02
 1.20226E-02    7.49433E+01
 1.25893E-02    2.04046E+02
 1.31826E-02    2.14185E+02
 1.38038E-02    1.93797E+02
 1.44544E-02    1.61771E+02
 1.51356E-02    1.55992E+02
 1.58489E-02    1.49940E+02
 1.65959E-02    1.43603E+02
 1.73780E-02    1.36968E+02
 1.81970E-02    1.30019E+02
 1.90546E-02    1.22744E+02
 1.99526E-02    1.17245E+02
 2.08930E-02    1.14113E+02
 2.18776E-02    1.10840E+02
 2.29087E-02    1.07413E+02
 2.39883E-02    1.03824E+02
 2.51189E-02    1.00066E+02
 2.63027E-02    9.61312E+01
 2.75423E-02    9.20108E+01
 2.88403E-02    8.77180E+01
 3.01995E-02    8.45495E+01
 3.16228E-02    8.20239E+01
 3.31131E-02    7.93792E+01
 3.46737E-02    7.66099E+01
 3.63078E-02    7.37101E+01
 3.80189E-02    7.06736E+01
 3.98107E-02    6.80005E+01
 4.16869E-02    6.59586E+01
 4.36516E-02    6.38274E+01
 4.57088E-02    6.15957E+01
 4.78630E-02    5.92599E+01
 5.01187E-02    5.72572E+01
 5.24807E-02    5.55288E+01
 5.49541E-02    5.37190E+01
 5.75440E-02    5.18263E+01
 6.02560E-02    5.01676E+01
 6.30957E-02    4.86622E+01
 6.60693E-02    4.70858E+01
 6.91831E-02    4.55465E+01
 7.24436E-02    4.42157E+01
 7.58578E-02    4.28355E+01
 7.94328E-02    4.14998E+01
 8.31764E-02    4.02970E+01
 8.70964E-02    3.90554E+01
 9.12011E-02    3.79966E+01
 9.54993E-02    3.69761E+01
 1.00000E-01    3.61736E+01
 1.04713E-01    3.56035E+01
 1.09648E-01    3.50066E+01
 1.14815E-01    3.43815E+01
 1.20226E-01    3.37269E+01
 1.25893E-01    3.30415E+01
 1.31826E-01    3.23238E+01
 1.38038E-01    3.15723E+01
 1.44544E-01    3.07854E+01
 1.51356E-01    2.99614E+01
 1.58489E-01    2.90985E+01
 1.65959E-01    2.81950E+01
 1.73780E-01    2.72489E+01
 1.81970E-01    2.62582E+01
 1.90546E-01    2.52208E+01
 1.99526E-01    2.44591E+01
 2.08930E-01    2.40636E+01
 2.18776E-01    2.36504E+01
 2.29087E-01    2.32178E+01
 2.39883E-01    2.27648E+01
 2.51189E-01    2.22904E+01
 2.63027E-01    2.17937E+01
 2.75423E-01    2.12736E+01
 2.88403E-01    2.07318E+01
 3.01995E-01    2.03380E+01
 3.16228E-01    2.00292E+01
 3.31131E-01    1.97059E+01
 3.46737E-01    1.93673E+01
 3.63078E-01    1.90128E+01
 3.80189E-01    1.86415E+01
 3.98107E-01    1.82971E+01
 4.16869E-01    1.80028E+01
 4.36516E-01    1.76951E+01
 4.57088E-01    1.73730E+01
 4.78630E-01    1.70360E+01
 5.01187E-01    1.67974E+01
 5.24807E-01    1.66427E+01
 5.49541E-01    1.64807E+01
 5.75440E-01    1.63113E+01
 6.02560E-01    1.61684E+01
 6.30957E-01    1.60434E+01
 6.60693E-01    1.59126E+01
 6.91831E-01    1.58091E+01
 7.24436E-01    1.57852E+01
 7.58578E-01    1.57642E+01
 7.94328E-01    1.57262E+01
 8.31764E-01    1.56578E+01
 8.70964E-01    1.55891E+01
 9.12011E-01    1.55767E+01
 9.54993E-01    1.55855E+01
 1.00000E+00    1.56297E+01
 1.04713E+00    1.57117E+01
 1.09648E+00    1.57975E+01
 1.14815E+00    1.58874E+01
 1.20226E+00    1.59816E+01
 1.25893E+00    1.60802E+01
 1.31826E+00    1.61834E+01
 1.38038E+00    1.62915E+01
 1.44544E+00    1.63972E+01
 1.51356E+00    1.62472E+01
 1.58489E+00    1.59599E+01
 1.65959E+00    1.56590E+01
 1.73780E+00    1.53439E+01
 1.81970E+00    1.50140E+01
 1.90546E+00    1.46685E+01
 1.99526E+00    1.42894E+01
 2.08930E+00    1.38555E+01
 2.18776E+00    1.34001E+01
 2.29087E+00    1.29231E+01
 2.39883E+00    1.24222E+01
 2.51189E+00    1.17269E+01
 2.63027E+00    1.08810E+01
 2.75423E+00    9.99533E+00
 2.88403E+00    9.07201E+00
 3.01995E+00    8.35771E+00
 3.16228E+00    7.76051E+00
 3.31131E+00    7.13517E+00
 3.46737E+00    6.45706E+00
 3.63078E+00    5.69766E+00
 3.80189E+00    4.90090E+00
 3.98107E+00    4.14382E+00
 4.16869E+00    3.46657E+00
 4.36516E+00    2.77497E+00
 4.57088E+00    2.26190E+00
 4.78630E+00    1.78953E+00
 5.01187E+00    1.41973E+00
 5.24807E+00    1.13637E+00
 5.49541E+00    9.14382E-01
 5.75440E+00    7.63706E-01
 6.02560E+00    6.43563E-01
 6.30957E+00    5.48784E-01
 6.60693E+00    4.97738E-01
 6.91831E+00    4.61455E-01
 7.24436E+00    4.32908E-01
 7.58578E+00    4.36433E-01
 7.94328E+00    4.49377E-01
 8.31764E+00    4.55890E-01
 8.70964E+00    4.71514E-01
 9.12011E+00    5.28285E-01
 9.54993E+00    5.75170E-01
 1.00000E+01    6.22512E-01
 1.04713E+01    6.88540E-01
 1.09648E+01    7.51741E-01
 1.14815E+01    8.10031E-01
 1.20226E+01    8.57467E-01
 1.25893E+01    8.94174E-01
 1.31826E+01    9.13455E-01
 1.38038E+01    9.26668E-01
 1.44544E+01    9.15082E-01
 1.51356E+01    8.69495E-01
 1.58489E+01    8.13570E-01
 1.65959E+01    7.37907E-01
 1.73780E+01    6.50392E-01
 1.81970E+01    5.58201E-01
 1.90546E+01    4.70534E-01
 1.99526E+01    2.19642E-02
