# n + Cr 53 : (n,n')    
# tendl.2019 A.J. Koning and D. Rochman        EVAL-NOV19
# uncertainties: y
# # energies =   129
#   E(MeV)       xs(mb)       xslow(mb)      xsupp(mb)
 5.74776E-01    0.00000E+00    0.00000E+00    0.00000E+00
 6.00000E-01    1.22672E+02    1.12731E+02    1.32613E+02
 7.00000E-01    1.68200E+02    1.54569E+02    1.81831E+02
 8.00000E-01    1.92913E+02    1.77279E+02    2.08547E+02
 9.00000E-01    2.18137E+02    2.00459E+02    2.35815E+02
 1.00000E+00    2.44923E+02    2.22585E+02    2.67261E+02
 1.02544E+00    2.46917E+02    2.24397E+02    2.69438E+02
 1.20000E+00    6.00432E+02    5.45669E+02    6.55195E+02
 1.31409E+00    6.19368E+02    5.62878E+02    6.75857E+02
 1.40000E+00    8.46156E+02    7.68982E+02    9.23330E+02
 1.56590E+00    8.70002E+02    7.90653E+02    9.49351E+02
 1.60000E+00    9.92766E+02    9.02220E+02    1.08331E+03
 1.80000E+00    1.07185E+03    1.00180E+03    1.14190E+03
 2.00000E+00    1.11870E+03    1.04559E+03    1.19181E+03
 2.01126E+00    1.11652E+03    1.04355E+03    1.18948E+03
 2.20000E+00    1.19349E+03    1.11549E+03    1.27148E+03
 2.21372E+00    1.19018E+03    1.11240E+03    1.26797E+03
 2.27571E+00    1.17855E+03    1.10152E+03    1.25557E+03
 2.36493E+00    1.18892E+03    1.11122E+03    1.26662E+03
 2.40000E+00    1.24555E+03    1.16415E+03    1.32695E+03
 2.49984E+00    1.22694E+03    1.14675E+03    1.30712E+03
 2.50891E+00    1.22767E+03    1.14744E+03    1.30790E+03
 2.60000E+00    1.28855E+03    1.21156E+03    1.36553E+03
 2.70711E+00    1.24467E+03    1.17030E+03    1.31903E+03
 2.72077E+00    1.24615E+03    1.17170E+03    1.32060E+03
 2.75742E+00    1.25988E+03    1.18461E+03    1.33515E+03
 2.76010E+00    1.26109E+03    1.18574E+03    1.33643E+03
 2.77488E+00    1.27918E+03    1.20275E+03    1.35560E+03
 2.80000E+00    1.33608E+03    1.25625E+03    1.41590E+03
 2.82380E+00    1.33344E+03    1.25377E+03    1.41311E+03
 2.88035E+00    1.34092E+03    1.26081E+03    1.42104E+03
 3.00000E+00    1.36114E+03    1.27982E+03    1.44246E+03
 3.04952E+00    1.35288E+03    1.27206E+03    1.43371E+03
 3.14287E+00    1.35979E+03    1.27855E+03    1.44103E+03
 3.19687E+00    1.36382E+03    1.28234E+03    1.44531E+03
 3.20000E+00    1.37569E+03    1.29350E+03    1.45788E+03
 3.23254E+00    1.36660E+03    1.28495E+03    1.44824E+03
 3.24064E+00    1.36558E+03    1.28399E+03    1.44717E+03
 3.30538E+00    1.36754E+03    1.28583E+03    1.44924E+03
 3.32429E+00    1.36841E+03    1.28666E+03    1.45017E+03
 3.40000E+00    1.39839E+03    1.31484E+03    1.48193E+03
 3.41485E+00    1.39497E+03    1.31163E+03    1.47832E+03
 3.44613E+00    1.39174E+03    1.30859E+03    1.47489E+03
 3.50004E+00    1.39020E+03    1.30714E+03    1.47325E+03
 3.60000E+00    1.40562E+03    1.32164E+03    1.48960E+03
 3.66085E+00    1.38723E+03    1.30435E+03    1.47011E+03
 3.66349E+00    1.38646E+03    1.30363E+03    1.46930E+03
 3.68541E+00    1.38149E+03    1.29895E+03    1.46403E+03
 3.80000E+00    1.41622E+03    1.33161E+03    1.50084E+03
 4.00000E+00    1.42881E+03    1.34345E+03    1.51418E+03
 4.20000E+00    1.43875E+03    1.35279E+03    1.52470E+03
 4.40000E+00    1.44699E+03    1.36054E+03    1.53344E+03
 4.60000E+00    1.45406E+03    1.37485E+03    1.53327E+03
 4.80000E+00    1.46027E+03    1.38072E+03    1.53982E+03
 5.00000E+00    1.46554E+03    1.38571E+03    1.54537E+03
 5.20000E+00    1.46998E+03    1.38990E+03    1.55006E+03
 5.40000E+00    1.47359E+03    1.39332E+03    1.55386E+03
 5.60000E+00    1.47642E+03    1.39600E+03    1.55685E+03
 5.80000E+00    1.47858E+03    1.39804E+03    1.55913E+03
 6.00000E+00    1.48011E+03    1.39948E+03    1.56074E+03
 6.20000E+00    1.48081E+03    1.40014E+03    1.56147E+03
 6.40000E+00    1.48088E+03    1.40021E+03    1.56155E+03
 6.60000E+00    1.48018E+03    1.39633E+03    1.56403E+03
 6.80000E+00    1.47866E+03    1.39489E+03    1.56242E+03
 7.00000E+00    1.47696E+03    1.39329E+03    1.56063E+03
 7.20000E+00    1.47381E+03    1.39031E+03    1.55730E+03
 7.40000E+00    1.47067E+03    1.38736E+03    1.55398E+03
 7.60000E+00    1.46730E+03    1.38417E+03    1.55042E+03
 7.80000E+00    1.46297E+03    1.38010E+03    1.54585E+03
 8.00000E+00    1.46160E+03    1.37880E+03    1.54440E+03
 8.50000E+00    1.42120E+03    1.34069E+03    1.50171E+03
 9.00000E+00    1.34220E+03    1.13243E+03    1.55197E+03
 9.50000E+00    1.23588E+03    1.04273E+03    1.42904E+03
 1.00000E+01    1.12062E+03    9.45482E+02    1.29577E+03
 1.05000E+01    1.00377E+03    8.46887E+02    1.16064E+03
 1.10000E+01    8.84244E+02    7.46046E+02    1.02244E+03
 1.15000E+01    7.69258E+02    6.49031E+02    8.89485E+02
 1.20000E+01    6.63157E+02    5.59512E+02    7.66801E+02
 1.25000E+01    5.68253E+02    4.79441E+02    6.57065E+02
 1.30000E+01    4.87992E+02    3.66595E+02    6.09388E+02
 1.35000E+01    4.22123E+02    3.17112E+02    5.27134E+02
 1.40000E+01    3.68608E+02    2.76910E+02    4.60307E+02
 1.45000E+01    3.26128E+02    2.44998E+02    4.07258E+02
 1.50000E+01    2.91390E+02    2.18901E+02    3.63878E+02
 1.60000E+01    2.40439E+02    1.65079E+02    3.15798E+02
 1.70000E+01    2.06286E+02    1.41631E+02    2.70941E+02
 1.80000E+01    1.83055E+02    1.25681E+02    2.40428E+02
 1.90000E+01    1.67133E+02    1.14749E+02    2.19517E+02
 2.00000E+01    1.55305E+02    1.07639E+02    2.02971E+02
 2.10000E+01    1.46161E+02    1.01302E+02    1.91021E+02
 2.20000E+01    1.38460E+02    9.59638E+01    1.80956E+02
 2.30000E+01    1.32080E+02    9.15416E+01    1.72618E+02
 2.40000E+01    1.26257E+02    9.03718E+01    1.62143E+02
 2.50000E+01    1.20236E+02    8.60621E+01    1.54410E+02
 2.60000E+01    1.15636E+02    8.27692E+01    1.48502E+02
 2.70000E+01    1.13148E+02    8.09886E+01    1.45307E+02
 2.80000E+01    1.09634E+02    7.84732E+01    1.40794E+02
 2.90000E+01    1.06497E+02    7.62278E+01    1.36766E+02
 3.00000E+01    1.03820E+02    7.43115E+01    1.33328E+02
 3.00000E+01    1.03498E+02    7.40813E+01    1.32915E+02
 3.20000E+01    9.83042E+01    7.03638E+01    1.26245E+02
 3.40000E+01    9.24715E+01    6.61888E+01    1.18754E+02
 3.60000E+01    8.65622E+01    6.19591E+01    1.11165E+02
 3.80000E+01    8.10823E+01    5.80367E+01    1.04128E+02
 4.00000E+01    7.56314E+01    5.41351E+01    9.71277E+01
 4.20000E+01    7.05955E+01    5.05305E+01    9.06605E+01
 4.40000E+01    6.63312E+01    4.74783E+01    8.51841E+01
 4.60000E+01    6.17091E+01    4.41699E+01    7.92483E+01
 4.80000E+01    5.91479E+01    4.23366E+01    7.59592E+01
 5.00000E+01    5.82217E+01    4.16737E+01    7.47697E+01
 5.20000E+01    5.80354E+01    4.15403E+01    7.45305E+01
 5.40000E+01    5.57055E+01    3.98726E+01    7.15384E+01
 5.60000E+01    5.27198E+01    3.77355E+01    6.77041E+01
 5.80000E+01    4.98366E+01    3.56718E+01    6.40014E+01
 6.00000E+01    4.68857E+01    3.35596E+01    6.02118E+01
 6.50000E+01    3.97406E+01    2.84454E+01    5.10359E+01
 7.00000E+01    3.61543E+01    2.58784E+01    4.64302E+01
 7.50000E+01    3.17103E+01    2.26975E+01    4.07231E+01
 8.00000E+01    2.81427E+01    2.01439E+01    3.61415E+01
 9.00000E+01    2.26680E+01    1.62252E+01    2.91108E+01
 1.00000E+02    1.84020E+01    1.31717E+01    2.36323E+01
 1.10000E+02    1.50446E+01    1.07686E+01    1.93206E+01
 1.20000E+02    1.26084E+01    9.02478E+00    1.61920E+01
 1.30000E+02    1.07588E+01    7.70088E+00    1.38167E+01
 1.40000E+02    9.18695E+00    6.57580E+00    1.17981E+01
 1.50000E+02    7.88356E+00    5.64286E+00    1.01243E+01
 1.60000E+02    6.80461E+00    4.87057E+00    8.73864E+00
 1.80000E+02    5.37343E+00    3.84617E+00    6.90069E+00
 2.00000E+02    4.59042E+00    3.28571E+00    5.89513E+00
