# n + Cu 65 : (n,g)     
# endfb8.0   A.Koning,M.Chadwick,Hetrick       EVAL-FEB98
# uncertainties: n
# # energies =   616
#   E(MeV)       xs(mb) 
 1.00000E-11    1.06846E+05
 1.04713E-11    1.04414E+05
 1.09648E-11    1.02036E+05
 1.14815E-11    9.97151E+04
 1.20226E-11    9.74439E+04
 1.25893E-11    9.52273E+04
 1.31826E-11    9.30582E+04
 1.38038E-11    9.09412E+04
 1.44544E-11    8.88702E+04
 1.51356E-11    8.68479E+04
 1.58489E-11    8.48708E+04
 1.65959E-11    8.29386E+04
 1.73780E-11    8.10514E+04
 1.81970E-11    7.92055E+04
 1.90546E-11    7.74036E+04
 1.99526E-11    7.56405E+04
 2.08930E-11    7.39199E+04
 2.18776E-11    7.22362E+04
 2.29087E-11    7.05928E+04
 2.39883E-11    6.89853E+04
 2.51189E-11    6.74153E+04
 2.63027E-11    6.58808E+04
 2.75423E-11    6.43808E+04
 2.88403E-11    6.29159E+04
 3.01995E-11    6.14830E+04
 3.16228E-11    6.00844E+04
 3.31131E-11    5.87157E+04
 3.46737E-11    5.73801E+04
 3.63078E-11    5.60732E+04
 3.80189E-11    5.47974E+04
 3.98107E-11    5.35497E+04
 4.16869E-11    5.23309E+04
 4.36516E-11    5.11399E+04
 4.57088E-11    4.99753E+04
 4.78630E-11    4.88384E+04
 5.01187E-11    4.77259E+04
 5.24807E-11    4.66403E+04
 5.49541E-11    4.55779E+04
 5.75440E-11    4.45411E+04
 6.02560E-11    4.35267E+04
 6.30957E-11    4.25363E+04
 6.60693E-11    4.15679E+04
 6.91831E-11    4.06216E+04
 7.24436E-11    3.96972E+04
 7.58578E-11    3.87932E+04
 7.94328E-11    3.79107E+04
 8.31764E-11    3.70471E+04
 8.70964E-11    3.62044E+04
 9.12011E-11    3.53798E+04
 9.54993E-11    3.45749E+04
 1.00000E-10    3.37875E+04
 1.04713E-10    3.30186E+04
 1.09648E-10    3.22670E+04
 1.14815E-10    3.15323E+04
 1.20226E-10    3.08149E+04
 1.25893E-10    3.01131E+04
 1.31826E-10    2.94280E+04
 1.38038E-10    2.87577E+04
 1.44544E-10    2.81035E+04
 1.51356E-10    2.74635E+04
 1.58489E-10    2.68386E+04
 1.65959E-10    2.62275E+04
 1.73780E-10    2.56306E+04
 1.81970E-10    2.50472E+04
 1.90546E-10    2.44769E+04
 1.99526E-10    2.39200E+04
 2.08930E-10    2.33752E+04
 2.18776E-10    2.28434E+04
 2.29087E-10    2.23231E+04
 2.39883E-10    2.18153E+04
 2.51189E-10    2.13185E+04
 2.63027E-10    2.08334E+04
 2.75423E-10    2.03591E+04
 2.88403E-10    1.98956E+04
 3.01995E-10    1.94428E+04
 3.16228E-10    1.90001E+04
 3.31131E-10    1.85678E+04
 3.46737E-10    1.81449E+04
 3.63078E-10    1.77321E+04
 3.80189E-10    1.73282E+04
 3.98107E-10    1.69340E+04
 4.16869E-10    1.65484E+04
 4.36516E-10    1.61718E+04
 4.57088E-10    1.58037E+04
 4.78630E-10    1.54439E+04
 5.01187E-10    1.50925E+04
 5.24807E-10    1.47487E+04
 5.49541E-10    1.44132E+04
 5.75440E-10    1.40849E+04
 6.02560E-10    1.37645E+04
 6.30957E-10    1.34510E+04
 6.60693E-10    1.31450E+04
 6.91831E-10    1.28457E+04
 7.24436E-10    1.25533E+04
 7.58578E-10    1.22676E+04
 7.94328E-10    1.19882E+04
 8.31764E-10    1.17155E+04
 8.70964E-10    1.14486E+04
 9.12011E-10    1.11882E+04
 9.54993E-10    1.09334E+04
 1.00000E-09    1.06847E+04
 1.04713E-09    1.04413E+04
 1.09648E-09    1.02037E+04
 1.14815E-09    9.97142E+03
 1.20226E-09    9.74444E+03
 1.25892E-09    9.52268E+03
 1.31826E-09    9.30582E+03
 1.38038E-09    9.09412E+03
 1.44544E-09    8.88697E+03
 1.51356E-09    8.68482E+03
 1.58489E-09    8.48700E+03
 1.65959E-09    8.29392E+03
 1.73780E-09    8.10504E+03
 1.81970E-09    7.92060E+03
 1.90546E-09    7.74029E+03
 1.99526E-09    7.56408E+03
 2.08930E-09    7.39196E+03
 2.18776E-09    7.22360E+03
 2.29087E-09    7.05928E+03
 2.39883E-09    6.89848E+03
 2.51189E-09    6.74156E+03
 2.63027E-09    6.58800E+03
 2.75423E-09    6.43812E+03
 2.88403E-09    6.29151E+03
 3.01995E-09    6.14833E+03
 3.16228E-09    6.00838E+03
 3.31131E-09    5.87157E+03
 3.46737E-09    5.73798E+03
 3.63078E-09    5.60729E+03
 3.80189E-09    5.47973E+03
 3.98107E-09    5.35491E+03
 4.16869E-09    5.23310E+03
 4.36516E-09    5.11391E+03
 4.57088E-09    4.99756E+03
 4.78630E-09    4.88377E+03
 5.01187E-09    4.77260E+03
 5.24807E-09    4.66398E+03
 5.49541E-09    4.55777E+03
 5.75440E-09    4.45408E+03
 6.02560E-09    4.35263E+03
 6.30957E-09    4.25362E+03
 6.60693E-09    4.15673E+03
 6.91831E-09    4.06216E+03
 7.24436E-09    3.96965E+03
 7.58578E-09    3.87932E+03
 7.94328E-09    3.79100E+03
 8.31764E-09    3.70470E+03
 8.70964E-09    3.62040E+03
 9.12011E-09    3.53794E+03
 9.54993E-09    3.45746E+03
 1.00000E-08    3.37870E+03
 1.04713E-08    3.30185E+03
 1.09648E-08    3.22664E+03
 1.14815E-08    3.15324E+03
 1.20226E-08    3.08143E+03
 1.25893E-08    3.01131E+03
 1.31826E-08    2.94277E+03
 1.38038E-08    2.87577E+03
 1.44544E-08    2.81034E+03
 1.51356E-08    2.74634E+03
 1.58489E-08    2.68387E+03
 1.65959E-08    2.62273E+03
 1.73780E-08    2.56308E+03
 1.81970E-08    2.50470E+03
 1.90546E-08    2.44771E+03
 1.99526E-08    2.39198E+03
 2.08930E-08    2.33753E+03
 2.18776E-08    2.28433E+03
 2.29087E-08    2.23231E+03
 2.39883E-08    2.18152E+03
 2.51189E-08    2.13183E+03
 2.63027E-08    2.08334E+03
 2.75423E-08    2.03589E+03
 2.88403E-08    1.98957E+03
 3.01995E-08    1.94426E+03
 3.16228E-08    1.90002E+03
 3.31131E-08    1.85677E+03
 3.46737E-08    1.81449E+03
 3.63078E-08    1.77321E+03
 3.80189E-08    1.73282E+03
 3.98107E-08    1.69340E+03
 4.16869E-08    1.65482E+03
 4.36516E-08    1.61717E+03
 4.57088E-08    1.58033E+03
 4.78630E-08    1.54436E+03
 5.01187E-08    1.50919E+03
 5.24807E-08    1.47483E+03
 5.49541E-08    1.44126E+03
 5.75440E-08    1.40844E+03
 6.02560E-08    1.37640E+03
 6.30957E-08    1.34505E+03
 6.60693E-08    1.31445E+03
 6.91831E-08    1.28451E+03
 7.24436E-08    1.25529E+03
 7.58578E-08    1.22670E+03
 7.94328E-08    1.19878E+03
 8.31764E-08    1.17148E+03
 8.70964E-08    1.14480E+03
 9.12011E-08    1.11874E+03
 9.54993E-08    1.09325E+03
 1.00000E-07    1.06837E+03
 1.04713E-07    1.04403E+03
 1.09648E-07    1.02027E+03
 1.14815E-07    9.97027E+02
 1.20226E-07    9.74338E+02
 1.25893E-07    9.52148E+02
 1.31826E-07    9.30479E+02
 1.38038E-07    9.09300E+02
 1.44544E-07    8.88594E+02
 1.51356E-07    8.68371E+02
 1.58489E-07    8.48583E+02
 1.65959E-07    8.29270E+02
 1.73780E-07    8.10370E+02
 1.81970E-07    7.91925E+02
 1.90546E-07    7.73878E+02
 1.99526E-07    7.56260E+02
 2.08930E-07    7.39031E+02
 2.18776E-07    7.22200E+02
 2.29087E-07    7.05753E+02
 2.39883E-07    6.89672E+02
 2.51189E-07    6.73974E+02
 2.63027E-07    6.58618E+02
 2.75423E-07    6.43635E+02
 2.88403E-07    6.28970E+02
 3.01995E-07    6.14652E+02
 3.16228E-07    6.00642E+02
 3.31131E-07    5.86962E+02
 3.46737E-07    5.73586E+02
 3.63078E-07    5.60516E+02
 3.80189E-07    5.47748E+02
 3.98107E-07    5.35261E+02
 4.16869E-07    5.23071E+02
 4.36516E-07    5.11144E+02
 4.57088E-07    4.99503E+02
 4.78630E-07    4.88113E+02
 5.01187E-07    4.76996E+02
 5.24807E-07    4.66125E+02
 5.49541E-07    4.55513E+02
 5.75440E-07    4.45133E+02
 6.02560E-07    4.34983E+02
 6.30957E-07    4.25070E+02
 6.60693E-07    4.15372E+02
 6.91831E-07    4.05907E+02
 7.24436E-07    3.96645E+02
 7.58578E-07    3.87605E+02
 7.94328E-07    3.78760E+02
 8.31764E-07    3.70125E+02
 8.70964E-07    3.61680E+02
 9.12011E-07    3.53430E+02
 9.54993E-07    3.45369E+02
 1.00000E-06    3.37493E+02
 1.04713E-06    3.29813E+02
 1.09648E-06    3.22299E+02
 1.14815E-06    3.14947E+02
 1.20226E-06    3.07774E+02
 1.25893E-06    3.00794E+02
 1.31826E-06    2.93945E+02
 1.38038E-06    2.87214E+02
 1.44544E-06    2.80661E+02
 1.51356E-06    2.74290E+02
 1.58489E-06    2.68029E+02
 1.65959E-06    2.62046E+02
 1.73780E-06    2.55946E+02
 1.81970E-06    2.50189E+02
 1.90546E-06    2.44379E+02
 1.99526E-06    2.38903E+02
 2.08930E-06    2.33324E+02
 2.18776E-06    2.28083E+02
 2.29087E-06    2.22763E+02
 2.39883E-06    2.17742E+02
 2.51189E-06    2.12688E+02
 2.63027E-06    2.07867E+02
 2.75423E-06    2.03076E+02
 2.88403E-06    1.98477E+02
 3.01995E-06    1.94022E+02
 3.16228E-06    1.89434E+02
 3.31131E-06    1.85192E+02
 3.46737E-06    1.80872E+02
 3.63078E-06    1.76746E+02
 3.80189E-06    1.72651E+02
 3.98107E-06    1.68719E+02
 4.16869E-06    1.64793E+02
 4.36516E-06    1.61051E+02
 4.57088E-06    1.57305E+02
 4.78630E-06    1.53700E+02
 5.01187E-06    1.50156E+02
 5.24807E-06    1.46683E+02
 5.49541E-06    1.43330E+02
 5.75440E-06    1.40013E+02
 6.02560E-06    1.36904E+02
 6.30957E-06    1.33659E+02
 6.60693E-06    1.30569E+02
 6.91831E-06    1.27554E+02
 7.24436E-06    1.24582E+02
 7.58578E-06    1.21691E+02
 7.94328E-06    1.18887E+02
 8.31764E-06    1.16104E+02
 8.70964E-06    1.13450E+02
 9.12011E-06    1.10764E+02
 9.54993E-06    1.08216E+02
 1.00000E-05    1.05685E+02
 1.04713E-05    1.03233E+02
 1.09648E-05    1.00828E+02
 1.14815E-05    9.84710E+01
 1.20226E-05    9.62199E+01
 1.25893E-05    9.39084E+01
 1.31826E-05    9.17703E+01
 1.38038E-05    8.95816E+01
 1.44544E-05    8.74714E+01
 1.51356E-05    8.54107E+01
 1.58489E-05    8.34026E+01
 1.65959E-05    8.14202E+01
 1.73780E-05    7.95139E+01
 1.81970E-05    7.75979E+01
 1.90546E-05    7.57884E+01
 1.99526E-05    7.39709E+01
 2.08930E-05    7.22260E+01
 2.18776E-05    7.04923E+01
 2.29087E-05    6.88072E+01
 2.39883E-05    6.71738E+01
 2.51189E-05    6.55617E+01
 2.63027E-05    6.39733E+01
 2.75423E-05    6.24458E+01
 2.88403E-05    6.09201E+01
 3.01995E-05    5.94484E+01
 3.16228E-05    5.80002E+01
 3.31131E-05    5.65780E+01
 3.46737E-05    5.52059E+01
 3.63078E-05    5.38408E+01
 3.80189E-05    5.25296E+01
 3.98107E-05    5.12143E+01
 4.16869E-05    4.99826E+01
 4.36516E-05    4.87167E+01
 4.57088E-05    4.75153E+01
 4.78630E-05    4.63109E+01
 5.01187E-05    4.51558E+01
 5.24807E-05    4.40150E+01
 5.49541E-05    4.29028E+01
 5.75440E-05    4.18221E+01
 6.02560E-05    4.07458E+01
 6.30957E-05    3.97118E+01
 6.60693E-05    3.87003E+01
 6.91831E-05    3.76915E+01
 7.24436E-05    3.67156E+01
 7.58578E-05    3.57563E+01
 7.94328E-05    3.48285E+01
 8.31764E-05    3.39158E+01
 8.70964E-05    3.30386E+01
 9.12011E-05    3.21559E+01
 9.54993E-05    3.13191E+01
 1.00000E-04    3.04863E+01
 1.04713E-04    2.96980E+01
 1.09648E-04    2.89125E+01
 1.14815E-04    2.81759E+01
 1.20226E-04    2.74465E+01
 1.25893E-04    2.67547E+01
 1.31826E-04    2.61060E+01
 1.38038E-04    2.54984E+01
 1.44544E-04    2.49436E+01
 1.51356E-04    2.44726E+01
 1.58489E-04    2.41148E+01
 1.65959E-04    2.39318E+01
 1.73780E-04    2.40431E+01
 1.81970E-04    2.47213E+01
 1.90546E-04    2.66917E+01
 1.99526E-04    3.23399E+01
 2.08930E-04    5.50332E+01
 2.18776E-04    1.15310E+03
 2.29087E-04    1.27685E+04
 2.39883E-04    6.17518E+01
 2.51189E-04    2.99289E+01
 2.63027E-04    2.22194E+01
 2.75423E-04    1.89384E+01
 2.88403E-04    1.70757E+01
 3.01995E-04    1.58187E+01
 3.16228E-04    1.48641E+01
 3.31131E-04    1.40752E+01
 3.46737E-04    1.33925E+01
 3.63078E-04    1.27811E+01
 3.80189E-04    1.22198E+01
 3.98107E-04    1.16939E+01
 4.16869E-04    1.12027E+01
 4.36516E-04    1.07377E+01
 4.57088E-04    1.02911E+01
 4.78630E-04    9.86688E+00
 5.01187E-04    9.46330E+00
 5.24807E-04    9.08896E+00
 5.49541E-04    9.43980E+00
 5.75440E-04    3.15935E+01
 6.02560E-04    8.00822E+00
 6.30957E-04    7.65490E+00
 6.60693E-04    7.33152E+00
 6.91831E-04    7.02446E+00
 7.24436E-04    6.72945E+00
 7.58578E-04    6.45089E+00
 7.94328E-04    6.18455E+00
 8.31764E-04    5.93219E+00
 8.70964E-04    5.69336E+00
 9.12011E-04    5.46820E+00
 9.54993E-04    5.26028E+00
 1.00000E-03    5.06628E+00
 1.04713E-03    4.89125E+00
 1.09648E-03    4.73721E+00
 1.14815E-03    4.61231E+00
 1.20226E-03    4.54620E+00
 1.25893E-03    4.75466E+00
 1.31826E-03    4.81344E+02
 1.38038E-03    5.60371E+00
 1.44544E-03    4.31273E+00
 1.51356E-03    4.23754E+00
 1.58489E-03    4.29345E+00
 1.65959E-03    4.44890E+00
 1.73780E-03    4.72945E+00
 1.81970E-03    5.20219E+00
 1.90546E-03    5.99746E+00
 1.99526E-03    7.39775E+00
 2.08930E-03    1.01295E+01
 2.18776E-03    1.67685E+01
 2.29087E-03    2.62094E+02
 2.39883E-03    3.30127E+02
 2.51189E-03    2.93771E+03
 2.63027E-03    6.90451E+01
 2.75423E-03    1.66117E+01
 2.88403E-03    8.50901E+00
 3.01995E-03    4.97668E+01
 3.16228E-03    4.94739E+00
 3.31131E-03    5.12362E+00
 3.46737E-03    1.39972E+02
 3.63078E-03    3.21750E+01
 3.80189E-03    7.91118E+02
 3.98107E-03    4.18060E+01
 4.16869E-03    1.63107E+01
 4.36516E-03    6.30241E+02
 4.57088E-03    1.60429E+01
 4.78630E-03    3.98207E+00
 5.01187E-03    2.51672E+00
 5.24807E-03    2.20250E+00
 5.49541E-03    2.45588E+00
 5.75440E-03    3.35884E+01
 6.02560E-03    1.31499E+02
 6.30957E-03    5.11699E+02
 6.60693E-03    1.44717E+01
 6.91831E-03    4.90602E+01
 7.24436E-03    4.34188E+01
 7.58578E-03    4.54348E+02
 7.94328E-03    7.45138E+01
 8.31764E-03    5.83303E+01
 8.70964E-03    9.02035E+00
 9.12011E-03    8.15224E+01
 9.54993E-03    1.22196E+02
 1.00000E-02    4.51535E+00
 1.04713E-02    8.08545E-01
 1.09648E-02    1.89717E+01
 1.14815E-02    4.17012E+00
 1.20226E-02    7.95180E+01
 1.25893E-02    2.87257E+01
 1.31826E-02    1.84770E+02
 1.38038E-02    1.31693E+02
 1.44544E-02    3.25695E+00
 1.51356E-02    2.62594E+00
 1.58489E-02    5.89407E+01
 1.65959E-02    1.87277E+01
 1.73780E-02    1.00705E+02
 1.81970E-02    2.18791E+01
 1.90546E-02    5.28863E+01
 1.99526E-02    3.90762E+01
 2.08930E-02    2.23220E+01
 2.18776E-02    2.50110E+01
 2.29087E-02    6.04711E+01
 2.39883E-02    2.84282E+01
 2.51189E-02    8.21563E+01
 2.63027E-02    6.50520E+00
 2.75423E-02    3.36234E+01
 2.88403E-02    2.14330E+01
 3.01995E-02    3.37593E+01
 3.16228E-02    1.86441E+01
 3.31131E-02    3.80347E+01
 3.46737E-02    2.91032E+01
 3.63078E-02    1.17390E+01
 3.80189E-02    2.62853E+01
 3.98107E-02    2.76082E+01
 4.16869E-02    1.35073E+01
 4.36516E-02    2.46677E+01
 4.57088E-02    3.73636E+01
 4.78630E-02    1.55204E+01
 5.01187E-02    8.94878E+00
 5.24807E-02    2.77288E+01
 5.49541E-02    1.98246E+01
 5.75440E-02    1.89631E+01
 6.02560E-02    2.24640E+01
 6.30957E-02    1.59795E+01
 6.60693E-02    1.59060E+01
 6.91831E-02    3.01532E+01
 7.24436E-02    1.55969E+01
 7.58578E-02    1.93879E+01
 7.94328E-02    2.19367E+01
 8.31764E-02    1.54932E+01
 8.70964E-02    1.63573E+01
 9.12011E-02    1.99831E+01
 9.54993E-02    1.59815E+01
 1.00000E-01    1.96882E+01
 1.04713E-01    1.92442E+01
 1.09648E-01    1.87642E+01
 1.14815E-01    1.82616E+01
 1.20226E-01    1.77354E+01
 1.25893E-01    1.71843E+01
 1.31826E-01    1.66073E+01
 1.38038E-01    1.60031E+01
 1.44544E-01    1.53763E+01
 1.51356E-01    1.49282E+01
 1.58489E-01    1.45630E+01
 1.65959E-01    1.41807E+01
 1.73780E-01    1.37803E+01
 1.81970E-01    1.33610E+01
 1.90546E-01    1.29220E+01
 1.99526E-01    1.25489E+01
 2.08930E-01    1.22654E+01
 2.18776E-01    1.19689E+01
 2.29087E-01    1.16583E+01
 2.39883E-01    1.13338E+01
 2.51189E-01    1.10691E+01
 2.63027E-01    1.08435E+01
 2.75423E-01    1.06073E+01
 2.88403E-01    1.03610E+01
 3.01995E-01    1.01602E+01
 3.16228E-01    9.98353E+00
 3.31131E-01    9.79854E+00
 3.46737E-01    9.61857E+00
 3.63078E-01    9.47836E+00
 3.80189E-01    9.33568E+00
 3.98107E-01    9.20026E+00
 4.16869E-01    9.09386E+00
 4.36516E-01    8.98487E+00
 4.57088E-01    8.89808E+00
 4.78630E-01    8.82128E+00
 5.01187E-01    8.75884E+00
 5.24807E-01    8.72018E+00
 5.49541E-01    8.67992E+00
 5.75440E-01    8.63799E+00
 6.02560E-01    8.62434E+00
 6.30957E-01    8.63173E+00
 6.60693E-01    8.63947E+00
 6.91831E-01    8.64758E+00
 7.24436E-01    8.65606E+00
 7.58578E-01    8.66494E+00
 7.94328E-01    8.66503E+00
 8.31764E-01    8.64862E+00
 8.70964E-01    8.63314E+00
 9.12011E-01    8.65169E+00
 9.54993E-01    8.68382E+00
 1.00000E+00    8.72860E+00
 1.04713E+00    8.79529E+00
 1.09648E+00    8.61503E+00
 1.14815E+00    8.09455E+00
 1.20226E+00    7.66944E+00
 1.25893E+00    7.33623E+00
 1.31826E+00    7.09509E+00
 1.38038E+00    6.91137E+00
 1.44544E+00    6.80370E+00
 1.51356E+00    6.35958E+00
 1.58489E+00    5.81495E+00
 1.65959E+00    5.44422E+00
 1.73780E+00    5.12303E+00
 1.81970E+00    4.87221E+00
 1.90546E+00    4.69260E+00
 1.99526E+00    4.56550E+00
 2.08930E+00    4.43089E+00
 2.18776E+00    4.26318E+00
 2.29087E+00    4.10266E+00
 2.39883E+00    3.93183E+00
 2.51189E+00    3.72057E+00
 2.63027E+00    3.46286E+00
 2.75423E+00    3.19250E+00
 2.88403E+00    2.96487E+00
 3.01995E+00    2.70805E+00
 3.16228E+00    2.46553E+00
 3.31131E+00    2.27224E+00
 3.46737E+00    2.12326E+00
 3.63078E+00    2.00632E+00
 3.80189E+00    1.94336E+00
 3.98107E+00    1.92115E+00
 4.16869E+00    1.89789E+00
 4.36516E+00    1.87451E+00
 4.57088E+00    1.86240E+00
 4.78630E+00    1.85350E+00
 5.01187E+00    1.84440E+00
 5.24807E+00    1.83658E+00
 5.49541E+00    1.82875E+00
 5.75440E+00    1.82055E+00
 6.02560E+00    1.81042E+00
 6.30957E+00    1.79523E+00
 6.60693E+00    1.76502E+00
 6.91831E+00    1.71462E+00
 7.24436E+00    1.62223E+00
 7.58578E+00    1.46325E+00
 7.94328E+00    1.26100E+00
 8.31764E+00    1.04168E+00
 8.70964E+00    8.74980E-01
 9.12011E+00    7.61310E-01
 9.54993E+00    6.89618E-01
 1.00000E+01    6.50237E-01
 1.04713E+01    6.32884E-01
 1.09648E+01    6.27418E-01
 1.14815E+01    6.29883E-01
 1.20226E+01    6.38354E-01
 1.25893E+01    6.47125E-01
 1.31826E+01    6.41889E-01
 1.38038E+01    6.08070E-01
 1.44544E+01    5.47304E-01
 1.51356E+01    4.77575E-01
 1.58489E+01    4.16932E-01
 1.65959E+01    3.72735E-01
 1.73780E+01    3.34559E-01
 1.81970E+01    2.86443E-01
 1.90546E+01    2.28011E-01
 1.99526E+01    1.01491E-02
