# p + Br 81 : (p,n')m   
# tendl.2019 A.J. Koning                       EVAL-OCT19
# uncertainties: y
# # energies =    46
#   E(MeV)       xs(mb)       xslow(mb)      xsupp(mb)
 1.26945E+00    0.00000E+00    0.00000E+00    0.00000E+00
 2.00000E+00    4.27999E-02    0.00000E+00    0.00000E+00
 3.00000E+00    1.78440E+00    0.00000E+00    0.00000E+00
 4.00000E+00    1.17538E+01    0.00000E+00    0.00000E+00
 5.00000E+00    3.49777E+01    0.00000E+00    0.00000E+00
 6.00000E+00    6.75250E+01    0.00000E+00    0.00000E+00
 7.00000E+00    9.75727E+01    0.00000E+00    0.00000E+00
 8.00000E+00    1.19261E+02    0.00000E+00    0.00000E+00
 9.00000E+00    1.32724E+02    0.00000E+00    0.00000E+00
 1.00000E+01    1.07835E+02    0.00000E+00    0.00000E+00
 1.10000E+01    6.03861E+01    0.00000E+00    0.00000E+00
 1.20000E+01    3.33579E+01    0.00000E+00    0.00000E+00
 1.30000E+01    1.89179E+01    0.00000E+00    0.00000E+00
 1.40000E+01    1.24498E+01    0.00000E+00    0.00000E+00
 1.50000E+01    9.10695E+00    0.00000E+00    0.00000E+00
 1.60000E+01    7.54872E+00    0.00000E+00    0.00000E+00
 1.70000E+01    6.64549E+00    0.00000E+00    0.00000E+00
 1.80000E+01    6.04778E+00    0.00000E+00    0.00000E+00
 1.90000E+01    5.61281E+00    0.00000E+00    0.00000E+00
 2.00000E+01    5.27590E+00    0.00000E+00    0.00000E+00
 2.20000E+01    4.73250E+00    0.00000E+00    0.00000E+00
 2.40000E+01    4.20511E+00    0.00000E+00    0.00000E+00
 2.60000E+01    3.80737E+00    0.00000E+00    0.00000E+00
 2.80000E+01    3.45821E+00    0.00000E+00    0.00000E+00
 3.00000E+01    3.16106E+00    0.00000E+00    0.00000E+00
 3.00000E+01    3.22803E+00    0.00000E+00    0.00000E+00
 3.50000E+01    2.57367E+00    0.00000E+00    0.00000E+00
 4.00000E+01    2.05343E+00    0.00000E+00    0.00000E+00
 4.50000E+01    1.68552E+00    0.00000E+00    0.00000E+00
 5.00000E+01    1.39282E+00    0.00000E+00    0.00000E+00
 5.50000E+01    1.19532E+00    0.00000E+00    0.00000E+00
 6.00000E+01    1.03123E+00    0.00000E+00    0.00000E+00
 6.50000E+01    8.75711E-01    0.00000E+00    0.00000E+00
 7.00000E+01    7.89487E-01    0.00000E+00    0.00000E+00
 7.50000E+01    6.77632E-01    0.00000E+00    0.00000E+00
 8.00000E+01    6.21822E-01    0.00000E+00    0.00000E+00
 9.00000E+01    4.82747E-01    0.00000E+00    0.00000E+00
 1.00000E+02    3.80136E-01    0.00000E+00    0.00000E+00
 1.10000E+02    3.15434E-01    0.00000E+00    0.00000E+00
 1.20000E+02    2.54259E-01    0.00000E+00    0.00000E+00
 1.30000E+02    2.19427E-01    0.00000E+00    0.00000E+00
 1.40000E+02    1.84738E-01    0.00000E+00    0.00000E+00
 1.50000E+02    1.62009E-01    0.00000E+00    0.00000E+00
 1.60000E+02    1.46522E-01    0.00000E+00    0.00000E+00
 1.80000E+02    1.15536E-01    0.00000E+00    0.00000E+00
 2.00000E+02    1.01232E-01    0.00000E+00    0.00000E+00
