# n + Ar 40 : (n,n'05)  
# endfb8.0   T.Kawano                          EVAL-Nov12
# uncertainties: n
# # energies =    39
#   E(MeV)       xs(mb) 
 3.28897E+00    0.00000E+00
 3.30000E+00    2.58468E+01
 3.40000E+00    7.73745E+01
 3.50000E+00    1.05390E+02
 3.60000E+00    1.24853E+02
 3.80000E+00    1.40682E+02
 4.00000E+00    1.49493E+02
 4.50000E+00    1.42797E+02
 5.00000E+00    1.26304E+02
 5.50000E+00    1.10504E+02
 6.00000E+00    9.46184E+01
 6.50000E+00    8.01468E+01
 7.00000E+00    6.78981E+01
 7.50000E+00    5.87696E+01
 8.00000E+00    5.06889E+01
 8.50000E+00    4.44322E+01
 9.00000E+00    3.96152E+01
 9.50000E+00    3.59006E+01
 1.00000E+01    3.29952E+01
 1.05000E+01    3.07291E+01
 1.10000E+01    2.88963E+01
 1.15000E+01    2.74390E+01
 1.20000E+01    2.61880E+01
 1.25000E+01    2.51350E+01
 1.30000E+01    2.42376E+01
 1.35000E+01    2.34623E+01
 1.40000E+01    2.27825E+01
 1.45000E+01    2.21999E+01
 1.50000E+01    2.16961E+01
 1.55000E+01    2.12715E+01
 1.60000E+01    2.08996E+01
 1.65000E+01    2.05811E+01
 1.70000E+01    2.03071E+01
 1.75000E+01    2.00678E+01
 1.80000E+01    1.98503E+01
 1.85000E+01    1.96537E+01
 1.90000E+01    1.94663E+01
 1.95000E+01    1.92871E+01
 2.00000E+01    1.91009E+01
