# n + Ar 40 : (n,n'17)  
# endfb8.0   T.Kawano                          EVAL-Nov12
# uncertainties: n
# # energies =    32
#   E(MeV)       xs(mb) 
 4.53156E+00    0.00000E+00
 5.00000E+00    3.16190E+01
 5.50000E+00    3.17341E+01
 6.00000E+00    2.79848E+01
 6.50000E+00    2.37613E+01
 7.00000E+00    1.94765E+01
 7.50000E+00    1.58934E+01
 8.00000E+00    1.22762E+01
 8.50000E+00    9.33800E+00
 9.00000E+00    7.04563E+00
 9.50000E+00    5.30099E+00
 1.00000E+01    3.97569E+00
 1.05000E+01    3.00048E+00
 1.10000E+01    2.26004E+00
 1.15000E+01    1.72935E+00
 1.20000E+01    1.30324E+00
 1.25000E+01    9.82232E-01
 1.30000E+01    7.41225E-01
 1.35000E+01    5.59213E-01
 1.40000E+01    4.15415E-01
 1.45000E+01    3.13281E-01
 1.50000E+01    2.36920E-01
 1.55000E+01    1.88510E-01
 1.60000E+01    1.45702E-01
 1.65000E+01    1.13792E-01
 1.70000E+01    9.00862E-02
 1.75000E+01    7.22818E-02
 1.80000E+01    5.49804E-02
 1.85000E+01    4.49905E-02
 1.90000E+01    3.73853E-02
 1.95000E+01    3.65674E-02
 2.00000E+01    3.17404E-02
