# n + Ca 40 : (n,g)     
# endfb8.0   M.T. Pigni, D. Wiarda, K. Guber   EVAL-AUG16
# uncertainties: y
# # energies =   199
#   E(MeV)       xs(mb)       xslow(mb)      xsupp(mb)
 1.00000E-11    4.43314E+03    4.43314E+03    4.43314E+03
 1.00000E-07    1.47630E+02    1.47630E+02    1.47630E+02
 4.13990E-07    9.52720E+01    9.52720E+01    9.52720E+01
 5.31580E-07    8.40767E+01    8.40767E+01    8.40767E+01
 6.82560E-07    7.41969E+01    7.41969E+01    7.41969E+01
 8.76420E-07    6.54781E+01    6.54781E+01    6.54781E+01
 1.12540E-06    5.77964E+01    5.77964E+01    5.77964E+01
 1.44500E-06    5.10205E+01    5.10205E+01    5.10205E+01
 1.85540E-06    4.50815E+01    4.50815E+01    4.50815E+01
 2.37240E-06    3.97833E+01    3.97833E+01    3.97833E+01
 3.05900E-06    3.50737E+01    3.50737E+01    3.50737E+01
 3.92790E-06    3.09486E+01    3.09486E+01    3.09486E+01
 5.04350E-06    2.73065E+01    2.73065E+01    2.73065E+01
 6.47600E-06    2.41016E+01    2.41016E+01    2.41016E+01
 8.31530E-06    2.12625E+01    2.12625E+01    2.12625E+01
 1.06770E-05    1.87621E+01    1.87621E+01    1.87621E+01
 1.37100E-05    1.65532E+01    1.65532E+01    1.65532E+01
 1.76030E-05    1.46031E+01    1.46031E+01    1.46031E+01
 2.26030E-05    1.28647E+01    1.28647E+01    1.28647E+01
 2.92030E-05    1.13463E+01    1.13463E+01    1.13463E+01
 3.72670E-05    1.00225E+01    1.00225E+01    1.00225E+01
 4.78510E-05    8.83940E+00    8.83940E+00    8.83940E+00
 6.14420E-05    7.79225E+00    7.79225E+00    7.79225E+00
 7.88930E-05    6.86792E+00    6.86792E+00    6.86792E+00
 1.01300E-04    6.05216E+00    6.05216E+00    6.05216E+00
 1.30070E-04    5.32955E+00    5.32955E+00    5.32955E+00
 1.67020E-04    4.69044E+00    4.69044E+00    4.69044E+00
 2.14450E-04    4.12580E+00    4.12580E+00    4.12580E+00
 2.75360E-04    3.62528E+00    3.62528E+00    3.62528E+00
 3.53580E-04    3.18151E+00    3.18151E+00    3.18151E+00
 4.54000E-04    2.78809E+00    2.78809E+00    2.78809E+00
 5.82950E-04    2.43817E+00    2.43817E+00    2.43817E+00
 7.48520E-04    2.12745E+00    2.12745E+00    2.12745E+00
 9.61120E-04    1.84991E+00    1.84991E+00    1.84991E+00
 1.23410E-03    1.60229E+00    1.60229E+00    1.60229E+00
 1.58460E-03    1.38134E+00    1.38134E+00    1.38134E+00
 2.03470E-03    1.23954E+00    1.23954E+00    1.23954E+00
 2.24870E-03    1.16411E+00    1.16411E+00    1.16411E+00
 2.48520E-03    1.11008E+00    1.11008E+00    1.11008E+00
 2.61260E-03    1.07746E+00    1.07746E+00    1.07746E+00
 2.74650E-03    1.17083E+01    1.17083E+01    1.17083E+01
 3.03540E-03    9.70933E-01    9.70933E-01    9.70933E-01
 3.35460E-03    8.92590E-01    8.92590E-01    8.92590E-01
 3.70740E-03    8.17141E-01    8.17141E-01    8.17141E-01
 4.30740E-03    1.48579E+00    1.48579E+00    1.48579E+00
 5.53080E-03    4.43166E+00    4.43166E+00    4.43166E+00
 7.10170E-03    4.75130E-01    4.75130E-01    4.75130E-01
 9.11880E-03    8.94781E+01    8.94781E+01    8.94781E+01
 1.17090E-02    3.05869E-01    3.05869E-01    3.05869E-01
 1.50340E-02    2.68125E-01    2.68125E-01    2.68125E-01
 1.93050E-02    1.16070E+02    1.16070E+02    1.16070E+02
 2.18750E-02    2.18804E-01    2.18804E-01    2.18804E-01
 2.35790E-02    1.73346E-01    1.73346E-01    1.73346E-01
 2.41760E-02    1.62480E-01    1.62480E-01    1.62480E-01
 2.47880E-02    1.50299E-01    1.50299E-01    1.50299E-01
 2.60580E-02    1.39248E-01    1.39248E-01    1.39248E-01
 2.70000E-02    1.29822E-01    1.29822E-01    1.29822E-01
 2.85000E-02    1.15555E-01    1.15555E-01    1.15555E-01
 3.18280E-02    1.06296E-01    1.06296E-01    1.06296E-01
 3.43070E-02    6.07241E+00    6.07241E+00    6.07241E+00
 4.08680E-02    2.51522E+01    2.51522E+01    2.51522E+01
 4.63090E-02    6.81444E-02    6.81444E-02    6.81444E-02
 5.24750E-02    6.70698E+00    6.70698E+00    6.70698E+00
 5.65620E-02    1.38644E+00    1.38644E+00    1.38644E+00
 6.73790E-02    4.91276E-02    4.91276E-02    4.91276E-02
 7.20000E-02    5.17985E-02    5.17985E-02    5.17985E-02
 7.95000E-02    6.31905E-02    6.31905E-02    6.31905E-02
 8.25000E-02    5.93778E+00    5.93778E+00    5.93778E+00
 8.65170E-02    3.53538E+00    3.53538E+00    3.53538E+00
 9.80370E-02    5.71920E+00    5.71920E+00    5.71920E+00
 1.11090E-01    1.32490E-01    1.32490E-01    1.32490E-01
 1.16790E-01    1.80204E+00    1.80204E+00    1.80204E+00
 1.22770E-01    8.58609E-01    8.58609E-01    8.58609E-01
 1.29070E-01    1.26766E+01    1.26766E+01    1.26766E+01
 1.35690E-01    1.81445E+00    1.81445E+00    1.81445E+00
 1.42640E-01    4.85413E+00    4.85413E+00    4.85413E+00
 1.49960E-01    3.88005E+00    3.88005E+00    3.88005E+00
 1.57640E-01    8.35479E+00    8.35479E+00    8.35479E+00
 1.65730E-01    1.02594E+01    1.02594E+01    1.02594E+01
 1.74220E-01    2.99261E+00    2.99261E+00    2.99261E+00
 1.83160E-01    6.85615E+00    6.85615E+00    6.85615E+00
 1.92550E-01    1.25584E-01    1.25584E-01    1.25584E-01
 2.02420E-01    2.03919E+00    2.03919E+00    2.03919E+00
 2.12800E-01    8.74699E+00    8.74699E+00    8.74699E+00
 2.23710E-01    6.35452E+00    6.35452E+00    6.35452E+00
 2.35180E-01    3.90082E+00    3.90082E+00    3.90082E+00
 2.47240E-01    2.61323E+00    2.61323E+00    2.61323E+00
 2.73240E-01    3.35192E+00    3.35192E+00    3.35192E+00
 2.87250E-01    6.49615E+00    6.49615E+00    6.49615E+00
 2.94520E-01    1.65044E+01    1.65044E+01    1.65044E+01
 2.97200E-01    3.10516E-01    3.10516E-01    3.10516E-01
 2.98500E-01    5.15021E+00    5.15021E+00    5.15021E+00
 3.01970E-01    2.15034E+00    2.15034E+00    2.15034E+00
 3.33730E-01    2.19515E+00    2.19515E+00    2.19515E+00
 3.68830E-01    3.33596E+00    3.33596E+00    3.33596E+00
 3.87740E-01    1.74671E+00    1.74671E+00    1.74671E+00
 4.07620E-01    1.17257E+00    1.17257E+00    1.17257E+00
 4.50490E-01    1.49084E+00    1.49084E+00    1.49084E+00
 4.97870E-01    3.25689E+00    3.25689E+00    3.25689E+00
 5.23400E-01    7.98016E-01    7.98016E-01    7.98016E-01
 5.50230E-01    1.34571E+00    1.34571E+00    1.34571E+00
 5.78440E-01    9.88671E-01    9.88671E-01    9.88671E-01
 6.08100E-01    3.13936E+00    3.13936E+00    3.13936E+00
 6.39280E-01    1.29536E+00    1.29536E+00    1.29536E+00
 6.72060E-01    4.19136E-01    4.19136E-01    4.19136E-01
 7.06510E-01    6.76689E-01    6.76689E-01    6.76689E-01
 7.42740E-01    1.19650E+00    1.19650E+00    1.19650E+00
 7.80820E-01    7.45814E-01    7.45814E-01    7.45814E-01
 8.20850E-01    2.14496E+00    2.14496E+00    2.14496E+00
 8.62940E-01    9.16128E-01    9.16128E-01    9.16128E-01
 9.07180E-01    8.77204E-01    8.77204E-01    8.77204E-01
 9.61640E-01    9.15053E-01    9.15053E-01    9.15053E-01
 1.00260E+00    9.27149E-01    9.27149E-01    9.27149E-01
 1.10800E+00    8.89066E-01    8.89066E-01    8.89066E-01
 1.16480E+00    8.72826E-01    8.72826E-01    8.72826E-01
 1.22460E+00    1.25895E+00    1.25895E+00    1.25895E+00
 1.28730E+00    1.17708E+00    1.17708E+00    1.17708E+00
 1.35340E+00    8.04526E-01    8.04526E-01    8.04526E-01
 1.42270E+00    9.51326E-01    9.51326E-01    9.51326E-01
 1.49570E+00    1.59819E+00    1.59819E+00    1.59819E+00
 1.57240E+00    1.64515E+00    1.64515E+00    1.64515E+00
 1.65300E+00    1.63045E+00    1.63045E+00    1.63045E+00
 1.73770E+00    1.61420E+00    1.61420E+00    1.61420E+00
 1.82680E+00    1.59710E+00    1.59710E+00    1.59710E+00
 1.92050E+00    1.57922E+00    1.57922E+00    1.57922E+00
 2.01900E+00    1.56409E+00    1.56409E+00    1.56409E+00
 2.12250E+00    1.55007E+00    1.55007E+00    1.55007E+00
 2.23130E+00    1.53785E+00    1.53785E+00    1.53785E+00
 2.30690E+00    1.53027E+00    1.53027E+00    1.53027E+00
 2.34570E+00    1.52641E+00    1.52641E+00    1.52641E+00
 2.36530E+00    1.52380E+00    1.52380E+00    1.52380E+00
 2.38520E+00    1.51752E+00    1.51752E+00    1.51752E+00
 2.46600E+00    1.50616E+00    1.50616E+00    1.50616E+00
 2.59240E+00    1.49222E+00    1.49222E+00    1.49222E+00
 2.72530E+00    1.47862E+00    1.47862E+00    1.47862E+00
 2.86500E+00    1.46045E+00    1.46045E+00    1.46045E+00
 3.01190E+00    1.44020E+00    1.44020E+00    1.44020E+00
 3.16640E+00    1.42094E+00    1.42094E+00    1.42094E+00
 3.32870E+00    1.36312E+00    1.36312E+00    1.36312E+00
 3.67880E+00    1.20793E+00    1.20793E+00    1.20793E+00
 4.06570E+00    9.44322E-01    9.44322E-01    9.44322E-01
 4.49330E+00    8.67778E-01    8.67778E-01    8.67778E-01
 4.72370E+00    8.30089E-01    8.30089E-01    8.30089E-01
 4.96590E+00    7.96650E-01    7.96650E-01    7.96650E-01
 5.22050E+00    7.55760E-01    7.55760E-01    7.55760E-01
 5.48810E+00    6.99337E-01    6.99337E-01    6.99337E-01
 5.76950E+00    6.53268E-01    6.53268E-01    6.53268E-01
 6.06530E+00    6.11258E-01    6.11258E-01    6.11258E-01
 6.37630E+00    5.77624E-01    5.77624E-01    5.77624E-01
 6.59240E+00    5.56451E-01    5.56451E-01    5.56451E-01
 6.70320E+00    5.56661E-01    5.56661E-01    5.56661E-01
 7.04690E+00    5.68568E-01    5.68568E-01    5.68568E-01
 7.40820E+00    5.51182E-01    5.51182E-01    5.51182E-01
 7.78800E+00    5.40092E-01    5.40092E-01    5.40092E-01
 8.18730E+00    5.37199E-01    5.37199E-01    5.37199E-01
 8.60710E+00    5.33085E-01    5.33085E-01    5.33085E-01
 9.04840E+00    5.29522E-01    5.29522E-01    5.29522E-01
 9.51230E+00    5.24642E-01    5.24642E-01    5.24642E-01
 1.00000E+01    5.18402E-01    5.18402E-01    5.18402E-01
 1.05130E+01    5.09373E-01    5.09373E-01    5.09373E-01
 1.10520E+01    4.96028E-01    4.96028E-01    4.96028E-01
 1.16180E+01    4.78772E-01    4.78772E-01    4.78772E-01
 1.22140E+01    4.59328E-01    4.59328E-01    4.59328E-01
 1.28400E+01    4.38661E-01    4.38661E-01    4.38661E-01
 1.34990E+01    4.23517E-01    4.23517E-01    4.23517E-01
 1.38400E+01    4.11252E-01    4.11252E-01    4.11252E-01
 1.41910E+01    4.02050E-01    4.02050E-01    4.02050E-01
 1.45500E+01    3.90065E-01    3.90065E-01    3.90065E-01
 1.49180E+01    3.67337E-01    3.67337E-01    3.67337E-01
 1.56830E+01    3.33784E-01    3.33784E-01    3.33784E-01
 1.64870E+01    2.93314E-01    2.93314E-01    2.93314E-01
 2.00000E+01    5.26095E-05    5.26095E-05    5.26095E-05
 2.20000E+01    4.41371E-05    4.41371E-05    4.41371E-05
 2.40000E+01    4.00636E-05    4.00636E-05    4.00636E-05
 2.60000E+01    3.78021E-05    3.78021E-05    3.78021E-05
 2.80000E+01    3.65531E-05    3.65531E-05    3.65531E-05
 3.00000E+01    3.60770E-05    3.60770E-05    3.60770E-05
 3.50000E+01    3.59347E-05    3.59347E-05    3.59347E-05
 4.00000E+01    3.58786E-05    3.58786E-05    3.58786E-05
 4.50000E+01    3.85722E-05    3.85722E-05    3.85722E-05
 5.00000E+01    3.87597E-05    3.87597E-05    3.87597E-05
 5.50000E+01    3.98497E-05    3.98497E-05    3.98497E-05
 6.00000E+01    4.01163E-05    4.01163E-05    4.01163E-05
 6.50000E+01    4.06331E-05    4.06331E-05    4.06331E-05
 7.00000E+01    4.15217E-05    4.15217E-05    4.15217E-05
 7.50000E+01    4.06637E-05    4.06637E-05    4.06637E-05
 8.00000E+01    4.19771E-05    4.19771E-05    4.19771E-05
 8.50000E+01    4.08746E-05    4.08746E-05    4.08746E-05
 9.00000E+01    4.17688E-05    4.17688E-05    4.17688E-05
 9.50000E+01    4.13898E-05    4.13898E-05    4.13898E-05
 1.00000E+02    4.21411E-05    4.21411E-05    4.21411E-05
 1.10000E+02    4.11185E-05    4.11185E-05    4.11185E-05
 1.20000E+02    4.13022E-05    4.13022E-05    4.13022E-05
 1.30000E+02    4.08330E-05    4.08330E-05    4.08330E-05
 1.40000E+02    4.09686E-05    4.09686E-05    4.09686E-05
 1.50000E+02    4.01252E-05    4.01252E-05    4.01252E-05
 1.60000E+02    3.95369E-05    3.95369E-05    3.95369E-05
 1.80000E+02    3.61463E-05    3.61463E-05    3.61463E-05
 2.00000E+02    3.28549E-05    3.28549E-05    3.28549E-05
