# n + Gd156 : (n,na)    
# jendl4.0   N.Iwamoto,A.Zukeran,K.Shibata     EVAL-Dec09
# uncertainties: n
# # energies =    39
#   E(MeV)       xs(mb) 
 1.99631E-01    0.00000E+00
 2.25000E+00    7.60670E-35
 2.50000E+00    3.17260E-31
 2.75000E+00    1.87890E-27
 3.00000E+00    4.38550E-25
 3.50000E+00    1.38840E-20
 4.00000E+00    3.74710E-17
 4.50000E+00    1.81430E-14
 5.00000E+00    2.50220E-12
 5.50000E+00    1.32220E-10
 6.00000E+00    3.40040E-09
 6.50000E+00    4.91660E-08
 7.00000E+00    4.48150E-07
 7.50000E+00    2.80879E-06
 8.00000E+00    1.30611E-05
 8.50000E+00    4.80472E-05
 9.00000E+00    1.46763E-04
 9.50000E+00    3.86785E-04
 1.00000E+01    9.07892E-04
 1.05000E+01    1.94406E-03
 1.10000E+01    3.87224E-03
 1.15000E+01    7.29099E-03
 1.20000E+01    1.31442E-02
 1.25000E+01    2.28149E-02
 1.30000E+01    3.89069E-02
 1.35000E+01    6.52300E-02
 1.40000E+01    1.07739E-01
 1.45000E+01    1.75436E-01
 1.50000E+01    2.81232E-01
 1.55000E+01    4.45031E-01
 1.60000E+01    6.85922E-01
 1.65000E+01    1.02531E+00
 1.70000E+01    1.48749E+00
 1.75000E+01    2.10730E+00
 1.80000E+01    2.84031E+00
 1.85000E+01    3.74447E+00
 1.90000E+01    4.77642E+00
 1.95000E+01    5.90428E+00
 2.00000E+01    7.12867E+00
