# n + Ba137 : (n,n'15)  
# tendl.2019 A.J. Koning and D. Rochman        EVAL-NOV19
# uncertainties: n
# # energies =    75
#   E(MeV)       xs(mb) 
 2.05644E+00    0.00000E+00
 2.06248E+00    1.65890E+00
 2.13260E+00    2.09181E+01
 2.19830E+00    3.89631E+01
 2.20000E+00    3.94301E+01
 2.24532E+00    4.21791E+01
 2.26683E+00    4.34839E+01
 2.28773E+00    4.47517E+01
 2.32803E+00    4.71962E+01
 2.35724E+00    4.89680E+01
 2.36127E+00    4.92125E+01
 2.36641E+00    4.95243E+01
 2.37296E+00    4.99216E+01
 2.39048E+00    5.09843E+01
 2.40000E+00    5.15618E+01
 2.42554E+00    5.25944E+01
 2.44488E+00    5.33764E+01
 2.45677E+00    5.38572E+01
 2.60000E+00    5.96483E+01
 2.80000E+00    6.40848E+01
 3.00000E+00    6.38881E+01
 3.20000E+00    5.92478E+01
 3.40000E+00    5.18008E+01
 3.60000E+00    4.35503E+01
 3.80000E+00    3.57197E+01
 4.00000E+00    2.89731E+01
 4.20000E+00    2.34965E+01
 4.40000E+00    1.91799E+01
 4.60000E+00    1.58356E+01
 4.80000E+00    1.32633E+01
 5.00000E+00    1.12891E+01
 5.20000E+00    9.76935E+00
 5.40000E+00    8.59324E+00
 5.60000E+00    7.67466E+00
 5.80000E+00    6.94905E+00
 6.00000E+00    6.36781E+00
 6.20000E+00    5.89328E+00
 6.40000E+00    5.50226E+00
 6.60000E+00    5.17575E+00
 6.80000E+00    4.89853E+00
 7.00000E+00    4.66184E+00
 7.20000E+00    4.45705E+00
 7.40000E+00    4.28018E+00
 7.60000E+00    4.12619E+00
 7.80000E+00    3.99238E+00
 8.00000E+00    3.87607E+00
 8.50000E+00    3.64672E+00
 9.00000E+00    3.48229E+00
 9.50000E+00    3.35842E+00
 1.00000E+01    3.25641E+00
 1.05000E+01    3.16381E+00
 1.10000E+01    3.07403E+00
 1.15000E+01    2.98487E+00
 1.20000E+01    2.89675E+00
 1.25000E+01    2.81122E+00
 1.30000E+01    2.72987E+00
 1.35000E+01    2.65391E+00
 1.40000E+01    2.58392E+00
 1.45000E+01    2.51984E+00
 1.50000E+01    2.46111E+00
 1.60000E+01    2.35618E+00
 1.70000E+01    2.26183E+00
 1.80000E+01    2.17346E+00
 1.90000E+01    2.08956E+00
 2.00000E+01    2.01002E+00
 2.10000E+01    1.93549E+00
 2.20000E+01    1.86742E+00
 2.30000E+01    1.80751E+00
 2.40000E+01    1.75678E+00
 2.50000E+01    1.71495E+00
 2.60000E+01    1.68060E+00
 2.70000E+01    1.65130E+00
 2.80000E+01    1.62421E+00
 2.90000E+01    1.59685E+00
 3.00000E+01    1.56782E+00
