# n + Ba137 : (n,g)     
# tendl.2019 A.J. Koning and D. Rochman        EVAL-NOV19
# uncertainties: y
# # energies =    69
#   E(MeV)       xs(mb)       xslow(mb)      xsupp(mb)
 1.00000E-10    2.53361E+04    2.32016E+04    2.74706E+04
 5.00000E-09    6.89775E+03    6.31663E+03    7.47887E+03
 1.00000E-08    5.22348E+03    4.78341E+03    5.66355E+03
 1.50000E-08    4.38819E+03    4.01850E+03    4.75788E+03
 2.00000E-08    3.86033E+03    3.53511E+03    4.18555E+03
 2.50000E-08    3.48722E+03    3.19343E+03    3.78101E+03
 3.00000E-08    3.20523E+03    2.93494E+03    3.47553E+03
 3.50000E-08    2.94661E+03    2.69812E+03    3.19509E+03
 4.20000E-08    2.69471E+03    2.46769E+03    2.92173E+03
 5.00000E-08    2.48514E+03    2.27579E+03    2.69448E+03
 5.80000E-08    2.30935E+03    2.11481E+03    2.50388E+03
 6.70000E-08    2.13072E+03    1.95098E+03    2.31046E+03
 8.00000E-08    1.92743E+03    1.76497E+03    2.08990E+03
 1.00000E-07    1.67584E+03    1.53470E+03    1.81698E+03
 1.40000E-07    1.44485E+03    1.32316E+03    1.56654E+03
 1.80000E-07    1.28904E+03    1.18047E+03    1.39760E+03
 2.20000E-07    1.18620E+03    1.08622E+03    1.28618E+03
 2.50000E-07    1.11604E+03    1.02198E+03    1.21011E+03
 2.80000E-07    1.06567E+03    9.75852E+02    1.15549E+03
 3.00000E-07    1.03025E+03    9.43573E+02    1.11693E+03
 3.20000E-07    9.90814E+02    9.07455E+02    1.07417E+03
 3.50000E-07    9.36350E+02    8.57573E+02    1.01513E+03
 4.00000E-07    8.55418E+02    7.83300E+02    9.27537E+02
 5.00000E-07    7.63298E+02    6.99018E+02    8.27578E+02
 6.25000E-07    6.80979E+02    6.23632E+02    7.38327E+02
 7.80000E-07    6.28767E+02    5.75797E+02    6.81736E+02
 8.50000E-07    6.04139E+02    5.53243E+02    6.55034E+02
 9.10000E-07    5.86925E+02    5.37480E+02    6.36370E+02
 9.50000E-07    5.76951E+02    5.28346E+02    6.25555E+02
 9.72000E-07    5.69898E+02    5.21887E+02    6.17908E+02
 9.96000E-07    5.62783E+02    5.15372E+02    6.10194E+02
 1.02000E-06    5.55792E+02    5.08998E+02    6.02586E+02
 1.04500E-06    5.48784E+02    5.02580E+02    5.94988E+02
 1.07100E-06    5.41877E+02    4.96255E+02    5.87500E+02
 1.09700E-06    5.35188E+02    4.90128E+02    5.80247E+02
 1.12300E-06    5.28663E+02    4.84153E+02    5.73173E+02
 1.15000E-06    5.08808E+02    4.65970E+02    5.51646E+02
 1.30000E-06    4.74495E+02    4.34545E+02    5.14444E+02
 1.50000E-06    4.18116E+02    3.82913E+02    4.53318E+02
 2.10000E-06    3.59937E+02    3.29682E+02    3.90192E+02
 2.60000E-06    3.17626E+02    2.90927E+02    3.44324E+02
 3.30000E-06    2.81026E+02    2.57359E+02    3.04693E+02
 4.00000E-06    2.04324E+02    1.87176E+02    2.21472E+02
 9.87700E-06    1.27351E+02    1.16669E+02    1.38032E+02
 1.59680E-05    8.48653E+01    7.77902E+01    9.19405E+01
 2.77000E-05    5.06467E+01    4.64553E+01    5.48381E+01
 4.80520E-05    2.88512E+01    2.65006E+01    3.12018E+01
 7.55014E-05    6.35918E+01    5.85931E+01    6.85905E+01
 1.48728E-04    9.12958E+00    4.83483E+00    1.34243E+01
 3.67262E-04    2.11459E+03    1.92618E+03    2.30299E+03
 9.06898E-04    9.58861E+02    9.30370E+02    9.87352E+02
 1.42510E-03    1.84678E+02    1.73919E+02    1.95437E+02
 2.23945E-03    4.69737E+02    4.57693E+02    4.81781E+02
 3.51910E-03    1.88447E+02    1.82182E+02    1.94713E+02
 5.53000E-03    1.64337E+02    1.58351E+02    1.70324E+02
 9.11800E-03    7.23219E+01    7.03331E+01    7.43107E+01
 1.50300E-02    1.10718E+02    9.94107E+01    1.22026E+02
 2.47800E-02    7.90898E+01    7.10124E+01    8.71673E+01
 4.08500E-02    5.90288E+01    5.27099E+01    6.53476E+01
 6.73400E-02    4.40102E+01    3.92990E+01    4.87213E+01
 1.11000E-01    3.50621E+01    3.13088E+01    3.88154E+01
 1.83000E-01    2.73856E+01    2.44541E+01    3.03172E+01
 3.02000E-01    2.29322E+01    2.05278E+01    2.53365E+01
 5.00000E-01    2.07007E+01    1.85304E+01    2.28711E+01
 8.21000E-01    1.45482E+01    1.28247E+01    1.62716E+01
 1.35300E+00    1.01268E+01    8.57658E+00    1.16771E+01
 2.23100E+00    7.35478E+00    6.15936E+00    8.55020E+00
 3.67900E+00    2.01499E+00    3.48642E-01    3.68134E+00
 6.06500E+00    9.30268E-01    0.00000E+00    2.23286E+00
