# n + Ba137 : (n,3n)m   
# tendl.2019 A.J. Koning and D. Rochman        EVAL-NOV19
# uncertainties: y
# # energies =    45
#   E(MeV)       xs(mb)       xslow(mb)      xsupp(mb)
 1.64016E+01    0.00000E+00    0.00000E+00    0.00000E+00
 1.70000E+01    7.88158E+00    0.00000E+00    0.00000E+00
 1.80000E+01    8.07604E+01    0.00000E+00    0.00000E+00
 1.90000E+01    2.57729E+02    0.00000E+00    0.00000E+00
 2.00000E+01    4.71356E+02    0.00000E+00    0.00000E+00
 2.10000E+01    6.72478E+02    0.00000E+00    0.00000E+00
 2.20000E+01    8.29446E+02    0.00000E+00    0.00000E+00
 2.30000E+01    9.38069E+02    0.00000E+00    0.00000E+00
 2.40000E+01    1.01298E+03    0.00000E+00    0.00000E+00
 2.50000E+01    1.06149E+03    0.00000E+00    0.00000E+00
 2.60000E+01    1.08721E+03    0.00000E+00    0.00000E+00
 2.70000E+01    1.08241E+03    0.00000E+00    0.00000E+00
 2.80000E+01    1.03591E+03    0.00000E+00    0.00000E+00
 2.90000E+01    9.43859E+02    0.00000E+00    0.00000E+00
 3.00000E+01    8.24611E+02    0.00000E+00    0.00000E+00
 3.00000E+01    8.24731E+02    0.00000E+00    0.00000E+00
 3.20000E+01    5.62128E+02    0.00000E+00    0.00000E+00
 3.40000E+01    3.65260E+02    0.00000E+00    0.00000E+00
 3.60000E+01    2.49756E+02    0.00000E+00    0.00000E+00
 3.80000E+01    1.88600E+02    0.00000E+00    0.00000E+00
 4.00000E+01    1.58708E+02    0.00000E+00    0.00000E+00
 4.20000E+01    1.42175E+02    0.00000E+00    0.00000E+00
 4.40000E+01    1.31797E+02    0.00000E+00    0.00000E+00
 4.60000E+01    1.25004E+02    0.00000E+00    0.00000E+00
 4.80000E+01    1.17864E+02    0.00000E+00    0.00000E+00
 5.00000E+01    1.13693E+02    0.00000E+00    0.00000E+00
 5.20000E+01    1.08003E+02    0.00000E+00    0.00000E+00
 5.40000E+01    1.03947E+02    0.00000E+00    0.00000E+00
 5.60000E+01    9.91552E+01    0.00000E+00    0.00000E+00
 5.80000E+01    9.52829E+01    0.00000E+00    0.00000E+00
 6.00000E+01    9.27230E+01    0.00000E+00    0.00000E+00
 6.50000E+01    8.75813E+01    0.00000E+00    0.00000E+00
 7.00000E+01    8.18257E+01    0.00000E+00    0.00000E+00
 7.50000E+01    7.74409E+01    0.00000E+00    0.00000E+00
 8.00000E+01    7.19320E+01    0.00000E+00    0.00000E+00
 9.00000E+01    6.46672E+01    0.00000E+00    0.00000E+00
 1.00000E+02    5.90931E+01    0.00000E+00    0.00000E+00
 1.10000E+02    5.39574E+01    0.00000E+00    0.00000E+00
 1.20000E+02    5.00583E+01    0.00000E+00    0.00000E+00
 1.30000E+02    4.62557E+01    0.00000E+00    0.00000E+00
 1.40000E+02    4.33298E+01    0.00000E+00    0.00000E+00
 1.50000E+02    4.02735E+01    0.00000E+00    0.00000E+00
 1.60000E+02    3.83683E+01    0.00000E+00    0.00000E+00
 1.80000E+02    3.40555E+01    0.00000E+00    0.00000E+00
 2.00000E+02    2.93634E+01    0.00000E+00    0.00000E+00
