# n + Ba137 : (n,el)    
# tendl.2019 A.J. Koning and D. Rochman        EVAL-NOV19
# uncertainties: y
# # energies =   666
#   E(MeV)       xs(mb)       xslow(mb)      xsupp(mb)
 1.00000E-11    3.02862E+04    2.86296E+04    3.19428E+04
 1.04713E-11    2.96217E+04    2.80015E+04    3.12419E+04
 1.09648E-11    2.89725E+04    2.73878E+04    3.05572E+04
 1.14815E-11    2.83393E+04    2.67892E+04    2.98894E+04
 1.20226E-11    2.77203E+04    2.62041E+04    2.92365E+04
 1.25893E-11    2.71168E+04    2.56336E+04    2.86001E+04
 1.31826E-11    2.65269E+04    2.50760E+04    2.79779E+04
 1.38038E-11    2.59518E+04    2.45323E+04    2.73713E+04
 1.44544E-11    2.53898E+04    2.40010E+04    2.67785E+04
 1.51356E-11    2.48417E+04    2.34829E+04    2.62004E+04
 1.58489E-11    2.43065E+04    2.29770E+04    2.56360E+04
 1.65959E-11    2.37841E+04    2.24832E+04    2.50850E+04
 1.73780E-11    2.32746E+04    2.20015E+04    2.45476E+04
 1.81970E-11    2.27769E+04    2.15311E+04    2.40228E+04
 1.90546E-11    2.22919E+04    2.10726E+04    2.35112E+04
 1.99526E-11    2.18180E+04    2.06246E+04    2.30114E+04
 2.08930E-11    2.13563E+04    2.01882E+04    2.25244E+04
 2.18776E-11    2.09053E+04    1.97618E+04    2.20487E+04
 2.29087E-11    2.04658E+04    1.93464E+04    2.15853E+04
 2.39883E-11    2.00368E+04    1.89408E+04    2.11327E+04
 2.51189E-11    1.96186E+04    1.85455E+04    2.06917E+04
 2.63027E-11    1.92106E+04    1.81599E+04    2.02614E+04
 2.75423E-11    1.88127E+04    1.77837E+04    1.98417E+04
 2.88403E-11    1.84250E+04    1.74172E+04    1.94328E+04
 3.01995E-11    1.80467E+04    1.70596E+04    1.90338E+04
 3.16228E-11    1.76783E+04    1.67114E+04    1.86453E+04
 3.31131E-11    1.73188E+04    1.63716E+04    1.82661E+04
 3.46737E-11    1.69685E+04    1.60403E+04    1.78966E+04
 3.63078E-11    1.66274E+04    1.57179E+04    1.75368E+04
 3.80189E-11    1.62946E+04    1.54033E+04    1.71858E+04
 3.98107E-11    1.59706E+04    1.50970E+04    1.68441E+04
 4.16869E-11    1.56550E+04    1.47988E+04    1.65113E+04
 4.36516E-11    1.53474E+04    1.45079E+04    1.61868E+04
 4.57088E-11    1.50481E+04    1.42250E+04    1.58712E+04
 4.78630E-11    1.47566E+04    1.39494E+04    1.55637E+04
 5.01187E-11    1.44725E+04    1.36809E+04    1.52641E+04
 5.24807E-11    1.41964E+04    1.34199E+04    1.49729E+04
 5.49541E-11    1.39274E+04    1.31656E+04    1.46892E+04
 5.75440E-11    1.36656E+04    1.29181E+04    1.44131E+04
 6.02560E-11    1.34112E+04    1.26777E+04    1.41448E+04
 6.30957E-11    1.31635E+04    1.24435E+04    1.38835E+04
 6.60693E-11    1.29226E+04    1.22158E+04    1.36295E+04
 6.91831E-11    1.26886E+04    1.19946E+04    1.33826E+04
 7.24436E-11    1.24608E+04    1.17792E+04    1.31424E+04
 7.58578E-11    1.22397E+04    1.15702E+04    1.29091E+04
 7.94328E-11    1.20247E+04    1.13670E+04    1.26825E+04
 8.31764E-11    1.18158E+04    1.11695E+04    1.24621E+04
 8.70964E-11    1.16131E+04    1.09779E+04    1.22483E+04
 9.12011E-11    1.14163E+04    1.07918E+04    1.20407E+04
 9.54993E-11    1.12250E+04    1.06111E+04    1.18390E+04
 1.00000E-10    1.10395E+04    1.04356E+04    1.16433E+04
 1.04713E-10    1.08596E+04    1.02656E+04    1.14536E+04
 1.09648E-10    1.06851E+04    1.01006E+04    1.12695E+04
 1.14815E-10    1.05157E+04    9.94054E+03    1.10909E+04
 1.20226E-10    1.03517E+04    9.78553E+03    1.09180E+04
 1.25893E-10    1.01929E+04    9.63534E+03    1.07504E+04
 1.31826E-10    1.00388E+04    9.48973E+03    1.05879E+04
 1.38038E-10    9.88971E+03    9.34877E+03    1.04307E+04
 1.44544E-10    9.74545E+03    9.21240E+03    1.02785E+04
 1.51356E-10    9.60583E+03    9.08041E+03    1.01312E+04
 1.58489E-10    9.47070E+03    8.95268E+03    9.98872E+03
 1.65959E-10    9.33998E+03    8.82911E+03    9.85085E+03
 1.73780E-10    9.21366E+03    8.70970E+03    9.71762E+03
 1.81970E-10    9.09170E+03    8.59441E+03    9.58900E+03
 1.90546E-10    8.97389E+03    8.48304E+03    9.46474E+03
 1.99526E-10    8.86011E+03    8.37548E+03    9.34473E+03
 2.08930E-10    8.75025E+03    8.27163E+03    9.22886E+03
 2.18776E-10    8.64424E+03    8.17143E+03    9.11706E+03
 2.29087E-10    8.54206E+03    8.07483E+03    9.00929E+03
 2.39883E-10    8.44361E+03    7.98177E+03    8.90546E+03
 2.51189E-10    8.34877E+03    7.89211E+03    8.80543E+03
 2.63027E-10    8.25737E+03    7.80571E+03    8.70902E+03
 2.75423E-10    8.16937E+03    7.72252E+03    8.61621E+03
 2.88403E-10    8.08468E+03    7.64247E+03    8.52689E+03
 3.01995E-10    8.00324E+03    7.56549E+03    8.44100E+03
 3.16228E-10    7.92492E+03    7.49145E+03    8.35839E+03
 3.31131E-10    7.84963E+03    7.42028E+03    8.27899E+03
 3.46737E-10    7.77734E+03    7.35194E+03    8.20274E+03
 3.63078E-10    7.70788E+03    7.28628E+03    8.12948E+03
 3.80189E-10    7.64119E+03    7.22324E+03    8.05915E+03
 3.98107E-10    7.57720E+03    7.16275E+03    7.99165E+03
 4.16869E-10    7.51584E+03    7.10475E+03    7.92694E+03
 4.36516E-10    7.45698E+03    7.04910E+03    7.86486E+03
 4.57088E-10    7.40057E+03    6.99578E+03    7.80537E+03
 4.78630E-10    7.34651E+03    6.94467E+03    7.74834E+03
 5.01187E-10    7.29472E+03    6.89572E+03    7.69372E+03
 5.24807E-10    7.24515E+03    6.84886E+03    7.64144E+03
 5.49541E-10    7.19769E+03    6.80399E+03    7.59138E+03
 5.75440E-10    7.15232E+03    6.76111E+03    7.54354E+03
 6.02560E-10    7.10878E+03    6.71994E+03    7.49761E+03
 6.30957E-10    7.06714E+03    6.68059E+03    7.45369E+03
 6.60693E-10    7.02733E+03    6.64295E+03    7.41170E+03
 6.91831E-10    6.98930E+03    6.60701E+03    7.37160E+03
 7.24436E-10    6.95304E+03    6.57272E+03    7.33335E+03
 7.58578E-10    6.91825E+03    6.53984E+03    7.29666E+03
 7.94328E-10    6.88491E+03    6.50832E+03    7.26149E+03
 8.31764E-10    6.85316E+03    6.47831E+03    7.22801E+03
 8.70964E-10    6.82295E+03    6.44975E+03    7.19615E+03
 9.12011E-10    6.79389E+03    6.42229E+03    7.16550E+03
 9.54993E-10    6.76610E+03    6.39601E+03    7.13619E+03
 1.00000E-09    6.73976E+03    6.37111E+03    7.10841E+03
 1.04713E-09    6.71452E+03    6.34725E+03    7.08178E+03
 1.09648E-09    6.69021E+03    6.32427E+03    7.05615E+03
 1.14815E-09    6.66732E+03    6.30264E+03    7.03201E+03
 1.20226E-09    6.64524E+03    6.28176E+03    7.00872E+03
 1.25892E-09    6.62410E+03    6.26175E+03    6.98644E+03
 1.31826E-09    6.60426E+03    6.24301E+03    6.96552E+03
 1.38038E-09    6.58482E+03    6.22462E+03    6.94501E+03
 1.44544E-09    6.56668E+03    6.20748E+03    6.92589E+03
 1.51356E-09    6.54908E+03    6.19084E+03    6.90732E+03
 1.58489E-09    6.53238E+03    6.17506E+03    6.88971E+03
 1.65959E-09    6.51648E+03    6.16002E+03    6.87294E+03
 1.73780E-09    6.50111E+03    6.14549E+03    6.85672E+03
 1.81970E-09    6.48673E+03    6.13190E+03    6.84156E+03
 1.90546E-09    6.47263E+03    6.11857E+03    6.82669E+03
 1.99526E-09    6.45956E+03    6.10621E+03    6.81290E+03
 2.08930E-09    6.44669E+03    6.09405E+03    6.79933E+03
 2.18776E-09    6.43473E+03    6.08274E+03    6.78671E+03
 2.29087E-09    6.42309E+03    6.07175E+03    6.77444E+03
 2.39883E-09    6.41203E+03    6.06128E+03    6.76277E+03
 2.51189E-09    6.40163E+03    6.05146E+03    6.75181E+03
 2.63027E-09    6.39127E+03    6.04166E+03    6.74088E+03
 2.75423E-09    6.38198E+03    6.03288E+03    6.73108E+03
 2.88403E-09    6.37245E+03    6.02388E+03    6.72103E+03
 3.01995E-09    6.36394E+03    6.01582E+03    6.71205E+03
 3.16228E-09    6.35553E+03    6.00787E+03    6.70318E+03
 3.31131E-09    6.34730E+03    6.00010E+03    6.69450E+03
 3.46737E-09    6.34000E+03    5.99320E+03    6.68681E+03
 3.63078E-09    6.33242E+03    5.98603E+03    6.67880E+03
 3.80189E-09    6.32550E+03    5.97949E+03    6.67151E+03
 3.98107E-09    6.31907E+03    5.97341E+03    6.66473E+03
 4.16869E-09    6.31236E+03    5.96707E+03    6.65765E+03
 4.36516E-09    6.30643E+03    5.96146E+03    6.65140E+03
 4.57088E-09    6.30082E+03    5.95616E+03    6.64548E+03
 4.78630E-09    6.29495E+03    5.95061E+03    6.63929E+03
 5.01187E-09    6.28973E+03    5.94568E+03    6.63379E+03
 5.24807E-09    6.28492E+03    5.94113E+03    6.62872E+03
 5.49541E-09    6.27989E+03    5.93638E+03    6.62341E+03
 5.75440E-09    6.27508E+03    5.93183E+03    6.61833E+03
 6.02560E-09    6.27102E+03    5.92799E+03    6.61406E+03
 6.30957E-09    6.26681E+03    5.92401E+03    6.60961E+03
 6.60693E-09    6.26243E+03    5.91987E+03    6.60499E+03
 6.91831E-09    6.25874E+03    5.91639E+03    6.60110E+03
 7.24436E-09    6.25531E+03    5.91314E+03    6.59748E+03
 7.58578E-09    6.25172E+03    5.90974E+03    6.59369E+03
 7.94328E-09    6.24801E+03    5.90624E+03    6.58979E+03
 8.31764E-09    6.24502E+03    5.90341E+03    6.58662E+03
 8.70964E-09    6.24218E+03    5.90072E+03    6.58363E+03
 9.12011E-09    6.23921E+03    5.89792E+03    6.58050E+03
 9.54993E-09    6.23609E+03    5.89497E+03    6.57721E+03
 1.00000E-08    6.23343E+03    5.89246E+03    6.57441E+03
 1.04713E-08    6.23117E+03    5.89032E+03    6.57202E+03
 1.09648E-08    6.22880E+03    5.88808E+03    6.56952E+03
 1.14815E-08    6.22632E+03    5.88573E+03    6.56690E+03
 1.20226E-08    6.22377E+03    5.88332E+03    6.56421E+03
 1.25893E-08    6.22181E+03    5.88147E+03    6.56215E+03
 1.31826E-08    6.22000E+03    5.87976E+03    6.56024E+03
 1.38038E-08    6.21811E+03    5.87798E+03    6.55825E+03
 1.44544E-08    6.21614E+03    5.87611E+03    6.55616E+03
 1.51356E-08    6.21406E+03    5.87415E+03    6.55398E+03
 1.58489E-08    6.21232E+03    5.87250E+03    6.55214E+03
 1.65959E-08    6.21096E+03    5.87121E+03    6.55070E+03
 1.73780E-08    6.20953E+03    5.86986E+03    6.54920E+03
 1.81970E-08    6.20804E+03    5.86845E+03    6.54762E+03
 1.90546E-08    6.20648E+03    5.86698E+03    6.54597E+03
 1.99526E-08    6.20484E+03    5.86543E+03    6.54425E+03
 2.08930E-08    6.20339E+03    5.86406E+03    6.54272E+03
 2.18776E-08    6.20224E+03    5.86297E+03    6.54151E+03
 2.29087E-08    6.20104E+03    5.86184E+03    6.54024E+03
 2.39883E-08    6.19978E+03    5.86065E+03    6.53892E+03
 2.51189E-08    6.19867E+03    5.85957E+03    6.53776E+03
 2.63027E-08    6.19784E+03    5.85879E+03    6.53689E+03
 2.75423E-08    6.19698E+03    5.85797E+03    6.53598E+03
 2.88403E-08    6.19607E+03    5.85712E+03    6.53503E+03
 3.01995E-08    6.19513E+03    5.85621E+03    6.53404E+03
 3.16228E-08    6.19414E+03    5.85528E+03    6.53300E+03
 3.31131E-08    6.19310E+03    5.85430E+03    6.53191E+03
 3.46737E-08    6.19202E+03    5.85327E+03    6.53076E+03
 3.63078E-08    6.19119E+03    5.85249E+03    6.52989E+03
 3.80189E-08    6.19061E+03    5.85194E+03    6.52928E+03
 3.98107E-08    6.18999E+03    5.85136E+03    6.52863E+03
 4.16869E-08    6.18935E+03    5.85074E+03    6.52797E+03
 4.36516E-08    6.18868E+03    5.85010E+03    6.52726E+03
 4.57088E-08    6.18798E+03    5.84943E+03    6.52652E+03
 4.78630E-08    6.18724E+03    5.84874E+03    6.52574E+03
 5.01187E-08    6.18647E+03    5.84799E+03    6.52494E+03
 5.24807E-08    6.18566E+03    5.84723E+03    6.52409E+03
 5.49541E-08    6.18487E+03    5.84648E+03    6.52325E+03
 5.75440E-08    6.18439E+03    5.84603E+03    6.52275E+03
 6.02560E-08    6.18396E+03    5.84560E+03    6.52231E+03
 6.30957E-08    6.18350E+03    5.84517E+03    6.52183E+03
 6.60693E-08    6.18303E+03    5.84473E+03    6.52133E+03
 6.91831E-08    6.18253E+03    5.84425E+03    6.52081E+03
 7.24436E-08    6.18201E+03    5.84375E+03    6.52028E+03
 7.58578E-08    6.18147E+03    5.84323E+03    6.51970E+03
 7.94328E-08    6.18089E+03    5.84269E+03    6.51910E+03
 8.31764E-08    6.18030E+03    5.84211E+03    6.51849E+03
 8.70964E-08    6.17967E+03    5.84152E+03    6.51782E+03
 9.12011E-08    6.17901E+03    5.84088E+03    6.51715E+03
 9.54993E-08    6.17834E+03    5.84024E+03    6.51644E+03
 1.00000E-07    6.17788E+03    5.83972E+03    6.51605E+03
 1.04713E-07    6.17750E+03    5.83936E+03    6.51565E+03
 1.09648E-07    6.17710E+03    5.83898E+03    6.51522E+03
 1.14815E-07    6.17668E+03    5.83858E+03    6.51478E+03
 1.20226E-07    6.17624E+03    5.83816E+03    6.51432E+03
 1.25893E-07    6.17578E+03    5.83773E+03    6.51383E+03
 1.31826E-07    6.17530E+03    5.83727E+03    6.51332E+03
 1.38038E-07    6.17479E+03    5.83680E+03    6.51279E+03
 1.44544E-07    6.17426E+03    5.83630E+03    6.51223E+03
 1.51356E-07    6.17371E+03    5.83577E+03    6.51165E+03
 1.58489E-07    6.17313E+03    5.83522E+03    6.51104E+03
 1.65959E-07    6.17252E+03    5.83465E+03    6.51040E+03
 1.73780E-07    6.17189E+03    5.83405E+03    6.50973E+03
 1.81970E-07    6.17122E+03    5.83342E+03    6.50902E+03
 1.90546E-07    6.17052E+03    5.83276E+03    6.50829E+03
 1.99526E-07    6.16980E+03    5.83207E+03    6.50752E+03
 2.08930E-07    6.16904E+03    5.83119E+03    6.50689E+03
 2.18776E-07    6.16841E+03    5.83059E+03    6.50623E+03
 2.29087E-07    6.16782E+03    5.83004E+03    6.50561E+03
 2.39883E-07    6.16721E+03    5.82946E+03    6.50496E+03
 2.51189E-07    6.16657E+03    5.82885E+03    6.50428E+03
 2.63027E-07    6.16589E+03    5.82821E+03    6.50357E+03
 2.75423E-07    6.16519E+03    5.82755E+03    6.50283E+03
 2.88403E-07    6.16445E+03    5.82685E+03    6.50205E+03
 3.01995E-07    6.16367E+03    5.82595E+03    6.50140E+03
 3.16228E-07    6.16287E+03    5.82519E+03    6.50055E+03
 3.31131E-07    6.16202E+03    5.82438E+03    6.49965E+03
 3.46737E-07    6.16113E+03    5.82354E+03    6.49871E+03
 3.63078E-07    6.16020E+03    5.82267E+03    6.49773E+03
 3.80189E-07    6.15923E+03    5.82175E+03    6.49671E+03
 3.98107E-07    6.15821E+03    5.82078E+03    6.49563E+03
 4.16869E-07    6.15714E+03    5.81960E+03    6.49467E+03
 4.36516E-07    6.15602E+03    5.81855E+03    6.49349E+03
 4.57088E-07    6.15485E+03    5.81744E+03    6.49226E+03
 4.78630E-07    6.15362E+03    5.81628E+03    6.49097E+03
 5.01187E-07    6.15234E+03    5.81482E+03    6.48986E+03
 5.24807E-07    6.15100E+03    5.81355E+03    6.48845E+03
 5.49541E-07    6.14959E+03    5.81222E+03    6.48696E+03
 5.75440E-07    6.14812E+03    5.81083E+03    6.48541E+03
 6.02560E-07    6.14657E+03    5.80937E+03    6.48378E+03
 6.30957E-07    6.14496E+03    5.80784E+03    6.48208E+03
 6.60693E-07    6.14327E+03    5.80624E+03    6.48029E+03
 6.91831E-07    6.14149E+03    5.80457E+03    6.47842E+03
 7.24436E-07    6.13964E+03    5.80240E+03    6.47689E+03
 7.58578E-07    6.13785E+03    5.80070E+03    6.47499E+03
 7.94328E-07    6.13602E+03    5.79898E+03    6.47307E+03
 8.31764E-07    6.13411E+03    5.79718E+03    6.47105E+03
 8.70964E-07    6.13211E+03    5.79529E+03    6.46894E+03
 9.12011E-07    6.13002E+03    5.79331E+03    6.46673E+03
 9.54993E-07    6.12783E+03    5.79124E+03    6.46442E+03
 1.00000E-06    6.12553E+03    5.78800E+03    6.46307E+03
 1.04713E-06    6.12313E+03    5.78572E+03    6.46053E+03
 1.09648E-06    6.12061E+03    5.78335E+03    6.45788E+03
 1.14815E-06    6.11798E+03    5.78085E+03    6.45510E+03
 1.20226E-06    6.11522E+03    5.77825E+03    6.45218E+03
 1.25893E-06    6.11233E+03    5.77552E+03    6.44913E+03
 1.31826E-06    6.10930E+03    5.77266E+03    6.44594E+03
 1.38038E-06    6.10613E+03    5.76966E+03    6.44260E+03
 1.44544E-06    6.10281E+03    5.76653E+03    6.43910E+03
 1.51356E-06    6.09934E+03    5.76324E+03    6.43543E+03
 1.58489E-06    6.09570E+03    5.75981E+03    6.43159E+03
 1.65959E-06    6.09189E+03    5.75621E+03    6.42757E+03
 1.73780E-06    6.08790E+03    5.75244E+03    6.42336E+03
 1.81970E-06    6.08372E+03    5.74849E+03    6.41895E+03
 1.90546E-06    6.07935E+03    5.74436E+03    6.41434E+03
 1.99526E-06    6.07477E+03    5.74003E+03    6.40951E+03
 2.08930E-06    6.06997E+03    5.73388E+03    6.40606E+03
 2.18776E-06    6.06495E+03    5.72913E+03    6.40076E+03
 2.29087E-06    6.05969E+03    5.72416E+03    6.39521E+03
 2.39883E-06    6.05418E+03    5.71896E+03    6.38940E+03
 2.51189E-06    6.04841E+03    5.71351E+03    6.38332E+03
 2.63027E-06    6.04238E+03    5.70781E+03    6.37694E+03
 2.75423E-06    6.03605E+03    5.70184E+03    6.37027E+03
 2.88403E-06    6.02943E+03    5.69558E+03    6.36328E+03
 3.01995E-06    6.02250E+03    5.68746E+03    6.35754E+03
 3.16228E-06    6.01524E+03    5.68060E+03    6.34988E+03
 3.31131E-06    6.00764E+03    5.67342E+03    6.34185E+03
 3.46737E-06    5.99968E+03    5.66591E+03    6.33345E+03
 3.63078E-06    5.99134E+03    5.65803E+03    6.32465E+03
 3.80189E-06    5.98284E+03    5.65000E+03    6.31567E+03
 3.98107E-06    5.97470E+03    5.64232E+03    6.30708E+03
 4.16869E-06    5.96624E+03    5.63277E+03    6.29971E+03
 4.36516E-06    5.95739E+03    5.62441E+03    6.29036E+03
 4.57088E-06    5.94811E+03    5.61566E+03    6.28057E+03
 4.78630E-06    5.93841E+03    5.60649E+03    6.27032E+03
 5.01187E-06    5.92824E+03    5.59537E+03    6.26110E+03
 5.24807E-06    5.91759E+03    5.58532E+03    6.24986E+03
 5.49541E-06    5.90644E+03    5.57480E+03    6.23809E+03
 5.75440E-06    5.89477E+03    5.56378E+03    6.22576E+03
 6.02560E-06    5.88255E+03    5.55077E+03    6.21433E+03
 6.30957E-06    5.86975E+03    5.53869E+03    6.20081E+03
 6.60693E-06    5.85635E+03    5.52604E+03    6.18665E+03
 6.91831E-06    5.84231E+03    5.51280E+03    6.17182E+03
 7.24436E-06    5.82762E+03    5.49753E+03    6.15770E+03
 7.58578E-06    5.81223E+03    5.48301E+03    6.14144E+03
 7.94328E-06    5.79611E+03    5.46781E+03    6.12442E+03
 8.31764E-06    5.77924E+03    5.45033E+03    6.10815E+03
 8.70964E-06    5.76157E+03    5.43367E+03    6.08947E+03
 9.12011E-06    5.74307E+03    5.41485E+03    6.07129E+03
 9.54993E-06    5.72370E+03    5.39658E+03    6.05081E+03
 1.00000E-05    5.70348E+03    5.37355E+03    6.03341E+03
 1.04713E-05    5.68442E+03    5.35560E+03    6.01324E+03
 1.09648E-05    5.66548E+03    5.33776E+03    5.99321E+03
 1.14815E-05    5.64566E+03    5.31907E+03    5.97224E+03
 1.20226E-05    5.62489E+03    5.29951E+03    5.95027E+03
 1.25893E-05    5.60315E+03    5.27903E+03    5.92728E+03
 1.31826E-05    5.58039E+03    5.25758E+03    5.90319E+03
 1.38038E-05    5.55655E+03    5.23512E+03    5.87798E+03
 1.44544E-05    5.53159E+03    5.21160E+03    5.85157E+03
 1.51356E-05    5.50545E+03    5.18079E+03    5.83010E+03
 1.58489E-05    5.47808E+03    5.15503E+03    5.80112E+03
 1.65959E-05    5.44942E+03    5.12806E+03    5.77077E+03
 1.73780E-05    5.42088E+03    5.10121E+03    5.74055E+03
 1.81970E-05    5.39412E+03    5.07603E+03    5.71221E+03
 1.90546E-05    5.36619E+03    5.04975E+03    5.68264E+03
 1.99526E-05    5.33695E+03    5.02223E+03    5.65167E+03
 2.08930E-05    5.30633E+03    4.98523E+03    5.62742E+03
 2.18776E-05    5.27426E+03    4.95511E+03    5.59342E+03
 2.29087E-05    5.24069E+03    4.92356E+03    5.55781E+03
 2.39883E-05    5.20553E+03    4.89053E+03    5.52053E+03
 2.51189E-05    5.17028E+03    4.85741E+03    5.48314E+03
 2.63027E-05    5.13742E+03    4.82655E+03    5.44830E+03
 2.75423E-05    5.10323E+03    4.79443E+03    5.41204E+03
 2.88403E-05    5.06743E+03    4.76079E+03    5.37407E+03
 3.01995E-05    5.02994E+03    4.71597E+03    5.34391E+03
 3.16228E-05    4.99068E+03    4.67916E+03    5.30220E+03
 3.31131E-05    4.94996E+03    4.64099E+03    5.25894E+03
 3.46737E-05    4.91218E+03    4.60556E+03    5.21879E+03
 3.63078E-05    4.87405E+03    4.56981E+03    5.17829E+03
 3.80189E-05    4.83412E+03    4.53237E+03    5.13587E+03
 3.98107E-05    4.79231E+03    4.49318E+03    5.09145E+03
 4.16869E-05    4.74854E+03    4.44404E+03    5.05303E+03
 4.36516E-05    4.70657E+03    4.40476E+03    5.00837E+03
 4.57088E-05    4.66619E+03    4.36698E+03    4.96541E+03
 4.78630E-05    4.62392E+03    4.32741E+03    4.92042E+03
 5.01187E-05    4.57965E+03    4.27896E+03    4.88034E+03
 5.24807E-05    4.53339E+03    4.23573E+03    4.83105E+03
 5.49541E-05    4.48989E+03    4.19509E+03    4.78469E+03
 5.75440E-05    4.44716E+03    4.15516E+03    4.73915E+03
 6.02560E-05    4.40241E+03    4.10720E+03    4.69763E+03
 6.30957E-05    4.35556E+03    4.06349E+03    4.64764E+03
 6.60693E-05    4.30970E+03    4.02070E+03    4.59870E+03
 6.91831E-05    4.26646E+03    3.98036E+03    4.55256E+03
 7.24436E-05    4.22123E+03    3.93277E+03    4.50969E+03
 7.58578E-05    4.17386E+03    3.88864E+03    4.45909E+03
 7.94328E-05    4.12792E+03    3.84583E+03    4.41001E+03
 8.31764E-05    4.08444E+03    3.79836E+03    4.37052E+03
 8.70964E-05    4.03892E+03    3.75603E+03    4.32182E+03
 9.12011E-05    3.99134E+03    3.71178E+03    4.27090E+03
 9.54993E-05    3.94666E+03    3.67023E+03    4.22309E+03
 1.00000E-04    3.90299E+03    3.60962E+03    4.19636E+03
 1.04713E-04    3.85726E+03    3.56733E+03    4.14719E+03
 1.09648E-04    3.81026E+03    3.52386E+03    4.09666E+03
 1.14815E-04    3.76670E+03    3.48358E+03    4.04983E+03
 1.20226E-04    3.72209E+03    3.44232E+03    4.00186E+03
 1.25893E-04    3.67766E+03    3.40123E+03    3.95409E+03
 1.31826E-04    3.63412E+03    3.36096E+03    3.90727E+03
 1.38038E-04    3.59032E+03    3.32046E+03    3.86019E+03
 1.44544E-04    3.54450E+03    3.27807E+03    3.81092E+03
 1.51356E-04    3.50084E+03    3.23770E+03    3.76398E+03
 1.58489E-04    3.45830E+03    3.19836E+03    3.71825E+03
 1.65959E-04    3.41376E+03    3.15717E+03    3.67036E+03
 1.73780E-04    3.36768E+03    3.11455E+03    3.62082E+03
 1.81970E-04    3.32447E+03    3.07458E+03    3.57435E+03
 1.90546E-04    3.28042E+03    3.03384E+03    3.52699E+03
 1.99526E-04    3.23429E+03    2.99118E+03    3.47739E+03
 2.08930E-04    3.18600E+03    2.92401E+03    3.44800E+03
 2.18776E-04    3.13687E+03    2.87892E+03    3.39483E+03
 2.29087E-04    3.08639E+03    2.83258E+03    3.34019E+03
 2.39883E-04    3.03352E+03    2.78406E+03    3.28298E+03
 2.51189E-04    2.97816E+03    2.73326E+03    3.22307E+03
 2.63027E-04    2.92019E+03    2.68005E+03    3.16032E+03
 2.75423E-04    2.85465E+03    2.61990E+03    3.08940E+03
 2.88403E-04    2.78161E+03    2.55287E+03    3.01035E+03
 3.01995E-04    2.69560E+03    2.43926E+03    2.95193E+03
 3.16228E-04    2.59280E+03    2.34624E+03    2.83936E+03
 3.31131E-04    2.45937E+03    2.22550E+03    2.69324E+03
 3.46737E-04    2.27559E+03    2.05920E+03    2.49199E+03
 3.63078E-04    1.99060E+03    1.80131E+03    2.17989E+03
 3.80189E-04    1.48180E+03    1.34089E+03    1.62272E+03
 3.98107E-04    9.72113E+03    8.79671E+03    1.06456E+04
 4.16869E-04    1.69944E+05    1.68033E+05    1.71855E+05
 4.36516E-04    5.71424E+03    5.64998E+03    5.77851E+03
 4.57088E-04    4.28140E+03    4.23325E+03    4.32955E+03
 4.78630E-04    3.73799E+03    3.69596E+03    3.78003E+03
 5.01187E-04    3.39624E+03    3.32006E+03    3.47242E+03
 5.24807E-04    3.06089E+03    2.99223E+03    3.12955E+03
 5.49541E-04    7.42714E+03    7.26055E+03    7.59373E+03
 5.75440E-04    3.90515E+04    3.81756E+04    3.99274E+04
 6.02560E-04    3.83495E+03    3.54480E+03    4.12510E+03
 6.30957E-04    3.49545E+03    3.23098E+03    3.75992E+03
 6.60693E-04    3.33643E+03    3.08400E+03    3.58887E+03
 6.91831E-04    3.23253E+03    2.98795E+03    3.47710E+03
 7.24436E-04    3.15262E+03    2.89855E+03    3.40668E+03
 7.58578E-04    3.08646E+03    2.83773E+03    3.33519E+03
 7.94328E-04    3.02679E+03    2.78287E+03    3.27072E+03
 8.31764E-04    2.97184E+03    2.72263E+03    3.22104E+03
 8.70964E-04    2.91423E+03    2.66985E+03    3.15860E+03
 9.12011E-04    2.85344E+03    2.61416E+03    3.09272E+03
 9.54993E-04    2.78306E+03    2.54968E+03    3.01644E+03
 1.00000E-03    3.31591E+03    3.19335E+03    3.43847E+03
 1.04713E-03    2.85838E+03    2.75273E+03    2.96403E+03
 1.09648E-03    2.81549E+03    2.71143E+03    2.91956E+03
 1.14815E-03    8.55983E+03    8.24344E+03    8.87622E+03
 1.20226E-03    2.90548E+03    2.79808E+03    3.01287E+03
 1.25893E-03    2.11475E+03    2.03659E+03    2.19292E+03
 1.31826E-03    3.05634E+04    2.94337E+04    3.16931E+04
 1.38038E-03    3.63292E+03    3.49864E+03    3.76720E+03
 1.44544E-03    3.12391E+03    3.00844E+03    3.23938E+03
 1.51356E-03    2.91471E+03    2.74316E+03    3.08625E+03
 1.58489E-03    2.72262E+03    2.56238E+03    2.88286E+03
 1.65959E-03    1.01110E+04    9.51595E+03    1.07061E+04
 1.73780E-03    3.49063E+03    3.28519E+03    3.69607E+03
 1.81970E-03    2.88251E+03    2.71286E+03    3.05216E+03
 1.90546E-03    2.72895E+03    2.56834E+03    2.88957E+03
 1.99526E-03    2.59708E+03    2.44423E+03    2.74994E+03
 2.08930E-03    2.43815E+03    2.37021E+03    2.50610E+03
 2.18776E-03    2.16307E+03    2.10279E+03    2.22335E+03
 2.29087E-03    4.25423E+03    4.13568E+03    4.37279E+03
 2.39883E-03    2.02757E+04    1.97106E+04    2.08407E+04
 2.51189E-03    2.43184E+03    2.36407E+03    2.49961E+03
 2.63027E-03    3.50018E+04    3.40263E+04    3.59772E+04
 2.75423E-03    4.44733E+03    4.32339E+03    4.57126E+03
 2.88403E-03    3.57083E+03    3.47132E+03    3.67034E+03
 3.01995E-03    3.51636E+03    3.37251E+03    3.66021E+03
 3.16228E-03    3.08788E+03    2.96156E+03    3.21420E+03
 3.31131E-03    3.21376E+03    3.08229E+03    3.34523E+03
 3.46737E-03    2.77347E+03    2.66001E+03    2.88693E+03
 3.63078E-03    2.46226E+03    2.36153E+03    2.56299E+03
 3.80189E-03    1.75331E+04    1.68159E+04    1.82504E+04
 3.98107E-03    3.53954E+03    3.39474E+03    3.68433E+03
 4.16869E-03    3.39867E+03    3.25963E+03    3.53771E+03
 4.36516E-03    2.69796E+03    2.58759E+03    2.80833E+03
 4.57088E-03    4.96493E+03    4.76182E+03    5.16804E+03
 4.78630E-03    1.52112E+04    1.45889E+04    1.58335E+04
 5.01187E-03    4.27035E+03    4.03367E+03    4.50703E+03
 5.24807E-03    5.48956E+03    5.18531E+03    5.79381E+03
 5.49541E-03    2.68644E+03    2.53755E+03    2.83533E+03
 5.75440E-03    1.08000E+04    1.02014E+04    1.13985E+04
 6.02560E-03    3.68475E+03    3.48053E+03    3.88897E+03
 6.30957E-03    6.71671E+03    6.34445E+03    7.08897E+03
 6.60693E-03    3.03801E+03    2.86963E+03    3.20638E+03
 6.91831E-03    4.96173E+03    4.68673E+03    5.23673E+03
 7.24436E-03    2.86918E+03    2.68980E+03    3.04856E+03
 7.58578E-03    3.73767E+03    3.50399E+03    3.97134E+03
 7.94328E-03    6.49168E+03    6.08582E+03    6.89754E+03
 8.31764E-03    1.15323E+04    1.08113E+04    1.22533E+04
 8.70964E-03    4.54731E+03    4.26301E+03    4.83161E+03
 9.12011E-03    4.60509E+03    4.31718E+03    4.89299E+03
 9.54993E-03    3.65917E+03    3.43040E+03    3.88794E+03
 1.00000E-02    6.25994E+03    5.92221E+03    6.59767E+03
 1.04713E-02    1.54035E+04    1.45725E+04    1.62346E+04
 1.09648E-02    4.48816E+03    4.24602E+03    4.73030E+03
 1.14815E-02    3.87765E+03    3.66844E+03    4.08685E+03
 1.20226E-02    4.00674E+03    3.79057E+03    4.22291E+03
 1.25893E-02    3.27833E+03    3.10146E+03    3.45520E+03
 1.31826E-02    4.03885E+03    3.82095E+03    4.25675E+03
 1.38038E-02    3.08004E+03    2.91387E+03    3.24621E+03
 1.44544E-02    5.94576E+03    5.62498E+03    6.26654E+03
 1.51356E-02    8.57461E+03    6.70381E+03    1.04454E+04
 1.58489E-02    8.41544E+03    6.57936E+03    1.02515E+04
 1.65959E-02    8.24876E+03    6.44906E+03    1.00485E+04
 1.73780E-02    8.07424E+03    6.31261E+03    9.83587E+03
 1.81970E-02    7.89148E+03    6.16973E+03    9.61324E+03
 1.90546E-02    7.70012E+03    6.02011E+03    9.38012E+03
 1.99526E-02    7.55149E+03    5.90391E+03    9.19907E+03
 2.08930E-02    7.45999E+03    5.83237E+03    9.08760E+03
 2.18776E-02    7.36433E+03    5.75758E+03    8.97107E+03
 2.29087E-02    7.26416E+03    5.67927E+03    8.84904E+03
 2.39883E-02    7.15927E+03    5.59727E+03    8.72127E+03
 2.51189E-02    7.04944E+03    5.51140E+03    8.58747E+03
 2.63027E-02    6.93443E+03    5.42148E+03    8.44737E+03
 2.75423E-02    6.81400E+03    5.32733E+03    8.30067E+03
 2.88403E-02    6.68868E+03    5.22935E+03    8.14801E+03
 3.01995E-02    6.60568E+03    5.72335E+03    7.48800E+03
 3.16228E-02    6.54754E+03    5.67298E+03    7.42211E+03
 3.31131E-02    6.48667E+03    5.62024E+03    7.35310E+03
 3.46737E-02    6.42293E+03    5.56502E+03    7.28085E+03
 3.63078E-02    6.35619E+03    5.50719E+03    7.20519E+03
 3.80189E-02    6.28630E+03    5.44663E+03    7.12597E+03
 3.98107E-02    6.21312E+03    5.38323E+03    7.04301E+03
 4.16869E-02    6.13649E+03    5.31683E+03    6.95614E+03
 4.36516E-02    6.05624E+03    5.24730E+03    6.86518E+03
 4.57088E-02    5.97222E+03    5.17450E+03    6.76993E+03
 4.78630E-02    5.88423E+03    5.09827E+03    6.67019E+03
 5.01187E-02    5.79210E+03    5.01844E+03    6.56576E+03
 5.24807E-02    5.69563E+03    4.93486E+03    6.45640E+03
 5.49541E-02    5.59585E+03    4.84841E+03    6.34330E+03
 5.75440E-02    5.49264E+03    4.75898E+03    6.22630E+03
 6.02560E-02    5.42503E+03    4.70040E+03    6.14965E+03
 6.30957E-02    5.38276E+03    4.66378E+03    6.10174E+03
 6.60693E-02    5.33850E+03    4.62544E+03    6.05157E+03
 6.91831E-02    5.29216E+03    4.58528E+03    5.99904E+03
 7.24436E-02    5.24364E+03    4.54324E+03    5.94403E+03
 7.58578E-02    5.19282E+03    4.49921E+03    5.88643E+03
 7.94328E-02    5.13961E+03    4.45311E+03    5.82612E+03
 8.31764E-02    5.08390E+03    4.40484E+03    5.76296E+03
 8.70964E-02    5.02556E+03    4.35429E+03    5.69682E+03
 9.12011E-02    4.96548E+03    4.30223E+03    5.62872E+03
 9.54993E-02    4.90448E+03    4.24938E+03    5.55958E+03
 1.00000E-01    4.86423E+03    4.21451E+03    5.51395E+03
 1.04713E-01    4.84603E+03    4.19875E+03    5.49332E+03
 1.09648E-01    4.82698E+03    4.18223E+03    5.47172E+03
 1.14815E-01    4.80703E+03    4.16495E+03    5.44911E+03
 1.20226E-01    4.78613E+03    4.14684E+03    5.42542E+03
 1.25893E-01    4.76425E+03    4.12789E+03    5.40062E+03
 1.31826E-01    4.74135E+03    4.10804E+03    5.37465E+03
 1.38038E-01    4.71736E+03    4.08725E+03    5.34746E+03
 1.44544E-01    4.69224E+03    4.06549E+03    5.31898E+03
 1.51356E-01    4.66612E+03    4.04286E+03    5.28938E+03
 1.58489E-01    4.64211E+03    4.02206E+03    5.26216E+03
 1.65959E-01    4.61820E+03    4.00134E+03    5.23506E+03
 1.73780E-01    4.59317E+03    3.97965E+03    5.20668E+03
 1.81970E-01    4.56695E+03    3.95694E+03    5.17696E+03
 1.90546E-01    4.53950E+03    3.93316E+03    5.14585E+03
 1.99526E-01    4.52449E+03    3.92015E+03    5.12883E+03
 2.08930E-01    4.52578E+03    4.00651E+03    5.04505E+03
 2.18776E-01    4.52717E+03    4.00774E+03    5.04661E+03
 2.29087E-01    4.52863E+03    4.00903E+03    5.04823E+03
 2.39883E-01    4.53016E+03    4.01038E+03    5.04994E+03
 2.51189E-01    4.53176E+03    4.01180E+03    5.05172E+03
 2.63027E-01    4.53343E+03    4.01328E+03    5.05358E+03
 2.75423E-01    4.53519E+03    4.01483E+03    5.05554E+03
 2.88403E-01    4.53719E+03    4.01660E+03    5.05777E+03
 3.01995E-01    4.54925E+03    4.02729E+03    5.07122E+03
 3.16228E-01    4.56784E+03    4.04374E+03    5.09194E+03
 3.31131E-01    4.58730E+03    4.06097E+03    5.11363E+03
 3.46737E-01    4.60768E+03    4.07901E+03    5.13635E+03
 3.63078E-01    4.62902E+03    4.09790E+03    5.16013E+03
 3.80189E-01    4.65136E+03    4.11768E+03    5.18504E+03
 3.98107E-01    4.67956E+03    4.14264E+03    5.21648E+03
 4.16869E-01    4.72124E+03    4.17954E+03    5.26293E+03
 4.36516E-01    4.76546E+03    4.21869E+03    5.31223E+03
 4.57088E-01    4.81177E+03    4.25968E+03    5.36385E+03
 4.78630E-01    4.86026E+03    4.30261E+03    5.41791E+03
 5.01187E-01    4.91105E+03    4.34757E+03    5.47453E+03
 5.24807E-01    4.96534E+03    4.39563E+03    5.53505E+03
 5.49541E-01    5.02286E+03    4.44656E+03    5.59917E+03
 5.75440E-01    5.08310E+03    4.49988E+03    5.66632E+03
 6.02560E-01    5.14617E+03    4.88450E+03    5.40784E+03
 6.30957E-01    5.21222E+03    4.94719E+03    5.47724E+03
 6.60693E-01    5.28136E+03    5.01282E+03    5.54991E+03
 6.91831E-01    5.34733E+03    5.07543E+03    5.61922E+03
 7.24436E-01    5.41097E+03    5.13583E+03    5.68610E+03
 7.58578E-01    5.47760E+03    5.19908E+03    5.75612E+03
 7.94328E-01    5.54601E+03    5.26401E+03    5.82801E+03
 8.31764E-01    5.61051E+03    5.32523E+03    5.89578E+03
 8.70964E-01    5.67445E+03    5.38592E+03    5.96298E+03
 9.12011E-01    5.69701E+03    5.40733E+03    5.98669E+03
 9.54993E-01    5.70441E+03    5.41436E+03    5.99447E+03
 1.00000E+00    5.71217E+03    5.51796E+03    5.90637E+03
 1.04713E+00    5.72028E+03    5.52580E+03    5.91476E+03
 1.09648E+00    5.72247E+03    5.52791E+03    5.91702E+03
 1.14815E+00    5.71639E+03    5.52204E+03    5.91074E+03
 1.20226E+00    5.69764E+03    5.50393E+03    5.89135E+03
 1.25893E+00    5.65896E+03    5.46656E+03    5.85136E+03
 1.31826E+00    5.61574E+03    5.42481E+03    5.80667E+03
 1.38038E+00    5.56131E+03    5.37223E+03    5.75039E+03
 1.44544E+00    5.50347E+03    5.31636E+03    5.69059E+03
 1.51356E+00    5.43976E+03    5.25481E+03    5.62470E+03
 1.58489E+00    5.36844E+03    5.18592E+03    5.55096E+03
 1.65959E+00    5.29655E+03    5.11648E+03    5.47663E+03
 1.73780E+00    5.21981E+03    5.04235E+03    5.39728E+03
 1.81970E+00    5.11870E+03    4.75074E+03    5.48667E+03
 1.90546E+00    5.00534E+03    4.64552E+03    5.36516E+03
 1.99526E+00    4.88197E+03    4.53102E+03    5.23292E+03
 2.08930E+00    4.75532E+03    4.41347E+03    5.09716E+03
 2.18776E+00    4.62316E+03    4.29082E+03    4.95550E+03
 2.29087E+00    4.48477E+03    4.16238E+03    4.80717E+03
 2.39883E+00    4.33986E+03    4.02788E+03    4.65184E+03
 2.51189E+00    4.19013E+03    3.88891E+03    4.49134E+03
 2.63027E+00    4.03800E+03    3.68181E+03    4.39419E+03
 2.75423E+00    3.87960E+03    3.53739E+03    4.22182E+03
 2.88403E+00    3.72291E+03    3.39451E+03    4.05130E+03
 3.01995E+00    3.56647E+03    3.25188E+03    3.88107E+03
 3.16228E+00    3.41295E+03    3.11190E+03    3.71401E+03
 3.31131E+00    3.26414E+03    2.97621E+03    3.55206E+03
 3.46737E+00    3.12073E+03    2.84546E+03    3.39601E+03
 3.63078E+00    2.98325E+03    2.72010E+03    3.24640E+03
 3.80189E+00    2.85295E+03    2.60129E+03    3.10460E+03
 3.98107E+00    2.73111E+03    2.49020E+03    2.97202E+03
 4.16869E+00    2.61721E+03    2.38635E+03    2.84807E+03
 4.36516E+00    2.51179E+03    2.29023E+03    2.73336E+03
 4.57088E+00    2.41512E+03    2.20209E+03    2.62816E+03
 4.78630E+00    2.32748E+03    2.26006E+03    2.39490E+03
 5.01187E+00    2.24921E+03    2.18406E+03    2.31437E+03
 5.24807E+00    2.18099E+03    2.11781E+03    2.24416E+03
 5.49541E+00    2.12339E+03    2.06188E+03    2.18490E+03
 5.75440E+00    2.07703E+03    2.01686E+03    2.13719E+03
 6.02560E+00    2.04208E+03    1.98292E+03    2.10123E+03
 6.30957E+00    2.01987E+03    1.96136E+03    2.07838E+03
 6.60693E+00    2.01061E+03    1.88443E+03    2.13680E+03
 6.91831E+00    2.01508E+03    1.88862E+03    2.14155E+03
 7.24436E+00    2.03249E+03    1.90493E+03    2.16005E+03
 7.58578E+00    2.06292E+03    1.93346E+03    2.19239E+03
 7.94328E+00    2.10592E+03    1.97376E+03    2.23809E+03
 8.31764E+00    2.15760E+03    2.02219E+03    2.29301E+03
 8.70964E+00    2.21828E+03    2.07906E+03    2.35750E+03
 9.12011E+00    2.28335E+03    2.17849E+03    2.38822E+03
 9.54993E+00    2.35347E+03    2.24539E+03    2.46155E+03
 1.00000E+01    2.42504E+03    2.31367E+03    2.53641E+03
 1.04713E+01    2.49553E+03    2.38092E+03    2.61014E+03
 1.09648E+01    2.56286E+03    2.44516E+03    2.68056E+03
 1.14815E+01    2.62564E+03    2.50506E+03    2.74622E+03
 1.20226E+01    2.68027E+03    2.55718E+03    2.80336E+03
 1.25893E+01    2.72744E+03    2.60218E+03    2.85270E+03
 1.31826E+01    2.76436E+03    2.66371E+03    2.86501E+03
 1.38038E+01    2.78985E+03    2.68827E+03    2.89143E+03
 1.44544E+01    2.80381E+03    2.70172E+03    2.90590E+03
 1.51356E+01    2.80433E+03    2.70222E+03    2.90643E+03
 1.58489E+01    2.79082E+03    2.68920E+03    2.89243E+03
 1.65959E+01    2.76272E+03    2.64389E+03    2.88155E+03
 1.73780E+01    2.72048E+03    2.60347E+03    2.83749E+03
 1.81970E+01    2.66353E+03    2.54897E+03    2.77809E+03
 1.90546E+01    2.59300E+03    2.48147E+03    2.70453E+03
 1.99526E+01    2.50942E+03    2.40149E+03    2.61736E+03
 2.08930E+01    2.41646E+03    2.30537E+03    2.52754E+03
 2.18776E+01    2.31627E+03    2.20979E+03    2.42275E+03
 2.29087E+01    2.21253E+03    2.11082E+03    2.31424E+03
 2.39883E+01    2.10911E+03    2.01216E+03    2.20607E+03
 2.51189E+01    2.00974E+03    1.91483E+03    2.10466E+03
 2.63027E+01    1.91726E+03    1.82671E+03    2.00781E+03
 2.75423E+01    1.83353E+03    1.74694E+03    1.92012E+03
 2.88403E+01    1.75993E+03    1.68105E+03    1.83881E+03
 3.01995E+01    1.69841E+03    1.62229E+03    1.77453E+03
 3.16228E+01    1.65043E+03    1.57646E+03    1.72440E+03
 3.31131E+01    1.61885E+03    1.54629E+03    1.69141E+03
 3.46737E+01    1.60493E+03    1.53299E+03    1.67686E+03
 3.63078E+01    1.60962E+03    1.53748E+03    1.68177E+03
 3.80189E+01    1.63173E+03    1.55860E+03    1.70487E+03
 3.98107E+01    1.66940E+03    1.59458E+03    1.74422E+03
 4.16869E+01    1.72045E+03    1.64334E+03    1.79756E+03
 4.36516E+01    1.78256E+03    1.70267E+03    1.86245E+03
 4.57088E+01    1.85331E+03    1.77024E+03    1.93637E+03
 4.78630E+01    1.92984E+03    1.84334E+03    2.01633E+03
 5.01187E+01    2.00883E+03    1.91879E+03    2.09886E+03
 5.24807E+01    2.08688E+03    1.99335E+03    2.18042E+03
 5.49541E+01    2.16080E+03    2.06395E+03    2.25764E+03
 5.75440E+01    2.22770E+03    2.12786E+03    2.32755E+03
 6.02560E+01    2.28511E+03    2.18269E+03    2.38753E+03
 6.30957E+01    2.33096E+03    2.22648E+03    2.43543E+03
 6.60693E+01    2.36360E+03    2.25767E+03    2.46954E+03
 6.91831E+01    2.38196E+03    2.27520E+03    2.48872E+03
 7.24436E+01    2.38548E+03    2.27857E+03    2.49240E+03
 7.58578E+01    2.37416E+03    2.26775E+03    2.48057E+03
 7.94328E+01    2.34845E+03    2.24319E+03    2.45370E+03
 8.31764E+01    2.30920E+03    2.20571E+03    2.41270E+03
 8.70964E+01    2.25761E+03    2.15643E+03    2.35880E+03
 9.12011E+01    2.19512E+03    2.09673E+03    2.29350E+03
 9.54993E+01    2.12335E+03    2.02818E+03    2.21851E+03
 1.00000E+02    2.04401E+03    1.95239E+03    2.13562E+03
 1.04713E+02    1.95899E+03    1.87118E+03    2.04679E+03
 1.09648E+02    1.86991E+03    1.78610E+03    1.95372E+03
 1.14815E+02    1.77872E+03    1.69900E+03    1.85844E+03
 1.20226E+02    1.68679E+03    1.61118E+03    1.76239E+03
 1.25893E+02    1.59580E+03    1.52428E+03    1.66732E+03
 1.31826E+02    1.50690E+03    1.43936E+03    1.57444E+03
 1.38038E+02    1.42137E+03    1.35767E+03    1.48508E+03
 1.44544E+02    1.34010E+03    1.28004E+03    1.40017E+03
 1.51356E+02    1.26388E+03    1.20724E+03    1.32053E+03
 1.58489E+02    1.19331E+03    1.13983E+03    1.24680E+03
 1.65959E+02    1.12892E+03    1.07832E+03    1.17952E+03
 1.73780E+02    1.07096E+03    1.02296E+03    1.11897E+03
 1.81970E+02    1.01970E+03    9.73994E+02    1.06540E+03
 1.90546E+02    9.75233E+02    9.31523E+02    1.01894E+03
 1.99526E+02    4.91472E+01    4.69444E+01    5.13499E+01
