# n + W 183 : (n,n'19)  
# tendl.2019 A.J. Koning and D. Rochman        EVAL-NOV19
# uncertainties: n
# # energies =    78
#   E(MeV)       xs(mb) 
 8.55290E-01    0.00000E+00
 8.75802E-01    8.77524E-04
 9.00000E-01    1.91274E-03
 9.08481E-01    3.35242E-03
 9.09507E-01    3.52658E-03
 9.18034E-01    4.97407E-03
 9.31357E-01    7.23568E-03
 9.39803E-01    8.66941E-03
 9.65293E-01    1.29964E-02
 9.72372E-01    1.41981E-02
 9.79350E-01    1.53826E-02
 1.00000E+00    1.88880E-02
 1.00760E+00    2.33104E-02
 1.03206E+00    3.75437E-02
 1.20000E+00    1.35268E-01
 1.40000E+00    3.39429E-01
 1.60000E+00    5.65649E-01
 1.80000E+00    7.74295E-01
 2.00000E+00    9.25331E-01
 2.20000E+00    1.01605E+00
 2.40000E+00    1.02164E+00
 2.60000E+00    9.88307E-01
 2.80000E+00    1.17218E+00
 3.00000E+00    2.55091E+00
 3.20000E+00    2.40715E+00
 3.40000E+00    2.27950E+00
 3.60000E+00    2.15132E+00
 3.80000E+00    2.02388E+00
 4.00000E+00    1.90996E+00
 4.20000E+00    1.80473E+00
 4.40000E+00    1.70980E+00
 4.60000E+00    1.62656E+00
 4.80000E+00    1.55329E+00
 5.00000E+00    1.48611E+00
 5.20000E+00    1.42794E+00
 5.40000E+00    1.37411E+00
 5.60000E+00    1.32434E+00
 5.80000E+00    1.27820E+00
 6.00000E+00    1.23515E+00
 6.20000E+00    1.19176E+00
 6.40000E+00    1.15119E+00
 6.60000E+00    1.11158E+00
 6.80000E+00    1.07291E+00
 7.00000E+00    1.03665E+00
 7.20000E+00    1.00039E+00
 7.40000E+00    9.66333E-01
 7.60000E+00    9.33931E-01
 7.80000E+00    9.03060E-01
 8.00000E+00    8.73952E-01
 8.50000E+00    8.08070E-01
 9.00000E+00    7.50875E-01
 9.50000E+00    7.01174E-01
 1.00000E+01    6.56572E-01
 1.05000E+01    6.16315E-01
 1.10000E+01    5.79377E-01
 1.15000E+01    5.45189E-01
 1.20000E+01    5.13557E-01
 1.25000E+01    4.84491E-01
 1.30000E+01    4.58059E-01
 1.35000E+01    4.34299E-01
 1.40000E+01    4.13180E-01
 1.45000E+01    3.94560E-01
 1.50000E+01    3.78224E-01
 1.60000E+01    3.51401E-01
 1.70000E+01    3.30816E-01
 1.80000E+01    3.14800E-01
 1.90000E+01    3.01538E-01
 2.00000E+01    2.89172E-01
 2.10000E+01    2.78001E-01
 2.20000E+01    2.67272E-01
 2.30000E+01    2.57375E-01
 2.40000E+01    2.48461E-01
 2.50000E+01    2.40469E-01
 2.60000E+01    2.33203E-01
 2.70000E+01    2.26402E-01
 2.80000E+01    2.19830E-01
 2.90000E+01    2.13352E-01
 3.00000E+01    2.06964E-01
