# n + Au197 : (n,n'10)  
# tendl.2019 A.J. Koning and D. Rochman        EVAL-NOV19
# uncertainties: n
# # energies =    92
#   E(MeV)       xs(mb) 
 8.86517E-01    0.00000E+00
 8.92658E-01    3.96310E-02
 9.00000E-01    8.70125E-02
 9.30000E-01    2.43168E-01
 9.40793E-01    3.27783E-01
 9.50000E-01    3.99965E-01
 9.52855E-01    4.27528E-01
 9.70000E-01    5.93050E-01
 1.00000E+00    9.86287E-01
 1.05045E+00    2.08411E+00
 1.10000E+00    3.16234E+00
 1.12574E+00    3.96025E+00
 1.15639E+00    4.91036E+00
 1.20000E+00    6.26221E+00
 1.22353E+00    7.07226E+00
 1.22635E+00    7.16934E+00
 1.23730E+00    7.54632E+00
 1.24836E+00    7.92707E+00
 1.26947E+00    8.65381E+00
 1.30000E+00    9.70485E+00
 1.37702E+00    1.22194E+01
 1.38707E+00    1.25476E+01
 1.40000E+00    1.29697E+01
 1.41923E+00    1.33640E+01
 1.48557E+00    1.47242E+01
 1.49562E+00    1.49303E+01
 1.50000E+00    1.50201E+01
 1.59211E+00    1.68372E+01
 1.70000E+00    1.89655E+01
 1.71675E+00    1.92455E+01
 1.80000E+00    2.06374E+01
 1.81826E+00    2.08149E+01
 1.82932E+00    2.09225E+01
 1.90000E+00    2.16097E+01
 2.00000E+00    2.13601E+01
 2.10000E+00    2.02582E+01
 2.20000E+00    1.85751E+01
 2.30000E+00    1.66033E+01
 2.40000E+00    1.45972E+01
 2.50000E+00    1.27295E+01
 2.60000E+00    1.10568E+01
 2.70000E+00    9.59075E+00
 2.80000E+00    8.32435E+00
 2.90000E+00    7.23220E+00
 3.00000E+00    6.29236E+00
 3.20000E+00    4.72475E+00
 3.40236E+00    3.63557E+00
 3.50000E+00    3.22569E+00
 3.75000E+00    2.43267E+00
 4.00000E+00    1.90156E+00
 4.50000E+00    1.33745E+00
 5.00000E+00    1.07643E+00
 5.50000E+00    9.32419E-01
 6.00000E+00    8.33830E-01
 6.50000E+00    7.51859E-01
 7.00000E+00    6.76125E-01
 7.50000E+00    6.07650E-01
 8.00000E+00    5.50070E-01
 8.50000E+00    5.04924E-01
 9.00000E+00    4.71106E-01
 9.50000E+00    4.45908E-01
 1.00000E+01    4.26235E-01
 1.05000E+01    4.09514E-01
 1.10000E+01    3.94161E-01
 1.15000E+01    3.79531E-01
 1.20000E+01    3.65598E-01
 1.25000E+01    3.52594E-01
 1.30000E+01    3.40777E-01
 1.35000E+01    3.30306E-01
 1.40000E+01    3.21191E-01
 1.45000E+01    3.13293E-01
 1.50000E+01    3.06343E-01
 1.55000E+01    2.99985E-01
 1.60000E+01    2.93846E-01
 1.65000E+01    2.87616E-01
 1.70000E+01    2.81099E-01
 1.75000E+01    2.74236E-01
 1.80000E+01    2.67094E-01
 1.85000E+01    2.59836E-01
 1.90000E+01    2.52667E-01
 1.95000E+01    2.45794E-01
 2.00000E+01    2.39380E-01
 2.10000E+01    2.28316E-01
 2.20000E+01    2.19697E-01
 2.30000E+01    2.13076E-01
 2.40000E+01    2.07626E-01
 2.50000E+01    2.02391E-01
 2.60000E+01    1.96606E-01
 2.70000E+01    1.90054E-01
 2.80000E+01    1.83099E-01
 2.90000E+01    1.76337E-01
 3.00000E+01    1.70233E-01
