# n + Sb125 : (n,el)    
# endfb8.0   JNDC FP Nuclear Data W.G.         EVAL-MAR90
# uncertainties: n
# # energies =   616
#   E(MeV)       xs(mb) 
 1.00000E-11    2.04975E+04
 1.04713E-11    2.00463E+04
 1.09648E-11    1.96055E+04
 1.14815E-11    1.91755E+04
 1.20226E-11    1.87552E+04
 1.25893E-11    1.83453E+04
 1.31826E-11    1.79446E+04
 1.38038E-11    1.75540E+04
 1.44544E-11    1.71722E+04
 1.51356E-11    1.67998E+04
 1.58489E-11    1.64361E+04
 1.65959E-11    1.60811E+04
 1.73780E-11    1.57348E+04
 1.81970E-11    1.53966E+04
 1.90546E-11    1.50668E+04
 1.99526E-11    1.47446E+04
 2.08930E-11    1.44307E+04
 2.18776E-11    1.41239E+04
 2.29087E-11    1.38250E+04
 2.39883E-11    1.35331E+04
 2.51189E-11    1.32486E+04
 2.63027E-11    1.29710E+04
 2.75423E-11    1.27001E+04
 2.88403E-11    1.24362E+04
 3.01995E-11    1.21785E+04
 3.16228E-11    1.19276E+04
 3.31131E-11    1.16827E+04
 3.46737E-11    1.14442E+04
 3.63078E-11    1.12116E+04
 3.80189E-11    1.09847E+04
 3.98107E-11    1.07639E+04
 4.16869E-11    1.05486E+04
 4.36516E-11    1.03387E+04
 4.57088E-11    1.01346E+04
 4.78630E-11    9.93541E+03
 5.01187E-11    9.74161E+03
 5.24807E-11    9.55297E+03
 5.49541E-11    9.36908E+03
 5.75440E-11    9.19032E+03
 6.02560E-11    9.01628E+03
 6.30957E-11    8.84677E+03
 6.60693E-11    8.68210E+03
 6.91831E-11    8.52178E+03
 7.24436E-11    8.36581E+03
 7.58578E-11    8.21436E+03
 7.94328E-11    8.06694E+03
 8.31764E-11    7.92373E+03
 8.70964E-11    7.78467E+03
 9.12011E-11    7.64946E+03
 9.54993E-11    7.51819E+03
 1.00000E-10    7.39081E+03
 1.04713E-10    7.26705E+03
 1.09648E-10    7.14690E+03
 1.14815E-10    7.03049E+03
 1.20226E-10    6.91754E+03
 1.25893E-10    6.80793E+03
 1.31826E-10    6.70174E+03
 1.38038E-10    6.59892E+03
 1.44544E-10    6.49924E+03
 1.51356E-10    6.40271E+03
 1.58489E-10    6.30931E+03
 1.65959E-10    6.21895E+03
 1.73780E-10    6.13150E+03
 1.81970E-10    6.04691E+03
 1.90546E-10    5.96512E+03
 1.99526E-10    5.88618E+03
 2.08930E-10    5.80995E+03
 2.18776E-10    5.73629E+03
 2.29087E-10    5.66520E+03
 2.39883E-10    5.59660E+03
 2.51189E-10    5.53043E+03
 2.63027E-10    5.46669E+03
 2.75423E-10    5.40532E+03
 2.88403E-10    5.34617E+03
 3.01995E-10    5.28921E+03
 3.16228E-10    5.23441E+03
 3.31131E-10    5.18170E+03
 3.46737E-10    5.13101E+03
 3.63078E-10    5.08228E+03
 3.80189E-10    5.03548E+03
 3.98107E-10    4.99053E+03
 4.16869E-10    4.94736E+03
 4.36516E-10    4.90596E+03
 4.57088E-10    4.86624E+03
 4.78630E-10    4.82814E+03
 5.01187E-10    4.79162E+03
 5.24807E-10    4.75664E+03
 5.49541E-10    4.72313E+03
 5.75440E-10    4.69106E+03
 6.02560E-10    4.66034E+03
 6.30957E-10    4.63092E+03
 6.60693E-10    4.60274E+03
 6.91831E-10    4.57581E+03
 7.24436E-10    4.55007E+03
 7.58578E-10    4.52548E+03
 7.94328E-10    4.50197E+03
 8.31764E-10    4.47941E+03
 8.70964E-10    4.45788E+03
 9.12011E-10    4.43740E+03
 9.54993E-10    4.41777E+03
 1.00000E-09    4.39892E+03
 1.04713E-09    4.38100E+03
 1.09648E-09    4.36399E+03
 1.14815E-09    4.34752E+03
 1.20226E-09    4.33189E+03
 1.25892E-09    4.31709E+03
 1.31826E-09    4.30271E+03
 1.38038E-09    4.28916E+03
 1.44544E-09    4.27619E+03
 1.51356E-09    4.26366E+03
 1.58489E-09    4.25196E+03
 1.65959E-09    4.24047E+03
 1.73780E-09    4.22982E+03
 1.81970E-09    4.21935E+03
 1.90546E-09    4.20961E+03
 1.99526E-09    4.20007E+03
 2.08930E-09    4.19118E+03
 2.18776E-09    4.18249E+03
 2.29087E-09    4.17439E+03
 2.39883E-09    4.16643E+03
 2.51189E-09    4.15912E+03
 2.63027E-09    4.15176E+03
 2.75423E-09    4.14516E+03
 2.88403E-09    4.13843E+03
 3.01995E-09    4.13238E+03
 3.16228E-09    4.12639E+03
 3.31131E-09    4.12061E+03
 3.46737E-09    4.11539E+03
 3.63078E-09    4.10998E+03
 3.80189E-09    4.10520E+03
 3.98107E-09    4.10050E+03
 4.16869E-09    4.09578E+03
 4.36516E-09    4.09171E+03
 4.57088E-09    4.08754E+03
 4.78630E-09    4.08344E+03
 5.01187E-09    4.07993E+03
 5.24807E-09    4.07631E+03
 5.49541E-09    4.07268E+03
 5.75440E-09    4.06964E+03
 6.02560E-09    4.06655E+03
 6.30957E-09    4.06333E+03
 6.60693E-09    4.06060E+03
 6.91831E-09    4.05803E+03
 7.24436E-09    4.05533E+03
 7.58578E-09    4.05267E+03
 7.94328E-09    4.05051E+03
 8.31764E-09    4.04833E+03
 8.70964E-09    4.04605E+03
 9.12011E-09    4.04382E+03
 9.54993E-09    4.04206E+03
 1.00000E-08    4.04027E+03
 1.04713E-08    4.03840E+03
 1.09648E-08    4.03646E+03
 1.14815E-08    4.03494E+03
 1.20226E-08    4.03353E+03
 1.25893E-08    4.03206E+03
 1.31826E-08    4.03051E+03
 1.38038E-08    4.02896E+03
 1.44544E-08    4.02781E+03
 1.51356E-08    4.02671E+03
 1.58489E-08    4.02555E+03
 1.65959E-08    4.02434E+03
 1.73780E-08    4.02307E+03
 1.81970E-08    4.02204E+03
 1.90546E-08    4.02122E+03
 1.99526E-08    4.02037E+03
 2.08930E-08    4.01947E+03
 2.18776E-08    4.01854E+03
 2.29087E-08    4.01755E+03
 2.39883E-08    4.01669E+03
 2.51189E-08    4.01607E+03
 2.63027E-08    4.01543E+03
 2.75423E-08    4.01476E+03
 2.88403E-08    4.01406E+03
 3.01995E-08    4.01333E+03
 3.16228E-08    4.01266E+03
 3.31131E-08    4.01222E+03
 3.46737E-08    4.01178E+03
 3.63078E-08    4.01131E+03
 3.80189E-08    4.01082E+03
 3.98107E-08    4.01031E+03
 4.16869E-08    4.00977E+03
 4.36516E-08    4.00921E+03
 4.57088E-08    4.00878E+03
 4.78630E-08    4.00849E+03
 5.01187E-08    4.00817E+03
 5.24807E-08    4.00785E+03
 5.49541E-08    4.00751E+03
 5.75440E-08    4.00715E+03
 6.02560E-08    4.00677E+03
 6.30957E-08    4.00638E+03
 6.60693E-08    4.00608E+03
 6.91831E-08    4.00590E+03
 7.24436E-08    4.00571E+03
 7.58578E-08    4.00551E+03
 7.94328E-08    4.00530E+03
 8.31764E-08    4.00508E+03
 8.70964E-08    4.00484E+03
 9.12011E-08    4.00460E+03
 9.54993E-08    4.00435E+03
 1.00000E-07    4.00408E+03
 1.04713E-07    4.00383E+03
 1.09648E-07    4.00373E+03
 1.14815E-07    4.00365E+03
 1.20226E-07    4.00356E+03
 1.25893E-07    4.00347E+03
 1.31826E-07    4.00338E+03
 1.38038E-07    4.00328E+03
 1.44544E-07    4.00317E+03
 1.51356E-07    4.00306E+03
 1.58489E-07    4.00295E+03
 1.65959E-07    4.00283E+03
 1.73780E-07    4.00270E+03
 1.81970E-07    4.00257E+03
 1.90546E-07    4.00243E+03
 1.99526E-07    4.00229E+03
 2.08930E-07    4.00214E+03
 2.18776E-07    4.00198E+03
 2.29087E-07    4.00182E+03
 2.39883E-07    4.00168E+03
 2.51189E-07    4.00165E+03
 2.63027E-07    4.00163E+03
 2.75423E-07    4.00160E+03
 2.88403E-07    4.00158E+03
 3.01995E-07    4.00155E+03
 3.16228E-07    4.00153E+03
 3.31131E-07    4.00150E+03
 3.46737E-07    4.00147E+03
 3.63078E-07    4.00144E+03
 3.80189E-07    4.00140E+03
 3.98107E-07    4.00137E+03
 4.16869E-07    4.00133E+03
 4.36516E-07    4.00130E+03
 4.57088E-07    4.00126E+03
 4.78630E-07    4.00122E+03
 5.01187E-07    4.00117E+03
 5.24807E-07    4.00113E+03
 5.49541E-07    4.00108E+03
 5.75440E-07    4.00103E+03
 6.02560E-07    4.00098E+03
 6.30957E-07    4.00093E+03
 6.60693E-07    4.00087E+03
 6.91831E-07    4.00081E+03
 7.24436E-07    4.00075E+03
 7.58578E-07    4.00068E+03
 7.94328E-07    4.00061E+03
 8.31764E-07    4.00054E+03
 8.70964E-07    4.00047E+03
 9.12011E-07    4.00045E+03
 9.54993E-07    4.00045E+03
 1.00000E-06    4.00045E+03
 1.04713E-06    4.00045E+03
 1.09648E-06    4.00044E+03
 1.14815E-06    4.00044E+03
 1.20226E-06    4.00044E+03
 1.25893E-06    4.00044E+03
 1.31826E-06    4.00043E+03
 1.38038E-06    4.00043E+03
 1.44544E-06    4.00043E+03
 1.51356E-06    4.00043E+03
 1.58489E-06    4.00042E+03
 1.65959E-06    4.00042E+03
 1.73780E-06    4.00042E+03
 1.81970E-06    4.00041E+03
 1.90546E-06    4.00041E+03
 1.99526E-06    4.00040E+03
 2.08930E-06    4.00040E+03
 2.18776E-06    4.00040E+03
 2.29087E-06    4.00039E+03
 2.39883E-06    4.00039E+03
 2.51189E-06    4.00038E+03
 2.63027E-06    4.00038E+03
 2.75423E-06    4.00037E+03
 2.88403E-06    4.00037E+03
 3.01995E-06    4.00036E+03
 3.16228E-06    4.00035E+03
 3.31131E-06    4.00035E+03
 3.46737E-06    4.00034E+03
 3.63078E-06    4.00033E+03
 3.80189E-06    4.00032E+03
 3.98107E-06    4.00032E+03
 4.16869E-06    4.00031E+03
 4.36516E-06    4.00030E+03
 4.57088E-06    4.00029E+03
 4.78630E-06    4.00028E+03
 5.01187E-06    4.00027E+03
 5.24807E-06    4.00026E+03
 5.49541E-06    4.00025E+03
 5.75440E-06    4.00024E+03
 6.02560E-06    4.00023E+03
 6.30957E-06    4.00021E+03
 6.60693E-06    4.00020E+03
 6.91831E-06    4.00019E+03
 7.24436E-06    4.00017E+03
 7.58578E-06    4.00016E+03
 7.94328E-06    4.00014E+03
 8.31764E-06    4.00012E+03
 8.70964E-06    4.00011E+03
 9.12011E-06    4.00009E+03
 9.54993E-06    4.00007E+03
 1.00000E-05    4.00005E+03
 1.04713E-05    4.00004E+03
 1.09648E-05    4.00004E+03
 1.14815E-05    4.00004E+03
 1.20226E-05    4.00003E+03
 1.25893E-05    4.00003E+03
 1.31826E-05    4.00003E+03
 1.38038E-05    6.42765E+03
 1.44544E-05    7.49137E+03
 1.51356E-05    7.48082E+03
 1.58489E-05    7.47024E+03
 1.65959E-05    7.45942E+03
 1.73780E-05    7.44849E+03
 1.81970E-05    7.43742E+03
 1.90546E-05    7.42615E+03
 1.99526E-05    7.41476E+03
 2.08930E-05    7.40322E+03
 2.18776E-05    7.39150E+03
 2.29087E-05    7.37963E+03
 2.39883E-05    7.36762E+03
 2.51189E-05    7.35545E+03
 2.63027E-05    7.34312E+03
 2.75423E-05    7.33076E+03
 2.88403E-05    7.31809E+03
 3.01995E-05    7.30530E+03
 3.16228E-05    7.29232E+03
 3.31131E-05    7.27925E+03
 3.46737E-05    7.26592E+03
 3.63078E-05    7.25255E+03
 3.80189E-05    7.23895E+03
 3.98107E-05    7.22521E+03
 4.16869E-05    7.21135E+03
 4.36516E-05    7.19732E+03
 4.57088E-05    7.18312E+03
 4.78630E-05    7.16878E+03
 5.01187E-05    7.15430E+03
 5.24807E-05    7.13967E+03
 5.49541E-05    7.12489E+03
 5.75440E-05    7.11013E+03
 6.02560E-05    7.09497E+03
 6.30957E-05    7.07982E+03
 6.60693E-05    7.06436E+03
 6.91831E-05    7.04893E+03
 7.24436E-05    7.03323E+03
 7.58578E-05    7.01744E+03
 7.94328E-05    7.00156E+03
 8.31764E-05    6.98546E+03
 8.70964E-05    6.96927E+03
 9.12011E-05    6.95296E+03
 9.54993E-05    6.93652E+03
 1.00000E-04    6.91996E+03
 1.04713E-04    6.90324E+03
 1.09648E-04    6.88642E+03
 1.14815E-04    6.86948E+03
 1.20226E-04    6.85242E+03
 1.25893E-04    6.83524E+03
 1.31826E-04    6.81795E+03
 1.38038E-04    6.80073E+03
 1.44544E-04    6.78315E+03
 1.51356E-04    6.76561E+03
 1.58489E-04    6.74779E+03
 1.65959E-04    6.73005E+03
 1.73780E-04    6.71208E+03
 1.81970E-04    6.69406E+03
 1.90546E-04    6.67600E+03
 1.99526E-04    6.65780E+03
 2.08930E-04    6.63951E+03
 2.18776E-04    6.62117E+03
 2.29087E-04    6.60275E+03
 2.39883E-04    6.58426E+03
 2.51189E-04    6.56569E+03
 2.63027E-04    6.54705E+03
 2.75423E-04    6.52855E+03
 2.88403E-04    6.50975E+03
 3.01995E-04    6.49100E+03
 3.16228E-04    6.47203E+03
 3.31131E-04    6.45321E+03
 3.46737E-04    6.43417E+03
 3.63078E-04    6.41518E+03
 3.80189E-04    6.39619E+03
 3.98107E-04    6.37709E+03
 4.16869E-04    6.35798E+03
 4.36516E-04    6.33888E+03
 4.57088E-04    6.31975E+03
 4.78630E-04    6.30061E+03
 5.01187E-04    6.28145E+03
 5.24807E-04    6.26228E+03
 5.49541E-04    6.24331E+03
 5.75440E-04    6.22413E+03
 6.02560E-04    6.20501E+03
 6.30957E-04    6.18577E+03
 6.60693E-04    6.16674E+03
 6.91831E-04    6.14754E+03
 7.24436E-04    6.12848E+03
 7.58578E-04    6.10948E+03
 7.94328E-04    6.09043E+03
 8.31764E-04    6.07146E+03
 8.70964E-04    6.05256E+03
 9.12011E-04    6.03371E+03
 9.54993E-04    6.01492E+03
 1.00000E-03    5.99625E+03
 1.04713E-03    5.97757E+03
 1.09648E-03    5.95900E+03
 1.14815E-03    5.94052E+03
 1.20226E-03    5.92213E+03
 1.25893E-03    5.90384E+03
 1.31826E-03    5.88566E+03
 1.38038E-03    5.86784E+03
 1.44544E-03    5.84981E+03
 1.51356E-03    5.83210E+03
 1.58489E-03    5.81430E+03
 1.65959E-03    5.79689E+03
 1.73780E-03    5.77945E+03
 1.81970E-03    5.76225E+03
 1.90546E-03    5.74530E+03
 1.99526E-03    5.72846E+03
 2.08930E-03    5.71183E+03
 2.18776E-03    5.69544E+03
 2.29087E-03    5.67929E+03
 2.39883E-03    5.66337E+03
 2.51189E-03    5.64799E+03
 2.63027E-03    5.63253E+03
 2.75423E-03    5.61740E+03
 2.88403E-03    5.60252E+03
 3.01995E-03    5.58807E+03
 3.16228E-03    5.57375E+03
 3.31131E-03    5.56002E+03
 3.46737E-03    5.54643E+03
 3.63078E-03    5.53332E+03
 3.80189E-03    5.52066E+03
 3.98107E-03    5.50832E+03
 4.16869E-03    5.49643E+03
 4.36516E-03    5.48505E+03
 4.57088E-03    5.47451E+03
 4.78630E-03    5.46388E+03
 5.01187E-03    5.45392E+03
 5.24807E-03    5.44449E+03
 5.49541E-03    5.43554E+03
 5.75440E-03    5.42720E+03
 6.02560E-03    5.41949E+03
 6.30957E-03    5.41224E+03
 6.60693E-03    5.40581E+03
 6.91831E-03    5.39982E+03
 7.24436E-03    5.39458E+03
 7.58578E-03    5.39004E+03
 7.94328E-03    5.38627E+03
 8.31764E-03    5.38342E+03
 8.70964E-03    5.38053E+03
 9.12011E-03    5.37893E+03
 9.54993E-03    5.37776E+03
 1.00000E-02    5.37747E+03
 1.04713E-02    5.37809E+03
 1.09648E-02    5.37891E+03
 1.14815E-02    5.38103E+03
 1.20226E-02    5.38353E+03
 1.25893E-02    5.38699E+03
 1.31826E-02    5.39111E+03
 1.38038E-02    5.39604E+03
 1.44544E-02    5.40167E+03
 1.51356E-02    5.40811E+03
 1.58489E-02    5.41519E+03
 1.65959E-02    5.42310E+03
 1.73780E-02    5.43164E+03
 1.81970E-02    5.44092E+03
 1.90546E-02    5.45090E+03
 1.99526E-02    5.46155E+03
 2.08930E-02    5.47288E+03
 2.18776E-02    5.48474E+03
 2.29087E-02    5.49726E+03
 2.39883E-02    5.51039E+03
 2.51189E-02    5.52405E+03
 2.63027E-02    5.53830E+03
 2.75423E-02    5.55304E+03
 2.88403E-02    5.56832E+03
 3.01995E-02    5.58401E+03
 3.16228E-02    5.60021E+03
 3.31131E-02    5.61674E+03
 3.46737E-02    5.63373E+03
 3.63078E-02    5.65105E+03
 3.80189E-02    5.66865E+03
 3.98107E-02    5.68658E+03
 4.16869E-02    5.70477E+03
 4.36516E-02    5.72316E+03
 4.57088E-02    5.74173E+03
 4.78630E-02    5.76047E+03
 5.01187E-02    5.77910E+03
 5.24807E-02    5.79805E+03
 5.49541E-02    5.81706E+03
 5.75440E-02    5.83608E+03
 6.02560E-02    5.85500E+03
 6.30957E-02    5.87401E+03
 6.60693E-02    5.89270E+03
 6.91831E-02    5.91147E+03
 7.24436E-02    5.92994E+03
 7.58578E-02    5.94815E+03
 7.94328E-02    5.96621E+03
 8.31764E-02    5.98394E+03
 8.70964E-02    6.00130E+03
 9.12011E-02    6.01829E+03
 9.54993E-02    6.03486E+03
 1.00000E-01    6.06125E+03
 1.04713E-01    6.06334E+03
 1.09648E-01    6.06554E+03
 1.14815E-01    6.06783E+03
 1.20226E-01    6.07024E+03
 1.25893E-01    6.07275E+03
 1.31826E-01    6.07539E+03
 1.38038E-01    6.07815E+03
 1.44544E-01    6.08104E+03
 1.51356E-01    6.08407E+03
 1.58489E-01    6.08724E+03
 1.65959E-01    6.09056E+03
 1.73780E-01    6.09403E+03
 1.81970E-01    6.09767E+03
 1.90546E-01    6.10148E+03
 1.99526E-01    6.10547E+03
 2.08930E-01    6.10965E+03
 2.18776E-01    6.11403E+03
 2.29087E-01    6.11861E+03
 2.39883E-01    6.12340E+03
 2.51189E-01    6.12843E+03
 2.63027E-01    6.13369E+03
 2.75423E-01    6.13920E+03
 2.88403E-01    6.14496E+03
 3.01995E-01    6.15100E+03
 3.16228E-01    6.15733E+03
 3.31131E-01    6.15719E+03
 3.46737E-01    6.14094E+03
 3.63078E-01    6.12324E+03
 3.80189E-01    6.10470E+03
 3.98107E-01    6.08529E+03
 4.16869E-01    6.06497E+03
 4.36516E-01    6.04369E+03
 4.57088E-01    6.02333E+03
 4.78630E-01    6.00700E+03
 5.01187E-01    5.99200E+03
 5.24807E-01    5.98416E+03
 5.49541E-01    5.97684E+03
 5.75440E-01    5.96917E+03
 6.02560E-01    5.96115E+03
 6.30957E-01    5.95274E+03
 6.60693E-01    5.94222E+03
 6.91831E-01    5.92534E+03
 7.24436E-01    5.90718E+03
 7.58578E-01    5.88816E+03
 7.94328E-01    5.86825E+03
 8.31764E-01    5.84740E+03
 8.70964E-01    5.82557E+03
 9.12011E-01    5.80271E+03
 9.54993E-01    5.77459E+03
 1.00000E+00    5.74072E+03
 1.04713E+00    5.69988E+03
 1.09648E+00    5.60996E+03
 1.14815E+00    5.50479E+03
 1.20226E+00    5.39849E+03
 1.25893E+00    5.30377E+03
 1.31826E+00    5.21426E+03
 1.38038E+00    5.11167E+03
 1.44544E+00    4.99513E+03
 1.51356E+00    4.87356E+03
 1.58489E+00    4.75276E+03
 1.65959E+00    4.62834E+03
 1.73780E+00    4.49878E+03
 1.81970E+00    4.36529E+03
 1.90546E+00    4.22565E+03
 1.99526E+00    4.07985E+03
 2.08930E+00    3.93022E+03
 2.18776E+00    3.78115E+03
 2.29087E+00    3.62933E+03
 2.39883E+00    3.47812E+03
 2.51189E+00    3.33314E+03
 2.63027E+00    3.19515E+03
 2.75423E+00    3.05222E+03
 2.88403E+00    2.89924E+03
 3.01995E+00    2.75504E+03
 3.16228E+00    2.62089E+03
 3.31131E+00    2.49146E+03
 3.46737E+00    2.36180E+03
 3.63078E+00    2.23200E+03
 3.80189E+00    2.10822E+03
 3.98107E+00    2.01882E+03
 4.16869E+00    1.97372E+03
 4.36516E+00    1.92839E+03
 4.57088E+00    1.88575E+03
 4.78630E+00    1.84154E+03
 5.01187E+00    1.83039E+03
 5.24807E+00    1.84793E+03
 5.49541E+00    1.86631E+03
 5.75440E+00    1.88571E+03
 6.02560E+00    1.92762E+03
 6.30957E+00    1.98697E+03
 6.60693E+00    2.04912E+03
 6.91831E+00    2.11851E+03
 7.24436E+00    2.20205E+03
 7.58578E+00    2.29000E+03
 7.94328E+00    2.38187E+03
 8.31764E+00    2.47947E+03
 8.70964E+00    2.57289E+03
 9.12011E+00    2.65355E+03
 9.54993E+00    2.73978E+03
 1.00000E+01    2.78449E+03
 1.04713E+01    2.78513E+03
 1.09648E+01    2.82702E+03
 1.14815E+01    2.92792E+03
 1.20226E+01    2.96837E+03
 1.25893E+01    2.93531E+03
 1.31826E+01    2.92445E+03
 1.38038E+01    2.91079E+03
 1.44544E+01    2.84365E+03
 1.51356E+01    2.75397E+03
 1.58489E+01    2.64700E+03
 1.65959E+01    2.51916E+03
 1.73780E+01    2.39421E+03
 1.81970E+01    2.25703E+03
 1.90546E+01    2.11795E+03
 1.99526E+01    1.05417E+02
