# p + In  0 : (p,p)m
# tendl.2019 A.J. Koning                       EVAL-OCT19
# uncertainties: y
# # energies =    46
#   E(MeV)          xs(mb) 
 3.95194E-01    6.69193E-16
 2.00000E+00    3.47774E-14
 3.00000E+00    6.63736E-09
 4.00000E+00    5.46762E-06
 5.00000E+00    3.33158E-04
 6.00000E+00    5.37318E-03
 7.00000E+00    3.81964E-02
 8.00000E+00    1.59556E-01
 9.00000E+00    4.84876E-01
 1.00000E+01    1.13730E+00
 1.10000E+01    2.17128E+00
 1.20000E+01    3.59836E+00
 1.30000E+01    5.39242E+00
 1.40000E+01    7.37389E+00
 1.50000E+01    9.29498E+00
 1.60000E+01    1.09563E+01
 1.70000E+01    1.23919E+01
 1.80000E+01    1.36263E+01
 1.90000E+01    1.46940E+01
 2.00000E+01    1.54556E+01
 2.20000E+01    1.64046E+01
 2.40000E+01    1.63628E+01
 2.60000E+01    1.63345E+01
 2.80000E+01    1.63146E+01
 3.00000E+01    1.60884E+01
 3.00000E+01    1.60884E+01
 3.50000E+01    1.49773E+01
 4.00000E+01    1.37730E+01
 4.50000E+01    1.27452E+01
 5.00000E+01    1.22186E+01
 5.50000E+01    1.16495E+01
 6.00000E+01    1.02838E+01
 6.50000E+01    9.61796E+00
 7.00000E+01    8.58218E+00
 7.50000E+01    7.94592E+00
 8.00000E+01    7.15044E+00
 9.00000E+01    6.05850E+00
 1.00000E+02    4.99357E+00
 1.10000E+02    4.16870E+00
 1.20000E+02    3.45425E+00
 1.30000E+02    2.87348E+00
 1.40000E+02    2.36610E+00
 1.50000E+02    1.99644E+00
 1.60000E+02    1.67453E+00
 1.80000E+02    1.23095E+00
 2.00000E+02    9.59666E-01
