# n + Na 23 : (n,xt)    
# endfb8.0   D.C.Larson                        EVAL-DEC77
# 
# # energies =   325
#   E(MeV)        xs(mb) 
 4.59310E-01    0.00000E+00
 4.85810E-01    0.00000E+00
 4.90360E-01    0.00000E+00
 4.93610E-01    0.00000E+00
 4.95560E-01    0.00000E+00
 5.00110E-01    0.00000E+00
 5.04010E-01    0.00000E+00
 5.27410E-01    0.00000E+00
 5.41060E-01    0.00000E+00
 5.59260E-01    0.00000E+00
 5.72910E-01    0.00000E+00
 5.83970E-01    0.00000E+00
 5.92420E-01    0.00000E+00
 5.96320E-01    0.00000E+00
 5.98920E-01    0.00000E+00
 6.00870E-01    0.00000E+00
 6.04120E-01    0.00000E+00
 6.06720E-01    0.00000E+00
 6.09970E-01    0.00000E+00
 6.15820E-01    0.00000E+00
 6.21670E-01    0.00000E+00
 6.25570E-01    0.00000E+00
 6.30120E-01    0.00000E+00
 6.33370E-01    0.00000E+00
 6.35970E-01    0.00000E+00
 6.39220E-01    0.00000E+00
 6.48970E-01    0.00000E+00
 6.57420E-01    0.00000E+00
 6.69770E-01    0.00000E+00
 6.83420E-01    0.00000E+00
 6.87970E-01    0.00000E+00
 6.95770E-01    0.00000E+00
 7.02280E-01    0.00000E+00
 7.07480E-01    0.00000E+00
 7.13330E-01    0.00000E+00
 7.18530E-01    0.00000E+00
 7.21780E-01    0.00000E+00
 7.25680E-01    0.00000E+00
 7.33480E-01    0.00000E+00
 7.38680E-01    0.00000E+00
 7.47130E-01    0.00000E+00
 7.52330E-01    0.00000E+00
 7.57530E-01    0.00000E+00
 7.62730E-01    0.00000E+00
 7.70530E-01    0.00000E+00
 7.80930E-01    0.00000E+00
 7.86780E-01    0.00000E+00
 8.01730E-01    0.00000E+00
 8.12780E-01    0.00000E+00
 8.26440E-01    0.00000E+00
 8.42690E-01    0.00000E+00
 8.52440E-01    0.00000E+00
 8.58940E-01    0.00000E+00
 8.71940E-01    0.00000E+00
 8.83640E-01    0.00000E+00
 8.93390E-01    0.00000E+00
 8.97290E-01    0.00000E+00
 9.02490E-01    0.00000E+00
 9.11590E-01    0.00000E+00
 9.26540E-01    0.00000E+00
 9.33690E-01    0.00000E+00
 9.44100E-01    0.00000E+00
 9.53200E-01    0.00000E+00
 9.59050E-01    0.00000E+00
 9.64250E-01    0.00000E+00
 9.73350E-01    0.00000E+00
 9.82450E-01    0.00000E+00
 9.87000E-01    0.00000E+00
 9.92200E-01    0.00000E+00
 9.96100E-01    0.00000E+00
 1.00010E+00    0.00000E+00
 1.00730E+00    0.00000E+00
 1.01320E+00    0.00000E+00
 1.02510E+00    0.00000E+00
 1.03350E+00    0.00000E+00
 1.03820E+00    0.00000E+00
 1.04900E+00    0.00000E+00
 1.05970E+00    0.00000E+00
 1.06450E+00    0.00000E+00
 1.07280E+00    0.00000E+00
 1.08000E+00    0.00000E+00
 1.08830E+00    0.00000E+00
 1.11090E+00    0.00000E+00
 1.12410E+00    0.00000E+00
 1.13360E+00    0.00000E+00
 1.13950E+00    0.00000E+00
 1.15740E+00    0.00000E+00
 1.17170E+00    0.00000E+00
 1.18010E+00    0.00000E+00
 1.19910E+00    0.00000E+00
 1.20630E+00    0.00000E+00
 1.22420E+00    0.00000E+00
 1.23370E+00    0.00000E+00
 1.24440E+00    0.00000E+00
 1.26830E+00    0.00000E+00
 1.28970E+00    0.00000E+00
 1.30760E+00    0.00000E+00
 1.32900E+00    0.00000E+00
 1.35530E+00    0.00000E+00
 1.36600E+00    0.00000E+00
 1.38500E+00    0.00000E+00
 1.39930E+00    0.00000E+00
 1.41130E+00    0.00000E+00
 1.42560E+00    0.00000E+00
 1.43870E+00    0.00000E+00
 1.45540E+00    0.00000E+00
 1.47320E+00    0.00000E+00
 1.49830E+00    0.00000E+00
 1.53760E+00    0.00000E+00
 1.55070E+00    0.00000E+00
 1.57930E+00    0.00000E+00
 1.60550E+00    0.00000E+00
 1.61630E+00    0.00000E+00
 1.65080E+00    0.00000E+00
 1.66510E+00    0.00000E+00
 1.68540E+00    0.00000E+00
 1.70560E+00    0.00000E+00
 1.73900E+00    0.00000E+00
 1.77240E+00    0.00000E+00
 1.80570E+00    0.00000E+00
 1.82600E+00    0.00000E+00
 1.84030E+00    0.00000E+00
 1.86290E+00    0.00000E+00
 1.88440E+00    0.00000E+00
 1.91060E+00    0.00000E+00
 1.94880E+00    0.00000E+00
 1.97380E+00    0.00000E+00
 1.99640E+00    0.00000E+00
 2.01170E+00    0.00000E+00
 2.03010E+00    0.00000E+00
 2.08320E+00    0.00000E+00
 2.10600E+00    0.00000E+00
 2.12870E+00    0.00000E+00
 2.13850E+00    0.00000E+00
 2.15040E+00    0.00000E+00
 2.16920E+00    0.00000E+00
 2.17500E+00    0.00000E+00
 2.18400E+00    0.00000E+00
 2.21000E+00    0.00000E+00
 2.21430E+00    0.00000E+00
 2.22000E+00    0.00000E+00
 2.23380E+00    0.00000E+00
 2.24000E+00    0.00000E+00
 2.25980E+00    0.00000E+00
 2.28000E+00    0.00000E+00
 2.28580E+00    0.00000E+00
 2.29000E+00    0.00000E+00
 2.32000E+00    0.00000E+00
 2.33000E+00    0.00000E+00
 2.33670E+00    0.00000E+00
 2.36000E+00    0.00000E+00
 2.37570E+00    0.00000E+00
 2.38000E+00    0.00000E+00
 2.41000E+00    0.00000E+00
 2.42670E+00    0.00000E+00
 2.48950E+00    0.00000E+00
 2.49800E+00    0.00000E+00
 2.51000E+00    0.00000E+00
 2.52000E+00    0.00000E+00
 2.53000E+00    0.00000E+00
 2.55040E+00    0.00000E+00
 2.56000E+00    0.00000E+00
 2.58500E+00    0.00000E+00
 2.61000E+00    0.00000E+00
 2.61540E+00    0.00000E+00
 2.63000E+00    0.00000E+00
 2.68000E+00    0.00000E+00
 2.69990E+00    0.00000E+00
 2.71000E+00    0.00000E+00
 2.72000E+00    0.00000E+00
 2.75580E+00    0.00000E+00
 2.76000E+00    0.00000E+00
 2.79090E+00    0.00000E+00
 2.80000E+00    0.00000E+00
 2.82000E+00    0.00000E+00
 2.82370E+00    0.00000E+00
 2.83000E+00    0.00000E+00
 2.84000E+00    0.00000E+00
 2.86000E+00    0.00000E+00
 2.88000E+00    0.00000E+00
 2.90740E+00    0.00000E+00
 2.91270E+00    0.00000E+00
 2.92000E+00    0.00000E+00
 2.94370E+00    0.00000E+00
 2.95000E+00    0.00000E+00
 2.98030E+00    0.00000E+00
 2.99460E+00    0.00000E+00
 3.00000E+00    0.00000E+00
 3.02000E+00    0.00000E+00
 3.07000E+00    0.00000E+00
 3.08340E+00    0.00000E+00
 3.09860E+00    0.00000E+00
 3.09970E+00    0.00000E+00
 3.11390E+00    0.00000E+00
 3.15380E+00    0.00000E+00
 3.18500E+00    0.00000E+00
 3.19720E+00    0.00000E+00
 3.20150E+00    0.00000E+00
 3.21340E+00    0.00000E+00
 3.24320E+00    0.00000E+00
 3.29230E+00    0.00000E+00
 3.29630E+00    0.00000E+00
 3.33260E+00    0.00000E+00
 3.38980E+00    0.00000E+00
 3.39330E+00    0.00000E+00
 3.39730E+00    0.00000E+00
 3.49580E+00    0.00000E+00
 3.49710E+00    0.00000E+00
 3.50600E+00    0.00000E+00
 3.56860E+00    0.00000E+00
 3.61700E+00    0.00000E+00
 3.63660E+00    0.00000E+00
 3.63850E+00    0.00000E+00
 3.68460E+00    0.00000E+00
 3.68690E+00    0.00000E+00
 3.71720E+00    0.00000E+00
 3.74380E+00    0.00000E+00
 3.76200E+00    0.00000E+00
 3.76380E+00    0.00000E+00
 3.77410E+00    0.00000E+00
 3.78470E+00    0.00000E+00
 3.78960E+00    0.00000E+00
 3.80070E+00    0.00000E+00
 3.84150E+00    0.00000E+00
 3.90000E+00    0.00000E+00
 3.90140E+00    0.00000E+00
 3.90600E+00    0.00000E+00
 4.00100E+00    0.00000E+00
 4.00760E+00    0.00000E+00
 4.05020E+00    0.00000E+00
 4.06200E+00    0.00000E+00
 4.10000E+00    0.00000E+00
 4.10400E+00    0.00000E+00
 4.10420E+00    0.00000E+00
 4.20000E+00    0.00000E+00
 4.23290E+00    0.00000E+00
 4.28730E+00    0.00000E+00
 4.30000E+00    0.00000E+00
 4.50000E+00    0.00000E+00
 4.53040E+00    0.00000E+00
 4.60000E+00    0.00000E+00
 4.62440E+00    0.00000E+00
 4.70000E+00    0.00000E+00
 4.84780E+00    0.00000E+00
 4.85460E+00    0.00000E+00
 4.85860E+00    0.00000E+00
 4.86150E+00    0.00000E+00
 4.97930E+00    0.00000E+00
 5.00000E+00    0.00000E+00
 5.11970E+00    0.00000E+00
 5.20000E+00    0.00000E+00
 5.34980E+00    0.00000E+00
 5.39800E+00    0.00000E+00
 5.40000E+00    0.00000E+00
 5.40470E+00    0.00000E+00
 5.57230E+00    0.00000E+00
 5.61600E+00    0.00000E+00
 5.72160E+00    0.00000E+00
 5.77260E+00    0.00000E+00
 5.80000E+00    0.00000E+00
 5.90560E+00    0.00000E+00
 5.90810E+00    0.00000E+00
 5.91280E+00    0.00000E+00
 6.00000E+00    0.00000E+00
 6.01270E+00    0.00000E+00
 6.10000E+00    0.00000E+00
 6.15000E+00    0.00000E+00
 6.20000E+00    0.00000E+00
 6.21630E+00    0.00000E+00
 6.34520E+00    0.00000E+00
 6.37000E+00    0.00000E+00
 6.40000E+00    0.00000E+00
 6.41280E+00    0.00000E+00
 6.41820E+00    0.00000E+00
 6.42510E+00    0.00000E+00
 6.42690E+00    0.00000E+00
 6.44200E+00    0.00000E+00
 6.44910E+00    0.00000E+00
 6.54510E+00    0.00000E+00
 6.60000E+00    0.00000E+00
 6.80000E+00    0.00000E+00
 6.93340E+00    0.00000E+00
 7.00000E+00    0.00000E+00
 7.00110E+00    0.00000E+00
 7.00980E+00    0.00000E+00
 7.20000E+00    0.00000E+00
 7.40000E+00    0.00000E+00
 7.42200E+00    0.00000E+00
 7.59910E+00    0.00000E+00
 7.60000E+00    0.00000E+00
 7.75300E+00    0.00000E+00
 7.79090E+00    0.00000E+00
 7.80000E+00    0.00000E+00
 8.00000E+00    0.00000E+00
 8.13180E+00    0.00000E+00
 8.14860E+00    0.00000E+00
 8.20000E+00    0.00000E+00
 8.40000E+00    0.00000E+00
 8.52000E+00    0.00000E+00
 8.60000E+00    0.00000E+00
 8.80000E+00    0.00000E+00
 9.00000E+00    0.00000E+00
 9.03470E+00    0.00000E+00
 9.20000E+00    0.00000E+00
 9.23080E+00    0.00000E+00
 9.49730E+00    0.00000E+00
 9.60000E+00    0.00000E+00
 9.76550E+00    0.00000E+00
 1.00000E+01    0.00000E+00
 1.00500E+01    0.00000E+00
 1.05000E+01    0.00000E+00
 1.10000E+01    0.00000E+00
 1.15000E+01    0.00000E+00
 1.20000E+01    0.00000E+00
 1.25000E+01    0.00000E+00
 1.30000E+01    0.00000E+00
 1.40000E+01    0.00000E+00
 1.41190E+01    0.00000E+00
 1.50000E+01    0.00000E+00
 1.60000E+01    0.00000E+00
 1.70000E+01    0.00000E+00
 1.74950E+01    0.00000E+00
 1.80000E+01    0.00000E+00
 1.90000E+01    0.00000E+00
 2.00000E+01    0.00000E+00
