# p + Al 27 : (p,xt)    
# endfb8.0   M.B.CHADWICK & P.G.YOUNG          EVAL-FEB97
# 
# # energies =    39
#   E(MeV)        xs(mb) 
 6.00000E+00    0.00000E+00
 7.00000E+00    0.00000E+00
 8.00000E+00    0.00000E+00
 9.00000E+00    0.00000E+00
 1.00000E+01    0.00000E+00
 1.10000E+01    0.00000E+00
 1.20000E+01    0.00000E+00
 1.30000E+01    0.00000E+00
 1.40000E+01    0.00000E+00
 1.50000E+01    0.00000E+00
 1.60000E+01    0.00000E+00
 1.70000E+01    0.00000E+00
 1.80000E+01    3.94814E-02
 1.90000E+01    2.28762E-01
 2.00000E+01    5.07470E-01
 2.20000E+01    1.05287E+00
 2.40000E+01    1.47295E+00
 2.60000E+01    1.93197E+00
 2.80000E+01    2.34458E+00
 3.00000E+01    3.06514E+00
 3.50000E+01    5.23865E+00
 4.00000E+01    6.96520E+00
 4.50000E+01    8.22723E+00
 5.00000E+01    1.14396E+01
 5.50000E+01    1.21648E+01
 6.00000E+01    1.24738E+01
 6.50000E+01    1.28115E+01
 7.00000E+01    1.07966E+01
 7.50000E+01    1.10375E+01
 8.00000E+01    1.13209E+01
 8.50000E+01    1.16919E+01
 9.00000E+01    1.20262E+01
 9.50000E+01    1.23659E+01
 1.00000E+02    1.27341E+01
 1.10000E+02    1.35711E+01
 1.20000E+02    1.30283E+01
 1.30000E+02    1.42135E+01
 1.40000E+02    1.55924E+01
 1.50000E+02    1.69728E+01
