# p + Te125 : (p,xh)    
# tendl.2019 A.J. Koning                       EVAL-OCT19
# 
# # energies =    57
#   E(MeV)        xs(mb) 
 9.75931E-01    0.00000E+00
 1.00000E+00    0.00000E+00
 1.09039E+00    0.00000E+00
 1.16587E+00    0.00000E+00
 1.22128E+00    0.00000E+00
 1.35100E+00    0.00000E+00
 1.43338E+00    0.00000E+00
 1.51635E+00    0.00000E+00
 1.57629E+00    0.00000E+00
 1.60597E+00    0.00000E+00
 1.68592E+00    0.00000E+00
 1.75023E+00    0.00000E+00
 2.00000E+00    0.00000E+00
 3.00000E+00    0.00000E+00
 4.00000E+00    0.00000E+00
 5.00000E+00    0.00000E+00
 6.00000E+00    0.00000E+00
 7.00000E+00    0.00000E+00
 8.00000E+00    7.50917E-18
 9.00000E+00    2.25621E-17
 1.00000E+01    3.76151E-17
 1.10000E+01    5.26680E-17
 1.20000E+01    6.77210E-17
 1.30000E+01    1.82415E-14
 1.40000E+01    8.44072E-12
 1.50000E+01    8.39971E-10
 1.60000E+01    3.91052E-08
 1.70000E+01    9.02953E-07
 1.80000E+01    1.20832E-05
 1.90000E+01    1.06707E-04
 2.00000E+01    6.80483E-04
 2.20000E+01    1.28867E-02
 2.40000E+01    9.88429E-02
 2.60000E+01    3.92833E-01
 2.80000E+01    9.67140E-01
 3.00000E+01    1.80296E+00
 3.00000E+01    1.81542E+00
 3.50000E+01    4.51015E+00
 4.00000E+01    7.55998E+00
 4.50000E+01    1.04658E+01
 5.00000E+01    1.32308E+01
 5.50000E+01    1.52335E+01
 6.00000E+01    1.71144E+01
 6.50000E+01    1.85602E+01
 7.00000E+01    2.00278E+01
 7.50000E+01    2.13617E+01
 8.00000E+01    2.27691E+01
 9.00000E+01    2.56889E+01
 1.00000E+02    2.89625E+01
 1.10000E+02    3.09821E+01
 1.20000E+02    3.29828E+01
 1.30000E+02    3.50020E+01
 1.40000E+02    3.69721E+01
 1.50000E+02    3.86487E+01
 1.60000E+02    4.03361E+01
 1.80000E+02    4.37676E+01
 2.00000E+02    4.75199E+01
