# p + Gd158 : (p,pa)    
# tendl.2019 A.J. Koning                       EVAL-OCT19
# uncertainties: y
# # energies =    17
#   E(MeV)       xs(mb)       xslow(mb)      xsupp(mb)
 6.63487E-01    0.00000E+00    0.00000E+00    0.00000E+00
 1.00000E+01    8.06086E-16    8.06086E-16    8.06086E-16
 1.10000E+01    3.16612E-14    3.16612E-14    3.16612E-14
 1.20000E+01    2.93171E-12    2.93171E-12    2.93171E-12
 1.30000E+01    2.29098E-11    2.29098E-11    2.29098E-11
 1.40000E+01    9.79751E-11    0.00000E+00    5.15282E-10
 1.50000E+01    3.45988E-10    0.00000E+00    1.81966E-09
 1.60000E+01    9.65709E-10    0.00000E+00    5.07897E-09
 1.70000E+01    2.85942E-09    0.00000E+00    1.50386E-08
 1.80000E+01    8.98714E-09    0.00000E+00    3.70391E-08
 1.90000E+01    2.82181E-08    0.00000E+00    1.16297E-07
 2.00000E+01    7.62940E-08    0.00000E+00    3.14434E-07
 2.20000E+01    4.83116E-07    0.00000E+00    2.82363E-06
 2.40000E+01    1.48182E-06    0.00000E+00    8.66067E-06
 2.60000E+01    4.10354E-06    0.00000E+00    2.76351E-05
 2.80000E+01    1.01719E-05    0.00000E+00    6.85022E-05
 3.00000E+01    2.44083E-05    0.00000E+00    1.64377E-04
