# p + Xe129 : (p,3n)    
# tendl.2019 A.J. Koning                       EVAL-OCT19
# uncertainties: y
# # energies =    28
#   E(MeV)       xs(mb)       xslow(mb)      xsupp(mb)
 1.95382E+01    0.00000E+00    0.00000E+00    0.00000E+00
 2.00000E+01    4.61546E+00    3.64750E+00    5.58342E+00
 2.20000E+01    2.24042E+02    1.99626E+02    2.48458E+02
 2.40000E+01    5.69756E+02    5.07665E+02    6.31847E+02
 2.60000E+01    7.81963E+02    6.85585E+02    8.78341E+02
 2.80000E+01    8.74906E+02    7.67072E+02    9.82740E+02
 3.00000E+01    8.96624E+02    7.86114E+02    1.00713E+03
 3.00000E+01    8.96907E+02    7.86362E+02    1.00745E+03
 3.50000E+01    5.86766E+02    5.14446E+02    6.59086E+02
 4.00000E+01    2.26039E+02    1.98179E+02    2.53899E+02
 4.50000E+01    1.24491E+02    1.09147E+02    1.39835E+02
 5.00000E+01    9.32169E+01    8.17277E+01    1.04706E+02
 5.50000E+01    7.56566E+01    6.63318E+01    8.49814E+01
 6.00000E+01    6.37696E+01    5.59099E+01    7.16293E+01
 6.50000E+01    5.47611E+01    4.80117E+01    6.15105E+01
 7.00000E+01    4.77315E+01    4.18485E+01    5.36145E+01
 7.50000E+01    4.24176E+01    3.71895E+01    4.76456E+01
 8.00000E+01    3.76002E+01    3.29659E+01    4.22345E+01
 9.00000E+01    3.05037E+01    2.67441E+01    3.42633E+01
 1.00000E+02    2.52090E+01    2.21019E+01    2.83161E+01
 1.10000E+02    2.11624E+01    1.85541E+01    2.37707E+01
 1.20000E+02    1.82096E+01    1.59652E+01    2.04540E+01
 1.30000E+02    1.59385E+01    1.39741E+01    1.79030E+01
 1.40000E+02    1.40318E+01    1.23024E+01    1.57612E+01
 1.50000E+02    1.25569E+01    1.10092E+01    1.41046E+01
 1.60000E+02    1.11960E+01    9.81607E+00    1.25759E+01
 1.80000E+02    9.29965E+00    8.15345E+00    1.04458E+01
 2.00000E+02    7.81008E+00    6.84747E+00    8.77269E+00
