# n + Cl  0 : (n,3n)
# tendl.2019 A.J. Koning and D. Rochman        EVAL-NOV19
# uncertainties: y
# # energies =    42
#   E(MeV)          xs(mb) 
 1.94061E+01    0.00000E+00
 2.00000E+01    8.49177E-02
 2.10000E+01    1.03528E+00
 2.20000E+01    3.61679E+00
 2.30000E+01    7.31741E+00
 2.40000E+01    1.16139E+01
 2.50000E+01    1.58134E+01
 2.60000E+01    1.90150E+01
 2.70000E+01    2.25354E+01
 2.80000E+01    2.45604E+01
 2.90000E+01    2.60841E+01
 3.00000E+01    2.67638E+01
 3.00000E+01    2.67638E+01
 3.20000E+01    2.77672E+01
 3.40000E+01    2.69632E+01
 3.60000E+01    2.64876E+01
 3.80000E+01    2.52169E+01
 4.00000E+01    2.38091E+01
 4.20000E+01    2.20629E+01
 4.40000E+01    2.09457E+01
 4.60000E+01    1.99270E+01
 4.80000E+01    1.86223E+01
 5.00000E+01    1.78292E+01
 5.20000E+01    1.66216E+01
 5.40000E+01    1.59399E+01
 5.60000E+01    1.50609E+01
 5.80000E+01    1.45855E+01
 6.00000E+01    1.39885E+01
 6.50000E+01    1.27604E+01
 7.00000E+01    1.15261E+01
 7.50000E+01    1.07512E+01
 8.00000E+01    9.77696E+00
 9.00000E+01    8.47985E+00
 1.00000E+02    7.39397E+00
 1.10000E+02    6.51105E+00
 1.20000E+02    5.71282E+00
 1.30000E+02    4.95063E+00
 1.40000E+02    4.52396E+00
 1.50000E+02    4.00772E+00
 1.60000E+02    3.63459E+00
 1.80000E+02    2.98656E+00
 2.00000E+02    2.49962E+00
