# n + U 234 : (n,el)    
# tendl.2019 A.J. Koning and D. Rochman        EVAL-DEC19
# uncertainties: y
# # energies =    69
#   E(MeV)       xs(mb)       xslow(mb)      xsupp(mb)
 1.00000E-10    2.19510E+04    1.97096E+04    2.41923E+04
 5.00000E-09    1.94823E+04    1.74891E+04    2.14755E+04
 1.00000E-08    1.93874E+04    1.74039E+04    2.13709E+04
 1.50000E-08    1.93325E+04    1.73546E+04    2.13104E+04
 2.00000E-08    1.92894E+04    1.73159E+04    2.12629E+04
 2.50000E-08    1.92521E+04    1.72788E+04    2.12254E+04
 3.00000E-08    1.92184E+04    1.72456E+04    2.11912E+04
 3.50000E-08    1.91785E+04    1.72097E+04    2.11472E+04
 4.20000E-08    1.91320E+04    1.71651E+04    2.10990E+04
 5.00000E-08    1.90841E+04    1.71191E+04    2.10491E+04
 5.80000E-08    1.90333E+04    1.70735E+04    2.09930E+04
 6.70000E-08    1.89694E+04    1.70133E+04    2.09256E+04
 8.00000E-08    1.88780E+04    1.69254E+04    2.08306E+04
 1.00000E-07    1.87157E+04    1.67614E+04    2.06701E+04
 1.40000E-07    1.84998E+04    1.65680E+04    2.04317E+04
 1.80000E-07    1.82905E+04    1.63805E+04    2.02004E+04
 2.20000E-07    1.81104E+04    1.61920E+04    2.00288E+04
 2.50000E-07    1.79615E+04    1.60588E+04    1.98641E+04
 2.80000E-07    1.78385E+04    1.59489E+04    1.97282E+04
 3.00000E-07    1.77410E+04    1.58354E+04    1.96467E+04
 3.20000E-07    1.76236E+04    1.57306E+04    1.95166E+04
 3.50000E-07    1.74383E+04    1.55652E+04    1.93114E+04
 4.00000E-07    1.71064E+04    1.52441E+04    1.89687E+04
 5.00000E-07    1.66258E+04    1.47806E+04    1.84710E+04
 6.25000E-07    1.60658E+04    1.42828E+04    1.78489E+04
 7.80000E-07    1.56306E+04    1.38418E+04    1.74193E+04
 8.50000E-07    1.53942E+04    1.36325E+04    1.71559E+04
 9.10000E-07    1.52165E+04    1.34752E+04    1.69579E+04
 9.50000E-07    1.51083E+04    1.33793E+04    1.68373E+04
 9.72000E-07    1.50300E+04    1.33099E+04    1.67500E+04
 9.96000E-07    1.49481E+04    1.32375E+04    1.66588E+04
 1.02000E-06    1.48649E+04    1.30361E+04    1.66938E+04
 1.04500E-06    1.47810E+04    1.29625E+04    1.65995E+04
 1.07100E-06    1.46961E+04    1.28881E+04    1.65042E+04
 1.09700E-06    1.46112E+04    1.28136E+04    1.64088E+04
 1.12300E-06    1.45247E+04    1.27377E+04    1.63117E+04
 1.15000E-06    1.42510E+04    1.24977E+04    1.60042E+04
 1.30000E-06    1.37240E+04    1.20356E+04    1.54125E+04
 1.50000E-06    1.26475E+04    1.10914E+04    1.42035E+04
 2.10000E-06    1.11727E+04    9.63148E+03    1.27139E+04
 2.60000E-06    9.57774E+03    8.25655E+03    1.08989E+04
 3.30000E-06    7.22214E+03    6.04208E+03    8.40221E+03
 4.00000E-06    7.42653E+04    6.56129E+04    8.29177E+04
 9.87700E-06    1.05944E+04    9.21928E+03    1.19696E+04
 1.59680E-05    8.50968E+03    7.23997E+03    9.77939E+03
 2.77000E-05    1.62516E+04    1.35998E+04    1.89035E+04
 4.80520E-05    1.36415E+04    1.22579E+04    1.50251E+04
 7.55014E-05    3.02884E+04    2.73005E+04    3.32764E+04
 1.48728E-04    2.42490E+04    2.33002E+04    2.51978E+04
 3.67262E-04    1.59691E+04    1.46920E+04    1.72463E+04
 9.06898E-04    1.40076E+04    1.28668E+04    1.51484E+04
 1.42510E-03    1.75404E+04    1.58924E+04    1.91884E+04
 2.23945E-03    1.67157E+04    1.47849E+04    1.86466E+04
 3.51910E-03    1.51558E+04    1.34051E+04    1.69065E+04
 5.53000E-03    1.40549E+04    1.24111E+04    1.56987E+04
 9.11800E-03    1.31285E+04    1.15930E+04    1.46639E+04
 1.50300E-02    1.22039E+04    1.07766E+04    1.36313E+04
 2.47800E-02    1.14323E+04    1.00674E+04    1.27972E+04
 4.08500E-02    1.09120E+04    9.60927E+03    1.22148E+04
 6.73400E-02    1.04853E+04    9.23349E+03    1.17371E+04
 1.11000E-01    1.04386E+04    9.14265E+03    1.17345E+04
 1.83000E-01    9.15575E+03    8.01907E+03    1.02924E+04
 3.02000E-01    7.43709E+03    6.51378E+03    8.36039E+03
 5.00000E-01    5.31234E+03    4.64862E+03    5.97605E+03
 8.21000E-01    4.04102E+03    3.55227E+03    4.52978E+03
 1.35300E+00    3.59309E+03    3.15851E+03    4.02766E+03
 2.23100E+00    4.02254E+03    3.52059E+03    4.52449E+03
 3.67900E+00    4.20470E+03    3.66348E+03    4.74592E+03
 6.06500E+00    3.25853E+03    2.84055E+03    3.67651E+03
