# n + Cs135 : (n,n'13)  
# tendl.2019 A.J. Koning and D. Rochman        EVAL-NOV19
# uncertainties: n
# # energies =    79
#   E(MeV)       xs(mb) 
 1.68674E+00    0.00000E+00
 1.69642E+00    1.67462E+00
 1.70466E+00    3.10015E+00
 1.70959E+00    3.95302E+00
 1.72347E+00    6.35426E+00
 1.72596E+00    6.78503E+00
 1.72950E+00    7.39746E+00
 1.73887E+00    9.01846E+00
 1.75593E+00    1.19698E+01
 1.78032E+00    1.61893E+01
 1.78133E+00    1.63640E+01
 1.78476E+00    1.69574E+01
 1.78642E+00    1.72446E+01
 1.79015E+00    1.78899E+01
 1.79364E+00    1.84936E+01
 1.80000E+00    1.95939E+01
 1.81333E+00    2.02732E+01
 1.81473E+00    2.03445E+01
 1.81736E+00    2.04786E+01
 2.00000E+00    2.97859E+01
 2.20000E+00    3.29088E+01
 2.40000E+00    3.25590E+01
 2.60000E+00    3.00454E+01
 2.80000E+00    2.63055E+01
 3.00000E+00    2.21493E+01
 3.20000E+00    1.81520E+01
 3.40000E+00    1.46215E+01
 3.60000E+00    1.16655E+01
 3.80000E+00    9.26972E+00
 4.00000E+00    7.36666E+00
 4.20000E+00    5.86601E+00
 4.40000E+00    4.68878E+00
 4.60000E+00    3.76533E+00
 4.80000E+00    3.04068E+00
 5.00000E+00    2.47133E+00
 5.20000E+00    2.02344E+00
 5.40000E+00    1.67084E+00
 5.60000E+00    1.39253E+00
 5.80000E+00    1.17253E+00
 6.00000E+00    9.98158E-01
 6.20000E+00    8.58002E-01
 6.40000E+00    7.46453E-01
 6.60000E+00    6.56206E-01
 6.80000E+00    5.84521E-01
 7.00000E+00    5.26085E-01
 7.20000E+00    4.78522E-01
 7.40000E+00    4.39930E-01
 7.60000E+00    4.08003E-01
 7.80000E+00    3.81984E-01
 8.00000E+00    3.60364E-01
 8.50000E+00    3.20806E-01
 9.00000E+00    2.94910E-01
 9.50000E+00    2.76882E-01
 1.00000E+01    2.63229E-01
 1.05000E+01    2.51927E-01
 1.10000E+01    2.41896E-01
 1.15000E+01    2.32648E-01
 1.20000E+01    2.24019E-01
 1.25000E+01    2.16002E-01
 1.30000E+01    2.08631E-01
 1.35000E+01    2.01934E-01
 1.40000E+01    1.95900E-01
 1.45000E+01    1.90469E-01
 1.50000E+01    1.85553E-01
 1.60000E+01    1.76826E-01
 1.70000E+01    1.68921E-01
 1.80000E+01    1.61369E-01
 1.90000E+01    1.54023E-01
 2.00000E+01    1.46864E-01
 2.10000E+01    1.39949E-01
 2.20000E+01    1.33446E-01
 2.30000E+01    1.27565E-01
 2.40000E+01    1.22448E-01
 2.50000E+01    1.18124E-01
 2.60000E+01    1.14510E-01
 2.70000E+01    1.11440E-01
 2.80000E+01    1.08698E-01
 2.90000E+01    1.06074E-01
 3.00000E+01    1.03427E-01
