# n + Ti 49 : (n,n'28)  
# tendl.2019 A.J. Koning and D. Rochman        EVAL-NOV19
# uncertainties: n
# # energies =    54
#   E(MeV)       xs(mb) 
 3.69305E+00    0.00000E+00
 3.71399E+00    1.91643E+00
 3.77696E+00    7.67941E+00
 3.80000E+00    9.78803E+00
 4.00000E+00    1.20259E+01
 4.20000E+00    1.32612E+01
 4.40000E+00    1.43924E+01
 4.60000E+00    1.52861E+01
 4.80000E+00    1.57332E+01
 5.00000E+00    1.55944E+01
 5.20000E+00    1.49106E+01
 5.40000E+00    1.38324E+01
 5.60000E+00    1.25319E+01
 5.80000E+00    1.11585E+01
 6.00000E+00    9.80782E+00
 6.20000E+00    8.55132E+00
 6.40000E+00    7.41252E+00
 6.60000E+00    6.41026E+00
 6.80000E+00    5.53687E+00
 7.00000E+00    4.78411E+00
 7.20000E+00    4.13356E+00
 7.40000E+00    3.57813E+00
 7.60000E+00    3.10261E+00
 7.80000E+00    2.69532E+00
 8.00000E+00    2.34976E+00
 8.50000E+00    1.67851E+00
 9.00000E+00    1.20904E+00
 9.50000E+00    8.84101E-01
 1.00000E+01    6.55009E-01
 1.05000E+01    4.91586E-01
 1.10000E+01    3.73791E-01
 1.15000E+01    2.88128E-01
 1.20000E+01    2.25291E-01
 1.25000E+01    1.79037E-01
 1.30000E+01    1.44695E-01
 1.35000E+01    1.19099E-01
 1.40000E+01    9.99251E-02
 1.45000E+01    8.54630E-02
 1.50000E+01    7.44627E-02
 1.60000E+01    5.95157E-02
 1.70000E+01    5.04188E-02
 1.80000E+01    4.46567E-02
 1.90000E+01    4.08236E-02
 2.00000E+01    3.81543E-02
 2.10000E+01    3.62123E-02
 2.20000E+01    3.47434E-02
 2.30000E+01    3.35967E-02
 2.40000E+01    3.26710E-02
 2.50000E+01    3.18934E-02
 2.60000E+01    3.12079E-02
 2.70000E+01    3.05761E-02
 2.80000E+01    2.99749E-02
 2.90000E+01    2.93888E-02
 3.00000E+01    2.88120E-02
