# n + Pu237 : (n,xn)    
# tendl.2019 A.J. Koning and D. Rochman        EVAL-NOV19
# 
# # energies =   135
#   E(MeV)        xs(mb) 
 4.79130E-02    3.04035E-14
 6.00000E-02    3.98336E+00
 1.00000E-01    2.26859E+01
 1.06451E-01    2.64615E+01
 1.46162E-01    5.99890E+01
 1.56117E-01    6.84359E+01
 1.75745E-01    8.66363E+01
 2.00000E-01    1.10309E+02
 2.02035E-01    1.11777E+02
 2.25204E-01    1.31956E+02
 2.58094E-01    1.67531E+02
 2.81414E-01    1.92796E+02
 3.00000E-01    2.17195E+02
 3.05294E-01    2.19958E+02
 3.22336E-01    2.31164E+02
 3.71976E-01    2.71639E+02
 3.89244E-01    2.86667E+02
 4.00000E-01    2.98888E+02
 4.05910E-01    3.00887E+02
 4.09555E-01    3.02431E+02
 4.40275E-01    3.18071E+02
 4.55219E-01    3.27543E+02
 4.75535E-01    3.43150E+02
 4.88068E-01    3.54820E+02
 5.00000E-01    3.68218E+02
 5.15183E-01    3.73892E+02
 5.47319E-01    3.88479E+02
 5.84476E-01    4.06022E+02
 5.93515E-01    4.10962E+02
 6.00000E-01    4.14693E+02
 6.57787E-01    4.35805E+02
 6.76060E-01    4.43562E+02
 6.93940E-01    4.52327E+02
 6.99102E-01    4.55224E+02
 7.00000E-01    4.55728E+02
 7.19047E-01    4.66391E+02
 7.44153E-01    4.81194E+02
 7.60221E-01    4.91546E+02
 8.00000E-01    5.23230E+02
 9.00000E-01    6.14414E+02
 1.00000E+00    7.21580E+02
 1.20000E+00    9.50779E+02
 1.40000E+00    1.15272E+03
 1.60000E+00    1.29640E+03
 1.80000E+00    1.38272E+03
 2.00000E+00    1.42659E+03
 2.20000E+00    1.44473E+03
 2.40000E+00    1.45142E+03
 2.60000E+00    1.45618E+03
 2.80000E+00    1.46408E+03
 3.00000E+00    1.47719E+03
 3.20000E+00    1.49527E+03
 3.40000E+00    1.51763E+03
 3.60000E+00    1.54334E+03
 3.80000E+00    1.57117E+03
 4.00000E+00    1.56023E+03
 4.20000E+00    1.52240E+03
 4.40000E+00    1.51074E+03
 4.60000E+00    1.47045E+03
 4.80000E+00    1.39459E+03
 5.00000E+00    1.27626E+03
 5.20000E+00    1.14554E+03
 5.40000E+00    1.00276E+03
 5.60000E+00    8.70772E+02
 5.80000E+00    7.52486E+02
 6.00000E+00    6.47521E+02
 6.20000E+00    5.68201E+02
 6.40000E+00    5.00601E+02
 6.60000E+00    4.55267E+02
 6.80000E+00    4.27091E+02
 7.00000E+00    4.06068E+02
 7.20000E+00    3.88906E+02
 7.40000E+00    3.80752E+02
 7.60000E+00    3.71484E+02
 7.80000E+00    3.67277E+02
 8.00000E+00    3.65129E+02
 8.50000E+00    3.71755E+02
 9.00000E+00    3.95407E+02
 9.50000E+00    4.33646E+02
 1.00000E+01    4.71101E+02
 1.05000E+01    4.96260E+02
 1.10000E+01    5.02912E+02
 1.15000E+01    4.93048E+02
 1.20000E+01    4.72151E+02
 1.25000E+01    4.41452E+02
 1.30000E+01    4.01592E+02
 1.35000E+01    3.62744E+02
 1.40000E+01    3.26205E+02
 1.45000E+01    2.91837E+02
 1.50000E+01    2.67278E+02
 1.60000E+01    2.33629E+02
 1.70000E+01    2.14206E+02
 1.80000E+01    2.02324E+02
 1.90000E+01    1.96280E+02
 2.00000E+01    1.94947E+02
 2.10000E+01    1.95723E+02
 2.20000E+01    1.98358E+02
 2.30000E+01    2.02038E+02
 2.40000E+01    2.07691E+02
 2.50000E+01    2.11279E+02
 2.60000E+01    2.16860E+02
 2.70000E+01    2.23496E+02
 2.80000E+01    2.29386E+02
 2.90000E+01    2.35620E+02
 3.00000E+01    2.40812E+02
 3.00000E+01    4.98706E+02
 3.20000E+01    4.59264E+02
 3.40000E+01    4.79701E+02
 3.60000E+01    5.01397E+02
 3.80000E+01    5.21897E+02
 4.00000E+01    5.38519E+02
 4.20000E+01    5.52508E+02
 4.40000E+01    5.58504E+02
 4.60000E+01    5.61312E+02
 4.80000E+01    5.62504E+02
 5.00000E+01    5.61957E+02
 5.20000E+01    5.61406E+02
 5.40000E+01    5.66047E+02
 5.60000E+01    5.76100E+02
 5.80000E+01    5.92462E+02
 6.00000E+01    6.14979E+02
 6.50000E+01    6.98930E+02
 7.00000E+01    8.10134E+02
 7.50000E+01    9.23949E+02
 8.00000E+01    1.04594E+03
 9.00000E+01    1.26296E+03
 1.00000E+02    1.44619E+03
 1.10000E+02    1.64902E+03
 1.20000E+02    1.84788E+03
 1.30000E+02    2.01724E+03
 1.40000E+02    2.18538E+03
 1.50000E+02    2.41043E+03
 1.60000E+02    2.61182E+03
 1.80000E+02    3.26782E+03
 2.00000E+02    4.02242E+03
