# n + Se 76 : (n,n'04)  
# endfb8.0   JNDC FP Nuclear Data W.G.         EVAL-MAR90
# uncertainties: n
# # energies =   356
#   E(MeV)       xs(mb) 
 1.34858E+00    0.00000E+00
 1.34886E+00    1.45084E-01
 1.34942E+00    4.34679E-01
 1.35054E+00    1.01160E+00
 1.35164E+00    1.58402E+00
 1.35274E+00    2.15196E+00
 1.35493E+00    3.27897E+00
 1.35708E+00    4.38837E+00
 1.35921E+00    5.48044E+00
 1.36130E+00    6.55544E+00
 1.36337E+00    7.61364E+00
 1.36744E+00    9.69698E+00
 1.37140E+00    1.17152E+01
 1.37525E+00    1.36704E+01
 1.37899E+00    1.55644E+01
 1.38262E+00    1.73993E+01
 1.38614E+00    1.91768E+01
 1.38957E+00    2.08988E+01
 1.39622E+00    2.42352E+01
 1.40249E+00    2.73630E+01
 1.40840E+00    3.02953E+01
 1.41396E+00    3.30444E+01
 1.41919E+00    3.56216E+01
 1.42411E+00    3.80378E+01
 1.43338E+00    4.25681E+01
 1.44154E+00    4.65321E+01
 1.44872E+00    5.00006E+01
 1.45504E+00    5.30356E+01
 1.46615E+00    5.83467E+01
 1.47454E+00    6.23301E+01
 1.48722E+00    6.83052E+01
 1.50000E+00    7.42802E+01
 1.51241E+00    7.87775E+01
 1.52415E+00    8.29937E+01
 1.53523E+00    8.69464E+01
 1.54569E+00    9.06521E+01
 1.55556E+00    9.41262E+01
 1.57424E+00    1.00640E+02
 1.59077E+00    1.06340E+02
 1.60538E+00    1.11327E+02
 1.61827E+00    1.15691E+02
 1.62963E+00    1.19509E+02
 1.64971E+00    1.26191E+02
 1.66493E+00    1.31202E+02
 1.68802E+00    1.38720E+02
 1.71144E+00    1.46237E+02
 1.73061E+00    1.49852E+02
 1.75000E+00    1.53466E+02
 1.78041E+00    1.57611E+02
 1.81135E+00    1.61755E+02
 1.85678E+00    1.64097E+02
 1.92706E+00    1.67610E+02
 2.00000E+00    1.71123E+02
 2.05292E+00    1.73466E+02
 2.15546E+00    1.72982E+02
 2.19934E+00    1.71618E+02
 2.29236E+00    1.69017E+02
 2.39429E+00    1.67630E+02
 2.46137E+00    1.66127E+02
 2.52166E+00    1.63084E+02
 2.54811E+00    1.61612E+02
 2.60415E+00    1.58262E+02
 2.64032E+00    1.55551E+02
 2.65319E+00    1.54369E+02
 2.66585E+00    1.53036E+02
 2.69058E+00    1.50460E+02
 2.70537E+00    1.48882E+02
 2.73884E+00    1.45763E+02
 2.78983E+00    1.41084E+02
 2.84176E+00    1.36406E+02
 2.84987E+00    1.35776E+02
 2.85412E+00    1.35381E+02
 2.86233E+00    1.34624E+02
 2.89769E+00    1.31372E+02
 2.90793E+00    1.30257E+02
 2.94968E+00    1.25958E+02
 2.95880E+00    1.24927E+02
 2.98980E+00    1.21645E+02
 3.00000E+00    1.20604E+02
 3.00784E+00    1.19854E+02
 3.06191E+00    1.16005E+02
 3.11349E+00    1.12397E+02
 3.16262E+00    1.09015E+02
 3.20940E+00    1.05844E+02
 3.25387E+00    1.02871E+02
 3.29613E+00    1.00084E+02
 3.33624E+00    9.74709E+01
 3.37429E+00    9.50214E+01
 3.41036E+00    9.27249E+01
 3.44452E+00    9.05719E+01
 3.47686E+00    8.85535E+01
 3.53831E+00    8.47690E+01
 3.59298E+00    8.14575E+01
 3.64150E+00    7.85600E+01
 3.68449E+00    7.60247E+01
 3.72253E+00    7.38063E+01
 3.75613E+00    7.18652E+01
 3.81567E+00    6.84682E+01
 3.86094E+00    6.59205E+01
 3.89524E+00    6.40097E+01
 3.94727E+00    6.11436E+01
 4.00000E+00    5.82774E+01
 4.05618E+00    5.61690E+01
 4.10956E+00    5.41923E+01
 4.16024E+00    5.23392E+01
 4.20833E+00    5.06020E+01
 4.25391E+00    4.89732E+01
 4.29709E+00    4.74463E+01
 4.33797E+00    4.60149E+01
 4.37665E+00    4.46729E+01
 4.41323E+00    4.34147E+01
 4.44779E+00    4.22352E+01
 4.51334E+00    4.00237E+01
 4.57148E+00    3.80885E+01
 4.62297E+00    3.63953E+01
 4.66850E+00    3.49137E+01
 4.70870E+00    3.36173E+01
 4.74416E+00    3.24830E+01
 4.77541E+00    3.14905E+01
 4.83060E+00    2.97535E+01
 4.87240E+00    2.84508E+01
 4.90399E+00    2.74738E+01
 4.95176E+00    2.60082E+01
 5.00000E+00    2.45427E+01
 5.05730E+00    2.36202E+01
 5.11162E+00    2.27554E+01
 5.16307E+00    2.19447E+01
 5.21177E+00    2.11846E+01
 5.25785E+00    2.04720E+01
 5.30142E+00    1.98040E+01
 5.34260E+00    1.91777E+01
 5.38149E+00    1.85905E+01
 5.41820E+00    1.80401E+01
 5.48772E+00    1.70080E+01
 5.54929E+00    1.61049E+01
 5.60372E+00    1.53147E+01
 5.65179E+00    1.46233E+01
 5.69418E+00    1.40183E+01
 5.73154E+00    1.34890E+01
 5.76443E+00    1.30258E+01
 5.82244E+00    1.22152E+01
 5.86633E+00    1.16072E+01
 5.89947E+00    1.11513E+01
 5.94952E+00    1.04673E+01
 6.00000E+00    9.78337E+00
 6.05809E+00    9.41421E+00
 6.11305E+00    9.06812E+00
 6.16504E+00    8.74366E+00
 6.21417E+00    8.43948E+00
 6.26059E+00    8.15431E+00
 6.30443E+00    7.88697E+00
 6.34580E+00    7.63633E+00
 6.42411E+00    7.16639E+00
 6.49342E+00    6.75519E+00
 6.55468E+00    6.39539E+00
 6.60876E+00    6.08056E+00
 6.65644E+00    5.80509E+00
 6.69845E+00    5.56405E+00
 6.73542E+00    5.35315E+00
 6.80061E+00    4.98406E+00
 6.84992E+00    4.70724E+00
 6.88714E+00    4.49963E+00
 6.94334E+00    4.18821E+00
 7.00000E+00    3.87679E+00
 7.05866E+00    3.72732E+00
 7.11411E+00    3.58719E+00
 7.16648E+00    3.45583E+00
 7.21593E+00    3.33267E+00
 7.26261E+00    3.21721E+00
 7.30663E+00    3.10896E+00
 7.38990E+00    2.90601E+00
 7.46355E+00    2.72842E+00
 7.52858E+00    2.57303E+00
 7.58596E+00    2.43706E+00
 7.63652E+00    2.31809E+00
 7.68103E+00    2.21399E+00
 7.72020E+00    2.12291E+00
 7.78922E+00    1.96351E+00
 7.84139E+00    1.84395E+00
 7.88074E+00    1.75429E+00
 7.94015E+00    1.61979E+00
 8.00000E+00    1.48530E+00
 8.05911E+00    1.42617E+00
 8.11492E+00    1.37074E+00
 8.16759E+00    1.31878E+00
 8.21729E+00    1.27006E+00
 8.26415E+00    1.22439E+00
 8.35273E+00    1.13875E+00
 8.43102E+00    1.06381E+00
 8.50013E+00    9.98249E-01
 8.56106E+00    9.40878E-01
 8.61474E+00    8.90679E-01
 8.66198E+00    8.46755E-01
 8.70353E+00    8.08321E-01
 8.77672E+00    7.41062E-01
 8.83201E+00    6.90618E-01
 8.87371E+00    6.52785E-01
 8.93663E+00    5.96035E-01
 9.00000E+00    5.39285E-01
 9.05946E+00    5.17229E-01
 9.11556E+00    4.96551E-01
 9.16847E+00    4.77166E-01
 9.21836E+00    4.58992E-01
 9.31262E+00    4.24917E-01
 9.39589E+00    3.95100E-01
 9.46936E+00    3.69011E-01
 9.53412E+00    3.46183E-01
 9.59114E+00    3.26209E-01
 9.64132E+00    3.08731E-01
 9.68544E+00    2.93438E-01
 9.76314E+00    2.66675E-01
 9.82183E+00    2.46603E-01
 9.86607E+00    2.31549E-01
 9.93281E+00    2.08968E-01
 1.00000E+01    1.86387E-01
 1.01146E+01    1.75863E-01
 1.02232E+01    1.65996E-01
 1.03261E+01    1.56747E-01
 1.04235E+01    1.48075E-01
 1.05157E+01    1.39945E-01
 1.06028E+01    1.32324E-01
 1.06852E+01    1.25178E-01
 1.07630E+01    1.18480E-01
 1.08364E+01    1.12200E-01
 1.09057E+01    1.06312E-01
 1.09711E+01    1.00793E-01
 1.10327E+01    9.56181E-02
 1.10908E+01    9.07670E-02
 1.11456E+01    8.62190E-02
 1.11971E+01    8.19553E-02
 1.12457E+01    7.79581E-02
 1.12914E+01    7.42107E-02
 1.13777E+01    6.71844E-02
 1.14537E+01    6.10363E-02
 1.15206E+01    5.56567E-02
 1.15794E+01    5.09496E-02
 1.16312E+01    4.68309E-02
 1.16767E+01    4.32270E-02
 1.17166E+01    4.00736E-02
 1.17517E+01    3.73144E-02
 1.18133E+01    3.24858E-02
 1.18597E+01    2.88643E-02
 1.18946E+01    2.61482E-02
 1.19472E+01    2.20740E-02
 1.19736E+01    2.00370E-02
 1.20000E+01    1.79999E-02
 1.21162E+01    1.69212E-02
 1.22261E+01    1.59100E-02
 1.23301E+01    1.49619E-02
 1.24283E+01    1.40731E-02
 1.25212E+01    1.32398E-02
 1.26089E+01    1.24587E-02
 1.26916E+01    1.17263E-02
 1.27697E+01    1.10397E-02
 1.28433E+01    1.03961E-02
 1.29127E+01    9.79263E-03
 1.29781E+01    9.22690E-03
 1.30397E+01    8.69653E-03
 1.30978E+01    8.19932E-03
 1.31524E+01    7.73317E-03
 1.32039E+01    7.29616E-03
 1.32523E+01    6.88647E-03
 1.32978E+01    6.50238E-03
 1.33836E+01    5.78221E-03
 1.34592E+01    5.15206E-03
 1.35256E+01    4.60069E-03
 1.35840E+01    4.11823E-03
 1.36353E+01    3.69608E-03
 1.36804E+01    3.32670E-03
 1.37199E+01    3.00349E-03
 1.37546E+01    2.72069E-03
 1.37851E+01    2.47323E-03
 1.38385E+01    2.04018E-03
 1.38787E+01    1.71540E-03
 1.39089E+01    1.47181E-03
 1.39316E+01    1.28912E-03
 1.39658E+01    1.01508E-03
 1.40000E+01    7.41044E-04
 1.40605E+01    7.05436E-04
 1.41175E+01    6.72053E-04
 1.42249E+01    6.09460E-04
 1.43195E+01    5.54691E-04
 1.44029E+01    5.06768E-04
 1.44762E+01    4.64836E-04
 1.45407E+01    4.28145E-04
 1.45973E+01    3.96040E-04
 1.46470E+01    3.67949E-04
 1.46907E+01    3.43369E-04
 1.47674E+01    3.00354E-04
 1.48252E+01    2.68093E-04
 1.48687E+01    2.43897E-04
 1.49342E+01    2.07603E-04
 1.49671E+01    1.89456E-04
 1.50000E+01    1.71309E-04
 1.51215E+01    1.55874E-04
 1.52286E+01    1.42369E-04
 1.53230E+01    1.30551E-04
 1.54060E+01    1.20211E-04
 1.54790E+01    1.11164E-04
 1.55432E+01    1.03247E-04
 1.55996E+01    9.63201E-05
 1.56491E+01    9.02589E-05
 1.57361E+01    7.96518E-05
 1.58017E+01    7.16965E-05
 1.58510E+01    6.57301E-05
 1.59253E+01    5.67804E-05
 1.59626E+01    5.23055E-05
 1.60000E+01    4.78307E-05
 1.61182E+01    4.52096E-05
 1.62298E+01    4.27523E-05
 1.63352E+01    4.04486E-05
 1.64346E+01    3.82889E-05
 1.65283E+01    3.62642E-05
 1.66166E+01    3.43660E-05
 1.66999E+01    3.25865E-05
 1.67783E+01    3.09181E-05
 1.68522E+01    2.93541E-05
 1.69217E+01    2.78878E-05
 1.69872E+01    2.65131E-05
 1.71106E+01    2.39356E-05
 1.72193E+01    2.16803E-05
 1.73150E+01    1.97069E-05
 1.73992E+01    1.79802E-05
 1.74732E+01    1.64694E-05
 1.75382E+01    1.51473E-05
 1.75953E+01    1.39906E-05
 1.76454E+01    1.29784E-05
 1.77334E+01    1.12071E-05
 1.77996E+01    9.87866E-06
 1.78495E+01    8.88231E-06
 1.79246E+01    7.38778E-06
 1.79623E+01    6.64052E-06
 1.80000E+01    5.89326E-06
 1.81189E+01    5.57765E-06
 1.82311E+01    5.28176E-06
 1.83369E+01    5.00437E-06
 1.84367E+01    4.74431E-06
 1.85307E+01    4.50051E-06
 1.86193E+01    4.27195E-06
 1.87027E+01    4.05767E-06
 1.87813E+01    3.85678E-06
 1.88552E+01    3.66845E-06
 1.89947E+01    3.31533E-06
 1.91175E+01    3.00635E-06
 1.92257E+01    2.73599E-06
 1.93208E+01    2.49942E-06
 1.94044E+01    2.29243E-06
 1.94779E+01    2.11131E-06
 1.95424E+01    1.95283E-06
 1.95990E+01    1.81416E-06
 1.96985E+01    1.57149E-06
 1.97735E+01    1.38949E-06
 1.98298E+01    1.25298E-06
 1.99147E+01    1.04823E-06
 1.99573E+01    9.45850E-07
 2.00000E+01    8.43480E-07
