# p + Mg 26 : (p,a)     
# tendl.2019 A.J. Koning                       EVAL-OCT19
# uncertainties: y
# # energies =    24
#   E(MeV)       xs(mb)       xslow(mb)      xsupp(mb)
 1.80355E+00    0.00000E+00   -0.00000E+00    0.00000E+00
 3.00000E+00    1.81172E-04    0.00000E+00    4.40397E-04
 4.00000E+00    1.00704E+00    0.00000E+00    2.44793E+00
 5.00000E+00    3.10319E+01    1.68713E+01    4.51925E+01
 6.00000E+00    1.01274E+02    5.50603E+01    1.47488E+02
 7.00000E+00    1.35025E+02    7.83977E+01    1.91652E+02
 8.00000E+00    1.30610E+02    7.58343E+01    1.85386E+02
 9.00000E+00    1.31910E+02    7.65891E+01    1.87231E+02
 1.00000E+01    1.31119E+02    7.92055E+01    1.83033E+02
 1.10000E+01    1.23756E+02    7.47577E+01    1.72754E+02
 1.20000E+01    1.15140E+02    6.95530E+01    1.60727E+02
 1.30000E+01    1.06805E+02    6.45181E+01    1.49092E+02
 1.40000E+01    9.97373E+01    6.77527E+01    1.31722E+02
 1.50000E+01    9.47982E+01    6.43975E+01    1.25199E+02
 1.60000E+01    8.70201E+01    5.91138E+01    1.14926E+02
 1.70000E+01    7.49326E+01    5.09026E+01    9.89626E+01
 1.80000E+01    6.00814E+01    3.84490E+01    8.17138E+01
 1.90000E+01    4.57886E+01    2.93024E+01    6.22748E+01
 2.00000E+01    3.39762E+01    2.17430E+01    4.62094E+01
 2.20000E+01    1.85712E+01    8.31727E+00    2.88251E+01
 2.40000E+01    1.06400E+01    4.76522E+00    1.65148E+01
 2.60000E+01    6.82186E+00    2.03980E+00    1.16039E+01
 2.80000E+01    4.69447E+00    1.40369E+00    7.98525E+00
 3.00000E+01    3.45876E+00    1.03420E+00    5.88332E+00
