# n + Ni 64 : (n,n'29)  
# endfb8.0   T.Kawano, A.Kahler, A.Trkov       EVAL-Oct12
# uncertainties: n
# # energies =    33
#   E(MeV)       xs(mb) 
 4.41660E+00    0.00000E+00
 4.50000E+00    1.93495E+01
 5.00000E+00    3.33044E+01
 5.50000E+00    3.23297E+01
 6.00000E+00    2.48383E+01
 6.50000E+00    1.77613E+01
 7.00000E+00    1.25422E+01
 7.50000E+00    9.07940E+00
 8.00000E+00    6.43399E+00
 8.50000E+00    4.54731E+00
 9.00000E+00    3.18504E+00
 9.50000E+00    2.20458E+00
 1.00000E+01    1.51003E+00
 1.05000E+01    1.02682E+00
 1.10000E+01    6.97422E-01
 1.15000E+01    4.75755E-01
 1.20000E+01    3.27454E-01
 1.25000E+01    2.27341E-01
 1.30000E+01    1.60989E-01
 1.35000E+01    1.16251E-01
 1.40000E+01    8.80471E-02
 1.45000E+01    6.70830E-02
 1.50000E+01    5.25115E-02
 1.55000E+01    4.23321E-02
 1.60000E+01    3.50386E-02
 1.65000E+01    2.97770E-02
 1.70000E+01    2.59069E-02
 1.75000E+01    2.29828E-02
 1.80000E+01    2.07700E-02
 1.85000E+01    1.90077E-02
 1.90000E+01    1.71020E-02
 1.95000E+01    1.59742E-02
 2.00000E+01    1.50556E-02
