# n + Pu241 : (n,el)    
# endfb8.0   L.Weston,R.Wright,H.Derrien +     EVAL-OCT03
# uncertainties: y
# # energies =   616
#   E(MeV)       xs(mb)       xslow(mb)      xsupp(mb)
 1.00000E-11    4.30841E+04    3.87757E+04    4.73925E+04
 1.04713E-11    4.21641E+04    3.79477E+04    4.63805E+04
 1.09648E-11    4.12658E+04    3.71392E+04    4.53923E+04
 1.14815E-11    4.03902E+04    3.63511E+04    4.44292E+04
 1.20226E-11    3.95348E+04    3.55813E+04    4.34883E+04
 1.25893E-11    3.87016E+04    3.48314E+04    4.25717E+04
 1.31826E-11    3.78876E+04    3.40989E+04    4.16764E+04
 1.38038E-11    3.70947E+04    3.33852E+04    4.08042E+04
 1.44544E-11    3.63205E+04    3.26885E+04    3.99526E+04
 1.51356E-11    3.55661E+04    3.20095E+04    3.91227E+04
 1.58489E-11    3.48302E+04    3.13472E+04    3.83132E+04
 1.65959E-11    3.41126E+04    3.07013E+04    3.75239E+04
 1.73780E-11    3.34136E+04    3.00722E+04    3.67550E+04
 1.81970E-11    3.27312E+04    2.94580E+04    3.60043E+04
 1.90546E-11    3.20668E+04    2.88601E+04    3.52735E+04
 1.99526E-11    3.14190E+04    2.82771E+04    3.45609E+04
 2.08930E-11    3.07873E+04    2.77086E+04    3.38660E+04
 2.18776E-11    3.01726E+04    2.71553E+04    3.31899E+04
 2.29087E-11    2.95731E+04    2.66158E+04    3.25305E+04
 2.39883E-11    2.89891E+04    2.60902E+04    3.18880E+04
 2.51189E-11    2.84209E+04    2.55788E+04    3.12630E+04
 2.63027E-11    2.78668E+04    2.50802E+04    3.06535E+04
 2.75423E-11    2.73277E+04    2.45949E+04    3.00605E+04
 2.88403E-11    2.68030E+04    2.41227E+04    2.94834E+04
 3.01995E-11    2.62917E+04    2.36626E+04    2.89209E+04
 3.16228E-11    2.57947E+04    2.32153E+04    2.83742E+04
 3.31131E-11    2.53110E+04    2.27799E+04    2.78421E+04
 3.46737E-11    2.48399E+04    2.23559E+04    2.73239E+04
 3.63078E-11    2.43824E+04    2.19442E+04    2.68207E+04
 3.80189E-11    2.39371E+04    2.15434E+04    2.63308E+04
 3.98107E-11    2.35040E+04    2.11536E+04    2.58544E+04
 4.16869E-11    2.30835E+04    2.07752E+04    2.53919E+04
 4.36516E-11    2.26744E+04    2.04070E+04    2.49418E+04
 4.57088E-11    2.22770E+04    2.00493E+04    2.45047E+04
 4.78630E-11    2.18914E+04    1.97023E+04    2.40806E+04
 5.01187E-11    2.15165E+04    1.93648E+04    2.36681E+04
 5.24807E-11    2.11523E+04    1.90371E+04    2.32676E+04
 5.49541E-11    2.07994E+04    1.87194E+04    2.28793E+04
 5.75440E-11    2.04566E+04    1.84110E+04    2.25023E+04
 6.02560E-11    2.01239E+04    1.81115E+04    2.21363E+04
 6.30957E-11    1.98014E+04    1.78213E+04    2.17816E+04
 6.60693E-11    1.94889E+04    1.75400E+04    2.14378E+04
 6.91831E-11    1.91858E+04    1.72672E+04    2.11044E+04
 7.24436E-11    1.88920E+04    1.70028E+04    2.07812E+04
 7.58578E-11    1.86078E+04    1.67470E+04    2.04686E+04
 7.94328E-11    1.83326E+04    1.64993E+04    2.01658E+04
 8.31764E-11    1.80660E+04    1.62594E+04    1.98726E+04
 8.70964E-11    1.78079E+04    1.60271E+04    1.95887E+04
 9.12011E-11    1.75585E+04    1.58026E+04    1.93143E+04
 9.54993E-11    1.73174E+04    1.55856E+04    1.90491E+04
 1.00000E-10    1.70842E+04    1.53758E+04    1.87927E+04
 1.04713E-10    1.68589E+04    1.51730E+04    1.85448E+04
 1.09648E-10    1.66413E+04    1.49772E+04    1.83055E+04
 1.14815E-10    1.64313E+04    1.47882E+04    1.80745E+04
 1.20226E-10    1.62287E+04    1.46058E+04    1.78516E+04
 1.25893E-10    1.60332E+04    1.44299E+04    1.76366E+04
 1.31826E-10    1.58447E+04    1.42602E+04    1.74292E+04
 1.38038E-10    1.56631E+04    1.40967E+04    1.72294E+04
 1.44544E-10    1.54880E+04    1.39392E+04    1.70368E+04
 1.51356E-10    1.53194E+04    1.37874E+04    1.68513E+04
 1.58489E-10    1.51570E+04    1.36413E+04    1.66727E+04
 1.65959E-10    1.50008E+04    1.35007E+04    1.65009E+04
 1.73780E-10    1.48508E+04    1.33657E+04    1.63358E+04
 1.81970E-10    1.47063E+04    1.32357E+04    1.61770E+04
 1.90546E-10    1.45675E+04    1.31108E+04    1.60243E+04
 1.99526E-10    1.44342E+04    1.29908E+04    1.58776E+04
 2.08930E-10    1.43062E+04    1.28756E+04    1.57369E+04
 2.18776E-10    1.41833E+04    1.27650E+04    1.56017E+04
 2.29087E-10    1.40654E+04    1.26589E+04    1.54719E+04
 2.39883E-10    1.39524E+04    1.25571E+04    1.53476E+04
 2.51189E-10    1.38439E+04    1.24595E+04    1.52283E+04
 2.63027E-10    1.37400E+04    1.23660E+04    1.51140E+04
 2.75423E-10    1.36403E+04    1.22763E+04    1.50044E+04
 2.88403E-10    1.35448E+04    1.21904E+04    1.48993E+04
 3.01995E-10    1.34535E+04    1.21081E+04    1.47988E+04
 3.16228E-10    1.33659E+04    1.20293E+04    1.47025E+04
 3.31131E-10    1.32822E+04    1.19540E+04    1.46104E+04
 3.46737E-10    1.32021E+04    1.18819E+04    1.45223E+04
 3.63078E-10    1.31256E+04    1.18130E+04    1.44381E+04
 3.80189E-10    1.30522E+04    1.17470E+04    1.43574E+04
 3.98107E-10    1.29819E+04    1.16837E+04    1.42801E+04
 4.16869E-10    1.29148E+04    1.16233E+04    1.42063E+04
 4.36516E-10    1.28508E+04    1.15657E+04    1.41359E+04
 4.57088E-10    1.27896E+04    1.15107E+04    1.40686E+04
 4.78630E-10    1.27308E+04    1.14578E+04    1.40039E+04
 5.01187E-10    1.26747E+04    1.14072E+04    1.39422E+04
 5.24807E-10    1.26214E+04    1.13592E+04    1.38835E+04
 5.49541E-10    1.25703E+04    1.13133E+04    1.38273E+04
 5.75440E-10    1.25211E+04    1.12690E+04    1.37732E+04
 6.02560E-10    1.24745E+04    1.12271E+04    1.37220E+04
 6.30957E-10    1.24300E+04    1.11870E+04    1.36730E+04
 6.60693E-10    1.23869E+04    1.11482E+04    1.36256E+04
 6.91831E-10    1.23465E+04    1.11118E+04    1.35811E+04
 7.24436E-10    1.23073E+04    1.10765E+04    1.35380E+04
 7.58578E-10    1.22699E+04    1.10429E+04    1.34969E+04
 7.94328E-10    1.22346E+04    1.10111E+04    1.34580E+04
 8.31764E-10    1.22000E+04    1.09800E+04    1.34200E+04
 8.70964E-10    1.21679E+04    1.09512E+04    1.33847E+04
 9.12011E-10    1.21363E+04    1.09227E+04    1.33499E+04
 9.54993E-10    1.21070E+04    1.08963E+04    1.33176E+04
 1.00000E-09    1.20780E+04    1.08702E+04    1.32858E+04
 1.04713E-09    1.20512E+04    1.08460E+04    1.32563E+04
 1.09648E-09    1.20246E+04    1.08222E+04    1.32271E+04
 1.14815E-09    1.20001E+04    1.08001E+04    1.32001E+04
 1.20226E-09    1.19757E+04    1.07781E+04    1.31733E+04
 1.25892E-09    1.19534E+04    1.07580E+04    1.31487E+04
 1.31826E-09    1.19308E+04    1.07378E+04    1.31239E+04
 1.38038E-09    1.19105E+04    1.07194E+04    1.31015E+04
 1.44544E-09    1.18898E+04    1.07008E+04    1.30787E+04
 1.51356E-09    1.18710E+04    1.06839E+04    1.30581E+04
 1.58489E-09    1.18523E+04    1.06671E+04    1.30376E+04
 1.65959E-09    1.18344E+04    1.06510E+04    1.30179E+04
 1.73780E-09    1.18179E+04    1.06361E+04    1.29997E+04
 1.81970E-09    1.18009E+04    1.06208E+04    1.29810E+04
 1.90546E-09    1.17858E+04    1.06072E+04    1.29644E+04
 1.99526E-09    1.17707E+04    1.05936E+04    1.29477E+04
 2.08930E-09    1.17557E+04    1.05802E+04    1.29313E+04
 2.18776E-09    1.17425E+04    1.05682E+04    1.29167E+04
 2.29087E-09    1.17287E+04    1.05559E+04    1.29016E+04
 2.39883E-09    1.17156E+04    1.05440E+04    1.28872E+04
 2.51189E-09    1.17038E+04    1.05334E+04    1.28741E+04
 2.63027E-09    1.16914E+04    1.05223E+04    1.28606E+04
 2.75423E-09    1.16796E+04    1.05116E+04    1.28475E+04
 2.88403E-09    1.16690E+04    1.05021E+04    1.28359E+04
 3.01995E-09    1.16580E+04    1.04922E+04    1.28238E+04
 3.16228E-09    1.16470E+04    1.04823E+04    1.28117E+04
 3.31131E-09    1.16375E+04    1.04738E+04    1.28013E+04
 3.46737E-09    1.16278E+04    1.04650E+04    1.27906E+04
 3.63078E-09    1.16176E+04    1.04559E+04    1.27794E+04
 3.80189E-09    1.16084E+04    1.04476E+04    1.27693E+04
 3.98107E-09    1.15999E+04    1.04399E+04    1.27599E+04
 4.16869E-09    1.15910E+04    1.04319E+04    1.27501E+04
 4.36516E-09    1.15817E+04    1.04236E+04    1.27399E+04
 4.57088E-09    1.15737E+04    1.04163E+04    1.27310E+04
 4.78630E-09    1.15658E+04    1.04093E+04    1.27224E+04
 5.01187E-09    1.15577E+04    1.04019E+04    1.27134E+04
 5.24807E-09    1.15491E+04    1.03942E+04    1.27040E+04
 5.49541E-09    1.15414E+04    1.03872E+04    1.26955E+04
 5.75440E-09    1.15342E+04    1.03807E+04    1.26876E+04
 6.02560E-09    1.15266E+04    1.03740E+04    1.26793E+04
 6.30957E-09    1.15187E+04    1.03668E+04    1.26706E+04
 6.60693E-09    1.15107E+04    1.03596E+04    1.26617E+04
 6.91831E-09    1.15037E+04    1.03533E+04    1.26541E+04
 7.24436E-09    1.14966E+04    1.03470E+04    1.26463E+04
 7.58578E-09    1.14893E+04    1.03403E+04    1.26382E+04
 7.94328E-09    1.14815E+04    1.03334E+04    1.26297E+04
 8.31764E-09    1.14736E+04    1.03262E+04    1.26209E+04
 8.70964E-09    1.14665E+04    1.03198E+04    1.26131E+04
 9.12011E-09    1.14594E+04    1.03135E+04    1.26054E+04
 9.54993E-09    1.14520E+04    1.03068E+04    1.25972E+04
 1.00000E-08    1.14443E+04    1.02998E+04    1.25887E+04
 1.04713E-08    1.14361E+04    1.02925E+04    1.25798E+04
 1.09648E-08    1.14280E+04    1.02852E+04    1.25708E+04
 1.14815E-08    1.14206E+04    1.02785E+04    1.25627E+04
 1.20226E-08    1.14129E+04    1.02716E+04    1.25542E+04
 1.25893E-08    1.14049E+04    1.02644E+04    1.25454E+04
 1.31826E-08    1.13965E+04    1.02568E+04    1.25361E+04
 1.38038E-08    1.13876E+04    1.02489E+04    1.25264E+04
 1.44544E-08    1.13785E+04    1.02406E+04    1.25163E+04
 1.51356E-08    1.13699E+04    1.02329E+04    1.25069E+04
 1.58489E-08    1.13613E+04    1.02251E+04    1.24974E+04
 1.65959E-08    1.13522E+04    1.02170E+04    1.24874E+04
 1.73780E-08    1.13427E+04    1.02084E+04    1.24770E+04
 1.81970E-08    1.13327E+04    1.01995E+04    1.24660E+04
 1.90546E-08    1.13223E+04    1.01901E+04    1.24546E+04
 1.99526E-08    1.13116E+04    1.01804E+04    1.24427E+04
 2.08930E-08    1.13011E+04    1.01710E+04    1.24312E+04
 2.18776E-08    1.12903E+04    1.01613E+04    1.24193E+04
 2.29087E-08    1.12790E+04    1.01511E+04    1.24069E+04
 2.39883E-08    1.12671E+04    1.01404E+04    1.23939E+04
 2.51189E-08    1.12551E+04    1.01296E+04    1.23806E+04
 2.63027E-08    1.12432E+04    1.01189E+04    1.23675E+04
 2.75423E-08    1.12307E+04    1.01076E+04    1.23537E+04
 2.88403E-08    1.12176E+04    1.00958E+04    1.23394E+04
 3.01995E-08    1.12039E+04    1.00835E+04    1.23243E+04
 3.16228E-08    1.11896E+04    1.00706E+04    1.23085E+04
 3.31131E-08    1.11745E+04    1.00571E+04    1.22920E+04
 3.46737E-08    1.11592E+04    1.00433E+04    1.22751E+04
 3.63078E-08    1.11440E+04    1.00296E+04    1.22584E+04
 3.80189E-08    1.11281E+04    1.00153E+04    1.22409E+04
 3.98107E-08    1.11115E+04    1.00004E+04    1.22227E+04
 4.16869E-08    1.10941E+04    9.98470E+03    1.22035E+04
 4.36516E-08    1.10759E+04    9.96829E+03    1.21835E+04
 4.57088E-08    1.10568E+04    9.95112E+03    1.21625E+04
 4.78630E-08    1.10373E+04    9.93359E+03    1.21411E+04
 5.01187E-08    1.10177E+04    9.91595E+03    1.21195E+04
 5.24807E-08    1.09972E+04    9.89749E+03    1.20969E+04
 5.49541E-08    1.09757E+04    9.87815E+03    1.20733E+04
 5.75440E-08    1.09532E+04    9.85791E+03    1.20486E+04
 6.02560E-08    1.09297E+04    9.83671E+03    1.20226E+04
 6.30957E-08    1.09050E+04    9.81451E+03    1.19955E+04
 6.60693E-08    1.08796E+04    9.79165E+03    1.19676E+04
 6.91831E-08    1.08538E+04    9.76839E+03    1.19391E+04
 7.24436E-08    1.08267E+04    9.74405E+03    1.19094E+04
 7.58578E-08    1.07984E+04    9.71855E+03    1.18782E+04
 7.94328E-08    1.07687E+04    9.69186E+03    1.18456E+04
 8.31764E-08    1.07377E+04    9.66390E+03    1.18114E+04
 8.70964E-08    1.07051E+04    9.63463E+03    1.17757E+04
 9.12011E-08    1.06711E+04    9.60398E+03    1.17382E+04
 9.54993E-08    1.06357E+04    9.57211E+03    1.16993E+04
 1.00000E-07    1.05995E+04    9.53958E+03    1.16595E+04
 1.04713E-07    1.05618E+04    9.50559E+03    1.16179E+04
 1.09648E-07    1.05222E+04    9.46999E+03    1.15744E+04
 1.14815E-07    1.04808E+04    9.43274E+03    1.15289E+04
 1.20226E-07    1.04392E+04    9.39532E+03    1.14832E+04
 1.25893E-07    1.03968E+04    9.35709E+03    1.14364E+04
 1.31826E-07    1.03534E+04    9.31806E+03    1.13887E+04
 1.38038E-07    1.03107E+04    9.27965E+03    1.13418E+04
 1.44544E-07    1.02671E+04    9.24043E+03    1.12939E+04
 1.51356E-07    1.02242E+04    9.20175E+03    1.12466E+04
 1.58489E-07    1.01797E+04    9.16169E+03    1.11976E+04
 1.65959E-07    1.01367E+04    9.12305E+03    1.11504E+04
 1.73780E-07    1.00987E+04    9.08883E+03    1.11086E+04
 1.81970E-07    1.00744E+04    9.06695E+03    1.10818E+04
 1.90546E-07    1.00792E+04    9.07125E+03    1.10871E+04
 1.99526E-07    1.01361E+04    9.12248E+03    1.11497E+04
 2.08930E-07    1.02821E+04    9.25387E+03    1.13103E+04
 2.18776E-07    1.05694E+04    9.51244E+03    1.16263E+04
 2.29087E-07    1.10606E+04    9.95451E+03    1.21666E+04
 2.39883E-07    1.17961E+04    1.06165E+04    1.29758E+04
 2.51189E-07    1.27300E+04    1.14570E+04    1.40030E+04
 2.63027E-07    1.36852E+04    1.23166E+04    1.50537E+04
 2.75423E-07    1.44181E+04    1.29763E+04    1.58600E+04
 2.88403E-07    1.47812E+04    1.33031E+04    1.62593E+04
 3.01995E-07    1.48027E+04    1.33225E+04    1.62830E+04
 3.16228E-07    1.46087E+04    1.31478E+04    1.60695E+04
 3.31131E-07    1.43207E+04    1.28886E+04    1.57528E+04
 3.46737E-07    1.40126E+04    1.26113E+04    1.54138E+04
 3.63078E-07    1.37197E+04    1.23478E+04    1.50917E+04
 3.80189E-07    1.34559E+04    1.21103E+04    1.48015E+04
 3.98107E-07    1.32233E+04    1.19010E+04    1.45456E+04
 4.16869E-07    1.30196E+04    1.17177E+04    1.43216E+04
 4.36516E-07    1.28414E+04    1.15573E+04    1.41255E+04
 4.57088E-07    1.26848E+04    1.14163E+04    1.39533E+04
 4.78630E-07    1.25461E+04    1.12915E+04    1.38007E+04
 5.01187E-07    1.24229E+04    1.11807E+04    1.36652E+04
 5.24807E-07    1.23124E+04    1.10811E+04    1.35436E+04
 5.49541E-07    1.22124E+04    1.03805E+04    1.40443E+04
 5.75440E-07    1.21216E+04    1.03034E+04    1.39398E+04
 6.02560E-07    1.20384E+04    1.02326E+04    1.38441E+04
 6.30957E-07    1.19615E+04    1.01673E+04    1.37558E+04
 6.60693E-07    1.18901E+04    1.01066E+04    1.36736E+04
 6.91831E-07    1.18234E+04    1.00499E+04    1.35969E+04
 7.24436E-07    1.17606E+04    9.99654E+03    1.35247E+04
 7.58578E-07    1.17009E+04    9.94578E+03    1.34561E+04
 7.94328E-07    1.16440E+04    9.89741E+03    1.33906E+04
 8.31764E-07    1.15897E+04    9.85125E+03    1.33282E+04
 8.70964E-07    1.15373E+04    9.80674E+03    1.32679E+04
 9.12011E-07    1.14861E+04    9.76317E+03    1.32090E+04
 9.54993E-07    1.14368E+04    9.72124E+03    1.31523E+04
 1.00000E-06    1.13882E+04    9.67994E+03    1.30964E+04
 1.04713E-06    1.13407E+04    9.63957E+03    1.30418E+04
 1.09648E-06    1.12929E+04    9.59894E+03    1.29868E+04
 1.14815E-06    1.12475E+04    9.56042E+03    1.29347E+04
 1.20226E-06    1.12003E+04    9.52025E+03    1.28803E+04
 1.25893E-06    1.11521E+04    9.47929E+03    1.28249E+04
 1.31826E-06    1.11079E+04    9.44173E+03    1.27741E+04
 1.38038E-06    1.10625E+04    9.40312E+03    1.27219E+04
 1.44544E-06    1.10149E+04    9.36268E+03    1.26672E+04
 1.51356E-06    1.09662E+04    9.32130E+03    1.26112E+04
 1.58489E-06    1.09180E+04    9.28033E+03    1.25557E+04
 1.65959E-06    1.08677E+04    9.23754E+03    1.24978E+04
 1.73780E-06    1.08080E+04    9.18682E+03    1.24292E+04
 1.81970E-06    1.07339E+04    9.12379E+03    1.23440E+04
 1.90546E-06    1.06560E+04    9.05763E+03    1.22544E+04
 1.99526E-06    1.05745E+04    8.98836E+03    1.21607E+04
 2.08930E-06    1.04893E+04    8.91587E+03    1.20626E+04
 2.18776E-06    1.04008E+04    8.84067E+03    1.19609E+04
 2.29087E-06    1.03084E+04    8.76217E+03    1.18547E+04
 2.39883E-06    1.02117E+04    8.67997E+03    1.17435E+04
 2.51189E-06    1.01105E+04    8.59390E+03    1.16270E+04
 2.63027E-06    9.99769E+03    8.49804E+03    1.14973E+04
 2.75423E-06    9.86211E+03    8.38280E+03    1.13414E+04
 2.88403E-06    9.71761E+03    8.25997E+03    1.11753E+04
 3.01995E-06    9.54047E+03    8.10940E+03    1.09715E+04
 3.16228E-06    9.33612E+03    7.93570E+03    1.07365E+04
 3.31131E-06    9.07928E+03    7.71739E+03    1.04412E+04
 3.46737E-06    8.74645E+03    7.43448E+03    1.00584E+04
 3.63078E-06    8.27780E+03    7.03613E+03    9.51948E+03
 3.80189E-06    7.51517E+03    6.38790E+03    8.64245E+03
 3.98107E-06    5.92067E+03    5.03257E+03    6.80877E+03
 4.16869E-06    1.85256E+04    1.57468E+04    2.13044E+04
 4.36516E-06    1.53155E+04    1.30182E+04    1.76128E+04
 4.57088E-06    1.47927E+04    1.25738E+04    1.70116E+04
 4.78630E-06    1.14526E+04    9.73468E+03    1.31704E+04
 5.01187E-06    1.00600E+04    8.55103E+03    1.15690E+04
 5.24807E-06    9.38503E+03    7.97728E+03    1.07928E+04
 5.49541E-06    9.30537E+03    7.90956E+03    1.07012E+04
 5.75440E-06    1.01659E+04    8.64097E+03    1.16907E+04
 6.02560E-06    1.15572E+04    9.82358E+03    1.32907E+04
 6.30957E-06    1.19670E+04    1.01719E+04    1.37620E+04
 6.60693E-06    1.10688E+04    9.40851E+03    1.27292E+04
 6.91831E-06    1.67973E+04    1.42777E+04    1.93169E+04
 7.24436E-06    1.35439E+04    1.15123E+04    1.55755E+04
 7.58578E-06    1.20416E+04    1.02354E+04    1.38478E+04
 7.94328E-06    1.06128E+04    9.02088E+03    1.22047E+04
 8.31764E-06    1.26817E+04    1.07794E+04    1.45839E+04
 8.70964E-06    1.50238E+04    1.27702E+04    1.72774E+04
 9.12011E-06    1.20724E+04    1.02616E+04    1.38833E+04
 9.54993E-06    1.26314E+04    1.07367E+04    1.45261E+04
 1.00000E-05    1.33591E+04    1.13552E+04    1.53629E+04
 1.04713E-05    1.26263E+04    1.07324E+04    1.45203E+04
 1.09648E-05    1.13256E+04    9.62675E+03    1.30244E+04
 1.14815E-05    1.00120E+04    8.51023E+03    1.15138E+04
 1.20226E-05    8.20324E+03    6.97275E+03    9.43372E+03
 1.25893E-05    7.54793E+03    6.41574E+03    8.68011E+03
 1.31826E-05    3.40674E+04    2.89573E+04    3.91775E+04
 1.38038E-05    9.88121E+03    8.39903E+03    1.13634E+04
 1.44544E-05    8.11440E+04    6.89724E+04    9.33156E+04
 1.51356E-05    2.21039E+04    1.87883E+04    2.54195E+04
 1.58489E-05    1.76233E+04    1.49798E+04    2.02668E+04
 1.65959E-05    1.65568E+04    1.40733E+04    1.90404E+04
 1.73780E-05    3.62515E+04    3.08138E+04    4.16892E+04
 1.81970E-05    1.88448E+04    1.60181E+04    2.16715E+04
 1.90546E-05    1.50836E+04    1.28210E+04    1.73461E+04
 1.99526E-05    1.35951E+04    1.15559E+04    1.56344E+04
 2.08930E-05    1.31913E+04    1.12126E+04    1.51699E+04
 2.18776E-05    1.16753E+04    9.92398E+03    1.34266E+04
 2.29087E-05    1.17883E+04    1.00201E+04    1.35566E+04
 2.39883E-05    1.42365E+04    1.21010E+04    1.63719E+04
 2.51189E-05    1.03334E+04    8.78342E+03    1.18834E+04
 2.63027E-05    1.84882E+04    1.57150E+04    2.12615E+04
 2.75423E-05    1.13391E+04    9.63820E+03    1.30399E+04
 2.88403E-05    1.69648E+04    1.44201E+04    1.95095E+04
 3.01995E-05    1.49945E+04    1.27453E+04    1.72437E+04
 3.16228E-05    1.41268E+04    1.20078E+04    1.62459E+04
 3.31131E-05    1.30757E+04    1.11143E+04    1.50370E+04
 3.46737E-05    1.40073E+04    1.19062E+04    1.61084E+04
 3.63078E-05    1.25562E+04    1.06728E+04    1.44397E+04
 3.80189E-05    1.17084E+04    9.95211E+03    1.34646E+04
 3.98107E-05    1.45009E+04    1.23258E+04    1.66761E+04
 4.16869E-05    1.30114E+04    1.10597E+04    1.49631E+04
 4.36516E-05    1.20551E+04    1.02469E+04    1.38634E+04
 4.57088E-05    1.06702E+04    9.06969E+03    1.22708E+04
 4.78630E-05    1.51949E+04    1.29156E+04    1.74741E+04
 5.01187E-05    1.29641E+04    1.10195E+04    1.49087E+04
 5.24807E-05    1.18971E+04    1.01125E+04    1.36817E+04
 5.49541E-05    1.08281E+04    9.20387E+03    1.24523E+04
 5.75440E-05    1.00795E+04    8.56754E+03    1.15914E+04
 6.02560E-05    1.32130E+04    1.12310E+04    1.51949E+04
 6.30957E-05    1.21189E+04    1.03011E+04    1.39368E+04
 6.60693E-05    1.36942E+04    1.16400E+04    1.57483E+04
 6.91831E-05    1.20479E+04    1.02408E+04    1.38551E+04
 7.24436E-05    1.05176E+04    8.93999E+03    1.20953E+04
 7.58578E-05    1.38645E+04    1.17848E+04    1.59441E+04
 7.94328E-05    1.41951E+04    1.20659E+04    1.63244E+04
 8.31764E-05    1.58535E+04    1.34755E+04    1.82315E+04
 8.70964E-05    1.62380E+04    1.38023E+04    1.86737E+04
 9.12011E-05    1.27314E+04    1.08217E+04    1.46411E+04
 9.54993E-05    1.32027E+04    1.12223E+04    1.51831E+04
 1.00000E-04    1.36505E+04    1.16029E+04    1.56980E+04
 1.04713E-04    1.22445E+04    1.04078E+04    1.40811E+04
 1.09648E-04    1.18973E+04    1.01127E+04    1.36819E+04
 1.14815E-04    1.13360E+04    9.63559E+03    1.30364E+04
 1.20226E-04    1.16974E+04    9.94283E+03    1.34521E+04
 1.25893E-04    1.42323E+04    1.20974E+04    1.63671E+04
 1.31826E-04    1.27941E+04    1.08750E+04    1.47133E+04
 1.38038E-04    1.45524E+04    1.23695E+04    1.67353E+04
 1.44544E-04    1.26507E+04    1.07531E+04    1.45483E+04
 1.51356E-04    1.26081E+04    1.07169E+04    1.44993E+04
 1.58489E-04    1.21975E+04    1.03679E+04    1.40271E+04
 1.65959E-04    1.03375E+04    8.78687E+03    1.18881E+04
 1.73780E-04    1.44426E+04    1.22762E+04    1.66090E+04
 1.81970E-04    1.17003E+04    9.94526E+03    1.34553E+04
 1.90546E-04    1.15525E+04    9.81965E+03    1.32854E+04
 1.99526E-04    1.69152E+04    1.43779E+04    1.94525E+04
 2.08930E-04    1.21246E+04    1.03059E+04    1.39432E+04
 2.18776E-04    1.44896E+04    1.23162E+04    1.66631E+04
 2.29087E-04    2.38670E+04    2.02870E+04    2.74471E+04
 2.39883E-04    1.58921E+04    1.35083E+04    1.82760E+04
 2.51189E-04    1.51475E+04    1.28754E+04    1.74197E+04
 2.63027E-04    1.30396E+04    1.10836E+04    1.49955E+04
 2.75423E-04    1.40874E+04    1.19743E+04    1.62005E+04
 2.88403E-04    1.38859E+04    1.18030E+04    1.59688E+04
 3.01995E-04    1.29664E+04    1.10215E+04    1.49114E+04
 3.16228E-04    1.29631E+04    1.10186E+04    1.49076E+04
 3.31131E-04    1.29601E+04    1.10161E+04    1.49041E+04
 3.46737E-04    1.29531E+04    1.10102E+04    1.48961E+04
 3.63078E-04    1.29375E+04    1.09968E+04    1.48781E+04
 3.80189E-04    1.29212E+04    1.09830E+04    1.48594E+04
 3.98107E-04    1.29046E+04    1.09689E+04    1.48402E+04
 4.16869E-04    1.28876E+04    1.09544E+04    1.48207E+04
 4.36516E-04    1.28669E+04    1.09369E+04    1.47969E+04
 4.57088E-04    1.28032E+04    1.10014E+04    1.46050E+04
 4.78630E-04    1.27253E+04    1.09345E+04    1.45162E+04
 5.01187E-04    1.26462E+04    1.08665E+04    1.44259E+04
 5.24807E-04    1.25659E+04    1.07975E+04    1.43343E+04
 5.49541E-04    1.24241E+04    1.06756E+04    1.41725E+04
 5.75440E-04    1.22200E+04    1.05003E+04    1.39397E+04
 6.02560E-04    1.20291E+04    1.03362E+04    1.37219E+04
 6.30957E-04    1.18561E+04    1.01876E+04    1.35247E+04
 6.60693E-04    1.17850E+04    1.01265E+04    1.34435E+04
 6.91831E-04    1.17545E+04    1.01003E+04    1.34087E+04
 7.24436E-04    1.17538E+04    1.00997E+04    1.34079E+04
 7.58578E-04    1.17729E+04    1.02949E+04    1.32508E+04
 7.94328E-04    1.18023E+04    1.03206E+04    1.32839E+04
 8.31764E-04    1.18384E+04    1.03522E+04    1.33246E+04
 8.70964E-04    1.18880E+04    1.03955E+04    1.33804E+04
 9.12011E-04    1.19486E+04    1.04485E+04    1.34486E+04
 9.54993E-04    1.20208E+04    1.05117E+04    1.35299E+04
 1.00000E-03    1.20662E+04    1.05514E+04    1.35810E+04
 1.04713E-03    1.20791E+04    1.05627E+04    1.35955E+04
 1.09648E-03    1.20928E+04    1.05747E+04    1.36109E+04
 1.14815E-03    1.21075E+04    1.05875E+04    1.36275E+04
 1.20226E-03    1.21230E+04    1.06011E+04    1.36449E+04
 1.25893E-03    1.21396E+04    1.09217E+04    1.33574E+04
 1.31826E-03    1.21572E+04    1.09376E+04    1.33768E+04
 1.38038E-03    1.21760E+04    1.09545E+04    1.33975E+04
 1.44544E-03    1.21952E+04    1.09718E+04    1.34186E+04
 1.51356E-03    1.21860E+04    1.09635E+04    1.34085E+04
 1.58489E-03    1.21619E+04    1.09418E+04    1.33820E+04
 1.65959E-03    1.21377E+04    1.09201E+04    1.33554E+04
 1.73780E-03    1.21132E+04    1.08980E+04    1.33284E+04
 1.81970E-03    1.20885E+04    1.08758E+04    1.33013E+04
 1.90546E-03    1.20637E+04    1.08535E+04    1.32739E+04
 1.99526E-03    1.20387E+04    1.08310E+04    1.32465E+04
 2.08930E-03    1.20137E+04    1.08123E+04    1.32151E+04
 2.18776E-03    1.19887E+04    1.07898E+04    1.31875E+04
 2.29087E-03    1.19636E+04    1.07672E+04    1.31600E+04
 2.39883E-03    1.19385E+04    1.07447E+04    1.31324E+04
 2.51189E-03    1.19224E+04    1.07302E+04    1.31147E+04
 2.63027E-03    1.19122E+04    1.07210E+04    1.31035E+04
 2.75423E-03    1.19019E+04    1.07117E+04    1.30921E+04
 2.88403E-03    1.18915E+04    1.07023E+04    1.30806E+04
 3.01995E-03    1.18809E+04    1.06929E+04    1.30690E+04
 3.16228E-03    1.18702E+04    1.06832E+04    1.30572E+04
 3.31131E-03    1.18594E+04    1.06735E+04    1.30454E+04
 3.46737E-03    1.18470E+04    1.06623E+04    1.30317E+04
 3.63078E-03    1.18312E+04    1.06481E+04    1.30143E+04
 3.80189E-03    1.18151E+04    1.06336E+04    1.29966E+04
 3.98107E-03    1.17987E+04    1.06188E+04    1.29786E+04
 4.16869E-03    1.17821E+04    1.06039E+04    1.29603E+04
 4.36516E-03    1.17652E+04    1.05887E+04    1.29417E+04
 4.57088E-03    1.17481E+04    1.05733E+04    1.29229E+04
 4.78630E-03    1.17307E+04    1.05576E+04    1.29037E+04
 5.01187E-03    1.17131E+04    1.05418E+04    1.28845E+04
 5.24807E-03    1.16952E+04    1.05257E+04    1.28647E+04
 5.49541E-03    1.16734E+04    1.05060E+04    1.28407E+04
 5.75440E-03    1.16472E+04    1.04824E+04    1.28119E+04
 6.02560E-03    1.16206E+04    1.04586E+04    1.27827E+04
 6.30957E-03    1.15936E+04    1.04342E+04    1.27529E+04
 6.60693E-03    1.15663E+04    1.04097E+04    1.27230E+04
 6.91831E-03    1.15385E+04    1.03847E+04    1.26924E+04
 7.24436E-03    1.15106E+04    1.03596E+04    1.26617E+04
 7.58578E-03    1.14879E+04    1.03391E+04    1.26366E+04
 7.94328E-03    1.14670E+04    1.03203E+04    1.26137E+04
 8.31764E-03    1.14458E+04    1.03012E+04    1.25904E+04
 8.70964E-03    1.14244E+04    1.02819E+04    1.25668E+04
 9.12011E-03    1.14026E+04    1.02623E+04    1.25428E+04
 9.54993E-03    1.13826E+04    1.02444E+04    1.25209E+04
 1.00000E-02    1.13636E+04    1.02273E+04    1.25000E+04
 1.04713E-02    1.13444E+04    1.02099E+04    1.24788E+04
 1.09648E-02    1.13248E+04    1.01923E+04    1.24572E+04
 1.14815E-02    1.13048E+04    1.01743E+04    1.24353E+04
 1.20226E-02    1.12845E+04    1.01561E+04    1.24130E+04
 1.25893E-02    1.12641E+04    1.01377E+04    1.23905E+04
 1.31826E-02    1.12429E+04    1.01186E+04    1.23671E+04
 1.38038E-02    1.12216E+04    1.00994E+04    1.23438E+04
 1.44544E-02    1.11996E+04    1.00796E+04    1.23196E+04
 1.51356E-02    1.11739E+04    1.00565E+04    1.22912E+04
 1.58489E-02    1.11457E+04    1.00311E+04    1.22603E+04
 1.65959E-02    1.11174E+04    1.00057E+04    1.22292E+04
 1.73780E-02    1.10886E+04    9.97974E+03    1.21975E+04
 1.81970E-02    1.10595E+04    9.95353E+03    1.21654E+04
 1.90546E-02    1.10301E+04    9.92707E+03    1.21331E+04
 1.99526E-02    1.10002E+04    9.90021E+03    1.21003E+04
 2.08930E-02    1.09700E+04    9.87304E+03    1.20670E+04
 2.18776E-02    1.09396E+04    9.84561E+03    1.20335E+04
 2.29087E-02    1.09092E+04    9.81825E+03    1.20001E+04
 2.39883E-02    1.08777E+04    9.78994E+03    1.19655E+04
 2.51189E-02    1.08465E+04    9.76185E+03    1.19311E+04
 2.63027E-02    1.08150E+04    9.73352E+03    1.18965E+04
 2.75423E-02    1.07833E+04    9.70496E+03    1.18616E+04
 2.88403E-02    1.07512E+04    9.67606E+03    1.18263E+04
 3.01995E-02    1.07189E+04    9.64701E+03    1.17908E+04
 3.16228E-02    1.06861E+04    9.61747E+03    1.17547E+04
 3.31131E-02    1.06532E+04    9.58791E+03    1.17186E+04
 3.46737E-02    1.06202E+04    9.55819E+03    1.16822E+04
 3.63078E-02    1.05878E+04    9.52902E+03    1.16466E+04
 3.80189E-02    1.05551E+04    9.49962E+03    1.16106E+04
 3.98107E-02    1.05997E+04    9.53973E+03    1.16597E+04
 4.16869E-02    1.04546E+04    9.40912E+03    1.15000E+04
 4.36516E-02    1.02714E+04    9.24429E+03    1.12986E+04
 4.57088E-02    1.01622E+04    9.14596E+03    1.11784E+04
 4.78630E-02    1.00730E+04    9.06573E+03    1.10803E+04
 5.01187E-02    9.97969E+03    8.98172E+03    1.09777E+04
 5.24807E-02    9.87629E+03    8.88866E+03    1.08639E+04
 5.49541E-02    9.75296E+03    8.77767E+03    1.07283E+04
 5.75440E-02    9.62302E+03    8.66072E+03    1.05853E+04
 6.02560E-02    9.50999E+03    8.55899E+03    1.04610E+04
 6.30957E-02    9.42112E+03    8.47900E+03    1.03632E+04
 6.60693E-02    9.32815E+03    8.39534E+03    1.02610E+04
 6.91831E-02    9.23711E+03    8.31340E+03    1.01608E+04
 7.24436E-02    9.16874E+03    8.25187E+03    1.00856E+04
 7.58578E-02    9.10020E+03    8.19018E+03    1.00102E+04
 7.94328E-02    9.02843E+03    8.12558E+03    9.93127E+03
 8.31764E-02    8.95327E+03    8.05794E+03    9.84860E+03
 8.70964E-02    8.87114E+03    7.98403E+03    9.75825E+03
 9.12011E-02    8.72584E+03    7.85326E+03    9.59843E+03
 9.54993E-02    8.57389E+03    7.71650E+03    9.43128E+03
 1.00000E-01    8.46767E+03    7.62091E+03    9.31444E+03
 1.04713E-01    8.38710E+03    7.54839E+03    9.22582E+03
 1.09648E-01    8.30330E+03    7.47297E+03    9.13363E+03
 1.14815E-01    8.21555E+03    7.39400E+03    9.03711E+03
 1.20226E-01    8.12375E+03    7.31137E+03    8.93612E+03
 1.25893E-01    8.03361E+03    7.23025E+03    8.83697E+03
 1.31826E-01    7.94295E+03    7.14866E+03    8.73725E+03
 1.38038E-01    7.84802E+03    7.06321E+03    8.63282E+03
 1.44544E-01    7.74861E+03    6.97375E+03    8.52347E+03
 1.51356E-01    7.64913E+03    6.88422E+03    8.41404E+03
 1.58489E-01    7.55688E+03    6.80119E+03    8.31257E+03
 1.65959E-01    7.46088E+03    6.71479E+03    8.20696E+03
 1.73780E-01    7.35485E+03    6.61937E+03    8.09034E+03
 1.81970E-01    7.21927E+03    6.49734E+03    7.94120E+03
 1.90546E-01    7.07435E+03    6.36692E+03    7.78179E+03
 1.99526E-01    6.93432E+03    6.24089E+03    7.62775E+03
 2.08930E-01    6.81258E+03    6.13132E+03    7.49384E+03
 2.18776E-01    6.68589E+03    6.01730E+03    7.35448E+03
 2.29087E-01    6.55795E+03    5.90216E+03    7.21375E+03
 2.39883E-01    6.44572E+03    5.80115E+03    7.09030E+03
 2.51189E-01    6.33046E+03    5.69741E+03    6.96350E+03
 2.63027E-01    6.20524E+03    5.58472E+03    6.82577E+03
 2.75423E-01    6.07297E+03    5.46567E+03    6.68027E+03
 2.88403E-01    5.93278E+03    5.33950E+03    6.52606E+03
 3.01995E-01    5.78556E+03    5.20700E+03    6.36412E+03
 3.16228E-01    5.65958E+03    5.09363E+03    6.22554E+03
 3.31131E-01    5.53067E+03    4.97761E+03    6.08374E+03
 3.46737E-01    5.41365E+03    4.87229E+03    5.95502E+03
 3.63078E-01    5.29410E+03    4.76469E+03    5.82351E+03
 3.80189E-01    5.16891E+03    4.65202E+03    5.68580E+03
 3.98107E-01    5.03825E+03    4.53443E+03    5.54208E+03
 4.16869E-01    4.90881E+03    4.41793E+03    5.39970E+03
 4.36516E-01    4.77647E+03    4.29882E+03    5.25411E+03
 4.57088E-01    4.65713E+03    4.19142E+03    5.12285E+03
 4.78630E-01    4.54209E+03    4.08788E+03    4.99630E+03
 5.01187E-01    4.43368E+03    3.99032E+03    4.87705E+03
 5.24807E-01    4.33808E+03    3.90427E+03    4.77189E+03
 5.49541E-01    4.23812E+03    3.81431E+03    4.66194E+03
 5.75440E-01    4.13376E+03    3.72038E+03    4.54713E+03
 6.02560E-01    4.06527E+03    3.65874E+03    4.47180E+03
 6.30957E-01    4.02278E+03    3.62051E+03    4.42506E+03
 6.60693E-01    3.97830E+03    3.58047E+03    4.37613E+03
 6.91831E-01    3.93171E+03    3.53854E+03    4.32488E+03
 7.24436E-01    3.88293E+03    3.49464E+03    4.27122E+03
 7.58578E-01    3.83359E+03    3.45023E+03    4.21695E+03
 7.94328E-01    3.78198E+03    3.40378E+03    4.16018E+03
 8.31764E-01    3.71604E+03    3.34444E+03    4.08765E+03
 8.70964E-01    3.64983E+03    3.28485E+03    4.01482E+03
 9.12011E-01    3.58167E+03    3.22350E+03    3.93984E+03
 9.54993E-01    3.52128E+03    3.16916E+03    3.87341E+03
 1.00000E+00    3.47483E+03    3.12735E+03    3.82232E+03
 1.04713E+00    3.43913E+03    3.09522E+03    3.78304E+03
 1.09648E+00    3.40199E+03    3.06179E+03    3.74219E+03
 1.14815E+00    3.36316E+03    3.02684E+03    3.69947E+03
 1.20226E+00    3.36381E+03    3.02743E+03    3.70020E+03
 1.25893E+00    3.40153E+03    3.06137E+03    3.74168E+03
 1.31826E+00    3.46060E+03    3.11454E+03    3.80666E+03
 1.38038E+00    3.53262E+03    3.35599E+03    3.70926E+03
 1.44544E+00    3.62428E+03    3.44307E+03    3.80550E+03
 1.51356E+00    3.67792E+03    3.49402E+03    3.86181E+03
 1.58489E+00    3.72996E+03    3.54346E+03    3.91646E+03
 1.65959E+00    3.81430E+03    3.62358E+03    4.00501E+03
 1.73780E+00    3.84187E+03    3.64977E+03    4.03396E+03
 1.81970E+00    3.87010E+03    3.67660E+03    4.06361E+03
 1.90546E+00    3.90530E+03    3.71003E+03    4.10056E+03
 1.99526E+00    3.92571E+03    3.72942E+03    4.12199E+03
 2.08930E+00    3.93196E+03    3.73536E+03    4.12856E+03
 2.18776E+00    3.94991E+03    3.75241E+03    4.14740E+03
 2.29087E+00    3.98760E+03    3.78822E+03    4.18698E+03
 2.39883E+00    4.02711E+03    3.82575E+03    4.22846E+03
 2.51189E+00    4.04650E+03    3.84417E+03    4.24882E+03
 2.63027E+00    4.06905E+03    3.86560E+03    4.27250E+03
 2.75423E+00    4.12480E+03    3.91856E+03    4.33104E+03
 2.88403E+00    4.15304E+03    3.94539E+03    4.36069E+03
 3.01995E+00    4.20927E+03    3.99881E+03    4.41974E+03
 3.16228E+00    4.27471E+03    4.06097E+03    4.48844E+03
 3.31131E+00    4.31421E+03    4.09850E+03    4.52992E+03
 3.46737E+00    4.35416E+03    4.13646E+03    4.57187E+03
 3.63078E+00    4.40329E+03    4.18312E+03    4.62345E+03
 3.80189E+00    4.43570E+03    4.21391E+03    4.65748E+03
 3.98107E+00    4.44478E+03    4.22254E+03    4.66702E+03
 4.16869E+00    4.45064E+03    4.22811E+03    4.67317E+03
 4.36516E+00    4.44037E+03    4.21835E+03    4.66239E+03
 4.57088E+00    4.42765E+03    4.20627E+03    4.64903E+03
 4.78630E+00    4.41155E+03    4.19097E+03    4.63213E+03
 5.01187E+00    4.38673E+03    4.16739E+03    4.60607E+03
 5.24807E+00    4.30051E+03    4.08548E+03    4.51553E+03
 5.49541E+00    4.10978E+03    3.90429E+03    4.31527E+03
 5.75440E+00    3.89552E+03    3.70074E+03    4.09029E+03
 6.02560E+00    3.66925E+03    3.48579E+03    3.85272E+03
 6.30957E+00    3.41471E+03    3.23406E+03    3.59537E+03
 6.60693E+00    3.22377E+03    3.05321E+03    3.39432E+03
 6.91831E+00    3.20114E+03    3.03178E+03    3.37049E+03
 7.24436E+00    3.17082E+03    3.00307E+03    3.33857E+03
 7.58578E+00    3.17531E+03    3.00732E+03    3.34330E+03
 7.94328E+00    3.16996E+03    3.00225E+03    3.33766E+03
 8.31764E+00    3.14615E+03    2.97970E+03    3.31259E+03
 8.70964E+00    3.04489E+03    2.88380E+03    3.20598E+03
 9.12011E+00    2.98904E+03    2.83091E+03    3.14718E+03
 9.54993E+00    2.93831E+03    2.78286E+03    3.09376E+03
 1.00000E+01    2.89795E+03    2.72407E+03    3.07182E+03
 1.04713E+01    2.86599E+03    2.69403E+03    3.03795E+03
 1.09648E+01    2.88736E+03    2.71412E+03    3.06060E+03
 1.14815E+01    2.89258E+03    2.71903E+03    3.06614E+03
 1.20226E+01    2.88284E+03    2.70987E+03    3.05581E+03
 1.25893E+01    2.90867E+03    2.73415E+03    3.08319E+03
 1.31826E+01    3.06671E+03    2.88271E+03    3.25071E+03
 1.38038E+01    3.34452E+03    3.14385E+03    3.54519E+03
 1.44544E+01    3.59560E+03    3.37986E+03    3.81134E+03
 1.51356E+01    3.66189E+03    3.44217E+03    3.88160E+03
 1.58489E+01    3.69244E+03    3.47089E+03    3.91398E+03
 1.65959E+01    3.71968E+03    3.49649E+03    3.94286E+03
 1.73780E+01    3.71647E+03    3.49348E+03    3.93946E+03
 1.81970E+01    3.70725E+03    3.48482E+03    3.92969E+03
 1.90546E+01    3.69760E+03    3.47574E+03    3.91945E+03
 1.99526E+01    1.90156E+02    1.78746E+02    2.01565E+02
