# p + Sm  0 : (p,non)
# tendl.2019 A.J. Koning                       EVAL-OCT19
# uncertainties: y
# # energies =    45
#   E(MeV)          xs(mb) 
 1.00000E+00    6.82707E-14
 2.00000E+00    1.79384E-06
 3.00000E+00    2.46716E-03
 4.00000E+00    1.43316E-01
 5.00000E+00    1.95198E+00
 6.00000E+00    1.21906E+01
 7.00000E+00    4.70790E+01
 8.00000E+00    1.28327E+02
 9.00000E+00    2.60625E+02
 1.00000E+01    4.17105E+02
 1.10000E+01    5.65760E+02
 1.20000E+01    6.95978E+02
 1.30000E+01    8.09498E+02
 1.40000E+01    9.10638E+02
 1.50000E+01    1.00324E+03
 1.60000E+01    1.08791E+03
 1.70000E+01    1.16277E+03
 1.80000E+01    1.22675E+03
 1.90000E+01    1.28118E+03
 2.00000E+01    1.32860E+03
 2.20000E+01    1.41009E+03
 2.40000E+01    1.47745E+03
 2.60000E+01    1.53092E+03
 2.80000E+01    1.57266E+03
 3.00000E+01    1.60678E+03
 3.50000E+01    1.67131E+03
 4.00000E+01    1.70132E+03
 4.50000E+01    1.71281E+03
 5.00000E+01    1.70994E+03
 5.50000E+01    1.69836E+03
 6.00000E+01    1.68159E+03
 6.50000E+01    1.66170E+03
 7.00000E+01    1.64039E+03
 7.50000E+01    1.61863E+03
 8.00000E+01    1.59708E+03
 9.00000E+01    1.55614E+03
 1.00000E+02    1.51923E+03
 1.10000E+02    1.48668E+03
 1.20000E+02    1.45827E+03
 1.30000E+02    1.43357E+03
 1.40000E+02    1.41207E+03
 1.50000E+02    1.39330E+03
 1.60000E+02    1.37685E+03
 1.80000E+02    1.34945E+03
 2.00000E+02    1.32753E+03
