# n + Ba132 : (n,n'27)  
# tendl.2019 A.J. Koning and D. Rochman        EVAL-NOV19
# uncertainties: n
# # energies =    61
#   E(MeV)       xs(mb) 
 2.45758E+00    0.00000E+00
 2.47163E+00    1.56064E+00
 2.50205E+00    4.93959E+00
 2.51141E+00    5.97928E+00
 2.60000E+00    1.58196E+01
 2.80000E+00    2.28488E+01
 3.00000E+00    2.36539E+01
 3.20000E+00    2.18275E+01
 3.40000E+00    1.88782E+01
 3.60000E+00    1.56183E+01
 3.80000E+00    1.25292E+01
 4.00000E+00    9.85924E+00
 4.20000E+00    7.68201E+00
 4.40000E+00    5.97228E+00
 4.60000E+00    4.66105E+00
 4.80000E+00    3.66951E+00
 5.00000E+00    2.92578E+00
 5.20000E+00    2.36958E+00
 5.40000E+00    1.95397E+00
 5.60000E+00    1.64314E+00
 5.80000E+00    1.41065E+00
 6.00000E+00    1.23664E+00
 6.20000E+00    1.10647E+00
 6.40000E+00    1.00822E+00
 6.60000E+00    9.35761E-01
 6.80000E+00    8.81973E-01
 7.00000E+00    8.42502E-01
 7.20000E+00    8.13446E-01
 7.40000E+00    7.92243E-01
 7.60000E+00    7.76895E-01
 7.80000E+00    7.65769E-01
 8.00000E+00    7.57781E-01
 8.50000E+00    7.46131E-01
 9.00000E+00    7.40465E-01
 9.50000E+00    7.36962E-01
 1.00000E+01    7.33973E-01
 1.05000E+01    7.30796E-01
 1.10000E+01    7.27117E-01
 1.15000E+01    7.22857E-01
 1.20000E+01    7.18056E-01
 1.25000E+01    7.12837E-01
 1.30000E+01    7.07340E-01
 1.35000E+01    7.01679E-01
 1.40000E+01    6.95952E-01
 1.45000E+01    6.90239E-01
 1.50000E+01    6.84631E-01
 1.60000E+01    6.74064E-01
 1.70000E+01    6.64786E-01
 1.80000E+01    6.56814E-01
 1.90000E+01    6.49668E-01
 2.00000E+01    6.42793E-01
 2.10000E+01    6.35800E-01
 2.20000E+01    6.28447E-01
 2.30000E+01    6.20612E-01
 2.40000E+01    6.12364E-01
 2.50000E+01    6.03888E-01
 2.60000E+01    5.95369E-01
 2.70000E+01    5.86894E-01
 2.80000E+01    5.78448E-01
 2.90000E+01    5.69963E-01
 3.00000E+01    5.61349E-01
