# n + Te120 : (n,pd)    
# tendl.2019 A.J. Koning and D. Rochman        EVAL-NOV19
# uncertainties: y
# # energies =    20
#   E(MeV)       xs(mb)       xslow(mb)      xsupp(mb)
 1.01532E+01    0.00000E+00    0.00000E+00    0.00000E+00
 1.35000E+01    2.25920E-17    0.00000E+00    2.22826E-16
 1.40000E+01    6.31960E-15    0.00000E+00    6.23307E-14
 1.45000E+01    5.72770E-13    0.00000E+00    5.64927E-12
 1.50000E+01    2.30440E-11    0.00000E+00    2.27285E-10
 1.60000E+01    6.60620E-09    0.00000E+00    2.55768E-08
 1.70000E+01    4.29380E-07    0.00000E+00    1.66240E-06
 1.80000E+01    9.67219E-06    0.00000E+00    3.74471E-05
 1.90000E+01    9.26475E-05    0.00000E+00    3.58697E-04
 2.00000E+01    5.03717E-04    0.00000E+00    1.24345E-03
 2.10000E+01    1.56278E-03    0.00000E+00    3.85779E-03
 2.20000E+01    3.24551E-03    0.00000E+00    8.01168E-03
 2.30000E+01    5.26432E-03    0.00000E+00    1.29952E-02
 2.40000E+01    7.42331E-03    0.00000E+00    4.39827E-02
 2.50000E+01    9.07616E-03    0.00000E+00    5.37758E-02
 2.60000E+01    1.04747E-02    0.00000E+00    6.20620E-02
 2.70000E+01    1.33652E-02    0.00000E+00    7.91881E-02
 2.80000E+01    1.74159E-02    0.00000E+00    1.03188E-01
 2.90000E+01    2.08137E-02    0.00000E+00    1.23320E-01
 3.00000E+01    2.79021E-02    0.00000E+00    1.65318E-01
