# n + Te120 : (n,xn)    
# tendl.2019 A.J. Koning and D. Rochman        EVAL-NOV19
# 
# # energies =   129
#   E(MeV)        xs(mb) 
 5.65153E-01    2.18103E-13
 6.00000E-01    2.97005E+02
 7.00000E-01    5.94171E+02
 8.00000E-01    7.70160E+02
 9.00000E-01    9.00350E+02
 1.00000E+00    1.00647E+03
 1.11238E+00    1.07680E+03
 1.17133E+00    1.18612E+03
 1.20000E+00    1.25268E+03
 1.21138E+00    1.25369E+03
 1.40000E+00    1.57325E+03
 1.54799E+00    1.61829E+03
 1.60000E+00    1.72655E+03
 1.62697E+00    1.73482E+03
 1.79117E+00    1.83780E+03
 1.80000E+00    1.84338E+03
 1.83039E+00    1.82821E+03
 1.87896E+00    1.81373E+03
 1.94059E+00    1.82722E+03
 1.95289E+00    1.84139E+03
 2.00000E+00    1.93402E+03
 2.10058E+00    1.94743E+03
 2.20000E+00    1.99965E+03
 2.22000E+00    2.00178E+03
 2.37784E+00    2.01940E+03
 2.40000E+00    2.02762E+03
 2.44348E+00    2.00879E+03
 2.44853E+00    2.00772E+03
 2.46617E+00    2.00618E+03
 2.47646E+00    2.00658E+03
 2.48208E+00    2.00834E+03
 2.54110E+00    2.03488E+03
 2.58890E+00    2.05653E+03
 2.60000E+00    2.06433E+03
 2.63478E+00    2.05728E+03
 2.67529E+00    2.05862E+03
 2.71253E+00    2.05985E+03
 2.77162E+00    2.07826E+03
 2.80000E+00    2.09875E+03
 2.83092E+00    2.09530E+03
 2.85919E+00    2.09663E+03
 2.90184E+00    2.09864E+03
 2.92359E+00    2.09999E+03
 2.96151E+00    2.10237E+03
 3.00000E+00    2.16462E+03
 3.20000E+00    2.21824E+03
 3.40000E+00    2.27772E+03
 3.60000E+00    2.33046E+03
 3.80000E+00    2.37344E+03
 4.00000E+00    2.40545E+03
 4.20000E+00    2.42647E+03
 4.40000E+00    2.43808E+03
 4.60000E+00    2.44129E+03
 4.80000E+00    2.43765E+03
 5.00000E+00    2.42853E+03
 5.20000E+00    2.41530E+03
 5.40000E+00    2.39937E+03
 5.60000E+00    2.38155E+03
 5.80000E+00    2.36293E+03
 6.00000E+00    2.34411E+03
 6.20000E+00    2.32567E+03
 6.40000E+00    2.30789E+03
 6.60000E+00    2.29121E+03
 6.80000E+00    2.27549E+03
 7.00000E+00    2.26109E+03
 7.20000E+00    2.24772E+03
 7.40000E+00    2.23549E+03
 7.60000E+00    2.22434E+03
 7.80000E+00    2.21396E+03
 8.00000E+00    2.20473E+03
 8.50000E+00    2.18385E+03
 9.00000E+00    2.16587E+03
 9.50000E+00    2.14905E+03
 1.00000E+01    2.13246E+03
 1.05000E+01    2.12027E+03
 1.10000E+01    2.21778E+03
 1.15000E+01    2.44835E+03
 1.20000E+01    2.68397E+03
 1.25000E+01    2.87951E+03
 1.30000E+01    3.01970E+03
 1.35000E+01    3.12084E+03
 1.40000E+01    3.18515E+03
 1.45000E+01    3.22517E+03
 1.50000E+01    3.24859E+03
 1.60000E+01    3.26293E+03
 1.70000E+01    3.25140E+03
 1.80000E+01    3.23744E+03
 1.90000E+01    3.22330E+03
 2.00000E+01    3.23223E+03
 2.10000E+01    3.29191E+03
 2.20000E+01    3.38142E+03
 2.30000E+01    3.47346E+03
 2.40000E+01    3.55042E+03
 2.50000E+01    3.60467E+03
 2.60000E+01    3.64165E+03
 2.70000E+01    3.66366E+03
 2.80000E+01    3.67402E+03
 2.90000E+01    3.67658E+03
 3.00000E+01    3.67503E+03
 3.00000E+01    3.68065E+03
 3.20000E+01    3.69017E+03
 3.40000E+01    3.73093E+03
 3.60000E+01    3.78729E+03
 3.80000E+01    3.84082E+03
 4.00000E+01    3.87246E+03
 4.20000E+01    3.90891E+03
 4.40000E+01    3.94367E+03
 4.60000E+01    3.97680E+03
 4.80000E+01    4.00565E+03
 5.00000E+01    4.03049E+03
 5.20000E+01    4.04964E+03
 5.40000E+01    4.07263E+03
 5.60000E+01    4.09140E+03
 5.80000E+01    4.11290E+03
 6.00000E+01    4.15236E+03
 6.50000E+01    4.26125E+03
 7.00000E+01    4.37310E+03
 7.50000E+01    4.48981E+03
 8.00000E+01    4.60118E+03
 9.00000E+01    4.83493E+03
 1.00000E+02    5.09371E+03
 1.10000E+02    5.37056E+03
 1.20000E+02    5.66834E+03
 1.30000E+02    5.99748E+03
 1.40000E+02    6.38599E+03
 1.50000E+02    6.84521E+03
 1.60000E+02    7.37487E+03
 1.80000E+02    8.65970E+03
 2.00000E+02    9.88202E+03
