# n + Pt194 : (n,d)m    
# endfb8.0   A.J. Koning and D. Rochman        EVAL-DEC15
# uncertainties: y
# # energies =    33
#   E(MeV)       xs(mb)       xslow(mb)      xsupp(mb)
 5.39680E+00    0.00000E+00    0.00000E+00    0.00000E+00
 7.60000E+00    1.66720E-17    0.00000E+00    0.00000E+00
 7.80000E+00    3.10840E-16    0.00000E+00    0.00000E+00
 8.00000E+00    4.27930E-15    0.00000E+00    0.00000E+00
 8.50000E+00    1.37180E-12    0.00000E+00    0.00000E+00
 9.00000E+00    2.08530E-10    0.00000E+00    0.00000E+00
 9.50000E+00    4.98630E-09    0.00000E+00    0.00000E+00
 1.00000E+01    3.01370E-08    0.00000E+00    0.00000E+00
 1.05000E+01    5.16870E-07    0.00000E+00    0.00000E+00
 1.10000E+01    4.99095E-06    0.00000E+00    0.00000E+00
 1.15000E+01    3.42906E-05    0.00000E+00    0.00000E+00
 1.20000E+01    1.80614E-04    0.00000E+00    0.00000E+00
 1.25000E+01    7.70071E-04    0.00000E+00    0.00000E+00
 1.30000E+01    2.75777E-03    0.00000E+00    0.00000E+00
 1.35000E+01    8.45936E-03    0.00000E+00    0.00000E+00
 1.40000E+01    2.27596E-02    0.00000E+00    0.00000E+00
 1.45000E+01    5.41764E-02    0.00000E+00    0.00000E+00
 1.50000E+01    1.14257E-01    0.00000E+00    0.00000E+00
 1.60000E+01    3.67569E-01    0.00000E+00    0.00000E+00
 1.70000E+01    8.44859E-01    0.00000E+00    0.00000E+00
 1.80000E+01    1.57531E+00    0.00000E+00    0.00000E+00
 1.90000E+01    2.49956E+00    0.00000E+00    0.00000E+00
 2.00000E+01    3.61281E+00    0.00000E+00    0.00000E+00
 2.10000E+01    4.79551E+00    0.00000E+00    0.00000E+00
 2.20000E+01    6.01969E+00    0.00000E+00    0.00000E+00
 2.30000E+01    7.21395E+00    0.00000E+00    0.00000E+00
 2.40000E+01    8.29173E+00    0.00000E+00    0.00000E+00
 2.50000E+01    9.21624E+00    0.00000E+00    0.00000E+00
 2.60000E+01    9.76866E+00    0.00000E+00    0.00000E+00
 2.70000E+01    1.02794E+01    0.00000E+00    0.00000E+00
 2.80000E+01    1.06740E+01    0.00000E+00    0.00000E+00
 2.90000E+01    1.09462E+01    0.00000E+00    0.00000E+00
 3.00000E+01    1.11125E+01    0.00000E+00    0.00000E+00
