# n + Tb158 : (n,n'34)  
# endfb8.0      G. Nobre, D. Brown, M. Herman  EVAL-Jul17
# uncertainties: n
# # energies =    38
#   E(MeV)       xs(mb) 
 5.59551E-01    0.00000E+00
 7.00000E-01    7.92668E+01
 8.50000E-01    6.37244E+01
 1.00000E+00    5.82433E+01
 1.30000E+00    4.16321E+01
 1.50000E+00    3.02619E+01
 1.80000E+00    1.58793E+01
 2.00000E+00    1.03526E+01
 2.25000E+00    6.00953E+00
 2.50000E+00    3.59030E+00
 2.75000E+00    2.17659E+00
 3.00000E+00    1.33131E+00
 3.20000E+00    9.13611E-01
 3.40000E+00    6.30049E-01
 3.60000E+00    4.35425E-01
 3.80000E+00    3.01397E-01
 4.00000E+00    2.09009E-01
 4.20000E+00    1.45226E-01
 4.40000E+00    1.01425E-01
 4.60000E+00    7.14450E-02
 4.80000E+00    5.08672E-02
 5.00000E+00    3.66106E-02
 5.50000E+00    1.68341E-02
 6.00000E+00    8.16874E-03
 7.00000E+00    2.14915E-03
 8.00000E+00    6.15196E-04
 9.00000E+00    1.87087E-04
 1.00000E+01    6.05512E-05
 1.10000E+01    2.09797E-05
 1.20000E+01    7.78164E-06
 1.30000E+01    3.06874E-06
 1.40000E+01    1.28215E-06
 1.50000E+01    5.63610E-07
 1.60000E+01    2.59200E-07
 1.70000E+01    1.23920E-07
 1.80000E+01    6.11630E-08
 1.90000E+01    3.10990E-08
 2.00000E+01    1.61430E-08
