# n + Pb204 : (n,tot)   
# jendl4.0   O.Iwamoto, N.Iwamoto              EVAL-MAR10
# uncertainties: n
# # energies =   616
#   E(MeV)       xs(mb) 
 1.00000E-11    8.44228E+04
 1.04713E-11    8.25608E+04
 1.09648E-11    8.07414E+04
 1.14815E-11    7.89665E+04
 1.20226E-11    7.72313E+04
 1.25893E-11    7.55393E+04
 1.31826E-11    7.38850E+04
 1.38038E-11    7.22720E+04
 1.44544E-11    7.06954E+04
 1.51356E-11    6.91575E+04
 1.58489E-11    6.76555E+04
 1.65959E-11    6.61893E+04
 1.73780E-11    6.47588E+04
 1.81970E-11    6.33612E+04
 1.90546E-11    6.19988E+04
 1.99526E-11    6.06673E+04
 2.08930E-11    5.93697E+04
 2.18776E-11    5.81018E+04
 2.29087E-11    5.68660E+04
 2.39883E-11    5.56591E+04
 2.51189E-11    5.44822E+04
 2.63027E-11    5.33339E+04
 2.75423E-11    5.22133E+04
 2.88403E-11    5.11210E+04
 3.01995E-11    5.00545E+04
 3.16228E-11    4.90156E+04
 3.31131E-11    4.80011E+04
 3.46737E-11    4.70136E+04
 3.63078E-11    4.60495E+04
 3.80189E-11    4.51093E+04
 3.98107E-11    4.41938E+04
 4.16869E-11    4.33003E+04
 4.36516E-11    4.24299E+04
 4.57088E-11    4.15821E+04
 4.78630E-11    4.07549E+04
 5.01187E-11    3.99498E+04
 5.24807E-11    3.91654E+04
 5.49541E-11    3.84005E+04
 5.75440E-11    3.76566E+04
 6.02560E-11    3.69315E+04
 6.30957E-11    3.62252E+04
 6.60693E-11    3.55384E+04
 6.91831E-11    3.48690E+04
 7.24436E-11    3.42176E+04
 7.58578E-11    3.35842E+04
 7.94328E-11    3.29671E+04
 8.31764E-11    3.23672E+04
 8.70964E-11    3.17838E+04
 9.12011E-11    3.12156E+04
 9.54993E-11    3.06640E+04
 1.00000E-10    3.01275E+04
 1.04713E-10    2.96053E+04
 1.09648E-10    2.90982E+04
 1.14815E-10    2.86055E+04
 1.20226E-10    2.81264E+04
 1.25893E-10    2.76608E+04
 1.31826E-10    2.72091E+04
 1.38038E-10    2.67702E+04
 1.44544E-10    2.63437E+04
 1.51356E-10    2.59298E+04
 1.58489E-10    2.55284E+04
 1.65959E-10    2.51386E+04
 1.73780E-10    2.47600E+04
 1.81970E-10    2.43928E+04
 1.90546E-10    2.40368E+04
 1.99526E-10    2.36914E+04
 2.08930E-10    2.33563E+04
 2.18776E-10    2.30312E+04
 2.29087E-10    2.27162E+04
 2.39883E-10    2.24108E+04
 2.51189E-10    2.21148E+04
 2.63027E-10    2.18277E+04
 2.75423E-10    2.15495E+04
 2.88403E-10    2.12797E+04
 3.01995E-10    2.10185E+04
 3.16228E-10    2.07652E+04
 3.31131E-10    2.05199E+04
 3.46737E-10    2.02821E+04
 3.63078E-10    2.00518E+04
 3.80189E-10    1.98286E+04
 3.98107E-10    1.96123E+04
 4.16869E-10    1.94028E+04
 4.36516E-10    1.91997E+04
 4.57088E-10    1.90029E+04
 4.78630E-10    1.88122E+04
 5.01187E-10    1.86274E+04
 5.24807E-10    1.84483E+04
 5.49541E-10    1.82748E+04
 5.75440E-10    1.81066E+04
 6.02560E-10    1.79435E+04
 6.30957E-10    1.77854E+04
 6.60693E-10    1.76321E+04
 6.91831E-10    1.74836E+04
 7.24436E-10    1.73395E+04
 7.58578E-10    1.71997E+04
 7.94328E-10    1.70642E+04
 8.31764E-10    1.69326E+04
 8.70964E-10    1.68050E+04
 9.12011E-10    1.66812E+04
 9.54993E-10    1.65612E+04
 1.00000E-09    1.64447E+04
 1.04713E-09    1.63318E+04
 1.09648E-09    1.62218E+04
 1.14815E-09    1.61151E+04
 1.20226E-09    1.60116E+04
 1.25892E-09    1.59113E+04
 1.31826E-09    1.58139E+04
 1.38038E-09    1.57190E+04
 1.44544E-09    1.56268E+04
 1.51356E-09    1.55376E+04
 1.58489E-09    1.54510E+04
 1.65959E-09    1.53663E+04
 1.73780E-09    1.52843E+04
 1.81970E-09    1.52049E+04
 1.90546E-09    1.51274E+04
 1.99526E-09    1.50519E+04
 2.08930E-09    1.49790E+04
 2.18776E-09    1.49081E+04
 2.29087E-09    1.48385E+04
 2.39883E-09    1.47716E+04
 2.51189E-09    1.47064E+04
 2.63027E-09    1.46424E+04
 2.75423E-09    1.45809E+04
 2.88403E-09    1.45207E+04
 3.01995E-09    1.44620E+04
 3.16228E-09    1.44056E+04
 3.31131E-09    1.43498E+04
 3.46737E-09    1.42962E+04
 3.63078E-09    1.42437E+04
 3.80189E-09    1.41925E+04
 3.98107E-09    1.41434E+04
 4.16869E-09    1.40945E+04
 4.36516E-09    1.40480E+04
 4.57088E-09    1.40018E+04
 4.78630E-09    1.39576E+04
 5.01187E-09    1.39140E+04
 5.24807E-09    1.38718E+04
 5.49541E-09    1.38308E+04
 5.75440E-09    1.37905E+04
 6.02560E-09    1.37518E+04
 6.30957E-09    1.37135E+04
 6.60693E-09    1.36768E+04
 6.91831E-09    1.36405E+04
 7.24436E-09    1.36056E+04
 7.58578E-09    1.35713E+04
 7.94328E-09    1.35380E+04
 8.31764E-09    1.35056E+04
 8.70964E-09    1.34738E+04
 9.12011E-09    1.34434E+04
 9.54993E-09    1.34128E+04
 1.00000E-08    1.33842E+04
 1.04713E-08    1.33550E+04
 1.09648E-08    1.33278E+04
 1.14815E-08    1.33002E+04
 1.20226E-08    1.32742E+04
 1.25893E-08    1.32485E+04
 1.31826E-08    1.32229E+04
 1.38038E-08    1.31991E+04
 1.44544E-08    1.31745E+04
 1.51356E-08    1.31519E+04
 1.58489E-08    1.31291E+04
 1.65959E-08    1.31066E+04
 1.73780E-08    1.30857E+04
 1.81970E-08    1.30640E+04
 1.90546E-08    1.30439E+04
 1.99526E-08    1.30241E+04
 2.08930E-08    1.30039E+04
 2.18776E-08    1.29856E+04
 2.29087E-08    1.29669E+04
 2.39883E-08    1.29480E+04
 2.51189E-08    1.29307E+04
 2.63027E-08    1.29142E+04
 2.75423E-08    1.28969E+04
 2.88403E-08    1.28804E+04
 3.01995E-08    1.28651E+04
 3.16228E-08    1.28490E+04
 3.31131E-08    1.28336E+04
 3.46737E-08    1.28194E+04
 3.63078E-08    1.28045E+04
 3.80189E-08    1.27900E+04
 3.98107E-08    1.27769E+04
 4.16869E-08    1.27633E+04
 4.36516E-08    1.27495E+04
 4.57088E-08    1.27374E+04
 4.78630E-08    1.27250E+04
 5.01187E-08    1.27121E+04
 5.24807E-08    1.27005E+04
 5.49541E-08    1.26893E+04
 5.75440E-08    1.26777E+04
 6.02560E-08    1.26660E+04
 6.30957E-08    1.26559E+04
 6.60693E-08    1.26455E+04
 6.91831E-08    1.26347E+04
 7.24436E-08    1.26245E+04
 7.58578E-08    1.26153E+04
 7.94328E-08    1.26057E+04
 8.31764E-08    1.25957E+04
 8.70964E-08    1.25867E+04
 9.12011E-08    1.25783E+04
 9.54993E-08    1.25696E+04
 1.00000E-07    1.25605E+04
 1.04713E-07    1.25522E+04
 1.09648E-07    1.25447E+04
 1.14815E-07    1.25369E+04
 1.20226E-07    1.25286E+04
 1.25893E-07    1.25207E+04
 1.31826E-07    1.25140E+04
 1.38038E-07    1.25070E+04
 1.44544E-07    1.24998E+04
 1.51356E-07    1.24922E+04
 1.58489E-07    1.24859E+04
 1.65959E-07    1.24799E+04
 1.73780E-07    1.24735E+04
 1.81970E-07    1.24668E+04
 1.90546E-07    1.24602E+04
 1.99526E-07    1.24549E+04
 2.08930E-07    1.24494E+04
 2.18776E-07    1.24437E+04
 2.29087E-07    1.24377E+04
 2.39883E-07    1.24318E+04
 2.51189E-07    1.24271E+04
 2.63027E-07    1.24223E+04
 2.75423E-07    1.24173E+04
 2.88403E-07    1.24120E+04
 3.01995E-07    1.24066E+04
 3.16228E-07    1.24022E+04
 3.31131E-07    1.23980E+04
 3.46737E-07    1.23937E+04
 3.63078E-07    1.23892E+04
 3.80189E-07    1.23845E+04
 3.98107E-07    1.23798E+04
 4.16869E-07    1.23763E+04
 4.36516E-07    1.23726E+04
 4.57088E-07    1.23688E+04
 4.78630E-07    1.23649E+04
 5.01187E-07    1.23607E+04
 5.24807E-07    1.23566E+04
 5.49541E-07    1.23535E+04
 5.75440E-07    1.23504E+04
 6.02560E-07    1.23472E+04
 6.30957E-07    1.23438E+04
 6.60693E-07    1.23402E+04
 6.91831E-07    1.23365E+04
 7.24436E-07    1.23334E+04
 7.58578E-07    1.23308E+04
 7.94328E-07    1.23281E+04
 8.31764E-07    1.23253E+04
 8.70964E-07    1.23224E+04
 9.12011E-07    1.23193E+04
 9.54993E-07    1.23161E+04
 1.00000E-06    1.23136E+04
 1.04713E-06    1.23120E+04
 1.09648E-06    1.23103E+04
 1.14815E-06    1.23086E+04
 1.20226E-06    1.23067E+04
 1.25893E-06    1.23048E+04
 1.31826E-06    1.23028E+04
 1.38038E-06    1.23007E+04
 1.44544E-06    1.22985E+04
 1.51356E-06    1.22962E+04
 1.58489E-06    1.22938E+04
 1.65959E-06    1.22912E+04
 1.73780E-06    1.22886E+04
 1.81970E-06    1.22858E+04
 1.90546E-06    1.22829E+04
 1.99526E-06    1.22799E+04
 2.08930E-06    1.22777E+04
 2.18776E-06    1.22770E+04
 2.29087E-06    1.22764E+04
 2.39883E-06    1.22756E+04
 2.51189E-06    1.22749E+04
 2.63027E-06    1.22741E+04
 2.75423E-06    1.22733E+04
 2.88403E-06    1.22724E+04
 3.01995E-06    1.22715E+04
 3.16228E-06    1.22706E+04
 3.31131E-06    1.22696E+04
 3.46737E-06    1.22685E+04
 3.63078E-06    1.22674E+04
 3.80189E-06    1.22663E+04
 3.98107E-06    1.22651E+04
 4.16869E-06    1.22639E+04
 4.36516E-06    1.22626E+04
 4.57088E-06    1.22612E+04
 4.78630E-06    1.22598E+04
 5.01187E-06    1.22583E+04
 5.24807E-06    1.22567E+04
 5.49541E-06    1.22550E+04
 5.75440E-06    1.22533E+04
 6.02560E-06    1.22515E+04
 6.30957E-06    1.22496E+04
 6.60693E-06    1.22476E+04
 6.91831E-06    1.22456E+04
 7.24436E-06    1.22434E+04
 7.58578E-06    1.22411E+04
 7.94328E-06    1.22388E+04
 8.31764E-06    1.22363E+04
 8.70964E-06    1.22337E+04
 9.12011E-06    1.22309E+04
 9.54993E-06    1.22281E+04
 1.00000E-05    1.22254E+04
 1.04713E-05    1.22244E+04
 1.09648E-05    1.22237E+04
 1.14815E-05    1.22229E+04
 1.20226E-05    1.22221E+04
 1.25893E-05    1.22213E+04
 1.31826E-05    1.22204E+04
 1.38038E-05    1.22195E+04
 1.44544E-05    1.22185E+04
 1.51356E-05    1.22175E+04
 1.58489E-05    1.22164E+04
 1.65959E-05    1.22153E+04
 1.73780E-05    1.22142E+04
 1.81970E-05    1.22130E+04
 1.90546E-05    1.22117E+04
 1.99526E-05    1.22104E+04
 2.08930E-05    1.22090E+04
 2.18776E-05    1.22075E+04
 2.29087E-05    1.22060E+04
 2.39883E-05    1.22044E+04
 2.51189E-05    1.22027E+04
 2.63027E-05    1.22009E+04
 2.75423E-05    1.21991E+04
 2.88403E-05    1.21972E+04
 3.01995E-05    1.21952E+04
 3.16228E-05    1.21931E+04
 3.31131E-05    1.21909E+04
 3.46737E-05    1.21885E+04
 3.63078E-05    1.21861E+04
 3.80189E-05    1.21836E+04
 3.98107E-05    1.21809E+04
 4.16869E-05    1.21781E+04
 4.36516E-05    1.21752E+04
 4.57088E-05    1.21722E+04
 4.78630E-05    1.21690E+04
 5.01187E-05    1.21656E+04
 5.24807E-05    1.21621E+04
 5.49541E-05    1.21585E+04
 5.75440E-05    1.21546E+04
 6.02560E-05    1.21506E+04
 6.30957E-05    1.21464E+04
 6.60693E-05    1.21420E+04
 6.91831E-05    1.21374E+04
 7.24436E-05    1.21326E+04
 7.58578E-05    1.21275E+04
 7.94328E-05    1.21222E+04
 8.31764E-05    1.21167E+04
 8.70964E-05    1.21108E+04
 9.12011E-05    1.21048E+04
 9.54993E-05    1.20984E+04
 1.00000E-04    1.20917E+04
 1.04713E-04    1.20847E+04
 1.09648E-04    1.20774E+04
 1.14815E-04    1.20698E+04
 1.20226E-04    1.20617E+04
 1.25893E-04    1.20533E+04
 1.31826E-04    1.20446E+04
 1.38038E-04    1.20353E+04
 1.44544E-04    1.20257E+04
 1.51356E-04    1.20163E+04
 1.58489E-04    1.20070E+04
 1.65959E-04    1.19973E+04
 1.73780E-04    1.19871E+04
 1.81970E-04    1.19764E+04
 1.90546E-04    1.19652E+04
 1.99526E-04    1.19535E+04
 2.08930E-04    1.19413E+04
 2.18776E-04    1.19284E+04
 2.29087E-04    1.19150E+04
 2.39883E-04    1.19009E+04
 2.51189E-04    1.18862E+04
 2.63027E-04    1.18708E+04
 2.75423E-04    1.18546E+04
 2.88403E-04    1.18377E+04
 3.01995E-04    1.18200E+04
 3.16228E-04    1.18014E+04
 3.31131E-04    1.17820E+04
 3.46737E-04    1.17617E+04
 3.63078E-04    1.17404E+04
 3.80189E-04    1.17181E+04
 3.98107E-04    1.16947E+04
 4.16869E-04    1.16702E+04
 4.36516E-04    1.16446E+04
 4.57088E-04    1.16180E+04
 4.78630E-04    1.27558E+04
 5.01187E-04    1.15574E+04
 5.24807E-04    1.15231E+04
 5.49541E-04    1.14872E+04
 5.75440E-04    1.14495E+04
 6.02560E-04    1.14102E+04
 6.30957E-04    1.13689E+04
 6.60693E-04    1.13257E+04
 6.91831E-04    1.12805E+04
 7.24436E-04    1.12331E+04
 7.58578E-04    1.11835E+04
 7.94328E-04    1.11316E+04
 8.31764E-04    1.10751E+04
 8.70964E-04    1.10055E+04
 9.12011E-04    1.09312E+04
 9.54993E-04    1.08534E+04
 1.00000E-03    1.07719E+04
 1.04713E-03    1.06745E+04
 1.09648E-03    1.05587E+04
 1.14815E-03    1.04348E+04
 1.20226E-03    1.02752E+04
 1.25893E-03    1.00975E+04
 1.31826E-03    1.21765E+04
 1.38038E-03    9.49501E+03
 1.44544E-03    8.96248E+03
 1.51356E-03    7.96271E+03
 1.58489E-03    5.21758E+03
 1.65959E-03    1.13515E+05
 1.73780E-03    1.63759E+04
 1.81970E-03    1.30187E+04
 1.90546E-03    1.18509E+04
 1.99526E-03    1.10967E+04
 2.08930E-03    1.03939E+04
 2.18776E-03    9.47731E+03
 2.29087E-03    7.54722E+03
 2.39883E-03    8.08798E+04
 2.51189E-03    2.13617E+04
 2.63027E-03    1.46747E+04
 2.75423E-03    1.30112E+04
 2.88403E-03    1.23497E+04
 3.01995E-03    1.19264E+04
 3.16228E-03    1.16440E+04
 3.31131E-03    1.13921E+04
 3.46737E-03    1.11852E+04
 3.63078E-03    1.10151E+04
 3.80189E-03    1.12416E+04
 3.98107E-03    1.06846E+04
 4.16869E-03    1.07618E+04
 4.36516E-03    1.03765E+04
 4.57088E-03    1.09947E+04
 4.78630E-03    1.00616E+04
 5.01187E-03    9.88376E+03
 5.24807E-03    1.02641E+04
 5.49541E-03    9.47952E+03
 5.75440E-03    9.19475E+03
 6.02560E-03    8.81179E+03
 6.30957E-03    7.82736E+03
 6.60693E-03    1.79423E+04
 6.91831E-03    8.99739E+03
 7.24436E-03    7.90172E+03
 7.58578E-03    6.27203E+03
 7.94328E-03    3.74803E+03
 8.31764E-03    6.62034E+04
 8.70964E-03    1.45894E+04
 9.12011E-03    1.07589E+04
 9.54993E-03    1.92532E+04
 1.00000E-02    1.14156E+04
 1.04713E-02    1.04272E+04
 1.09648E-02    9.99203E+03
 1.14815E-02    8.76516E+03
 1.20226E-02    6.71922E+03
 1.25893E-02    3.43489E+04
 1.31826E-02    1.55281E+04
 1.38038E-02    1.19467E+04
 1.44544E-02    1.27069E+04
 1.51356E-02    1.10088E+04
 1.58489E-02    1.05427E+04
 1.65959E-02    1.00515E+04
 1.73780E-02    1.00582E+04
 1.81970E-02    9.45090E+03
 1.90546E-02    9.38874E+03
 1.99526E-02    8.66127E+03
 2.08930E-02    6.91284E+03
 2.18776E-02    1.79924E+04
 2.29087E-02    7.66673E+03
 2.39883E-02    2.26621E+04
 2.51189E-02    1.13834E+04
 2.63027E-02    8.51346E+03
 2.75423E-02    1.55457E+04
 2.88403E-02    1.04989E+04
 3.01995E-02    9.52128E+03
 3.16228E-02    1.10777E+04
 3.31131E-02    1.22102E+04
 3.46737E-02    1.09373E+04
 3.63078E-02    8.49898E+03
 3.80189E-02    1.17667E+04
 3.98107E-02    1.36262E+04
 4.16869E-02    1.25782E+04
 4.36516E-02    1.11674E+04
 4.57088E-02    1.02852E+04
 4.78630E-02    1.07011E+04
 5.01187E-02    9.79043E+03
 5.24807E-02    6.90433E+03
 5.49541E-02    1.44654E+04
 5.75440E-02    1.02124E+04
 6.02560E-02    1.18911E+04
 6.30957E-02    1.01670E+04
 6.60693E-02    9.91401E+03
 6.91831E-02    8.86992E+03
 7.24436E-02    9.52713E+03
 7.58578E-02    8.28432E+03
 7.94328E-02    9.90215E+03
 8.31764E-02    8.74306E+03
 8.70964E-02    1.06837E+04
 9.12011E-02    1.15861E+04
 9.54993E-02    1.05932E+04
 1.00000E-01    9.49392E+03
 1.04713E-01    9.47864E+03
 1.09648E-01    8.10590E+03
 1.14815E-01    8.86896E+03
 1.20226E-01    8.50080E+03
 1.25893E-01    8.06680E+03
 1.31826E-01    8.22521E+03
 1.38038E-01    9.33457E+03
 1.44544E-01    8.93363E+03
 1.51356E-01    8.93822E+03
 1.58489E-01    8.33809E+03
 1.65959E-01    7.53655E+03
 1.73780E-01    7.77755E+03
 1.81970E-01    8.06262E+03
 1.90546E-01    9.24382E+03
 1.99526E-01    8.39428E+03
 2.08930E-01    7.08878E+03
 2.18776E-01    8.85050E+03
 2.29087E-01    7.71933E+03
 2.39883E-01    7.16924E+03
 2.51189E-01    5.83969E+03
 2.63027E-01    7.41341E+03
 2.75423E-01    7.86807E+03
 2.88403E-01    7.98069E+03
 3.01995E-01    7.62279E+03
 3.16228E-01    6.59539E+03
 3.31131E-01    6.45888E+03
 3.46737E-01    6.35384E+03
 3.63078E-01    7.14926E+03
 3.80189E-01    6.41920E+03
 3.98107E-01    6.66133E+03
 4.16869E-01    5.84256E+03
 4.36516E-01    5.89838E+03
 4.57088E-01    6.35354E+03
 4.78630E-01    6.51016E+03
 5.01187E-01    6.34840E+03
 5.24807E-01    5.62514E+03
 5.49541E-01    6.14647E+03
 5.75440E-01    5.99328E+03
 6.02560E-01    5.79646E+03
 6.30957E-01    5.36346E+03
 6.60693E-01    5.35712E+03
 6.91831E-01    4.96886E+03
 7.24436E-01    5.32329E+03
 7.58578E-01    5.16069E+03
 7.94328E-01    5.07637E+03
 8.31764E-01    4.99861E+03
 8.70964E-01    5.18413E+03
 9.12011E-01    5.10133E+03
 9.54993E-01    5.12941E+03
 1.00000E+00    4.85475E+03
 1.04713E+00    5.03905E+03
 1.09648E+00    5.05104E+03
 1.14815E+00    4.91851E+03
 1.20226E+00    4.99834E+03
 1.25893E+00    5.10069E+03
 1.31826E+00    4.92667E+03
 1.38038E+00    5.09268E+03
 1.44544E+00    5.23057E+03
 1.51356E+00    5.34960E+03
 1.58489E+00    5.53746E+03
 1.65959E+00    5.53853E+03
 1.73780E+00    5.46309E+03
 1.81970E+00    5.65932E+03
 1.90546E+00    5.81888E+03
 1.99526E+00    5.98406E+03
 2.08930E+00    6.14505E+03
 2.18776E+00    6.31154E+03
 2.29087E+00    6.48587E+03
 2.39883E+00    6.66569E+03
 2.51189E+00    6.80987E+03
 2.63027E+00    6.93352E+03
 2.75423E+00    7.06300E+03
 2.88403E+00    7.19768E+03
 3.01995E+00    7.28435E+03
 3.16228E+00    7.34265E+03
 3.31131E+00    7.40369E+03
 3.46737E+00    7.44445E+03
 3.63078E+00    7.43807E+03
 3.80189E+00    7.42984E+03
 3.98107E+00    7.39966E+03
 4.16869E+00    7.33583E+03
 4.36516E+00    7.26804E+03
 4.57088E+00    7.17226E+03
 4.78630E+00    7.05918E+03
 5.01187E+00    6.92840E+03
 5.24807E+00    6.77306E+03
 5.49541E+00    6.60825E+03
 5.75440E+00    6.42936E+03
 6.02560E+00    6.24158E+03
 6.30957E+00    6.04893E+03
 6.60693E+00    5.86802E+03
 6.91831E+00    5.68839E+03
 7.24436E+00    5.52960E+03
 7.58578E+00    5.38991E+03
 7.94328E+00    5.26902E+03
 8.31764E+00    5.17130E+03
 8.70964E+00    5.09452E+03
 9.12011E+00    5.03664E+03
 9.54993E+00    4.99490E+03
 1.00000E+01    4.97160E+03
 1.04713E+01    4.96543E+03
 1.09648E+01    4.97706E+03
 1.14815E+01    5.00729E+03
 1.20226E+01    5.05656E+03
 1.25893E+01    5.12414E+03
 1.31826E+01    5.20769E+03
 1.38038E+01    5.30285E+03
 1.44544E+01    5.40363E+03
 1.51356E+01    5.50252E+03
 1.58489E+01    5.59254E+03
 1.65959E+01    5.66687E+03
 1.73780E+01    5.72206E+03
 1.81970E+01    5.75602E+03
 1.90546E+01    5.76939E+03
 1.99526E+01    2.97143E+02
