# n + Pb204 : (n,el)    
# jendl4.0   O.Iwamoto, N.Iwamoto              EVAL-MAR10
# uncertainties: n
# # energies =   171
#   E(MeV)       xs(mb) 
 1.00000E-11    1.77779E+04
 1.00000E-07    1.22078E+04
 4.13990E-07    1.22050E+04
 5.31580E-07    1.22039E+04
 6.82560E-07    1.22033E+04
 8.76420E-07    1.22030E+04
 1.12540E-06    1.22026E+04
 1.44500E-06    1.22022E+04
 1.85540E-06    1.22016E+04
 2.37240E-06    1.22008E+04
 3.05900E-06    1.21998E+04
 3.92790E-06    1.21986E+04
 5.04350E-06    1.21970E+04
 6.47600E-06    1.21949E+04
 8.31530E-06    1.21923E+04
 1.06770E-05    1.21889E+04
 1.37100E-05    1.21845E+04
 1.76030E-05    1.21789E+04
 2.26030E-05    1.21716E+04
 2.92030E-05    1.21624E+04
 3.72670E-05    1.21506E+04
 4.78510E-05    1.21354E+04
 6.14420E-05    1.21159E+04
 7.88930E-05    1.20908E+04
 1.01300E-04    1.20585E+04
 1.30070E-04    1.20171E+04
 1.67020E-04    1.19640E+04
 2.14450E-04    1.18957E+04
 2.75360E-04    1.18081E+04
 3.53580E-04    1.16956E+04
 4.54000E-04    1.16984E+04
 5.82950E-04    1.13414E+04
 7.48520E-04    1.10633E+04
 9.61120E-04    1.06092E+04
 1.23410E-03    9.44943E+03
 1.58460E-03    2.58281E+04
 2.03470E-03    1.03412E+04
 2.24870E-03    2.82722E+04
 2.48520E-03    3.94589E+04
 2.61260E-03    1.47085E+04
 2.74650E-03    1.26677E+04
 3.03540E-03    1.17200E+04
 3.35460E-03    1.12131E+04
 3.70740E-03    1.07849E+04
 4.30740E-03    1.02147E+04
 5.53080E-03    1.04204E+04
 7.10170E-03    1.85305E+04
 9.11880E-03    1.19263E+04
 1.17090E-02    1.54398E+04
 1.50340E-02    1.01570E+04
 1.93050E-02    8.16361E+03
 2.18750E-02    1.45914E+04
 2.35790E-02    1.06600E+04
 2.41760E-02    2.72229E+04
 2.47880E-02    1.19450E+04
 2.60580E-02    9.90410E+03
 2.70000E-02    1.32447E+04
 2.85000E-02    9.99301E+03
 3.18280E-02    1.20469E+04
 3.43070E-02    1.11268E+04
 4.08680E-02    1.16345E+04
 4.63090E-02    1.00399E+04
 5.24750E-02    1.04615E+04
 5.65620E-02    1.06917E+04
 6.73790E-02    9.21505E+03
 7.20000E-02    8.84095E+03
 7.95000E-02    9.73438E+03
 8.25000E-02    7.73113E+03
 8.65170E-02    1.13030E+04
 9.80370E-02    9.55349E+03
 1.11090E-01    8.17298E+03
 1.16790E-01    8.74643E+03
 1.22770E-01    8.52159E+03
 1.29070E-01    7.44754E+03
 1.35690E-01    9.65102E+03
 1.42640E-01    8.42089E+03
 1.49960E-01    9.29322E+03
 1.57640E-01    8.30361E+03
 1.65730E-01    7.35332E+03
 1.74220E-01    7.94102E+03
 1.83160E-01    8.46606E+03
 1.92550E-01    8.94743E+03
 2.02420E-01    8.12360E+03
 2.12800E-01    7.64250E+03
 2.23710E-01    7.94255E+03
 2.35180E-01    6.95227E+03
 2.47240E-01    6.82568E+03
 2.73240E-01    7.95892E+03
 2.87250E-01    6.80626E+03
 2.94520E-01    8.52851E+03
 2.97200E-01    8.95126E+03
 2.98500E-01    8.75888E+03
 3.01970E-01    6.89871E+03
 3.33730E-01    6.62912E+03
 3.68830E-01    6.94461E+03
 3.87740E-01    6.49086E+03
 4.07620E-01    5.83192E+03
 4.50490E-01    6.41413E+03
 4.97870E-01    6.32553E+03
 5.23400E-01    5.62325E+03
 5.50230E-01    6.22363E+03
 5.78440E-01    5.87334E+03
 6.08100E-01    5.63519E+03
 6.39280E-01    5.35934E+03
 6.72060E-01    5.14438E+03
 7.06510E-01    5.01549E+03
 7.42740E-01    5.16787E+03
 7.80820E-01    5.15750E+03
 8.20850E-01    4.95766E+03
 8.62940E-01    5.08512E+03
 9.07180E-01    4.93212E+03
 9.61640E-01    4.89641E+03
 1.00260E+00    4.66178E+03
 1.10800E+00    4.51183E+03
 1.16480E+00    4.56497E+03
 1.22460E+00    4.44940E+03
 1.28730E+00    4.44552E+03
 1.35340E+00    4.33376E+03
 1.42270E+00    4.39317E+03
 1.49570E+00    4.40492E+03
 1.57240E+00    4.53423E+03
 1.65300E+00    4.36222E+03
 1.73770E+00    4.13988E+03
 1.82680E+00    4.19195E+03
 1.92050E+00    4.22872E+03
 2.01900E+00    4.29345E+03
 2.12250E+00    4.37312E+03
 2.23130E+00    4.44251E+03
 2.30690E+00    4.48557E+03
 2.34570E+00    4.50752E+03
 2.36530E+00    4.52234E+03
 2.38520E+00    4.55998E+03
 2.46600E+00    4.63230E+03
 2.59240E+00    4.70107E+03
 2.72530E+00    4.77065E+03
 2.86500E+00    4.84362E+03
 3.01190E+00    4.88558E+03
 3.16640E+00    4.90352E+03
 3.32870E+00    4.91839E+03
 3.67880E+00    4.85668E+03
 4.06570E+00    4.71634E+03
 4.49330E+00    4.56853E+03
 4.72370E+00    4.44202E+03
 4.96590E+00    4.30611E+03
 5.22050E+00    4.15212E+03
 5.48810E+00    3.98891E+03
 5.76950E+00    3.81730E+03
 6.06530E+00    3.63690E+03
 6.37630E+00    3.48175E+03
 6.59240E+00    3.39238E+03
 6.70320E+00    3.27092E+03
 7.04690E+00    3.09830E+03
 7.40820E+00    2.93668E+03
 7.78800E+00    2.79352E+03
 8.18730E+00    2.66694E+03
 8.60710E+00    2.57055E+03
 9.04840E+00    2.50510E+03
 9.51230E+00    2.46025E+03
 1.00000E+01    2.44090E+03
 1.05130E+01    2.44592E+03
 1.10520E+01    2.47364E+03
 1.16180E+01    2.52209E+03
 1.22140E+01    2.58888E+03
 1.28400E+01    2.67109E+03
 1.34990E+01    2.74050E+03
 1.38400E+01    2.78981E+03
 1.41910E+01    2.84071E+03
 1.45500E+01    2.89225E+03
 1.49180E+01    2.96950E+03
 1.56830E+01    3.06804E+03
 1.64870E+01    3.15584E+03
