# n + Pb204 : (n,n'15)  
# jendl4.0   O.Iwamoto, N.Iwamoto              EVAL-MAR10
# uncertainties: n
# # energies =    38
#   E(MeV)       xs(mb) 
 1.94285E+00    0.00000E+00
 2.00000E+00    1.76004E+01
 2.50000E+00    6.17997E+01
 3.00000E+00    5.99265E+01
 3.50000E+00    4.90834E+01
 4.00000E+00    3.62842E+01
 4.50000E+00    2.36421E+01
 5.00000E+00    1.39125E+01
 5.50000E+00    7.74306E+00
 6.00000E+00    4.25079E+00
 6.50000E+00    2.39141E+00
 7.00000E+00    1.42495E+00
 7.50000E+00    9.25284E-01
 8.00000E+00    6.66028E-01
 8.50000E+00    5.29243E-01
 9.00000E+00    4.54289E-01
 9.50000E+00    4.10374E-01
 1.00000E+01    3.81816E-01
 1.05000E+01    3.60658E-01
 1.10000E+01    3.42948E-01
 1.15000E+01    3.26443E-01
 1.20000E+01    3.11254E-01
 1.25000E+01    2.97372E-01
 1.30000E+01    2.84421E-01
 1.35000E+01    2.72380E-01
 1.40000E+01    2.61050E-01
 1.45000E+01    2.51538E-01
 1.50000E+01    2.43048E-01
 1.55000E+01    2.35102E-01
 1.60000E+01    2.27227E-01
 1.65000E+01    2.19341E-01
 1.70000E+01    2.11481E-01
 1.75000E+01    2.04053E-01
 1.80000E+01    1.96851E-01
 1.85000E+01    1.90027E-01
 1.90000E+01    1.83326E-01
 1.95000E+01    1.76808E-01
 2.00000E+01    1.70508E-01
