# n + Cr 50 : (n,n'13)  
# jendl4.0   N.Iwamoto                         EVAL-Dec09
# uncertainties: n
# # energies =    61
#   E(MeV)       xs(mb) 
 3.77238E+00    0.00000E+00
 3.86889E+00    6.43336E+01
 3.90265E+00    6.82651E+01
 3.90429E+00    6.84066E+01
 3.92194E+00    6.97964E+01
 3.92775E+00    7.02047E+01
 3.95315E+00    7.17426E+01
 3.97397E+00    7.27751E+01
 3.97672E+00    7.16199E+01
 4.00000E+00    7.09423E+01
 4.01722E+00    7.11142E+01
 4.12159E+00    6.93967E+01
 4.13352E+00    6.94616E+01
 4.15260E+00    6.90046E+01
 4.21310E+00    6.68386E+01
 4.27758E+00    6.58539E+01
 4.29196E+00    6.46670E+01
 4.36848E+00    6.37427E+01
 4.43785E+00    6.25392E+01
 4.45111E+00    6.24212E+01
 4.50000E+00    6.23026E+01
 4.61526E+00    6.21459E+01
 4.63801E+00    6.20690E+01
 4.74748E+00    6.10911E+01
 4.77043E+00    6.09554E+01
 4.82348E+00    5.97724E+01
 4.83572E+00    5.92814E+01
 4.84083E+00    5.91169E+01
 4.86837E+00    5.86672E+01
 4.89796E+00    5.76999E+01
 5.00000E+00    5.56987E+01
 5.50000E+00    4.58092E+01
 6.00000E+00    3.53056E+01
 6.50000E+00    2.65251E+01
 7.00000E+00    1.98029E+01
 7.50000E+00    1.48543E+01
 8.00000E+00    1.12491E+01
 8.50000E+00    8.70072E+00
 9.00000E+00    6.72735E+00
 9.50000E+00    5.26461E+00
 1.00000E+01    4.17072E+00
 1.05000E+01    3.35448E+00
 1.10000E+01    2.71997E+00
 1.15000E+01    2.23271E+00
 1.20000E+01    1.85622E+00
 1.25000E+01    1.56507E+00
 1.30000E+01    1.33733E+00
 1.35000E+01    1.15990E+00
 1.40000E+01    1.01989E+00
 1.45000E+01    9.09205E-01
 1.50000E+01    8.20265E-01
 1.55000E+01    7.47962E-01
 1.60000E+01    6.88116E-01
 1.65000E+01    6.37765E-01
 1.70000E+01    5.94719E-01
 1.75000E+01    5.57319E-01
 1.80000E+01    5.24447E-01
 1.85000E+01    4.95177E-01
 1.90000E+01    4.68922E-01
 1.95000E+01    4.45306E-01
 2.00000E+01    4.23723E-01
