# n + Cr 50 : (n,n'22)  
# jendl4.0   N.Iwamoto                         EVAL-Dec09
# uncertainties: n
# # energies =    51
#   E(MeV)       xs(mb) 
 4.01722E+00    0.00000E+00
 4.12159E+00    4.62590E+01
 4.13352E+00    4.75110E+01
 4.15260E+00    4.84946E+01
 4.21310E+00    4.88000E+01
 4.27758E+00    4.91295E+01
 4.29196E+00    4.82783E+01
 4.36848E+00    4.81930E+01
 4.43785E+00    4.77542E+01
 4.45111E+00    4.77484E+01
 4.50000E+00    4.78537E+01
 4.61526E+00    4.82336E+01
 4.63801E+00    4.82892E+01
 4.74748E+00    4.82333E+01
 4.77043E+00    4.82922E+01
 4.82348E+00    4.77409E+01
 4.83572E+00    4.74619E+01
 4.84083E+00    4.73884E+01
 4.86837E+00    4.72754E+01
 4.89796E+00    4.67375E+01
 5.00000E+00    4.60090E+01
 5.50000E+00    4.13468E+01
 6.00000E+00    3.36707E+01
 6.50000E+00    2.60940E+01
 7.00000E+00    1.98536E+01
 7.50000E+00    1.51011E+01
 8.00000E+00    1.15845E+01
 8.50000E+00    9.08185E+00
 9.00000E+00    7.14068E+00
 9.50000E+00    5.70128E+00
 1.00000E+01    4.62422E+00
 1.05000E+01    3.81839E+00
 1.10000E+01    3.18830E+00
 1.15000E+01    2.69924E+00
 1.20000E+01    2.31567E+00
 1.25000E+01    2.01347E+00
 1.30000E+01    1.77217E+00
 1.35000E+01    1.57979E+00
 1.40000E+01    1.42444E+00
 1.45000E+01    1.29853E+00
 1.50000E+01    1.19460E+00
 1.55000E+01    1.10772E+00
 1.60000E+01    1.03369E+00
 1.65000E+01    9.69483E-01
 1.70000E+01    9.12861E-01
 1.75000E+01    8.62281E-01
 1.80000E+01    8.16590E-01
 1.85000E+01    7.74903E-01
 1.90000E+01    7.36715E-01
 1.95000E+01    7.01771E-01
 2.00000E+01    6.69359E-01
