# n + U 238 : (n,n'17)  
# jendl4.0   O.Iwamoto,N.Otuka,S.Chiba,+       EVAL-NOV09
# uncertainties: y
# # energies =    59
#   E(MeV)       xs(mb)       xslow(mb)      xsupp(mb)
 1.04165E+00    0.00000E+00    0.00000E+00    0.00000E+00
 1.06086E+00    2.75712E+01    1.88587E+01    3.62837E+01
 1.06221E+00    2.87769E+01    1.96834E+01    3.78704E+01
 1.06415E+00    3.03443E+01    2.07555E+01    3.99331E+01
 1.06476E+00    3.07898E+01    2.10602E+01    4.05194E+01
 1.08126E+00    4.27983E+01    2.92740E+01    5.63226E+01
 1.10000E+00    5.54039E+01    3.78963E+01    7.29115E+01
 1.11040E+00    6.17831E+01    4.22596E+01    8.13066E+01
 1.13362E+00    7.41788E+01    5.07383E+01    9.76193E+01
 1.13554E+00    7.49648E+01    5.12759E+01    9.86537E+01
 1.14051E+00    7.72202E+01    5.28186E+01    1.01622E+02
 1.15558E+00    8.36829E+01    5.72391E+01    1.10127E+02
 1.20000E+00    9.94219E+01    6.80046E+01    1.30839E+02
 1.30000E+00    1.18578E+02    8.11074E+01    1.56049E+02
 1.40000E+00    1.17573E+02    8.04198E+01    1.54726E+02
 1.50000E+00    1.07216E+02    8.06261E+01    1.33805E+02
 1.60000E+00    9.70545E+01    7.29850E+01    1.21124E+02
 1.70000E+00    8.49824E+01    6.39068E+01    1.06058E+02
 1.80000E+00    7.24802E+01    5.45051E+01    9.04553E+01
 1.90000E+00    6.10105E+01    4.58799E+01    7.61411E+01
 2.00000E+00    5.11592E+01    4.73325E+01    5.49860E+01
 2.30000E+00    2.90342E+01    2.68624E+01    3.12060E+01
 2.50000E+00    1.93375E+01    1.68623E+01    2.18127E+01
 2.70000E+00    1.26879E+01    1.10639E+01    1.43120E+01
 3.00000E+00    6.70704E+00    5.81500E+00    7.59908E+00
 3.50000E+00    2.39888E+00    2.07983E+00    2.71793E+00
 4.00000E+00    1.08357E+00    9.58959E-01    1.20818E+00
 4.50000E+00    7.31733E-01    6.47584E-01    8.15882E-01
 5.00000E+00    6.47311E-01    5.96109E-01    6.98513E-01
 5.50000E+00    6.31266E-01    5.81333E-01    6.81199E-01
 6.00000E+00    6.34706E-01    5.93577E-01    6.75835E-01
 6.50000E+00    6.37649E-01    5.96329E-01    6.78969E-01
 7.00000E+00    6.36880E-01    6.02680E-01    6.71080E-01
 7.50000E+00    6.28504E-01    5.94753E-01    6.62255E-01
 8.00000E+00    6.15655E-01    5.86658E-01    6.44652E-01
 8.50000E+00    5.98861E-01    5.70655E-01    6.27067E-01
 9.00000E+00    5.80057E-01    5.54999E-01    6.05115E-01
 9.50000E+00    5.59398E-01    5.35232E-01    5.83564E-01
 1.00000E+01    5.36706E-01    5.14755E-01    5.58657E-01
 1.05000E+01    5.12158E-01    4.91211E-01    5.33105E-01
 1.10000E+01    4.86281E-01    4.66392E-01    5.06170E-01
 1.15000E+01    4.59726E-01    4.40923E-01    4.78529E-01
 1.20000E+01    4.33084E-01    4.15674E-01    4.50494E-01
 1.25000E+01    4.07170E-01    3.90802E-01    4.23538E-01
 1.30000E+01    3.81893E-01    3.66541E-01    3.97245E-01
 1.35000E+01    3.57374E-01    3.43008E-01    3.71740E-01
 1.40000E+01    3.33916E-01    3.19725E-01    3.48107E-01
 1.45000E+01    3.11563E-01    2.98322E-01    3.24804E-01
 1.50000E+01    2.90544E-01    2.77702E-01    3.03386E-01
 1.55000E+01    2.70871E-01    2.58899E-01    2.82844E-01
 1.60000E+01    2.52704E-01    2.41080E-01    2.64328E-01
 1.65000E+01    2.36212E-01    2.25346E-01    2.47078E-01
 1.70000E+01    2.21223E-01    2.11047E-01    2.31399E-01
 1.75000E+01    2.07724E-01    1.98169E-01    2.17279E-01
 1.80000E+01    1.95606E-01    1.85943E-01    2.05269E-01
 1.85000E+01    1.84821E-01    1.75691E-01    1.93951E-01
 1.90000E+01    1.75225E-01    1.66569E-01    1.83881E-01
 1.95000E+01    1.66728E-01    1.58492E-01    1.74964E-01
 2.00000E+01    1.59186E-01    1.51322E-01    1.67050E-01
