# n + Xe128 : (n,tot)   
# jendl4.0   S.Kunieda, A.Ichihara, K.Shibata+ EVAL-FEB22
# uncertainties: n
# # energies =  2558
#   E(MeV)       xs(mb) 
 1.00000E-11    3.18143E+05
 1.03223E-11    3.13166E+05
 1.06549E-11    3.08269E+05
 1.09984E-11    3.03448E+05
 1.13527E-11    2.98705E+05
 1.17186E-11    2.94035E+05
 1.20962E-11    2.89441E+05
 1.24861E-11    2.84918E+05
 1.28884E-11    2.80468E+05
 1.33038E-11    2.76088E+05
 1.37325E-11    2.71778E+05
 1.41751E-11    2.67535E+05
 1.46318E-11    2.63361E+05
 1.51034E-11    2.59251E+05
 1.55901E-11    2.55208E+05
 1.60926E-11    2.51228E+05
 1.66111E-11    2.47313E+05
 1.71465E-11    2.43458E+05
 1.76990E-11    2.39666E+05
 1.82694E-11    2.35933E+05
 1.88581E-11    2.32261E+05
 1.94659E-11    2.28645E+05
 2.00931E-11    2.25088E+05
 2.07407E-11    2.21587E+05
 2.14090E-11    2.18143E+05
 2.20991E-11    2.14752E+05
 2.28111E-11    2.11416E+05
 2.35464E-11    2.08133E+05
 2.43051E-11    2.04902E+05
 2.50884E-11    2.01723E+05
 2.58968E-11    1.98595E+05
 2.67315E-11    1.95516E+05
 2.75928E-11    1.92486E+05
 2.84822E-11    1.89505E+05
 2.93999E-11    1.86572E+05
 3.03475E-11    1.83685E+05
 3.13253E-11    1.80845E+05
 3.23350E-11    1.78049E+05
 3.33769E-11    1.75299E+05
 3.44526E-11    1.72593E+05
 3.55627E-11    1.69930E+05
 3.67089E-11    1.67310E+05
 3.78918E-11    1.64732E+05
 3.91130E-11    1.62195E+05
 4.03734E-11    1.59699E+05
 4.16746E-11    1.57242E+05
 4.30174E-11    1.54826E+05
 4.44039E-11    1.52448E+05
 4.58347E-11    1.50109E+05
 4.73119E-11    1.47807E+05
 4.88364E-11    1.45543E+05
 5.04104E-11    1.43314E+05
 5.20348E-11    1.41122E+05
 5.37119E-11    1.38965E+05
 5.54426E-11    1.36844E+05
 5.72295E-11    1.34756E+05
 5.90736E-11    1.32702E+05
 6.09775E-11    1.30681E+05
 6.29424E-11    1.28694E+05
 6.49710E-11    1.26738E+05
 6.70645E-11    1.24814E+05
 6.92260E-11    1.22921E+05
 7.14566E-11    1.21060E+05
 7.37596E-11    1.19228E+05
 7.61364E-11    1.17426E+05
 7.85902E-11    1.15654E+05
 8.11227E-11    1.13910E+05
 8.37372E-11    1.12195E+05
 8.64355E-11    1.10508E+05
 8.92212E-11    1.08849E+05
 9.20962E-11    1.07217E+05
 9.50644E-11    1.05611E+05
 9.81277E-11    1.04032E+05
 1.01291E-10    1.02479E+05
 1.04554E-10    1.00952E+05
 1.07924E-10    9.94488E+04
 1.11402E-10    9.79713E+04
 1.14992E-10    9.65176E+04
 1.18697E-10    9.50885E+04
 1.22523E-10    9.36825E+04
 1.26471E-10    9.23002E+04
 1.30547E-10    9.09403E+04
 1.34754E-10    8.96035E+04
 1.39097E-10    8.82883E+04
 1.43579E-10    8.69955E+04
 1.48207E-10    8.57237E+04
 1.52982E-10    8.44735E+04
 1.57913E-10    8.32438E+04
 1.63001E-10    8.20349E+04
 1.68254E-10    8.08459E+04
 1.73676E-10    7.96771E+04
 1.79274E-10    7.85275E+04
 1.85050E-10    7.73975E+04
 1.91014E-10    7.62862E+04
 1.97587E-10    7.51214E+04
 2.04387E-10    7.39776E+04
 2.11420E-10    7.28543E+04
 2.18695E-10    7.17511E+04
 2.26221E-10    7.06678E+04
 2.34005E-10    6.96040E+04
 2.42057E-10    6.85593E+04
 2.50387E-10    6.75335E+04
 2.59003E-10    6.65262E+04
 2.67915E-10    6.55371E+04
 2.77135E-10    6.45659E+04
 2.86671E-10    6.36123E+04
 2.96536E-10    6.26759E+04
 3.06740E-10    6.17565E+04
 3.17295E-10    6.08538E+04
 3.28214E-10    5.99675E+04
 3.39508E-10    5.90973E+04
 3.51191E-10    5.82429E+04
 3.63276E-10    5.74040E+04
 3.75777E-10    5.65804E+04
 3.88708E-10    5.57718E+04
 4.02083E-10    5.49779E+04
 4.15919E-10    5.41985E+04
 4.30232E-10    5.34333E+04
 4.45037E-10    5.26821E+04
 4.60351E-10    5.19446E+04
 4.76192E-10    5.12204E+04
 4.92578E-10    5.05096E+04
 5.09528E-10    4.98116E+04
 5.27062E-10    4.91264E+04
 5.45199E-10    4.84537E+04
 5.63960E-10    4.77933E+04
 5.83366E-10    4.71449E+04
 6.04716E-10    4.64690E+04
 6.26851E-10    4.58060E+04
 6.49792E-10    4.51560E+04
 6.73577E-10    4.45184E+04
 6.98228E-10    4.38932E+04
 7.23786E-10    4.32800E+04
 7.50275E-10    4.26788E+04
 7.77738E-10    4.20890E+04
 8.06201E-10    4.15107E+04
 8.35712E-10    4.09434E+04
 8.66297E-10    4.03871E+04
 8.98006E-10    3.98415E+04
 9.30872E-10    3.93064E+04
 9.64945E-10    3.87814E+04
 1.00026E-09    3.82667E+04
 1.03687E-09    3.77617E+04
 1.07482E-09    3.72664E+04
 1.11416E-09    3.67805E+04
 1.15494E-09    3.63040E+04
 1.19721E-09    3.58365E+04
 1.24366E-09    3.53512E+04
 1.29191E-09    3.48758E+04
 1.34203E-09    3.44098E+04
 1.39409E-09    3.39533E+04
 1.44817E-09    3.35059E+04
 1.50436E-09    3.30675E+04
 1.56272E-09    3.26379E+04
 1.62334E-09    3.22168E+04
 1.68632E-09    3.18042E+04
 1.75174E-09    3.13999E+04
 1.81970E-09    3.10036E+04
 1.89030E-09    3.06152E+04
 1.96363E-09    3.02345E+04
 2.03981E-09    2.98615E+04
 2.12342E-09    2.94757E+04
 2.21048E-09    2.90980E+04
 2.30109E-09    2.87283E+04
 2.39542E-09    2.83662E+04
 2.49362E-09    2.80117E+04
 2.59584E-09    2.76646E+04
 2.70225E-09    2.73248E+04
 2.81303E-09    2.69921E+04
 2.92834E-09    2.66662E+04
 3.04840E-09    2.63472E+04
 3.17335E-09    2.60348E+04
 3.30345E-09    2.57288E+04
 3.44615E-09    2.54136E+04
 3.59502E-09    2.51053E+04
 3.75031E-09    2.48037E+04
 3.91231E-09    2.45087E+04
 4.08132E-09    2.42201E+04
 4.25762E-09    2.39378E+04
 4.44154E-09    2.36616E+04
 4.63340E-09    2.33913E+04
 4.83355E-09    2.31270E+04
 5.05301E-09    2.28556E+04
 5.28246E-09    2.25904E+04
 5.52230E-09    2.23312E+04
 5.77305E-09    2.20779E+04
 6.03517E-09    2.18303E+04
 6.30921E-09    2.15883E+04
 6.59567E-09    2.13518E+04
 6.89517E-09    2.11207E+04
 7.22351E-09    2.08842E+04
 7.56748E-09    2.06532E+04
 7.92783E-09    2.04277E+04
 8.30534E-09    2.02075E+04
 8.70083E-09    1.99926E+04
 9.11515E-09    1.97827E+04
 9.56939E-09    1.95686E+04
 1.00463E-08    1.93597E+04
 1.05470E-08    1.91560E+04
 1.10726E-08    1.89572E+04
 1.16244E-08    1.87634E+04
 1.22037E-08    1.85744E+04
 1.28390E-08    1.83820E+04
 1.35074E-08    1.81946E+04
 1.42106E-08    1.80120E+04
 1.49504E-08    1.78340E+04
 1.57287E-08    1.76606E+04
 1.65825E-08    1.74846E+04
 1.74827E-08    1.73133E+04
 1.84317E-08    1.71466E+04
 1.94323E-08    1.69842E+04
 2.04871E-08    1.68262E+04
 2.16450E-08    1.66663E+04
 2.28683E-08    1.65108E+04
 2.41608E-08    1.63596E+04
 2.52522E-08    1.62410E+04
 2.53000E-08    1.62360E+04
 2.67865E-08    1.60869E+04
 2.83603E-08    1.59420E+04
 3.00266E-08    1.58013E+04
 3.17907E-08    1.56645E+04
 3.37297E-08    1.55268E+04
 3.57870E-08    1.53931E+04
 3.79699E-08    1.52633E+04
 4.03712E-08    1.51329E+04
 4.29242E-08    1.50065E+04
 4.56388E-08    1.48839E+04
 4.86277E-08    1.47609E+04
 5.18124E-08    1.46419E+04
 5.52057E-08    1.45265E+04
 5.89455E-08    1.44111E+04
 6.29390E-08    1.42994E+04
 6.73451E-08    1.41879E+04
 7.20597E-08    1.40800E+04
 7.72674E-08    1.39725E+04
 8.28518E-08    1.38686E+04
 8.88394E-08    1.37682E+04
 9.54616E-08    1.36684E+04
 1.02577E-07    1.35720E+04
 1.10457E-07    1.34762E+04
 1.18942E-07    1.33839E+04
 1.28350E-07    1.32924E+04
 1.38795E-07    1.32017E+04
 1.50090E-07    1.31143E+04
 1.62647E-07    1.30279E+04
 1.76629E-07    1.29426E+04
 1.91812E-07    1.28606E+04
 2.08742E-07    1.27796E+04
 2.27647E-07    1.26999E+04
 2.48789E-07    1.26215E+04
 2.71895E-07    1.25461E+04
 2.97775E-07    1.24719E+04
 3.26809E-07    1.23990E+04
 3.59435E-07    1.23274E+04
 3.96153E-07    1.22570E+04
 4.37546E-07    1.21879E+04
 4.84287E-07    1.21200E+04
 5.37158E-07    1.20534E+04
 5.97060E-07    1.19878E+04
 6.66455E-07    1.19220E+04
 7.45489E-07    1.18571E+04
 8.35662E-07    1.17931E+04
 9.40713E-07    1.17286E+04
 1.05718E-06    1.16665E+04
 1.27725E-06    1.15684E+04
 1.71414E-06    1.14185E+04
 2.66509E-06    1.11879E+04
 4.32126E-06    1.09025E+04
 7.10580E-06    1.05359E+04
 1.12822E-05    1.00872E+04
 1.65845E-05    9.60506E+03
 2.28898E-05    9.11151E+03
 2.98705E-05    8.63834E+03
 3.76395E-05    8.18127E+03
 4.64418E-05    7.73129E+03
 5.57191E-05    7.31882E+03
 6.59198E-05    6.92218E+03
 7.74417E-05    6.53008E+03
 9.09818E-05    6.12590E+03
 1.05397E-04    5.74514E+03
 1.23825E-04    5.30526E+03
 1.58998E-04    4.50912E+03
 1.71243E-04    4.20488E+03
 1.80055E-04    3.95877E+03
 1.86169E-04    3.76608E+03
 1.91980E-04    3.55888E+03
 1.95691E-04    3.40980E+03
 1.99842E-04    3.22275E+03
 2.03290E-04    3.04728E+03
 2.05902E-04    2.89835E+03
 2.08632E-04    2.72556E+03
 2.11090E-04    2.55144E+03
 2.12845E-04    2.41458E+03
 2.14600E-04    2.26577E+03
 2.16355E-04    2.10376E+03
 2.18110E-04    1.92692E+03
 2.19865E-04    1.73455E+03
 2.21620E-04    1.52710E+03
 2.23960E-04    1.23417E+03
 2.25130E-04    1.08890E+03
 2.25715E-04    1.02001E+03
 2.26300E-04    9.55972E+02
 2.26702E-04    9.16102E+02
 2.27104E-04    8.80834E+02
 2.27507E-04    8.51443E+02
 2.27775E-04    8.36036E+02
 2.28043E-04    8.24779E+02
 2.28311E-04    8.18391E+02
 2.28469E-04    8.17254E+02
 2.28677E-04    8.19145E+02
 2.28859E-04    8.24374E+02
 2.29042E-04    8.33366E+02
 2.29225E-04    8.46584E+02
 2.29408E-04    8.64545E+02
 2.29591E-04    8.87835E+02
 2.29737E-04    9.10746E+02
 2.29907E-04    9.42829E+02
 2.30078E-04    9.81324E+02
 2.30237E-04    1.02347E+03
 2.30371E-04    1.06448E+03
 2.30493E-04    1.10642E+03
 2.30657E-04    1.17077E+03
 2.30773E-04    1.22190E+03
 2.30895E-04    1.28145E+03
 2.31047E-04    1.36494E+03
 2.31184E-04    1.44954E+03
 2.31321E-04    1.54409E+03
 2.31443E-04    1.63731E+03
 2.31565E-04    1.74002E+03
 2.31687E-04    1.85313E+03
 2.31809E-04    1.97764E+03
 2.31931E-04    2.11469E+03
 2.32053E-04    2.26552E+03
 2.32174E-04    2.43153E+03
 2.32296E-04    2.61429E+03
 2.32418E-04    2.81557E+03
 2.32540E-04    3.03732E+03
 2.32662E-04    3.28180E+03
 2.32784E-04    3.55151E+03
 2.32875E-04    3.77207E+03
 2.32967E-04    4.00978E+03
 2.33058E-04    4.26611E+03
 2.33149E-04    4.54271E+03
 2.33241E-04    4.84141E+03
 2.33332E-04    5.16420E+03
 2.33424E-04    5.51333E+03
 2.33515E-04    5.89127E+03
 2.33606E-04    6.30080E+03
 2.33698E-04    6.74502E+03
 2.33789E-04    7.22739E+03
 2.33881E-04    7.75180E+03
 2.33972E-04    8.32265E+03
 2.34063E-04    8.94487E+03
 2.34155E-04    9.62406E+03
 2.34246E-04    1.03665E+04
 2.34338E-04    1.11796E+04
 2.34429E-04    1.20714E+04
 2.34520E-04    1.30515E+04
 2.34612E-04    1.41306E+04
 2.34703E-04    1.53214E+04
 2.34795E-04    1.66384E+04
 2.34886E-04    1.80985E+04
 2.34947E-04    1.91611E+04
 2.35008E-04    2.03026E+04
 2.35069E-04    2.15307E+04
 2.35130E-04    2.28535E+04
 2.35191E-04    2.42806E+04
 2.35271E-04    2.63419E+04
 2.35346E-04    2.84672E+04
 2.35421E-04    3.08170E+04
 2.35496E-04    3.34223E+04
 2.35546E-04    3.53188E+04
 2.35596E-04    3.73575E+04
 2.35645E-04    3.95244E+04
 2.35694E-04    4.18289E+04
 2.35743E-04    4.43131E+04
 2.35792E-04    4.69956E+04
 2.35840E-04    4.98974E+04
 2.35889E-04    5.30424E+04
 2.35938E-04    5.64578E+04
 2.35987E-04    6.01750E+04
 2.36031E-04    6.38081E+04
 2.36089E-04    6.91302E+04
 2.36128E-04    7.30191E+04
 2.36167E-04    7.72137E+04
 2.36206E-04    8.17471E+04
 2.36245E-04    8.66566E+04
 2.36284E-04    9.19856E+04
 2.36323E-04    9.77834E+04
 2.36357E-04    1.03287E+05
 2.36391E-04    1.09237E+05
 2.36425E-04    1.15687E+05
 2.36459E-04    1.22693E+05
 2.36494E-04    1.30326E+05
 2.36528E-04    1.38662E+05
 2.36562E-04    1.47795E+05
 2.36596E-04    1.57833E+05
 2.36625E-04    1.67251E+05
 2.36654E-04    1.77518E+05
 2.36684E-04    1.88741E+05
 2.36713E-04    2.01040E+05
 2.36742E-04    2.14557E+05
 2.36772E-04    2.29453E+05
 2.36801E-04    2.45913E+05
 2.36830E-04    2.64148E+05
 2.36854E-04    2.80876E+05
 2.36879E-04    2.99163E+05
 2.36903E-04    3.19183E+05
 2.36928E-04    3.41130E+05
 2.36952E-04    3.65219E+05
 2.36976E-04    3.91682E+05
 2.37001E-04    4.20774E+05
 2.37025E-04    4.52769E+05
 2.37044E-04    4.80657E+05
 2.37064E-04    5.10753E+05
 2.37083E-04    5.43228E+05
 2.37103E-04    5.78256E+05
 2.37122E-04    6.16023E+05
 2.37142E-04    6.56711E+05
 2.37161E-04    7.00515E+05
 2.37181E-04    7.47622E+05
 2.37204E-04    8.08790E+05
 2.37228E-04    8.75320E+05
 2.37251E-04    9.47531E+05
 2.37275E-04    1.02571E+06
 2.37294E-04    1.09563E+06
 2.37314E-04    1.17001E+06
 2.37343E-04    1.29022E+06
 2.37372E-04    1.42100E+06
 2.37401E-04    1.56247E+06
 2.37431E-04    1.71454E+06
 2.37460E-04    1.87691E+06
 2.37489E-04    2.04899E+06
 2.37528E-04    2.29207E+06
 2.37577E-04    2.61370E+06
 2.37704E-04    3.48399E+06
 2.37743E-04    3.73969E+06
 2.37782E-04    3.97835E+06
 2.37821E-04    4.19329E+06
 2.37860E-04    4.37814E+06
 2.37889E-04    4.49359E+06
 2.37918E-04    4.58685E+06
 2.37947E-04    4.65624E+06
 2.37977E-04    4.70051E+06
 2.38009E-04    4.71931E+06
 2.38014E-04    4.71940E+06
 2.38043E-04    4.70468E+06
 2.38072E-04    4.66420E+06
 2.38108E-04    4.58008E+06
 2.38148E-04    4.44764E+06
 2.38187E-04    4.27757E+06
 2.38222E-04    4.09936E+06
 2.38257E-04    3.90038E+06
 2.38308E-04    3.58593E+06
 2.38452E-04    2.63153E+06
 2.38499E-04    2.33614E+06
 2.38534E-04    2.12656E+06
 2.38564E-04    1.96127E+06
 2.38593E-04    1.80530E+06
 2.38622E-04    1.65912E+06
 2.38651E-04    1.52300E+06
 2.38683E-04    1.38692E+06
 2.38707E-04    1.29021E+06
 2.38732E-04    1.20024E+06
 2.38756E-04    1.11680E+06
 2.38780E-04    1.03963E+06
 2.38805E-04    9.68418E+05
 2.38829E-04    9.02847E+05
 2.38854E-04    8.42576E+05
 2.38882E-04    7.77799E+05
 2.38907E-04    7.26919E+05
 2.38932E-04    6.80403E+05
 2.38957E-04    6.37892E+05
 2.38982E-04    5.99053E+05
 2.39007E-04    5.63562E+05
 2.39032E-04    5.31119E+05
 2.39056E-04    5.01441E+05
 2.39081E-04    4.74269E+05
 2.39098E-04    4.57427E+05
 2.39131E-04    4.26504E+05
 2.39160E-04    4.01960E+05
 2.39189E-04    3.79684E+05
 2.39219E-04    3.59416E+05
 2.39248E-04    3.40927E+05
 2.39287E-04    3.18701E+05
 2.39326E-04    2.98875E+05
 2.39365E-04    2.81108E+05
 2.39404E-04    2.65114E+05
 2.39443E-04    2.50652E+05
 2.39492E-04    2.34426E+05
 2.39541E-04    2.19961E+05
 2.39589E-04    2.06993E+05
 2.39638E-04    1.95310E+05
 2.39687E-04    1.84736E+05
 2.39735E-04    1.75127E+05
 2.39784E-04    1.66360E+05
 2.39833E-04    1.58336E+05
 2.39896E-04    1.48872E+05
 2.39960E-04    1.40358E+05
 2.40023E-04    1.32666E+05
 2.40087E-04    1.25687E+05
 2.40150E-04    1.19331E+05
 2.40213E-04    1.13523E+05
 2.40277E-04    1.08198E+05
 2.40364E-04    1.01522E+05
 2.40437E-04    9.64994E+04
 2.40535E-04    9.04602E+04
 2.40633E-04    8.50691E+04
 2.40730E-04    8.02327E+04
 2.40828E-04    7.58740E+04
 2.40925E-04    7.19296E+04
 2.41023E-04    6.83460E+04
 2.41120E-04    6.50788E+04
 2.41242E-04    6.13825E+04
 2.41364E-04    5.80601E+04
 2.41486E-04    5.50610E+04
 2.41608E-04    5.23426E+04
 2.41729E-04    4.98695E+04
 2.41851E-04    4.76118E+04
 2.42034E-04    4.45743E+04
 2.42217E-04    4.18942E+04
 2.42400E-04    3.95149E+04
 2.42583E-04    3.73912E+04
 2.42765E-04    3.54859E+04
 2.42948E-04    3.37692E+04
 2.43180E-04    3.18263E+04
 2.43399E-04    3.01890E+04
 2.43618E-04    2.87194E+04
 2.43838E-04    2.73936E+04
 2.44057E-04    2.61927E+04
 2.44386E-04    2.45916E+04
 2.44715E-04    2.31927E+04
 2.45069E-04    2.18761E+04
 2.45434E-04    2.06821E+04
 2.45800E-04    1.96300E+04
 2.46166E-04    1.86969E+04
 2.46531E-04    1.78643E+04
 2.46909E-04    1.70939E+04
 2.47311E-04    1.63592E+04
 2.47847E-04    1.54950E+04
 2.48384E-04    1.47412E+04
 2.48920E-04    1.40785E+04
 2.49505E-04    1.34396E+04
 2.50090E-04    1.28752E+04
 2.50675E-04    1.23733E+04
 2.51552E-04    1.17171E+04
 2.52430E-04    1.11552E+04
 2.53307E-04    1.06688E+04
 2.54185E-04    1.02437E+04
 2.55355E-04    9.75403E+03
 2.56525E-04    9.33501E+03
 2.57695E-04    8.97237E+03
 2.58865E-04    8.65559E+03
 2.60620E-04    8.24884E+03
 2.62375E-04    7.90566E+03
 2.64130E-04    7.61238E+03
 2.65300E-04    7.43928E+03
 2.67640E-04    7.13641E+03
 2.69980E-04    6.88008E+03
 2.73100E-04    6.59165E+03
 2.75440E-04    6.40712E+03
 2.78560E-04    6.19355E+03
 2.82558E-04    5.96128E+03
 2.87140E-04    5.73785E+03
 2.92366E-04    5.52361E+03
 2.98172E-04    5.32143E+03
 3.04300E-04    5.13764E+03
 3.12100E-04    4.93404E+03
 3.23751E-04    4.66840E+03
 3.40931E-04    4.29866E+03
 3.46952E-04    4.15228E+03
 3.51246E-04    4.02981E+03
 3.54308E-04    3.92514E+03
 3.57288E-04    3.79944E+03
 3.59380E-04    3.68821E+03
 3.60716E-04    3.60193E+03
 3.61995E-04    3.50344E+03
 3.63186E-04    3.39245E+03
 3.64289E-04    3.26677E+03
 3.65132E-04    3.15134E+03
 3.66003E-04    3.00941E+03
 3.66875E-04    2.84237E+03
 3.67746E-04    2.66408E+03
 3.68095E-04    2.60622E+03
 3.68291E-04    2.58593E+03
 3.68422E-04    2.58113E+03
 3.68553E-04    2.58676E+03
 3.68683E-04    2.60723E+03
 3.68781E-04    2.63618E+03
 3.68879E-04    2.68114E+03
 3.68945E-04    2.72278E+03
 3.69010E-04    2.77644E+03
 3.69075E-04    2.84534E+03
 3.69141E-04    2.93396E+03
 3.69195E-04    3.02743E+03
 3.69236E-04    3.11253E+03
 3.69277E-04    3.21371E+03
 3.69318E-04    3.33484E+03
 3.69359E-04    3.48096E+03
 3.69386E-04    3.59545E+03
 3.69413E-04    3.72636E+03
 3.69440E-04    3.87663E+03
 3.69468E-04    4.04971E+03
 3.69495E-04    4.24979E+03
 3.69522E-04    4.48177E+03
 3.69543E-04    4.68019E+03
 3.69563E-04    4.90269E+03
 3.69585E-04    5.17024E+03
 3.69601E-04    5.39396E+03
 3.69617E-04    5.63977E+03
 3.69634E-04    5.90996E+03
 3.69650E-04    6.20707E+03
 3.69666E-04    6.53387E+03
 3.69683E-04    6.89337E+03
 3.69699E-04    7.28886E+03
 3.69715E-04    7.72395E+03
 3.69732E-04    8.20252E+03
 3.69748E-04    8.72878E+03
 3.69764E-04    9.30729E+03
 3.69781E-04    9.94297E+03
 3.69797E-04    1.06411E+04
 3.69813E-04    1.14074E+04
 3.69830E-04    1.22479E+04
 3.69844E-04    1.30360E+04
 3.69862E-04    1.41194E+04
 3.69879E-04    1.53138E+04
 3.69897E-04    1.66289E+04
 3.69915E-04    1.80753E+04
 3.69932E-04    1.96638E+04
 3.69945E-04    2.08986E+04
 3.69958E-04    2.22171E+04
 3.69977E-04    2.43622E+04
 3.69991E-04    2.60824E+04
 3.70006E-04    2.81118E+04
 3.70023E-04    3.05001E+04
 3.70040E-04    3.31602E+04
 3.70058E-04    3.60435E+04
 3.70076E-04    3.93345E+04
 3.70091E-04    4.23498E+04
 3.70110E-04    4.63661E+04
 3.70129E-04    5.05066E+04
 3.70147E-04    5.49699E+04
 3.70165E-04    5.97716E+04
 3.70183E-04    6.49254E+04
 3.70203E-04    7.11624E+04
 3.70224E-04    7.78800E+04
 3.70246E-04    8.55939E+04
 3.70270E-04    9.49680E+04
 3.70295E-04    1.05097E+05
 3.70317E-04    1.15157E+05
 3.70339E-04    1.25435E+05
 3.70361E-04    1.36318E+05
 3.70390E-04    1.51753E+05
 3.70419E-04    1.68209E+05
 3.70448E-04    1.85627E+05
 3.70477E-04    2.03922E+05
 3.70521E-04    2.32775E+05
 3.70579E-04    2.73136E+05
 3.70679E-04    3.43840E+05
 3.70731E-04    3.78771E+05
 3.70778E-04    4.07378E+05
 3.70821E-04    4.30596E+05
 3.70858E-04    4.47734E+05
 3.70888E-04    4.59351E+05
 3.70926E-04    4.70519E+05
 3.70962E-04    4.77899E+05
 3.71000E-04    4.81577E+05
 3.71013E-04    4.81899E+05
 3.71040E-04    4.81019E+05
 3.71070E-04    4.77669E+05
 3.71100E-04    4.71751E+05
 3.71135E-04    4.61925E+05
 3.71165E-04    4.50979E+05
 3.71200E-04    4.35800E+05
 3.71243E-04    4.13475E+05
 3.71278E-04    3.93739E+05
 3.71317E-04    3.69156E+05
 3.71376E-04    3.30045E+05
 3.71485E-04    2.55990E+05
 3.71529E-04    2.27584E+05
 3.71568E-04    2.03268E+05
 3.71598E-04    1.85358E+05
 3.71629E-04    1.68433E+05
 3.71659E-04    1.52562E+05
 3.71690E-04    1.37789E+05
 3.71720E-04    1.24136E+05
 3.71743E-04    1.14849E+05
 3.71765E-04    1.06158E+05
 3.71787E-04    9.80500E+04
 3.71810E-04    9.05118E+04
 3.71832E-04    8.35246E+04
 3.71854E-04    7.70680E+04
 3.71877E-04    7.11187E+04
 3.71899E-04    6.56524E+04
 3.71921E-04    6.06423E+04
 3.71944E-04    5.60624E+04
 3.71968E-04    5.15945E+04
 3.71986E-04    4.84979E+04
 3.72004E-04    4.56339E+04
 3.72022E-04    4.29881E+04
 3.72040E-04    4.05468E+04
 3.72059E-04    3.82962E+04
 3.72077E-04    3.62236E+04
 3.72095E-04    3.43162E+04
 3.72113E-04    3.25620E+04
 3.72131E-04    3.09497E+04
 3.72149E-04    2.94682E+04
 3.72167E-04    2.81075E+04
 3.72195E-04    2.62716E+04
 3.72222E-04    2.46554E+04
 3.72249E-04    2.32317E+04
 3.72276E-04    2.19760E+04
 3.72304E-04    2.08667E+04
 3.72331E-04    1.98845E+04
 3.72358E-04    1.90125E+04
 3.72385E-04    1.82360E+04
 3.72413E-04    1.75421E+04
 3.72449E-04    1.67262E+04
 3.72485E-04    1.60152E+04
 3.72521E-04    1.53906E+04
 3.72574E-04    1.46090E+04
 3.72626E-04    1.39540E+04
 3.72678E-04    1.33865E+04
 3.72729E-04    1.28881E+04
 3.72781E-04    1.24455E+04
 3.72850E-04    1.19250E+04
 3.72919E-04    1.14685E+04
 3.72988E-04    1.10637E+04
 3.73092E-04    1.05342E+04
 3.73201E-04    1.00570E+04
 3.73309E-04    9.64470E+03
 3.73382E-04    9.39956E+03
 3.73527E-04    8.96768E+03
 3.73673E-04    8.59930E+03
 3.73847E-04    8.22294E+03
 3.74021E-04    7.90307E+03
 3.74195E-04    7.62788E+03
 3.74442E-04    7.29791E+03
 3.74660E-04    7.05249E+03
 3.74951E-04    6.77646E+03
 3.75241E-04    6.54580E+03
 3.75532E-04    6.35019E+03
 3.75968E-04    6.10676E+03
 3.76403E-04    5.90841E+03
 3.76912E-04    5.71879E+03
 3.77565E-04    5.52298E+03
 3.78219E-04    5.36569E+03
 3.79076E-04    5.20057E+03
 3.80035E-04    5.05469E+03
 3.80993E-04    4.93725E+03
 3.82417E-04    4.79891E+03
 3.83840E-04    4.68989E+03
 3.85988E-04    4.56122E+03
 3.88148E-04    4.46008E+03
 3.91044E-04    4.35194E+03
 3.95338E-04    4.22677E+03
 4.00702E-04    4.10336E+03
 4.09119E-04    3.94779E+03
 4.20071E-04    3.77804E+03
 4.61056E-04    3.20927E+03
 4.73304E-04    3.01919E+03
 4.80730E-04    2.88877E+03
 4.86064E-04    2.78329E+03
 4.92025E-04    2.64690E+03
 4.95415E-04    2.55588E+03
 4.98042E-04    2.47523E+03
 5.00750E-04    2.37902E+03
 5.02481E-04    2.30777E+03
 5.04213E-04    2.22602E+03
 5.05811E-04    2.13818E+03
 5.07010E-04    2.06182E+03
 5.08076E-04    1.98416E+03
 5.09075E-04    1.90083E+03
 5.10074E-04    1.80499E+03
 5.10740E-04    1.73297E+03
 5.11739E-04    1.61204E+03
 5.12987E-04    1.45091E+03
 5.13362E-04    1.41092E+03
 5.13612E-04    1.39239E+03
 5.13816E-04    1.38581E+03
 5.13835E-04    1.38573E+03
 5.13974E-04    1.38877E+03
 5.14113E-04    1.39969E+03
 5.14234E-04    1.41767E+03
 5.14325E-04    1.43789E+03
 5.14415E-04    1.46543E+03
 5.14506E-04    1.50214E+03
 5.14575E-04    1.53818E+03
 5.14654E-04    1.58929E+03
 5.14714E-04    1.63641E+03
 5.14773E-04    1.69285E+03
 5.14832E-04    1.76075E+03
 5.14892E-04    1.84299E+03
 5.14931E-04    1.90765E+03
 5.14971E-04    1.98188E+03
 5.15010E-04    2.06752E+03
 5.15050E-04    2.16688E+03
 5.15080E-04    2.25211E+03
 5.15109E-04    2.34813E+03
 5.15139E-04    2.45666E+03
 5.15169E-04    2.57976E+03
 5.15196E-04    2.70681E+03
 5.15223E-04    2.85011E+03
 5.15250E-04    3.01213E+03
 5.15277E-04    3.19573E+03
 5.15297E-04    3.34957E+03
 5.15317E-04    3.51895E+03
 5.15338E-04    3.70561E+03
 5.15358E-04    3.91148E+03
 5.15378E-04    4.13868E+03
 5.15395E-04    4.34268E+03
 5.15415E-04    4.60759E+03
 5.15434E-04    4.89954E+03
 5.15454E-04    5.22135E+03
 5.15474E-04    5.58591E+03
 5.15495E-04    5.99967E+03
 5.15512E-04    6.37438E+03
 5.15533E-04    6.85986E+03
 5.15552E-04    7.38157E+03
 5.15573E-04    7.98770E+03
 5.15593E-04    8.62278E+03
 5.15613E-04    9.32115E+03
 5.15628E-04    9.92083E+03
 5.15649E-04    1.07696E+04
 5.15666E-04    1.15535E+04
 5.15682E-04    1.23225E+04
 5.15697E-04    1.31486E+04
 5.15714E-04    1.41279E+04
 5.15732E-04    1.51858E+04
 5.15748E-04    1.62919E+04
 5.15764E-04    1.74051E+04
 5.15785E-04    1.90117E+04
 5.15805E-04    2.07678E+04
 5.15826E-04    2.26841E+04
 5.15847E-04    2.47722E+04
 5.15868E-04    2.70434E+04
 5.15889E-04    2.95096E+04
 5.15909E-04    3.21827E+04
 5.15930E-04    3.50750E+04
 5.15951E-04    3.81982E+04
 5.15972E-04    4.15646E+04
 5.15993E-04    4.51856E+04
 5.16013E-04    4.90731E+04
 5.16034E-04    5.32378E+04
 5.16055E-04    5.76903E+04
 5.16076E-04    6.24400E+04
 5.16098E-04    6.78096E+04
 5.16120E-04    7.35324E+04
 5.16142E-04    7.96165E+04
 5.16172E-04    8.85347E+04
 5.16197E-04    9.62380E+04
 5.16229E-04    1.07216E+05
 5.16262E-04    1.18996E+05
 5.16294E-04    1.31557E+05
 5.16324E-04    1.43816E+05
 5.16369E-04    1.63313E+05
 5.16414E-04    1.83980E+05
 5.16481E-04    2.16236E+05
 5.16620E-04    2.85942E+05
 5.16684E-04    3.16081E+05
 5.16729E-04    3.35485E+05
 5.16771E-04    3.52057E+05
 5.16819E-04    3.68561E+05
 5.16856E-04    3.79318E+05
 5.16903E-04    3.89899E+05
 5.16947E-04    3.96719E+05
 5.16988E-04    4.00198E+05
 5.17015E-04    4.00872E+05
 5.17048E-04    4.00015E+05
 5.17080E-04    3.97414E+05
 5.17112E-04    3.93111E+05
 5.17149E-04    3.86025E+05
 5.17192E-04    3.75372E+05
 5.17232E-04    3.63132E+05
 5.17279E-04    3.46184E+05
 5.17335E-04    3.23448E+05
 5.17400E-04    2.94120E+05
 5.17569E-04    2.12511E+05
 5.17619E-04    1.89379E+05
 5.17665E-04    1.69356E+05
 5.17701E-04    1.54204E+05
 5.17737E-04    1.39880E+05
 5.17773E-04    1.26448E+05
 5.17810E-04    1.13947E+05
 5.17846E-04    1.02395E+05
 5.17873E-04    9.44455E+04
 5.17900E-04    8.70143E+04
 5.17926E-04    8.00922E+04
 5.17953E-04    7.36664E+04
 5.17980E-04    6.77208E+04
 5.18007E-04    6.22371E+04
 5.18034E-04    5.71947E+04
 5.18061E-04    5.25718E+04
 5.18087E-04    4.83447E+04
 5.18114E-04    4.44901E+04
 5.18132E-04    4.21153E+04
 5.18153E-04    3.95387E+04
 5.18174E-04    3.71506E+04
 5.18195E-04    3.49396E+04
 5.18215E-04    3.28952E+04
 5.18236E-04    3.10065E+04
 5.18257E-04    2.92636E+04
 5.18278E-04    2.76564E+04
 5.18299E-04    2.61756E+04
 5.18320E-04    2.48118E+04
 5.18340E-04    2.35567E+04
 5.18361E-04    2.24019E+04
 5.18382E-04    2.13397E+04
 5.18413E-04    1.99040E+04
 5.18444E-04    1.86376E+04
 5.18476E-04    1.75198E+04
 5.18507E-04    1.65319E+04
 5.18538E-04    1.56576E+04
 5.18569E-04    1.48823E+04
 5.18600E-04    1.41929E+04
 5.18632E-04    1.35783E+04
 5.18673E-04    1.28579E+04
 5.18715E-04    1.22329E+04
 5.18757E-04    1.16867E+04
 5.18798E-04    1.12058E+04
 5.18840E-04    1.07792E+04
 5.18902E-04    1.02219E+04
 5.18965E-04    9.74343E+03
 5.19027E-04    9.32654E+03
 5.19090E-04    8.95868E+03
 5.19173E-04    8.52872E+03
 5.19256E-04    8.15374E+03
 5.19339E-04    7.82267E+03
 5.19423E-04    7.52753E+03
 5.19547E-04    7.13954E+03
 5.19672E-04    6.80458E+03
 5.19797E-04    6.51219E+03
 5.19922E-04    6.25460E+03
 5.20047E-04    6.02588E+03
 5.20184E-04    5.80214E+03
 5.20347E-04    5.56898E+03
 5.20509E-04    5.36384E+03
 5.20671E-04    5.18192E+03
 5.20888E-04    4.96906E+03
 5.21162E-04    4.73816E+03
 5.21412E-04    4.55845E+03
 5.21662E-04    4.40169E+03
 5.21995E-04    4.22122E+03
 5.22328E-04    4.06668E+03
 5.22661E-04    3.93265E+03
 5.23161E-04    3.76154E+03
 5.23660E-04    3.61804E+03
 5.24159E-04    3.49538E+03
 5.24659E-04    3.38879E+03
 5.25325E-04    3.26598E+03
 5.25991E-04    3.16013E+03
 5.26757E-04    3.05419E+03
 5.27623E-04    2.94969E+03
 5.28921E-04    2.81440E+03
 5.29787E-04    2.73439E+03
 5.31516E-04    2.59046E+03
 5.34187E-04    2.39104E+03
 5.37851E-04    2.12665E+03
 5.39516E-04    1.99955E+03
 5.41236E-04    1.85783E+03
 5.42568E-04    1.73781E+03
 5.43900E-04    1.60608E+03
 5.45010E-04    1.48548E+03
 5.46120E-04    1.35384E+03
 5.47230E-04    1.21181E+03
 5.48520E-04    1.04199E+03
 5.49062E-04    9.76410E+02
 5.49422E-04    9.38689E+02
 5.49693E-04    9.15777E+02
 5.49936E-04    9.00957E+02
 5.50165E-04    8.93818E+02
 5.50241E-04    8.93293E+02
 5.50393E-04    8.95623E+02
 5.50539E-04    9.02796E+02
 5.50685E-04    9.15838E+02
 5.50831E-04    9.36006E+02
 5.50928E-04    9.54163E+02
 5.51025E-04    9.76721E+02
 5.51122E-04    1.00432E+03
 5.51207E-04    1.03319E+03
 5.51316E-04    1.07776E+03
 5.51389E-04    1.11277E+03
 5.51462E-04    1.15261E+03
 5.51531E-04    1.19554E+03
 5.51601E-04    1.24391E+03
 5.51670E-04    1.29836E+03
 5.51746E-04    1.36612E+03
 5.51824E-04    1.44507E+03
 5.51902E-04    1.53514E+03
 5.51961E-04    1.61155E+03
 5.52031E-04    1.71184E+03
 5.52093E-04    1.81291E+03
 5.52156E-04    1.92552E+03
 5.52208E-04    2.02926E+03
 5.52260E-04    2.14303E+03
 5.52312E-04    2.26797E+03
 5.52364E-04    2.40537E+03
 5.52416E-04    2.55673E+03
 5.52466E-04    2.71794E+03
 5.52515E-04    2.89246E+03
 5.52565E-04    3.08497E+03
 5.52614E-04    3.29791E+03
 5.52664E-04    3.53416E+03
 5.52714E-04    3.80208E+03
 5.52749E-04    4.00531E+03
 5.52783E-04    4.22557E+03
 5.52818E-04    4.46486E+03
 5.52853E-04    4.72551E+03
 5.52888E-04    5.01025E+03
 5.52922E-04    5.32223E+03
 5.52957E-04    5.66518E+03
 5.52992E-04    6.04347E+03
 5.53026E-04    6.46223E+03
 5.53061E-04    6.92750E+03
 5.53087E-04    7.31120E+03
 5.53113E-04    7.72845E+03
 5.53139E-04    8.18322E+03
 5.53165E-04    8.67982E+03
 5.53191E-04    9.22323E+03
 5.53217E-04    9.81900E+03
 5.53243E-04    1.04734E+04
 5.53267E-04    1.11433E+04
 5.53291E-04    1.18494E+04
 5.53314E-04    1.26208E+04
 5.53338E-04    1.34646E+04
 5.53361E-04    1.43885E+04
 5.53384E-04    1.54008E+04
 5.53408E-04    1.65108E+04
 5.53431E-04    1.77287E+04
 5.53455E-04    1.90653E+04
 5.53478E-04    2.05328E+04
 5.53502E-04    2.21439E+04
 5.53523E-04    2.37899E+04
 5.53545E-04    2.55856E+04
 5.53567E-04    2.75442E+04
 5.53589E-04    2.96797E+04
 5.53611E-04    3.20070E+04
 5.53633E-04    3.45419E+04
 5.53655E-04    3.73010E+04
 5.53676E-04    4.03017E+04
 5.53698E-04    4.35628E+04
 5.53720E-04    4.71028E+04
 5.53741E-04    5.07522E+04
 5.53760E-04    5.42834E+04
 5.53778E-04    5.80621E+04
 5.53797E-04    6.21018E+04
 5.53822E-04    6.79181E+04
 5.53847E-04    7.42565E+04
 5.53872E-04    8.11505E+04
 5.53897E-04    8.86336E+04
 5.53922E-04    9.67388E+04
 5.53945E-04    1.04994E+05
 5.53968E-04    1.13322E+05
 5.53990E-04    1.22210E+05
 5.54012E-04    1.31680E+05
 5.54034E-04    1.41749E+05
 5.54056E-04    1.52432E+05
 5.54079E-04    1.63745E+05
 5.54112E-04    1.81917E+05
 5.54141E-04    1.99021E+05
 5.54170E-04    2.17254E+05
 5.54199E-04    2.36611E+05
 5.54238E-04    2.64141E+05
 5.54267E-04    2.86034E+05
 5.54313E-04    3.22469E+05
 5.54359E-04    3.61139E+05
 5.54417E-04    4.12498E+05
 5.54522E-04    5.10176E+05
 5.54611E-04    5.93442E+05
 5.54671E-04    6.45754E+05
 5.54725E-04    6.88419E+05
 5.54774E-04    7.23264E+05
 5.54805E-04    7.42896E+05
 5.54853E-04    7.69180E+05
 5.54890E-04    7.84872E+05
 5.54928E-04    7.97156E+05
 5.54953E-04    8.03132E+05
 5.54998E-04    8.08901E+05
 5.55022E-04    8.09533E+05
 5.55056E-04    8.07432E+05
 5.55098E-04    8.00152E+05
 5.55138E-04    7.88441E+05
 5.55178E-04    7.72343E+05
 5.55220E-04    7.50934E+05
 5.55266E-04    7.22530E+05
 5.55306E-04    6.94730E+05
 5.55369E-04    6.46351E+05
 5.55435E-04    5.89522E+05
 5.55604E-04    4.38188E+05
 5.55668E-04    3.82520E+05
 5.55722E-04    3.38736E+05
 5.55760E-04    3.09178E+05
 5.55802E-04    2.79109E+05
 5.55844E-04    2.51121E+05
 5.55871E-04    2.33655E+05
 5.55899E-04    2.17156E+05
 5.55927E-04    2.01623E+05
 5.55955E-04    1.87046E+05
 5.55982E-04    1.73409E+05
 5.56010E-04    1.60690E+05
 5.56038E-04    1.48861E+05
 5.56066E-04    1.37891E+05
 5.56093E-04    1.27741E+05
 5.56121E-04    1.18375E+05
 5.56149E-04    1.09751E+05
 5.56177E-04    1.01828E+05
 5.56200E-04    9.56115E+04
 5.56224E-04    8.98443E+04
 5.56247E-04    8.44998E+04
 5.56271E-04    7.95525E+04
 5.56295E-04    7.49770E+04
 5.56318E-04    7.07492E+04
 5.56342E-04    6.68450E+04
 5.56365E-04    6.32421E+04
 5.56389E-04    5.99181E+04
 5.56413E-04    5.68527E+04
 5.56436E-04    5.40259E+04
 5.56471E-04    5.01931E+04
 5.56507E-04    4.67978E+04
 5.56542E-04    4.37872E+04
 5.56571E-04    4.15631E+04
 5.56606E-04    3.91807E+04
 5.56641E-04    3.70527E+04
 5.56675E-04    3.51472E+04
 5.56710E-04    3.34360E+04
 5.56745E-04    3.18943E+04
 5.56780E-04    3.05008E+04
 5.56831E-04    2.86481E+04
 5.56884E-04    2.70340E+04
 5.56936E-04    2.56161E+04
 5.56988E-04    2.43604E+04
 5.57040E-04    2.32397E+04
 5.57109E-04    2.19183E+04
 5.57178E-04    2.07586E+04
 5.57248E-04    1.97306E+04
 5.57317E-04    1.88115E+04
 5.57386E-04    1.79837E+04
 5.57491E-04    1.68841E+04
 5.57595E-04    1.59247E+04
 5.57664E-04    1.53500E+04
 5.57761E-04    1.46192E+04
 5.57858E-04    1.39628E+04
 5.57955E-04    1.33698E+04
 5.58101E-04    1.25809E+04
 5.58247E-04    1.18922E+04
 5.58392E-04    1.12860E+04
 5.58510E-04    1.08462E+04
 5.58649E-04    1.03785E+04
 5.58788E-04    9.95699E+03
 5.58996E-04    9.39786E+03
 5.59204E-04    8.91152E+03
 5.59412E-04    8.48487E+03
 5.59620E-04    8.10775E+03
 5.59828E-04    7.77212E+03
 5.60106E-04    7.37832E+03
 5.60383E-04    7.03520E+03
 5.60661E-04    6.73372E+03
 5.61015E-04    6.39865E+03
 5.61369E-04    6.10849E+03
 5.61722E-04    5.85470E+03
 5.62076E-04    5.63081E+03
 5.62548E-04    5.37035E+03
 5.63009E-04    5.14996E+03
 5.63470E-04    4.95694E+03
 5.64085E-04    4.73384E+03
 5.64700E-04    4.54199E+03
 5.65363E-04    4.36284E+03
 5.66074E-04    4.19618E+03
 5.66785E-04    4.05063E+03
 5.67851E-04    3.86329E+03
 5.68755E-04    3.72739E+03
 5.70110E-04    3.55306E+03
 5.71466E-04    3.40555E+03
 5.72847E-04    3.27601E+03
 5.74228E-04    3.16246E+03
 5.76069E-04    3.03020E+03
 5.77910E-04    2.91402E+03
 5.80672E-04    2.76202E+03
 5.83434E-04    2.62907E+03
 5.86195E-04    2.50948E+03
 5.89648E-04    2.37335E+03
 5.94481E-04    2.19870E+03
 6.00004E-04    2.01330E+03
 6.11052E-04    1.66143E+03
 6.24861E-04    1.22434E+03
 6.35908E-04    8.65403E+02
 6.43273E-04    6.25394E+02
 6.46955E-04    5.08486E+02
 6.49717E-04    4.23901E+02
 6.52018E-04    3.56494E+02
 6.53399E-04    3.17937E+02
 6.54780E-04    2.81125E+02
 6.56161E-04    2.46372E+02
 6.57312E-04    2.19209E+02
 6.58232E-04    1.98882E+02
 6.59153E-04    1.79970E+02
 6.59843E-04    1.66797E+02
 6.60534E-04    1.54570E+02
 6.61080E-04    1.45608E+02
 6.61713E-04    1.36090E+02
 6.62346E-04    1.27572E+02
 6.62821E-04    1.21884E+02
 6.63296E-04    1.16831E+02
 6.63857E-04    1.11725E+02
 6.64231E-04    1.08873E+02
 6.64605E-04    1.06486E+02
 6.65007E-04    1.04460E+02
 6.65439E-04    1.02945E+02
 6.65885E-04    1.02129E+02
 6.66115E-04    1.02019E+02
 6.66460E-04    1.02267E+02
 6.66892E-04    1.03302E+02
 6.67266E-04    1.04881E+02
 6.67697E-04    1.07529E+02
 6.68100E-04    1.10837E+02
 6.68503E-04    1.14993E+02
 6.68934E-04    1.20435E+02
 6.69366E-04    1.26951E+02
 6.69797E-04    1.34597E+02
 6.70229E-04    1.43432E+02
 6.70660E-04    1.53523E+02
 6.71092E-04    1.64936E+02
 6.71509E-04    1.77292E+02
 6.71919E-04    1.90764E+02
 6.72329E-04    2.05619E+02
 6.72739E-04    2.21928E+02
 6.73149E-04    2.39769E+02
 6.73566E-04    2.59575E+02
 6.73998E-04    2.81913E+02
 6.74429E-04    3.06232E+02
 6.74861E-04    3.32641E+02
 6.75292E-04    3.61256E+02
 6.75724E-04    3.92200E+02
 6.76155E-04    4.25604E+02
 6.76587E-04    4.61606E+02
 6.77018E-04    5.00355E+02
 6.77450E-04    5.42018E+02
 6.77881E-04    5.86781E+02
 6.78342E-04    6.38151E+02
 6.78816E-04    6.95232E+02
 6.79291E-04    7.56718E+02
 6.79766E-04    8.22917E+02
 6.80240E-04    8.94159E+02
 6.80730E-04    9.73193E+02
 6.81247E-04    1.06354E+03
 6.81765E-04    1.16126E+03
 6.82283E-04    1.26687E+03
 6.82801E-04    1.38100E+03
 6.83319E-04    1.50429E+03
 6.83837E-04    1.63745E+03
 6.84354E-04    1.78126E+03
 6.84872E-04    1.93656E+03
 6.85390E-04    2.10427E+03
 6.85908E-04    2.28540E+03
 6.86426E-04    2.48107E+03
 6.86944E-04    2.69249E+03
 6.87461E-04    2.92099E+03
 6.87979E-04    3.16805E+03
 6.88497E-04    3.43529E+03
 6.89015E-04    3.72449E+03
 6.89533E-04    4.03765E+03
 6.90051E-04    4.37694E+03
 6.90568E-04    4.74482E+03
 6.91086E-04    5.14392E+03
 6.91604E-04    5.57709E+03
 6.92105E-04    6.03124E+03
 6.92605E-04    6.52404E+03
 6.93106E-04    7.05972E+03
 6.93606E-04    7.64224E+03
 6.94107E-04    8.27602E+03
 6.94596E-04    8.94987E+03
 6.95079E-04    9.67446E+03
 6.95563E-04    1.04635E+04
 6.96046E-04    1.13239E+04
 6.96529E-04    1.22635E+04
 6.97013E-04    1.32911E+04
 6.97496E-04    1.44167E+04
 6.97979E-04    1.56518E+04
 6.98463E-04    1.70095E+04
 6.98946E-04    1.85049E+04
 6.99429E-04    2.01553E+04
 6.99843E-04    2.17085E+04
 7.00258E-04    2.34048E+04
 7.00672E-04    2.52607E+04
 7.01086E-04    2.72952E+04
 7.01501E-04    2.95300E+04
 7.01915E-04    3.19900E+04
 7.02329E-04    3.47042E+04
 7.02743E-04    3.77060E+04
 7.03158E-04    4.10340E+04
 7.03434E-04    4.34554E+04
 7.03710E-04    4.60561E+04
 7.04078E-04    4.98319E+04
 7.04423E-04    5.37310E+04
 7.04769E-04    5.80257E+04
 7.05114E-04    6.27688E+04
 7.05459E-04    6.80203E+04
 7.05793E-04    7.36459E+04
 7.06104E-04    7.94342E+04
 7.06414E-04    8.58238E+04
 7.06725E-04    9.28933E+04
 7.07036E-04    1.00736E+05
 7.07243E-04    1.06450E+05
 7.07526E-04    1.14967E+05
 7.07795E-04    1.23922E+05
 7.08064E-04    1.33822E+05
 7.08334E-04    1.44796E+05
 7.08603E-04    1.56996E+05
 7.08865E-04    1.70232E+05
 7.09114E-04    1.84179E+05
 7.09363E-04    1.99694E+05
 7.09528E-04    2.11022E+05
 7.09694E-04    2.23227E+05
 7.09860E-04    2.36396E+05
 7.10025E-04    2.50629E+05
 7.10182E-04    2.65146E+05
 7.10403E-04    2.87628E+05
 7.10550E-04    3.04056E+05
 7.10697E-04    3.21768E+05
 7.10845E-04    3.40891E+05
 7.10992E-04    3.61568E+05
 7.11139E-04    3.83960E+05
 7.11286E-04    4.08244E+05
 7.11415E-04    4.31203E+05
 7.11544E-04    4.55914E+05
 7.11673E-04    4.82542E+05
 7.11802E-04    5.11270E+05
 7.11931E-04    5.42299E+05
 7.12060E-04    5.75851E+05
 7.12189E-04    6.12170E+05
 7.12318E-04    6.51524E+05
 7.12483E-04    7.07057E+05
 7.12649E-04    7.68782E+05
 7.12759E-04    8.13744E+05
 7.12870E-04    8.62038E+05
 7.12980E-04    9.13919E+05
 7.13091E-04    9.69654E+05
 7.13247E-04    1.05574E+06
 7.13386E-04    1.13919E+06
 7.13524E-04    1.23021E+06
 7.13662E-04    1.32925E+06
 7.13800E-04    1.43666E+06
 7.13938E-04    1.55266E+06
 7.14076E-04    1.67724E+06
 7.14260E-04    1.85615E+06
 7.14444E-04    2.04807E+06
 7.14732E-04    2.36590E+06
 7.15020E-04    2.68691E+06
 7.15192E-04    2.86885E+06
 7.15365E-04    3.03353E+06
 7.15480E-04    3.12983E+06
 7.15595E-04    3.21274E+06
 7.15747E-04    3.29837E+06
 7.15848E-04    3.33875E+06
 7.15949E-04    3.36484E+06
 7.16074E-04    3.37670E+06
 7.16205E-04    3.36497E+06
 7.16336E-04    3.32903E+06
 7.16467E-04    3.27041E+06
 7.16598E-04    3.19137E+06
 7.16730E-04    3.09471E+06
 7.16898E-04    2.95030E+06
 7.17022E-04    2.83235E+06
 7.17333E-04    2.51533E+06
 7.17643E-04    2.19518E+06
 7.17878E-04    1.96683E+06
 7.18044E-04    1.81665E+06
 7.18209E-04    1.67687E+06
 7.18375E-04    1.54790E+06
 7.18541E-04    1.42970E+06
 7.18716E-04    1.31615E+06
 7.18845E-04    1.23948E+06
 7.18974E-04    1.16835E+06
 7.19102E-04    1.10243E+06
 7.19231E-04    1.04134E+06
 7.19360E-04    9.84746E+05
 7.19489E-04    9.32290E+05
 7.19618E-04    8.83649E+05
 7.19756E-04    8.35420E+05
 7.19903E-04    7.88020E+05
 7.20051E-04    7.44414E+05
 7.20198E-04    7.04246E+05
 7.20345E-04    6.67193E+05
 7.20493E-04    6.32966E+05
 7.20714E-04    5.86359E+05
 7.20861E-04    5.58108E+05
 7.21045E-04    5.25614E+05
 7.21229E-04    4.95929E+05
 7.21413E-04    4.68751E+05
 7.21597E-04    4.43814E+05
 7.21781E-04    4.20883E+05
 7.21966E-04    3.99754E+05
 7.22242E-04    3.71051E+05
 7.22449E-04    3.51604E+05
 7.22679E-04    3.31835E+05
 7.22909E-04    3.13786E+05
 7.23139E-04    2.97266E+05
 7.23369E-04    2.82107E+05
 7.23600E-04    2.68160E+05
 7.23945E-04    2.49234E+05
 7.24175E-04    2.37790E+05
 7.24488E-04    2.23550E+05
 7.24801E-04    2.10666E+05
 7.25114E-04    1.98975E+05
 7.25427E-04    1.88329E+05
 7.25740E-04    1.78602E+05
 7.26053E-04    1.69686E+05
 7.26366E-04    1.61490E+05
 7.26679E-04    1.53939E+05
 7.27093E-04    1.44826E+05
 7.27508E-04    1.36596E+05
 7.27922E-04    1.29138E+05
 7.28336E-04    1.22354E+05
 7.28750E-04    1.16166E+05
 7.29165E-04    1.10503E+05
 7.29579E-04    1.05306E+05
 7.29993E-04    1.00525E+05
 7.30453E-04    9.56452E+04
 7.30914E-04    9.11712E+04
 7.31604E-04    8.51238E+04
 7.32295E-04    7.97621E+04
 7.32985E-04    7.49831E+04
 7.33676E-04    7.07027E+04
 7.34504E-04    6.61277E+04
 7.35333E-04    6.20762E+04
 7.36161E-04    5.84739E+04
 7.36990E-04    5.52428E+04
 7.37818E-04    5.23313E+04
 7.38670E-04    4.96293E+04
 7.39533E-04    4.71522E+04
 7.40396E-04    4.49098E+04
 7.41547E-04    4.22363E+04
 7.42697E-04    3.98555E+04
 7.43848E-04    3.77296E+04
 7.44999E-04    3.58226E+04
 7.46150E-04    3.41041E+04
 7.47300E-04    3.25487E+04
 7.48451E-04    3.11353E+04
 7.50177E-04    2.92435E+04
 7.51903E-04    2.75834E+04
 7.53629E-04    2.61164E+04
 7.55356E-04    2.48122E+04
 7.57082E-04    2.36460E+04
 7.58808E-04    2.25978E+04
 7.61109E-04    2.13560E+04
 7.63411E-04    2.02639E+04
 7.65712E-04    1.92968E+04
 7.68474E-04    1.82777E+04
 7.71236E-04    1.73785E+04
 7.73998E-04    1.65849E+04
 7.76760E-04    1.58776E+04
 7.79521E-04    1.52455E+04
 7.83664E-04    1.44124E+04
 7.87807E-04    1.36935E+04
 7.91950E-04    1.30676E+04
 7.96092E-04    1.25178E+04
 7.98854E-04    1.21868E+04
 8.04378E-04    1.15973E+04
 8.09901E-04    1.10878E+04
 8.15425E-04    1.06432E+04
 8.20948E-04    1.02537E+04
 8.26472E-04    9.90531E+03
 8.33837E-04    9.49929E+03
 8.41202E-04    9.14648E+03
 8.48566E-04    8.83703E+03
 8.59614E-04    8.43798E+03
 8.70661E-04    8.10072E+03
 8.81708E-04    7.81170E+03
 8.96438E-04    7.48469E+03
 9.11167E-04    7.20937E+03
 9.29579E-04    6.92044E+03
 9.51674E-04    6.63402E+03
 9.73768E-04    6.39644E+03
 9.99545E-04    6.16495E+03
 1.02900E-03    5.94398E+03
 1.06583E-03    5.71483E+03
 1.11002E-03    5.48682E+03
 1.17262E-03    5.21554E+03
 1.25250E-03    4.88808E+03
 1.28261E-03    4.73740E+03
 1.30142E-03    4.61502E+03
 1.31475E-03    4.49980E+03
 1.32431E-03    4.38877E+03
 1.32950E-03    4.31155E+03
 1.33500E-03    4.20884E+03
 1.33893E-03    4.11561E+03
 1.34298E-03    3.99280E+03
 1.34571E-03    3.88655E+03
 1.34821E-03    3.76537E+03
 1.35009E-03    3.65284E+03
 1.35155E-03    3.54769E+03
 1.35280E-03    3.44140E+03
 1.35405E-03    3.31556E+03
 1.35494E-03    3.21034E+03
 1.35583E-03    3.08901E+03
 1.35671E-03    2.95015E+03
 1.35756E-03    2.79296E+03
 1.35812E-03    2.67284E+03
 1.35869E-03    2.53823E+03
 1.35929E-03    2.37869E+03
 1.35973E-03    2.24599E+03
 1.36018E-03    2.10221E+03
 1.36107E-03    1.79708E+03
 1.36131E-03    1.72358E+03
 1.36149E-03    1.67891E+03
 1.36161E-03    1.65837E+03
 1.36170E-03    1.65055E+03
 1.36173E-03    1.64984E+03
 1.36182E-03    1.65505E+03
 1.36187E-03    1.66610E+03
 1.36193E-03    1.68493E+03
 1.36199E-03    1.71340E+03
 1.36204E-03    1.74314E+03
 1.36209E-03    1.78286E+03
 1.36213E-03    1.83316E+03
 1.36218E-03    1.89597E+03
 1.36223E-03    1.97357E+03
 1.36226E-03    2.03480E+03
 1.36229E-03    2.10466E+03
 1.36232E-03    2.18416E+03
 1.36236E-03    2.27435E+03
 1.36239E-03    2.37643E+03
 1.36242E-03    2.49173E+03
 1.36245E-03    2.62170E+03
 1.36248E-03    2.76790E+03
 1.36251E-03    2.93204E+03
 1.36254E-03    3.10179E+03
 1.36257E-03    3.27456E+03
 1.36260E-03    3.46447E+03
 1.36262E-03    3.67300E+03
 1.36265E-03    3.90173E+03
 1.36268E-03    4.15231E+03
 1.36271E-03    4.42648E+03
 1.36273E-03    4.72613E+03
 1.36276E-03    5.05329E+03
 1.36279E-03    5.41010E+03
 1.36281E-03    5.79872E+03
 1.36284E-03    6.22148E+03
 1.36287E-03    6.68093E+03
 1.36289E-03    7.17965E+03
 1.36292E-03    7.72031E+03
 1.36295E-03    8.30573E+03
 1.36298E-03    9.01876E+03
 1.36300E-03    9.66001E+03
 1.36303E-03    1.03478E+04
 1.36305E-03    1.10859E+04
 1.36308E-03    1.18758E+04
 1.36310E-03    1.27537E+04
 1.36313E-03    1.37638E+04
 1.36316E-03    1.48501E+04
 1.36319E-03    1.60160E+04
 1.36322E-03    1.75706E+04
 1.36326E-03    1.92608E+04
 1.36328E-03    2.07367E+04
 1.36331E-03    2.21490E+04
 1.36334E-03    2.42197E+04
 1.36338E-03    2.62674E+04
 1.36342E-03    2.89960E+04
 1.36345E-03    3.13021E+04
 1.36348E-03    3.37542E+04
 1.36351E-03    3.66684E+04
 1.36355E-03    4.04433E+04
 1.36359E-03    4.45111E+04
 1.36364E-03    4.91225E+04
 1.36368E-03    5.42048E+04
 1.36373E-03    5.96454E+04
 1.36377E-03    6.54495E+04
 1.36382E-03    7.16089E+04
 1.36386E-03    7.81188E+04
 1.36392E-03    8.73216E+04
 1.36398E-03    9.70830E+04
 1.36405E-03    1.09984E+05
 1.36414E-03    1.26296E+05
 1.36440E-03    1.75537E+05
 1.36448E-03    1.89135E+05
 1.36457E-03    2.04606E+05
 1.36465E-03    2.17059E+05
 1.36472E-03    2.26661E+05
 1.36478E-03    2.33505E+05
 1.36485E-03    2.40355E+05
 1.36490E-03    2.44032E+05
 1.36496E-03    2.46769E+05
 1.36503E-03    2.48575E+05
 1.36505E-03    2.48739E+05
 1.36511E-03    2.48153E+05
 1.36517E-03    2.46291E+05
 1.36524E-03    2.42564E+05
 1.36530E-03    2.38103E+05
 1.36536E-03    2.31532E+05
 1.36544E-03    2.22250E+05
 1.36553E-03    2.09677E+05
 1.36562E-03    1.94958E+05
 1.36574E-03    1.73877E+05
 1.36595E-03    1.36957E+05
 1.36604E-03    1.21763E+05
 1.36613E-03    1.07402E+05
 1.36619E-03    9.84002E+04
 1.36626E-03    8.88852E+04
 1.36632E-03    8.00660E+04
 1.36637E-03    7.45850E+04
 1.36641E-03    6.94244E+04
 1.36646E-03    6.45859E+04
 1.36650E-03    6.00642E+04
 1.36655E-03    5.58544E+04
 1.36659E-03    5.19450E+04
 1.36664E-03    4.83290E+04
 1.36668E-03    4.49929E+04
 1.36673E-03    4.19245E+04
 1.36677E-03    3.91087E+04
 1.36682E-03    3.65317E+04
 1.36686E-03    3.41782E+04
 1.36690E-03    3.20341E+04
 1.36695E-03    3.00829E+04
 1.36699E-03    2.83115E+04
 1.36704E-03    2.65780E+04
 1.36710E-03    2.47957E+04
 1.36715E-03    2.32226E+04
 1.36721E-03    2.18354E+04
 1.36727E-03    2.06123E+04
 1.36732E-03    1.95337E+04
 1.36738E-03    1.85809E+04
 1.36743E-03    1.77386E+04
 1.36749E-03    1.69921E+04
 1.36754E-03    1.63289E+04
 1.36762E-03    1.55550E+04
 1.36769E-03    1.48866E+04
 1.36777E-03    1.43054E+04
 1.36784E-03    1.37960E+04
 1.36795E-03    1.31398E+04
 1.36807E-03    1.25850E+04
 1.36818E-03    1.21081E+04
 1.36829E-03    1.16918E+04
 1.36844E-03    1.12102E+04
 1.36859E-03    1.07940E+04
 1.36874E-03    1.04291E+04
 1.36896E-03    9.95682E+03
 1.36918E-03    9.55491E+03
 1.36940E-03    9.20795E+03
 1.36970E-03    8.81218E+03
 1.37000E-03    8.47638E+03
 1.37030E-03    8.18756E+03
 1.37060E-03    7.93633E+03
 1.37098E-03    7.65454E+03
 1.37137E-03    7.41311E+03
 1.37195E-03    7.10904E+03
 1.37244E-03    6.89363E+03
 1.37304E-03    6.67161E+03
 1.37363E-03    6.48290E+03
 1.37452E-03    6.24682E+03
 1.37542E-03    6.05260E+03
 1.37631E-03    5.88909E+03
 1.37738E-03    5.72296E+03
 1.37881E-03    5.53806E+03
 1.38071E-03    5.33568E+03
 1.38265E-03    5.16319E+03
 1.38587E-03    4.91546E+03
 1.39154E-03    4.50037E+03
 1.39366E-03    4.32283E+03
 1.39525E-03    4.16961E+03
 1.39636E-03    4.04655E+03
 1.39754E-03    3.89819E+03
 1.39871E-03    3.72379E+03
 1.39960E-03    3.57022E+03
 1.40048E-03    3.39098E+03
 1.40114E-03    3.23526E+03
 1.40180E-03    3.05693E+03
 1.40239E-03    2.87574E+03
 1.40283E-03    2.72388E+03
 1.40327E-03    2.55756E+03
 1.40386E-03    2.31642E+03
 1.40430E-03    2.13435E+03
 1.40452E-03    2.05594E+03
 1.40464E-03    2.02380E+03
 1.40472E-03    2.00729E+03
 1.40481E-03    2.00029E+03
 1.40490E-03    2.00661E+03
 1.40497E-03    2.02318E+03
 1.40503E-03    2.05307E+03
 1.40508E-03    2.08217E+03
 1.40512E-03    2.12010E+03
 1.40516E-03    2.16841E+03
 1.40521E-03    2.22881E+03
 1.40525E-03    2.30336E+03
 1.40530E-03    2.39436E+03
 1.40534E-03    2.50455E+03
 1.40537E-03    2.59012E+03
 1.40540E-03    2.68654E+03
 1.40543E-03    2.79492E+03
 1.40546E-03    2.91645E+03
 1.40549E-03    3.05239E+03
 1.40552E-03    3.20414E+03
 1.40555E-03    3.37324E+03
 1.40558E-03    3.56130E+03
 1.40560E-03    3.77005E+03
 1.40563E-03    4.00136E+03
 1.40566E-03    4.25725E+03
 1.40569E-03    4.53988E+03
 1.40572E-03    4.85150E+03
 1.40575E-03    5.19454E+03
 1.40578E-03    5.53173E+03
 1.40580E-03    5.85546E+03
 1.40583E-03    6.20378E+03
 1.40585E-03    6.57820E+03
 1.40587E-03    6.98035E+03
 1.40590E-03    7.41186E+03
 1.40592E-03    7.87438E+03
 1.40594E-03    8.36964E+03
 1.40597E-03    8.89958E+03
 1.40599E-03    9.46611E+03
 1.40601E-03    1.00710E+04
 1.40604E-03    1.07163E+04
 1.40607E-03    1.17644E+04
 1.40611E-03    1.29152E+04
 1.40614E-03    1.41754E+04
 1.40617E-03    1.54694E+04
 1.40621E-03    1.68732E+04
 1.40624E-03    1.83938E+04
 1.40627E-03    2.00371E+04
 1.40631E-03    2.18103E+04
 1.40634E-03    2.37186E+04
 1.40637E-03    2.57695E+04
 1.40641E-03    2.83495E+04
 1.40645E-03    3.11398E+04
 1.40649E-03    3.42673E+04
 1.40652E-03    3.70105E+04
 1.40656E-03    4.02750E+04
 1.40660E-03    4.40886E+04
 1.40664E-03    4.84721E+04
 1.40669E-03    5.32874E+04
 1.40673E-03    5.84254E+04
 1.40677E-03    6.38887E+04
 1.40682E-03    6.96686E+04
 1.40688E-03    7.78570E+04
 1.40694E-03    8.65676E+04
 1.40701E-03    9.81260E+04
 1.40708E-03    1.10320E+05
 1.40720E-03    1.30788E+05
 1.40740E-03    1.66901E+05
 1.40748E-03    1.79777E+05
 1.40757E-03    1.93437E+05
 1.40764E-03    2.04410E+05
 1.40771E-03    2.13337E+05
 1.40777E-03    2.19753E+05
 1.40784E-03    2.26263E+05
 1.40792E-03    2.31219E+05
 1.40797E-03    2.33408E+05
 1.40804E-03    2.34822E+05
 1.40807E-03    2.34975E+05
 1.40812E-03    2.34396E+05
 1.40818E-03    2.32683E+05
 1.40824E-03    2.29296E+05
 1.40831E-03    2.24688E+05
 1.40838E-03    2.18385E+05
 1.40846E-03    2.09474E+05
 1.40852E-03    2.01138E+05
 1.40860E-03    1.89399E+05
 1.40870E-03    1.73905E+05
 1.40899E-03    1.27324E+05
 1.40908E-03    1.13548E+05
 1.40916E-03    1.00550E+05
 1.40922E-03    9.24061E+04
 1.40930E-03    8.28319E+04
 1.40935E-03    7.68800E+04
 1.40939E-03    7.12823E+04
 1.40944E-03    6.60412E+04
 1.40949E-03    6.11554E+04
 1.40954E-03    5.66204E+04
 1.40959E-03    5.24276E+04
 1.40963E-03    4.92475E+04
 1.40968E-03    4.58136E+04
 1.40973E-03    4.26565E+04
 1.40977E-03    3.97631E+04
 1.40982E-03    3.71180E+04
 1.40987E-03    3.47070E+04
 1.40991E-03    3.25125E+04
 1.40996E-03    3.05209E+04
 1.41001E-03    2.87160E+04
 1.41005E-03    2.70832E+04
 1.41010E-03    2.56076E+04
 1.41015E-03    2.41277E+04
 1.41021E-03    2.27435E+04
 1.41026E-03    2.15184E+04
 1.41032E-03    2.04333E+04
 1.41037E-03    1.94723E+04
 1.41043E-03    1.86199E+04
 1.41048E-03    1.78627E+04
 1.41056E-03    1.69803E+04
 1.41063E-03    1.62207E+04
 1.41070E-03    1.55632E+04
 1.41079E-03    1.48841E+04
 1.41088E-03    1.43023E+04
 1.41097E-03    1.37984E+04
 1.41106E-03    1.33571E+04
 1.41119E-03    1.27873E+04
 1.41132E-03    1.23029E+04
 1.41148E-03    1.17978E+04
 1.41163E-03    1.14021E+04
 1.41185E-03    1.08941E+04
 1.41207E-03    1.04649E+04
 1.41229E-03    1.00962E+04
 1.41258E-03    9.67733E+03
 1.41288E-03    9.32322E+03
 1.41317E-03    9.01960E+03
 1.41361E-03    8.63706E+03
 1.41398E-03    8.37004E+03
 1.41442E-03    8.09716E+03
 1.41486E-03    7.86497E+03
 1.41552E-03    7.57474E+03
 1.41611E-03    7.36130E+03
 1.41699E-03    7.09884E+03
 1.41787E-03    6.88732E+03
 1.41876E-03    6.71294E+03
 1.41964E-03    6.56654E+03
 1.42075E-03    6.41143E+03
 1.42234E-03    6.23351E+03
 1.42393E-03    6.09141E+03
 1.42554E-03    5.97284E+03
 1.42772E-03    5.84318E+03
 1.43022E-03    5.72418E+03
 1.43445E-03    5.57031E+03
 1.43908E-03    5.44516E+03
 1.44371E-03    5.34792E+03
 1.44973E-03    5.24783E+03
 1.45904E-03    5.12891E+03
 1.46974E-03    5.02297E+03
 1.48941E-03    4.86885E+03
 1.52734E-03    4.60189E+03
 1.54336E-03    4.46331E+03
 1.55214E-03    4.36825E+03
 1.56121E-03    4.24502E+03
 1.56712E-03    4.14335E+03
 1.57309E-03    4.01398E+03
 1.57757E-03    3.89097E+03
 1.58067E-03    3.78722E+03
 1.58365E-03    3.66773E+03
 1.58652E-03    3.52852E+03
 1.58853E-03    3.41226E+03
 1.59025E-03    3.29677E+03
 1.59198E-03    3.16294E+03
 1.59370E-03    3.00607E+03
 1.59485E-03    2.88562E+03
 1.59599E-03    2.74973E+03
 1.59714E-03    2.59549E+03
 1.59809E-03    2.45192E+03
 1.59904E-03    2.29099E+03
 1.59967E-03    2.17278E+03
 1.60024E-03    2.05698E+03
 1.60082E-03    1.93271E+03
 1.60139E-03    1.79962E+03
 1.60196E-03    1.65770E+03
 1.60274E-03    1.45357E+03
 1.60377E-03    1.17119E+03
 1.60417E-03    1.06715E+03
 1.60446E-03    9.99925E+02
 1.60468E-03    9.56044E+02
 1.60482E-03    9.31189E+02
 1.60496E-03    9.10911E+02
 1.60511E-03    8.96357E+02
 1.60522E-03    8.89981E+02
 1.60529E-03    8.88406E+02
 1.60540E-03    8.91075E+02
 1.60552E-03    9.00845E+02
 1.60559E-03    9.11998E+02
 1.60567E-03    9.27444E+02
 1.60574E-03    9.47767E+02
 1.60581E-03    9.71601E+02
 1.60588E-03    9.98404E+02
 1.60594E-03    1.03041E+03
 1.60601E-03    1.06828E+03
 1.60608E-03    1.11819E+03
 1.60614E-03    1.16642E+03
 1.60620E-03    1.22189E+03
 1.60626E-03    1.29182E+03
 1.60632E-03    1.35858E+03
 1.60637E-03    1.43613E+03
 1.60642E-03    1.51502E+03
 1.60647E-03    1.59839E+03
 1.60651E-03    1.69125E+03
 1.60656E-03    1.77928E+03
 1.60660E-03    1.87590E+03
 1.60664E-03    1.98206E+03
 1.60668E-03    2.09868E+03
 1.60672E-03    2.22692E+03
 1.60676E-03    2.36800E+03
 1.60680E-03    2.52334E+03
 1.60683E-03    2.67657E+03
 1.60687E-03    2.83416E+03
 1.60690E-03    3.00534E+03
 1.60694E-03    3.19153E+03
 1.60697E-03    3.39393E+03
 1.60701E-03    3.62229E+03
 1.60704E-03    3.88937E+03
 1.60708E-03    4.18280E+03
 1.60712E-03    4.50516E+03
 1.60716E-03    4.85947E+03
 1.60720E-03    5.24876E+03
 1.60724E-03    5.69291E+03
 1.60727E-03    6.18258E+03
 1.60731E-03    6.72263E+03
 1.60735E-03    7.31796E+03
 1.60739E-03    7.97428E+03
 1.60742E-03    8.47206E+03
 1.60745E-03    9.02990E+03
 1.60748E-03    9.62833E+03
 1.60751E-03    1.02701E+04
 1.60753E-03    1.09581E+04
 1.60756E-03    1.16955E+04
 1.60759E-03    1.24853E+04
 1.60762E-03    1.33309E+04
 1.60765E-03    1.42360E+04
 1.60768E-03    1.52041E+04
 1.60771E-03    1.62389E+04
 1.60774E-03    1.73444E+04
 1.60776E-03    1.85246E+04
 1.60779E-03    1.97839E+04
 1.60782E-03    2.11265E+04
 1.60785E-03    2.25568E+04
 1.60788E-03    2.40796E+04
 1.60791E-03    2.56998E+04
 1.60795E-03    2.83222E+04
 1.60799E-03    3.11907E+04
 1.60804E-03    3.43213E+04
 1.60808E-03    3.77320E+04
 1.60812E-03    4.14392E+04
 1.60817E-03    4.54604E+04
 1.60821E-03    4.98100E+04
 1.60825E-03    5.45073E+04
 1.60830E-03    5.95635E+04
 1.60834E-03    6.49951E+04
 1.60838E-03    7.08134E+04
 1.60842E-03    7.70310E+04
 1.60847E-03    8.36548E+04
 1.60851E-03    9.06934E+04
 1.60855E-03    9.81481E+04
 1.60861E-03    1.07652E+05
 1.60866E-03    1.17757E+05
 1.60871E-03    1.28454E+05
 1.60876E-03    1.39724E+05
 1.60883E-03    1.56215E+05
 1.60890E-03    1.73657E+05
 1.60899E-03    1.96660E+05
 1.60912E-03    2.30501E+05
 1.60933E-03    2.88369E+05
 1.60943E-03    3.13649E+05
 1.60952E-03    3.37222E+05
 1.60960E-03    3.54084E+05
 1.60967E-03    3.68266E+05
 1.60974E-03    3.80589E+05
 1.60982E-03    3.91416E+05
 1.60989E-03    3.99353E+05
 1.60996E-03    4.04528E+05
 1.61001E-03    4.07144E+05
 1.61009E-03    4.08070E+05
 1.61017E-03    4.06125E+05
 1.61025E-03    4.00809E+05
 1.61031E-03    3.94990E+05
 1.61037E-03    3.86983E+05
 1.61044E-03    3.76556E+05
 1.61051E-03    3.63549E+05
 1.61060E-03    3.46922E+05
 1.61069E-03    3.26465E+05
 1.61083E-03    2.92556E+05
 1.61108E-03    2.29011E+05
 1.61120E-03    2.00418E+05
 1.61129E-03    1.79733E+05
 1.61137E-03    1.63244E+05
 1.61145E-03    1.47853E+05
 1.61152E-03    1.33619E+05
 1.61158E-03    1.24791E+05
 1.61163E-03    1.16493E+05
 1.61168E-03    1.08303E+05
 1.61174E-03    1.00302E+05
 1.61180E-03    9.29186E+04
 1.61185E-03    8.61304E+04
 1.61191E-03    7.99091E+04
 1.61197E-03    7.42245E+04
 1.61203E-03    6.90445E+04
 1.61208E-03    6.43357E+04
 1.61213E-03    6.08845E+04
 1.61218E-03    5.73147E+04
 1.61223E-03    5.40520E+04
 1.61228E-03    5.10736E+04
 1.61234E-03    4.83559E+04
 1.61239E-03    4.58780E+04
 1.61244E-03    4.36173E+04
 1.61249E-03    4.15559E+04
 1.61256E-03    3.90851E+04
 1.61263E-03    3.68957E+04
 1.61269E-03    3.51727E+04
 1.61277E-03    3.31877E+04
 1.61285E-03    3.14437E+04
 1.61293E-03    2.99051E+04
 1.61300E-03    2.85410E+04
 1.61308E-03    2.73254E+04
 1.61319E-03    2.58979E+04
 1.61329E-03    2.46532E+04
 1.61340E-03    2.35576E+04
 1.61350E-03    2.25850E+04
 1.61364E-03    2.14695E+04
 1.61377E-03    2.04924E+04
 1.61391E-03    1.96276E+04
 1.61405E-03    1.88556E+04
 1.61425E-03    1.78394E+04
 1.61446E-03    1.69609E+04
 1.61466E-03    1.61804E+04
 1.61488E-03    1.54711E+04
 1.61509E-03    1.48441E+04
 1.61531E-03    1.42858E+04
 1.61560E-03    1.36301E+04
 1.61585E-03    1.31118E+04
 1.61620E-03    1.25071E+04
 1.61654E-03    1.19831E+04
 1.61689E-03    1.15247E+04
 1.61735E-03    1.09959E+04
 1.61786E-03    1.04907E+04
 1.61844E-03    1.00166E+04
 1.61901E-03    9.61426E+03
 1.61959E-03    9.26868E+03
 1.62016E-03    8.96869E+03
 1.62102E-03    8.58636E+03
 1.62188E-03    8.26747E+03
 1.62271E-03    8.00585E+03
 1.62380E-03    7.71648E+03
 1.62490E-03    7.47411E+03
 1.62599E-03    7.26826E+03
 1.62768E-03    7.00368E+03
 1.62940E-03    6.78593E+03
 1.63112E-03    6.60634E+03
 1.63310E-03    6.43506E+03
 1.63508E-03    6.29250E+03
 1.63784E-03    6.12927E+03
 1.64071E-03    5.99160E+03
 1.64519E-03    5.82265E+03
 1.64823E-03    5.73072E+03
 1.65408E-03    5.58951E+03
 1.66063E-03    5.46970E+03
 1.66786E-03    5.36774E+03
 1.67957E-03    5.24484E+03
 1.69483E-03    5.13114E+03
 1.69897E-03    5.10645E+03
 1.70000E-03    5.10213E+03
 1.70000E-03    1.95939E+04
 1.72398E-03    1.94855E+04
 1.73489E-03    1.94362E+04
 1.75936E-03    1.93298E+04
 1.78419E-03    1.92218E+04
 1.79767E-03    1.91632E+04
 1.82304E-03    1.90576E+04
 1.84625E-03    1.89610E+04
 1.87230E-03    1.88560E+04
 1.88354E-03    1.88107E+04
 1.91012E-03    1.87073E+04
 1.93707E-03    1.86024E+04
 1.94090E-03    1.85875E+04
 1.96828E-03    1.84854E+04
 1.99605E-03    1.83817E+04
 2.00000E-03    1.83670E+04
 2.02822E-03    1.82682E+04
 2.05657E-03    1.81689E+04
 2.08559E-03    1.80709E+04
 2.10738E-03    1.79973E+04
 2.13711E-03    1.79000E+04
 2.15287E-03    1.78485E+04
 2.18324E-03    1.77531E+04
 2.21405E-03    1.76564E+04
 2.23485E-03    1.75910E+04
 2.26638E-03    1.74964E+04
 2.29835E-03    1.74004E+04
 2.29838E-03    1.74004E+04
 2.33080E-03    1.73063E+04
 2.34720E-03    1.72587E+04
 2.38032E-03    1.71661E+04
 2.41390E-03    1.70722E+04
 2.42240E-03    1.70485E+04
 2.45657E-03    1.69570E+04
 2.49123E-03    1.68642E+04
 2.50000E-03    1.68407E+04
 2.53527E-03    1.67499E+04
 2.55763E-03    1.66923E+04
 2.59371E-03    1.66020E+04
 2.60914E-03    1.65634E+04
 2.64595E-03    1.64748E+04
 2.68328E-03    1.63849E+04
 2.70180E-03    1.63403E+04
 2.73992E-03    1.62524E+04
 2.77345E-03    1.61750E+04
 2.81258E-03    1.60876E+04
 2.82843E-03    1.60521E+04
 2.86834E-03    1.59659E+04
 2.90880E-03    1.58785E+04
 2.91295E-03    1.58695E+04
 2.95405E-03    1.57843E+04
 2.99573E-03    1.56979E+04
 3.00000E-03    1.56890E+04
 3.04232E-03    1.56027E+04
 3.08525E-03    1.55152E+04
 3.10984E-03    1.54650E+04
 3.15372E-03    1.53797E+04
 3.19821E-03    1.52932E+04
 3.20925E-03    1.52717E+04
 3.25453E-03    1.51872E+04
 3.29884E-03    1.51045E+04
 3.34538E-03    1.50207E+04
 3.37927E-03    1.49597E+04
 3.42695E-03    1.48766E+04
 3.45126E-03    1.48342E+04
 3.49995E-03    1.47526E+04
 3.54933E-03    1.46699E+04
 3.58095E-03    1.46170E+04
 3.63147E-03    1.45361E+04
 3.68141E-03    1.44562E+04
 3.73334E-03    1.43758E+04
 3.75859E-03    1.43367E+04
 3.81162E-03    1.42576E+04
 3.86540E-03    1.41774E+04
 3.87742E-03    1.41594E+04
 3.93212E-03    1.40813E+04
 3.98760E-03    1.40020E+04
 4.00000E-03    1.39843E+04
 4.05643E-03    1.39073E+04
 4.11314E-03    1.38299E+04
 4.17117E-03    1.37536E+04
 4.21476E-03    1.36963E+04
 4.27423E-03    1.36205E+04
 4.30574E-03    1.35803E+04
 4.36649E-03    1.35061E+04
 4.42809E-03    1.34307E+04
 4.46970E-03    1.33799E+04
 4.53276E-03    1.33062E+04
 4.59671E-03    1.32315E+04
 4.59675E-03    1.32314E+04
 4.66161E-03    1.31582E+04
 4.69441E-03    1.31212E+04
 4.76064E-03    1.30492E+04
 4.82780E-03    1.29761E+04
 4.84480E-03    1.29576E+04
 4.91315E-03    1.28864E+04
 4.98246E-03    1.28143E+04
 5.00000E-03    1.27960E+04
 5.07054E-03    1.27306E+04
 5.11526E-03    1.26891E+04
 5.18743E-03    1.26242E+04
 5.21829E-03    1.25964E+04
 5.29191E-03    1.25325E+04
 5.36657E-03    1.24678E+04
 5.40361E-03    1.24357E+04
 5.47984E-03    1.23722E+04
 5.54691E-03    1.23165E+04
 5.62516E-03    1.22542E+04
 5.70452E-03    1.21911E+04
 5.76901E-03    1.21398E+04
 5.85040E-03    1.20785E+04
 5.93294E-03    1.20163E+04
 6.00000E-03    1.19657E+04
 6.08465E-03    1.19099E+04
 6.17049E-03    1.18533E+04
 6.23574E-03    1.18103E+04
 6.32371E-03    1.17548E+04
 6.41293E-03    1.16986E+04
 6.41860E-03    1.16950E+04
 6.50916E-03    1.16399E+04
 6.55926E-03    1.16093E+04
 6.65180E-03    1.15550E+04
 6.74564E-03    1.14998E+04
 6.77605E-03    1.14820E+04
 6.87165E-03    1.14282E+04
 6.96859E-03    1.13737E+04
 7.00000E-03    1.13560E+04
 7.09876E-03    1.13061E+04
 7.19891E-03    1.12555E+04
 7.23762E-03    1.12359E+04
 7.33973E-03    1.11863E+04
 7.42112E-03    1.11467E+04
 7.52582E-03    1.10978E+04
 7.63200E-03    1.10483E+04
 7.70513E-03    1.10141E+04
 7.81383E-03    1.09659E+04
 7.92407E-03    1.09169E+04
 8.00000E-03    1.08832E+04
 8.11287E-03    1.08380E+04
 8.22732E-03    1.07922E+04
 8.23907E-03    1.07875E+04
 8.35531E-03    1.07431E+04
 8.47319E-03    1.06981E+04
 8.59273E-03    1.06525E+04
 8.61113E-03    1.06454E+04
 8.73262E-03    1.06017E+04
 8.85582E-03    1.05573E+04
 8.98076E-03    1.05122E+04
 9.00000E-03    1.05053E+04
 9.12697E-03    1.04639E+04
 9.24021E-03    1.04269E+04
 9.37057E-03    1.03861E+04
 9.50278E-03    1.03448E+04
 9.61260E-03    1.03104E+04
 9.74822E-03    1.02701E+04
 9.88575E-03    1.02292E+04
 1.00000E-02    1.01952E+04
 1.01411E-02    1.01577E+04
 1.02829E-02    1.01201E+04
 1.04279E-02    1.00834E+04
 1.05750E-02    1.00462E+04
 1.07242E-02    1.00085E+04
 1.07972E-02    9.99000E+03
 1.09496E-02    9.95350E+03
 1.11041E-02    9.91648E+03
 1.11998E-02    9.89352E+03
 1.13579E-02    9.85716E+03
 1.15116E-02    9.82178E+03
 1.16740E-02    9.78599E+03
 1.18387E-02    9.74970E+03
 1.19956E-02    9.71513E+03
 1.21649E-02    9.67974E+03
 1.23365E-02    9.64384E+03
 1.25000E-02    9.60965E+03
 1.26764E-02    9.57482E+03
 1.28552E-02    9.53949E+03
 1.30366E-02    9.50367E+03
 1.30829E-02    9.49451E+03
 1.32675E-02    9.45984E+03
 1.34547E-02    9.42469E+03
 1.35379E-02    9.40906E+03
 1.37289E-02    9.37452E+03
 1.38895E-02    9.34548E+03
 1.40855E-02    9.31145E+03
 1.42842E-02    9.27694E+03
 1.44341E-02    9.25091E+03
 1.46377E-02    9.21722E+03
 1.48442E-02    9.18307E+03
 1.50000E-02    9.15730E+03
 1.52116E-02    9.12399E+03
 1.54262E-02    9.09020E+03
 1.55492E-02    9.07084E+03
 1.57686E-02    9.03775E+03
 1.59911E-02    9.00420E+03
 1.60463E-02    8.99587E+03
 1.62726E-02    8.96297E+03
 1.64942E-02    8.93077E+03
 1.67269E-02    8.89854E+03
 1.69629E-02    8.86584E+03
 1.72022E-02    8.83269E+03
 1.73083E-02    8.81799E+03
 1.75525E-02    8.78591E+03
 1.78002E-02    8.75339E+03
 1.79452E-02    8.73433E+03
 1.81984E-02    8.70238E+03
 1.84382E-02    8.67211E+03
 1.86984E-02    8.64066E+03
 1.89622E-02    8.60876E+03
 1.92032E-02    8.57961E+03
 1.94742E-02    8.54850E+03
 1.97489E-02    8.51694E+03
 2.00000E-02    8.48810E+03
 2.02822E-02    8.46158E+03
 2.05657E-02    8.43493E+03
 2.08559E-02    8.40892E+03
 2.11501E-02    8.38254E+03
 2.14485E-02    8.35578E+03
 2.15945E-02    8.34269E+03
 2.18991E-02    8.31677E+03
 2.22081E-02    8.29048E+03
 2.23997E-02    8.27417E+03
 2.27157E-02    8.24832E+03
 2.30232E-02    8.22315E+03
 2.33481E-02    8.19767E+03
 2.36775E-02    8.17183E+03
 2.39913E-02    8.14721E+03
 2.43297E-02    8.12197E+03
 2.46730E-02    8.09637E+03
 2.50000E-02    8.07197E+03
 2.53527E-02    8.04713E+03
 2.57104E-02    8.02194E+03
 2.60731E-02    7.99640E+03
 2.61659E-02    7.98986E+03
 2.65350E-02    7.96510E+03
 2.69094E-02    7.93999E+03
 2.70758E-02    7.92883E+03
 2.74578E-02    7.90451E+03
 2.78452E-02    7.87985E+03
 2.82380E-02    7.85485E+03
 2.85004E-02    7.83814E+03
 2.89025E-02    7.81411E+03
 2.93103E-02    7.78973E+03
 2.97238E-02    7.76501E+03
 3.00000E-02    7.74850E+03
 3.04232E-02    7.72912E+03
 3.08525E-02    7.70947E+03
 3.10984E-02    7.69821E+03
 3.15372E-02    7.67891E+03
 3.19821E-02    7.65933E+03
 3.20925E-02    7.65447E+03
 3.25453E-02    7.63555E+03
 3.30044E-02    7.61635E+03
 3.34701E-02    7.59689E+03
 3.39092E-02    7.57853E+03
 3.43876E-02    7.55964E+03
 3.48728E-02    7.54048E+03
 3.53389E-02    7.52207E+03
 3.58375E-02    7.50320E+03
 3.63431E-02    7.48407E+03
 3.64506E-02    7.48000E+03
 3.69649E-02    7.46141E+03
 3.74864E-02    7.44256E+03
 3.80153E-02    7.42344E+03
 3.81841E-02    7.41734E+03
 3.87228E-02    7.39890E+03
 3.92691E-02    7.38021E+03
 3.98231E-02    7.36125E+03
 4.00000E-02    7.35520E+03
 4.05643E-02    7.33962E+03
 4.11366E-02    7.32383E+03
 4.17170E-02    7.30781E+03
 4.22949E-02    7.29186E+03
 4.28916E-02    7.27629E+03
 4.34967E-02    7.26051E+03
 4.41020E-02    7.24472E+03
 4.47242E-02    7.22944E+03
 4.53552E-02    7.21394E+03
 4.59950E-02    7.19823E+03
 4.66440E-02    7.18229E+03
 4.69585E-02    7.17457E+03
 4.76210E-02    7.15944E+03
 4.82928E-02    7.14409E+03
 4.89742E-02    7.12853E+03
 4.96651E-02    7.11275E+03
 5.00000E-02    7.10510E+03
 5.07054E-02    7.09152E+03
 5.14208E-02    7.07776E+03
 5.21462E-02    7.06380E+03
 5.23318E-02    7.06023E+03
 5.30701E-02    7.04691E+03
 5.38188E-02    7.03341E+03
 5.45781E-02    7.01972E+03
 5.53481E-02    7.00583E+03
 5.60349E-02    6.99345E+03
 5.68254E-02    6.98026E+03
 5.76271E-02    6.96689E+03
 5.84401E-02    6.95332E+03
 5.92646E-02    6.93957E+03
 6.00000E-02    6.92730E+03
 6.08465E-02    6.91520E+03
 6.17049E-02    6.90293E+03
 6.23574E-02    6.89360E+03
 6.32371E-02    6.88170E+03
 6.41293E-02    6.86962E+03
 6.50341E-02    6.85737E+03
 6.59516E-02    6.84495E+03
 6.60683E-02    6.84337E+03
 6.70004E-02    6.83155E+03
 6.79456E-02    6.81956E+03
 6.89042E-02    6.80740E+03
 6.98763E-02    6.79507E+03
 7.00000E-02    6.79350E+03
 7.09876E-02    6.78290E+03
 7.19891E-02    6.77214E+03
 7.30047E-02    6.76124E+03
 7.40347E-02    6.75018E+03
 7.48331E-02    6.74160E+03
 7.58889E-02    6.73108E+03
 7.69596E-02    6.72041E+03
 7.80453E-02    6.70958E+03
 7.91464E-02    6.69861E+03
 8.00000E-02    6.69010E+03
 8.11287E-02    6.68062E+03
 8.22732E-02    6.67100E+03
 8.34340E-02    6.66125E+03
 8.46111E-02    6.65136E+03
 8.48528E-02    6.64933E+03
 8.60499E-02    6.63990E+03
 8.72639E-02    6.63034E+03
 8.84951E-02    6.62065E+03
 8.97436E-02    6.61082E+03
 9.00000E-02    6.60880E+03
 9.12697E-02    6.60011E+03
 9.25574E-02    6.59129E+03
 9.38632E-02    6.58235E+03
 9.48683E-02    6.57547E+03
 9.62067E-02    6.56682E+03
 9.75641E-02    6.55804E+03
 9.89405E-02    6.54915E+03
 1.00000E-01    6.54230E+03
 1.01411E-01    6.53458E+03
 1.02842E-01    6.52674E+03
 1.04292E-01    6.51880E+03
 1.05764E-01    6.51074E+03
 1.07256E-01    6.50257E+03
 1.08769E-01    6.49429E+03
 1.09545E-01    6.49004E+03
 1.11090E-01    6.48238E+03
 1.12657E-01    6.47461E+03
 1.14247E-01    6.46673E+03
 1.15858E-01    6.45873E+03
 1.17493E-01    6.45063E+03
 1.19151E-01    6.44241E+03
 1.20000E-01    6.43820E+03
 1.21693E-01    6.43153E+03
 1.23410E-01    6.42477E+03
 1.25151E-01    6.41792E+03
 1.26917E-01    6.41096E+03
 1.28707E-01    6.40391E+03
 1.29615E-01    6.40034E+03
 1.31443E-01    6.39371E+03
 1.33298E-01    6.38699E+03
 1.35178E-01    6.38017E+03
 1.37086E-01    6.37326E+03
 1.39020E-01    6.36625E+03
 1.40000E-01    6.36270E+03
 1.41975E-01    6.35699E+03
 1.43978E-01    6.35119E+03
 1.46009E-01    6.34532E+03
 1.48069E-01    6.33936E+03
 1.49666E-01    6.33474E+03
 1.51778E-01    6.32905E+03
 1.53919E-01    6.32328E+03
 1.56091E-01    6.31743E+03
 1.58293E-01    6.31150E+03
 1.60000E-01    6.30690E+03
 1.62257E-01    6.30203E+03
 1.64546E-01    6.29709E+03
 1.66868E-01    6.29209E+03
 1.69222E-01    6.28701E+03
 1.69706E-01    6.28597E+03
 1.72100E-01    6.28111E+03
 1.74528E-01    6.27619E+03
 1.76990E-01    6.27120E+03
 1.79487E-01    6.26614E+03
 1.80000E-01    6.26510E+03
 1.82539E-01    6.26127E+03
 1.85115E-01    6.25738E+03
 1.87726E-01    6.25343E+03
 1.90375E-01    6.24943E+03
 1.93061E-01    6.24538E+03
 1.95784E-01    6.24127E+03
 1.98547E-01    6.23709E+03
 2.00000E-01    6.23490E+03
 2.02822E-01    6.23253E+03
 2.05683E-01    6.23013E+03
 2.08585E-01    6.22769E+03
 2.11528E-01    6.22522E+03
 2.14512E-01    6.22271E+03
 2.17538E-01    6.22017E+03
 2.20607E-01    6.21759E+03
 2.23607E-01    6.21507E+03
 2.26761E-01    6.21271E+03
 2.29961E-01    6.21031E+03
 2.33205E-01    6.20788E+03
 2.36495E-01    6.20542E+03
 2.39832E-01    6.20292E+03
 2.43215E-01    6.20038E+03
 2.46647E-01    6.19781E+03
 2.50000E-01    6.19530E+03
 3.00000E-01    6.18870E+03
 3.00000E-01    6.18866E+03
 4.00000E-01    6.22099E+03
 4.46403E-01    6.14669E+03
 4.49552E-01    6.23466E+03
 4.52701E-01    6.24954E+03
 7.04938E-01    6.46222E+03
 9.06349E-01    6.58951E+03
 9.50000E-01    6.60896E+03
 9.77120E-01    6.55393E+03
 1.00000E+00    6.62836E+03
 1.04130E+00    6.61797E+03
 1.20000E+00    6.65603E+03
 1.40000E+00    6.61658E+03
 1.44083E+00    6.56351E+03
 1.59545E+00    6.50853E+03
 1.60000E+00    6.51683E+03
 1.79966E+00    6.37171E+03
 1.90547E+00    6.26316E+03
 2.00000E+00    6.20080E+03
 2.02964E+00    6.15752E+03
 2.14383E+00    6.03748E+03
 2.20000E+00    6.02249E+03
 2.29077E+00    5.89431E+03
 2.38042E+00    5.84106E+03
 2.40000E+00    5.84364E+03
 2.45653E+00    5.73978E+03
 2.51129E+00    5.67595E+03
 2.54125E+00    5.65795E+03
 2.57079E+00    5.65473E+03
 2.60000E+00    5.67188E+03
 2.66384E+00    5.58236E+03
 2.80000E+00    5.52377E+03
 3.12571E+00    5.29208E+03
 3.46852E+00    5.08695E+03
 3.82973E+00    4.90941E+03
 4.25000E+00    4.74358E+03
 4.68854E+00    4.60914E+03
 5.10631E+00    4.50894E+03
 5.57759E+00    4.42299E+03
 6.04232E+00    4.36808E+03
 6.54585E+00    4.34115E+03
 7.00000E+00    4.33972E+03
 7.65946E+00    4.37453E+03
 8.55996E+00    4.45800E+03
 9.56701E+00    4.56469E+03
 9.98080E+00    4.60872E+03
 1.00000E+01    4.61106E+03
 1.01411E+01    4.62301E+03
 1.02842E+01    4.63513E+03
 1.04292E+01    4.64743E+03
 1.04881E+01    4.65241E+03
 1.06361E+01    4.66447E+03
 1.07861E+01    4.67671E+03
 1.09383E+01    4.68911E+03
 1.10000E+01    4.69414E+03
 1.11552E+01    4.70262E+03
 1.13126E+01    4.71122E+03
 1.14722E+01    4.71994E+03
 1.14891E+01    4.72086E+03
 1.16512E+01    4.72939E+03
 1.18156E+01    4.73804E+03
 1.19823E+01    4.74681E+03
 1.20000E+01    4.74774E+03
 1.21693E+01    4.75154E+03
 1.23410E+01    4.75540E+03
 1.25151E+01    4.75932E+03
 1.26917E+01    4.76328E+03
 1.28707E+01    4.76731E+03
 1.30000E+01    4.77022E+03
 1.31834E+01    4.76908E+03
 1.33694E+01    4.76794E+03
 1.35580E+01    4.76677E+03
 1.37493E+01    4.76559E+03
 1.39433E+01    4.76440E+03
 1.40000E+01    4.76405E+03
 1.41975E+01    4.75759E+03
 1.43978E+01    4.75104E+03
 1.46009E+01    4.74439E+03
 1.48069E+01    4.73765E+03
 1.50000E+01    4.73134E+03
 1.52042E+01    4.72002E+03
 1.54187E+01    4.70844E+03
 1.56362E+01    4.69670E+03
 1.58568E+01    4.68480E+03
 1.60000E+01    4.67707E+03
 1.62257E+01    4.66134E+03
 1.64546E+01    4.64538E+03
 1.64764E+01    4.64387E+03
 1.67088E+01    4.62825E+03
 1.69445E+01    4.61240E+03
 1.69669E+01    4.61090E+03
 1.70000E+01    4.60871E+03
 1.72398E+01    4.58886E+03
 1.74831E+01    4.56874E+03
 1.74929E+01    4.56792E+03
 1.77396E+01    4.54825E+03
 1.79899E+01    4.52830E+03
 1.80000E+01    4.52750E+03
 1.82539E+01    4.50449E+03
 1.84932E+01    4.48280E+03
 1.87541E+01    4.46001E+03
 1.90000E+01    4.43854E+03
 1.92681E+01    4.41265E+03
 1.94936E+01    4.39087E+03
 1.97686E+01    4.36526E+03
 2.00000E+01    4.34372E+03
