# p + Fe 58 : (p,xa)    
# tendl.2019 A.J. Koning                       EVAL-OCT19
# 
# # energies =    54
#   E(MeV)        xs(mb) 
 3.14404E+00    7.49117E-04
 3.16942E+00    8.43570E-04
 3.19811E+00    9.50343E-04
 3.25774E+00    1.17226E-03
 3.51606E+00    2.13362E-03
 3.52447E+00    2.16492E-03
 3.60949E+00    2.48133E-03
 4.00000E+00    3.93465E-03
 4.04507E+00    6.90122E-03
 4.20224E+00    1.72463E-02
 4.20646E+00    1.75241E-02
 4.21249E+00    1.79210E-02
 5.00000E+00    6.97557E-02
 6.00000E+00    5.76879E-01
 7.00000E+00    2.28060E+00
 8.00000E+00    5.12240E+00
 9.00000E+00    9.15085E+00
 1.00000E+01    1.51120E+01
 1.10000E+01    2.15705E+01
 1.20000E+01    2.68129E+01
 1.30000E+01    3.06539E+01
 1.40000E+01    3.32053E+01
 1.50000E+01    3.50705E+01
 1.60000E+01    3.65805E+01
 1.70000E+01    3.79739E+01
 1.80000E+01    3.98874E+01
 1.90000E+01    4.30248E+01
 2.00000E+01    4.72931E+01
 2.20000E+01    5.66953E+01
 2.40000E+01    6.41632E+01
 2.60000E+01    6.84879E+01
 2.80000E+01    7.07222E+01
 3.00000E+01    7.20349E+01
 3.00000E+01    7.21434E+01
 3.50000E+01    7.53268E+01
 4.00000E+01    7.37447E+01
 4.50000E+01    6.82527E+01
 5.00000E+01    6.26323E+01
 5.50000E+01    5.73778E+01
 6.00000E+01    5.32077E+01
 6.50000E+01    4.95787E+01
 7.00000E+01    4.58705E+01
 7.50000E+01    4.31232E+01
 8.00000E+01    4.24050E+01
 9.00000E+01    4.60367E+01
 1.00000E+02    5.08791E+01
 1.10000E+02    5.52525E+01
 1.20000E+02    5.95510E+01
 1.30000E+02    6.37937E+01
 1.40000E+02    6.81868E+01
 1.50000E+02    7.28368E+01
 1.60000E+02    7.70649E+01
 1.80000E+02    8.69751E+01
 2.00000E+02    1.02227E+02
