# n + Cf250 : (n,g)     
# jendl4.0   O.Iwamoto,T.Nakagawa,+            EVAL-FEB10
# uncertainties: y
# # energies =   616
#   E(MeV)       xs(mb)       xslow(mb)      xsupp(mb)
 1.00000E-11    1.39049E+08    1.39049E+08    1.39049E+08
 1.04713E-11    1.35884E+08    1.35884E+08    1.35884E+08
 1.09648E-11    1.32788E+08    1.32788E+08    1.32788E+08
 1.14815E-11    1.29766E+08    1.29766E+08    1.29766E+08
 1.20226E-11    1.26809E+08    1.26809E+08    1.26809E+08
 1.25893E-11    1.23924E+08    1.23924E+08    1.23924E+08
 1.31826E-11    1.21100E+08    1.21100E+08    1.21100E+08
 1.38038E-11    1.18344E+08    1.18344E+08    1.18344E+08
 1.44544E-11    1.15647E+08    1.15647E+08    1.15647E+08
 1.51356E-11    1.13014E+08    1.13014E+08    1.13014E+08
 1.58489E-11    1.10440E+08    1.10440E+08    1.10440E+08
 1.65959E-11    1.07925E+08    1.07925E+08    1.07925E+08
 1.73780E-11    1.05467E+08    1.05467E+08    1.05467E+08
 1.81970E-11    1.03064E+08    1.03064E+08    1.03064E+08
 1.90546E-11    1.00718E+08    1.00718E+08    1.00718E+08
 1.99526E-11    9.84223E+07    9.84223E+07    9.84223E+07
 2.08930E-11    9.61819E+07    9.61819E+07    9.61819E+07
 2.18776E-11    9.39897E+07    9.39897E+07    9.39897E+07
 2.29087E-11    9.18498E+07    9.18498E+07    9.18498E+07
 2.39883E-11    8.97566E+07    8.97566E+07    8.97566E+07
 2.51189E-11    8.77122E+07    8.77122E+07    8.77122E+07
 2.63027E-11    8.57141E+07    8.57141E+07    8.57141E+07
 2.75423E-11    8.37607E+07    8.37607E+07    8.37607E+07
 2.88403E-11    8.18531E+07    8.18531E+07    8.18531E+07
 3.01995E-11    7.99870E+07    7.99870E+07    7.99870E+07
 3.16228E-11    7.81656E+07    7.81656E+07    7.81656E+07
 3.31131E-11    7.63832E+07    7.63832E+07    7.63832E+07
 3.46737E-11    7.46437E+07    7.46437E+07    7.46437E+07
 3.63078E-11    7.29417E+07    7.29417E+07    7.29417E+07
 3.80189E-11    7.12800E+07    7.12800E+07    7.12800E+07
 3.98107E-11    6.96550E+07    6.96550E+07    6.96550E+07
 4.16869E-11    6.80674E+07    6.80674E+07    6.80674E+07
 4.36516E-11    6.65161E+07    6.65161E+07    6.65161E+07
 4.57088E-11    6.49992E+07    6.49992E+07    6.49992E+07
 4.78630E-11    6.35181E+07    6.35181E+07    6.35181E+07
 5.01187E-11    6.20690E+07    6.20690E+07    6.20690E+07
 5.24807E-11    6.06547E+07    6.06547E+07    6.06547E+07
 5.49541E-11    5.92707E+07    5.92707E+07    5.92707E+07
 5.75440E-11    5.79198E+07    5.79198E+07    5.79198E+07
 6.02560E-11    5.65982E+07    5.65982E+07    5.65982E+07
 6.30957E-11    5.53077E+07    5.53077E+07    5.53077E+07
 6.60693E-11    5.40459E+07    5.40459E+07    5.40459E+07
 6.91831E-11    5.28128E+07    5.28128E+07    5.28128E+07
 7.24436E-11    5.16082E+07    5.16082E+07    5.16082E+07
 7.58578E-11    5.04300E+07    5.04300E+07    5.04300E+07
 7.94328E-11    4.92798E+07    4.92798E+07    4.92798E+07
 8.31764E-11    4.81543E+07    4.81543E+07    4.81543E+07
 8.70964E-11    4.70558E+07    4.70558E+07    4.70558E+07
 9.12011E-11    4.59809E+07    4.59809E+07    4.59809E+07
 9.54993E-11    4.49316E+07    4.49316E+07    4.49316E+07
 1.00000E-10    4.39051E+07    4.39051E+07    4.39051E+07
 1.04713E-10    4.29026E+07    4.29026E+07    4.29026E+07
 1.09648E-10    4.19225E+07    4.19225E+07    4.19225E+07
 1.14815E-10    4.09645E+07    4.09645E+07    4.09645E+07
 1.20226E-10    4.00288E+07    4.00288E+07    4.00288E+07
 1.25893E-10    3.91134E+07    3.91134E+07    3.91134E+07
 1.31826E-10    3.82199E+07    3.82199E+07    3.82199E+07
 1.38038E-10    3.73454E+07    3.73454E+07    3.73454E+07
 1.44544E-10    3.64920E+07    3.64920E+07    3.64920E+07
 1.51356E-10    3.56568E+07    3.56568E+07    3.56568E+07
 1.58489E-10    3.48414E+07    3.48414E+07    3.48414E+07
 1.65959E-10    3.40438E+07    3.40438E+07    3.40438E+07
 1.73780E-10    3.32646E+07    3.32646E+07    3.32646E+07
 1.81970E-10    3.25031E+07    3.25031E+07    3.25031E+07
 1.90546E-10    3.17584E+07    3.17584E+07    3.17584E+07
 1.99526E-10    3.10312E+07    3.10312E+07    3.10312E+07
 2.08930E-10    3.03197E+07    3.03197E+07    3.03197E+07
 2.18776E-10    2.96251E+07    2.96251E+07    2.96251E+07
 2.29087E-10    2.89454E+07    2.89454E+07    2.89454E+07
 2.39883E-10    2.82818E+07    2.82818E+07    2.82818E+07
 2.51189E-10    2.76325E+07    2.76325E+07    2.76325E+07
 2.63027E-10    2.69984E+07    2.69984E+07    2.69984E+07
 2.75423E-10    2.63783E+07    2.63783E+07    2.63783E+07
 2.88403E-10    2.57723E+07    2.57723E+07    2.57723E+07
 3.01995E-10    2.51801E+07    2.51801E+07    2.51801E+07
 3.16228E-10    2.46009E+07    2.46009E+07    2.46009E+07
 3.31131E-10    2.40352E+07    2.40352E+07    2.40352E+07
 3.46737E-10    2.34817E+07    2.34817E+07    2.34817E+07
 3.63078E-10    2.29413E+07    2.29413E+07    2.29413E+07
 3.80189E-10    2.24124E+07    2.24124E+07    2.24124E+07
 3.98107E-10    2.18960E+07    2.18960E+07    2.18960E+07
 4.16869E-10    2.13907E+07    2.13907E+07    2.13907E+07
 4.36516E-10    2.08971E+07    2.08971E+07    2.08971E+07
 4.57088E-10    2.04145E+07    2.04145E+07    2.04145E+07
 4.78630E-10    1.99426E+07    1.99426E+07    1.99426E+07
 5.01187E-10    1.94815E+07    1.94815E+07    1.94815E+07
 5.24807E-10    1.90304E+07    1.90304E+07    1.90304E+07
 5.49541E-10    1.85899E+07    1.85899E+07    1.85899E+07
 5.75440E-10    1.81586E+07    1.81586E+07    1.81586E+07
 6.02560E-10    1.77376E+07    1.77376E+07    1.77376E+07
 6.30957E-10    1.73255E+07    1.73255E+07    1.73255E+07
 6.60693E-10    1.69230E+07    1.69230E+07    1.69230E+07
 6.91831E-10    1.65292E+07    1.65292E+07    1.65292E+07
 7.24436E-10    1.61443E+07    1.61443E+07    1.61443E+07
 7.58578E-10    1.57679E+07    1.57679E+07    1.57679E+07
 7.94328E-10    1.53998E+07    1.53998E+07    1.53998E+07
 8.31764E-10    1.50402E+07    1.50402E+07    1.50402E+07
 8.70964E-10    1.46882E+07    1.46882E+07    1.46882E+07
 9.12011E-10    1.43444E+07    1.43444E+07    1.43444E+07
 9.54993E-10    1.40077E+07    1.40077E+07    1.40077E+07
 1.00000E-09    1.36790E+07    1.36790E+07    1.36790E+07
 1.04713E-09    1.33571E+07    1.33571E+07    1.33571E+07
 1.09648E-09    1.30426E+07    1.30426E+07    1.30426E+07
 1.14815E-09    1.27349E+07    1.27349E+07    1.27349E+07
 1.20226E-09    1.24340E+07    1.24340E+07    1.24340E+07
 1.25892E-09    1.21398E+07    1.21398E+07    1.21398E+07
 1.31826E-09    1.18519E+07    1.18519E+07    1.18519E+07
 1.38038E-09    1.15706E+07    1.15706E+07    1.15706E+07
 1.44544E-09    1.12950E+07    1.12950E+07    1.12950E+07
 1.51356E-09    1.10259E+07    1.10259E+07    1.10259E+07
 1.58489E-09    1.07623E+07    1.07623E+07    1.07623E+07
 1.65959E-09    1.05047E+07    1.05047E+07    1.05047E+07
 1.73780E-09    1.02525E+07    1.02525E+07    1.02525E+07
 1.81970E-09    1.00060E+07    1.00060E+07    1.00060E+07
 1.90546E-09    9.76468E+06    9.76468E+06    9.76468E+06
 1.99526E-09    9.52859E+06    9.52859E+06    9.52859E+06
 2.08930E-09    9.29771E+06    9.29771E+06    9.29771E+06
 2.18776E-09    9.07161E+06    9.07161E+06    9.07161E+06
 2.29087E-09    8.85063E+06    8.85063E+06    8.85063E+06
 2.39883E-09    8.63412E+06    8.63412E+06    8.63412E+06
 2.51189E-09    8.42253E+06    8.42253E+06    8.42253E+06
 2.63027E-09    8.21520E+06    8.21520E+06    8.21520E+06
 2.75423E-09    8.01251E+06    8.01251E+06    8.01251E+06
 2.88403E-09    7.81392E+06    7.81392E+06    7.81392E+06
 3.01995E-09    7.61979E+06    7.61979E+06    7.61979E+06
 3.16228E-09    7.42958E+06    7.42958E+06    7.42958E+06
 3.31131E-09    7.24360E+06    7.24360E+06    7.24360E+06
 3.46737E-09    7.06137E+06    7.06137E+06    7.06137E+06
 3.63078E-09    6.88313E+06    6.88313E+06    6.88313E+06
 3.80189E-09    6.70855E+06    6.70855E+06    6.70855E+06
 3.98107E-09    6.53766E+06    6.53766E+06    6.53766E+06
 4.16869E-09    6.37041E+06    6.37041E+06    6.37041E+06
 4.36516E-09    6.20656E+06    6.20656E+06    6.20656E+06
 4.57088E-09    6.04627E+06    6.04627E+06    6.04627E+06
 4.78630E-09    5.88916E+06    5.88916E+06    5.88916E+06
 5.01187E-09    5.73550E+06    5.73550E+06    5.73550E+06
 5.24807E-09    5.58488E+06    5.58488E+06    5.58488E+06
 5.49541E-09    5.43751E+06    5.43751E+06    5.43751E+06
 5.75440E-09    5.29314E+06    5.29314E+06    5.29314E+06
 6.02560E-09    5.15178E+06    5.15178E+06    5.15178E+06
 6.30957E-09    5.01340E+06    5.01340E+06    5.01340E+06
 6.60693E-09    4.87781E+06    4.87781E+06    4.87781E+06
 6.91831E-09    4.74514E+06    4.74514E+06    4.74514E+06
 7.24436E-09    4.61510E+06    4.61510E+06    4.61510E+06
 7.58578E-09    4.48789E+06    4.48789E+06    4.48789E+06
 7.94328E-09    4.36320E+06    4.36320E+06    4.36320E+06
 8.31764E-09    4.24120E+06    4.24120E+06    4.24120E+06
 8.70964E-09    4.12169E+06    4.12169E+06    4.12169E+06
 9.12011E-09    4.00466E+06    4.00466E+06    4.00466E+06
 9.54993E-09    3.89017E+06    3.89017E+06    3.89017E+06
 1.00000E-08    3.77804E+06    3.77804E+06    3.77804E+06
 1.04713E-08    3.66829E+06    3.66829E+06    3.66829E+06
 1.09648E-08    3.56092E+06    3.56092E+06    3.56092E+06
 1.14815E-08    3.45580E+06    3.45580E+06    3.45580E+06
 1.20226E-08    3.35296E+06    3.35296E+06    3.35296E+06
 1.25893E-08    3.25239E+06    3.25239E+06    3.25239E+06
 1.31826E-08    3.15398E+06    3.15398E+06    3.15398E+06
 1.38038E-08    3.05774E+06    3.05774E+06    3.05774E+06
 1.44544E-08    2.96368E+06    2.96368E+06    2.96368E+06
 1.51356E-08    2.87171E+06    2.87171E+06    2.87171E+06
 1.58489E-08    2.78181E+06    2.78181E+06    2.78181E+06
 1.65959E-08    2.69402E+06    2.69402E+06    2.69402E+06
 1.73780E-08    2.60822E+06    2.60822E+06    2.60822E+06
 1.81970E-08    2.52445E+06    2.52445E+06    2.52445E+06
 1.90546E-08    2.44270E+06    2.44270E+06    2.44270E+06
 1.99526E-08    2.36294E+06    2.36294E+06    2.36294E+06
 2.08930E-08    2.28516E+06    2.28516E+06    2.28516E+06
 2.18776E-08    2.20934E+06    2.20934E+06    2.20934E+06
 2.29087E-08    2.13546E+06    2.13546E+06    2.13546E+06
 2.39883E-08    2.06349E+06    2.06349E+06    2.06349E+06
 2.51189E-08    1.99347E+06    1.99347E+06    1.99347E+06
 2.63027E-08    1.92535E+06    1.92535E+06    1.92535E+06
 2.75423E-08    1.85912E+06    1.85912E+06    1.85912E+06
 2.88403E-08    1.79476E+06    1.79476E+06    1.79476E+06
 3.01995E-08    1.73228E+06    1.73228E+06    1.73228E+06
 3.16228E-08    1.67166E+06    1.67166E+06    1.67166E+06
 3.31131E-08    1.61290E+06    1.61290E+06    1.61290E+06
 3.46737E-08    1.55599E+06    1.55599E+06    1.55599E+06
 3.63078E-08    1.50090E+06    1.50090E+06    1.50090E+06
 3.80189E-08    1.44764E+06    1.44764E+06    1.44764E+06
 3.98107E-08    1.39619E+06    1.39619E+06    1.39619E+06
 4.16869E-08    1.34654E+06    1.34654E+06    1.34654E+06
 4.36516E-08    1.29868E+06    1.29868E+06    1.29868E+06
 4.57088E-08    1.25260E+06    1.25260E+06    1.25260E+06
 4.78630E-08    1.20828E+06    1.20828E+06    1.20828E+06
 5.01187E-08    1.16571E+06    1.16571E+06    1.16571E+06
 5.24807E-08    1.12487E+06    1.12487E+06    1.12487E+06
 5.49541E-08    1.08577E+06    1.08577E+06    1.08577E+06
 5.75440E-08    1.04838E+06    1.04838E+06    1.04838E+06
 6.02560E-08    1.01268E+06    1.01268E+06    1.01268E+06
 6.30957E-08    9.78661E+05    9.78661E+05    9.78661E+05
 6.60693E-08    9.46306E+05    9.46306E+05    9.46306E+05
 6.91831E-08    9.15595E+05    9.15595E+05    9.15595E+05
 7.24436E-08    8.86516E+05    8.86516E+05    8.86516E+05
 7.58578E-08    8.59050E+05    8.59050E+05    8.59050E+05
 7.94328E-08    8.33184E+05    8.33184E+05    8.33184E+05
 8.31764E-08    8.08906E+05    8.08906E+05    8.08906E+05
 8.70964E-08    7.86204E+05    7.86204E+05    7.86204E+05
 9.12011E-08    7.65073E+05    7.65073E+05    7.65073E+05
 9.54993E-08    7.45502E+05    7.45502E+05    7.45502E+05
 1.00000E-07    7.27486E+05    7.27486E+05    7.27486E+05
 1.04713E-07    7.11023E+05    7.11023E+05    7.11023E+05
 1.09648E-07    6.96118E+05    6.96118E+05    6.96118E+05
 1.14815E-07    6.82782E+05    6.82782E+05    6.82782E+05
 1.20226E-07    6.71044E+05    6.71044E+05    6.71044E+05
 1.25893E-07    6.60906E+05    6.60906E+05    6.60906E+05
 1.31826E-07    6.52414E+05    6.52414E+05    6.52414E+05
 1.38038E-07    6.45615E+05    6.45615E+05    6.45615E+05
 1.44544E-07    6.40566E+05    6.40566E+05    6.40566E+05
 1.51356E-07    6.37352E+05    6.37352E+05    6.37352E+05
 1.58489E-07    6.36073E+05    6.36073E+05    6.36073E+05
 1.65959E-07    6.36861E+05    6.36861E+05    6.36861E+05
 1.73780E-07    6.39866E+05    6.39866E+05    6.39866E+05
 1.81970E-07    6.45297E+05    6.45297E+05    6.45297E+05
 1.90546E-07    6.53395E+05    6.53395E+05    6.53395E+05
 1.99526E-07    6.64475E+05    6.64475E+05    6.64475E+05
 2.08930E-07    6.78943E+05    6.78943E+05    6.78943E+05
 2.18776E-07    6.97286E+05    6.97286E+05    6.97286E+05
 2.29087E-07    7.20164E+05    7.20164E+05    7.20164E+05
 2.39883E-07    7.48390E+05    7.48390E+05    7.48390E+05
 2.51189E-07    7.83055E+05    7.83055E+05    7.83055E+05
 2.63027E-07    8.25574E+05    8.25574E+05    8.25574E+05
 2.75423E-07    8.77870E+05    8.77870E+05    8.77870E+05
 2.88403E-07    9.42570E+05    9.42570E+05    9.42570E+05
 3.01995E-07    1.02331E+06    1.02331E+06    1.02331E+06
 3.16228E-07    1.12533E+06    1.12533E+06    1.12533E+06
 3.31131E-07    1.25633E+06    1.25633E+06    1.25633E+06
 3.46737E-07    1.42810E+06    1.42810E+06    1.42810E+06
 3.63078E-07    1.65931E+06    1.65931E+06    1.65931E+06
 3.80189E-07    1.98127E+06    1.98127E+06    1.98127E+06
 3.98107E-07    2.44994E+06    2.44994E+06    2.44994E+06
 4.16869E-07    3.17361E+06    3.17361E+06    3.17361E+06
 4.36516E-07    4.38685E+06    4.38685E+06    4.38685E+06
 4.57088E-07    6.68292E+06    6.68292E+06    6.68292E+06
 4.78630E-07    1.19531E+07    1.19531E+07    1.19531E+07
 5.01187E-07    2.82436E+07    2.82436E+07    2.82436E+07
 5.24807E-07    7.52503E+07    7.52503E+07    7.52503E+07
 5.49541E-07    8.58023E+07    8.58023E+07    8.58023E+07
 5.75440E-07    3.24417E+07    3.24417E+07    3.24417E+07
 6.02560E-07    1.07875E+07    1.07875E+07    1.07875E+07
 6.30957E-07    4.89591E+06    4.89591E+06    4.89591E+06
 6.60693E-07    2.69095E+06    2.69095E+06    2.69095E+06
 6.91831E-07    1.65365E+06    1.65365E+06    1.65365E+06
 7.24436E-07    1.09261E+06    1.09261E+06    1.09261E+06
 7.58578E-07    7.59599E+05    7.59599E+05    7.59599E+05
 7.94328E-07    5.48346E+05    5.48346E+05    5.48346E+05
 8.31764E-07    4.07520E+05    4.07520E+05    4.07520E+05
 8.70964E-07    3.09932E+05    3.09932E+05    3.09932E+05
 9.12011E-07    2.40191E+05    2.40191E+05    2.40191E+05
 9.54993E-07    1.89070E+05    1.89070E+05    1.89070E+05
 1.00000E-06    1.50812E+05    1.50812E+05    1.50812E+05
 1.04713E-06    1.21657E+05    1.21657E+05    1.21657E+05
 1.09648E-06    9.91130E+04    9.91130E+04    9.91130E+04
 1.14815E-06    8.14466E+04    8.14466E+04    8.14466E+04
 1.20226E-06    6.74470E+04    6.74470E+04    6.74470E+04
 1.25893E-06    5.62337E+04    5.62337E+04    5.62337E+04
 1.31826E-06    4.71810E+04    4.71810E+04    4.71810E+04
 1.38038E-06    3.98214E+04    3.98214E+04    3.98214E+04
 1.44544E-06    3.37859E+04    3.37859E+04    3.37859E+04
 1.51356E-06    2.88054E+04    2.88054E+04    2.88054E+04
 1.58489E-06    2.46775E+04    2.46775E+04    2.46775E+04
 1.65959E-06    2.12395E+04    2.12395E+04    2.12395E+04
 1.73780E-06    1.83687E+04    1.83687E+04    1.83687E+04
 1.81970E-06    1.59541E+04    1.59541E+04    1.59541E+04
 1.90546E-06    1.39144E+04    1.39144E+04    1.39144E+04
 1.99526E-06    1.21905E+04    1.21905E+04    1.21905E+04
 2.08930E-06    1.07301E+04    1.07301E+04    1.07301E+04
 2.18776E-06    9.49016E+03    9.49016E+03    9.49016E+03
 2.29087E-06    8.43596E+03    8.43596E+03    8.43596E+03
 2.39883E-06    7.53923E+03    7.53923E+03    7.53923E+03
 2.51189E-06    6.77811E+03    6.77811E+03    6.77811E+03
 2.63027E-06    6.13146E+03    6.13146E+03    6.13146E+03
 2.75423E-06    5.58533E+03    5.58533E+03    5.58533E+03
 2.88403E-06    5.12381E+03    5.12381E+03    5.12381E+03
 3.01995E-06    4.73762E+03    4.73762E+03    4.73762E+03
 3.16228E-06    4.41992E+03    4.41992E+03    4.41992E+03
 3.31131E-06    4.16379E+03    4.16379E+03    4.16379E+03
 3.46737E-06    3.96476E+03    3.96476E+03    3.96476E+03
 3.63078E-06    3.81851E+03    3.81851E+03    3.81851E+03
 3.80189E-06    3.72526E+03    3.72526E+03    3.72526E+03
 3.98107E-06    3.68666E+03    3.68666E+03    3.68666E+03
 4.16869E-06    3.70591E+03    3.70591E+03    3.70591E+03
 4.36516E-06    3.79237E+03    3.79237E+03    3.79237E+03
 4.57088E-06    3.95692E+03    3.95692E+03    3.95692E+03
 4.78630E-06    4.22544E+03    4.22544E+03    4.22544E+03
 5.01187E-06    4.63546E+03    4.63546E+03    4.63546E+03
 5.24807E-06    5.25647E+03    5.25647E+03    5.25647E+03
 5.49541E-06    6.23304E+03    6.23304E+03    6.23304E+03
 5.75440E-06    7.90246E+03    7.90246E+03    7.90246E+03
 6.02560E-06    1.13617E+04    1.13617E+04    1.13617E+04
 6.30957E-06    2.40506E+04    2.40506E+04    2.40506E+04
 6.60693E-06    6.76120E+05    6.76120E+05    6.76120E+05
 6.91831E-06    1.11688E+05    1.11688E+05    1.11688E+05
 7.24436E-06    4.46528E+04    4.46528E+04    4.46528E+04
 7.58578E-06    1.25338E+05    1.25338E+05    1.25338E+05
 7.94328E-06    6.35552E+06    6.35552E+06    6.35552E+06
 8.31764E-06    1.26743E+06    1.26743E+06    1.26743E+06
 8.70964E-06    6.16725E+04    6.16725E+04    6.16725E+04
 9.12011E-06    2.11289E+04    2.11289E+04    2.11289E+04
 9.54993E-06    1.03295E+04    1.03295E+04    1.03295E+04
 1.00000E-05    8.73856E+04    6.71996E+04    1.07572E+05
 1.04713E-05    8.45568E+04    6.50242E+04    1.04089E+05
 1.09648E-05    8.18191E+04    6.29189E+04    1.00719E+05
 1.14815E-05    7.91703E+04    6.08819E+04    9.74586E+04
 1.20226E-05    7.66071E+04    5.89109E+04    9.43034E+04
 1.25893E-05    7.41270E+04    5.70037E+04    9.12503E+04
 1.31826E-05    7.17296E+04    5.51601E+04    8.82992E+04
 1.38038E-05    6.94081E+04    5.33748E+04    8.54413E+04
 1.44544E-05    6.71606E+04    5.16465E+04    8.26747E+04
 1.51356E-05    6.49857E+04    4.99740E+04    7.99974E+04
 1.58489E-05    6.28823E+04    4.83565E+04    7.74082E+04
 1.65959E-05    6.08481E+04    4.67922E+04    7.49040E+04
 1.73780E-05    5.88772E+04    4.52766E+04    7.24778E+04
 1.81970E-05    5.69725E+04    4.38118E+04    7.01331E+04
 1.90546E-05    5.51281E+04    4.23935E+04    6.78627E+04
 1.99526E-05    5.33194E+04    4.10026E+04    6.56362E+04
 2.08930E-05    5.15416E+04    3.96355E+04    6.34477E+04
 2.18776E-05    4.98220E+04    3.83131E+04    6.13308E+04
 2.29087E-05    4.81596E+04    3.70348E+04    5.92845E+04
 2.39883E-05    4.65538E+04    3.57999E+04    5.73078E+04
 2.51189E-05    4.50017E+04    3.46063E+04    5.53970E+04
 2.63027E-05    4.35004E+04    3.34518E+04    5.35490E+04
 2.75423E-05    4.20496E+04    3.23362E+04    5.17631E+04
 2.88403E-05    4.06472E+04    3.12577E+04    5.00367E+04
 3.01995E-05    3.92709E+04    3.01993E+04    4.83424E+04
 3.16228E-05    3.79305E+04    2.91686E+04    4.66924E+04
 3.31131E-05    3.66366E+04    2.81735E+04    4.50996E+04
 3.46737E-05    3.53868E+04    2.72125E+04    4.35612E+04
 3.63078E-05    3.41786E+04    2.62834E+04    4.20739E+04
 3.80189E-05    3.30119E+04    2.53862E+04    4.06377E+04
 3.98107E-05    3.18851E+04    2.45197E+04    3.92506E+04
 4.16869E-05    3.07978E+04    2.36835E+04    3.79121E+04
 4.36516E-05    2.97461E+04    2.28748E+04    3.66175E+04
 4.57088E-05    2.87314E+04    2.20945E+04    3.53684E+04
 4.78630E-05    2.77507E+04    2.13403E+04    3.41611E+04
 5.01187E-05    2.67937E+04    2.06044E+04    3.29830E+04
 5.24807E-05    2.58611E+04    1.98872E+04    3.18351E+04
 5.49541E-05    2.49611E+04    1.91951E+04    3.07271E+04
 5.75440E-05    2.40934E+04    1.85278E+04    2.96590E+04
 6.02560E-05    2.32546E+04    1.78828E+04    2.86265E+04
 6.30957E-05    2.24460E+04    1.72610E+04    2.76310E+04
 6.60693E-05    2.16647E+04    1.66602E+04    2.66693E+04
 6.91831E-05    2.09085E+04    1.60786E+04    2.57384E+04
 7.24436E-05    2.01712E+04    1.55116E+04    2.48307E+04
 7.58578E-05    1.94595E+04    1.49643E+04    2.39546E+04
 7.94328E-05    1.87729E+04    1.44364E+04    2.31095E+04
 8.31764E-05    1.81114E+04    1.39277E+04    2.22951E+04
 8.70964E-05    1.74722E+04    1.34361E+04    2.15082E+04
 9.12011E-05    1.68563E+04    1.29625E+04    2.07501E+04
 9.54993E-05    1.62616E+04    1.25052E+04    2.00180E+04
 1.00000E-04    1.56839E+04    1.20609E+04    1.93068E+04
 1.04713E-04    1.51222E+04    1.16290E+04    1.86155E+04
 1.09648E-04    1.45807E+04    1.12125E+04    1.79488E+04
 1.14815E-04    1.40585E+04    1.08110E+04    1.73060E+04
 1.20226E-04    1.35551E+04    1.04238E+04    1.66863E+04
 1.25893E-04    1.30696E+04    1.00506E+04    1.60887E+04
 1.31826E-04    1.26017E+04    9.69072E+03    1.55127E+04
 1.38038E-04    1.21509E+04    9.34408E+03    1.49578E+04
 1.44544E-04    1.17157E+04    9.00939E+03    1.44221E+04
 1.51356E-04    1.12960E+04    8.68666E+03    1.39054E+04
 1.58489E-04    1.08915E+04    8.37555E+03    1.34074E+04
 1.65959E-04    1.05019E+04    8.07593E+03    1.29278E+04
 1.73780E-04    1.01256E+04    7.78658E+03    1.24646E+04
 1.81970E-04    9.76311E+03    7.50783E+03    1.20184E+04
 1.90546E-04    9.41381E+03    7.23922E+03    1.15884E+04
 1.99526E-04    9.07544E+03    6.97901E+03    1.11719E+04
 2.08930E-04    8.74885E+03    6.72787E+03    1.07698E+04
 2.18776E-04    8.43359E+03    6.48543E+03    1.03817E+04
 2.29087E-04    8.12967E+03    6.25172E+03    1.00076E+04
 2.39883E-04    7.83676E+03    6.02647E+03    9.64705E+03
 2.51189E-04    7.55472E+03    5.80958E+03    9.29986E+03
 2.63027E-04    7.28242E+03    5.60018E+03    8.96466E+03
 2.75423E-04    7.02019E+03    5.39853E+03    8.64186E+03
 2.88403E-04    6.76733E+03    5.20408E+03    8.33058E+03
 3.01995E-04    6.52502E+03    5.01774E+03    8.03230E+03
 3.16228E-04    6.29233E+03    4.83880E+03    7.74585E+03
 3.31131E-04    6.06794E+03    4.66625E+03    7.46964E+03
 3.46737E-04    5.85180E+03    4.50004E+03    7.20357E+03
 3.63078E-04    5.64307E+03    4.33952E+03    6.94662E+03
 3.80189E-04    5.44177E+03    4.18472E+03    6.69882E+03
 3.98107E-04    5.24768E+03    4.03547E+03    6.45989E+03
 4.16869E-04    5.06073E+03    3.89170E+03    6.22975E+03
 4.36516E-04    4.88016E+03    3.75285E+03    6.00748E+03
 4.57088E-04    4.70624E+03    3.61910E+03    5.79338E+03
 4.78630E-04    4.53840E+03    3.49003E+03    5.58677E+03
 5.01187E-04    4.37901E+03    3.36746E+03    5.39056E+03
 5.24807E-04    4.22706E+03    3.25061E+03    5.20351E+03
 5.49541E-04    4.08040E+03    3.13783E+03    5.02297E+03
 5.75440E-04    3.93898E+03    3.02908E+03    4.84888E+03
 6.02560E-04    3.80227E+03    2.92395E+03    4.68059E+03
 6.30957E-04    3.67046E+03    2.82258E+03    4.51833E+03
 6.60693E-04    3.54309E+03    2.72464E+03    4.36154E+03
 6.91831E-04    3.42169E+03    2.63128E+03    4.21210E+03
 7.24436E-04    3.30789E+03    2.54377E+03    4.07202E+03
 7.58578E-04    3.19804E+03    2.45929E+03    3.93679E+03
 7.94328E-04    3.09190E+03    2.37767E+03    3.80612E+03
 8.31764E-04    2.98929E+03    2.29876E+03    3.67982E+03
 8.70964E-04    2.88998E+03    2.22239E+03    3.55756E+03
 9.12011E-04    2.79407E+03    2.14864E+03    3.43951E+03
 9.54993E-04    2.70130E+03    2.07730E+03    3.32531E+03
 1.00000E-03    2.61653E+03    2.01211E+03    3.22094E+03
 1.04713E-03    2.53918E+03    1.95263E+03    3.12574E+03
 1.09648E-03    2.46412E+03    1.89491E+03    3.03333E+03
 1.14815E-03    2.39128E+03    1.83889E+03    2.94366E+03
 1.20226E-03    2.32059E+03    1.78453E+03    2.85664E+03
 1.25893E-03    2.25202E+03    1.73180E+03    2.77224E+03
 1.31826E-03    2.18551E+03    1.68066E+03    2.69036E+03
 1.38038E-03    2.12089E+03    1.63097E+03    2.61082E+03
 1.44544E-03    2.05819E+03    1.58274E+03    2.53363E+03
 1.51356E-03    1.99733E+03    1.53594E+03    2.45871E+03
 1.58489E-03    1.93833E+03    1.49058E+03    2.38609E+03
 1.65959E-03    1.88103E+03    1.44652E+03    2.31555E+03
 1.73780E-03    1.82543E+03    1.40376E+03    2.24711E+03
 1.81970E-03    1.77148E+03    1.36227E+03    2.18070E+03
 1.90546E-03    1.71913E+03    1.32201E+03    2.11625E+03
 1.99526E-03    1.67206E+03    1.28581E+03    2.05830E+03
 2.08930E-03    1.63075E+03    1.28992E+03    1.97157E+03
 2.18776E-03    1.59047E+03    1.25806E+03    1.92288E+03
 2.29087E-03    1.55123E+03    1.22702E+03    1.87543E+03
 2.39883E-03    1.51294E+03    1.19674E+03    1.82915E+03
 2.51189E-03    1.47556E+03    1.16717E+03    1.78396E+03
 2.63027E-03    1.43914E+03    1.13836E+03    1.73992E+03
 2.75423E-03    1.40363E+03    1.11027E+03    1.69699E+03
 2.88403E-03    1.36904E+03    1.08291E+03    1.65516E+03
 3.01995E-03    1.33836E+03    1.05864E+03    1.61808E+03
 3.16228E-03    1.31012E+03    1.03631E+03    1.58394E+03
 3.31131E-03    1.28250E+03    1.01446E+03    1.55055E+03
 3.46737E-03    1.25546E+03    9.93068E+02    1.51785E+03
 3.63078E-03    1.22899E+03    9.72129E+02    1.48585E+03
 3.80189E-03    1.20312E+03    9.51666E+02    1.45457E+03
 3.98107E-03    1.17775E+03    9.31602E+02    1.42390E+03
 4.16869E-03    1.15290E+03    9.11944E+02    1.39386E+03
 4.36516E-03    1.12864E+03    8.92754E+02    1.36452E+03
 4.57088E-03    1.10482E+03    8.73912E+02    1.33573E+03
 4.78630E-03    1.08155E+03    8.55503E+02    1.30759E+03
 5.01187E-03    1.05982E+03    8.48912E+02    1.27072E+03
 5.24807E-03    1.03946E+03    8.32607E+02    1.24631E+03
 5.49541E-03    1.01946E+03    8.16587E+02    1.22233E+03
 5.75440E-03    9.99832E+02    8.00866E+02    1.19880E+03
 6.02560E-03    9.80625E+02    7.85481E+02    1.17577E+03
 6.30957E-03    9.61740E+02    7.70354E+02    1.15313E+03
 6.60693E-03    9.43259E+02    7.55550E+02    1.13097E+03
 6.91831E-03    9.25111E+02    7.41014E+02    1.10921E+03
 7.24436E-03    9.07358E+02    7.26794E+02    1.08792E+03
 7.58578E-03    8.89987E+02    7.12879E+02    1.06709E+03
 7.94328E-03    8.72907E+02    6.99198E+02    1.04662E+03
 8.31764E-03    8.56151E+02    6.82352E+02    1.02995E+03
 8.70964E-03    8.39759E+02    6.69288E+02    1.01023E+03
 9.12011E-03    8.23631E+02    6.56434E+02    9.90828E+02
 9.54993E-03    8.07847E+02    6.43854E+02    9.71840E+02
 1.00000E-02    7.91786E+02    6.28678E+02    9.54893E+02
 1.04713E-02    7.75516E+02    6.15760E+02    9.35272E+02
 1.09648E-02    7.59579E+02    6.03106E+02    9.16052E+02
 1.14815E-02    7.44004E+02    5.90739E+02    8.97269E+02
 1.20226E-02    7.28717E+02    5.78601E+02    8.78832E+02
 1.25893E-02    7.13730E+02    5.66702E+02    8.60758E+02
 1.31826E-02    6.99062E+02    5.55055E+02    8.43068E+02
 1.38038E-02    6.84694E+02    5.43647E+02    8.25741E+02
 1.44544E-02    6.70622E+02    5.32474E+02    8.08770E+02
 1.51356E-02    6.56863E+02    5.21549E+02    7.92177E+02
 1.58489E-02    6.43364E+02    5.10831E+02    7.75897E+02
 1.65959E-02    6.30131E+02    5.00324E+02    7.59937E+02
 1.73780E-02    6.17193E+02    4.90051E+02    7.44334E+02
 1.81970E-02    6.04515E+02    4.79985E+02    7.29046E+02
 1.90546E-02    5.92106E+02    4.70132E+02    7.14080E+02
 1.99526E-02    5.79572E+02    4.60180E+02    6.98964E+02
 2.08930E-02    5.66890E+02    4.43875E+02    6.89906E+02
 2.18776E-02    5.54486E+02    4.34162E+02    6.74809E+02
 2.29087E-02    5.42373E+02    4.24678E+02    6.60068E+02
 2.39883E-02    5.30508E+02    4.15388E+02    6.45628E+02
 2.51189E-02    5.18892E+02    4.06292E+02    6.31492E+02
 2.63027E-02    5.07559E+02    3.97419E+02    6.17700E+02
 2.75423E-02    4.96445E+02    3.88717E+02    6.04174E+02
 2.88403E-02    4.85595E+02    3.80221E+02    5.90969E+02
 3.01995E-02    4.75280E+02    3.69768E+02    5.80792E+02
 3.16228E-02    4.65375E+02    3.62062E+02    5.68689E+02
 3.31131E-02    4.55682E+02    3.54520E+02    5.56843E+02
 3.46737E-02    4.46171E+02    3.47121E+02    5.45221E+02
 3.63078E-02    4.36861E+02    3.39878E+02    5.33844E+02
 3.80189E-02    4.27765E+02    3.32801E+02    5.22728E+02
 3.98107E-02    4.18838E+02    3.25856E+02    5.11820E+02
 4.16869E-02    4.08982E+02    3.16961E+02    5.01003E+02
 4.36516E-02    3.88256E+02    3.00898E+02    4.75613E+02
 4.57088E-02    3.65825E+02    2.83515E+02    4.48136E+02
 4.78630E-02    3.44698E+02    2.67141E+02    4.22255E+02
 5.01187E-02    3.27186E+02    2.53569E+02    4.00803E+02
 5.24807E-02    3.12472E+02    2.42165E+02    3.82778E+02
 5.49541E-02    2.98413E+02    2.31270E+02    3.65556E+02
 5.75440E-02    2.84988E+02    2.20866E+02    3.49111E+02
 6.02560E-02    2.72178E+02    2.03045E+02    3.41311E+02
 6.30957E-02    2.59933E+02    1.93910E+02    3.25957E+02
 6.60693E-02    2.48241E+02    1.85188E+02    3.11294E+02
 6.91831E-02    2.37766E+02    1.77373E+02    2.98158E+02
 7.24436E-02    2.29390E+02    1.71125E+02    2.87656E+02
 7.58578E-02    2.21387E+02    1.65155E+02    2.77619E+02
 7.94328E-02    2.13663E+02    1.59392E+02    2.67933E+02
 8.31764E-02    2.06217E+02    1.52395E+02    2.60040E+02
 8.70964E-02    1.99020E+02    1.47076E+02    2.50964E+02
 9.12011E-02    1.92082E+02    1.41949E+02    2.42216E+02
 9.54993E-02    1.85381E+02    1.36997E+02    2.33766E+02
 1.00000E-01    1.79372E+02    1.32018E+02    2.26726E+02
 1.04713E-01    1.73765E+02    1.27891E+02    2.19639E+02
 1.09648E-01    1.68400E+02    1.23942E+02    2.12857E+02
 1.14815E-01    1.63095E+02    1.20038E+02    2.06152E+02
 1.20226E-01    1.58493E+02    1.16651E+02    2.00336E+02
 1.25893E-01    1.54410E+02    1.13646E+02    1.95175E+02
 1.31826E-01    1.50330E+02    1.10643E+02    1.90018E+02
 1.38038E-01    1.46580E+02    1.07883E+02    1.85277E+02
 1.44544E-01    1.43526E+02    1.05635E+02    1.81417E+02
 1.51356E-01    1.40576E+02    1.03464E+02    1.77689E+02
 1.58489E-01    1.37803E+02    1.01423E+02    1.74184E+02
 1.65959E-01    1.35044E+02    9.93927E+01    1.70696E+02
 1.73780E-01    1.33020E+02    9.79029E+01    1.68138E+02
 1.81970E-01    1.31061E+02    9.64606E+01    1.65661E+02
 1.90546E-01    1.29009E+02    9.49508E+01    1.63068E+02
 1.99526E-01    1.26858E+02    9.33678E+01    1.60349E+02
 2.08930E-01    1.24566E+02    9.03102E+01    1.58821E+02
 2.18776E-01    1.22159E+02    8.85653E+01    1.55753E+02
 2.29087E-01    1.19833E+02    8.68792E+01    1.52788E+02
 2.39883E-01    1.17552E+02    8.52249E+01    1.49878E+02
 2.51189E-01    1.16077E+02    8.41557E+01    1.47998E+02
 2.63027E-01    1.15163E+02    8.34933E+01    1.46833E+02
 2.75423E-01    1.14207E+02    8.27998E+01    1.45613E+02
 2.88403E-01    1.13210E+02    8.20775E+01    1.44343E+02
 3.01995E-01    1.12302E+02    8.04079E+01    1.44195E+02
 3.16228E-01    1.11408E+02    7.97682E+01    1.43048E+02
 3.31131E-01    1.10473E+02    7.90984E+01    1.41847E+02
 3.46737E-01    1.09493E+02    7.83970E+01    1.40589E+02
 3.63078E-01    1.08512E+02    7.76946E+01    1.39329E+02
 3.80189E-01    1.07591E+02    7.70352E+01    1.38147E+02
 3.98107E-01    1.07360E+02    7.68700E+01    1.37851E+02
 4.16869E-01    1.08209E+02    7.68286E+01    1.39590E+02
 4.36516E-01    1.09108E+02    7.74668E+01    1.40749E+02
 4.57088E-01    1.10049E+02    7.81350E+01    1.41964E+02
 4.78630E-01    1.11035E+02    7.88345E+01    1.43235E+02
 5.01187E-01    1.11932E+02    7.94715E+01    1.44392E+02
 5.24807E-01    1.12759E+02    8.00589E+01    1.45459E+02
 5.49541E-01    1.13625E+02    8.06740E+01    1.46577E+02
 5.75440E-01    1.14533E+02    8.13181E+01    1.47747E+02
 6.02560E-01    1.15457E+02    7.77026E+01    1.53212E+02
 6.30957E-01    1.16260E+02    7.82430E+01    1.54277E+02
 6.60693E-01    1.17071E+02    7.87887E+01    1.55353E+02
 6.91831E-01    1.17248E+02    7.89077E+01    1.55588E+02
 7.24436E-01    1.15736E+02    7.78903E+01    1.53582E+02
 7.58578E-01    1.14072E+02    7.67703E+01    1.51373E+02
 7.94328E-01    1.11788E+02    7.52336E+01    1.48343E+02
 8.31764E-01    1.08430E+02    6.01784E+01    1.56681E+02
 8.70964E-01    1.05025E+02    5.82886E+01    1.51760E+02
 9.12011E-01    1.00654E+02    5.58629E+01    1.45445E+02
 9.54993E-01    9.59839E+01    5.32711E+01    1.38697E+02
 1.00000E+00    9.09042E+01    3.65435E+01    1.45265E+02
 1.04713E+00    8.54336E+01    3.43443E+01    1.36523E+02
 1.09648E+00    8.00153E+01    3.21662E+01    1.27865E+02
 1.14815E+00    7.46422E+01    3.00062E+01    1.19278E+02
 1.20226E+00    6.94766E+01    2.58453E+01    1.13108E+02
 1.25893E+00    6.45882E+01    2.40268E+01    1.05150E+02
 1.31826E+00    6.00142E+01    2.23253E+01    9.77031E+01
 1.38038E+00    5.57091E+01    2.07238E+01    9.06944E+01
 1.44544E+00    5.16100E+01    1.91989E+01    8.40211E+01
 1.51356E+00    4.77046E+01    2.11332E+01    7.42761E+01
 1.58489E+00    4.39877E+01    1.94866E+01    6.84889E+01
 1.65959E+00    4.03514E+01    1.78757E+01    6.28271E+01
 1.73780E+00    3.68530E+01    1.63259E+01    5.73801E+01
 1.81970E+00    3.34452E+01    1.48162E+01    5.20742E+01
 1.90546E+00    3.01554E+01    1.33588E+01    4.69519E+01
 1.99526E+00    2.69855E+01    1.19546E+01    4.20165E+01
 2.08930E+00    2.39095E+01    1.12853E+01    3.65336E+01
 2.18776E+00    2.10228E+01    9.92275E+00    3.21228E+01
 2.29087E+00    1.83488E+01    8.66065E+00    2.80370E+01
 2.39883E+00    1.58431E+01    7.47794E+00    2.42082E+01
 2.51189E+00    1.35463E+01    6.16356E+00    2.09290E+01
 2.63027E+00    1.14708E+01    5.21921E+00    1.77224E+01
 2.75423E+00    9.56330E+00    4.35130E+00    1.47753E+01
 2.88403E+00    7.93861E+00    3.61207E+00    1.22652E+01
 3.01995E+00    6.48615E+00    2.77607E+00    1.01962E+01
 3.16228E+00    5.24337E+00    2.24416E+00    8.24257E+00
 3.31131E+00    4.23954E+00    1.81452E+00    6.66455E+00
 3.46737E+00    3.39678E+00    1.45382E+00    5.33974E+00
 3.63078E+00    2.66988E+00    1.10800E+00    4.23176E+00
 3.80189E+00    2.09647E+00    8.70033E-01    3.32290E+00
 3.98107E+00    1.64331E+00    6.81974E-01    2.60465E+00
 4.16869E+00    1.28460E+00    5.39530E-01    2.02966E+00
 4.36516E+00    1.00528E+00    4.22217E-01    1.58834E+00
 4.57088E+00    7.99881E-01    3.35950E-01    1.26381E+00
 4.78630E+00    6.40005E-01    2.68802E-01    1.01121E+00
 5.01187E+00    5.29918E-01    2.73968E-01    7.85868E-01
 5.24807E+00    4.51996E-01    2.33682E-01    6.70310E-01
 5.49541E+00    4.04980E-01    2.09375E-01    6.00585E-01
 5.75440E+00    3.83133E-01    1.98080E-01    5.68186E-01
 6.02560E+00    3.81909E-01    2.43276E-01    5.20542E-01
 6.30957E+00    3.96425E-01    2.52523E-01    5.40327E-01
 6.60693E+00    4.26440E-01    2.71642E-01    5.81238E-01
 6.91831E+00    4.64899E-01    2.96141E-01    6.33657E-01
 7.24436E+00    5.12800E-01    2.62041E-01    7.63559E-01
 7.58578E+00    5.75171E-01    2.93912E-01    8.56430E-01
 7.94328E+00    6.50559E-01    3.32436E-01    9.68682E-01
 8.31764E+00    7.39408E-01    3.30515E-01    1.14830E+00
 8.70964E+00    8.42538E-01    3.76615E-01    1.30846E+00
 9.12011E+00    9.47982E-01    4.02892E-01    1.49307E+00
 9.54993E+00    1.04654E+00    4.44780E-01    1.64830E+00
 1.00000E+01    1.12050E+00    4.68368E-01    1.77263E+00
 1.04713E+01    1.16953E+00    4.88863E-01    1.85019E+00
 1.09648E+01    1.19637E+00    5.00084E-01    1.89266E+00
 1.14815E+01    1.19002E+00    4.97430E-01    1.88262E+00
 1.20226E+01    1.16822E+00    4.84813E-01    1.85163E+00
 1.25893E+01    1.11989E+00    4.64753E-01    1.77502E+00
 1.31826E+01    1.04421E+00    4.33345E-01    1.65507E+00
 1.38038E+01    9.27890E-01    3.85074E-01    1.47071E+00
 1.44544E+01    8.01660E-01    3.34292E-01    1.26903E+00
 1.51356E+01    6.80702E-01    2.85214E-01    1.07619E+00
 1.58489E+01    5.79389E-01    2.42764E-01    9.16014E-01
 1.65959E+01    4.99031E-01    2.09094E-01    7.88968E-01
 1.73780E+01    4.35278E-01    1.82381E-01    6.88175E-01
 1.81970E+01    3.87158E-01    1.62219E-01    6.12097E-01
 1.90546E+01    3.48913E-01    1.46195E-01    5.51631E-01
 1.99526E+01    1.68812E-02    7.07322E-03    2.66892E-02
