# n + Eu153 : (n,n'05)  
# endfb8.0   Mughabghab,Oblozinsky,Herman+     EVAL-Sep02
# uncertainties: n
# # energies =    38
#   E(MeV)       xs(mb) 
 1.73990E-01    0.00000E+00
 2.50000E-01    2.47255E+02
 3.00000E-01    2.60822E+02
 3.50000E-01    2.06359E+02
 4.00000E-01    2.19864E+02
 4.50000E-01    2.65517E+02
 5.00000E-01    2.63960E+02
 6.00000E-01    2.57333E+02
 6.50000E-01    2.51597E+02
 7.00000E-01    2.44267E+02
 8.00000E-01    2.08857E+02
 9.00000E-01    1.70676E+02
 1.00000E+00    1.36313E+02
 1.50000E+00    5.89233E+01
 1.75000E+00    3.71790E+01
 2.00000E+00    2.39390E+01
 2.25000E+00    1.59047E+01
 2.50000E+00    1.08641E+01
 3.00000E+00    5.73165E+00
 4.00000E+00    2.18636E+00
 5.00000E+00    1.05318E+00
 6.00000E+00    5.32341E-01
 7.00000E+00    2.88389E-01
 8.00000E+00    1.33033E-01
 8.50000E+00    9.94877E-02
 9.00000E+00    7.82069E-02
 9.50000E+00    5.85770E-02
 1.00000E+01    4.34322E-02
 1.05000E+01    3.03165E-02
 1.10000E+01    2.33404E-02
 1.15000E+01    1.84922E-02
 1.27000E+01    1.32417E-02
 1.40000E+01    1.01689E-02
 1.50000E+01    9.86606E-03
 1.60000E+01    7.73727E-03
 1.70000E+01    6.22399E-03
 1.80000E+01    4.67548E-03
 2.00000E+01    2.60314E-03
