# n + Zr 93 : (n,n'03)  
# tendl.2019 A.J. Koning and D. Rochman        EVAL-NOV19
# uncertainties: y
# # energies =    93
#   E(MeV)       xs(mb)       xslow(mb)      xsupp(mb)
 9.60112E-01    0.00000E+00    0.00000E+00    0.00000E+00
 1.00000E+00    1.00139E+02    8.09855E+01    1.19293E+02
 1.02905E+00    1.42794E+02    1.15482E+02    1.70106E+02
 1.18131E+00    3.66364E+02    2.96290E+02    4.36438E+02
 1.20000E+00    3.93807E+02    3.18484E+02    4.69130E+02
 1.23527E+00    4.10863E+02    3.32278E+02    4.89448E+02
 1.40000E+00    4.90524E+02    3.96702E+02    5.84346E+02
 1.44074E+00    4.86300E+02    3.93286E+02    5.79314E+02
 1.46617E+00    4.83663E+02    3.91153E+02    5.76173E+02
 1.47888E+00    4.82345E+02    3.90088E+02    5.74603E+02
 1.48607E+00    4.81600E+02    3.89485E+02    5.73715E+02
 1.60000E+00    4.69787E+02    3.79931E+02    5.59643E+02
 1.61535E+00    4.63146E+02    3.74560E+02    5.51731E+02
 1.65983E+00    4.43902E+02    3.58997E+02    5.28807E+02
 1.75384E+00    4.03229E+02    3.26104E+02    4.80354E+02
 1.80000E+00    3.83258E+02    3.36600E+02    4.29916E+02
 1.93024E+00    3.54097E+02    3.10989E+02    3.97206E+02
 1.93872E+00    3.52199E+02    3.09321E+02    3.95076E+02
 2.00000E+00    3.38478E+02    2.97271E+02    3.79685E+02
 2.04699E+00    3.27394E+02    2.87537E+02    3.67252E+02
 2.06215E+00    3.23818E+02    2.84396E+02    3.63241E+02
 2.06922E+00    3.22151E+02    2.82932E+02    3.61370E+02
 2.09753E+00    3.15473E+02    2.77067E+02    3.53879E+02
 2.10056E+00    3.14758E+02    2.76439E+02    3.53078E+02
 2.11738E+00    3.10791E+02    2.72955E+02    3.48627E+02
 2.20000E+00    2.91303E+02    2.55839E+02    3.26767E+02
 2.20830E+00    2.89583E+02    2.54329E+02    3.24838E+02
 2.30071E+00    2.70436E+02    2.37513E+02    3.03360E+02
 2.30910E+00    2.68698E+02    2.35986E+02    3.01410E+02
 2.32699E+00    2.64991E+02    2.32731E+02    2.97252E+02
 2.38865E+00    2.52216E+02    2.21511E+02    2.82921E+02
 2.40000E+00    2.49864E+02    2.19445E+02    2.80283E+02
 2.40038E+00    2.49801E+02    2.19389E+02    2.80212E+02
 2.41696E+00    2.47026E+02    2.16953E+02    2.77099E+02
 2.48418E+00    2.35778E+02    2.07074E+02    2.64482E+02
 2.50070E+00    2.33013E+02    2.04646E+02    2.61381E+02
 2.60000E+00    2.16397E+02    1.46153E+02    2.86641E+02
 2.80000E+00    1.80085E+02    1.21628E+02    2.38542E+02
 3.00000E+00    1.43224E+02    9.67324E+01    1.89716E+02
 3.20000E+00    1.12494E+02    7.59776E+01    1.49010E+02
 3.40000E+00    8.84435E+01    5.97341E+01    1.17153E+02
 3.60000E+00    6.99476E+01    4.72421E+01    9.26531E+01
 3.80000E+00    5.59339E+01    3.77773E+01    7.40905E+01
 4.00000E+00    4.53408E+01    3.06228E+01    6.00588E+01
 4.20000E+00    3.73480E+01    2.52246E+01    4.94714E+01
 4.40000E+00    3.13126E+01    2.11483E+01    4.14769E+01
 4.60000E+00    2.67412E+01    1.13540E+01    4.21284E+01
 4.80000E+00    2.32635E+01    9.87740E+00    3.66496E+01
 5.00000E+00    2.06003E+01    8.74664E+00    3.24540E+01
 5.20000E+00    1.85467E+01    7.87471E+00    2.92187E+01
 5.40000E+00    1.69516E+01    7.19745E+00    2.67058E+01
 5.60000E+00    1.57030E+01    6.66730E+00    2.47387E+01
 5.80000E+00    1.47187E+01    6.24938E+00    2.31880E+01
 6.00000E+00    1.39366E+01    5.91731E+00    2.19559E+01
 6.20000E+00    1.33085E+01    5.65063E+00    2.09664E+01
 6.40000E+00    1.27994E+01    5.43447E+00    2.01643E+01
 6.60000E+00    1.23821E+01    5.94381E+00    1.88204E+01
 6.80000E+00    1.20301E+01    5.77484E+00    1.82854E+01
 7.00000E+00    1.17352E+01    5.63328E+00    1.78371E+01
 7.20000E+00    1.14722E+01    5.50703E+00    1.74374E+01
 7.40000E+00    1.12408E+01    5.39595E+00    1.70856E+01
 7.60000E+00    1.10321E+01    5.29577E+00    1.67684E+01
 7.80000E+00    1.08372E+01    5.20221E+00    1.64722E+01
 8.00000E+00    1.06556E+01    5.11504E+00    1.61962E+01
 8.50000E+00    1.02297E+01    4.91059E+00    1.55488E+01
 9.00000E+00    9.82904E+00    5.21558E+00    1.44425E+01
 9.50000E+00    9.44557E+00    5.01209E+00    1.38790E+01
 1.00000E+01    9.07952E+00    4.81786E+00    1.33412E+01
 1.05000E+01    8.73415E+00    4.63459E+00    1.28337E+01
 1.10000E+01    8.41250E+00    4.46392E+00    1.23611E+01
 1.15000E+01    8.11680E+00    4.30701E+00    1.19266E+01
 1.20000E+01    7.84773E+00    4.16423E+00    1.15312E+01
 1.25000E+01    7.60414E+00    4.03498E+00    1.11733E+01
 1.30000E+01    7.38345E+00    4.06714E+00    1.06998E+01
 1.35000E+01    7.18210E+00    3.95623E+00    1.04080E+01
 1.40000E+01    6.99618E+00    3.85381E+00    1.01385E+01
 1.45000E+01    6.82225E+00    3.75800E+00    9.88650E+00
 1.50000E+01    6.65776E+00    3.66740E+00    9.64813E+00
 1.60000E+01    6.35185E+00    3.45685E+00    9.24685E+00
 1.70000E+01    6.07498E+00    3.30617E+00    8.84379E+00
 1.80000E+01    5.82585E+00    3.17058E+00    8.48112E+00
 1.90000E+01    5.59779E+00    3.04647E+00    8.14911E+00
 2.00000E+01    5.38133E+00    2.93031E+00    7.83235E+00
 2.10000E+01    5.17094E+00    2.81575E+00    7.52613E+00
 2.20000E+01    4.96758E+00    2.70501E+00    7.23015E+00
 2.30000E+01    4.77639E+00    2.60090E+00    6.95188E+00
 2.40000E+01    4.60261E+00    2.52374E+00    6.68148E+00
 2.50000E+01    4.44919E+00    2.43961E+00    6.45877E+00
 2.60000E+01    4.31613E+00    2.36665E+00    6.26561E+00
 2.70000E+01    4.20078E+00    2.30340E+00    6.09816E+00
 2.80000E+01    4.09875E+00    2.24746E+00    5.95004E+00
 2.90000E+01    4.00512E+00    2.19612E+00    5.81412E+00
 3.00000E+01    3.91572E+00    2.14710E+00    5.68434E+00
