# n + Zr 93 : (n,n'02)  
# tendl.2019 A.J. Koning and D. Rochman        EVAL-NOV19
# uncertainties: y
# # energies =    94
#   E(MeV)       xs(mb)       xslow(mb)      xsupp(mb)
 9.57372E-01    0.00000E+00    0.00000E+00    0.00000E+00
 9.60112E-01    1.14860E+00    9.72016E-01    1.32519E+00
 1.00000E+00    1.78698E+01    1.51225E+01    2.06171E+01
 1.02905E+00    2.72307E+01    2.30442E+01    3.14171E+01
 1.18131E+00    7.62939E+01    6.45644E+01    8.80233E+01
 1.20000E+00    8.23164E+01    6.96610E+01    9.49718E+01
 1.23527E+00    8.30787E+01    7.03061E+01    9.58512E+01
 1.40000E+00    8.66388E+01    7.33189E+01    9.99587E+01
 1.44074E+00    8.47415E+01    7.17133E+01    9.77698E+01
 1.46617E+00    8.35573E+01    7.07111E+01    9.64034E+01
 1.47888E+00    8.29654E+01    7.02102E+01    9.57205E+01
 1.48607E+00    8.26305E+01    6.99268E+01    9.53342E+01
 1.60000E+00    7.73248E+01    6.54368E+01    8.92128E+01
 1.61535E+00    7.65516E+01    6.47825E+01    8.83207E+01
 1.65983E+00    7.43112E+01    6.28865E+01    8.57358E+01
 1.75384E+00    6.95759E+01    5.88792E+01    8.02725E+01
 1.80000E+00    6.72508E+01    5.91503E+01    7.53513E+01
 1.93024E+00    6.39608E+01    5.62566E+01    7.16651E+01
 1.93872E+00    6.37466E+01    5.60682E+01    7.14250E+01
 2.00000E+00    6.21986E+01    5.47066E+01    6.96906E+01
 2.04699E+00    6.08518E+01    5.35221E+01    6.81816E+01
 2.06215E+00    6.04173E+01    5.31399E+01    6.76947E+01
 2.06922E+00    6.02147E+01    5.29617E+01    6.74677E+01
 2.09753E+00    5.94033E+01    5.22480E+01    6.65586E+01
 2.10056E+00    5.93165E+01    5.21716E+01    6.64613E+01
 2.11738E+00    5.88344E+01    5.17476E+01    6.59211E+01
 2.20000E+00    5.64664E+01    4.96649E+01    6.32679E+01
 2.20830E+00    5.62663E+01    4.94889E+01    6.30437E+01
 2.30071E+00    5.40383E+01    4.75293E+01    6.05474E+01
 2.30910E+00    5.38361E+01    4.73514E+01    6.03207E+01
 2.32699E+00    5.34047E+01    4.69720E+01    5.98375E+01
 2.38865E+00    5.19181E+01    4.56645E+01    5.81718E+01
 2.40000E+00    5.16445E+01    4.54238E+01    5.78652E+01
 2.40038E+00    5.16379E+01    4.54179E+01    5.78578E+01
 2.41696E+00    5.13476E+01    4.51626E+01    5.75325E+01
 2.48418E+00    5.01707E+01    4.41275E+01    5.62139E+01
 2.50070E+00    4.98815E+01    4.38731E+01    5.58899E+01
 2.60000E+00    4.81430E+01    1.48285E+01    8.14575E+01
 2.80000E+00    4.17574E+01    1.28617E+01    7.06531E+01
 3.00000E+00    3.42040E+01    1.05352E+01    5.78728E+01
 3.20000E+00    2.72290E+01    8.38681E+00    4.60712E+01
 3.40000E+00    2.13339E+01    6.57106E+00    3.60967E+01
 3.60000E+00    1.65223E+01    5.08904E+00    2.79556E+01
 3.80000E+00    1.27129E+01    3.91570E+00    2.15101E+01
 4.00000E+00    9.73948E+00    2.99986E+00    1.64791E+01
 4.20000E+00    7.44761E+00    2.29394E+00    1.26013E+01
 4.40000E+00    5.69678E+00    1.75467E+00    9.63890E+00
 4.60000E+00    4.36694E+00    0.00000E+00    9.29191E+00
 4.80000E+00    3.36040E+00    0.00000E+00    7.15021E+00
 5.00000E+00    2.59851E+00    0.00000E+00    5.52907E+00
 5.20000E+00    2.02089E+00    0.00000E+00    4.30002E+00
 5.40000E+00    1.58137E+00    0.00000E+00    3.36482E+00
 5.60000E+00    1.24543E+00    0.00000E+00    2.65001E+00
 5.80000E+00    9.87301E-01    0.00000E+00    2.10076E+00
 6.00000E+00    7.87938E-01    0.00000E+00    1.67656E+00
 6.20000E+00    6.32674E-01    0.00000E+00    1.34619E+00
 6.40000E+00    5.11200E-01    0.00000E+00    1.08772E+00
 6.60000E+00    4.15931E-01    1.51675E-02    8.16694E-01
 6.80000E+00    3.39214E-01    1.23699E-02    6.66058E-01
 7.00000E+00    2.79605E-01    1.01962E-02    5.49014E-01
 7.20000E+00    2.29543E-01    8.37061E-03    4.50715E-01
 7.40000E+00    1.89929E-01    6.92603E-03    3.72932E-01
 7.60000E+00    1.58289E-01    5.77223E-03    3.10806E-01
 7.80000E+00    1.32222E-01    4.82166E-03    2.59622E-01
 8.00000E+00    1.11749E-01    4.07509E-03    2.19423E-01
 8.50000E+00    7.52706E-02    2.74485E-03    1.47796E-01
 9.00000E+00    5.35009E-02    2.80948E-02    7.89070E-02
 9.50000E+00    4.04446E-02    2.12386E-02    5.96506E-02
 1.00000E+01    3.25571E-02    1.70967E-02    4.80175E-02
 1.05000E+01    2.77499E-02    1.45723E-02    4.09275E-02
 1.10000E+01    2.47836E-02    1.30146E-02    3.65526E-02
 1.15000E+01    2.29284E-02    1.20404E-02    3.38164E-02
 1.20000E+01    2.17480E-02    1.14205E-02    3.20755E-02
 1.25000E+01    2.09841E-02    1.10193E-02    3.09489E-02
 1.30000E+01    2.04795E-02    1.05855E-02    3.03735E-02
 1.35000E+01    2.01405E-02    1.04103E-02    2.98707E-02
 1.40000E+01    1.99101E-02    1.02912E-02    2.95290E-02
 1.45000E+01    1.97537E-02    1.02104E-02    2.92970E-02
 1.50000E+01    1.96497E-02    1.01566E-02    2.91428E-02
 1.60000E+01    1.95458E-02    1.03401E-02    2.87515E-02
 1.70000E+01    1.95238E-02    1.03285E-02    2.87191E-02
 1.80000E+01    1.95315E-02    1.03326E-02    2.87304E-02
 1.90000E+01    1.95273E-02    1.03303E-02    2.87243E-02
 2.00000E+01    1.94829E-02    1.03899E-02    2.85759E-02
 2.10000E+01    1.93880E-02    1.03393E-02    2.84367E-02
 2.20000E+01    1.92479E-02    1.02646E-02    2.82312E-02
 2.30000E+01    1.90753E-02    1.01725E-02    2.79781E-02
 2.40000E+01    1.88841E-02    1.01509E-02    2.76173E-02
 2.50000E+01    1.86837E-02    1.00431E-02    2.73243E-02
 2.60000E+01    1.84783E-02    9.93273E-03    2.70239E-02
 2.70000E+01    1.82678E-02    9.81958E-03    2.67160E-02
 2.80000E+01    1.80493E-02    9.70213E-03    2.63965E-02
 2.90000E+01    1.78196E-02    9.57866E-03    2.60605E-02
 3.00000E+01    1.75765E-02    9.44798E-03    2.57050E-02
