# n + Zr 93 : (n,xn)    
# tendl.2019 A.J. Koning and D. Rochman        EVAL-NOV19
# 
# # energies =   132
#   E(MeV)        xs(mb) 
 2.69717E-01    0.00000E+00
 3.00000E-01    1.41683E+02
 4.00000E-01    4.97626E+02
 5.00000E-01    6.43226E+02
 6.00000E-01    6.82341E+02
 7.00000E-01    6.78329E+02
 8.00000E-01    6.60393E+02
 9.00000E-01    6.40719E+02
 9.57372E-01    6.21573E+02
 9.60112E-01    6.21807E+02
 1.00000E+00    7.25356E+02
 1.02905E+00    7.60860E+02
 1.18131E+00    1.00097E+03
 1.20000E+00    1.03485E+03
 1.23527E+00    1.05228E+03
 1.40000E+00    1.17170E+03
 1.44074E+00    1.15684E+03
 1.46617E+00    1.16021E+03
 1.47888E+00    1.16390E+03
 1.48607E+00    1.17380E+03
 1.60000E+00    1.34841E+03
 1.61535E+00    1.34634E+03
 1.65983E+00    1.37557E+03
 1.75384E+00    1.49713E+03
 1.80000E+00    1.59091E+03
 1.93024E+00    1.66981E+03
 1.93872E+00    1.67565E+03
 2.00000E+00    1.73167E+03
 2.04699E+00    1.70753E+03
 2.06215E+00    1.70350E+03
 2.06922E+00    1.70460E+03
 2.09753E+00    1.71731E+03
 2.10056E+00    1.71954E+03
 2.11738E+00    1.73948E+03
 2.20000E+00    1.84302E+03
 2.20830E+00    1.84353E+03
 2.30071E+00    1.85496E+03
 2.30910E+00    1.85704E+03
 2.32699E+00    1.86466E+03
 2.38865E+00    1.90515E+03
 2.40000E+00    1.91542E+03
 2.40038E+00    1.91532E+03
 2.41696E+00    1.91276E+03
 2.48418E+00    1.90590E+03
 2.50070E+00    1.90652E+03
 2.60000E+00    1.95651E+03
 2.80000E+00    1.99099E+03
 3.00000E+00    2.01408E+03
 3.20000E+00    2.01981E+03
 3.40000E+00    2.01221E+03
 3.60000E+00    1.99640E+03
 3.80000E+00    1.97658E+03
 4.00000E+00    1.95572E+03
 4.20000E+00    1.93602E+03
 4.40000E+00    1.91863E+03
 4.60000E+00    1.90430E+03
 4.80000E+00    1.89308E+03
 5.00000E+00    1.88501E+03
 5.20000E+00    1.87974E+03
 5.40000E+00    1.87680E+03
 5.60000E+00    1.87569E+03
 5.80000E+00    1.87585E+03
 6.00000E+00    1.87679E+03
 6.20000E+00    1.87808E+03
 6.40000E+00    1.87934E+03
 6.60000E+00    1.88026E+03
 6.80000E+00    1.88101E+03
 7.00000E+00    1.88914E+03
 7.20000E+00    1.92157E+03
 7.40000E+00    1.96644E+03
 7.60000E+00    2.01582E+03
 7.80000E+00    2.06928E+03
 8.00000E+00    2.11972E+03
 8.50000E+00    2.28204E+03
 9.00000E+00    2.48371E+03
 9.50000E+00    2.66064E+03
 1.00000E+01    2.80746E+03
 1.05000E+01    2.92285E+03
 1.10000E+01    3.00480E+03
 1.15000E+01    3.06005E+03
 1.20000E+01    3.09609E+03
 1.25000E+01    3.11833E+03
 1.30000E+01    3.12930E+03
 1.35000E+01    3.13335E+03
 1.40000E+01    3.13187E+03
 1.45000E+01    3.12703E+03
 1.50000E+01    3.12052E+03
 1.60000E+01    3.11104E+03
 1.70000E+01    3.15376E+03
 1.80000E+01    3.24475E+03
 1.90000E+01    3.37043E+03
 2.00000E+01    3.48283E+03
 2.10000E+01    3.57386E+03
 2.20000E+01    3.62400E+03
 2.30000E+01    3.65285E+03
 2.40000E+01    3.66541E+03
 2.50000E+01    3.67023E+03
 2.60000E+01    3.67246E+03
 2.70000E+01    3.68347E+03
 2.80000E+01    3.70315E+03
 2.90000E+01    3.73320E+03
 3.00000E+01    3.76812E+03
 3.00000E+01    3.76755E+03
 3.20000E+01    3.82827E+03
 3.40000E+01    3.86262E+03
 3.60000E+01    3.87624E+03
 3.80000E+01    3.87995E+03
 4.00000E+01    3.88764E+03
 4.20000E+01    3.89696E+03
 4.40000E+01    3.91496E+03
 4.60000E+01    3.93553E+03
 4.80000E+01    3.95185E+03
 5.00000E+01    3.95896E+03
 5.20000E+01    3.97037E+03
 5.40000E+01    3.98229E+03
 5.60000E+01    3.98460E+03
 5.80000E+01    3.99605E+03
 6.00000E+01    4.01014E+03
 6.50000E+01    4.04790E+03
 7.00000E+01    4.05687E+03
 7.50000E+01    4.08415E+03
 8.00000E+01    4.08989E+03
 9.00000E+01    4.17946E+03
 1.00000E+02    4.31737E+03
 1.10000E+02    4.46265E+03
 1.20000E+02    4.62088E+03
 1.30000E+02    4.79728E+03
 1.40000E+02    4.99198E+03
 1.50000E+02    5.19279E+03
 1.60000E+02    5.44087E+03
 1.80000E+02    6.04102E+03
 2.00000E+02    6.79994E+03
