# n + Zr 93 : (n,np)    
# tendl.2019 A.J. Koning and D. Rochman        EVAL-NOV19
# uncertainties: y
# # energies =    26
#   E(MeV)       xs(mb)       xslow(mb)      xsupp(mb)
 9.69867E+00    0.00000E+00   -0.00000E+00    0.00000E+00
 1.05000E+01    2.25680E-11    0.00000E+00    5.24017E-11
 1.10000E+01    1.54550E-07    0.00000E+00    3.58857E-07
 1.15000E+01    2.49608E-05    0.00000E+00    5.79576E-05
 1.20000E+01    3.45184E-04    0.00000E+00    8.01498E-04
 1.25000E+01    4.37173E-03    0.00000E+00    1.01509E-02
 1.30000E+01    2.03010E-02    4.85954E-03    3.57425E-02
 1.35000E+01    6.99657E-02    1.67480E-02    1.23183E-01
 1.40000E+01    2.00727E-01    4.80489E-02    3.53405E-01
 1.45000E+01    4.85365E-01    1.16184E-01    8.54546E-01
 1.50000E+01    1.01377E+00    2.42671E-01    1.78487E+00
 1.60000E+01    3.08495E+00    1.29105E+00    4.87885E+00
 1.70000E+01    6.81969E+00    2.85403E+00    1.07854E+01
 1.80000E+01    1.19000E+01    4.98013E+00    1.88199E+01
 1.90000E+01    1.82033E+01    7.61805E+00    2.87885E+01
 2.00000E+01    2.57503E+01    1.12944E+01    4.02062E+01
 2.10000E+01    3.37298E+01    1.47942E+01    5.26653E+01
 2.20000E+01    4.20751E+01    1.84546E+01    6.56956E+01
 2.30000E+01    4.92515E+01    2.16022E+01    7.69008E+01
 2.40000E+01    5.44403E+01    2.60515E+01    8.28291E+01
 2.50000E+01    5.92639E+01    2.83598E+01    9.01680E+01
 2.60000E+01    6.23154E+01    2.98200E+01    9.48108E+01
 2.70000E+01    6.43486E+01    3.07930E+01    9.79042E+01
 2.80000E+01    6.59581E+01    3.15632E+01    1.00353E+02
 2.90000E+01    6.75956E+01    3.23468E+01    1.02844E+02
 3.00000E+01    6.83996E+01    3.27315E+01    1.04068E+02
