# n + Pd102 : (n,n'11)  
# endfb8.0   P. G. Young, Mughabghab           EVAL-Mar05
# uncertainties: n
# # energies =    64
#   E(MeV)       xs(mb) 
 2.15926E+00    0.00000E+00
 2.20000E+00    7.44502E+00
 2.27096E+00    1.84644E+01
 2.30000E+00    2.25914E+01
 2.31738E+00    2.49333E+01
 2.32414E+00    2.58155E+01
 2.36620E+00    3.09255E+01
 2.40000E+00    3.45046E+01
 2.41487E+00    3.59320E+01
 2.45567E+00    3.94960E+01
 2.49896E+00    4.27313E+01
 2.50000E+00    4.28021E+01
 2.50485E+00    4.31291E+01
 2.60000E+00    4.82336E+01
 2.70000E+00    5.20096E+01
 2.80000E+00    5.43280E+01
 2.90000E+00    5.52614E+01
 3.00000E+00    5.53215E+01
 3.10000E+00    5.46495E+01
 3.20000E+00    5.34730E+01
 3.50000E+00    4.80444E+01
 4.00000E+00    3.63197E+01
 4.50000E+00    2.57043E+01
 5.00000E+00    1.74420E+01
 5.50000E+00    1.15610E+01
 6.00000E+00    7.50279E+00
 6.50000E+00    4.78739E+00
 7.00000E+00    3.03671E+00
 7.50000E+00    1.92424E+00
 8.00000E+00    1.23276E+00
 8.50000E+00    8.12788E-01
 9.00000E+00    5.65511E-01
 9.50000E+00    4.24973E-01
 1.00000E+01    3.50551E-01
 1.05000E+01    3.18150E-01
 1.10000E+01    3.16716E-01
 1.15000E+01    3.41778E-01
 1.20000E+01    3.97987E-01
 1.25000E+01    3.75524E-01
 1.30000E+01    3.49981E-01
 1.35000E+01    3.30755E-01
 1.40000E+01    3.16334E-01
 1.45000E+01    3.03200E-01
 1.50000E+01    2.90595E-01
 1.55000E+01    2.78688E-01
 1.60000E+01    2.67226E-01
 1.65000E+01    2.56166E-01
 1.70000E+01    2.45649E-01
 1.75000E+01    2.35781E-01
 1.80000E+01    2.26338E-01
 1.85000E+01    2.17185E-01
 1.90000E+01    2.08373E-01
 1.95000E+01    2.00099E-01
 2.00000E+01    1.92351E-01
 2.10000E+01    1.77866E-01
 2.20000E+01    1.64677E-01
 2.30000E+01    1.52944E-01
 2.40000E+01    1.42498E-01
 2.50000E+01    1.33088E-01
 2.60000E+01    1.25086E-01
 2.70000E+01    1.18707E-01
 2.80000E+01    1.13664E-01
 2.90000E+01    1.09610E-01
 3.00000E+01    1.06542E-01
