# n + Ru 96 : (n,g)     
# endfb8.0   JNDC FP Nuclear Data W.G.         EVAL-MAR90
# uncertainties: n
# # energies =    69
#   E(MeV)       xs(mb) 
 1.00000E-10    2.02507E+03
 5.00000E-09    5.51356E+02
 1.00000E-08    4.17568E+02
 1.50000E-08    3.50834E+02
 2.00000E-08    3.08664E+02
 2.50000E-08    2.78860E+02
 3.00000E-08    2.56338E+02
 3.50000E-08    2.35681E+02
 4.20000E-08    2.15569E+02
 5.00000E-08    1.98839E+02
 5.80000E-08    1.84809E+02
 6.70000E-08    1.70550E+02
 8.00000E-08    1.54332E+02
 1.00000E-07    1.34271E+02
 1.40000E-07    1.15861E+02
 1.80000E-07    1.03457E+02
 2.20000E-07    9.52761E+01
 2.50000E-07    8.96995E+01
 2.80000E-07    8.56940E+01
 3.00000E-07    8.28804E+01
 3.20000E-07    7.97508E+01
 3.50000E-07    7.54314E+01
 4.00000E-07    6.90189E+01
 5.00000E-07    6.17327E+01
 6.25000E-07    5.52372E+01
 7.80000E-07    5.11282E+01
 8.50000E-07    4.91927E+01
 9.10000E-07    4.78422E+01
 9.50000E-07    4.70609E+01
 9.72000E-07    4.65087E+01
 9.96000E-07    4.59511E+01
 1.02000E-06    4.54025E+01
 1.04500E-06    4.48533E+01
 1.07100E-06    4.43126E+01
 1.09700E-06    4.37895E+01
 1.12300E-06    4.32797E+01
 1.15000E-06    4.17306E+01
 1.30000E-06    3.90547E+01
 1.50000E-06    3.46839E+01
 2.10000E-06    3.02085E+01
 2.60000E-06    2.69856E+01
 3.30000E-06    2.42244E+01
 4.00000E-06    1.85677E+01
 9.87700E-06    1.30560E+01
 1.59680E-05    1.00965E+01
 2.77000E-05    7.66591E+00
 4.80520E-05    5.95989E+00
 7.55014E-05    4.50527E+00
 1.48728E-04    2.32080E+03
 3.67262E-04    2.04374E+03
 9.06898E-04    1.32531E+03
 1.42510E-03    1.05220E+03
 2.23945E-03    8.65428E+02
 3.51910E-03    7.25150E+02
 5.53000E-03    5.99848E+02
 9.11800E-03    4.76211E+02
 1.50300E-02    3.62679E+02
 2.47800E-02    2.65254E+02
 4.08500E-02    1.91206E+02
 6.73400E-02    1.41281E+02
 1.11000E-01    1.13349E+02
 1.83000E-01    1.02356E+02
 3.02000E-01    1.08012E+02
 5.00000E-01    1.25564E+02
 8.21000E-01    1.03287E+02
 1.35300E+00    1.08606E+02
 2.23100E+00    9.29294E+01
 3.67900E+00    3.93115E+01
 6.06500E+00    5.76669E+00
