# n + Pd104 : (n,tot)   
# endfb8.0   P. G. Young, Mughabghab           EVAL-MAR05
# uncertainties: n
# # energies =   624
#   E(MeV)       xs(mb) 
 1.00000E-11    5.89761E+04
 1.04713E-11    5.76507E+04
 1.09648E-11    5.63549E+04
 1.14815E-11    5.50903E+04
 1.20226E-11    5.38534E+04
 1.25893E-11    5.26467E+04
 1.31826E-11    5.14663E+04
 1.38038E-11    5.03146E+04
 1.44544E-11    4.91884E+04
 1.51356E-11    4.80891E+04
 1.58489E-11    4.70148E+04
 1.65959E-11    4.59654E+04
 1.73780E-11    4.49409E+04
 1.81970E-11    4.39393E+04
 1.90546E-11    4.29622E+04
 1.99526E-11    4.20065E+04
 2.08930E-11    4.10744E+04
 2.18776E-11    4.01628E+04
 2.29087E-11    3.92736E+04
 2.39883E-11    3.84043E+04
 2.51189E-11    3.75559E+04
 2.63027E-11    3.67272E+04
 2.75423E-11    3.59178E+04
 2.88403E-11    3.51279E+04
 3.01995E-11    3.43558E+04
 3.16228E-11    3.36028E+04
 3.31131E-11    3.28666E+04
 3.46737E-11    3.21488E+04
 3.63078E-11    3.14472E+04
 3.80189E-11    3.07628E+04
 3.98107E-11    3.00943E+04
 4.16869E-11    2.94418E+04
 4.36516E-11    2.88050E+04
 4.57088E-11    2.81831E+04
 4.78630E-11    2.75766E+04
 5.01187E-11    2.69840E+04
 5.24807E-11    2.64064E+04
 5.49541E-11    2.58419E+04
 5.75440E-11    2.52918E+04
 6.02560E-11    2.47544E+04
 6.30957E-11    2.42305E+04
 6.60693E-11    2.37191E+04
 6.91831E-11    2.32202E+04
 7.24436E-11    2.27337E+04
 7.58578E-11    2.22588E+04
 7.94328E-11    2.17961E+04
 8.31764E-11    2.13442E+04
 8.70964E-11    2.09042E+04
 9.12011E-11    2.04746E+04
 9.54993E-11    2.00558E+04
 1.00000E-10    1.96477E+04
 1.04713E-10    1.92494E+04
 1.09648E-10    1.88616E+04
 1.14815E-10    1.84834E+04
 1.20226E-10    1.81145E+04
 1.25893E-10    1.77555E+04
 1.31826E-10    1.74054E+04
 1.38038E-10    1.70642E+04
 1.44544E-10    1.67322E+04
 1.51356E-10    1.64083E+04
 1.58489E-10    1.60930E+04
 1.65959E-10    1.57861E+04
 1.73780E-10    1.54869E+04
 1.81970E-10    1.51958E+04
 1.90546E-10    1.49124E+04
 1.99526E-10    1.46363E+04
 2.08930E-10    1.43679E+04
 2.18776E-10    1.41064E+04
 2.29087E-10    1.38519E+04
 2.39883E-10    1.36046E+04
 2.51189E-10    1.33637E+04
 2.63027E-10    1.31293E+04
 2.75423E-10    1.29015E+04
 2.88403E-10    1.26800E+04
 3.01995E-10    1.24643E+04
 3.16228E-10    1.22547E+04
 3.31131E-10    1.20510E+04
 3.46737E-10    1.18529E+04
 3.63078E-10    1.16602E+04
 3.80189E-10    1.14731E+04
 3.98107E-10    1.12913E+04
 4.16869E-10    1.11145E+04
 4.36516E-10    1.09426E+04
 4.57088E-10    1.07758E+04
 4.78630E-10    1.06137E+04
 5.01187E-10    1.04561E+04
 5.24807E-10    1.03030E+04
 5.49541E-10    1.01542E+04
 5.75440E-10    1.00099E+04
 6.02560E-10    9.86964E+03
 6.30957E-10    9.73338E+03
 6.60693E-10    9.60097E+03
 6.91831E-10    9.47234E+03
 7.24436E-10    9.34742E+03
 7.58578E-10    9.22615E+03
 7.94328E-10    9.10835E+03
 8.31764E-10    8.99393E+03
 8.70964E-10    8.88274E+03
 9.12011E-10    8.77471E+03
 9.54993E-10    8.66976E+03
 1.00000E-09    8.56780E+03
 1.04713E-09    8.46879E+03
 1.09648E-09    8.37254E+03
 1.14815E-09    8.27901E+03
 1.20226E-09    8.18813E+03
 1.25892E-09    8.09980E+03
 1.31826E-09    8.01396E+03
 1.38038E-09    7.93058E+03
 1.44544E-09    7.84946E+03
 1.51356E-09    7.77061E+03
 1.58489E-09    7.69394E+03
 1.65959E-09    7.61946E+03
 1.73780E-09    7.54696E+03
 1.81970E-09    7.47646E+03
 1.90546E-09    7.40789E+03
 1.99526E-09    7.34123E+03
 2.08930E-09    7.27636E+03
 2.18776E-09    7.21325E+03
 2.29087E-09    7.15185E+03
 2.39883E-09    7.09213E+03
 2.51189E-09    7.03404E+03
 2.63027E-09    6.97750E+03
 2.75423E-09    6.92249E+03
 2.88403E-09    6.86892E+03
 3.01995E-09    6.81672E+03
 3.16228E-09    6.76594E+03
 3.31131E-09    6.71653E+03
 3.46737E-09    6.66848E+03
 3.63078E-09    6.62170E+03
 3.80189E-09    6.57602E+03
 3.98107E-09    6.53156E+03
 4.16869E-09    6.48832E+03
 4.36516E-09    6.44626E+03
 4.57088E-09    6.40527E+03
 4.78630E-09    6.36523E+03
 5.01187E-09    6.32627E+03
 5.24807E-09    6.28841E+03
 5.49541E-09    6.25157E+03
 5.75440E-09    6.21543E+03
 6.02560E-09    6.18034E+03
 6.30957E-09    6.14628E+03
 6.60693E-09    6.11298E+03
 6.91831E-09    6.08041E+03
 7.24436E-09    6.04885E+03
 7.58578E-09    6.01814E+03
 7.94328E-09    5.98793E+03
 8.31764E-09    5.95868E+03
 8.70964E-09    5.93029E+03
 9.12011E-09    5.90228E+03
 9.54993E-09    5.87519E+03
 1.00000E-08    5.84889E+03
 1.04713E-08    5.82292E+03
 1.09648E-08    5.79791E+03
 1.14815E-08    5.77339E+03
 1.20226E-08    5.74936E+03
 1.25893E-08    5.72627E+03
 1.31826E-08    5.70336E+03
 1.38038E-08    5.68127E+03
 1.44544E-08    5.65969E+03
 1.51356E-08    5.63846E+03
 1.58489E-08    5.61811E+03
 1.65959E-08    5.59782E+03
 1.73780E-08    5.57846E+03
 1.81970E-08    5.55921E+03
 1.90546E-08    5.54069E+03
 1.99526E-08    5.52249E+03
 2.08930E-08    5.50472E+03
 2.18776E-08    5.48755E+03
 2.29087E-08    5.47052E+03
 2.39883E-08    5.45403E+03
 2.51189E-08    5.43803E+03
 2.63027E-08    5.42251E+03
 2.75423E-08    5.40709E+03
 2.88403E-08    5.39230E+03
 3.01995E-08    5.37760E+03
 3.16228E-08    5.36355E+03
 3.31131E-08    5.34950E+03
 3.46737E-08    5.33618E+03
 3.63078E-08    5.32273E+03
 3.80189E-08    5.31010E+03
 3.98107E-08    5.29724E+03
 4.16869E-08    5.28524E+03
 4.36516E-08    5.27300E+03
 4.57088E-08    5.26152E+03
 4.78630E-08    5.24996E+03
 5.01187E-08    5.23887E+03
 5.24807E-08    5.22808E+03
 5.49541E-08    5.21723E+03
 5.75440E-08    5.20713E+03
 6.02560E-08    5.19672E+03
 6.30957E-08    5.18706E+03
 6.60693E-08    5.17734E+03
 6.91831E-08    5.16782E+03
 7.24436E-08    5.15885E+03
 7.58578E-08    5.14957E+03
 7.94328E-08    5.14104E+03
 8.31764E-08    5.13243E+03
 8.70964E-08    5.12391E+03
 9.12011E-08    5.11602E+03
 9.54993E-08    5.10780E+03
 1.00000E-07    5.10013E+03
 1.04713E-07    5.09265E+03
 1.09648E-07    5.08493E+03
 1.14815E-07    5.07792E+03
 1.20226E-07    5.07087E+03
 1.25893E-07    5.06368E+03
 1.31826E-07    5.05720E+03
 1.38038E-07    5.05058E+03
 1.44544E-07    5.04388E+03
 1.51356E-07    5.03788E+03
 1.58489E-07    5.03170E+03
 1.65959E-07    5.02544E+03
 1.73780E-07    5.01986E+03
 1.81970E-07    5.01415E+03
 1.90546E-07    5.00826E+03
 1.99526E-07    5.00303E+03
 2.08930E-07    4.99778E+03
 2.18776E-07    4.99229E+03
 2.29087E-07    4.98729E+03
 2.39883E-07    4.98250E+03
 2.51189E-07    4.97749E+03
 2.63027E-07    4.97256E+03
 2.75423E-07    4.96820E+03
 2.88403E-07    4.96367E+03
 3.01995E-07    4.95896E+03
 3.16228E-07    4.95475E+03
 3.31131E-07    4.95070E+03
 3.46737E-07    4.94646E+03
 3.63078E-07    4.94217E+03
 3.80189E-07    4.93847E+03
 3.98107E-07    4.93472E+03
 4.16869E-07    4.93078E+03
 4.36516E-07    4.92689E+03
 4.57088E-07    4.92355E+03
 4.78630E-07    4.92011E+03
 5.01187E-07    4.91650E+03
 5.24807E-07    4.91292E+03
 5.49541E-07    4.90987E+03
 5.75440E-07    4.90675E+03
 6.02560E-07    4.90348E+03
 6.30957E-07    4.90014E+03
 6.60693E-07    4.89732E+03
 6.91831E-07    4.89452E+03
 7.24436E-07    4.89160E+03
 7.58578E-07    4.88854E+03
 7.94328E-07    4.88572E+03
 8.31764E-07    4.88325E+03
 8.70964E-07    4.88067E+03
 9.12011E-07    4.87796E+03
 9.54993E-07    4.87516E+03
 1.00000E-06    4.87293E+03
 1.04713E-06    4.87087E+03
 1.09648E-06    4.86871E+03
 1.14815E-06    4.86645E+03
 1.20226E-06    4.86408E+03
 1.25893E-06    4.86160E+03
 1.31826E-06    4.85900E+03
 1.38038E-06    4.85668E+03
 1.44544E-06    4.85538E+03
 1.51356E-06    4.85410E+03
 1.58489E-06    4.85275E+03
 1.65959E-06    4.85134E+03
 1.73780E-06    4.84986E+03
 1.81970E-06    4.84832E+03
 1.90546E-06    4.84670E+03
 1.99526E-06    4.84500E+03
 2.08930E-06    4.84323E+03
 2.18776E-06    4.84137E+03
 2.29087E-06    4.83942E+03
 2.39883E-06    4.83738E+03
 2.51189E-06    4.83525E+03
 2.63027E-06    4.83302E+03
 2.75423E-06    4.83068E+03
 2.88403E-06    4.82822E+03
 3.01995E-06    4.82566E+03
 3.16228E-06    4.82299E+03
 3.31131E-06    4.82139E+03
 3.46737E-06    4.82041E+03
 3.63078E-06    4.81939E+03
 3.80189E-06    4.81831E+03
 3.98107E-06    4.81719E+03
 4.16869E-06    4.81601E+03
 4.36516E-06    4.81477E+03
 4.57088E-06    4.81348E+03
 4.78630E-06    4.81213E+03
 5.01187E-06    4.81071E+03
 5.24807E-06    4.80923E+03
 5.49541E-06    4.80767E+03
 5.75440E-06    4.80605E+03
 6.02560E-06    4.80434E+03
 6.30957E-06    4.80256E+03
 6.60693E-06    4.80069E+03
 6.91831E-06    4.79874E+03
 7.24436E-06    4.79669E+03
 7.58578E-06    4.79454E+03
 7.94328E-06    4.79230E+03
 8.31764E-06    4.78995E+03
 8.70964E-06    4.78749E+03
 9.12011E-06    4.78491E+03
 9.54993E-06    4.78221E+03
 1.00000E-05    4.77987E+03
 1.04713E-05    4.77799E+03
 1.09648E-05    4.77603E+03
 1.14815E-05    4.77397E+03
 1.20226E-05    4.77181E+03
 1.25893E-05    4.76955E+03
 1.31826E-05    4.76719E+03
 1.38038E-05    4.76471E+03
 1.44544E-05    4.76212E+03
 1.51356E-05    4.75941E+03
 1.58489E-05    4.75656E+03
 1.65959E-05    4.75359E+03
 1.73780E-05    4.75047E+03
 1.81970E-05    4.74721E+03
 1.90546E-05    4.74379E+03
 1.99526E-05    4.74021E+03
 2.08930E-05    4.73646E+03
 2.18776E-05    4.73254E+03
 2.29087E-05    4.72843E+03
 2.39883E-05    4.72413E+03
 2.51189E-05    4.71963E+03
 2.63027E-05    4.71491E+03
 2.75423E-05    4.70997E+03
 2.88403E-05    4.70480E+03
 3.01995E-05    4.69938E+03
 3.16228E-05    4.69371E+03
 3.31131E-05    4.68777E+03
 3.46737E-05    4.68155E+03
 3.63078E-05    4.67504E+03
 3.80189E-05    4.66822E+03
 3.98107E-05    4.66108E+03
 4.16869E-05    4.65361E+03
 4.36516E-05    4.64578E+03
 4.57088E-05    4.63758E+03
 4.78630E-05    4.62900E+03
 5.01187E-05    4.61886E+03
 5.24807E-05    4.60605E+03
 5.49541E-05    4.59260E+03
 5.75440E-05    4.57851E+03
 6.02560E-05    4.56375E+03
 6.30957E-05    4.54830E+03
 6.60693E-05    4.53212E+03
 6.91831E-05    4.51503E+03
 7.24436E-05    4.49291E+03
 7.58578E-05    4.46783E+03
 7.94328E-05    4.44156E+03
 8.31764E-05    4.41406E+03
 8.70964E-05    4.38200E+03
 9.12011E-05    4.34189E+03
 9.54993E-05    4.29971E+03
 1.00000E-04    4.25343E+03
 1.04713E-04    5.90087E+03
 1.09648E-04    7.07328E+03
 1.14815E-04    4.11103E+03
 1.20226E-04    3.99497E+03
 1.25893E-04    3.87523E+03
 1.31826E-04    3.72912E+03
 1.38038E-04    3.54430E+03
 1.44544E-04    3.29957E+03
 1.51356E-04    3.05631E+03
 1.58489E-04    2.53997E+03
 1.65959E-04    2.42262E+03
 1.73780E-04    1.52672E+05
 1.81970E-04    6.48419E+05
 1.90546E-04    1.58784E+04
 1.99526E-04    1.01513E+04
 2.08930E-04    8.32257E+03
 2.18776E-04    7.43267E+03
 2.29087E-04    6.90725E+03
 2.39883E-04    6.56027E+03
 2.51189E-04    6.32131E+03
 2.63027E-04    7.46743E+03
 2.75423E-04    5.98378E+03
 2.88403E-04    7.19213E+03
 3.01995E-04    5.73810E+03
 3.16228E-04    5.60712E+03
 3.31131E-04    5.54818E+03
 3.46737E-04    1.73652E+04
 3.63078E-04    5.71689E+03
 3.80189E-04    5.59704E+03
 3.98107E-04    5.52775E+03
 4.16869E-04    5.47189E+03
 4.36516E-04    5.42754E+03
 4.57088E-04    5.38277E+03
 4.78630E-04    5.34710E+03
 5.01187E-04    6.76215E+03
 5.24807E-04    5.88409E+03
 5.49541E-04    5.23157E+03
 5.75440E-04    5.19281E+03
 6.02560E-04    6.23891E+03
 6.30957E-04    6.80894E+03
 6.60693E-04    5.50852E+03
 6.91831E-04    4.97611E+03
 7.24436E-04    5.33559E+03
 7.58578E-04    4.81019E+03
 7.94328E-04    4.61266E+03
 8.31764E-04    4.33900E+03
 8.70964E-04    4.53875E+03
 9.12011E-04    7.20767E+04
 9.54993E-04    1.25161E+04
 1.00000E-03    6.45178E+03
 1.04713E-03    5.38889E+03
 1.09648E-03    4.56114E+03
 1.14815E-03    5.85830E+04
 1.20226E-03    1.01617E+04
 1.25893E-03    9.04329E+03
 1.31826E-03    8.93167E+03
 1.38038E-03    5.98757E+03
 1.44544E-03    7.28463E+03
 1.51356E-03    8.61812E+03
 1.58489E-03    5.75383E+03
 1.65959E-03    5.61775E+03
 1.73780E-03    5.48608E+03
 1.81970E-03    5.87661E+03
 1.90546E-03    4.78706E+03
 1.99526E-03    2.51505E+04
 2.08930E-03    6.53465E+03
 2.18776E-03    6.02661E+03
 2.29087E-03    5.85884E+03
 2.39883E-03    5.75998E+03
 2.51189E-03    5.67991E+03
 2.63027E-03    6.71450E+03
 2.75423E-03    8.59572E+03
 2.88403E-03    7.44616E+03
 3.01995E-03    1.35591E+04
 3.16228E-03    6.28631E+03
 3.31131E-03    6.12481E+03
 3.46737E-03    6.12629E+03
 3.63078E-03    5.77904E+03
 3.80189E-03    6.04973E+03
 3.98107E-03    6.41375E+03
 4.16869E-03    6.49860E+03
 4.36516E-03    6.85433E+03
 4.57088E-03    7.64156E+03
 4.78630E-03    7.75476E+03
 5.01187E-03    6.41873E+03
 5.24807E-03    6.62576E+03
 5.49541E-03    7.59098E+03
 5.75440E-03    6.61213E+03
 6.02560E-03    8.07397E+03
 6.30957E-03    9.58928E+03
 6.60693E-03    6.47589E+03
 6.91831E-03    7.18251E+03
 7.24436E-03    5.98530E+03
 7.58578E-03    6.81017E+03
 7.94328E-03    6.81366E+03
 8.31764E-03    6.82471E+03
 8.70964E-03    6.83643E+03
 9.12011E-03    6.84871E+03
 9.54993E-03    6.86156E+03
 1.00000E-02    6.87501E+03
 1.04713E-02    6.88980E+03
 1.09648E-02    6.90683E+03
 1.14815E-02    6.92472E+03
 1.20226E-02    6.94345E+03
 1.25893E-02    6.96307E+03
 1.31826E-02    6.98361E+03
 1.38038E-02    7.00511E+03
 1.44544E-02    7.02763E+03
 1.51356E-02    7.05122E+03
 1.58489E-02    7.07591E+03
 1.65959E-02    7.10177E+03
 1.73780E-02    7.13113E+03
 1.81970E-02    7.16419E+03
 1.90546E-02    7.19881E+03
 1.99526E-02    7.23506E+03
 2.08930E-02    7.27301E+03
 2.18776E-02    7.31276E+03
 2.29087E-02    7.35450E+03
 2.39883E-02    7.39913E+03
 2.51189E-02    7.44606E+03
 2.63027E-02    7.49520E+03
 2.75423E-02    7.54665E+03
 2.88403E-02    7.60052E+03
 3.01995E-02    7.64953E+03
 3.16228E-02    7.68729E+03
 3.31131E-02    7.72655E+03
 3.46737E-02    7.76766E+03
 3.63078E-02    7.81071E+03
 3.80189E-02    7.85578E+03
 3.98107E-02    7.89955E+03
 4.16869E-02    7.93067E+03
 4.36516E-02    7.96159E+03
 4.57088E-02    7.99396E+03
 4.78630E-02    8.02785E+03
 5.01187E-02    8.06200E+03
 5.24807E-02    8.08737E+03
 5.49541E-02    8.11175E+03
 5.75440E-02    8.13727E+03
 6.02560E-02    8.16399E+03
 6.30957E-02    8.19037E+03
 6.60693E-02    8.21069E+03
 6.91831E-02    8.23107E+03
 7.24436E-02    8.25241E+03
 7.58578E-02    8.27333E+03
 7.94328E-02    8.28538E+03
 8.31764E-02    8.29610E+03
 8.70964E-02    8.30733E+03
 9.12011E-02    8.31849E+03
 9.54993E-02    8.32387E+03
 1.00000E-01    8.32301E+03
 1.04713E-01    8.31725E+03
 1.09648E-01    8.31121E+03
 1.14815E-01    8.30489E+03
 1.20226E-01    8.29827E+03
 1.25893E-01    8.29134E+03
 1.31826E-01    8.28408E+03
 1.38038E-01    8.27649E+03
 1.44544E-01    8.26853E+03
 1.51356E-01    8.26020E+03
 1.58489E-01    8.25147E+03
 1.65959E-01    8.24233E+03
 1.73780E-01    8.23217E+03
 1.81970E-01    8.21976E+03
 1.90546E-01    8.20664E+03
 1.99526E-01    8.19290E+03
 2.08930E-01    8.17852E+03
 2.18776E-01    8.16346E+03
 2.29087E-01    8.14769E+03
 2.39883E-01    8.13118E+03
 2.51189E-01    8.11388E+03
 2.63027E-01    8.09578E+03
 2.75423E-01    8.07682E+03
 2.88403E-01    8.05696E+03
 3.01995E-01    8.03617E+03
 3.16228E-01    8.01441E+03
 3.31131E-01    7.99158E+03
 3.46737E-01    7.96454E+03
 3.63078E-01    7.93409E+03
 3.80189E-01    7.90220E+03
 3.98107E-01    7.86881E+03
 4.16869E-01    7.83384E+03
 4.36516E-01    7.79723E+03
 4.57088E-01    7.75888E+03
 4.78630E-01    7.71874E+03
 5.01187E-01    7.67670E+03
 5.24807E-01    7.63268E+03
 5.49541E-01    7.58658E+03
 5.75440E-01    7.53832E+03
 6.02560E-01    7.48777E+03
 6.30957E-01    7.43197E+03
 6.60693E-01    7.37092E+03
 6.91831E-01    7.30699E+03
 7.24436E-01    7.24005E+03
 7.58578E-01    7.16996E+03
 7.94328E-01    7.09656E+03
 8.31764E-01    7.01970E+03
 8.70964E-01    6.93754E+03
 9.12011E-01    6.84761E+03
 9.54993E-01    6.75328E+03
 1.00000E+00    6.66281E+03
 1.04713E+00    6.58285E+03
 1.09648E+00    6.49941E+03
 1.14815E+00    6.41204E+03
 1.20226E+00    6.32049E+03
 1.25893E+00    6.22370E+03
 1.31826E+00    6.12200E+03
 1.38038E+00    6.02040E+03
 1.44544E+00    5.92633E+03
 1.51356E+00    5.82849E+03
 1.58489E+00    5.73229E+03
 1.65959E+00    5.63545E+03
 1.73780E+00    5.53405E+03
 1.81970E+00    5.42768E+03
 1.90546E+00    5.31412E+03
 1.99526E+00    5.19457E+03
 2.08930E+00    5.07010E+03
 2.18776E+00    4.95130E+03
 2.29087E+00    4.83095E+03
 2.39883E+00    4.71326E+03
 2.51189E+00    4.59885E+03
 2.63027E+00    4.47919E+03
 2.75423E+00    4.36440E+03
 2.88403E+00    4.25420E+03
 3.01995E+00    4.16177E+03
 3.16228E+00    4.09643E+03
 3.31131E+00    4.04884E+03
 3.46737E+00    4.00555E+03
 3.63078E+00    3.97483E+03
 3.80189E+00    3.94394E+03
 3.98107E+00    3.91842E+03
 4.16869E+00    3.90895E+03
 4.36516E+00    3.90130E+03
 4.57088E+00    3.91173E+03
 4.78630E+00    3.92829E+03
 5.01187E+00    3.94751E+03
 5.24807E+00    3.97564E+03
 5.49541E+00    4.00668E+03
 5.75440E+00    4.04304E+03
 6.02560E+00    4.07932E+03
 6.30957E+00    4.11210E+03
 6.60693E+00    4.14624E+03
 6.91831E+00    4.18211E+03
 7.24436E+00    4.22177E+03
 7.58578E+00    4.26409E+03
 7.94328E+00    4.30309E+03
 8.31764E+00    4.32794E+03
 8.70964E+00    4.35288E+03
 9.12011E+00    4.37187E+03
 9.54993E+00    4.38403E+03
 1.00000E+01    4.39849E+03
 1.04713E+01    4.41247E+03
 1.09648E+01    4.41622E+03
 1.14815E+01    4.40751E+03
 1.20226E+01    4.38794E+03
 1.25893E+01    4.35889E+03
 1.31826E+01    4.31363E+03
 1.38038E+01    4.25651E+03
 1.44544E+01    4.20162E+03
 1.51356E+01    4.13538E+03
 1.58489E+01    4.05362E+03
 1.65959E+01    3.95688E+03
 1.73780E+01    3.85691E+03
 1.81970E+01    3.75808E+03
 1.90546E+01    3.66382E+03
 1.99526E+01    3.57741E+03
 2.08930E+01    3.49818E+03
 2.18776E+01    3.42882E+03
 2.29087E+01    3.36643E+03
 2.39883E+01    3.29974E+03
 2.51189E+01    3.22675E+03
 2.63027E+01    3.16796E+03
 2.75423E+01    3.12396E+03
 2.88403E+01    2.65269E+03
