# n + Ho166m: (n,a08)   
# endfb8.0   Herman,Oblozinsky,Mughabghab      EVAL-MAR06
# uncertainties: n
# # energies =    48
#   E(MeV)       xs(mb) 
 2.60000E-01    0.00000E+00
 5.00000E-01    2.90780E-08
 7.00000E-01    3.35780E-08
 1.00000E+00    4.24070E-08
 1.04000E+00    4.61650E-08
 1.05000E+00    4.71460E-08
 1.06000E+00    4.43610E-08
 1.11000E+00    4.90900E-08
 1.14000E+00    5.20980E-08
 1.15000E+00    4.95790E-08
 1.20000E+00    5.45370E-08
 1.30000E+00    6.17250E-08
 1.50000E+00    7.87030E-08
 1.55000E+00    8.23050E-08
 1.60000E+00    8.86390E-08
 1.63000E+00    9.02500E-08
 1.70000E+00    9.96190E-08
 1.75000E+00    1.04490E-07
 1.80000E+00    1.11750E-07
 1.85000E+00    1.17390E-07
 1.90000E+00    1.25190E-07
 1.95000E+00    1.31510E-07
 2.02000E+00    1.43220E-07
 2.04000E+00    1.45070E-07
 2.10000E+00    1.55600E-07
 2.50000E+00    2.30980E-07
 2.60000E+00    5.46750E-07
 2.70000E+00    1.15906E-06
 2.80000E+00    1.42808E-06
 2.90000E+00    1.66756E-06
 3.00000E+00    1.80286E-06
 3.50000E+00    2.50658E-06
 4.00000E+00    2.71810E-06
 5.00000E+00    3.86750E-06
 6.00000E+00    5.65372E-06
 8.00000E+00    9.77715E-06
 9.00000E+00    1.09362E-05
 1.00000E+01    9.94273E-06
 1.10000E+01    6.97097E-06
 1.20000E+01    4.07262E-06
 1.30000E+01    2.16381E-06
 1.40000E+01    1.10485E-06
 1.50000E+01    5.62740E-07
 1.60000E+01    2.86770E-07
 1.70000E+01    1.48290E-07
 1.80000E+01    7.76840E-08
 1.90000E+01    4.12690E-08
 2.00000E+01    2.21170E-08
