# n + Pb208 : (n,h)     
# tendl.2019 A.J. Koning and D. Rochman        EVAL-NOV19
# uncertainties: y
# # energies =    18
#   E(MeV)       xs(mb)       xslow(mb)      xsupp(mb)
 7.69984E+00    0.00000E+00    0.00000E+00    0.00000E+00
 1.45000E+01    1.85580E-17    1.85580E-17    1.85580E-17
 1.50000E+01    1.36230E-16    1.36230E-16    1.36230E-16
 1.60000E+01    4.17600E-15    4.17600E-15    4.17600E-15
 1.70000E+01    8.78260E-14    0.00000E+00    7.11146E-13
 1.80000E+01    1.97470E-11    0.00000E+00    1.59896E-10
 1.90000E+01    5.43890E-10    0.00000E+00    4.40400E-09
 2.00000E+01    9.21460E-09    0.00000E+00    7.46126E-08
 2.10000E+01    1.09810E-07    0.00000E+00    8.01563E-07
 2.20000E+01    1.00812E-06    0.00000E+00    7.35882E-06
 2.30000E+01    7.47298E-06    0.00000E+00    5.45494E-05
 2.40000E+01    4.57348E-05    0.00000E+00    3.33843E-04
 2.50000E+01    2.34936E-04    0.00000E+00    1.29693E-03
 2.60000E+01    1.02754E-03    0.00000E+00    5.67240E-03
 2.70000E+01    3.83480E-03    0.00000E+00    2.11695E-02
 2.80000E+01    1.19836E-02    0.00000E+00    6.61539E-02
 2.90000E+01    3.65065E-02    0.00000E+00    2.01529E-01
 3.00000E+01    7.78492E-02    0.00000E+00    4.29756E-01
