# n + Cf251 : (n,n'27)  
# tendl.2019 A.J. Koning and D. Rochman        EVAL-NOV19
# uncertainties: n
# # energies =    72
#   E(MeV)       xs(mb) 
 6.51547E-01    0.00000E+00
 6.85744E-01    2.90944E+00
 6.93776E-01    3.59279E+00
 7.00000E-01    4.12232E+00
 7.10894E-01    5.93486E+00
 8.00000E-01    2.07603E+01
 9.00000E-01    3.62780E+01
 1.00000E+00    4.36618E+01
 1.20000E+00    4.16642E+01
 1.40000E+00    3.47887E+01
 1.60000E+00    2.82507E+01
 1.80000E+00    2.11050E+01
 2.00000E+00    1.43023E+01
 2.20000E+00    9.06037E+00
 2.40000E+00    5.51819E+00
 2.60000E+00    3.29783E+00
 2.80000E+00    1.96054E+00
 3.00000E+00    1.16730E+00
 3.20000E+00    6.97784E-01
 3.40000E+00    4.18987E-01
 3.60000E+00    2.52551E-01
 3.80000E+00    1.52637E-01
 4.00000E+00    9.25931E-02
 4.20000E+00    5.65180E-02
 4.40000E+00    3.47696E-02
 4.60000E+00    2.16264E-02
 4.80000E+00    1.36178E-02
 5.00000E+00    8.66750E-03
 5.20000E+00    5.56865E-03
 5.40000E+00    3.62407E-03
 5.60000E+00    2.38897E-03
 5.80000E+00    1.59215E-03
 6.00000E+00    1.07147E-03
 6.20000E+00    7.28451E-04
 6.40000E+00    4.98496E-04
 6.60000E+00    3.43923E-04
 6.80000E+00    2.38635E-04
 7.00000E+00    1.66248E-04
 7.20000E+00    1.16555E-04
 7.40000E+00    8.18671E-05
 7.60000E+00    5.77554E-05
 7.80000E+00    4.08704E-05
 8.00000E+00    2.89943E-05
 8.50000E+00    1.24939E-05
 9.00000E+00    5.50151E-06
 9.50000E+00    2.48298E-06
 1.00000E+01    1.15124E-06
 1.05000E+01    5.48170E-07
 1.10000E+01    2.67880E-07
 1.15000E+01    1.34100E-07
 1.20000E+01    6.86580E-08
 1.25000E+01    3.58920E-08
 1.30000E+01    1.91250E-08
 1.35000E+01    1.03800E-08
 1.40000E+01    5.73170E-09
 1.45000E+01    3.21910E-09
 1.50000E+01    1.83730E-09
 1.60000E+01    6.23610E-10
 1.70000E+01    2.24660E-10
 1.80000E+01    8.50370E-11
 1.90000E+01    3.36220E-11
 2.00000E+01    1.38100E-11
 2.10000E+01    5.88330E-12
 2.20000E+01    2.58880E-12
 2.30000E+01    1.17640E-12
 2.40000E+01    5.51210E-13
 2.50000E+01    2.65910E-13
 2.60000E+01    1.31940E-13
 2.70000E+01    6.69800E-14
 2.80000E+01    3.47900E-14
 2.90000E+01    1.84540E-14
 3.00000E+01    1.00110E-14
