# n + Ru101 : (n,n'05)  
# tendl.2019 A.J. Koning and D. Rochman        EVAL-NOV19
# uncertainties: n
# # energies =    96
#   E(MeV)       xs(mb) 
 4.26441E-01    0.00000E+00
 5.00000E-01    1.32487E+02
 5.32834E-01    1.56859E+02
 5.40348E-01    1.62437E+02
 5.50564E-01    1.70020E+02
 6.00000E-01    2.06716E+02
 6.04321E-01    2.05949E+02
 6.22461E-01    2.02731E+02
 6.29228E-01    2.01530E+02
 6.60330E-01    1.96012E+02
 6.90837E-01    1.90600E+02
 7.00000E-01    1.88974E+02
 7.27197E-01    1.81067E+02
 7.38317E-01    1.77834E+02
 7.49417E-01    1.74607E+02
 8.00000E-01    1.59900E+02
 8.32237E-01    1.52614E+02
 8.51184E-01    1.48332E+02
 9.00000E-01    1.37299E+02
 9.16066E-01    1.34009E+02
 9.36266E-01    1.29873E+02
 9.38054E-01    1.29507E+02
 9.47745E-01    1.27522E+02
 9.67980E-01    1.23379E+02
 9.83130E-01    1.20277E+02
 1.00000E+00    1.16822E+02
 1.01116E+00    1.15113E+02
 1.04838E+00    1.09415E+02
 1.06151E+00    1.07405E+02
 1.10898E+00    1.00137E+02
 1.12211E+00    9.81272E+01
 1.17564E+00    8.99319E+01
 1.20000E+00    8.62024E+01
 1.40000E+00    7.28492E+01
 1.60000E+00    6.59360E+01
 1.80000E+00    5.99920E+01
 2.00000E+00    5.35453E+01
 2.20000E+00    4.64415E+01
 2.40000E+00    3.90950E+01
 2.60000E+00    3.19973E+01
 2.80000E+00    2.55476E+01
 3.00000E+00    2.00001E+01
 3.20000E+00    1.54413E+01
 3.40000E+00    1.18039E+01
 3.60000E+00    8.96841E+00
 3.80000E+00    6.79899E+00
 4.00000E+00    5.15750E+00
 4.20000E+00    3.92410E+00
 4.40000E+00    2.99883E+00
 4.60000E+00    2.30353E+00
 4.80000E+00    1.78010E+00
 5.00000E+00    1.38408E+00
 5.20000E+00    1.08128E+00
 5.40000E+00    8.48870E-01
 5.60000E+00    6.69416E-01
 5.80000E+00    5.29746E-01
 6.00000E+00    4.20155E-01
 6.20000E+00    3.34443E-01
 6.40000E+00    2.66434E-01
 6.60000E+00    2.12731E-01
 6.80000E+00    1.70128E-01
 7.00000E+00    1.35257E-01
 7.20000E+00    1.08168E-01
 7.40000E+00    8.65127E-02
 7.60000E+00    6.92829E-02
 7.80000E+00    5.55502E-02
 8.00000E+00    4.45126E-02
 8.50000E+00    2.57646E-02
 9.00000E+00    1.50280E-02
 9.50000E+00    8.85541E-03
 1.00000E+01    5.27806E-03
 1.05000E+01    3.18155E-03
 1.10000E+01    1.93984E-03
 1.15000E+01    1.19564E-03
 1.20000E+01    7.44241E-04
 1.25000E+01    4.67514E-04
 1.30000E+01    2.96020E-04
 1.35000E+01    1.88855E-04
 1.40000E+01    1.21352E-04
 1.45000E+01    7.85020E-05
 1.50000E+01    5.11147E-05
 1.60000E+01    2.20953E-05
 1.70000E+01    9.79567E-06
 1.80000E+01    4.43981E-06
 1.90000E+01    2.04868E-06
 2.00000E+01    9.60480E-07
 2.10000E+01    4.58110E-07
 2.20000E+01    2.20030E-07
 2.30000E+01    1.08320E-07
 2.40000E+01    5.42020E-08
 2.50000E+01    2.75300E-08
 2.60000E+01    1.41710E-08
 2.70000E+01    7.38380E-09
 2.80000E+01    3.88550E-09
 2.90000E+01    2.06730E-09
 3.00000E+01    1.11060E-09
