# n + Yb171 : (n,n'19)  
# jendl4.0   S.Kunieda, A.Ichihara, K.Shibata+ EVAL-FEB10
# uncertainties: n
# # energies =    44
#   E(MeV)       xs(mb) 
 7.84100E-01    0.00000E+00
 8.00000E-01    1.49500E-04
 8.50000E-01    2.05800E-03
 9.00000E-01    7.13700E-03
 9.50000E-01    1.66600E-02
 1.00000E+00    3.09500E-02
 1.20000E+00    1.55300E-01
 1.40000E+00    3.49500E-01
 1.60000E+00    5.55800E-01
 1.80000E+00    7.15600E-01
 2.00000E+00    8.13600E-01
 2.20000E+00    8.54000E-01
 2.40000E+00    8.47500E-01
 2.60000E+00    8.08800E-01
 2.80000E+00    7.50600E-01
 3.00000E+00    6.82200E-01
 3.25000E+00    5.84500E-01
 3.50000E+00    4.96800E-01
 3.75000E+00    4.19200E-01
 4.00000E+00    3.47800E-01
 4.25000E+00    2.85200E-01
 4.50000E+00    2.34100E-01
 4.75000E+00    1.97100E-01
 5.00000E+00    1.66800E-01
 5.50000E+00    1.25900E-01
 6.00000E+00    1.08300E-01
 6.50000E+00    9.66200E-02
 7.00000E+00    9.49000E-02
 7.50000E+00    9.08800E-02
 8.00000E+00    9.24800E-02
 8.50000E+00    8.95800E-02
 9.00000E+00    9.11700E-02
 9.50000E+00    8.80700E-02
 1.00000E+01    8.90800E-02
 1.10000E+01    8.60800E-02
 1.20000E+01    8.23500E-02
 1.30000E+01    7.81900E-02
 1.40000E+01    7.53000E-02
 1.50000E+01    7.23400E-02
 1.60000E+01    6.93100E-02
 1.70000E+01    6.30400E-02
 1.80000E+01    6.03000E-02
 1.90000E+01    5.75500E-02
 2.00000E+01    5.48100E-02
