# n + Mo 96 : (n,n'22)  
# tendl.2019 A.J. Koning and D. Rochman        EVAL-NOV19
# uncertainties: n
# # energies =    65
#   E(MeV)       xs(mb) 
 2.65009E+00    0.00000E+00
 2.65280E+00    3.35552E-01
 2.72861E+00    9.72196E+00
 2.74121E+00    1.12820E+01
 2.76275E+00    1.39490E+01
 2.76401E+00    1.41050E+01
 2.76468E+00    1.41880E+01
 2.77084E+00    1.49507E+01
 2.77756E+00    1.57827E+01
 2.80000E+00    1.85611E+01
 3.00000E+00    2.44945E+01
 3.20000E+00    2.20074E+01
 3.40000E+00    1.82091E+01
 3.60000E+00    1.46778E+01
 3.80000E+00    1.17374E+01
 4.00000E+00    9.37161E+00
 4.20000E+00    7.48003E+00
 4.40000E+00    5.96081E+00
 4.60000E+00    4.73421E+00
 4.80000E+00    3.74401E+00
 5.00000E+00    2.94816E+00
 5.20000E+00    2.31193E+00
 5.40000E+00    1.80816E+00
 5.60000E+00    1.41281E+00
 5.80000E+00    1.10433E+00
 6.00000E+00    8.64685E-01
 6.20000E+00    6.78850E-01
 6.40000E+00    5.34884E-01
 6.60000E+00    4.23099E-01
 6.80000E+00    3.36088E-01
 7.00000E+00    2.67557E-01
 7.20000E+00    2.14001E-01
 7.40000E+00    1.71874E-01
 7.60000E+00    1.38243E-01
 7.80000E+00    1.11949E-01
 8.00000E+00    9.06506E-02
 8.50000E+00    5.41295E-02
 9.00000E+00    3.26331E-02
 9.50000E+00    1.98122E-02
 1.00000E+01    1.20720E-02
 1.05000E+01    7.37556E-03
 1.10000E+01    4.52795E-03
 1.15000E+01    2.79570E-03
 1.20000E+01    1.73819E-03
 1.25000E+01    1.08870E-03
 1.30000E+01    6.87392E-04
 1.35000E+01    4.37418E-04
 1.40000E+01    2.80509E-04
 1.45000E+01    1.81134E-04
 1.50000E+01    1.17753E-04
 1.60000E+01    5.06938E-05
 1.70000E+01    2.23366E-05
 1.80000E+01    1.00550E-05
 1.90000E+01    4.61824E-06
 2.00000E+01    2.15781E-06
 2.10000E+01    1.02263E-06
 2.20000E+01    4.85250E-07
 2.30000E+01    2.36130E-07
 2.40000E+01    1.16400E-07
 2.50000E+01    5.81570E-08
 2.60000E+01    2.94590E-08
 2.70000E+01    1.51190E-08
 2.80000E+01    7.83490E-09
 2.90000E+01    4.11420E-09
 3.00000E+01    2.17800E-09
