# n + W 186 : (n,f)     
# endfb8.0                                     Eval090806
# uncertainties: n
# # energies =    25
#   E(MeV)       xs(mb) 
 1.00000E-11    0.00000E+00
 6.32659E+01    0.00000E+00
 6.57966E+01    6.60007E-03
 6.84284E+01    8.08523E-03
 7.11656E+01    1.07614E-02
 7.40122E+01    1.47170E-02
 7.69727E+01    2.00414E-02
 8.00516E+01    2.68228E-02
 8.32536E+01    3.51481E-02
 8.65838E+01    4.51006E-02
 9.00471E+01    5.67585E-02
 9.36490E+01    7.01925E-02
 9.73950E+01    8.54636E-02
 1.01291E+02    1.02620E-01
 1.05342E+02    1.21692E-01
 1.09556E+02    1.42690E-01
 1.13938E+02    1.65600E-01
 1.18496E+02    1.90374E-01
 1.23236E+02    2.16927E-01
 1.28165E+02    2.45127E-01
 1.33292E+02    2.74788E-01
 1.38623E+02    3.05659E-01
 1.44168E+02    3.37409E-01
 1.49935E+02    3.69618E-01
 1.55932E+02    4.01758E-01
