# n + Eu152 : (n,xh)    
# tendl.2019 A.J. Koning and D. Rochman        EVAL-NOV19
# 
# # energies =   135
#   E(MeV)        xs(mb) 
 4.59028E-02    0.00000E+00
 6.00000E-02    0.00000E+00
 6.57305E-02    0.00000E+00
 7.77719E-02    0.00000E+00
 8.44802E-02    0.00000E+00
 9.02080E-02    0.00000E+00
 9.96402E-02    0.00000E+00
 1.00000E-01    0.00000E+00
 1.08833E-01    0.00000E+00
 1.11001E-01    0.00000E+00
 1.12187E-01    0.00000E+00
 1.14727E-01    0.00000E+00
 1.18951E-01    0.00000E+00
 1.21640E-01    0.00000E+00
 1.25362E-01    0.00000E+00
 1.42768E-01    0.00000E+00
 1.47056E-01    0.00000E+00
 1.48842E-01    0.00000E+00
 1.50221E-01    0.00000E+00
 1.50718E-01    0.00000E+00
 1.51687E-01    0.00000E+00
 1.59104E-01    0.00000E+00
 1.61949E-01    0.00000E+00
 1.76098E-01    0.00000E+00
 1.78867E-01    0.00000E+00
 1.80120E-01    0.00000E+00
 1.81832E-01    0.00000E+00
 1.93778E-01    0.00000E+00
 1.98221E-01    0.00000E+00
 2.00000E-01    0.00000E+00
 2.00991E-01    0.00000E+00
 2.02082E-01    0.00000E+00
 2.03464E-01    0.00000E+00
 3.00000E-01    0.00000E+00
 4.00000E-01    0.00000E+00
 5.00000E-01    0.00000E+00
 6.00000E-01    0.00000E+00
 7.00000E-01    0.00000E+00
 8.00000E-01    0.00000E+00
 9.00000E-01    0.00000E+00
 1.00000E+00    0.00000E+00
 1.20000E+00    0.00000E+00
 1.40000E+00    0.00000E+00
 1.60000E+00    0.00000E+00
 1.80000E+00    0.00000E+00
 2.00000E+00    0.00000E+00
 2.20000E+00    0.00000E+00
 2.40000E+00    0.00000E+00
 2.60000E+00    0.00000E+00
 2.80000E+00    0.00000E+00
 3.00000E+00    0.00000E+00
 3.20000E+00    0.00000E+00
 3.40000E+00    0.00000E+00
 3.60000E+00    0.00000E+00
 3.80000E+00    0.00000E+00
 4.00000E+00    0.00000E+00
 4.20000E+00    0.00000E+00
 4.40000E+00    0.00000E+00
 4.60000E+00    0.00000E+00
 4.80000E+00    0.00000E+00
 5.00000E+00    0.00000E+00
 5.20000E+00    0.00000E+00
 5.40000E+00    0.00000E+00
 5.60000E+00    0.00000E+00
 5.80000E+00    0.00000E+00
 6.00000E+00    0.00000E+00
 6.20000E+00    1.70566E-19
 6.40000E+00    4.35131E-18
 6.60000E+00    8.53203E-18
 6.80000E+00    1.27128E-17
 7.00000E+00    1.68935E-17
 7.20000E+00    2.10742E-17
 7.40000E+00    2.52550E-17
 7.60000E+00    2.94357E-17
 7.80000E+00    3.36164E-17
 8.00000E+00    3.77972E-17
 8.50000E+00    4.82490E-17
 9.00000E+00    5.87008E-17
 9.50000E+00    6.91527E-17
 1.00000E+01    7.96045E-17
 1.05000E+01    9.00563E-17
 1.10000E+01    1.00508E-16
 1.15000E+01    1.10960E-16
 1.20000E+01    3.85205E-15
 1.25000E+01    6.49674E-14
 1.30000E+01    1.23040E-11
 1.35000E+01    1.12964E-10
 1.40000E+01    8.03466E-10
 1.45000E+01    4.63421E-09
 1.50000E+01    2.25280E-08
 1.60000E+01    3.49640E-07
 1.70000E+01    1.64636E-06
 1.80000E+01    1.42737E-05
 1.90000E+01    9.18447E-05
 2.00000E+01    4.65210E-04
 2.10000E+01    1.92840E-03
 2.20000E+01    6.69595E-03
 2.30000E+01    1.96673E-02
 2.40000E+01    4.89854E-02
 2.50000E+01    1.04269E-01
 2.60000E+01    1.93438E-01
 2.70000E+01    3.34836E-01
 2.80000E+01    5.00246E-01
 2.90000E+01    7.05171E-01
 3.00000E+01    9.45891E-01
 3.00000E+01    9.45870E-01
 3.20000E+01    1.52296E+00
 3.40000E+01    2.20620E+00
 3.60000E+01    2.97235E+00
 3.80000E+01    3.80277E+00
 4.00000E+01    4.68353E+00
 4.20000E+01    5.60519E+00
 4.40000E+01    6.56240E+00
 4.60000E+01    7.55309E+00
 4.80000E+01    8.60056E+00
 5.00000E+01    9.65977E+00
 5.20000E+01    1.07612E+01
 5.40000E+01    1.19096E+01
 5.60000E+01    1.31102E+01
 5.80000E+01    1.43682E+01
 6.00000E+01    1.56922E+01
 6.50000E+01    1.93182E+01
 7.00000E+01    2.35437E+01
 7.50000E+01    2.84610E+01
 8.00000E+01    3.42518E+01
 9.00000E+01    4.90306E+01
 1.00000E+02    6.93191E+01
 1.10000E+02    8.92404E+01
 1.20000E+02    1.12114E+02
 1.30000E+02    1.33845E+02
 1.40000E+02    1.56966E+02
 1.50000E+02    1.81000E+02
 1.60000E+02    2.05418E+02
 1.80000E+02    2.54182E+02
 2.00000E+02    2.99838E+02
