# n + Cu 63 : (n,n'07)  
# jendl4.0   N.Yamamuro,T.Kawakita             EVAL-MAR87
# uncertainties: n
# # energies =    79
#   E(MeV)       xs(mb) 
 2.04323E+00    0.00000E+00
 2.04403E+00    4.65120E-01
 2.04561E+00    1.38082E+00
 2.04713E+00    2.26790E+00
 2.05010E+00    3.98662E+00
 2.05288E+00    5.59792E+00
 2.05549E+00    7.10851E+00
 2.06039E+00    9.94086E+00
 2.06469E+00    1.24192E+01
 2.06846E+00    1.45877E+01
 2.07508E+00    1.83826E+01
 2.08005E+00    2.12288E+01
 2.08754E+00    2.54980E+01
 2.09505E+00    2.97673E+01
 2.10468E+00    3.16567E+01
 2.11436E+00    3.35461E+01
 2.12655E+00    3.53653E+01
 2.14082E+00    3.72913E+01
 2.15338E+00    3.89765E+01
 2.17554E+00    4.19256E+01
 2.19230E+00    4.41375E+01
 2.20497E+00    4.57963E+01
 2.22409E+00    4.82847E+01
 2.24339E+00    5.07730E+01
 2.25937E+00    5.22828E+01
 2.28761E+00    5.49250E+01
 2.30902E+00    5.69067E+01
 2.34151E+00    5.98791E+01
 2.37446E+00    6.28516E+01
 2.40876E+00    6.49106E+01
 2.44355E+00    6.69696E+01
 2.47161E+00    6.85297E+01
 2.50000E+00    7.00899E+01
 2.53702E+00    7.19245E+01
 2.54515E+00    7.17845E+01
 2.55226E+00    7.19417E+01
 2.57665E+00    7.22481E+01
 2.58071E+00    7.21250E+01
 2.67969E+00    7.14449E+01
 2.75641E+00    7.09349E+01
 2.87563E+00    7.01698E+01
 3.00000E+00    6.94047E+01
 3.05443E+00    6.74283E+01
 3.10635E+00    6.55755E+01
 3.15583E+00    6.38384E+01
 3.20293E+00    6.22100E+01
 3.24773E+00    6.06833E+01
 3.29029E+00    5.92520E+01
 3.33071E+00    5.79102E+01
 3.36904E+00    5.66522E+01
 3.40539E+00    5.54729E+01
 3.43981E+00    5.43672E+01
 3.50530E+00    5.22942E+01
 3.56363E+00    5.04803E+01
 3.61546E+00    4.88931E+01
 3.66143E+00    4.75043E+01
 3.70213E+00    4.62891E+01
 3.73811E+00    4.52258E+01
 3.80193E+00    4.33651E+01
 3.85051E+00    4.19695E+01
 3.88735E+00    4.09228E+01
 3.94327E+00    3.93528E+01
 4.00000E+00    3.77828E+01
 5.00000E+00    1.96754E+01
 6.00000E+00    8.50941E+00
 7.00000E+00    4.06798E+00
 8.00000E+00    3.07177E+00
 9.00000E+00    1.19514E+00
 1.00000E+01    1.08961E+00
 1.10000E+01    7.00767E-01
 1.20000E+01    1.08466E+00
 1.30000E+01    4.36174E-01
 1.40000E+01    4.11202E-01
 1.50000E+01    7.19295E-01
 1.60000E+01    3.02387E-01
 1.70000E+01    3.98261E-01
 1.80000E+01    2.81317E-01
 1.90000E+01    5.02064E-01
 2.00000E+01    2.09457E-01
