# n + Gd157 : (n,xd)    
# tendl.2019 A.J. Koning and D. Rochman        EVAL-NOV19
# 
# # energies =   135
#   E(MeV)        xs(mb) 
 5.48835E-02    0.00000E+00
 6.00000E-02    0.00000E+00
 6.43278E-02    0.00000E+00
 1.00000E-01    0.00000E+00
 1.16461E-01    0.00000E+00
 1.32300E-01    0.00000E+00
 1.81387E-01    0.00000E+00
 2.00000E-01    0.00000E+00
 2.28771E-01    0.00000E+00
 2.74000E-01    0.00000E+00
 3.00000E-01    0.00000E+00
 3.17025E-01    0.00000E+00
 3.49482E-01    0.00000E+00
 3.63421E-01    0.00000E+00
 3.74391E-01    0.00000E+00
 4.00000E-01    0.00000E+00
 4.29342E-01    0.00000E+00
 4.37218E-01    0.00000E+00
 4.77680E-01    0.00000E+00
 4.81948E-01    0.00000E+00
 5.00000E-01    0.00000E+00
 5.12272E-01    0.00000E+00
 5.17979E-01    0.00000E+00
 5.28224E-01    0.00000E+00
 5.69638E-01    0.00000E+00
 5.83185E-01    0.00000E+00
 6.00000E-01    0.00000E+00
 6.11494E-01    0.00000E+00
 6.16336E-01    0.00000E+00
 6.21449E-01    0.00000E+00
 6.44677E-01    0.00000E+00
 6.59915E-01    0.00000E+00
 6.68801E-01    0.00000E+00
 6.87290E-01    0.00000E+00
 6.89354E-01    0.00000E+00
 6.91082E-01    0.00000E+00
 7.00000E-01    0.00000E+00
 7.05898E-01    0.00000E+00
 8.00000E-01    0.00000E+00
 9.00000E-01    0.00000E+00
 1.00000E+00    0.00000E+00
 1.20000E+00    0.00000E+00
 1.40000E+00    0.00000E+00
 1.60000E+00    0.00000E+00
 1.80000E+00    0.00000E+00
 2.00000E+00    0.00000E+00
 2.20000E+00    0.00000E+00
 2.40000E+00    0.00000E+00
 2.60000E+00    0.00000E+00
 2.80000E+00    0.00000E+00
 3.00000E+00    0.00000E+00
 3.20000E+00    0.00000E+00
 3.40000E+00    0.00000E+00
 3.60000E+00    0.00000E+00
 3.80000E+00    0.00000E+00
 4.00000E+00    0.00000E+00
 4.20000E+00    0.00000E+00
 4.40000E+00    0.00000E+00
 4.60000E+00    0.00000E+00
 4.80000E+00    0.00000E+00
 5.00000E+00    0.00000E+00
 5.20000E+00    0.00000E+00
 5.40000E+00    0.00000E+00
 5.60000E+00    0.00000E+00
 5.80000E+00    0.00000E+00
 6.00000E+00    4.78441E-18
 6.20000E+00    1.08652E-17
 6.40000E+00    1.69461E-17
 6.60000E+00    2.30269E-17
 6.80000E+00    2.91078E-17
 7.00000E+00    3.51886E-17
 7.20000E+00    4.12695E-17
 7.40000E+00    4.73503E-17
 7.60000E+00    5.34311E-17
 7.80000E+00    5.95120E-17
 8.00000E+00    8.98260E-16
 8.50000E+00    2.35100E-11
 9.00000E+00    9.14650E-10
 9.50000E+00    1.08780E-07
 1.00000E+01    8.20990E-07
 1.05000E+01    3.31277E-06
 1.10000E+01    3.38064E-05
 1.15000E+01    2.08083E-04
 1.20000E+01    9.52957E-04
 1.25000E+01    3.55354E-03
 1.30000E+01    1.07729E-02
 1.35000E+01    2.80317E-02
 1.40000E+01    6.40213E-02
 1.45000E+01    1.30491E-01
 1.50000E+01    2.40545E-01
 1.60000E+01    6.45722E-01
 1.70000E+01    1.30532E+00
 1.80000E+01    2.20171E+00
 1.90000E+01    3.33285E+00
 2.00000E+01    4.59912E+00
 2.10000E+01    5.91312E+00
 2.20000E+01    7.27706E+00
 2.30000E+01    8.66271E+00
 2.40000E+01    1.00535E+01
 2.50000E+01    1.14942E+01
 2.60000E+01    1.28579E+01
 2.70000E+01    1.36469E+01
 2.80000E+01    1.49546E+01
 2.90000E+01    1.62632E+01
 3.00000E+01    1.75020E+01
 3.00000E+01    1.75501E+01
 3.20000E+01    1.99319E+01
 3.40000E+01    2.21703E+01
 3.60000E+01    2.43894E+01
 3.80000E+01    2.63953E+01
 4.00000E+01    2.83159E+01
 4.20000E+01    3.01619E+01
 4.40000E+01    3.19811E+01
 4.60000E+01    3.38021E+01
 4.80000E+01    3.49215E+01
 5.00000E+01    3.67383E+01
 5.20000E+01    3.85564E+01
 5.40000E+01    4.03795E+01
 5.60000E+01    4.22365E+01
 5.80000E+01    4.41413E+01
 6.00000E+01    4.61133E+01
 6.50000E+01    5.17853E+01
 7.00000E+01    5.75451E+01
 7.50000E+01    6.42970E+01
 8.00000E+01    7.08679E+01
 9.00000E+01    7.81946E+01
 1.00000E+02    8.62896E+01
 1.10000E+02    9.08145E+01
 1.20000E+02    9.67054E+01
 1.30000E+02    1.04599E+02
 1.40000E+02    1.11947E+02
 1.50000E+02    1.19657E+02
 1.60000E+02    1.37254E+02
 1.80000E+02    2.21722E+02
 2.00000E+02    4.07496E+02
