# n + Cd111 : (n,n')    
# tendl.2019 A.J. Koning and D. Rochman        EVAL-NOV19
# uncertainties: y
# # energies =   132
#   E(MeV)       xs(mb)       xslow(mb)      xsupp(mb)
 2.47622E-01    0.00000E+00    0.00000E+00    0.00000E+00
 3.00000E-01    2.55890E+02    1.78661E+02    3.33119E+02
 3.45247E-01    3.30782E+02    2.30950E+02    4.30614E+02
 3.99818E-01    6.90440E+02    4.82061E+02    8.98820E+02
 4.00000E-01    6.91640E+02    4.82898E+02    9.00382E+02
 4.20510E-01    7.31345E+02    5.10620E+02    9.52069E+02
 5.00000E-01    9.44546E+02    6.59475E+02    1.22962E+03
 6.00000E-01    1.02907E+03    8.53339E+02    1.20479E+03
 6.25820E-01    1.02315E+03    8.48435E+02    1.19787E+03
 6.86669E-01    1.09109E+03    9.04774E+02    1.27741E+03
 7.00000E-01    1.10807E+03    9.18849E+02    1.29728E+03
 7.06366E-01    1.10288E+03    9.14548E+02    1.29121E+03
 7.11341E-01    1.10062E+03    9.12676E+02    1.28857E+03
 7.42694E-01    1.09775E+03    9.10296E+02    1.28521E+03
 7.59657E-01    1.11263E+03    9.22632E+02    1.30262E+03
 7.61766E-01    1.11651E+03    9.25854E+02    1.30717E+03
 8.00000E-01    1.24772E+03    1.03466E+03    1.46079E+03
 8.38820E-01    1.26186E+03    1.04638E+03    1.47734E+03
 8.61707E-01    1.27682E+03    1.05879E+03    1.49486E+03
 8.63382E-01    1.27837E+03    1.06007E+03    1.49666E+03
 8.72665E-01    1.29722E+03    1.07570E+03    1.51874E+03
 8.74482E-01    1.30295E+03    1.08045E+03    1.52544E+03
 9.00000E-01    1.41223E+03    1.17107E+03    1.65339E+03
 9.76703E-01    1.50741E+03    1.25000E+03    1.76482E+03
 9.95502E-01    1.53074E+03    1.26934E+03    1.79213E+03
 1.00000E+00    1.53643E+03    1.38123E+03    1.69163E+03
 1.02601E+00    1.51675E+03    1.36354E+03    1.66996E+03
 1.02928E+00    1.51555E+03    1.36246E+03    1.66864E+03
 1.05628E+00    1.51407E+03    1.36113E+03    1.66701E+03
 1.06711E+00    1.51502E+03    1.36198E+03    1.66805E+03
 1.08806E+00    1.52377E+03    1.36985E+03    1.67768E+03
 1.12571E+00    1.55528E+03    1.39818E+03    1.71238E+03
 1.12858E+00    1.55892E+03    1.40145E+03    1.71639E+03
 1.14028E+00    1.57553E+03    1.41638E+03    1.73468E+03
 1.16147E+00    1.61316E+03    1.45021E+03    1.77611E+03
 1.19651E+00    1.68691E+03    1.51651E+03    1.85731E+03
 1.20000E+00    1.69673E+03    1.52534E+03    1.86813E+03
 1.20078E+00    1.69669E+03    1.52531E+03    1.86808E+03
 1.26802E+00    1.70930E+03    1.53664E+03    1.88196E+03
 1.40000E+00    1.77673E+03    1.59726E+03    1.95621E+03
 1.60000E+00    1.81519E+03    1.63183E+03    1.99855E+03
 1.80000E+00    1.83908E+03    1.68830E+03    1.98985E+03
 2.00000E+00    1.85422E+03    1.70220E+03    2.00623E+03
 2.20000E+00    1.86384E+03    1.71103E+03    2.01664E+03
 2.40000E+00    1.87063E+03    1.71727E+03    2.02399E+03
 2.60000E+00    1.87660E+03    1.74846E+03    2.00474E+03
 2.80000E+00    1.88328E+03    1.75468E+03    2.01187E+03
 3.00000E+00    1.89271E+03    1.76348E+03    2.02195E+03
 3.20000E+00    1.90550E+03    1.77539E+03    2.03561E+03
 3.40000E+00    1.92218E+03    1.79093E+03    2.05343E+03
 3.60000E+00    1.94275E+03    1.81010E+03    2.07541E+03
 3.80000E+00    1.96610E+03    1.83185E+03    2.10035E+03
 4.00000E+00    1.99162E+03    1.85563E+03    2.12761E+03
 4.20000E+00    2.01740E+03    1.87965E+03    2.15515E+03
 4.40000E+00    2.04215E+03    1.90271E+03    2.18158E+03
 4.60000E+00    2.06455E+03    1.92729E+03    2.20181E+03
 4.80000E+00    2.08338E+03    1.94487E+03    2.22190E+03
 5.00000E+00    2.09809E+03    1.95860E+03    2.23759E+03
 5.20000E+00    2.10834E+03    1.96817E+03    2.24851E+03
 5.40000E+00    2.11408E+03    1.97353E+03    2.25464E+03
 5.60000E+00    2.11556E+03    1.97491E+03    2.25622E+03
 5.80000E+00    2.11346E+03    1.97295E+03    2.25398E+03
 6.00000E+00    2.10808E+03    1.96792E+03    2.24823E+03
 6.20000E+00    2.10012E+03    1.96050E+03    2.23975E+03
 6.40000E+00    2.09032E+03    1.95135E+03    2.22930E+03
 6.60000E+00    2.07912E+03    1.83930E+03    2.31894E+03
 6.80000E+00    2.06714E+03    1.82870E+03    2.30558E+03
 7.00000E+00    2.05448E+03    1.81750E+03    2.29146E+03
 7.20000E+00    2.03102E+03    1.79675E+03    2.26529E+03
 7.40000E+00    1.98552E+03    1.75649E+03    2.21454E+03
 7.60000E+00    1.92073E+03    1.69918E+03    2.14228E+03
 7.80000E+00    1.84317E+03    1.63056E+03    2.05577E+03
 8.00000E+00    1.76156E+03    1.55837E+03    1.96476E+03
 8.50000E+00    1.54063E+03    1.36293E+03    1.71834E+03
 9.00000E+00    1.30438E+03    9.71608E+02    1.63716E+03
 9.50000E+00    1.10521E+03    8.23247E+02    1.38717E+03
 1.00000E+01    9.24964E+02    6.88987E+02    1.16094E+03
 1.05000E+01    7.81651E+02    5.82236E+02    9.81066E+02
 1.10000E+01    6.68014E+02    4.97590E+02    8.38437E+02
 1.15000E+01    5.79217E+02    4.31447E+02    7.26987E+02
 1.20000E+01    5.10632E+02    3.80360E+02    6.40905E+02
 1.25000E+01    4.58938E+02    3.41853E+02    5.76022E+02
 1.30000E+01    4.18728E+02    3.01393E+02    5.36063E+02
 1.35000E+01    3.87241E+02    2.78729E+02    4.95753E+02
 1.40000E+01    3.63290E+02    2.61490E+02    4.65091E+02
 1.45000E+01    3.43629E+02    2.47338E+02    4.39920E+02
 1.50000E+01    3.27027E+02    2.35388E+02    4.18667E+02
 1.60000E+01    3.02491E+02    2.21552E+02    3.83431E+02
 1.70000E+01    2.84099E+02    2.08080E+02    3.60117E+02
 1.80000E+01    2.70045E+02    1.97787E+02    3.42302E+02
 1.90000E+01    2.58709E+02    1.89485E+02    3.27934E+02
 2.00000E+01    2.48019E+02    1.85542E+02    3.10495E+02
 2.10000E+01    2.42560E+02    1.81458E+02    3.03661E+02
 2.20000E+01    2.34266E+02    1.75254E+02    2.93278E+02
 2.30000E+01    2.24512E+02    1.67957E+02    2.81067E+02
 2.40000E+01    2.17093E+02    1.66315E+02    2.67871E+02
 2.50000E+01    2.09006E+02    1.60120E+02    2.57892E+02
 2.60000E+01    2.02023E+02    1.54770E+02    2.49277E+02
 2.70000E+01    1.94648E+02    1.49120E+02    2.40176E+02
 2.80000E+01    1.88740E+02    1.44594E+02    2.32886E+02
 2.90000E+01    1.82058E+02    1.39475E+02    2.24641E+02
 3.00000E+01    1.76425E+02    1.35159E+02    2.17690E+02
 3.00000E+01    1.74102E+02    1.33380E+02    2.14825E+02
 3.20000E+01    1.61490E+02    1.23717E+02    1.99262E+02
 3.40000E+01    1.49401E+02    1.14456E+02    1.84346E+02
 3.60000E+01    1.37649E+02    1.05453E+02    1.69845E+02
 3.80000E+01    1.27549E+02    9.77152E+01    1.57382E+02
 4.00000E+01    1.19032E+02    9.11909E+01    1.46874E+02
 4.20000E+01    1.07029E+02    8.19949E+01    1.32063E+02
 4.40000E+01    9.64686E+01    7.39047E+01    1.19033E+02
 4.60000E+01    9.12147E+01    6.98797E+01    1.12550E+02
 4.80000E+01    8.77488E+01    6.72244E+01    1.08273E+02
 5.00000E+01    8.50490E+01    6.51561E+01    1.04942E+02
 5.20000E+01    8.12891E+01    6.22757E+01    1.00303E+02
 5.40000E+01    7.63392E+01    5.84835E+01    9.41949E+01
 5.60000E+01    7.18156E+01    5.50180E+01    8.86132E+01
 5.80000E+01    6.78734E+01    5.19979E+01    8.37489E+01
 6.00000E+01    6.41689E+01    4.91599E+01    7.91780E+01
 6.50000E+01    6.07592E+01    4.65477E+01    7.49707E+01
 7.00000E+01    4.97639E+01    3.81242E+01    6.14036E+01
 7.50000E+01    4.78590E+01    3.66648E+01    5.90532E+01
 8.00000E+01    3.96417E+01    3.03695E+01    4.89138E+01
 9.00000E+01    3.22859E+01    2.47343E+01    3.98375E+01
 1.00000E+02    2.67924E+01    2.05256E+01    3.30591E+01
 1.10000E+02    2.26563E+01    1.73570E+01    2.79556E+01
 1.20000E+02    1.90335E+01    1.45816E+01    2.34854E+01
 1.30000E+02    1.61412E+01    1.23658E+01    1.99166E+01
 1.40000E+02    1.36565E+01    1.04623E+01    1.68508E+01
 1.50000E+02    1.16855E+01    8.95226E+00    1.44187E+01
 1.60000E+02    1.00035E+01    7.66371E+00    1.23433E+01
 1.80000E+02    7.64101E+00    5.85378E+00    9.42824E+00
 2.00000E+02    6.11107E+00    4.68170E+00    7.54044E+00
