# n + Re187 : (n,n'08)  
# tendl.2019 A.J. Koning and D. Rochman        EVAL-NOV19
# uncertainties: n
# # energies =    92
#   E(MeV)       xs(mb) 
 5.92322E-01    0.00000E+00
 6.00000E-01    5.03614E+01
 6.06726E-01    5.51583E+01
 6.21705E-01    6.58413E+01
 6.28891E-01    7.09663E+01
 6.50752E-01    8.65575E+01
 6.89495E-01    1.14189E+02
 7.00000E-01    1.21681E+02
 7.22608E-01    1.25965E+02
 7.48859E-01    1.30940E+02
 7.71942E-01    1.35314E+02
 7.77046E-01    1.36281E+02
 7.96886E-01    1.40041E+02
 8.00000E-01    1.40631E+02
 8.20968E-01    1.39505E+02
 8.26354E-01    1.39215E+02
 8.31301E-01    1.38950E+02
 8.44080E-01    1.38263E+02
 8.46543E-01    1.38131E+02
 8.49257E-01    1.37985E+02
 8.69220E-01    1.36913E+02
 8.84210E-01    1.36108E+02
 9.00000E-01    1.35260E+02
 9.38657E-01    1.31596E+02
 9.53115E-01    1.30225E+02
 9.65350E-01    1.29066E+02
 9.74530E-01    1.28195E+02
 1.00000E+00    1.25781E+02
 1.20000E+00    1.09141E+02
 1.40000E+00    9.20564E+01
 1.60000E+00    7.41566E+01
 1.80000E+00    5.62575E+01
 2.00000E+00    3.97743E+01
 2.20000E+00    2.63082E+01
 2.40000E+00    1.65625E+01
 2.60000E+00    1.01342E+01
 2.80000E+00    6.13829E+00
 3.00000E+00    3.73425E+00
 3.20000E+00    2.28248E+00
 3.40000E+00    1.44155E+00
 3.60000E+00    9.31878E-01
 3.80000E+00    6.32003E-01
 4.00000E+00    4.50959E-01
 4.20000E+00    3.40342E-01
 4.40000E+00    2.72097E-01
 4.60000E+00    2.29572E-01
 4.80000E+00    2.02722E-01
 5.00000E+00    1.85515E-01
 5.20000E+00    1.74218E-01
 5.40000E+00    1.66617E-01
 5.60000E+00    1.61245E-01
 5.80000E+00    1.57402E-01
 6.00000E+00    1.54553E-01
 6.20000E+00    1.52370E-01
 6.40000E+00    1.50670E-01
 6.60000E+00    1.49343E-01
 6.80000E+00    1.48326E-01
 7.00000E+00    1.47597E-01
 7.20000E+00    1.47134E-01
 7.40000E+00    1.46930E-01
 7.60000E+00    1.46975E-01
 7.80000E+00    1.47249E-01
 8.00000E+00    1.47731E-01
 8.50000E+00    1.49619E-01
 9.00000E+00    1.51962E-01
 9.50000E+00    1.54084E-01
 1.00000E+01    1.55441E-01
 1.05000E+01    1.55755E-01
 1.10000E+01    1.55023E-01
 1.15000E+01    1.53435E-01
 1.20000E+01    1.51262E-01
 1.25000E+01    1.48776E-01
 1.30000E+01    1.46194E-01
 1.35000E+01    1.43669E-01
 1.40000E+01    1.41292E-01
 1.45000E+01    1.39101E-01
 1.50000E+01    1.37100E-01
 1.60000E+01    1.33570E-01
 1.70000E+01    1.30412E-01
 1.80000E+01    1.27303E-01
 1.90000E+01    1.24030E-01
 2.00000E+01    1.20601E-01
 2.10000E+01    1.17191E-01
 2.20000E+01    1.13982E-01
 2.30000E+01    1.11059E-01
 2.40000E+01    1.08412E-01
 2.50000E+01    1.05962E-01
 2.60000E+01    1.03591E-01
 2.70000E+01    1.01178E-01
 2.80000E+01    9.86546E-02
 2.90000E+01    9.60294E-02
 3.00000E+01    9.33706E-02
