# n + Np237 : (n,n'22)  
# tendl.2019 A.J. Koning and D. Rochman        EVAL-NOV19
# uncertainties: n
# # energies =    79
#   E(MeV)       xs(mb) 
 4.35967E-01    0.00000E+00
 4.46673E-01    8.40102E-01
 4.54446E-01    1.45005E+00
 4.58060E-01    1.73364E+00
 4.61649E-01    2.01527E+00
 4.88279E-01    4.10493E+00
 4.99125E-01    4.95602E+00
 5.00000E-01    5.02468E+00
 5.16378E-01    5.95202E+00
 5.47118E-01    7.69256E+00
 6.00000E-01    1.06868E+01
 7.00000E-01    1.29572E+01
 8.00000E-01    1.33546E+01
 9.00000E-01    1.28896E+01
 1.00000E+00    1.19833E+01
 1.20000E+00    9.94089E+00
 1.40000E+00    7.99060E+00
 1.60000E+00    6.30002E+00
 1.80000E+00    4.90123E+00
 2.00000E+00    3.75600E+00
 2.20000E+00    2.83811E+00
 2.40000E+00    2.13132E+00
 2.60000E+00    1.59913E+00
 2.80000E+00    1.20234E+00
 3.00000E+00    9.09794E-01
 3.20000E+00    6.91829E-01
 3.40000E+00    5.42569E-01
 3.60000E+00    4.38184E-01
 3.80000E+00    3.64261E-01
 4.00000E+00    3.13226E-01
 4.20000E+00    2.80040E-01
 4.40000E+00    2.59907E-01
 4.60000E+00    2.49316E-01
 4.80000E+00    2.45151E-01
 5.00000E+00    2.47130E-01
 5.20000E+00    2.56018E-01
 5.40000E+00    2.72754E-01
 5.60000E+00    2.91802E-01
 5.80000E+00    3.08908E-01
 6.00000E+00    3.17025E-01
 6.20000E+00    3.29239E-01
 6.40000E+00    3.34662E-01
 6.60000E+00    3.47941E-01
 6.80000E+00    3.55572E-01
 7.00000E+00    3.65500E-01
 7.20000E+00    3.74559E-01
 7.40000E+00    3.79371E-01
 7.60000E+00    3.81111E-01
 7.80000E+00    3.77417E-01
 8.00000E+00    3.73598E-01
 8.50000E+00    3.64674E-01
 9.00000E+00    3.52632E-01
 9.50000E+00    3.43406E-01
 1.00000E+01    3.34880E-01
 1.05000E+01    3.31219E-01
 1.10000E+01    3.27452E-01
 1.15000E+01    3.20430E-01
 1.20000E+01    3.12686E-01
 1.25000E+01    3.04808E-01
 1.30000E+01    2.96772E-01
 1.35000E+01    2.88247E-01
 1.40000E+01    2.79517E-01
 1.45000E+01    2.70860E-01
 1.50000E+01    2.62403E-01
 1.60000E+01    2.43868E-01
 1.70000E+01    2.30399E-01
 1.80000E+01    2.17305E-01
 1.90000E+01    2.05079E-01
 2.00000E+01    1.93806E-01
 2.10000E+01    1.84327E-01
 2.20000E+01    1.75677E-01
 2.30000E+01    1.67885E-01
 2.40000E+01    1.60887E-01
 2.50000E+01    1.54567E-01
 2.60000E+01    1.48801E-01
 2.70000E+01    1.43466E-01
 2.80000E+01    1.38475E-01
 2.90000E+01    1.33796E-01
 3.00000E+01    1.29413E-01
