# n + Np237 : (n,n'17)  
# tendl.2019 A.J. Koning and D. Rochman        EVAL-NOV19
# uncertainties: n
# # energies =    85
#   E(MeV)       xs(mb) 
 3.61231E-01    0.00000E+00
 3.70170E-01    1.08243E+01
 3.72506E-01    1.36530E+01
 3.97213E-01    4.35711E+01
 4.00000E-01    4.69459E+01
 4.19979E-01    5.26932E+01
 4.35967E-01    5.72924E+01
 4.46673E-01    6.03722E+01
 4.54446E-01    6.26082E+01
 4.58060E-01    6.36479E+01
 4.61649E-01    6.46803E+01
 4.88279E-01    7.23409E+01
 4.99125E-01    7.54609E+01
 5.00000E-01    7.57126E+01
 5.16378E-01    7.56260E+01
 5.47118E-01    7.54633E+01
 6.00000E-01    7.51836E+01
 7.00000E-01    6.49541E+01
 8.00000E-01    5.38940E+01
 9.00000E-01    4.42199E+01
 1.00000E+00    3.60709E+01
 1.20000E+00    2.44228E+01
 1.40000E+00    1.68834E+01
 1.60000E+00    1.18719E+01
 1.80000E+00    8.44762E+00
 2.00000E+00    6.02054E+00
 2.20000E+00    4.27348E+00
 2.40000E+00    3.02948E+00
 2.60000E+00    2.14694E+00
 2.80000E+00    1.51949E+00
 3.00000E+00    1.07495E+00
 3.20000E+00    7.57860E-01
 3.40000E+00    5.46956E-01
 3.60000E+00    4.02824E-01
 3.80000E+00    3.04741E-01
 4.00000E+00    2.38097E-01
 4.20000E+00    1.93990E-01
 4.40000E+00    1.65706E-01
 4.60000E+00    1.48472E-01
 4.80000E+00    1.38563E-01
 5.00000E+00    1.34609E-01
 5.20000E+00    1.36047E-01
 5.40000E+00    1.42618E-01
 5.60000E+00    1.50948E-01
 5.80000E+00    1.58642E-01
 6.00000E+00    1.61995E-01
 6.20000E+00    1.67678E-01
 6.40000E+00    1.70025E-01
 6.60000E+00    1.76451E-01
 6.80000E+00    1.80049E-01
 7.00000E+00    1.84833E-01
 7.20000E+00    1.89190E-01
 7.40000E+00    1.91414E-01
 7.60000E+00    1.92105E-01
 7.80000E+00    1.90080E-01
 8.00000E+00    1.88016E-01
 8.50000E+00    1.83274E-01
 9.00000E+00    1.77088E-01
 9.50000E+00    1.72402E-01
 1.00000E+01    1.68115E-01
 1.05000E+01    1.66288E-01
 1.10000E+01    1.64405E-01
 1.15000E+01    1.60874E-01
 1.20000E+01    1.56966E-01
 1.25000E+01    1.52979E-01
 1.30000E+01    1.48907E-01
 1.35000E+01    1.44591E-01
 1.40000E+01    1.40179E-01
 1.45000E+01    1.35808E-01
 1.50000E+01    1.31545E-01
 1.60000E+01    1.22223E-01
 1.70000E+01    1.15453E-01
 1.80000E+01    1.08876E-01
 1.90000E+01    1.02735E-01
 2.00000E+01    9.70756E-02
 2.10000E+01    9.23186E-02
 2.20000E+01    8.79819E-02
 2.30000E+01    8.40783E-02
 2.40000E+01    8.05729E-02
 2.50000E+01    7.74074E-02
 2.60000E+01    7.45181E-02
 2.70000E+01    7.18432E-02
 2.80000E+01    6.93404E-02
 2.90000E+01    6.69931E-02
 3.00000E+01    6.47957E-02
