# n + Se 78 : (n,n'10)  
# endfb8.0   JNDC FP Nuclear Data W.G.         EVAL-MAR90
# uncertainties: n
# # energies =   315
#   E(MeV)       xs(mb) 
 2.32957E+00    0.00000E+00
 2.33044E+00    3.07940E-01
 2.33211E+00    9.04569E-01
 2.33369E+00    1.46391E+00
 2.33664E+00    2.51267E+00
 2.33923E+00    3.43033E+00
 2.34377E+00    5.03624E+00
 2.34718E+00    6.24068E+00
 2.35230E+00    8.04732E+00
 2.35743E+00    9.85396E+00
 2.36492E+00    1.18628E+01
 2.37135E+00    1.36032E+01
 2.38103E+00    1.62138E+01
 2.39075E+00    1.88244E+01
 2.39982E+00    2.10555E+01
 2.40835E+00    2.31471E+01
 2.41638E+00    2.51081E+01
 2.42393E+00    2.69464E+01
 2.43815E+00    3.03934E+01
 2.45066E+00    3.34094E+01
 2.46166E+00    3.60485E+01
 2.47133E+00    3.83577E+01
 2.48834E+00    4.23987E+01
 2.50117E+00    4.54295E+01
 2.52054E+00    4.99757E+01
 2.54006E+00    5.45219E+01
 2.55511E+00    5.71363E+01
 2.57025E+00    5.97507E+01
 2.57156E+00    5.99186E+01
 2.59870E+00    6.33505E+01
 2.61925E+00    6.59244E+01
 2.65038E+00    6.97853E+01
 2.68187E+00    7.36462E+01
 2.71479E+00    7.62402E+01
 2.71682E+00    7.63098E+01
 2.75440E+00    7.78653E+01
 2.78317E+00    7.88210E+01
 3.00000E+00    7.84059E+01
 3.05443E+00    7.60025E+01
 3.10635E+00    7.37493E+01
 3.15583E+00    7.16369E+01
 3.20293E+00    6.96565E+01
 3.24773E+00    6.78000E+01
 3.29029E+00    6.60594E+01
 3.33071E+00    6.44276E+01
 3.36904E+00    6.28979E+01
 3.40539E+00    6.14637E+01
 3.43981E+00    6.01192E+01
 3.47240E+00    5.88587E+01
 3.53434E+00    5.64952E+01
 3.58945E+00    5.44272E+01
 3.63837E+00    5.26177E+01
 3.68172E+00    5.10344E+01
 3.72008E+00    4.96490E+01
 3.75397E+00    4.84368E+01
 3.81402E+00    4.63154E+01
 3.85969E+00    4.47243E+01
 3.89430E+00    4.35311E+01
 3.94679E+00    4.17411E+01
 4.00000E+00    3.99512E+01
 4.05618E+00    3.84616E+01
 4.10956E+00    3.70650E+01
 4.16024E+00    3.57558E+01
 4.20833E+00    3.45284E+01
 4.25391E+00    3.33776E+01
 4.29709E+00    3.22989E+01
 4.33797E+00    3.12875E+01
 4.37665E+00    3.03393E+01
 4.41323E+00    2.94504E+01
 4.44779E+00    2.86171E+01
 4.48044E+00    2.78358E+01
 4.54232E+00    2.63710E+01
 4.59715E+00    2.50892E+01
 4.64568E+00    2.39677E+01
 4.68856E+00    2.29864E+01
 4.72640E+00    2.21277E+01
 4.75976E+00    2.13764E+01
 4.81872E+00    2.00615E+01
 4.86341E+00    1.90754E+01
 4.89721E+00    1.83358E+01
 4.94834E+00    1.72264E+01
 5.00000E+00    1.61170E+01
 5.05730E+00    1.54738E+01
 5.11162E+00    1.48708E+01
 5.16307E+00    1.43056E+01
 5.21177E+00    1.37756E+01
 5.25785E+00    1.32788E+01
 5.30142E+00    1.28130E+01
 5.34260E+00    1.23763E+01
 5.38149E+00    1.19669E+01
 5.41820E+00    1.15831E+01
 5.45285E+00    1.12233E+01
 5.51842E+00    1.05487E+01
 5.57644E+00    9.95837E+00
 5.62770E+00    9.44185E+00
 5.67295E+00    8.98990E+00
 5.71283E+00    8.59444E+00
 5.74796E+00    8.24841E+00
 5.77888E+00    7.94563E+00
 5.83338E+00    7.41578E+00
 5.87460E+00    7.01838E+00
 5.90570E+00    6.72034E+00
 5.95266E+00    6.27328E+00
 6.00000E+00    5.82621E+00
 6.05809E+00    5.58949E+00
 6.11305E+00    5.36756E+00
 6.16504E+00    5.15950E+00
 6.21417E+00    4.96445E+00
 6.26059E+00    4.78159E+00
 6.30443E+00    4.61015E+00
 6.34580E+00    4.44944E+00
 6.38483E+00    4.29876E+00
 6.45867E+00    4.01625E+00
 6.52398E+00    3.76905E+00
 6.58166E+00    3.55275E+00
 6.63256E+00    3.36349E+00
 6.67741E+00    3.19788E+00
 6.71691E+00    3.05298E+00
 6.75166E+00    2.92619E+00
 6.81290E+00    2.70430E+00
 6.85920E+00    2.53789E+00
 6.89414E+00    2.41308E+00
 6.94687E+00    2.22586E+00
 7.00000E+00    2.03865E+00
 7.05866E+00    1.95595E+00
 7.11411E+00    1.87841E+00
 7.16648E+00    1.80573E+00
 7.21593E+00    1.73758E+00
 7.26261E+00    1.67369E+00
 7.30663E+00    1.61380E+00
 7.34815E+00    1.55765E+00
 7.42663E+00    1.45237E+00
 7.49600E+00    1.36025E+00
 7.55722E+00    1.27964E+00
 7.61120E+00    1.20911E+00
 7.65874E+00    1.14740E+00
 7.70059E+00    1.09340E+00
 7.73740E+00    1.04615E+00
 7.80223E+00    9.63465E-01
 7.85121E+00    9.01450E-01
 7.88814E+00    8.54939E-01
 7.94388E+00    7.85172E-01
 8.00000E+00    7.15405E-01
 8.05911E+00    6.86327E-01
 8.11492E+00    6.59066E-01
 8.16759E+00    6.33508E-01
 8.21729E+00    6.09549E-01
 8.26415E+00    5.87086E-01
 8.35273E+00    5.44969E-01
 8.43102E+00    5.08117E-01
 8.50013E+00    4.75871E-01
 8.56106E+00    4.47656E-01
 8.61474E+00    4.22968E-01
 8.66198E+00    4.01366E-01
 8.70353E+00    3.82464E-01
 8.77672E+00    3.49386E-01
 8.83201E+00    3.24577E-01
 8.87371E+00    3.05971E-01
 8.93663E+00    2.78061E-01
 9.00000E+00    2.50151E-01
 9.05946E+00    2.39854E-01
 9.11556E+00    2.30201E-01
 9.16847E+00    2.21152E-01
 9.21836E+00    2.12667E-01
 9.31262E+00    1.96760E-01
 9.39589E+00    1.82840E-01
 9.46936E+00    1.70661E-01
 9.53412E+00    1.60004E-01
 9.59114E+00    1.50679E-01
 9.64132E+00    1.42520E-01
 9.68544E+00    1.35381E-01
 9.76314E+00    1.22887E-01
 9.82183E+00    1.13517E-01
 9.86607E+00    1.06489E-01
 9.93281E+00    9.59472E-02
 1.00000E+01    8.54055E-02
 1.01146E+01    8.04190E-02
 1.02232E+01    7.57441E-02
 1.03261E+01    7.13615E-02
 1.04235E+01    6.72527E-02
 1.05157E+01    6.34008E-02
 1.06028E+01    5.97895E-02
 1.06852E+01    5.64040E-02
 1.07630E+01    5.32301E-02
 1.08364E+01    5.02546E-02
 1.09057E+01    4.74650E-02
 1.09711E+01    4.48498E-02
 1.10327E+01    4.23980E-02
 1.10908E+01    4.00995E-02
 1.11456E+01    3.79446E-02
 1.11971E+01    3.59244E-02
 1.12457E+01    3.40305E-02
 1.12914E+01    3.22549E-02
 1.13345E+01    3.05903E-02
 1.14156E+01    2.74692E-02
 1.14871E+01    2.47382E-02
 1.15500E+01    2.23486E-02
 1.16053E+01    2.02577E-02
 1.16539E+01    1.84282E-02
 1.16966E+01    1.68273E-02
 1.17341E+01    1.54266E-02
 1.17670E+01    1.42010E-02
 1.17959E+01    1.31285E-02
 1.18466E+01    1.12517E-02
 1.18848E+01    9.84417E-03
 1.19135E+01    8.78849E-03
 1.19567E+01    7.20497E-03
 1.19783E+01    6.41322E-03
 1.20000E+01    5.62146E-03
 1.21162E+01    5.28430E-03
 1.22261E+01    4.96821E-03
 1.23301E+01    4.67188E-03
 1.24283E+01    4.39407E-03
 1.25212E+01    4.13362E-03
 1.26089E+01    3.88945E-03
 1.26916E+01    3.66054E-03
 1.27697E+01    3.44594E-03
 1.28433E+01    3.24475E-03
 1.29127E+01    3.05613E-03
 1.29781E+01    2.87930E-03
 1.30397E+01    2.71353E-03
 1.30978E+01    2.55811E-03
 1.31524E+01    2.41241E-03
 1.32039E+01    2.27582E-03
 1.32523E+01    2.14776E-03
 1.32978E+01    2.02771E-03
 1.33836E+01    1.80261E-03
 1.34592E+01    1.60564E-03
 1.35256E+01    1.43330E-03
 1.35840E+01    1.28250E-03
 1.36353E+01    1.15055E-03
 1.36804E+01    1.03509E-03
 1.37199E+01    9.34069E-04
 1.37546E+01    8.45673E-04
 1.37851E+01    7.68326E-04
 1.38385E+01    6.32970E-04
 1.38787E+01    5.31452E-04
 1.39089E+01    4.55314E-04
 1.39316E+01    3.98211E-04
 1.39658E+01    3.12556E-04
 1.40000E+01    2.26901E-04
 1.40605E+01    2.16336E-04
 1.41746E+01    1.96527E-04
 1.42753E+01    1.79194E-04
 1.43639E+01    1.64027E-04
 1.44419E+01    1.50757E-04
 1.45105E+01    1.39145E-04
 1.45708E+01    1.28985E-04
 1.46238E+01    1.20095E-04
 1.46703E+01    1.12316E-04
 1.47520E+01    9.87024E-05
 1.48136E+01    8.84925E-05
 1.48600E+01    8.08350E-05
 1.49298E+01    6.93489E-05
 1.49649E+01    6.36058E-05
 1.50000E+01    5.78628E-05
 1.51215E+01    5.28701E-05
 1.52286E+01    4.85015E-05
 1.53230E+01    4.46789E-05
 1.54060E+01    4.13342E-05
 1.54790E+01    3.84075E-05
 1.55432E+01    3.58467E-05
 1.55996E+01    3.36060E-05
 1.56987E+01    2.96848E-05
 1.57735E+01    2.67439E-05
 1.58298E+01    2.45382E-05
 1.59147E+01    2.12296E-05
 1.59573E+01    1.95754E-05
 1.60000E+01    1.79211E-05
 1.61182E+01    1.69528E-05
 1.62298E+01    1.60451E-05
 1.63352E+01    1.51941E-05
 1.64346E+01    1.43963E-05
 1.65283E+01    1.36483E-05
 1.66166E+01    1.29471E-05
 1.66999E+01    1.22897E-05
 1.67783E+01    1.16734E-05
 1.68522E+01    1.10956E-05
 1.69217E+01    1.05539E-05
 1.70529E+01    9.53832E-06
 1.71685E+01    8.64964E-06
 1.72703E+01    7.87205E-06
 1.73599E+01    7.19165E-06
 1.74386E+01    6.59631E-06
 1.75078E+01    6.07539E-06
 1.75686E+01    5.61958E-06
 1.76220E+01    5.22074E-06
 1.77157E+01    4.52278E-06
 1.77864E+01    3.99931E-06
 1.78395E+01    3.60671E-06
 1.79196E+01    3.01781E-06
 1.79597E+01    2.72336E-06
 1.80000E+01    2.42891E-06
 1.81189E+01    2.29991E-06
 1.82311E+01    2.17897E-06
 1.83369E+01    2.06559E-06
 1.84367E+01    1.95929E-06
 1.85307E+01    1.85964E-06
 1.86193E+01    1.76622E-06
 1.87027E+01    1.67863E-06
 1.87813E+01    1.59652E-06
 1.89295E+01    1.44257E-06
 1.90601E+01    1.30785E-06
 1.91751E+01    1.18998E-06
 1.92763E+01    1.08684E-06
 1.93654E+01    9.96590E-07
 1.94436E+01    9.17630E-07
 1.95123E+01    8.48530E-07
 1.95726E+01    7.88080E-07
 1.96786E+01    6.82270E-07
 1.97584E+01    6.02920E-07
 1.98186E+01    5.43410E-07
 1.98638E+01    4.98770E-07
 1.99318E+01    4.31820E-07
 2.00000E+01    3.64870E-07
