# n + Se 78 : (n,n'04)  
# endfb8.0   JNDC FP Nuclear Data W.G.         EVAL-MAR90
# uncertainties: n
# # energies =   347
#   E(MeV)       xs(mb) 
 1.52205E+00    0.00000E+00
 1.52246E+00    2.14185E-01
 1.52329E+00    6.41713E-01
 1.52412E+00    1.06757E+00
 1.52577E+00    1.91595E+00
 1.52740E+00    2.75771E+00
 1.52903E+00    3.59289E+00
 1.53225E+00    5.25019E+00
 1.53544E+00    6.88160E+00
 1.53858E+00    8.48752E+00
 1.54168E+00    1.00683E+01
 1.54473E+00    1.16245E+01
 1.54775E+00    1.31563E+01
 1.55370E+00    1.61720E+01
 1.55949E+00    1.90935E+01
 1.56511E+00    2.19237E+01
 1.57059E+00    2.46655E+01
 1.57590E+00    2.73216E+01
 1.58107E+00    2.98947E+01
 1.58610E+00    3.23873E+01
 1.59098E+00    3.48021E+01
 1.60048E+00    3.94807E+01
 1.60944E+00    4.38669E+01
 1.61788E+00    4.79790E+01
 1.62584E+00    5.18341E+01
 1.63333E+00    5.54482E+01
 1.64039E+00    5.88364E+01
 1.64704E+00    6.20129E+01
 1.65957E+00    6.79688E+01
 1.67061E+00    7.31802E+01
 1.68034E+00    7.77402E+01
 1.68889E+00    8.17302E+01
 1.70396E+00    8.87126E+01
 1.71536E+00    9.39495E+01
 1.72395E+00    9.78771E+01
 1.73693E+00    1.03769E+02
 1.75000E+00    1.09660E+02
 1.76566E+00    1.15336E+02
 1.78147E+00    1.21012E+02
 1.80513E+00    1.28527E+02
 1.82308E+00    1.34163E+02
 1.83665E+00    1.38390E+02
 1.85721E+00    1.44730E+02
 1.87800E+00    1.51071E+02
 1.90778E+00    1.56488E+02
 1.93043E+00    1.60550E+02
 1.96491E+00    1.66644E+02
 2.00000E+00    1.72738E+02
 2.02184E+00    1.75556E+02
 2.07300E+00    1.78959E+02
 2.12546E+00    1.82362E+02
 2.20940E+00    1.80540E+02
 2.29665E+00    1.78718E+02
 2.32957E+00    1.76788E+02
 2.35743E+00    1.75154E+02
 2.36492E+00    1.74513E+02
 2.39075E+00    1.72459E+02
 2.42723E+00    1.68727E+02
 2.48301E+00    1.63129E+02
 2.54006E+00    1.57531E+02
 2.57025E+00    1.54286E+02
 2.57156E+00    1.54169E+02
 2.62614E+00    1.50368E+02
 2.68187E+00    1.46567E+02
 2.71479E+00    1.45014E+02
 2.71682E+00    1.44914E+02
 2.75440E+00    1.43188E+02
 2.78317E+00    1.41536E+02
 2.83586E+00    1.37891E+02
 2.87603E+00    1.35157E+02
 2.93736E+00    1.31057E+02
 3.00000E+00    1.26956E+02
 3.05443E+00    1.22557E+02
 3.10635E+00    1.18432E+02
 3.15583E+00    1.14566E+02
 3.20293E+00    1.10941E+02
 3.24773E+00    1.07542E+02
 3.29029E+00    1.04356E+02
 3.33071E+00    1.01369E+02
 3.36904E+00    9.85690E+01
 3.40539E+00    9.59438E+01
 3.43981E+00    9.34826E+01
 3.47240E+00    9.11753E+01
 3.50324E+00    8.90122E+01
 3.56179E+00    8.49564E+01
 3.61383E+00    8.14076E+01
 3.65998E+00    7.83023E+01
 3.70085E+00    7.55852E+01
 3.73698E+00    7.32078E+01
 3.76889E+00    7.11275E+01
 3.82539E+00    6.74871E+01
 3.86831E+00    6.47567E+01
 3.90082E+00    6.27090E+01
 3.95010E+00    5.96373E+01
 4.00000E+00    5.65657E+01
 4.05618E+00    5.43998E+01
 4.10956E+00    5.23692E+01
 4.16024E+00    5.04655E+01
 4.20833E+00    4.86809E+01
 4.25391E+00    4.70077E+01
 4.29709E+00    4.54392E+01
 4.33797E+00    4.39686E+01
 4.37665E+00    4.25900E+01
 4.41323E+00    4.12976E+01
 4.44779E+00    4.00859E+01
 4.48044E+00    3.89499E+01
 4.54232E+00    3.68200E+01
 4.59715E+00    3.49564E+01
 4.64568E+00    3.33256E+01
 4.68856E+00    3.18988E+01
 4.72640E+00    3.06503E+01
 4.75976E+00    2.95578E+01
 4.78915E+00    2.86019E+01
 4.84101E+00    2.69291E+01
 4.88028E+00    2.56745E+01
 4.90994E+00    2.47336E+01
 4.95476E+00    2.33221E+01
 5.00000E+00    2.19107E+01
 5.05730E+00    2.10691E+01
 5.11162E+00    2.02801E+01
 5.16307E+00    1.95404E+01
 5.21177E+00    1.88470E+01
 5.25785E+00    1.81969E+01
 5.30142E+00    1.75874E+01
 5.34260E+00    1.70160E+01
 5.38149E+00    1.64803E+01
 5.41820E+00    1.59781E+01
 5.48772E+00    1.50365E+01
 5.54929E+00    1.42126E+01
 5.60372E+00    1.34917E+01
 5.65179E+00    1.28609E+01
 5.69418E+00    1.23089E+01
 5.73154E+00    1.18259E+01
 5.76443E+00    1.14033E+01
 5.82244E+00    1.06638E+01
 5.86633E+00    1.01092E+01
 5.89947E+00    9.69316E+00
 5.94952E+00    9.06918E+00
 6.00000E+00    8.44519E+00
 6.05809E+00    8.12229E+00
 6.11305E+00    7.81958E+00
 6.16504E+00    7.53579E+00
 6.21417E+00    7.26973E+00
 6.26059E+00    7.02030E+00
 6.30443E+00    6.78646E+00
 6.34580E+00    6.56723E+00
 6.42411E+00    6.15619E+00
 6.49342E+00    5.79652E+00
 6.55468E+00    5.48181E+00
 6.60876E+00    5.20644E+00
 6.65644E+00    4.96550E+00
 6.69845E+00    4.75467E+00
 6.73542E+00    4.57019E+00
 6.80061E+00    4.24736E+00
 6.84992E+00    4.00523E+00
 6.88714E+00    3.82364E+00
 6.94334E+00    3.55125E+00
 7.00000E+00    3.27886E+00
 7.05866E+00    3.15133E+00
 7.11411E+00    3.03177E+00
 7.16648E+00    2.91968E+00
 7.21593E+00    2.81460E+00
 7.26261E+00    2.71609E+00
 7.30663E+00    2.62373E+00
 7.38990E+00    2.45056E+00
 7.46355E+00    2.29904E+00
 7.52858E+00    2.16646E+00
 7.58596E+00    2.05045E+00
 7.63652E+00    1.94894E+00
 7.68103E+00    1.86012E+00
 7.72020E+00    1.78240E+00
 7.78922E+00    1.64640E+00
 7.84139E+00    1.54439E+00
 7.88074E+00    1.46789E+00
 7.94015E+00    1.35313E+00
 8.00000E+00    1.23838E+00
 8.05911E+00    1.18887E+00
 8.11492E+00    1.14246E+00
 8.16759E+00    1.09894E+00
 8.21729E+00    1.05815E+00
 8.26415E+00    1.01990E+00
 8.35273E+00    9.48194E-01
 8.43102E+00    8.85449E-01
 8.50013E+00    8.30547E-01
 8.56106E+00    7.82508E-01
 8.61474E+00    7.40473E-01
 8.66198E+00    7.03693E-01
 8.70353E+00    6.71511E-01
 8.77672E+00    6.15191E-01
 8.83201E+00    5.72952E-01
 8.87371E+00    5.41272E-01
 8.93663E+00    4.93753E-01
 9.00000E+00    4.46233E-01
 9.05946E+00    4.27925E-01
 9.11556E+00    4.10761E-01
 9.16847E+00    3.94669E-01
 9.21836E+00    3.79584E-01
 9.31262E+00    3.51298E-01
 9.39589E+00    3.26548E-01
 9.46936E+00    3.04892E-01
 9.53412E+00    2.85943E-01
 9.59114E+00    2.69363E-01
 9.64132E+00    2.54855E-01
 9.68544E+00    2.42161E-01
 9.76314E+00    2.19946E-01
 9.82183E+00    2.03284E-01
 9.86607E+00    1.90788E-01
 9.93281E+00    1.72044E-01
 1.00000E+01    1.53300E-01
 1.01146E+01    1.44360E-01
 1.02232E+01    1.35979E-01
 1.03261E+01    1.28122E-01
 1.04235E+01    1.20756E-01
 1.05157E+01    1.13851E-01
 1.06028E+01    1.07377E-01
 1.06852E+01    1.01307E-01
 1.07630E+01    9.56170E-02
 1.08364E+01    9.02826E-02
 1.09057E+01    8.52815E-02
 1.09711E+01    8.05930E-02
 1.10327E+01    7.61976E-02
 1.10908E+01    7.20768E-02
 1.11456E+01    6.82136E-02
 1.11971E+01    6.45919E-02
 1.12457E+01    6.11965E-02
 1.12914E+01    5.80133E-02
 1.13345E+01    5.50291E-02
 1.14156E+01    4.94337E-02
 1.14871E+01    4.45377E-02
 1.15500E+01    4.02537E-02
 1.16053E+01    3.65052E-02
 1.16539E+01    3.32253E-02
 1.16966E+01    3.03553E-02
 1.17341E+01    2.78441E-02
 1.17670E+01    2.56468E-02
 1.18248E+01    2.18016E-02
 1.18684E+01    1.89176E-02
 1.19012E+01    1.67547E-02
 1.19258E+01    1.51324E-02
 1.19628E+01    1.26991E-02
 1.20000E+01    1.02658E-02
 1.21162E+01    9.65163E-03
 1.22261E+01    9.07585E-03
 1.23301E+01    8.53605E-03
 1.24283E+01    8.02999E-03
 1.25212E+01    7.55556E-03
 1.26089E+01    7.11078E-03
 1.26916E+01    6.69380E-03
 1.27697E+01    6.30288E-03
 1.28433E+01    5.93639E-03
 1.29127E+01    5.59281E-03
 1.29781E+01    5.27070E-03
 1.30397E+01    4.96873E-03
 1.30978E+01    4.68562E-03
 1.31524E+01    4.42022E-03
 1.32039E+01    4.17140E-03
 1.32523E+01    3.93813E-03
 1.32978E+01    3.71944E-03
 1.33836E+01    3.30939E-03
 1.34592E+01    2.95061E-03
 1.35256E+01    2.63667E-03
 1.35840E+01    2.36197E-03
 1.36353E+01    2.12161E-03
 1.36804E+01    1.91130E-03
 1.37199E+01    1.72727E-03
 1.37546E+01    1.56625E-03
 1.37851E+01    1.42535E-03
 1.38385E+01    1.17879E-03
 1.38787E+01    9.93865E-04
 1.39089E+01    8.55173E-04
 1.39316E+01    7.51153E-04
 1.39658E+01    5.95124E-04
 1.40000E+01    4.39096E-04
 1.40605E+01    4.18920E-04
 1.41746E+01    3.81089E-04
 1.42753E+01    3.47988E-04
 1.43639E+01    3.19024E-04
 1.44419E+01    2.93681E-04
 1.45105E+01    2.71505E-04
 1.45708E+01    2.52102E-04
 1.46238E+01    2.35123E-04
 1.46703E+01    2.20268E-04
 1.47520E+01    1.94270E-04
 1.48136E+01    1.74772E-04
 1.48600E+01    1.60148E-04
 1.49298E+01    1.38212E-04
 1.49649E+01    1.27245E-04
 1.50000E+01    1.16277E-04
 1.51215E+01    1.06403E-04
 1.52286E+01    9.77627E-05
 1.53230E+01    9.02028E-05
 1.54060E+01    8.35878E-05
 1.54790E+01    7.77997E-05
 1.55432E+01    7.27351E-05
 1.55996E+01    6.83035E-05
 1.56987E+01    6.05484E-05
 1.57735E+01    5.47320E-05
 1.58298E+01    5.03697E-05
 1.59147E+01    4.38263E-05
 1.59573E+01    4.05546E-05
 1.60000E+01    3.72829E-05
 1.61182E+01    3.52803E-05
 1.62298E+01    3.34029E-05
 1.63352E+01    3.16428E-05
 1.64346E+01    2.99927E-05
 1.65283E+01    2.84458E-05
 1.66166E+01    2.69955E-05
 1.66999E+01    2.56359E-05
 1.67783E+01    2.43612E-05
 1.68522E+01    2.31663E-05
 1.69217E+01    2.20460E-05
 1.70529E+01    1.99454E-05
 1.71685E+01    1.81074E-05
 1.72703E+01    1.64992E-05
 1.73599E+01    1.50920E-05
 1.74386E+01    1.38607E-05
 1.75078E+01    1.27833E-05
 1.75686E+01    1.18406E-05
 1.76220E+01    1.10157E-05
 1.77157E+01    9.57218E-06
 1.77864E+01    8.48953E-06
 1.78395E+01    7.67754E-06
 1.79196E+01    6.45956E-06
 1.79597E+01    5.85057E-06
 1.80000E+01    5.24158E-06
 1.81189E+01    4.96358E-06
 1.82311E+01    4.70296E-06
 1.83369E+01    4.45862E-06
 1.84367E+01    4.22956E-06
 1.85307E+01    4.01481E-06
 1.86193E+01    3.81348E-06
 1.87027E+01    3.62474E-06
 1.87813E+01    3.44779E-06
 1.89295E+01    3.11602E-06
 1.90601E+01    2.82571E-06
 1.91751E+01    2.57170E-06
 1.92763E+01    2.34943E-06
 1.93654E+01    2.15495E-06
 1.94436E+01    1.98478E-06
 1.95123E+01    1.83588E-06
 1.95726E+01    1.70560E-06
 1.96786E+01    1.47759E-06
 1.97584E+01    1.30659E-06
 1.98186E+01    1.17834E-06
 1.98638E+01    1.08215E-06
 1.99318E+01    9.37870E-07
 2.00000E+01    7.93590E-07
