# n + Rb 85 : (n,n'18)  
# tendl.2019 A.J. Koning and D. Rochman        EVAL-NOV19
# uncertainties: n
# # energies =    74
#   E(MeV)       xs(mb) 
 1.65084E+00    0.00000E+00
 1.68845E+00    9.84261E+00
 1.76856E+00    3.08076E+01
 1.80000E+00    3.90355E+01
 1.80816E+00    4.05540E+01
 1.81357E+00    4.15608E+01
 1.82361E+00    4.34291E+01
 1.87463E+00    5.29235E+01
 1.91346E+00    6.01494E+01
 1.95262E+00    6.74368E+01
 1.97319E+00    7.12647E+01
 2.00000E+00    7.62538E+01
 2.02366E+00    7.72337E+01
 2.05220E+00    7.84158E+01
 2.06373E+00    7.88933E+01
 2.20000E+00    8.45372E+01
 2.40000E+00    7.48625E+01
 2.60000E+00    6.06195E+01
 2.80000E+00    4.79446E+01
 3.00000E+00    3.79813E+01
 3.20000E+00    3.02981E+01
 3.40000E+00    2.42594E+01
 3.60000E+00    1.93957E+01
 3.80000E+00    1.54300E+01
 4.00000E+00    1.22004E+01
 4.20000E+00    9.59530E+00
 4.40000E+00    7.50869E+00
 4.60000E+00    5.86078E+00
 4.80000E+00    4.57065E+00
 5.00000E+00    3.56849E+00
 5.20000E+00    2.79341E+00
 5.40000E+00    2.19681E+00
 5.60000E+00    1.73828E+00
 5.80000E+00    1.38579E+00
 6.00000E+00    1.11435E+00
 6.20000E+00    9.04861E-01
 6.40000E+00    7.41194E-01
 6.60000E+00    6.14800E-01
 6.80000E+00    5.14559E-01
 7.00000E+00    4.36296E-01
 7.20000E+00    3.74139E-01
 7.40000E+00    3.23138E-01
 7.60000E+00    2.83379E-01
 7.80000E+00    2.51205E-01
 8.00000E+00    2.25432E-01
 8.50000E+00    1.80192E-01
 9.00000E+00    1.52753E-01
 9.50000E+00    1.35717E-01
 1.00000E+01    1.24927E-01
 1.05000E+01    1.17952E-01
 1.10000E+01    1.13346E-01
 1.15000E+01    1.10250E-01
 1.20000E+01    1.08150E-01
 1.25000E+01    1.06733E-01
 1.30000E+01    1.05797E-01
 1.35000E+01    1.05209E-01
 1.40000E+01    1.04889E-01
 1.45000E+01    1.04790E-01
 1.50000E+01    1.04893E-01
 1.60000E+01    1.05672E-01
 1.70000E+01    1.07194E-01
 1.80000E+01    1.09393E-01
 1.90000E+01    1.12162E-01
 2.00000E+01    1.15365E-01
 2.10000E+01    1.18841E-01
 2.20000E+01    1.22400E-01
 2.30000E+01    1.25847E-01
 2.40000E+01    1.29028E-01
 2.50000E+01    1.31851E-01
 2.60000E+01    1.34295E-01
 2.70000E+01    1.36381E-01
 2.80000E+01    1.38149E-01
 2.90000E+01    1.39639E-01
 3.00000E+01    1.40881E-01
