# n + Pu238 : (n,n'25)  
# tendl.2019 A.J. Koning and D. Rochman        EVAL-DEC19
# uncertainties: n
# # energies =    69
#   E(MeV)       xs(mb) 
 1.26958E+00    0.00000E+00
 1.31585E+00    9.08009E+00
 1.40000E+00    2.55938E+01
 1.43266E+00    2.89830E+01
 1.43516E+00    2.92424E+01
 1.45337E+00    3.11321E+01
 1.46447E+00    3.22840E+01
 1.60000E+00    4.63482E+01
 1.80000E+00    4.33604E+01
 2.00000E+00    3.56780E+01
 2.20000E+00    2.94366E+01
 2.40000E+00    2.49946E+01
 2.60000E+00    2.14991E+01
 2.80000E+00    1.84811E+01
 3.00000E+00    1.58669E+01
 3.20000E+00    1.36678E+01
 3.40000E+00    1.18657E+01
 3.60000E+00    1.04129E+01
 3.80000E+00    9.25058E+00
 4.00000E+00    8.31943E+00
 4.20000E+00    7.56745E+00
 4.40000E+00    6.95483E+00
 4.60000E+00    6.45023E+00
 4.80000E+00    6.02989E+00
 5.00000E+00    5.67561E+00
 5.20000E+00    5.37429E+00
 5.40000E+00    5.11997E+00
 5.60000E+00    4.90607E+00
 5.80000E+00    4.72657E+00
 6.00000E+00    4.57702E+00
 6.20000E+00    4.45375E+00
 6.40000E+00    4.35347E+00
 6.60000E+00    4.27288E+00
 6.80000E+00    4.20857E+00
 7.00000E+00    4.15672E+00
 7.20000E+00    4.11434E+00
 7.40000E+00    4.07758E+00
 7.60000E+00    4.04306E+00
 7.80000E+00    4.00748E+00
 8.00000E+00    3.96914E+00
 8.50000E+00    3.84973E+00
 9.00000E+00    3.69357E+00
 9.50000E+00    3.50970E+00
 1.00000E+01    3.31345E+00
 1.05000E+01    3.11938E+00
 1.10000E+01    2.93691E+00
 1.15000E+01    2.77114E+00
 1.20000E+01    2.62316E+00
 1.25000E+01    2.49087E+00
 1.30000E+01    2.37166E+00
 1.35000E+01    2.26292E+00
 1.40000E+01    2.16263E+00
 1.45000E+01    2.07000E+00
 1.50000E+01    1.98458E+00
 1.60000E+01    1.83464E+00
 1.70000E+01    1.70943E+00
 1.80000E+01    1.60199E+00
 1.90000E+01    1.50412E+00
 2.00000E+01    1.41062E+00
 2.10000E+01    1.32120E+00
 2.20000E+01    1.23868E+00
 2.30000E+01    1.16620E+00
 2.40000E+01    1.10521E+00
 2.50000E+01    1.05477E+00
 2.60000E+01    1.01242E+00
 2.70000E+01    9.75315E-01
 2.80000E+01    9.40896E-01
 2.90000E+01    9.07746E-01
 3.00000E+01    8.75829E-01
