# n + Cl 35 : (n,d02)   
# endfb8.0   Sayer,Guber,Leal,Larson,Young+    EVAL-OCT03
# uncertainties: n
# # energies =    91
#   E(MeV)       xs(mb) 
 7.66388E+00    0.00000E+00
 7.92797E+00    7.85700E-18
 8.00000E+00    1.00000E-17
 8.29250E+00    2.91428E-03
 8.45691E+00    5.80962E-03
 8.49817E+00    6.55956E-03
 8.50000E+00    6.59262E-03
 9.00000E+00    7.25651E-02
 9.02144E+00    7.70258E-02
 9.08821E+00    9.41494E-02
 9.28184E+00    1.69363E-01
 9.29573E+00    1.76102E-01
 9.50000E+00    2.93289E-01
 9.57406E+00    3.45198E-01
 9.64317E+00    3.93636E-01
 9.73680E+00    4.69161E-01
 9.80264E+00    5.28186E-01
 1.00000E+01    7.41441E-01
 1.01092E+01    8.77442E-01
 1.01185E+01    8.89031E-01
 1.01843E+01    9.71678E-01
 1.02821E+01    1.09508E+00
 1.04313E+01    1.28471E+00
 1.04392E+01    1.29490E+00
 1.05000E+01    1.37247E+00
 1.05619E+01    1.45232E+00
 1.06170E+01    1.52420E+00
 1.06957E+01    1.62779E+00
 1.06967E+01    1.62915E+00
 1.07934E+01    1.75631E+00
 1.08665E+01    1.85120E+00
 1.09323E+01    1.93511E+00
 1.09868E+01    2.00301E+00
 1.10000E+01    2.01914E+00
 1.10959E+01    2.12613E+00
 1.11412E+01    2.17080E+00
 1.11463E+01    2.17568E+00
 1.11885E+01    2.21457E+00
 1.12019E+01    2.22653E+00
 1.12019E+01    2.22653E+00
 1.12789E+01    2.29421E+00
 1.15000E+01    2.48838E+00
 1.15971E+01    2.59142E+00
 1.19533E+01    2.96946E+00
 1.20000E+01    3.01907E+00
 1.25000E+01    3.27941E+00
 1.25231E+01    3.30241E+00
 1.25924E+01    3.37125E+00
 1.26283E+01    3.40695E+00
 1.28868E+01    3.66399E+00
 1.30000E+01    3.77649E+00
 1.30098E+01    3.77990E+00
 1.35000E+01    3.95071E+00
 1.35162E+01    3.95472E+00
 1.36222E+01    3.98096E+00
 1.37384E+01    4.00975E+00
 1.37440E+01    4.01113E+00
 1.37861E+01    4.02158E+00
 1.38373E+01    4.03424E+00
 1.39059E+01    4.05124E+00
 1.40000E+01    4.07454E+00
 1.40751E+01    4.12023E+00
 1.41262E+01    4.15125E+00
 1.44399E+01    4.34197E+00
 1.44570E+01    4.35235E+00
 1.45000E+01    4.37852E+00
 1.45801E+01    4.35796E+00
 1.46349E+01    4.34389E+00
 1.46586E+01    4.33782E+00
 1.49004E+01    4.27578E+00
 1.49333E+01    4.26733E+00
 1.49992E+01    4.25044E+00
 1.50000E+01    4.25022E+00
 1.50084E+01    4.25495E+00
 1.50650E+01    4.28670E+00
 1.50753E+01    4.29247E+00
 1.51247E+01    4.32019E+00
 1.52071E+01    4.36644E+00
 1.53325E+01    4.43682E+00
 1.53325E+01    4.43682E+00
 1.55000E+01    4.53082E+00
 1.60000E+01    4.35275E+00
 1.60118E+01    4.35869E+00
 1.65000E+01    4.60343E+00
 1.70000E+01    4.38211E+00
 1.75000E+01    4.16371E+00
 1.80000E+01    4.34935E+00
 1.85000E+01    4.10637E+00
 1.90000E+01    4.28992E+00
 1.95000E+01    4.03663E+00
 2.00000E+01    4.19707E+00
