# n + Pb204 : (n,g)     
# endfb8.0   A.J. Koning                       EVAL-DEC04
# uncertainties: y
# # energies =   443
#   E(MeV)       xs(mb)       xslow(mb)      xsupp(mb)
 1.00000E-11    2.45000E+04    2.32733E+04    2.57267E+04
 1.09052E-11    2.34611E+04    2.22864E+04    2.46359E+04
 1.17641E-11    2.25884E+04    2.14573E+04    2.37194E+04
 1.25711E-11    2.18513E+04    2.07572E+04    2.29455E+04
 1.33224E-11    2.12262E+04    2.01634E+04    2.22890E+04
 1.47467E-11    2.01750E+04    1.91649E+04    2.11852E+04
 1.59141E-11    1.94210E+04    1.84485E+04    2.03934E+04
 1.68498E-11    1.88740E+04    1.79289E+04    1.98190E+04
 1.83575E-11    1.80823E+04    1.71769E+04    1.89877E+04
 2.00000E-11    1.73238E+04    1.64564E+04    1.81913E+04
 2.18102E-11    1.65893E+04    1.57587E+04    1.74200E+04
 2.35281E-11    1.59722E+04    1.51724E+04    1.67719E+04
 2.51419E-11    1.54511E+04    1.46774E+04    1.62247E+04
 2.66444E-11    1.50090E+04    1.42575E+04    1.57606E+04
 2.94931E-11    1.42658E+04    1.35515E+04    1.49801E+04
 3.18278E-11    1.37326E+04    1.30450E+04    1.44202E+04
 3.36993E-11    1.33458E+04    1.26775E+04    1.40140E+04
 3.67148E-11    1.27859E+04    1.21457E+04    1.34261E+04
 4.00000E-11    1.22496E+04    1.16363E+04    1.28630E+04
 4.36204E-11    1.17302E+04    1.11429E+04    1.23176E+04
 4.70560E-11    1.12939E+04    1.07284E+04    1.18594E+04
 5.02835E-11    1.09254E+04    1.03784E+04    1.14725E+04
 5.32886E-11    1.06129E+04    1.00815E+04    1.11443E+04
 5.89860E-11    1.00873E+04    9.58220E+03    1.05924E+04
 6.36553E-11    9.71026E+03    9.22405E+03    1.01965E+04
 6.73983E-11    9.43676E+03    8.96425E+03    9.90927E+03
 7.34294E-11    9.04090E+03    8.58821E+03    9.49359E+03
 8.00000E-11    8.66165E+03    8.22795E+03    9.09535E+03
 8.72408E-11    8.29440E+03    7.87909E+03    8.70971E+03
 9.41123E-11    7.98585E+03    7.58599E+03    8.38571E+03
 1.00568E-10    7.72527E+03    7.33846E+03    8.11209E+03
 1.06579E-10    7.50426E+03    7.12851E+03    7.88000E+03
 1.17974E-10    7.13262E+03    6.77548E+03    7.48976E+03
 1.27313E-10    6.86602E+03    6.52224E+03    7.20981E+03
 1.34799E-10    6.67264E+03    6.33853E+03    7.00674E+03
 1.46860E-10    6.39275E+03    6.07266E+03    6.71284E+03
 1.60000E-10    6.12462E+03    5.81795E+03    6.43128E+03
 1.74482E-10    5.86493E+03    5.57126E+03    6.15859E+03
 1.88225E-10    5.64675E+03    5.36401E+03    5.92949E+03
 2.01135E-10    5.46251E+03    5.18900E+03    5.73603E+03
 2.13156E-10    5.30624E+03    5.04055E+03    5.57193E+03
 2.35946E-10    5.04346E+03    4.79093E+03    5.29600E+03
 2.54623E-10    4.85496E+03    4.61186E+03    5.09805E+03
 2.69595E-10    4.71821E+03    4.48197E+03    4.95446E+03
 2.93719E-10    4.52030E+03    4.29396E+03    4.74663E+03
 3.20000E-10    4.33069E+03    4.11385E+03    4.54753E+03
 3.48963E-10    4.14707E+03    3.93942E+03    4.35472E+03
 3.76449E-10    3.99280E+03    3.79288E+03    4.19272E+03
 4.02268E-10    3.86253E+03    3.66913E+03    4.05593E+03
 4.26309E-10    3.75203E+03    3.56417E+03    3.93990E+03
 4.71888E-10    3.56622E+03    3.38766E+03    3.74479E+03
 5.09243E-10    3.43293E+03    3.26104E+03    3.60482E+03
 5.39187E-10    3.33624E+03    3.16919E+03    3.50329E+03
 5.87435E-10    3.19629E+03    3.03625E+03    3.35633E+03
 6.40000E-10    3.06221E+03    2.90888E+03    3.21554E+03
 6.97926E-10    2.93238E+03    2.78555E+03    3.07920E+03
 7.52896E-10    2.82330E+03    2.68193E+03    2.96466E+03
 8.04534E-10    2.73118E+03    2.59443E+03    2.86794E+03
 8.52616E-10    2.65305E+03    2.52021E+03    2.78589E+03
 9.43774E-10    2.52167E+03    2.39540E+03    2.64793E+03
 1.01848E-09    2.42741E+03    2.30587E+03    2.54896E+03
 1.07837E-09    2.35904E+03    2.24092E+03    2.47716E+03
 1.17487E-09    2.26008E+03    2.14692E+03    2.37325E+03
 1.28000E-09    2.16528E+03    2.05686E+03    2.27370E+03
 1.39585E-09    2.07347E+03    1.96965E+03    2.17729E+03
 1.50579E-09    1.99634E+03    1.89638E+03    2.09630E+03
 1.60907E-09    1.93121E+03    1.83451E+03    2.02791E+03
 1.70523E-09    1.87596E+03    1.78203E+03    1.96990E+03
 1.88754E-09    1.78306E+03    1.69378E+03    1.87234E+03
 2.03696E-09    1.71642E+03    1.63047E+03    1.80236E+03
 2.15674E-09    1.66807E+03    1.58455E+03    1.75159E+03
 2.34973E-09    1.59810E+03    1.51808E+03    1.67812E+03
 2.56000E-09    1.53106E+03    1.45440E+03    1.60772E+03
 2.79170E-09    1.46614E+03    1.39273E+03    1.53955E+03
 3.01158E-09    1.41160E+03    1.34092E+03    1.48229E+03
 3.21813E-09    1.36555E+03    1.29718E+03    1.43392E+03
 3.41045E-09    1.32649E+03    1.26007E+03    1.39291E+03
 3.77508E-09    1.26080E+03    1.19767E+03    1.32392E+03
 4.07392E-09    1.21367E+03    1.15290E+03    1.27444E+03
 4.31347E-09    1.17949E+03    1.12043E+03    1.23854E+03
 4.69947E-09    1.13001E+03    1.07343E+03    1.18659E+03
 5.12000E-09    1.08260E+03    1.02840E+03    1.13681E+03
 5.58340E-09    1.03670E+03    9.84795E+02    1.08861E+03
 6.02315E-09    9.98140E+02    9.48162E+02    1.04812E+03
 6.43626E-09    9.65575E+02    9.17227E+02    1.01392E+03
 6.82090E-09    9.37953E+02    8.90989E+02    9.84917E+02
 7.55016E-09    8.91503E+02    8.46865E+02    9.36142E+02
 8.14784E-09    8.58182E+02    8.15211E+02    9.01152E+02
 8.62694E-09    8.34010E+02    7.92250E+02    8.75770E+02
 9.39893E-09    7.99024E+02    7.59016E+02    8.39032E+02
 1.02400E-08    7.65505E+02    7.27175E+02    8.03835E+02
 1.11668E-08    7.33049E+02    6.96344E+02    7.69753E+02
 1.20463E-08    7.05780E+02    6.70441E+02    7.41120E+02
 1.28725E-08    6.82754E+02    6.48568E+02    7.16940E+02
 1.36418E-08    6.63223E+02    6.30014E+02    6.96431E+02
 1.51003E-08    6.30378E+02    5.98814E+02    6.61942E+02
 1.62957E-08    6.06817E+02    5.76433E+02    6.37201E+02
 1.72539E-08    5.89725E+02    5.60197E+02    6.19253E+02
 1.87979E-08    5.64986E+02    5.36697E+02    5.93276E+02
 2.04800E-08    5.41285E+02    5.14183E+02    5.68388E+02
 2.15912E-08    5.27172E+02    5.00776E+02    5.53568E+02
 2.33722E-08    5.06688E+02    4.81317E+02    5.32058E+02
 2.53000E-08    4.87000E+02    4.62615E+02    5.11385E+02
 2.75898E-08    4.66353E+02    4.43002E+02    4.89703E+02
 2.97628E-08    4.49006E+02    4.26523E+02    4.71488E+02
 3.18042E-08    4.34357E+02    4.12608E+02    4.56106E+02
 3.37048E-08    4.21932E+02    4.00805E+02    4.43059E+02
 3.73084E-08    4.01038E+02    3.80957E+02    4.21118E+02
 4.02618E-08    3.86049E+02    3.66719E+02    4.05379E+02
 4.26292E-08    3.75176E+02    3.56390E+02    3.93961E+02
 4.64439E-08    3.59438E+02    3.41440E+02    3.77435E+02
 5.06000E-08    3.44360E+02    3.27117E+02    3.61602E+02
 5.51797E-08    3.29760E+02    3.13249E+02    3.46272E+02
 5.95257E-08    3.17494E+02    3.01597E+02    3.33391E+02
 6.36083E-08    3.07136E+02    2.91757E+02    3.22515E+02
 6.74097E-08    2.98350E+02    2.83411E+02    3.13289E+02
 7.46168E-08    2.83576E+02    2.69377E+02    2.97775E+02
 8.05235E-08    2.72977E+02    2.59309E+02    2.86645E+02
 8.52584E-08    2.65289E+02    2.52005E+02    2.78572E+02
 9.28878E-08    2.54160E+02    2.41434E+02    2.66886E+02
 1.01200E-07    2.43499E+02    2.31306E+02    2.55691E+02
 1.10359E-07    2.33175E+02    2.21500E+02    2.44850E+02
 1.19051E-07    2.24501E+02    2.13260E+02    2.35743E+02
 1.27217E-07    2.17177E+02    2.06303E+02    2.28052E+02
 1.34819E-07    2.10965E+02    2.00402E+02    2.21528E+02
 1.49234E-07    2.00518E+02    1.90477E+02    2.10558E+02
 1.61047E-07    1.93023E+02    1.83358E+02    2.02688E+02
 1.70517E-07    1.87587E+02    1.78194E+02    1.96979E+02
 1.85776E-07    1.79718E+02    1.70719E+02    1.88717E+02
 2.02400E-07    1.72179E+02    1.63558E+02    1.80800E+02
 2.20719E-07    1.64879E+02    1.56623E+02    1.73135E+02
 2.38103E-07    1.58746E+02    1.50797E+02    1.66695E+02
 2.54433E-07    1.53567E+02    1.45878E+02    1.61256E+02
 2.69639E-07    1.49174E+02    1.41705E+02    1.56644E+02
 2.98467E-07    1.41787E+02    1.34688E+02    1.48886E+02
 3.22094E-07    1.36488E+02    1.29654E+02    1.43322E+02
 3.41034E-07    1.32643E+02    1.26002E+02    1.39285E+02
 3.71551E-07    1.27079E+02    1.20716E+02    1.33442E+02
 4.04800E-07    1.21749E+02    1.15653E+02    1.27845E+02
 4.41438E-07    1.16587E+02    1.10749E+02    1.22424E+02
 4.76205E-07    1.12250E+02    1.06630E+02    1.17871E+02
 5.08867E-07    1.08588E+02    9.88104E+01    1.18366E+02
 5.39277E-07    1.05482E+02    9.59839E+01    1.14980E+02
 5.96935E-07    1.00258E+02    9.12307E+01    1.09286E+02
 6.44188E-07    9.65110E+01    8.78209E+01    1.05201E+02
 6.82067E-07    9.37928E+01    8.53475E+01    1.02238E+02
 7.43103E-07    8.98584E+01    8.17673E+01    9.79495E+01
 8.09600E-07    8.60890E+01    7.83373E+01    9.38407E+01
 8.82875E-07    8.24391E+01    7.50160E+01    8.98621E+01
 9.52411E-07    7.93726E+01    7.22256E+01    8.65195E+01
 1.01773E-06    7.67831E+01    6.98693E+01    8.36968E+01
 1.07855E-06    7.45867E+01    6.78707E+01    8.13027E+01
 1.19387E-06    7.08931E+01    6.45097E+01    7.72765E+01
 1.28838E-06    6.82434E+01    6.20986E+01    7.43882E+01
 1.36413E-06    6.63214E+01    6.03496E+01    7.22931E+01
 1.48621E-06    6.35393E+01    5.78181E+01    6.92605E+01
 1.61920E-06    6.08739E+01    5.53927E+01    6.63552E+01
 1.76575E-06    5.82931E+01    5.30442E+01    6.35419E+01
 1.90482E-06    5.61247E+01    5.10711E+01    6.11783E+01
 2.03547E-06    5.42937E+01    4.94049E+01    5.91824E+01
 2.15711E-06    5.27406E+01    4.79917E+01    5.74895E+01
 2.38774E-06    5.01288E+01    4.56151E+01    5.46426E+01
 2.57675E-06    4.82552E+01    4.39102E+01    5.26003E+01
 2.72827E-06    4.68961E+01    4.26735E+01    5.11188E+01
 2.97241E-06    4.49289E+01    4.08834E+01    4.89745E+01
 3.23840E-06    4.30443E+01    3.91684E+01    4.69201E+01
 3.53150E-06    4.12193E+01    3.75078E+01    4.49308E+01
 3.80964E-06    3.96861E+01    3.61126E+01    4.32595E+01
 4.07093E-06    3.83913E+01    3.49345E+01    4.18482E+01
 4.31422E-06    3.72931E+01    3.39352E+01    4.06511E+01
 4.77548E-06    3.54463E+01    3.22547E+01    3.86380E+01
 5.15351E-06    3.41215E+01    3.10491E+01    3.71939E+01
 5.45654E-06    3.31605E+01    3.01746E+01    3.61463E+01
 5.94482E-06    3.17695E+01    2.89089E+01    3.46301E+01
 6.47680E-06    3.04368E+01    2.76962E+01    3.31774E+01
 7.06300E-06    2.91464E+01    2.65219E+01    3.17708E+01
 7.61929E-06    2.80622E+01    2.55354E+01    3.05890E+01
 8.14186E-06    2.71467E+01    2.47023E+01    2.95910E+01
 8.62844E-06    2.63701E+01    2.39957E+01    2.87446E+01
 9.55095E-06    2.50643E+01    2.28074E+01    2.73211E+01
 1.03070E-05    2.41275E+01    2.19550E+01    2.63000E+01
 1.09131E-05    2.34479E+01    2.13366E+01    2.55593E+01
 1.18896E-05    2.24643E+01    2.04416E+01    2.44871E+01
 1.29536E-05    2.15220E+01    1.95841E+01    2.34599E+01
 1.41260E-05    2.06095E+01    1.87538E+01    2.24653E+01
 1.52386E-05    1.98429E+01    1.80562E+01    2.16296E+01
 1.62837E-05    1.91955E+01    1.74671E+01    2.09240E+01
 1.72569E-05    1.86465E+01    1.69675E+01    2.03254E+01
 1.91019E-05    1.77231E+01    1.61272E+01    1.93189E+01
 2.06140E-05    1.70607E+01    1.55245E+01    1.85968E+01
 2.18262E-05    1.65801E+01    1.50872E+01    1.80731E+01
 2.37793E-05    1.58846E+01    1.44543E+01    1.73149E+01
 2.59072E-05    1.52183E+01    1.38480E+01    1.65886E+01
 2.82520E-05    1.45731E+01    1.32609E+01    1.58853E+01
 3.04772E-05    1.40310E+01    1.27676E+01    1.52944E+01
 3.25675E-05    1.35733E+01    1.23511E+01    1.47954E+01
 3.45138E-05    1.31850E+01    1.19978E+01    1.43722E+01
 3.82038E-05    1.25321E+01    1.14036E+01    1.36605E+01
 4.12280E-05    1.20637E+01    1.09774E+01    1.31499E+01
 4.36523E-05    1.17239E+01    1.06682E+01    1.27796E+01
 4.75586E-05    1.12321E+01    1.02207E+01    1.22435E+01
 5.18144E-05    1.07609E+01    9.79199E+00    1.17299E+01
 5.65040E-05    1.03047E+01    9.37684E+00    1.12326E+01
 6.09543E-05    9.92140E+00    9.02805E+00    1.08147E+01
 6.51349E-05    9.59772E+00    8.73351E+00    1.04619E+01
 6.90275E-05    9.32317E+00    8.48369E+00    1.01627E+01
 7.64076E-05    8.86148E+00    8.06357E+00    9.65939E+00
 8.24561E-05    8.53028E+00    7.76219E+00    9.29837E+00
 8.73046E-05    8.29003E+00    7.54357E+00    9.03648E+00
 9.51171E-05    7.94227E+00    7.22713E+00    8.65742E+00
 1.03629E-04    7.60911E+00    6.92397E+00    8.29425E+00
 1.13008E-04    7.28651E+00    6.63041E+00    7.94260E+00
 1.21909E-04    7.01547E+00    6.38378E+00    7.64716E+00
 1.30270E-04    6.78659E+00    6.17551E+00    7.39768E+00
 1.38055E-04    6.59246E+00    5.99886E+00    7.18606E+00
 1.52815E-04    6.26600E+00    5.70179E+00    6.83020E+00
 1.64912E-04    6.03180E+00    5.48868E+00    6.57492E+00
 1.74609E-04    5.86192E+00    5.33409E+00    6.38974E+00
 1.90234E-04    5.61602E+00    5.11034E+00    6.12170E+00
 2.07258E-04    5.38044E+00    4.89597E+00    5.86491E+00
 2.26016E-04    5.15232E+00    4.68839E+00    5.61625E+00
 2.43817E-04    4.96067E+00    4.51400E+00    5.40734E+00
 2.60540E-04    4.79883E+00    4.36673E+00    5.23093E+00
 2.76110E-04    4.66156E+00    4.24182E+00    5.08130E+00
 3.05631E-04    4.43071E+00    4.03176E+00    4.82967E+00
 3.29824E-04    4.26511E+00    3.88107E+00    4.64916E+00
 3.49218E-04    4.14499E+00    3.77176E+00    4.51822E+00
 3.80469E-04    3.97111E+00    3.58231E+00    4.35992E+00
 4.14515E-04    3.80453E+00    3.43204E+00    4.17703E+00
 4.52032E-04    3.64323E+00    3.28653E+00    3.99994E+00
 4.87634E-04    3.50771E+00    3.16428E+00    3.85115E+00
 5.21079E-04    3.39328E+00    3.06104E+00    3.72551E+00
 5.52220E-04    3.29621E+00    2.97348E+00    3.61894E+00
 6.11261E-04    3.13298E+00    2.82623E+00    3.43973E+00
 6.59649E-04    3.01588E+00    2.72060E+00    3.31116E+00
 6.98437E-04    2.93094E+00    2.64398E+00    3.21791E+00
 7.60937E-04    2.80799E+00    2.53307E+00    3.08292E+00
 8.29030E-04    2.69020E+00    2.51009E+00    2.87032E+00
 9.04064E-04    2.57615E+00    2.40367E+00    2.74862E+00
 9.75269E-04    2.48032E+00    2.31426E+00    2.64638E+00
 1.04216E-03    2.39940E+00    2.23876E+00    2.56004E+00
 1.10444E-03    2.33077E+00    2.17472E+00    2.48681E+00
 1.22252E-03    2.21534E+00    2.06702E+00    2.36366E+00
 1.31930E-03    2.13254E+00    1.98977E+00    2.27532E+00
 1.39687E-03    2.07248E+00    1.93373E+00    2.21124E+00
 1.52187E-03    1.98555E+00    1.85261E+00    2.11848E+00
 1.65806E-03    1.90225E+00    1.77490E+00    2.02961E+00
 1.80813E-03    1.82160E+00    1.69965E+00    1.94356E+00
 1.95054E-03    1.75385E+00    1.63643E+00    1.87127E+00
 2.08432E-03    1.69663E+00    1.58304E+00    1.81022E+00
 2.20888E-03    1.64810E+00    1.46479E+00    1.83140E+00
 2.44504E-03    1.56648E+00    1.39225E+00    1.74071E+00
 2.63859E-03    1.50793E+00    1.34021E+00    1.67565E+00
 2.79375E-03    1.46546E+00    1.30247E+00    1.62846E+00
 3.04375E-03    1.40399E+00    1.24783E+00    1.56015E+00
 3.31612E-03    1.34509E+00    1.19549E+00    1.49470E+00
 3.61626E-03    1.28807E+00    1.24942E+00    1.32671E+00
 3.90108E-03    1.24015E+00    1.20295E+00    1.27736E+00
 4.16863E-03    1.19969E+00    1.16370E+00    1.23568E+00
 4.41776E-03    1.16538E+00    1.13041E+00    1.20034E+00
 4.89009E-03    1.10767E+00    1.07444E+00    1.14090E+00
 5.27719E-03    1.06627E+00    1.02966E+00    1.10287E+00
 5.58749E-03    1.03623E+00    1.00066E+00    1.07181E+00
 6.08750E-03    9.92767E-01    9.58682E-01    1.02685E+00
 6.63224E-03    9.51122E-01    9.18467E-01    9.83778E-01
 7.23251E-03    9.10797E-01    8.79526E-01    9.42068E-01
 7.80215E-03    8.76918E-01    8.46810E-01    9.07026E-01
 8.33727E-03    8.48309E-01    8.19184E-01    8.77435E-01
 8.83552E-03    8.24043E-01    7.95751E-01    8.52335E-01
 9.78018E-03    7.83236E-01    7.56344E-01    8.10127E-01
 1.05544E-02    7.53962E-01    7.28076E-01    7.79848E-01
 1.11750E-02    7.32727E-01    7.04957E-01    7.60497E-01
 1.21750E-02    7.01990E-01    6.75385E-01    7.28595E-01
 1.32645E-02    6.72543E-01    6.47054E-01    6.98032E-01
 1.44650E-02    6.44029E-01    6.19621E-01    6.68438E-01
 1.56043E-02    6.20073E-01    5.96573E-01    6.43573E-01
 1.66745E-02    5.99844E-01    5.77110E-01    6.22577E-01
 1.76710E-02    5.82685E-01    5.48923E-01    6.16447E-01
 1.95604E-02    5.53830E-01    5.35289E-01    5.72371E-01
 2.11088E-02    5.33130E-01    5.17136E-01    5.49124E-01
 2.23500E-02    5.18115E-01    5.02571E-01    5.33658E-01
 2.43500E-02    4.96381E-01    4.70770E-01    5.21992E-01
 2.65290E-02    4.75558E-01    4.49486E-01    5.01631E-01
 2.87162E-02    4.57089E-01    4.32029E-01    4.82148E-01
 3.07774E-02    4.41517E-01    4.15412E-01    4.67623E-01
 3.27020E-02    4.28328E-01    4.03002E-01    4.53654E-01
 3.44845E-02    4.17111E-01    3.92449E-01    4.41773E-01
 3.78408E-02    3.98183E-01    3.64795E-01    4.31572E-01
 4.05707E-02    3.84554E-01    3.52308E-01    4.16799E-01
 4.27466E-02    3.74638E-01    3.51381E-01    3.97895E-01
 4.62313E-02    3.60243E-01    3.39157E-01    3.81328E-01
 5.00000E-02    3.46400E-01    3.11655E-01    3.81145E-01
 5.00000E-02    3.86174E+01    3.47439E+01    4.24909E+01
 5.45254E-02    3.74246E+01    3.36707E+01    4.11784E+01
 5.88199E-02    3.64111E+01    3.27589E+01    4.00633E+01
 6.28541E-02    3.55469E+01    3.19814E+01    3.91124E+01
 7.05911E-02    3.40835E+01    3.06648E+01    3.75022E+01
 7.70127E-02    3.30257E+01    2.97131E+01    3.63383E+01
 8.22095E-02    3.22539E+01    2.90187E+01    3.54891E+01
 9.06694E-02    3.11299E+01    2.80075E+01    3.42524E+01
 1.00000E-01    3.00451E+01    2.70315E+01    3.30587E+01
 1.09051E-01    2.91075E+01    2.61879E+01    3.20271E+01
 1.17640E-01    2.83111E+01    2.54714E+01    3.11508E+01
 1.25708E-01    2.76321E+01    2.48605E+01    3.04037E+01
 1.41182E-01    2.64829E+01    2.38266E+01    2.91393E+01
 1.54025E-01    2.56525E+01    2.30795E+01    2.82255E+01
 1.64419E-01    2.50468E+01    2.25345E+01    2.75591E+01
 1.81339E-01    2.41650E+01    2.17411E+01    2.65888E+01
 2.00000E-01    2.33142E+01    2.09757E+01    2.56527E+01
 2.21336E-01    2.28407E+01    2.05497E+01    2.51317E+01
 2.57684E-01    2.21484E+01    1.99268E+01    2.43700E+01
 3.00000E-01    2.14771E+01    1.93229E+01    2.36313E+01
 4.00000E-01    2.10915E+01    1.89759E+01    2.32071E+01
 5.00000E-01    2.13253E+01    1.91863E+01    2.34643E+01
 6.00000E-01    2.19560E+01    1.97537E+01    2.41583E+01
 7.00000E-01    2.29025E+01    2.06053E+01    2.51997E+01
 8.00000E-01    2.41210E+01    2.17016E+01    2.65404E+01
 9.00000E-01    2.56050E+01    2.30367E+01    2.81733E+01
 9.11931E-01    2.45337E+01    2.20729E+01    2.69945E+01
 9.33193E-01    2.27656E+01    2.04821E+01    2.50491E+01
 9.49464E-01    2.15237E+01    1.93648E+01    2.36826E+01
 9.61854E-01    2.06369E+01    1.85669E+01    2.27068E+01
 9.80741E-01    1.93747E+01    1.74314E+01    2.13181E+01
 1.00000E+00    1.81898E+01    1.63653E+01    2.00143E+01
 1.04664E+00    1.75665E+01    1.58045E+01    1.93284E+01
 1.12070E+00    1.66713E+01    1.49991E+01    1.83435E+01
 1.20000E+00    1.58217E+01    1.42347E+01    1.74087E+01
 1.22335E+00    1.51729E+01    1.36510E+01    1.66948E+01
 1.26530E+00    1.41008E+01    1.26865E+01    1.55152E+01
 1.29771E+00    1.33468E+01    1.20081E+01    1.46855E+01
 1.32256E+00    1.28078E+01    1.15232E+01    1.40925E+01
 1.36073E+00    1.20400E+01    1.08323E+01    1.32476E+01
 1.40000E+00    1.13181E+01    1.01829E+01    1.24533E+01
 1.44752E+00    1.07596E+01    9.68037E+00    1.18388E+01
 1.48422E+00    1.03589E+01    9.31985E+00    1.13979E+01
 1.54103E+00    9.78562E+00    8.80408E+00    1.07672E+01
 1.60000E+00    9.24408E+00    8.31686E+00    1.01713E+01
 1.62373E+00    8.86935E+00    7.97972E+00    9.75898E+00
 1.66611E+00    8.24974E+00    7.42226E+00    9.07722E+00
 1.69862E+00    7.81362E+00    7.02988E+00    8.59735E+00
 1.72342E+00    7.50172E+00    6.74927E+00    8.25417E+00
 1.76129E+00    7.05706E+00    6.34921E+00    7.76491E+00
 1.80000E+00    6.63876E+00    5.97287E+00    7.30465E+00
 1.84804E+00    6.28120E+00    5.65117E+00    6.91123E+00
 1.88491E+00    6.02573E+00    5.42132E+00    6.63013E+00
 1.94160E+00    5.66187E+00    5.09396E+00    6.22977E+00
 2.00000E+00    5.31998E+00    4.78637E+00    5.85359E+00
 2.09762E+00    5.00000E+00    4.49848E+00    5.50152E+00
 2.20000E+00    4.69926E+00    4.22791E+00    5.17061E+00
 2.29783E+00    4.43370E+00    3.98899E+00    4.87842E+00
 2.40000E+00    4.18315E+00    3.76356E+00    4.60274E+00
 2.49800E+00    3.98854E+00    3.58848E+00    4.38861E+00
 2.60000E+00    3.80299E+00    3.42154E+00    4.18444E+00
 2.69815E+00    3.64478E+00    3.27919E+00    4.01036E+00
 2.80000E+00    3.49315E+00    3.14277E+00    3.84353E+00
 2.89828E+00    3.35809E+00    3.02126E+00    3.69492E+00
 3.00000E+00    3.22825E+00    2.90444E+00    3.55206E+00
 3.09839E+00    3.11112E+00    2.79907E+00    3.42318E+00
 3.20000E+00    2.99825E+00    2.69751E+00    3.29899E+00
 3.29848E+00    2.89792E+00    2.60724E+00    3.18859E+00
 3.40000E+00    2.80094E+00    2.52000E+00    3.08188E+00
 3.60000E+00    2.63826E+00    2.37363E+00    2.90289E+00
 3.80000E+00    2.49705E+00    2.24659E+00    2.74751E+00
 4.00000E+00    2.38083E+00    2.14202E+00    2.61964E+00
 4.20000E+00    2.27260E+00    2.04465E+00    2.50055E+00
 4.40000E+00    2.18854E+00    1.96902E+00    2.40806E+00
 4.60000E+00    2.12533E+00    1.91215E+00    2.33851E+00
 4.80000E+00    2.06163E+00    1.85484E+00    2.26842E+00
 5.00000E+00    2.01516E+00    1.81303E+00    2.21729E+00
 5.20000E+00    1.95455E+00    1.75850E+00    2.15060E+00
 5.40000E+00    1.91507E+00    1.72298E+00    2.10716E+00
 5.60000E+00    1.90895E+00    1.71748E+00    2.10043E+00
 5.80000E+00    1.88871E+00    1.69927E+00    2.07815E+00
 6.00000E+00    1.90278E+00    1.71192E+00    2.09364E+00
 6.20000E+00    1.88845E+00    1.69903E+00    2.07787E+00
 6.40000E+00    1.91629E+00    1.72408E+00    2.10850E+00
 6.60000E+00    2.00527E+00    1.80413E+00    2.20641E+00
 6.80000E+00    2.02930E+00    1.82575E+00    2.23285E+00
 7.00000E+00    2.11110E+00    1.89935E+00    2.32285E+00
 7.20000E+00    2.16614E+00    1.94887E+00    2.38341E+00
 7.40000E+00    2.22351E+00    2.00048E+00    2.44654E+00
 7.60000E+00    2.35593E+00    2.11962E+00    2.59224E+00
 7.80000E+00    2.35758E+00    2.12111E+00    2.59405E+00
 8.00000E+00    2.42844E+00    2.18486E+00    2.67202E+00
 8.50000E+00    2.54092E+00    2.28606E+00    2.79578E+00
 9.00000E+00    2.61530E+00    2.35298E+00    2.87762E+00
 9.50000E+00    2.66109E+00    2.39417E+00    2.92801E+00
 1.00000E+01    2.68525E+00    2.41591E+00    2.95459E+00
 1.05000E+01    2.69496E+00    2.42465E+00    2.96527E+00
 1.10000E+01    2.69261E+00    2.42253E+00    2.96269E+00
 1.15000E+01    2.67824E+00    2.40960E+00    2.94688E+00
 1.20000E+01    2.64949E+00    2.38374E+00    2.91524E+00
 1.25000E+01    2.60092E+00    2.34004E+00    2.86180E+00
 1.30000E+01    2.52391E+00    2.27075E+00    2.77707E+00
 1.35000E+01    2.41195E+00    2.17002E+00    2.65388E+00
 1.40000E+01    2.26710E+00    2.03970E+00    2.49450E+00
 1.42478E+01    2.16859E+00    1.95107E+00    2.38610E+00
 1.45000E+01    2.07435E+00    1.86628E+00    2.28241E+00
 1.47479E+01    1.97713E+00    1.77881E+00    2.17544E+00
 1.50000E+01    1.88446E+00    1.69544E+00    2.07348E+00
 1.52440E+01    1.77687E+00    1.59864E+00    1.95510E+00
 1.54296E+01    1.70023E+00    1.52969E+00    1.87077E+00
 1.57122E+01    1.59142E+00    1.43180E+00    1.75105E+00
 1.60000E+01    1.48958E+00    1.34017E+00    1.63899E+00
 1.62443E+01    1.41181E+00    1.27020E+00    1.55342E+00
 1.64300E+01    1.35616E+00    1.22013E+00    1.49218E+00
 1.67126E+01    1.27676E+00    1.14870E+00    1.40483E+00
 1.70000E+01    1.20202E+00    1.08145E+00    1.32259E+00
 1.72447E+01    1.14773E+00    1.03261E+00    1.26285E+00
 1.76183E+01    1.07086E+00    9.63449E-01    1.17827E+00
 1.80000E+01    9.99138E-01    8.98921E-01    1.09936E+00
 1.84932E+01    9.31508E-01    8.38074E-01    1.02494E+00
 1.90000E+01    8.68456E-01    7.81347E-01    9.55565E-01
 1.94936E+01    8.19241E-01    7.37068E-01    9.01413E-01
 2.00000E+01    7.72814E-01    6.95298E-01    8.50330E-01
 2.00000E+01    7.72814E-01    6.95298E-01    8.50330E-01
 2.20000E+01    6.52836E-01    5.87354E-01    7.18318E-01
 2.40000E+01    5.78344E-01    5.20334E-01    6.36354E-01
 2.60000E+01    5.25474E-01    4.72767E-01    5.78181E-01
 2.80000E+01    4.78092E-01    4.30138E-01    5.26047E-01
 3.00000E+01    4.44416E-01    3.99839E-01    4.88993E-01
 3.50000E+01    3.68975E-01    3.31965E-01    4.05985E-01
 4.00000E+01    3.26145E-01    2.93431E-01    3.58859E-01
 4.50000E+01    2.93958E-01    2.64473E-01    3.23443E-01
 5.00000E+01    2.72481E-01    2.45150E-01    2.99812E-01
 5.50000E+01    2.50747E-01    2.25596E-01    2.75898E-01
 6.00000E+01    2.34288E-01    2.10788E-01    2.57788E-01
 6.50000E+01    2.14784E-01    1.93240E-01    2.36328E-01
 7.00000E+01    2.00134E-01    1.80060E-01    2.20208E-01
 7.50000E+01    1.83255E-01    1.64874E-01    2.01636E-01
 8.00000E+01    1.75109E-01    1.57545E-01    1.92673E-01
 8.50000E+01    1.56948E-01    1.41206E-01    1.72690E-01
 9.00000E+01    1.53651E-01    1.38239E-01    1.69063E-01
 9.50000E+01    1.37924E-01    1.24090E-01    1.51758E-01
 1.00000E+02    1.31870E-01    1.18643E-01    1.45097E-01
 1.10000E+02    1.15785E-01    1.04171E-01    1.27399E-01
 1.20000E+02    1.03127E-01    9.27830E-02    1.13471E-01
 1.30000E+02    8.92450E-02    8.02934E-02    9.81966E-02
 1.40000E+02    7.94520E-02    7.14827E-02    8.74213E-02
 1.50000E+02    7.26983E-02    6.54064E-02    7.99902E-02
 1.60000E+02    6.06796E-02    5.45932E-02    6.67660E-02
 1.80000E+02    4.98371E-02    4.48383E-02    5.48360E-02
 2.00000E+02    3.38146E-02    3.04229E-02    3.72063E-02
