# n + Cu 65 : (n,na)    
# tendl.2019 A.J. Koning and D. Rochman        EVAL-NOV19
# uncertainties: y
# # energies =    30
#   E(MeV)       xs(mb)       xslow(mb)      xsupp(mb)
 6.89600E+00    0.00000E+00    0.00000E+00    0.00000E+00
 8.50000E+00    8.45110E-16    8.45110E-16    8.45110E-16
 9.00000E+00    2.51580E-11    1.16558E-11    3.86602E-11
 9.50000E+00    3.04910E-08    1.41266E-08    4.68554E-08
 1.00000E+01    3.02588E-06    1.40190E-06    4.64986E-06
 1.05000E+01    6.04404E-05    2.80023E-05    9.28785E-05
 1.10000E+01    2.59709E-04    1.20324E-04    3.99094E-04
 1.15000E+01    1.21589E-03    5.63326E-04    1.86845E-03
 1.20000E+01    6.40606E-03    2.96795E-03    9.84417E-03
 1.25000E+01    2.15917E-02    1.00035E-02    3.31799E-02
 1.30000E+01    7.17754E-02    3.99917E-02    1.03559E-01
 1.35000E+01    2.50183E-01    1.39397E-01    3.60969E-01
 1.40000E+01    5.07025E-01    2.82503E-01    7.31547E-01
 1.45000E+01    1.33894E+00    7.46028E-01    1.93185E+00
 1.50000E+01    2.57807E+00    1.43644E+00    3.71970E+00
 1.60000E+01    6.72354E+00    4.33431E+00    9.11277E+00
 1.70000E+01    1.21602E+01    7.83903E+00    1.64814E+01
 1.80000E+01    1.90194E+01    1.22608E+01    2.57780E+01
 1.90000E+01    2.57926E+01    1.66271E+01    3.49581E+01
 2.00000E+01    3.19229E+01    2.13063E+01    4.25395E+01
 2.10000E+01    3.73760E+01    2.49459E+01    4.98062E+01
 2.20000E+01    4.31143E+01    2.87758E+01    5.74528E+01
 2.30000E+01    4.79168E+01    3.19811E+01    6.38525E+01
 2.40000E+01    5.27285E+01    3.59773E+01    6.94797E+01
 2.50000E+01    5.57124E+01    3.80133E+01    7.34115E+01
 2.60000E+01    5.71862E+01    3.90189E+01    7.53535E+01
 2.70000E+01    5.57208E+01    3.80190E+01    7.34226E+01
 2.80000E+01    5.25841E+01    3.58788E+01    6.92894E+01
 2.90000E+01    4.94596E+01    3.37469E+01    6.51723E+01
 3.00000E+01    4.37169E+01    2.98286E+01    5.76052E+01
