# n + Cu 65 : (n,xd)    
# tendl.2019 A.J. Koning and D. Rochman        EVAL-NOV19
# 
# # energies =   127
#   E(MeV)        xs(mb) 
 7.82612E-01    0.00000E+00
 8.00000E-01    0.00000E+00
 9.00000E-01    0.00000E+00
 1.00000E+00    0.00000E+00
 1.13289E+00    0.00000E+00
 1.20000E+00    0.00000E+00
 1.40000E+00    0.00000E+00
 1.50485E+00    0.00000E+00
 1.60000E+00    0.00000E+00
 1.64865E+00    0.00000E+00
 1.75180E+00    0.00000E+00
 1.80000E+00    0.00000E+00
 2.00000E+00    0.00000E+00
 2.12688E+00    0.00000E+00
 2.14018E+00    0.00000E+00
 2.20000E+00    0.00000E+00
 2.24722E+00    0.00000E+00
 2.31390E+00    0.00000E+00
 2.36523E+00    0.00000E+00
 2.40000E+00    0.00000E+00
 2.44399E+00    0.00000E+00
 2.56498E+00    0.00000E+00
 2.57239E+00    0.00000E+00
 2.60000E+00    0.00000E+00
 2.60348E+00    0.00000E+00
 2.63369E+00    0.00000E+00
 2.66070E+00    0.00000E+00
 2.68457E+00    0.00000E+00
 2.69083E+00    0.00000E+00
 2.69614E+00    0.00000E+00
 2.71046E+00    0.00000E+00
 2.79557E+00    0.00000E+00
 2.80000E+00    0.00000E+00
 2.88310E+00    0.00000E+00
 2.90724E+00    0.00000E+00
 2.91143E+00    0.00000E+00
 2.91913E+00    0.00000E+00
 2.93946E+00    0.00000E+00
 2.94756E+00    0.00000E+00
 2.99339E+00    0.00000E+00
 3.00000E+00    0.00000E+00
 3.02325E+00    0.00000E+00
 3.03645E+00    0.00000E+00
 3.20000E+00    0.00000E+00
 3.40000E+00    0.00000E+00
 3.60000E+00    0.00000E+00
 3.80000E+00    0.00000E+00
 4.00000E+00    0.00000E+00
 4.20000E+00    0.00000E+00
 4.40000E+00    0.00000E+00
 4.60000E+00    0.00000E+00
 4.80000E+00    0.00000E+00
 5.00000E+00    0.00000E+00
 5.20000E+00    0.00000E+00
 5.40000E+00    2.56115E-16
 5.60000E+00    8.27607E-16
 5.80000E+00    1.39910E-15
 6.00000E+00    4.73150E-12
 6.20000E+00    8.21460E-10
 6.40000E+00    3.12000E-08
 6.60000E+00    4.81930E-07
 6.80000E+00    3.63995E-06
 7.00000E+00    1.93726E-05
 7.20000E+00    7.59418E-05
 7.40000E+00    2.40084E-04
 7.60000E+00    6.27355E-04
 7.80000E+00    1.41600E-03
 8.00000E+00    2.87206E-03
 8.50000E+00    1.06742E-02
 9.00000E+00    3.40199E-02
 9.50000E+00    7.95215E-02
 1.00000E+01    1.51220E-01
 1.05000E+01    2.24676E-01
 1.10000E+01    5.17555E-01
 1.15000E+01    8.67628E-01
 1.20000E+01    1.45868E+00
 1.25000E+01    2.20673E+00
 1.30000E+01    3.14079E+00
 1.35000E+01    4.18359E+00
 1.40000E+01    5.30088E+00
 1.45000E+01    6.39597E+00
 1.50000E+01    7.60310E+00
 1.60000E+01    1.00614E+01
 1.70000E+01    1.25151E+01
 1.80000E+01    1.49028E+01
 1.90000E+01    1.48053E+01
 2.00000E+01    1.70196E+01
 2.10000E+01    1.92102E+01
 2.20000E+01    2.13660E+01
 2.30000E+01    2.34766E+01
 2.40000E+01    2.55531E+01
 2.50000E+01    2.79835E+01
 2.60000E+01    2.99858E+01
 2.70000E+01    3.19857E+01
 2.80000E+01    3.60405E+01
 2.90000E+01    3.81385E+01
 3.00000E+01    4.00039E+01
 3.00000E+01    3.78583E+01
 3.20000E+01    4.38469E+01
 3.40000E+01    4.75429E+01
 3.60000E+01    5.12071E+01
 3.80000E+01    5.48167E+01
 4.00000E+01    5.83234E+01
 4.20000E+01    6.17056E+01
 4.40000E+01    6.50269E+01
 4.60000E+01    6.82699E+01
 4.80000E+01    7.26911E+01
 5.00000E+01    7.37740E+01
 5.20000E+01    7.69854E+01
 5.40000E+01    8.01652E+01
 5.60000E+01    8.33585E+01
 5.80000E+01    8.66018E+01
 6.00000E+01    8.98937E+01
 6.50000E+01    9.86606E+01
 7.00000E+01    1.08805E+02
 7.50000E+01    1.19481E+02
 8.00000E+01    1.29139E+02
 9.00000E+01    1.41496E+02
 1.00000E+02    1.53933E+02
 1.10000E+02    1.62713E+02
 1.20000E+02    1.70012E+02
 1.30000E+02    1.76782E+02
 1.40000E+02    1.81651E+02
 1.50000E+02    1.91467E+02
 1.60000E+02    2.09382E+02
 1.80000E+02    2.64997E+02
 2.00000E+02    3.51088E+02
