# n + Ge 74 : (n,n'11)  
# tendl.2019 A.J. Koning and D. Rochman        EVAL-NOV19
# uncertainties: n
# # energies =    78
#   E(MeV)       xs(mb) 
 2.25817E+00    0.00000E+00
 2.33138E+00    1.21702E+01
 2.40000E+00    2.35775E+01
 2.43630E+00    2.57614E+01
 2.52398E+00    3.10364E+01
 2.57092E+00    3.38605E+01
 2.60000E+00    3.56100E+01
 2.60439E+00    3.56376E+01
 2.60710E+00    3.56546E+01
 2.63580E+00    3.58348E+01
 2.70605E+00    3.62759E+01
 2.72731E+00    3.64095E+01
 2.73044E+00    3.64291E+01
 2.73372E+00    3.64497E+01
 2.74799E+00    3.65393E+01
 2.78814E+00    3.67914E+01
 2.80000E+00    3.68659E+01
 2.86710E+00    3.52046E+01
 2.87207E+00    3.50816E+01
 2.87462E+00    3.50185E+01
 2.88078E+00    3.48659E+01
 2.89501E+00    3.45136E+01
 2.91741E+00    3.39591E+01
 3.00000E+00    3.19143E+01
 3.20000E+00    2.60347E+01
 3.40000E+00    2.11516E+01
 3.60000E+00    1.70310E+01
 3.80000E+00    1.36190E+01
 4.00000E+00    1.08212E+01
 4.20000E+00    8.66077E+00
 4.40000E+00    6.96288E+00
 4.60000E+00    5.61622E+00
 4.80000E+00    4.53772E+00
 5.00000E+00    3.66791E+00
 5.20000E+00    2.96086E+00
 5.40000E+00    2.38479E+00
 5.60000E+00    1.91582E+00
 5.80000E+00    1.53506E+00
 6.00000E+00    1.22722E+00
 6.20000E+00    9.79504E-01
 6.40000E+00    7.81180E-01
 6.60000E+00    6.23123E-01
 6.80000E+00    4.97235E-01
 7.00000E+00    3.97762E-01
 7.20000E+00    3.18350E-01
 7.40000E+00    2.55855E-01
 7.60000E+00    2.05142E-01
 7.80000E+00    1.64976E-01
 8.00000E+00    1.33408E-01
 8.50000E+00    7.95358E-02
 9.00000E+00    4.85173E-02
 9.50000E+00    3.01898E-02
 1.00000E+01    1.91146E-02
 1.05000E+01    1.22809E-02
 1.10000E+01    7.97782E-03
 1.15000E+01    5.22668E-03
 1.20000E+01    3.45082E-03
 1.25000E+01    2.29513E-03
 1.30000E+01    1.53738E-03
 1.35000E+01    1.03685E-03
 1.40000E+01    7.04540E-04
 1.45000E+01    4.82375E-04
 1.50000E+01    3.32576E-04
 1.60000E+01    1.61022E-04
 1.70000E+01    7.94056E-05
 1.80000E+01    3.97033E-05
 1.90000E+01    2.01539E-05
 2.00000E+01    1.03874E-05
 2.10000E+01    5.45589E-06
 2.20000E+01    2.91002E-06
 2.30000E+01    1.57643E-06
 2.40000E+01    8.59200E-07
 2.50000E+01    4.77070E-07
 2.60000E+01    2.67270E-07
 2.70000E+01    1.50850E-07
 2.80000E+01    8.58590E-08
 2.90000E+01    4.92240E-08
 3.00000E+01    2.84170E-08
