# n + Te130 : (n,n'03)  
# endfb8.0   W.N.Su+, Mughabghab               EVAL-DEC04
# uncertainties: n
# # energies =    79
#   E(MeV)       xs(mb) 
 1.64570E+00    0.00000E+00
 1.82950E+00    7.43770E+01
 1.90030E+00    8.79180E+01
 1.98010E+00    9.85850E+01
 1.99700E+00    1.00750E+02
 2.11760E+00    1.07410E+02
 2.15520E+00    1.09780E+02
 2.16310E+00    1.09550E+02
 2.20760E+00    1.10490E+02
 2.30030E+00    1.12940E+02
 2.31810E+00    1.13290E+02
 2.34880E+00    1.13610E+02
 2.42340E+00    1.13380E+02
 2.50000E+00    1.15600E+02
 2.75000E+00    1.27480E+02
 3.00000E+00    1.38320E+02
 3.25000E+00    1.47190E+02
 3.50000E+00    1.53840E+02
 3.78040E+00    1.59560E+02
 4.00000E+00    1.63610E+02
 4.26840E+00    1.67660E+02
 4.50000E+00    1.67330E+02
 4.75000E+00    1.62390E+02
 5.00000E+00    1.53300E+02
 5.25000E+00    1.40880E+02
 5.50000E+00    1.26460E+02
 5.75000E+00    1.09940E+02
 6.00000E+00    9.37880E+01
 6.25000E+00    7.91030E+01
 6.50000E+00    6.60500E+01
 6.75000E+00    5.36510E+01
 7.00000E+00    4.54280E+01
 7.25000E+00    3.77010E+01
 7.50000E+00    3.13450E+01
 7.84840E+00    2.44380E+01
 8.00000E+00    2.22090E+01
 8.25000E+00    1.88150E+01
 8.47830E+00    1.63150E+01
 8.75000E+00    1.39220E+01
 9.00000E+00    1.21660E+01
 9.25000E+00    1.07360E+01
 9.50000E+00    9.29010E+00
 9.69070E+00    8.77720E+00
 1.00900E+01    7.56330E+00
 1.02500E+01    7.15100E+00
 1.05000E+01    6.58610E+00
 1.07500E+01    6.10590E+00
 1.09620E+01    5.75080E+00
 1.10000E+01    5.69130E+00
 1.12500E+01    5.32990E+00
 1.15000E+01    5.01280E+00
 1.17500E+01    4.73250E+00
 1.20000E+01    4.48180E+00
 1.22500E+01    4.25700E+00
 1.25000E+01    4.05260E+00
 1.27500E+01    3.86080E+00
 1.30000E+01    3.69450E+00
 1.32500E+01    3.53830E+00
 1.35000E+01    3.39210E+00
 1.37500E+01    3.25710E+00
 1.40000E+01    3.12990E+00
 1.42500E+01    3.01180E+00
 1.46110E+01    2.85230E+00
 1.47500E+01    2.79500E+00
 1.50000E+01    2.69570E+00
 1.52500E+01    2.60260E+00
 1.55000E+01    2.51380E+00
 1.57500E+01    2.43020E+00
 1.60000E+01    2.35000E+00
 1.62500E+01    2.27400E+00
 1.65000E+01    2.20190E+00
 1.67500E+01    2.13350E+00
 1.70000E+01    2.06750E+00
 1.75000E+01    1.94460E+00
 1.80000E+01    1.83200E+00
 1.85000E+01    1.72780E+00
 1.90000E+01    1.63160E+00
 1.95000E+01    1.54270E+00
 2.00000E+01    1.46040E+00
