# n + Tl205 : (n,n'19)  
# tendl.2019 A.J. Koning and D. Rochman        EVAL-NOV19
# uncertainties: n
# # energies =    73
#   E(MeV)       xs(mb) 
 1.77369E+00    0.00000E+00
 1.80000E+00    7.75340E+00
 1.83800E+00    1.20789E+01
 1.85709E+00    1.42519E+01
 1.87528E+00    1.63224E+01
 1.92543E+00    2.20309E+01
 1.95558E+00    2.54628E+01
 1.97607E+00    2.77952E+01
 2.00000E+00    3.05191E+01
 2.01228E+00    3.11959E+01
 2.04602E+00    3.30554E+01
 2.06459E+00    3.40788E+01
 2.09930E+00    3.59918E+01
 2.10855E+00    3.65016E+01
 2.20000E+00    4.15416E+01
 2.40000E+00    4.42113E+01
 2.60000E+00    4.26333E+01
 2.80000E+00    3.94265E+01
 3.00000E+00    3.58166E+01
 3.20000E+00    3.23110E+01
 3.40000E+00    2.90539E+01
 3.60000E+00    2.59841E+01
 3.80000E+00    2.30293E+01
 4.00000E+00    2.01827E+01
 4.20000E+00    1.74735E+01
 4.40000E+00    1.49882E+01
 4.60000E+00    1.27705E+01
 4.80000E+00    1.08379E+01
 5.00000E+00    9.18517E+00
 5.20000E+00    7.79305E+00
 5.40000E+00    6.62635E+00
 5.60000E+00    5.66856E+00
 5.80000E+00    4.88731E+00
 6.00000E+00    4.25146E+00
 6.20000E+00    3.73477E+00
 6.40000E+00    3.30927E+00
 6.60000E+00    2.96189E+00
 6.80000E+00    2.67301E+00
 7.00000E+00    2.43271E+00
 7.20000E+00    2.23184E+00
 7.40000E+00    2.06252E+00
 7.60000E+00    1.92100E+00
 7.80000E+00    1.80085E+00
 8.00000E+00    1.69961E+00
 8.50000E+00    1.50940E+00
 9.00000E+00    1.38367E+00
 9.50000E+00    1.29842E+00
 1.00000E+01    1.23636E+00
 1.05000E+01    1.18577E+00
 1.10000E+01    1.13985E+00
 1.15000E+01    1.09574E+00
 1.20000E+01    1.05292E+00
 1.25000E+01    1.01196E+00
 1.30000E+01    9.73445E-01
 1.35000E+01    9.37729E-01
 1.40000E+01    9.04710E-01
 1.45000E+01    8.73974E-01
 1.50000E+01    8.44935E-01
 1.60000E+01    7.89648E-01
 1.70000E+01    7.36097E-01
 1.80000E+01    6.84925E-01
 1.90000E+01    6.38641E-01
 2.00000E+01    5.99246E-01
 2.10000E+01    5.66990E-01
 2.20000E+01    5.40548E-01
 2.30000E+01    5.17885E-01
 2.40000E+01    4.97054E-01
 2.50000E+01    4.76734E-01
 2.60000E+01    4.56451E-01
 2.70000E+01    4.36571E-01
 2.80000E+01    4.17929E-01
 2.90000E+01    4.01305E-01
 3.00000E+01    3.87065E-01
