# p + Ni 58 : (p,xg)    
# endfb8.0   CHIBA,CHADWICK,YOUNG,KONING       EVAL-SEP97
# 
# # energies =    40
#   E(MeV)        xs(mb) 
 1.00000E+01    1.45856E+03
 1.10000E+01    1.82397E+03
 1.20000E+01    2.20942E+03
 1.30000E+01    2.53844E+03
 1.40000E+01    2.68722E+03
 1.50000E+01    2.59014E+03
 1.60000E+01    2.34232E+03
 1.70000E+01    2.02353E+03
 1.80000E+01    1.77538E+03
 1.90000E+01    1.65459E+03
 2.00000E+01    1.61271E+03
 2.20000E+01    1.77276E+03
 2.40000E+01    2.00976E+03
 2.60000E+01    2.23072E+03
 2.80000E+01    2.32428E+03
 3.00000E+01    2.31581E+03
 3.50000E+01    2.14503E+03
 4.00000E+01    2.12317E+03
 4.50000E+01    2.12559E+03
 5.00000E+01    2.06042E+03
 5.50000E+01    1.99162E+03
 6.00000E+01    1.92401E+03
 6.50000E+01    1.89220E+03
 7.00000E+01    1.79431E+03
 7.50000E+01    1.77508E+03
 8.00000E+01    1.76134E+03
 8.50000E+01    1.74419E+03
 9.00000E+01    1.73646E+03
 9.50000E+01    1.73384E+03
 1.00000E+02    1.72716E+03
 1.10000E+02    1.70239E+03
 1.20000E+02    1.71159E+03
 1.30000E+02    1.70811E+03
 1.40000E+02    1.68184E+03
 1.50000E+02    1.61495E+03
 1.60000E+02    1.59399E+03
 1.80000E+02    1.65577E+03
 2.00000E+02    1.67328E+03
 2.20000E+02    1.79095E+03
 2.50000E+02    1.93286E+03
