# n + Os190 : (n,h)     
# tendl.2019 A.J. Koning and D. Rochman        EVAL-NOV19
# uncertainties: y
# # energies =    19
#   E(MeV)       xs(mb)       xslow(mb)      xsupp(mb)
 6.93648E+00    0.00000E+00    0.00000E+00    0.00000E+00
 1.40000E+01    2.40780E-17    2.40780E-17    2.40780E-17
 1.45000E+01    2.49730E-16    2.49730E-16    2.49730E-16
 1.50000E+01    1.98050E-15    1.98050E-15    1.98050E-15
 1.60000E+01    1.26360E-12    0.00000E+00    3.36845E-12
 1.70000E+01    6.88930E-11    0.00000E+00    1.83652E-10
 1.80000E+01    1.85960E-09    0.00000E+00    4.95724E-09
 1.90000E+01    2.94590E-08    0.00000E+00    7.85305E-08
 2.00000E+01    3.08660E-07    0.00000E+00    1.36407E-06
 2.10000E+01    2.34924E-06    0.00000E+00    1.03821E-05
 2.20000E+01    1.38996E-05    0.00000E+00    6.14271E-05
 2.30000E+01    6.71625E-05    0.00000E+00    2.96814E-04
 2.40000E+01    2.74549E-04    0.00000E+00    1.55186E-03
 2.50000E+01    9.72318E-04    0.00000E+00    5.49593E-03
 2.60000E+01    3.02241E-03    0.00000E+00    1.70839E-02
 2.70000E+01    8.26844E-03    0.00000E+00    4.67365E-02
 2.80000E+01    1.98342E-02    0.00000E+00    1.12111E-01
 2.90000E+01    4.13691E-02    0.00000E+00    2.33835E-01
 3.00000E+01    7.63774E-02    0.00000E+00    4.31715E-01
