# n + Os190 : (n,xh)    
# tendl.2019 A.J. Koning and D. Rochman        EVAL-NOV19
# 
# # energies =   133
#   E(MeV)        xs(mb) 
 1.87709E-01    0.00000E+00
 2.00000E-01    0.00000E+00
 3.00000E-01    0.00000E+00
 4.00000E-01    0.00000E+00
 5.00000E-01    0.00000E+00
 5.50763E-01    0.00000E+00
 5.60942E-01    0.00000E+00
 6.00000E-01    0.00000E+00
 7.00000E-01    0.00000E+00
 7.60036E-01    0.00000E+00
 8.00000E-01    0.00000E+00
 9.00000E-01    0.00000E+00
 9.16621E-01    0.00000E+00
 9.60445E-01    0.00000E+00
 1.00000E+00    0.00000E+00
 1.05596E+00    0.00000E+00
 1.12064E+00    0.00000E+00
 1.14539E+00    0.00000E+00
 1.16937E+00    0.00000E+00
 1.20000E+00    0.00000E+00
 1.21025E+00    0.00000E+00
 1.33395E+00    0.00000E+00
 1.38974E+00    0.00000E+00
 1.39436E+00    0.00000E+00
 1.40000E+00    0.00000E+00
 1.44344E+00    0.00000E+00
 1.45380E+00    0.00000E+00
 1.48203E+00    0.00000E+00
 1.48987E+00    0.00000E+00
 1.52214E+00    0.00000E+00
 1.55351E+00    0.00000E+00
 1.55542E+00    0.00000E+00
 1.57737E+00    0.00000E+00
 1.57864E+00    0.00000E+00
 1.59229E+00    0.00000E+00
 1.60000E+00    0.00000E+00
 1.62455E+00    0.00000E+00
 1.67532E+00    0.00000E+00
 1.68458E+00    0.00000E+00
 1.68842E+00    0.00000E+00
 1.68952E+00    0.00000E+00
 1.71446E+00    0.00000E+00
 1.80000E+00    0.00000E+00
 2.00000E+00    0.00000E+00
 2.20000E+00    0.00000E+00
 2.40000E+00    0.00000E+00
 2.60000E+00    0.00000E+00
 2.80000E+00    0.00000E+00
 3.00000E+00    0.00000E+00
 3.20000E+00    0.00000E+00
 3.40000E+00    0.00000E+00
 3.60000E+00    0.00000E+00
 3.80000E+00    0.00000E+00
 4.00000E+00    0.00000E+00
 4.20000E+00    0.00000E+00
 4.40000E+00    0.00000E+00
 4.60000E+00    0.00000E+00
 4.80000E+00    0.00000E+00
 5.00000E+00    0.00000E+00
 5.20000E+00    0.00000E+00
 5.40000E+00    0.00000E+00
 5.60000E+00    0.00000E+00
 5.80000E+00    0.00000E+00
 6.00000E+00    0.00000E+00
 6.20000E+00    0.00000E+00
 6.40000E+00    0.00000E+00
 6.60000E+00    0.00000E+00
 6.80000E+00    0.00000E+00
 7.00000E+00    2.16526E-19
 7.20000E+00    8.98281E-19
 7.40000E+00    1.58004E-18
 7.60000E+00    2.26179E-18
 7.80000E+00    2.94355E-18
 8.00000E+00    3.62531E-18
 8.50000E+00    5.32970E-18
 9.00000E+00    7.03409E-18
 9.50000E+00    8.73848E-18
 1.00000E+01    1.04429E-17
 1.05000E+01    1.21473E-17
 1.10000E+01    1.38517E-17
 1.15000E+01    1.55560E-17
 1.20000E+01    1.72604E-17
 1.25000E+01    1.89648E-17
 1.30000E+01    2.06692E-17
 1.35000E+01    2.23736E-17
 1.40000E+01    4.02635E-17
 1.45000E+01    3.08043E-16
 1.50000E+01    2.08094E-15
 1.60000E+01    1.26378E-12
 1.70000E+01    6.88933E-11
 1.80000E+01    1.85960E-09
 1.90000E+01    2.94590E-08
 2.00000E+01    3.08660E-07
 2.10000E+01    2.34924E-06
 2.20000E+01    1.38996E-05
 2.30000E+01    6.71635E-05
 2.40000E+01    2.74568E-04
 2.50000E+01    9.72546E-04
 2.60000E+01    3.02444E-03
 2.70000E+01    8.28192E-03
 2.80000E+01    1.99017E-02
 2.90000E+01    4.16770E-02
 3.00000E+01    7.75187E-02
 3.00000E+01    7.75185E-02
 3.20000E+01    2.03073E-01
 3.40000E+01    4.05464E-01
 3.60000E+01    6.80005E-01
 3.80000E+01    1.01710E+00
 4.00000E+01    1.40686E+00
 4.20000E+01    1.84106E+00
 4.40000E+01    2.31368E+00
 4.60000E+01    2.82156E+00
 4.80000E+01    3.36181E+00
 5.00000E+01    3.93641E+00
 5.20000E+01    4.54357E+00
 5.40000E+01    5.19151E+00
 5.60000E+01    5.87645E+00
 5.80000E+01    6.60601E+00
 6.00000E+01    7.38450E+00
 6.50000E+01    9.58235E+00
 7.00000E+01    1.21588E+01
 7.50000E+01    1.52307E+01
 8.00000E+01    1.88769E+01
 9.00000E+01    2.83806E+01
 1.00000E+02    4.17298E+01
 1.10000E+02    5.56505E+01
 1.20000E+02    7.23111E+01
 1.30000E+02    9.17994E+01
 1.40000E+02    1.14096E+02
 1.50000E+02    1.39035E+02
 1.60000E+02    1.61605E+02
 1.80000E+02    2.07517E+02
 2.00000E+02    2.52407E+02
