# n + Sb123 : (n,t)     
# tendl.2019 A.J. Koning and D. Rochman        EVAL-NOV19
# uncertainties: y
# # energies =    30
#   E(MeV)       xs(mb)       xslow(mb)      xsupp(mb)
 6.96195E+00    0.00000E+00    0.00000E+00    0.00000E+00
 8.50000E+00    3.10980E-16    3.10980E-16    3.10980E-16
 9.00000E+00    8.61280E-13    0.00000E+00    3.60745E-12
 9.50000E+00    1.81030E-10    0.00000E+00    7.58240E-10
 1.00000E+01    1.05660E-08    0.00000E+00    4.42555E-08
 1.05000E+01    1.55050E-07    0.00000E+00    6.49424E-07
 1.10000E+01    4.12825E-06    0.00000E+00    1.72911E-05
 1.15000E+01    3.48350E-05    0.00000E+00    1.45906E-04
 1.20000E+01    2.41295E-04    0.00000E+00    1.01066E-03
 1.25000E+01    1.26751E-03    0.00000E+00    5.30894E-03
 1.30000E+01    5.08599E-03    0.00000E+00    1.43599E-02
 1.35000E+01    1.62764E-02    0.00000E+00    4.59552E-02
 1.40000E+01    3.56485E-02    0.00000E+00    1.00651E-01
 1.45000E+01    8.13650E-02    0.00000E+00    2.29728E-01
 1.50000E+01    1.59834E-01    0.00000E+00    4.51279E-01
 1.60000E+01    4.39756E-01    0.00000E+00    1.03503E+00
 1.70000E+01    8.94961E-01    0.00000E+00    2.10642E+00
 1.80000E+01    1.51221E+00    0.00000E+00    3.55921E+00
 1.90000E+01    2.26008E+00    0.00000E+00    5.31943E+00
 2.00000E+01    3.09471E+00    0.00000E+00    6.92617E+00
 2.10000E+01    3.95382E+00    0.00000E+00    8.84892E+00
 2.20000E+01    4.76251E+00    0.00000E+00    1.06588E+01
 2.30000E+01    5.43631E+00    0.00000E+00    1.21668E+01
 2.40000E+01    5.92273E+00    0.00000E+00    1.31358E+01
 2.50000E+01    6.22846E+00    0.00000E+00    1.38138E+01
 2.60000E+01    6.36642E+00    0.00000E+00    1.41198E+01
 2.70000E+01    6.40420E+00    0.00000E+00    1.42036E+01
 2.80000E+01    6.42299E+00    0.00000E+00    1.42453E+01
 2.90000E+01    6.26946E+00    0.00000E+00    1.39048E+01
 3.00000E+01    6.11021E+00    0.00000E+00    1.35516E+01
