# n + Sb123 : (n,xt)    
# tendl.2019 A.J. Koning and D. Rochman        EVAL-NOV19
# 
# # energies =   133
#   E(MeV)        xs(mb) 
 1.61646E-01    0.00000E+00
 2.00000E-01    0.00000E+00
 3.00000E-01    0.00000E+00
 4.00000E-01    0.00000E+00
 5.00000E-01    0.00000E+00
 5.46247E-01    0.00000E+00
 6.00000E-01    0.00000E+00
 7.00000E-01    0.00000E+00
 7.18650E-01    0.00000E+00
 8.00000E-01    0.00000E+00
 9.00000E-01    0.00000E+00
 1.00000E+00    0.00000E+00
 1.03870E+00    0.00000E+00
 1.09757E+00    0.00000E+00
 1.19097E+00    0.00000E+00
 1.20000E+00    0.00000E+00
 1.27125E+00    0.00000E+00
 1.34840E+00    0.00000E+00
 1.40000E+00    0.00000E+00
 1.43649E+00    0.00000E+00
 1.52290E+00    0.00000E+00
 1.52595E+00    0.00000E+00
 1.58843E+00    0.00000E+00
 1.60000E+00    0.00000E+00
 1.65648E+00    0.00000E+00
 1.65749E+00    0.00000E+00
 1.74319E+00    0.00000E+00
 1.75932E+00    0.00000E+00
 1.77878E+00    0.00000E+00
 1.78795E+00    0.00000E+00
 1.79229E+00    0.00000E+00
 1.80000E+00    0.00000E+00
 1.82485E+00    0.00000E+00
 1.89946E+00    0.00000E+00
 1.91196E+00    0.00000E+00
 2.00000E+00    0.00000E+00
 2.02811E+00    0.00000E+00
 2.04263E+00    0.00000E+00
 2.04968E+00    0.00000E+00
 2.05311E+00    0.00000E+00
 2.06440E+00    0.00000E+00
 2.07590E+00    0.00000E+00
 2.13135E+00    0.00000E+00
 2.15545E+00    0.00000E+00
 2.20000E+00    0.00000E+00
 2.40000E+00    0.00000E+00
 2.60000E+00    0.00000E+00
 2.80000E+00    0.00000E+00
 3.00000E+00    0.00000E+00
 3.20000E+00    0.00000E+00
 3.40000E+00    0.00000E+00
 3.60000E+00    0.00000E+00
 3.80000E+00    0.00000E+00
 4.00000E+00    0.00000E+00
 4.20000E+00    0.00000E+00
 4.40000E+00    0.00000E+00
 4.60000E+00    0.00000E+00
 4.80000E+00    0.00000E+00
 5.00000E+00    0.00000E+00
 5.20000E+00    0.00000E+00
 5.40000E+00    0.00000E+00
 5.60000E+00    0.00000E+00
 5.80000E+00    0.00000E+00
 6.00000E+00    0.00000E+00
 6.20000E+00    0.00000E+00
 6.40000E+00    0.00000E+00
 6.60000E+00    0.00000E+00
 6.80000E+00    0.00000E+00
 7.00000E+00    7.69341E-18
 7.20000E+00    4.81316E-17
 7.40000E+00    8.85699E-17
 7.60000E+00    1.29008E-16
 7.80000E+00    1.69446E-16
 8.00000E+00    2.09884E-16
 8.50000E+00    3.10980E-16
 9.00000E+00    8.61280E-13
 9.50000E+00    1.81030E-10
 1.00000E+01    1.05660E-08
 1.05000E+01    1.55050E-07
 1.10000E+01    4.12825E-06
 1.15000E+01    3.48350E-05
 1.20000E+01    2.41295E-04
 1.25000E+01    1.26751E-03
 1.30000E+01    5.08599E-03
 1.35000E+01    1.62764E-02
 1.40000E+01    3.56485E-02
 1.45000E+01    8.13650E-02
 1.50000E+01    1.59834E-01
 1.60000E+01    4.39756E-01
 1.70000E+01    8.94962E-01
 1.80000E+01    1.51234E+00
 1.90000E+01    2.26244E+00
 2.00000E+01    3.11245E+00
 2.10000E+01    4.02965E+00
 2.20000E+01    4.98767E+00
 2.30000E+01    5.96250E+00
 2.40000E+01    6.93750E+00
 2.50000E+01    7.90561E+00
 2.60000E+01    8.83991E+00
 2.70000E+01    9.74271E+00
 2.80000E+01    1.06904E+01
 2.90000E+01    1.14832E+01
 3.00000E+01    1.22237E+01
 3.00000E+01    1.22323E+01
 3.20000E+01    1.36432E+01
 3.40000E+01    1.48671E+01
 3.60000E+01    1.59215E+01
 3.80000E+01    1.68296E+01
 4.00000E+01    1.76420E+01
 4.20000E+01    1.83200E+01
 4.40000E+01    1.89124E+01
 4.60000E+01    1.94295E+01
 4.80000E+01    1.98837E+01
 5.00000E+01    2.02957E+01
 5.20000E+01    2.06683E+01
 5.40000E+01    2.10156E+01
 5.60000E+01    2.13425E+01
 5.80000E+01    2.16599E+01
 6.00000E+01    2.19732E+01
 6.50000E+01    2.27942E+01
 7.00000E+01    2.37487E+01
 7.50000E+01    2.49215E+01
 8.00000E+01    2.63854E+01
 9.00000E+01    3.03850E+01
 1.00000E+02    3.56350E+01
 1.10000E+02    3.96733E+01
 1.20000E+02    4.70206E+01
 1.30000E+02    5.46006E+01
 1.40000E+02    6.32018E+01
 1.50000E+02    7.34016E+01
 1.60000E+02    8.59450E+01
 1.80000E+02    1.19946E+02
 2.00000E+02    2.82983E+02
