# n + Sb121 : (n,a)g    
# tendl.2019 A.J. Koning and D. Rochman        EVAL-NOV19
# uncertainties: y
# # energies =   304
#   E(MeV)       xs(mb)       xslow(mb)      xsupp(mb)
 1.00000E-11    5.26360E-17    0.00000E+00    0.00000E+00
 1.03005E-11    5.18870E-17    0.00000E+00    0.00000E+00
 1.06099E-11    5.11490E-17    0.00000E+00    0.00000E+00
 1.09287E-11    5.04220E-17    0.00000E+00    0.00000E+00
 1.12571E-11    4.97060E-17    0.00000E+00    0.00000E+00
 1.15953E-11    4.90010E-17    0.00000E+00    0.00000E+00
 1.19437E-11    4.83070E-17    0.00000E+00    0.00000E+00
 1.23026E-11    4.76230E-17    0.00000E+00    0.00000E+00
 1.26722E-11    4.69500E-17    0.00000E+00    0.00000E+00
 1.30530E-11    4.62870E-17    0.00000E+00    0.00000E+00
 1.34452E-11    4.56350E-17    0.00000E+00    0.00000E+00
 1.38491E-11    4.49920E-17    0.00000E+00    0.00000E+00
 1.42652E-11    4.43590E-17    0.00000E+00    0.00000E+00
 1.46938E-11    4.37360E-17    0.00000E+00    0.00000E+00
 1.51353E-11    4.31220E-17    0.00000E+00    0.00000E+00
 1.55901E-11    4.25180E-17    0.00000E+00    0.00000E+00
 1.60585E-11    4.19230E-17    0.00000E+00    0.00000E+00
 1.65410E-11    4.13370E-17    0.00000E+00    0.00000E+00
 1.70380E-11    4.07610E-17    0.00000E+00    0.00000E+00
 1.75499E-11    4.01930E-17    0.00000E+00    0.00000E+00
 1.80772E-11    3.96340E-17    0.00000E+00    0.00000E+00
 1.86203E-11    3.90840E-17    0.00000E+00    0.00000E+00
 1.91798E-11    3.85420E-17    0.00000E+00    0.00000E+00
 1.97561E-11    3.80080E-17    0.00000E+00    0.00000E+00
 2.03497E-11    3.74830E-17    0.00000E+00    0.00000E+00
 2.09611E-11    3.69670E-17    0.00000E+00    0.00000E+00
 2.15909E-11    3.64580E-17    0.00000E+00    0.00000E+00
 2.22396E-11    3.59570E-17    0.00000E+00    0.00000E+00
 2.29078E-11    3.54640E-17    0.00000E+00    0.00000E+00
 2.35961E-11    3.49790E-17    0.00000E+00    0.00000E+00
 2.43051E-11    3.45010E-17    0.00000E+00    0.00000E+00
 2.50353E-11    3.40310E-17    0.00000E+00    0.00000E+00
 2.57875E-11    3.35690E-17    0.00000E+00    0.00000E+00
 2.65623E-11    3.31140E-17    0.00000E+00    0.00000E+00
 2.73604E-11    3.26660E-17    0.00000E+00    0.00000E+00
 2.81825E-11    3.22250E-17    0.00000E+00    0.00000E+00
 2.90293E-11    3.17910E-17    0.00000E+00    0.00000E+00
 2.99015E-11    3.13640E-17    0.00000E+00    0.00000E+00
 3.07999E-11    3.09440E-17    0.00000E+00    0.00000E+00
 3.17253E-11    3.05300E-17    0.00000E+00    0.00000E+00
 3.26785E-11    3.01240E-17    0.00000E+00    0.00000E+00
 3.36604E-11    2.97240E-17    0.00000E+00    0.00000E+00
 3.48187E-11    2.92740E-17    0.00000E+00    0.00000E+00
 3.60168E-11    2.88330E-17    0.00000E+00    0.00000E+00
 3.72562E-11    2.84000E-17    0.00000E+00    0.00000E+00
 3.85382E-11    2.79760E-17    0.00000E+00    0.00000E+00
 3.98644E-11    2.75590E-17    0.00000E+00    0.00000E+00
 4.12361E-11    2.71500E-17    0.00000E+00    0.00000E+00
 4.26551E-11    2.67480E-17    0.00000E+00    0.00000E+00
 4.41229E-11    2.63550E-17    0.00000E+00    0.00000E+00
 4.56413E-11    2.59680E-17    0.00000E+00    0.00000E+00
 4.72118E-11    2.55900E-17    0.00000E+00    0.00000E+00
 4.88364E-11    2.52180E-17    0.00000E+00    0.00000E+00
 5.05170E-11    2.48530E-17    0.00000E+00    0.00000E+00
 5.22553E-11    2.44960E-17    0.00000E+00    0.00000E+00
 5.40535E-11    2.41450E-17    0.00000E+00    0.00000E+00
 5.59135E-11    2.38010E-17    0.00000E+00    0.00000E+00
 5.78376E-11    2.34640E-17    0.00000E+00    0.00000E+00
 5.98278E-11    2.31340E-17    0.00000E+00    0.00000E+00
 6.18866E-11    2.28100E-17    0.00000E+00    0.00000E+00
 6.40162E-11    2.24920E-17    0.00000E+00    0.00000E+00
 6.62191E-11    2.21810E-17    0.00000E+00    0.00000E+00
 6.84977E-11    2.18760E-17    0.00000E+00    0.00000E+00
 7.08548E-11    2.15770E-17    0.00000E+00    0.00000E+00
 7.32930E-11    2.12840E-17    0.00000E+00    0.00000E+00
 7.58151E-11    2.09970E-17    0.00000E+00    0.00000E+00
 7.84240E-11    2.07160E-17    0.00000E+00    0.00000E+00
 8.11227E-11    2.04410E-17    0.00000E+00    0.00000E+00
 8.39142E-11    2.01710E-17    0.00000E+00    0.00000E+00
 8.68018E-11    1.99070E-17    0.00000E+00    0.00000E+00
 8.97887E-11    1.96480E-17    0.00000E+00    0.00000E+00
 9.28785E-11    1.93950E-17    0.00000E+00    0.00000E+00
 9.60745E-11    1.91470E-17    0.00000E+00    0.00000E+00
 9.93806E-11    1.89050E-17    0.00000E+00    0.00000E+00
 1.02800E-10    1.86670E-17    0.00000E+00    0.00000E+00
 1.06338E-10    1.84350E-17    0.00000E+00    0.00000E+00
 1.09997E-10    1.82080E-17    0.00000E+00    0.00000E+00
 1.13782E-10    1.79860E-17    0.00000E+00    0.00000E+00
 1.17698E-10    1.77680E-17    0.00000E+00    0.00000E+00
 1.21748E-10    1.75560E-17    0.00000E+00    0.00000E+00
 1.25937E-10    1.73480E-17    0.00000E+00    0.00000E+00
 1.30271E-10    1.71440E-17    0.00000E+00    0.00000E+00
 1.34754E-10    1.69460E-17    0.00000E+00    0.00000E+00
 1.39391E-10    1.67520E-17    0.00000E+00    0.00000E+00
 1.44187E-10    1.65620E-17    0.00000E+00    0.00000E+00
 1.49149E-10    1.63770E-17    0.00000E+00    0.00000E+00
 1.54935E-10    1.61730E-17    0.00000E+00    0.00000E+00
 1.60946E-10    1.59750E-17    0.00000E+00    0.00000E+00
 1.67190E-10    1.57830E-17    0.00000E+00    0.00000E+00
 1.73676E-10    1.55950E-17    0.00000E+00    0.00000E+00
 1.80414E-10    1.54120E-17    0.00000E+00    0.00000E+00
 1.87413E-10    1.52350E-17    0.00000E+00    0.00000E+00
 1.94683E-10    1.50620E-17    0.00000E+00    0.00000E+00
 2.02236E-10    1.48940E-17    0.00000E+00    0.00000E+00
 2.10082E-10    1.47310E-17    0.00000E+00    0.00000E+00
 2.18232E-10    1.45730E-17    0.00000E+00    0.00000E+00
 2.26698E-10    1.44190E-17    0.00000E+00    0.00000E+00
 2.35493E-10    1.42690E-17    0.00000E+00    0.00000E+00
 2.44629E-10    1.41240E-17    0.00000E+00    0.00000E+00
 2.54120E-10    1.39830E-17    0.00000E+00    0.00000E+00
 2.63978E-10    1.38460E-17    0.00000E+00    0.00000E+00
 2.74219E-10    1.37130E-17    0.00000E+00    0.00000E+00
 2.84857E-10    1.35840E-17    0.00000E+00    0.00000E+00
 2.97163E-10    1.34460E-17    0.00000E+00    0.00000E+00
 3.09999E-10    1.33120E-17    0.00000E+00    0.00000E+00
 3.23390E-10    1.31830E-17    0.00000E+00    0.00000E+00
 3.37360E-10    1.30580E-17    0.00000E+00    0.00000E+00
 3.51933E-10    1.29380E-17    0.00000E+00    0.00000E+00
 3.67136E-10    1.28220E-17    0.00000E+00    0.00000E+00
 3.82995E-10    1.27100E-17    0.00000E+00    0.00000E+00
 3.99539E-10    1.26020E-17    0.00000E+00    0.00000E+00
 4.18565E-10    1.24880E-17    0.00000E+00    0.00000E+00
 4.38496E-10    1.23790E-17    0.00000E+00    0.00000E+00
 4.59377E-10    1.22740E-17    0.00000E+00    0.00000E+00
 4.81252E-10    1.21730E-17    0.00000E+00    0.00000E+00
 5.04168E-10    1.20770E-17    0.00000E+00    0.00000E+00
 5.28176E-10    1.19840E-17    0.00000E+00    0.00000E+00
 5.55672E-10    1.18880E-17    0.00000E+00    0.00000E+00
 5.84599E-10    1.17960E-17    0.00000E+00    0.00000E+00
 6.15032E-10    1.17080E-17    0.00000E+00    0.00000E+00
 6.47050E-10    1.16250E-17    0.00000E+00    0.00000E+00
 6.83619E-10    1.15380E-17    0.00000E+00    0.00000E+00
 7.22255E-10    1.14570E-17    0.00000E+00    0.00000E+00
 7.63075E-10    1.13790E-17    0.00000E+00    0.00000E+00
 8.06201E-10    1.13060E-17    0.00000E+00    0.00000E+00
 8.55375E-10    1.12310E-17    0.00000E+00    0.00000E+00
 9.07549E-10    1.11610E-17    0.00000E+00    0.00000E+00
 9.62904E-10    1.10940E-17    0.00000E+00    0.00000E+00
 1.02597E-09    1.10270E-17    0.00000E+00    0.00000E+00
 1.09316E-09    1.09640E-17    0.00000E+00    0.00000E+00
 1.16969E-09    1.09010E-17    0.00000E+00    0.00000E+00
 1.25157E-09    1.08420E-17    0.00000E+00    0.00000E+00
 1.34486E-09    1.07840E-17    0.00000E+00    0.00000E+00
 1.44511E-09    1.07290E-17    0.00000E+00    0.00000E+00
 1.55941E-09    1.06760E-17    0.00000E+00    0.00000E+00
 1.68989E-09    1.06240E-17    0.00000E+00    0.00000E+00
 1.83128E-09    1.05750E-17    0.00000E+00    0.00000E+00
 1.99291E-09    1.05290E-17    0.00000E+00    0.00000E+00
 2.17799E-09    1.04840E-17    0.00000E+00    0.00000E+00
 2.39036E-09    1.04410E-17    0.00000E+00    0.00000E+00
 2.63455E-09    1.04000E-17    0.00000E+00    0.00000E+00
 2.91599E-09    1.03610E-17    0.00000E+00    0.00000E+00
 3.25491E-09    1.03240E-17    0.00000E+00    0.00000E+00
 3.64861E-09    1.02890E-17    0.00000E+00    0.00000E+00
 4.12469E-09    1.02550E-17    0.00000E+00    0.00000E+00
 4.68264E-09    1.02250E-17    0.00000E+00    0.00000E+00
 5.36122E-09    1.01970E-17    0.00000E+00    0.00000E+00
 6.21650E-09    1.01700E-17    0.00000E+00    0.00000E+00
 7.30027E-09    1.01440E-17    0.00000E+00    0.00000E+00
 8.68243E-09    1.01210E-17    0.00000E+00    0.00000E+00
 1.05025E-08    1.01000E-17    0.00000E+00    0.00000E+00
 1.29207E-08    1.00820E-17    0.00000E+00    0.00000E+00
 1.63043E-08    1.00650E-17    0.00000E+00    0.00000E+00
 2.12820E-08    1.00500E-17    0.00000E+00    0.00000E+00
 2.52045E-08    1.00420E-17    0.00000E+00    0.00000E+00
 2.53000E-08    1.00420E-17    0.00000E+00    0.00000E+00
 3.53359E-08    1.00300E-17    0.00000E+00    0.00000E+00
 5.28078E-08    1.00200E-17    0.00000E+00    0.00000E+00
 8.73493E-08    1.00120E-17    0.00000E+00    0.00000E+00
 1.71840E-07    1.00060E-17    0.00000E+00    0.00000E+00
 4.82243E-07    1.00020E-17    0.00000E+00    0.00000E+00
 8.70612E-06    1.00000E-17    0.00000E+00    0.00000E+00
 9.86207E-02    1.00000E-17    0.00000E+00    0.00000E+00
 1.00000E-01    1.00030E-17    0.00000E+00    0.00000E+00
 2.00000E-01    9.31614E-17    0.00000E+00    0.00000E+00
 3.00000E-01    1.82894E-16    0.00000E+00    0.00000E+00
 4.00000E-01    1.53137E-15    0.00000E+00    0.00000E+00
 5.00000E-01    3.25968E-15    0.00000E+00    0.00000E+00
 6.00000E-01    9.06812E-15    0.00000E+00    0.00000E+00
 6.99969E-01    1.77518E-14    0.00000E+00    0.00000E+00
 7.94030E-01    1.64049E-13    0.00000E+00    0.00000E+00
 8.00000E-01    1.76234E-13    0.00000E+00    0.00000E+00
 9.00000E-01    4.72883E-13    0.00000E+00    0.00000E+00
 1.00000E+00    1.25751E-12    0.00000E+00    0.00000E+00
 1.20000E+00    3.44610E-12    0.00000E+00    0.00000E+00
 1.40000E+00    2.55326E-11    0.00000E+00    0.00000E+00
 1.60000E+00    9.14673E-11    0.00000E+00    0.00000E+00
 1.80000E+00    2.68232E-10    0.00000E+00    0.00000E+00
 2.00000E+00    9.40023E-10    0.00000E+00    0.00000E+00
 2.20000E+00    2.38311E-09    0.00000E+00    0.00000E+00
 2.40000E+00    7.09253E-09    0.00000E+00    0.00000E+00
 2.60000E+00    2.25385E-08    0.00000E+00    0.00000E+00
 2.80000E+00    5.11160E-08    0.00000E+00    0.00000E+00
 3.00000E+00    1.27061E-07    0.00000E+00    0.00000E+00
 3.20000E+00    2.93320E-07    0.00000E+00    0.00000E+00
 3.40000E+00    5.86766E-07    0.00000E+00    0.00000E+00
 3.60000E+00    1.29065E-06    0.00000E+00    0.00000E+00
 3.80000E+00    2.35606E-06    0.00000E+00    0.00000E+00
 4.00000E+00    4.21611E-06    0.00000E+00    0.00000E+00
 4.20000E+00    7.62696E-06    0.00000E+00    0.00000E+00
 4.40000E+00    1.23223E-05    0.00000E+00    0.00000E+00
 4.60000E+00    2.07251E-05    0.00000E+00    0.00000E+00
 4.80000E+00    3.22029E-05    0.00000E+00    0.00000E+00
 5.00000E+00    4.87713E-05    0.00000E+00    0.00000E+00
 5.20000E+00    7.51622E-05    0.00000E+00    0.00000E+00
 5.40000E+00    1.08728E-04    0.00000E+00    0.00000E+00
 5.60000E+00    1.60546E-04    0.00000E+00    0.00000E+00
 5.80000E+00    2.28356E-04    0.00000E+00    0.00000E+00
 6.00000E+00    3.19687E-04    0.00000E+00    0.00000E+00
 6.20000E+00    4.51756E-04    0.00000E+00    0.00000E+00
 6.40000E+00    6.17844E-04    0.00000E+00    0.00000E+00
 6.60000E+00    8.53935E-04    0.00000E+00    0.00000E+00
 6.80000E+00    1.15690E-03    0.00000E+00    0.00000E+00
 7.00000E+00    1.56591E-03    0.00000E+00    0.00000E+00
 7.20000E+00    2.14386E-03    0.00000E+00    0.00000E+00
 7.40000E+00    2.86321E-03    0.00000E+00    0.00000E+00
 7.60000E+00    3.90641E-03    0.00000E+00    0.00000E+00
 7.80000E+00    5.16146E-03    0.00000E+00    0.00000E+00
 8.00000E+00    6.86265E-03    0.00000E+00    0.00000E+00
 8.50000E+00    1.36947E-02    0.00000E+00    0.00000E+00
 9.00000E+00    2.54450E-02    0.00000E+00    0.00000E+00
 9.50000E+00    4.43691E-02    0.00000E+00    0.00000E+00
 1.00000E+01    7.27062E-02    0.00000E+00    0.00000E+00
 1.01411E+01    8.45949E-02    0.00000E+00    0.00000E+00
 1.02842E+01    9.64851E-02    0.00000E+00    0.00000E+00
 1.04292E+01    1.08371E-01    0.00000E+00    0.00000E+00
 1.05000E+01    1.14105E-01    0.00000E+00    0.00000E+00
 1.06481E+01    1.32018E-01    0.00000E+00    0.00000E+00
 1.07984E+01    1.49988E-01    0.00000E+00    0.00000E+00
 1.09507E+01    1.68012E-01    0.00000E+00    0.00000E+00
 1.10000E+01    1.73801E-01    0.00000E+00    0.00000E+00
 1.11552E+01    1.97487E-01    0.00000E+00    0.00000E+00
 1.13126E+01    2.21083E-01    0.00000E+00    0.00000E+00
 1.14722E+01    2.44578E-01    0.00000E+00    0.00000E+00
 1.15000E+01    2.48630E-01    0.00000E+00    0.00000E+00
 1.16622E+01    2.79374E-01    0.00000E+00    0.00000E+00
 1.18268E+01    3.09937E-01    0.00000E+00    0.00000E+00
 1.19936E+01    3.40298E-01    0.00000E+00    0.00000E+00
 1.20000E+01    3.41444E-01    0.00000E+00    0.00000E+00
 1.21693E+01    3.80092E-01    0.00000E+00    0.00000E+00
 1.23410E+01    4.18428E-01    0.00000E+00    0.00000E+00
 1.25000E+01    4.53162E-01    0.00000E+00    0.00000E+00
 1.26764E+01    4.99625E-01    0.00000E+00    0.00000E+00
 1.28552E+01    5.45629E-01    0.00000E+00    0.00000E+00
 1.30000E+01    5.82056E-01    0.00000E+00    0.00000E+00
 1.31834E+01    6.36585E-01    0.00000E+00    0.00000E+00
 1.33694E+01    6.90484E-01    0.00000E+00    0.00000E+00
 1.35000E+01    7.27488E-01    0.00000E+00    0.00000E+00
 1.36905E+01    7.88662E-01    0.00000E+00    0.00000E+00
 1.38836E+01    8.48997E-01    0.00000E+00    0.00000E+00
 1.40000E+01    8.84527E-01    0.00000E+00    0.00000E+00
 1.41975E+01    9.49566E-01    0.00000E+00    0.00000E+00
 1.43978E+01    1.01361E+00    0.00000E+00    0.00000E+00
 1.45000E+01    1.04554E+00    0.00000E+00    0.00000E+00
 1.47046E+01    1.11591E+00    0.00000E+00    0.00000E+00
 1.49120E+01    1.18505E+00    0.00000E+00    0.00000E+00
 1.50000E+01    1.21369E+00    0.00000E+00    0.00000E+00
 1.52116E+01    1.28035E+00    0.00000E+00    0.00000E+00
 1.54262E+01    1.34555E+00    0.00000E+00    0.00000E+00
 1.56439E+01    1.40921E+00    0.00000E+00    0.00000E+00
 1.58646E+01    1.47124E+00    0.00000E+00    0.00000E+00
 1.60000E+01    1.50804E+00    0.00000E+00    0.00000E+00
 1.62257E+01    1.57108E+00    0.00000E+00    0.00000E+00
 1.64546E+01    1.63224E+00    0.00000E+00    0.00000E+00
 1.66868E+01    1.69142E+00    0.00000E+00    0.00000E+00
 1.69222E+01    1.74851E+00    0.00000E+00    0.00000E+00
 1.70000E+01    1.76673E+00    0.00000E+00    0.00000E+00
 1.72398E+01    1.82646E+00    0.00000E+00    0.00000E+00
 1.74831E+01    1.88426E+00    0.00000E+00    0.00000E+00
 1.77297E+01    1.94004E+00    0.00000E+00    0.00000E+00
 1.79799E+01    1.99369E+00    0.00000E+00    0.00000E+00
 1.80000E+01    1.99788E+00    0.00000E+00    0.00000E+00
 1.82539E+01    2.08040E+00    0.00000E+00    0.00000E+00
 1.85115E+01    2.16026E+00    0.00000E+00    0.00000E+00
 1.87726E+01    2.23729E+00    0.00000E+00    0.00000E+00
 1.90000E+01    2.30111E+00    0.00000E+00    0.00000E+00
 1.92681E+01    2.34561E+00    0.00000E+00    0.00000E+00
 1.95399E+01    2.38807E+00    0.00000E+00    0.00000E+00
 1.98156E+01    2.42839E+00    0.00000E+00    0.00000E+00
 2.00000E+01    2.45382E+00    0.00000E+00    0.00000E+00
 2.02822E+01    2.44053E+00    0.00000E+00    0.00000E+00
 2.05683E+01    2.42622E+00    0.00000E+00    0.00000E+00
 2.08585E+01    2.41087E+00    0.00000E+00    0.00000E+00
 2.10000E+01    2.40307E+00    0.00000E+00    0.00000E+00
 2.12963E+01    2.32539E+00    0.00000E+00    0.00000E+00
 2.15967E+01    2.24792E+00    0.00000E+00    0.00000E+00
 2.19014E+01    2.17069E+00    0.00000E+00    0.00000E+00
 2.20000E+01    2.14599E+00    0.00000E+00    0.00000E+00
 2.23104E+01    1.98107E+00    0.00000E+00    0.00000E+00
 2.26251E+01    1.81800E+00    0.00000E+00    0.00000E+00
 2.29443E+01    1.65693E+00    0.00000E+00    0.00000E+00
 2.30000E+01    1.62929E+00    0.00000E+00    0.00000E+00
 2.33245E+01    1.53116E+00    0.00000E+00    0.00000E+00
 2.36536E+01    1.43430E+00    0.00000E+00    0.00000E+00
 2.39873E+01    1.33878E+00    0.00000E+00    0.00000E+00
 2.40000E+01    1.33519E+00    0.00000E+00    0.00000E+00
 2.43386E+01    1.26605E+00    0.00000E+00    0.00000E+00
 2.46820E+01    1.19743E+00    0.00000E+00    0.00000E+00
 2.50000E+01    1.13521E+00    0.00000E+00    0.00000E+00
 2.53527E+01    1.08185E+00    0.00000E+00    0.00000E+00
 2.57104E+01    1.02882E+00    0.00000E+00    0.00000E+00
 2.60000E+01    9.86671E-01    0.00000E+00    0.00000E+00
 2.63668E+01    9.28986E-01    0.00000E+00    0.00000E+00
 2.67388E+01    8.72010E-01    0.00000E+00    0.00000E+00
 2.70000E+01    8.32919E-01    0.00000E+00    0.00000E+00
 2.73809E+01    7.89697E-01    0.00000E+00    0.00000E+00
 2.77672E+01    7.46813E-01    0.00000E+00    0.00000E+00
 2.80000E+01    7.21432E-01    0.00000E+00    0.00000E+00
 2.83950E+01    6.88659E-01    0.00000E+00    0.00000E+00
 2.87956E+01    6.55966E-01    0.00000E+00    0.00000E+00
 2.90000E+01    6.39498E-01    0.00000E+00    0.00000E+00
 2.94091E+01    6.07728E-01    0.00000E+00    0.00000E+00
 2.98240E+01    5.76106E-01    0.00000E+00    0.00000E+00
 3.00000E+01    5.62877E-01    0.00000E+00    0.00000E+00
