# n + Sm147 : (n,nd)    
# tendl.2019 A.J. Koning and D. Rochman        EVAL-NOV19
# uncertainties: y
# # energies =    21
#   E(MeV)       xs(mb)       xslow(mb)      xsupp(mb)
 1.12110E+01    0.00000E+00   -0.00000E+00    0.00000E+00
 1.30000E+01    6.07260E-13    0.00000E+00    2.86700E-12
 1.35000E+01    1.45120E-10    0.00000E+00    6.85142E-10
 1.40000E+01    3.72670E-09    0.00000E+00    1.75945E-08
 1.45000E+01    2.13110E-07    0.00000E+00    1.00614E-06
 1.50000E+01    1.19222E-06    0.00000E+00    5.62872E-06
 1.60000E+01    1.28317E-04    0.00000E+00    5.27840E-04
 1.70000E+01    1.82793E-03    0.00000E+00    7.51931E-03
 1.80000E+01    1.64120E-02    0.00000E+00    6.75118E-02
 1.90000E+01    8.41525E-02    0.00000E+00    3.46167E-01
 2.00000E+01    2.84076E-01    0.00000E+00    6.97087E-01
 2.10000E+01    6.99511E-01    0.00000E+00    1.71651E+00
 2.20000E+01    1.40378E+00    0.00000E+00    3.44470E+00
 2.30000E+01    2.36286E+00    0.00000E+00    5.79816E+00
 2.40000E+01    3.57963E+00    0.00000E+00    7.59187E+00
 2.50000E+01    4.97662E+00    0.00000E+00    1.05547E+01
 2.60000E+01    6.50219E+00    0.00000E+00    1.37902E+01
 2.70000E+01    8.11766E+00    0.00000E+00    1.72164E+01
 2.80000E+01    9.65077E+00    0.00000E+00    2.04679E+01
 2.90000E+01    1.11379E+01    0.00000E+00    2.36218E+01
 3.00000E+01    1.24422E+01    0.00000E+00    2.63881E+01
