# n + Sm147 : (n,n'02)  
# tendl.2019 A.J. Koning and D. Rochman        EVAL-NOV19
# uncertainties: y
# # energies =   102
#   E(MeV)       xs(mb)       xslow(mb)      xsupp(mb)
 1.98638E-01    0.00000E+00    0.00000E+00    0.00000E+00
 2.00000E-01    1.31965E+01    1.00899E+01    1.63031E+01
 3.00000E-01    6.54482E+01    5.00412E+01    8.08552E+01
 4.00000E-01    1.14099E+02    8.72393E+01    1.40959E+02
 5.00000E-01    1.66147E+02    1.27035E+02    2.05259E+02
 6.00000E-01    2.18098E+02    1.59044E+02    2.77152E+02
 7.00000E-01    2.66200E+02    1.94121E+02    3.38279E+02
 7.21540E-01    2.74645E+02    2.00280E+02    3.49010E+02
 7.24943E-01    2.75979E+02    2.01252E+02    3.50705E+02
 8.00000E-01    3.05404E+02    2.22710E+02    3.88098E+02
 8.04215E-01    3.05311E+02    2.22643E+02    3.87980E+02
 8.14915E-01    3.05077E+02    2.22471E+02    3.87682E+02
 8.90069E-01    3.03426E+02    2.21268E+02    3.85584E+02
 9.00000E-01    3.03208E+02    2.21109E+02    3.85307E+02
 9.06179E-01    3.02819E+02    2.20825E+02    3.84813E+02
 9.29065E-01    3.01377E+02    2.19774E+02    3.82981E+02
 9.38399E-01    3.00789E+02    2.19345E+02    3.82234E+02
 9.84715E-01    2.97872E+02    2.17217E+02    3.78526E+02
 1.00000E+00    2.96909E+02    2.51331E+02    3.42487E+02
 1.02700E+00    2.88280E+02    2.44027E+02    3.32533E+02
 1.03778E+00    2.84835E+02    2.41111E+02    3.28560E+02
 1.05069E+00    2.80710E+02    2.37619E+02    3.23801E+02
 1.06145E+00    2.77271E+02    2.34708E+02    3.19834E+02
 1.07069E+00    2.74318E+02    2.32208E+02    3.16428E+02
 1.07639E+00    2.72497E+02    2.30667E+02    3.14327E+02
 1.08444E+00    2.69924E+02    2.28489E+02    3.11359E+02
 1.11446E+00    2.60331E+02    2.20368E+02    3.00293E+02
 1.16998E+00    2.42588E+02    2.05349E+02    2.79827E+02
 1.17703E+00    2.40335E+02    2.03442E+02    2.77228E+02
 1.18071E+00    2.39159E+02    2.02446E+02    2.75871E+02
 1.18836E+00    2.36714E+02    2.00377E+02    2.73051E+02
 1.20000E+00    2.32994E+02    1.97228E+02    2.68760E+02
 1.22817E+00    2.25327E+02    1.90738E+02    2.59917E+02
 1.26664E+00    2.14858E+02    1.81876E+02    2.47840E+02
 1.32672E+00    1.98507E+02    1.68035E+02    2.28979E+02
 1.33496E+00    1.96265E+02    1.66137E+02    2.26393E+02
 1.34302E+00    1.94071E+02    1.64280E+02    2.23862E+02
 1.35892E+00    1.89744E+02    1.60617E+02    2.18871E+02
 1.40000E+00    1.78564E+02    1.51153E+02    2.05975E+02
 1.43982E+00    1.67560E+02    1.41838E+02    1.93281E+02
 1.60000E+00    1.23293E+02    1.04367E+02    1.42219E+02
 1.80000E+00    7.85868E+01    6.51875E+01    9.19861E+01
 2.00000E+00    4.94482E+01    4.10171E+01    5.78793E+01
 2.20000E+00    3.12580E+01    2.59284E+01    3.65876E+01
 2.40000E+00    2.01517E+01    1.67158E+01    2.35876E+01
 2.60000E+00    1.33568E+01    9.09650E+00    1.76171E+01
 2.80000E+00    9.10883E+00    6.20347E+00    1.20142E+01
 3.00000E+00    6.36726E+00    4.33635E+00    8.39817E+00
 3.20000E+00    4.54338E+00    3.09422E+00    5.99254E+00
 3.40000E+00    3.29860E+00    2.24648E+00    4.35072E+00
 3.60000E+00    2.43595E+00    1.65898E+00    3.21292E+00
 3.80000E+00    1.83061E+00    1.24672E+00    2.41450E+00
 4.00000E+00    1.40287E+00    9.55410E-01    1.85033E+00
 4.20000E+00    1.09851E+00    7.48128E-01    1.44889E+00
 4.40000E+00    8.80839E-01    5.99886E-01    1.16179E+00
 4.60000E+00    7.23612E-01    4.52843E-01    9.94381E-01
 4.80000E+00    6.09089E-01    3.81173E-01    8.37005E-01
 5.00000E+00    5.25003E-01    3.28552E-01    7.21455E-01
 5.20000E+00    4.62426E-01    2.89390E-01    6.35462E-01
 5.40000E+00    4.15567E-01    2.60065E-01    5.71068E-01
 5.60000E+00    3.80170E-01    2.37914E-01    5.22426E-01
 5.80000E+00    3.53097E-01    2.20971E-01    4.85223E-01
 6.00000E+00    3.32364E-01    2.07996E-01    4.56732E-01
 6.20000E+00    3.16124E-01    1.97833E-01    4.34415E-01
 6.40000E+00    3.03607E-01    1.90000E-01    4.17214E-01
 6.60000E+00    2.93695E-01    1.71045E-01    4.16345E-01
 6.80000E+00    2.85717E-01    1.66399E-01    4.05035E-01
 7.00000E+00    2.79149E-01    1.62574E-01    3.95724E-01
 7.20000E+00    2.73530E-01    1.59301E-01    3.87759E-01
 7.40000E+00    2.68566E-01    1.56410E-01    3.80722E-01
 7.60000E+00    2.63984E-01    1.53742E-01    3.74226E-01
 7.80000E+00    2.59612E-01    1.51195E-01    3.68029E-01
 8.00000E+00    2.55333E-01    1.48703E-01    3.61963E-01
 8.50000E+00    2.44600E-01    1.42453E-01    3.46747E-01
 9.00000E+00    2.33637E-01    1.39654E-01    3.27620E-01
 9.50000E+00    2.22669E-01    1.33098E-01    3.12240E-01
 1.00000E+01    2.12087E-01    1.26773E-01    2.97401E-01
 1.05000E+01    2.02218E-01    1.20874E-01    2.83562E-01
 1.10000E+01    1.93258E-01    1.15518E-01    2.70998E-01
 1.15000E+01    1.85259E-01    1.10737E-01    2.59781E-01
 1.20000E+01    1.78157E-01    1.06492E-01    2.49822E-01
 1.25000E+01    1.71799E-01    1.02691E-01    2.40907E-01
 1.30000E+01    1.66000E-01    1.00162E-01    2.31838E-01
 1.35000E+01    1.60579E-01    9.68914E-02    2.24267E-01
 1.40000E+01    1.55391E-01    9.37611E-02    2.17021E-01
 1.45000E+01    1.50350E-01    9.07194E-02    2.09981E-01
 1.50000E+01    1.45418E-01    8.77435E-02    2.03093E-01
 1.60000E+01    1.35895E-01    8.35396E-02    1.88250E-01
 1.70000E+01    1.27003E-01    7.80734E-02    1.75933E-01
 1.80000E+01    1.19021E-01    7.31665E-02    1.64875E-01
 1.90000E+01    1.12154E-01    6.89451E-02    1.55363E-01
 2.00000E+01    1.06414E-01    6.43997E-02    1.48428E-01
 2.10000E+01    1.01639E-01    6.15100E-02    1.41768E-01
 2.20000E+01    9.76089E-02    5.90711E-02    1.36147E-01
 2.30000E+01    9.41103E-02    5.69538E-02    1.31267E-01
 2.40000E+01    9.09395E-02    5.51499E-02    1.26729E-01
 2.50000E+01    8.79091E-02    5.33121E-02    1.22506E-01
 2.60000E+01    8.48913E-02    5.14820E-02    1.18301E-01
 2.70000E+01    8.18717E-02    4.96507E-02    1.14093E-01
 2.80000E+01    7.89308E-02    4.78672E-02    1.09994E-01
 2.90000E+01    7.61853E-02    4.62022E-02    1.06168E-01
 3.00000E+01    7.37261E-02    4.47109E-02    1.02741E-01
