# n + Sm147 : (n,n'23)  
# tendl.2019 A.J. Koning and D. Rochman        EVAL-NOV19
# uncertainties: n
# # energies =    72
#   E(MeV)       xs(mb) 
 1.18836E+00    0.00000E+00
 1.20000E+00    1.00979E+01
 1.22817E+00    1.22468E+01
 1.26664E+00    1.51815E+01
 1.32672E+00    1.97647E+01
 1.33496E+00    2.03933E+01
 1.34302E+00    2.10081E+01
 1.35892E+00    2.22210E+01
 1.40000E+00    2.53548E+01
 1.43982E+00    2.54485E+01
 1.60000E+00    2.58253E+01
 1.80000E+00    2.26684E+01
 2.00000E+00    1.82648E+01
 2.20000E+00    1.37067E+01
 2.40000E+00    9.87634E+00
 2.60000E+00    7.02675E+00
 2.80000E+00    5.01951E+00
 3.00000E+00    3.62624E+00
 3.20000E+00    2.65686E+00
 3.40000E+00    1.97508E+00
 3.60000E+00    1.49091E+00
 3.80000E+00    1.14236E+00
 4.00000E+00    8.88643E-01
 4.20000E+00    7.01710E-01
 4.40000E+00    5.62724E-01
 4.60000E+00    4.58304E-01
 4.80000E+00    3.79292E-01
 5.00000E+00    3.19096E-01
 5.20000E+00    2.72910E-01
 5.40000E+00    2.37338E-01
 5.60000E+00    2.09808E-01
 5.80000E+00    1.88280E-01
 6.00000E+00    1.71517E-01
 6.20000E+00    1.58119E-01
 6.40000E+00    1.47774E-01
 6.60000E+00    1.39591E-01
 6.80000E+00    1.33130E-01
 7.00000E+00    1.28046E-01
 7.20000E+00    1.23992E-01
 7.40000E+00    1.20770E-01
 7.60000E+00    1.18147E-01
 7.80000E+00    1.15974E-01
 8.00000E+00    1.14123E-01
 8.50000E+00    1.10246E-01
 9.00000E+00    1.06713E-01
 9.50000E+00    1.03105E-01
 1.00000E+01    9.93723E-02
 1.05000E+01    9.56178E-02
 1.10000E+01    9.19757E-02
 1.15000E+01    8.85497E-02
 1.20000E+01    8.53963E-02
 1.25000E+01    8.25230E-02
 1.30000E+01    7.99021E-02
 1.35000E+01    7.74864E-02
 1.40000E+01    7.52201E-02
 1.45000E+01    7.30597E-02
 1.50000E+01    7.09763E-02
 1.60000E+01    6.70000E-02
 1.70000E+01    6.33028E-02
 1.80000E+01    5.99611E-02
 1.90000E+01    5.70451E-02
 2.00000E+01    5.45884E-02
 2.10000E+01    5.25676E-02
 2.20000E+01    5.09180E-02
 2.30000E+01    4.95583E-02
 2.40000E+01    4.84004E-02
 2.50000E+01    4.73504E-02
 2.60000E+01    4.63226E-02
 2.70000E+01    4.52716E-02
 2.80000E+01    4.42025E-02
 2.90000E+01    4.31570E-02
 3.00000E+01    4.21828E-02
