# n + Os189 : (n,n'19)  
# tendl.2019 A.J. Koning and D. Rochman        EVAL-NOV19
# uncertainties: n
# # energies =    81
#   E(MeV)       xs(mb) 
 5.52967E-01    0.00000E+00
 5.60328E-01    5.94536E+00
 5.65694E-01    1.02794E+01
 5.98076E-01    3.64338E+01
 6.00000E-01    3.79878E+01
 6.02835E-01    3.83560E+01
 6.25330E-01    4.12774E+01
 6.33966E-01    4.23989E+01
 6.37585E-01    4.28689E+01
 6.70963E-01    4.72037E+01
 6.75718E-01    4.78212E+01
 6.80108E-01    4.83913E+01
 6.83524E-01    4.88350E+01
 7.00000E-01    5.09747E+01
 8.00000E-01    5.43315E+01
 9.00000E-01    5.37431E+01
 1.00000E+00    5.03409E+01
 1.20000E+00    4.03078E+01
 1.40000E+00    3.01915E+01
 1.60000E+00    2.19287E+01
 1.80000E+00    1.57720E+01
 2.00000E+00    1.13677E+01
 2.20000E+00    8.26575E+00
 2.40000E+00    6.07632E+00
 2.60000E+00    4.51486E+00
 2.80000E+00    3.38512E+00
 3.00000E+00    2.55723E+00
 3.20000E+00    1.94557E+00
 3.40000E+00    1.49230E+00
 3.60000E+00    1.15660E+00
 3.80000E+00    9.08119E-01
 4.00000E+00    7.24430E-01
 4.20000E+00    5.88666E-01
 4.40000E+00    4.88102E-01
 4.60000E+00    4.13209E-01
 4.80000E+00    3.57217E-01
 5.00000E+00    3.14997E-01
 5.20000E+00    2.83175E-01
 5.40000E+00    2.58900E-01
 5.60000E+00    2.40200E-01
 5.80000E+00    2.25991E-01
 6.00000E+00    2.15112E-01
 6.20000E+00    2.06831E-01
 6.40000E+00    2.00498E-01
 6.60000E+00    1.95737E-01
 6.80000E+00    1.92238E-01
 7.00000E+00    1.89758E-01
 7.20000E+00    1.88141E-01
 7.40000E+00    1.87217E-01
 7.60000E+00    1.86865E-01
 7.80000E+00    1.86972E-01
 8.00000E+00    1.87435E-01
 8.50000E+00    1.89553E-01
 9.00000E+00    1.92069E-01
 9.50000E+00    1.94046E-01
 1.00000E+01    1.94940E-01
 1.05000E+01    1.94592E-01
 1.10000E+01    1.93134E-01
 1.15000E+01    1.90850E-01
 1.20000E+01    1.88055E-01
 1.25000E+01    1.85016E-01
 1.30000E+01    1.81929E-01
 1.35000E+01    1.78916E-01
 1.40000E+01    1.76037E-01
 1.45000E+01    1.73315E-01
 1.50000E+01    1.70741E-01
 1.60000E+01    1.65965E-01
 1.70000E+01    1.61519E-01
 1.80000E+01    1.57240E-01
 1.90000E+01    1.53062E-01
 2.00000E+01    1.49018E-01
 2.10000E+01    1.45181E-01
 2.20000E+01    1.41603E-01
 2.30000E+01    1.38282E-01
 2.40000E+01    1.35174E-01
 2.50000E+01    1.32202E-01
 2.60000E+01    1.29275E-01
 2.70000E+01    1.26323E-01
 2.80000E+01    1.23326E-01
 2.90000E+01    1.20316E-01
 3.00000E+01    1.17352E-01
