# n + Ca 43 : (n,n'15)  
# jendl4.0   K.Shibata                         EVAL-JUN06
# uncertainties: n
# # energies =    28
#   E(MeV)       xs(mb) 
 2.32606E+00    0.00000E+00
 2.50000E+00    1.82605E+01
 3.00000E+00    3.00093E+01
 3.50000E+00    2.96518E+01
 4.00000E+00    2.63428E+01
 4.50000E+00    2.18194E+01
 5.00000E+00    1.72982E+01
 5.50000E+00    1.31738E+01
 6.00000E+00    9.82830E+00
 6.50000E+00    7.29930E+00
 7.00000E+00    5.43170E+00
 7.50000E+00    4.05400E+00
 8.00000E+00    3.04460E+00
 8.50000E+00    2.30120E+00
 9.00000E+00    1.75620E+00
 9.50000E+00    1.35530E+00
 1.00000E+01    1.06150E+00
 1.10000E+01    6.92700E-01
 1.20000E+01    5.04900E-01
 1.30000E+01    4.03300E-01
 1.40000E+01    3.43300E-01
 1.45000E+01    3.21800E-01
 1.50000E+01    3.03600E-01
 1.60000E+01    2.76000E-01
 1.70000E+01    2.51900E-01
 1.80000E+01    2.29900E-01
 1.90000E+01    2.08100E-01
 2.00000E+01    1.84900E-01
