# n + Ra226 : (n,n'28)  
# tendl.2019 A.J. Koning and D. Rochman        EVAL-NOV19
# uncertainties: n
# # energies =    65
#   E(MeV)       xs(mb) 
 1.42885E+00    0.00000E+00
 1.44422E+00    1.21582E+00
 1.45245E+00    1.86685E+00
 1.60000E+00    1.35386E+01
 1.80000E+00    2.42100E+01
 2.00000E+00    2.47461E+01
 2.20000E+00    2.17702E+01
 2.40000E+00    1.87810E+01
 2.60000E+00    1.63194E+01
 2.80000E+00    1.38409E+01
 3.00000E+00    1.10279E+01
 3.20000E+00    8.16085E+00
 3.40000E+00    5.68065E+00
 3.60000E+00    3.79218E+00
 3.80000E+00    2.45804E+00
 4.00000E+00    1.56379E+00
 4.20000E+00    9.83661E-01
 4.40000E+00    6.14774E-01
 4.60000E+00    3.83041E-01
 4.80000E+00    2.38451E-01
 5.00000E+00    1.48482E-01
 5.20000E+00    9.26065E-02
 5.40000E+00    5.76843E-02
 5.60000E+00    3.62006E-02
 5.80000E+00    2.28387E-02
 6.00000E+00    1.45429E-02
 6.20000E+00    9.32311E-03
 6.40000E+00    6.05573E-03
 6.60000E+00    3.96835E-03
 6.80000E+00    2.62888E-03
 7.00000E+00    1.76247E-03
 7.20000E+00    1.19157E-03
 7.40000E+00    8.15967E-04
 7.60000E+00    5.63355E-04
 7.80000E+00    3.92354E-04
 8.00000E+00    2.75832E-04
 8.50000E+00    1.17567E-04
 9.00000E+00    5.18522E-05
 9.50000E+00    2.34945E-05
 1.00000E+01    1.08990E-05
 1.05000E+01    5.17372E-06
 1.10000E+01    2.51269E-06
 1.15000E+01    1.24863E-06
 1.20000E+01    6.34840E-07
 1.25000E+01    3.29880E-07
 1.30000E+01    1.74990E-07
 1.35000E+01    9.46210E-08
 1.40000E+01    5.20850E-08
 1.45000E+01    2.91490E-08
 1.50000E+01    1.65730E-08
 1.60000E+01    5.60640E-09
 1.70000E+01    2.00230E-09
 1.80000E+01    7.59610E-10
 1.90000E+01    3.03510E-10
 2.00000E+01    1.26980E-10
 2.10000E+01    5.53300E-11
 2.20000E+01    2.49440E-11
 2.30000E+01    1.16230E-11
 2.40000E+01    5.58970E-12
 2.50000E+01    2.77510E-12
 2.60000E+01    1.42250E-12
 2.70000E+01    7.52620E-13
 2.80000E+01    4.09380E-13
 2.90000E+01    2.28570E-13
 3.00000E+01    1.30740E-13
