# n + La139 : (n,xt)    
# tendl.2019 A.J. Koning and D. Rochman        EVAL-NOV19
# 
# # energies =   133
#   E(MeV)        xs(mb) 
 1.67062E-01    0.00000E+00
 2.00000E-01    0.00000E+00
 3.00000E-01    0.00000E+00
 4.00000E-01    0.00000E+00
 5.00000E-01    0.00000E+00
 6.00000E-01    0.00000E+00
 7.00000E-01    0.00000E+00
 8.00000E-01    0.00000E+00
 9.00000E-01    0.00000E+00
 1.00000E+00    0.00000E+00
 1.20000E+00    0.00000E+00
 1.21778E+00    0.00000E+00
 1.22781E+00    0.00000E+00
 1.26596E+00    0.00000E+00
 1.39133E+00    0.00000E+00
 1.40000E+00    0.00000E+00
 1.43031E+00    0.00000E+00
 1.45899E+00    0.00000E+00
 1.48713E+00    0.00000E+00
 1.54887E+00    0.00000E+00
 1.55937E+00    0.00000E+00
 1.56971E+00    0.00000E+00
 1.58950E+00    0.00000E+00
 1.59127E+00    0.00000E+00
 1.60000E+00    0.00000E+00
 1.69552E+00    0.00000E+00
 1.72858E+00    0.00000E+00
 1.77399E+00    0.00000E+00
 1.77907E+00    0.00000E+00
 1.79293E+00    0.00000E+00
 1.80000E+00    0.00000E+00
 1.83322E+00    0.00000E+00
 1.85034E+00    0.00000E+00
 1.86968E+00    0.00000E+00
 1.90665E+00    0.00000E+00
 1.93469E+00    0.00000E+00
 1.95498E+00    0.00000E+00
 1.97715E+00    0.00000E+00
 2.00000E+00    0.00000E+00
 2.04978E+00    0.00000E+00
 2.07546E+00    0.00000E+00
 2.14144E+00    0.00000E+00
 2.17357E+00    0.00000E+00
 2.20000E+00    0.00000E+00
 2.24821E+00    0.00000E+00
 2.40000E+00    0.00000E+00
 2.60000E+00    0.00000E+00
 2.80000E+00    0.00000E+00
 3.00000E+00    0.00000E+00
 3.20000E+00    0.00000E+00
 3.40000E+00    0.00000E+00
 3.60000E+00    0.00000E+00
 3.80000E+00    0.00000E+00
 4.00000E+00    0.00000E+00
 4.20000E+00    0.00000E+00
 4.40000E+00    0.00000E+00
 4.60000E+00    0.00000E+00
 4.80000E+00    0.00000E+00
 5.00000E+00    0.00000E+00
 5.20000E+00    0.00000E+00
 5.40000E+00    0.00000E+00
 5.60000E+00    0.00000E+00
 5.80000E+00    0.00000E+00
 6.00000E+00    0.00000E+00
 6.20000E+00    0.00000E+00
 6.40000E+00    0.00000E+00
 6.60000E+00    1.39370E-15
 6.80000E+00    3.03141E-15
 7.00000E+00    4.66913E-15
 7.20000E+00    6.30684E-15
 7.40000E+00    7.94456E-15
 7.60000E+00    9.58228E-15
 7.80000E+00    1.12200E-14
 8.00000E+00    1.28577E-14
 8.50000E+00    1.69520E-14
 9.00000E+00    4.25840E-12
 9.50000E+00    3.45860E-10
 1.00000E+01    6.95770E-09
 1.05000E+01    2.07560E-07
 1.10000E+01    2.40586E-06
 1.15000E+01    2.14595E-05
 1.20000E+01    1.34061E-04
 1.25000E+01    6.43295E-04
 1.30000E+01    2.44234E-03
 1.35000E+01    7.62094E-03
 1.40000E+01    2.00610E-02
 1.45000E+01    4.54198E-02
 1.50000E+01    9.01358E-02
 1.60000E+01    2.57314E-01
 1.70000E+01    5.47088E-01
 1.80000E+01    9.33859E-01
 1.90000E+01    1.40823E+00
 2.00000E+01    1.99637E+00
 2.10000E+01    2.59328E+00
 2.20000E+01    3.22005E+00
 2.30000E+01    3.86417E+00
 2.40000E+01    4.51413E+00
 2.50000E+01    5.16109E+00
 2.60000E+01    5.78479E+00
 2.70000E+01    6.41078E+00
 2.80000E+01    7.03333E+00
 2.90000E+01    7.61233E+00
 3.00000E+01    8.17803E+00
 3.00000E+01    8.16433E+00
 3.20000E+01    9.25293E+00
 3.40000E+01    1.02676E+01
 3.60000E+01    1.12227E+01
 3.80000E+01    1.21365E+01
 4.00000E+01    1.30370E+01
 4.20000E+01    1.39414E+01
 4.40000E+01    1.48706E+01
 4.60000E+01    1.58447E+01
 4.80000E+01    1.68923E+01
 5.00000E+01    1.80074E+01
 5.20000E+01    1.92209E+01
 5.40000E+01    2.05255E+01
 5.60000E+01    2.19855E+01
 5.80000E+01    2.36558E+01
 6.00000E+01    2.55234E+01
 6.50000E+01    3.09805E+01
 7.00000E+01    3.66858E+01
 7.50000E+01    4.25110E+01
 8.00000E+01    4.92034E+01
 9.00000E+01    7.10292E+01
 1.00000E+02    9.61986E+01
 1.10000E+02    1.13485E+02
 1.20000E+02    1.17542E+02
 1.30000E+02    1.13398E+02
 1.40000E+02    1.08995E+02
 1.50000E+02    1.05673E+02
 1.60000E+02    1.05576E+02
 1.80000E+02    1.15560E+02
 2.00000E+02    1.36908E+02
