# n + La139 : (n,n'17)  
# tendl.2019 A.J. Koning and D. Rochman        EVAL-NOV19
# uncertainties: n
# # energies =    75
#   E(MeV)       xs(mb) 
 1.77907E+00    0.00000E+00
 1.79293E+00    8.16563E+00
 1.80000E+00    1.23309E+01
 1.83322E+00    1.48928E+01
 1.85034E+00    1.62130E+01
 1.86968E+00    1.77044E+01
 1.90665E+00    2.05555E+01
 1.93469E+00    2.27179E+01
 1.95498E+00    2.42826E+01
 1.97715E+00    2.59923E+01
 2.00000E+00    2.77544E+01
 2.04978E+00    2.90967E+01
 2.07546E+00    2.97892E+01
 2.14144E+00    3.15683E+01
 2.17357E+00    3.24347E+01
 2.20000E+00    3.31474E+01
 2.24821E+00    3.40820E+01
 2.40000E+00    3.70246E+01
 2.60000E+00    3.83604E+01
 2.80000E+00    3.71122E+01
 3.00000E+00    3.34496E+01
 3.20000E+00    2.84118E+01
 3.40000E+00    2.31876E+01
 3.60000E+00    1.85231E+01
 3.80000E+00    1.46611E+01
 4.00000E+00    1.15541E+01
 4.20000E+00    9.07478E+00
 4.40000E+00    7.10895E+00
 4.60000E+00    5.55820E+00
 4.80000E+00    4.35078E+00
 5.00000E+00    3.41543E+00
 5.20000E+00    2.69134E+00
 5.40000E+00    2.12976E+00
 5.60000E+00    1.69250E+00
 5.80000E+00    1.35111E+00
 6.00000E+00    1.08448E+00
 6.20000E+00    8.74097E-01
 6.40000E+00    7.11432E-01
 6.60000E+00    5.84225E-01
 6.80000E+00    4.85149E-01
 7.00000E+00    4.07389E-01
 7.20000E+00    3.46928E-01
 7.40000E+00    2.99154E-01
 7.60000E+00    2.61447E-01
 7.80000E+00    2.31676E-01
 8.00000E+00    2.07788E-01
 8.50000E+00    1.66787E-01
 9.00000E+00    1.42194E-01
 9.50000E+00    1.26535E-01
 1.00000E+01    1.15807E-01
 1.05000E+01    1.07853E-01
 1.10000E+01    1.01540E-01
 1.15000E+01    9.62728E-02
 1.20000E+01    9.17511E-02
 1.25000E+01    8.78154E-02
 1.30000E+01    8.43712E-02
 1.35000E+01    8.13477E-02
 1.40000E+01    7.86796E-02
 1.45000E+01    7.62964E-02
 1.50000E+01    7.41338E-02
 1.60000E+01    7.02389E-02
 1.70000E+01    6.66640E-02
 1.80000E+01    6.32843E-02
 1.90000E+01    6.01029E-02
 2.00000E+01    5.71779E-02
 2.10000E+01    5.45868E-02
 2.20000E+01    5.23874E-02
 2.30000E+01    5.05871E-02
 2.40000E+01    4.91431E-02
 2.50000E+01    4.79779E-02
 2.60000E+01    4.69919E-02
 2.70000E+01    4.60802E-02
 2.80000E+01    4.51579E-02
 2.90000E+01    4.41876E-02
 3.00000E+01    4.31814E-02
