# p + Pb206 : (p,xg)    
# endfb8.0   M.B.CHADWICK,P.G.YOUNG,A.J.KONING EVAL-OCT96
# 
# # energies =    40
#   E(MeV)        xs(mb) 
 5.00000E+00    9.74043E-01
 6.00000E+00    3.93458E+00
 7.00000E+00    3.15003E+01
 8.00000E+00    1.19114E+02
 9.00000E+00    3.25952E+02
 1.00000E+01    7.69729E+02
 1.10000E+01    1.39672E+03
 1.20000E+01    1.99802E+03
 1.30000E+01    1.70614E+03
 1.40000E+01    1.33234E+03
 1.50000E+01    1.45547E+03
 1.60000E+01    1.88949E+03
 1.70000E+01    2.54125E+03
 1.80000E+01    3.26797E+03
 1.90000E+01    4.02434E+03
 2.00000E+01    4.76378E+03
 2.20000E+01    5.81931E+03
 2.40000E+01    5.46018E+03
 2.60000E+01    5.51371E+03
 2.80000E+01    6.30840E+03
 3.00000E+01    7.21935E+03
 3.50000E+01    7.05392E+03
 4.00000E+01    8.13764E+03
 4.50000E+01    8.68565E+03
 5.00000E+01    8.94859E+03
 5.50000E+01    9.07159E+03
 6.00000E+01    9.05406E+03
 6.50000E+01    9.18450E+03
 7.00000E+01    8.25065E+03
 7.50000E+01    8.14086E+03
 8.00000E+01    8.25037E+03
 8.50000E+01    8.29097E+03
 9.00000E+01    8.27694E+03
 9.50000E+01    8.25644E+03
 1.00000E+02    8.17614E+03
 1.10000E+02    7.88540E+03
 1.20000E+02    7.77498E+03
 1.30000E+02    7.68948E+03
 1.40000E+02    7.58281E+03
 1.50000E+02    7.63717E+03
