# n + Ti 49 : (n,xh)    
# endfb8.0   T.Kawano, L. Leal, A.Kahler       EVAL-Feb09
# 
# # energies =   175
#   E(MeV)        xs(mb) 
 1.41027E+00    0.00000E+00
 1.41030E+00    0.00000E+00
 1.41064E+00    0.00000E+00
 1.41132E+00    0.00000E+00
 1.41266E+00    0.00000E+00
 1.41399E+00    0.00000E+00
 1.41529E+00    0.00000E+00
 1.41786E+00    0.00000E+00
 1.42036E+00    0.00000E+00
 1.42279E+00    0.00000E+00
 1.42514E+00    0.00000E+00
 1.42742E+00    0.00000E+00
 1.43185E+00    0.00000E+00
 1.43602E+00    0.00000E+00
 1.43994E+00    0.00000E+00
 1.44362E+00    0.00000E+00
 1.44708E+00    0.00000E+00
 1.45359E+00    0.00000E+00
 1.45931E+00    0.00000E+00
 1.46434E+00    0.00000E+00
 1.46875E+00    0.00000E+00
 1.47650E+00    0.00000E+00
 1.48234E+00    0.00000E+00
 1.49114E+00    0.00000E+00
 1.50000E+00    0.00000E+00
 1.51814E+00    0.00000E+00
 1.53189E+00    0.00000E+00
 1.55274E+00    0.00000E+00
 1.57388E+00    0.00000E+00
 1.57941E+00    0.00000E+00
 1.58427E+00    0.00000E+00
 1.58853E+00    0.00000E+00
 1.59227E+00    0.00000E+00
 1.59883E+00    0.00000E+00
 1.60377E+00    0.00000E+00
 1.61121E+00    0.00000E+00
 1.61868E+00    0.00000E+00
 1.61870E+00    0.00000E+00
 1.62803E+00    0.00000E+00
 1.64212E+00    0.00000E+00
 1.65634E+00    0.00000E+00
 1.66777E+00    0.00000E+00
 1.67783E+00    0.00000E+00
 1.68669E+00    0.00000E+00
 1.70230E+00    0.00000E+00
 1.71410E+00    0.00000E+00
 1.73196E+00    0.00000E+00
 1.75000E+00    0.00000E+00
 1.75902E+00    0.00000E+00
 1.77855E+00    0.00000E+00
 1.79830E+00    0.00000E+00
 1.79831E+00    0.00000E+00
 1.82236E+00    0.00000E+00
 1.84368E+00    0.00000E+00
 1.86253E+00    0.00000E+00
 1.87918E+00    0.00000E+00
 1.90868E+00    0.00000E+00
 1.93111E+00    0.00000E+00
 1.94811E+00    0.00000E+00
 1.97388E+00    0.00000E+00
 2.00000E+00    0.00000E+00
 2.02966E+00    0.00000E+00
 2.05598E+00    0.00000E+00
 2.07929E+00    0.00000E+00
 2.12071E+00    0.00000E+00
 2.15232E+00    0.00000E+00
 2.20062E+00    0.00000E+00
 2.25000E+00    0.00000E+00
 2.27877E+00    0.00000E+00
 2.30790E+00    0.00000E+00
 2.33108E+00    0.00000E+00
 2.37221E+00    0.00000E+00
 2.40353E+00    0.00000E+00
 2.45129E+00    0.00000E+00
 2.50000E+00    0.00000E+00
 2.52233E+00    0.00000E+00
 2.55600E+00    0.00000E+00
 2.55601E+00    0.00000E+00
 2.55744E+00    0.00000E+00
 2.56530E+00    0.00000E+00
 2.56928E+00    0.00000E+00
 2.60597E+00    0.00000E+00
 2.66198E+00    0.00000E+00
 2.71920E+00    0.00000E+00
 2.75000E+00    0.00000E+00
 2.77615E+00    0.00000E+00
 2.77707E+00    0.00000E+00
 2.77738E+00    0.00000E+00
 2.83144E+00    0.00000E+00
 2.87267E+00    0.00000E+00
 2.90399E+00    0.00000E+00
 2.95160E+00    0.00000E+00
 3.00000E+00    0.00000E+00
 3.11788E+00    0.00000E+00
 3.24040E+00    0.00000E+00
 3.32720E+00    0.00000E+00
 3.41251E+00    0.00000E+00
 3.50000E+00    0.00000E+00
 3.50070E+00    0.00000E+00
 3.58842E+00    0.00000E+00
 3.72414E+00    0.00000E+00
 3.86500E+00    0.00000E+00
 4.00000E+00    0.00000E+00
 4.22949E+00    0.00000E+00
 4.59863E+00    0.00000E+00
 5.00000E+00    0.00000E+00
 5.47723E+00    0.00000E+00
 6.00000E+00    0.00000E+00
 6.48074E+00    0.00000E+00
 7.00000E+00    0.00000E+00
 8.00000E+00    0.00000E+00
 8.23907E+00    0.00000E+00
 8.61113E+00    0.00000E+00
 9.00000E+00    0.00000E+00
 9.11932E+00    0.00000E+00
 9.33193E+00    0.00000E+00
 9.49465E+00    0.00000E+00
 9.61854E+00    0.00000E+00
 9.80741E+00    0.00000E+00
 1.00000E+01    0.00000E+00
 1.01199E+01    0.00000E+00
 1.02259E+01    0.00000E+00
 1.04142E+01    0.00000E+00
 1.05576E+01    0.00000E+00
 1.06665E+01    0.00000E+00
 1.08320E+01    0.00000E+00
 1.10000E+01    0.00000E+00
 1.11203E+01    0.00000E+00
 1.12266E+01    0.00000E+00
 1.13205E+01    0.00000E+00
 1.14867E+01    0.00000E+00
 1.16129E+01    0.00000E+00
 1.17085E+01    0.00000E+00
 1.18534E+01    0.00000E+00
 1.20000E+01    0.00000E+00
 1.21207E+01    0.00000E+00
 1.22272E+01    0.00000E+00
 1.23213E+01    0.00000E+00
 1.24876E+01    0.00000E+00
 1.26137E+01    0.00000E+00
 1.27092E+01    0.00000E+00
 1.28538E+01    0.00000E+00
 1.30000E+01    0.00000E+00
 1.31210E+01    0.00000E+00
 1.32278E+01    0.00000E+00
 1.34167E+01    0.00000E+00
 1.35602E+01    0.00000E+00
 1.36689E+01    0.00000E+00
 1.38334E+01    0.00000E+00
 1.40000E+01    0.00000E+00
 1.41213E+01    9.10685E-13
 1.43360E+01    2.52340E-12
 1.44992E+01    3.74902E-12
 1.46228E+01    4.67737E-12
 1.48102E+01    6.08477E-12
 1.50000E+01    7.51020E-12
 1.52440E+01    1.41297E-09
 1.54296E+01    2.48205E-09
 1.57122E+01    4.11012E-09
 1.58554E+01    4.93529E-09
 1.60000E+01    5.76800E-09
 1.62443E+01    4.08099E-06
 1.64300E+01    7.17815E-06
 1.67126E+01    1.18905E-05
 1.70000E+01    1.66838E-05
 1.72447E+01    8.71164E-05
 1.76183E+01    1.94671E-04
 1.80000E+01    3.04555E-04
 1.82450E+01    8.02546E-04
 1.84309E+01    1.18049E-03
 1.87133E+01    1.75463E-03
 1.90000E+01    2.33756E-03
 1.92452E+01    3.65818E-03
 1.96190E+01    5.67113E-03
 2.00000E+01    7.72317E-03
