# p + Bk247 : (p,xg)    
# tendl.2019 A.J. Koning                       EVAL-OCT19
# 
# # energies =    56
#   E(MeV)        xs(mb) 
 1.40239E+00    0.00000E+00
 1.45761E+00    0.00000E+00
 1.52499E+00    0.00000E+00
 1.60421E+00    0.00000E+00
 1.78715E+00    0.00000E+00
 1.83133E+00    0.00000E+00
 1.88475E+00    0.00000E+00
 1.93656E+00    0.00000E+00
 1.95563E+00    0.00000E+00
 1.99981E+00    0.00000E+00
 2.00000E+00    0.00000E+00
 2.03897E+00    0.00000E+00
 3.00000E+00    0.00000E+00
 4.00000E+00    0.00000E+00
 5.00000E+00    0.00000E+00
 6.00000E+00    0.00000E+00
 7.00000E+00    0.00000E+00
 8.00000E+00    0.00000E+00
 9.00000E+00    0.00000E+00
 1.00000E+01    0.00000E+00
 1.10000E+01    0.00000E+00
 1.20000E+01    0.00000E+00
 1.30000E+01    0.00000E+00
 1.40000E+01    0.00000E+00
 1.50000E+01    0.00000E+00
 1.60000E+01    0.00000E+00
 1.70000E+01    0.00000E+00
 1.80000E+01    0.00000E+00
 1.90000E+01    0.00000E+00
 2.00000E+01    0.00000E+00
 2.20000E+01    0.00000E+00
 2.40000E+01    0.00000E+00
 2.60000E+01    0.00000E+00
 2.80000E+01    0.00000E+00
 3.00000E+01    0.00000E+00
 3.00000E+01    8.29811E+02
 3.50000E+01    1.01420E+03
 4.00000E+01    8.93094E+02
 4.50000E+01    7.88472E+02
 5.00000E+01    7.05646E+02
 5.50000E+01    6.61761E+02
 6.00000E+01    6.17561E+02
 6.50000E+01    5.79322E+02
 7.00000E+01    5.51370E+02
 7.50000E+01    5.21947E+02
 8.00000E+01    4.96935E+02
 9.00000E+01    4.50525E+02
 1.00000E+02    4.10823E+02
 1.10000E+02    3.75133E+02
 1.20000E+02    3.43725E+02
 1.30000E+02    3.17600E+02
 1.40000E+02    2.95256E+02
 1.50000E+02    2.74309E+02
 1.60000E+02    2.56251E+02
 1.80000E+02    2.32177E+02
 2.00000E+02    2.28251E+02
