# n + Os192 : (n,t)g    
# tendl.2019 A.J. Koning and D. Rochman        EVAL-NOV19
# uncertainties: y
# # energies =    27
#   E(MeV)       xs(mb)       xslow(mb)      xsupp(mb)
 7.16227E+00    0.00000E+00    0.00000E+00    0.00000E+00
 1.00000E+01    7.25530E-17    0.00000E+00    0.00000E+00
 1.05000E+01    3.65310E-15    0.00000E+00    0.00000E+00
 1.10000E+01    1.22150E-11    0.00000E+00    0.00000E+00
 1.15000E+01    3.55900E-10    0.00000E+00    0.00000E+00
 1.20000E+01    8.17150E-09    0.00000E+00    0.00000E+00
 1.25000E+01    1.20910E-07    0.00000E+00    0.00000E+00
 1.30000E+01    1.18301E-06    0.00000E+00    0.00000E+00
 1.35000E+01    8.37721E-06    0.00000E+00    0.00000E+00
 1.40000E+01    4.54291E-05    0.00000E+00    0.00000E+00
 1.45000E+01    1.96887E-04    0.00000E+00    0.00000E+00
 1.50000E+01    7.05354E-04    0.00000E+00    0.00000E+00
 1.60000E+01    5.65626E-03    0.00000E+00    0.00000E+00
 1.70000E+01    2.69066E-02    0.00000E+00    0.00000E+00
 1.80000E+01    8.27444E-02    0.00000E+00    0.00000E+00
 1.90000E+01    1.83465E-01    0.00000E+00    0.00000E+00
 2.00000E+01    3.27315E-01    0.00000E+00    0.00000E+00
 2.10000E+01    5.08666E-01    0.00000E+00    0.00000E+00
 2.20000E+01    7.01632E-01    0.00000E+00    0.00000E+00
 2.30000E+01    8.81660E-01    0.00000E+00    0.00000E+00
 2.40000E+01    1.03371E+00    0.00000E+00    0.00000E+00
 2.50000E+01    1.14636E+00    0.00000E+00    0.00000E+00
 2.60000E+01    1.22035E+00    0.00000E+00    0.00000E+00
 2.70000E+01    1.27636E+00    0.00000E+00    0.00000E+00
 2.80000E+01    1.32185E+00    0.00000E+00    0.00000E+00
 2.90000E+01    1.33167E+00    0.00000E+00    0.00000E+00
 3.00000E+01    1.31712E+00    0.00000E+00    0.00000E+00
