# n + Os192 : (n,el)    
# tendl.2019 A.J. Koning and D. Rochman        EVAL-NOV19
# uncertainties: y
# # energies =   171
#   E(MeV)       xs(mb)       xslow(mb)      xsupp(mb)
 1.00000E-11    1.76688E+04    1.59553E+04    1.93822E+04
 1.00000E-07    1.19526E+04    1.07932E+04    1.31121E+04
 4.13990E-07    1.19375E+04    1.07788E+04    1.30961E+04
 5.31580E-07    1.19306E+04    1.07723E+04    1.30889E+04
 6.82560E-07    1.19225E+04    1.07650E+04    1.30801E+04
 8.76420E-07    1.19122E+04    1.07551E+04    1.30692E+04
 1.12540E-06    1.18988E+04    1.07416E+04    1.30561E+04
 1.44500E-06    1.18817E+04    1.07262E+04    1.30373E+04
 1.85540E-06    1.18600E+04    1.07065E+04    1.30134E+04
 2.37240E-06    1.18318E+04    1.06789E+04    1.29847E+04
 3.05900E-06    1.17955E+04    1.06440E+04    1.29470E+04
 3.92790E-06    1.17538E+04    1.06064E+04    1.29013E+04
 5.04350E-06    1.17022E+04    1.05557E+04    1.28488E+04
 6.47600E-06    1.16360E+04    1.04939E+04    1.27780E+04
 8.31530E-06    1.15509E+04    1.04132E+04    1.26885E+04
 1.06770E-05    1.14416E+04    1.03073E+04    1.25760E+04
 1.37100E-05    1.13018E+04    1.01813E+04    1.24223E+04
 1.76030E-05    1.11549E+04    1.00402E+04    1.22695E+04
 2.26030E-05    1.09924E+04    9.88329E+03    1.21016E+04
 2.92030E-05    1.07815E+04    9.69359E+03    1.18693E+04
 3.72670E-05    1.05559E+04    9.47736E+03    1.16344E+04
 4.78510E-05    1.03000E+04    9.23619E+03    1.13638E+04
 6.14420E-05    1.00260E+04    8.97146E+03    1.10806E+04
 7.88930E-05    9.73155E+03    8.69993E+03    1.07632E+04
 1.01300E-04    9.61545E+03    8.56922E+03    1.06617E+04
 1.30070E-04    9.36026E+03    8.34179E+03    1.03787E+04
 1.67020E-04    9.00440E+03    8.02466E+03    9.98415E+03
 2.14450E-04    8.75667E+03    7.76869E+03    9.74465E+03
 2.75360E-04    8.53757E+03    7.57431E+03    9.50082E+03
 3.53580E-04    8.33809E+03    7.38182E+03    9.29435E+03
 4.54000E-04    8.13013E+03    7.18704E+03    9.07323E+03
 5.82950E-04    1.04678E+04    9.24106E+03    1.16946E+04
 7.48520E-04    8.26184E+03    7.58902E+03    8.93467E+03
 9.61120E-04    7.99281E+03    7.06090E+03    8.92472E+03
 1.23410E-03    7.88971E+03    6.95860E+03    8.82082E+03
 1.58460E-03    9.02374E+03    7.95214E+03    1.00953E+04
 2.03470E-03    2.87223E+04    1.15168E+04    4.59279E+04
 2.24870E-03    2.81092E+04    1.12709E+04    4.49475E+04
 2.48520E-03    2.76097E+04    1.10706E+04    4.41487E+04
 2.61260E-03    2.72539E+04    1.09280E+04    4.35798E+04
 2.74650E-03    2.66861E+04    1.07003E+04    4.26719E+04
 3.03540E-03    2.61421E+04    1.04822E+04    4.18020E+04
 3.35460E-03    2.57279E+04    1.03161E+04    4.11396E+04
 3.70740E-03    2.51457E+04    1.00826E+04    4.02087E+04
 4.30740E-03    2.40429E+04    9.64046E+03    3.84453E+04
 5.53080E-03    2.25808E+04    9.05421E+03    3.61074E+04
 7.10170E-03    2.15724E+04    1.60390E+04    2.71058E+04
 9.11880E-03    2.04873E+04    1.52322E+04    2.57423E+04
 1.17090E-02    1.97163E+04    1.46590E+04    2.47736E+04
 1.50340E-02    1.87983E+04    1.39765E+04    2.36201E+04
 1.93050E-02    1.80171E+04    1.33956E+04    2.26385E+04
 2.18750E-02    1.77250E+04    1.31785E+04    2.22715E+04
 2.35790E-02    1.75765E+04    1.30681E+04    2.20849E+04
 2.41760E-02    1.74991E+04    1.30105E+04    2.19877E+04
 2.47880E-02    1.73792E+04    1.29213E+04    2.18370E+04
 2.60580E-02    1.72372E+04    1.28158E+04    2.16587E+04
 2.70000E-02    1.70814E+04    1.27000E+04    2.14629E+04
 2.85000E-02    1.67958E+04    1.24876E+04    2.11039E+04
 3.18280E-02    1.65544E+04    1.50280E+04    1.80809E+04
 3.43070E-02    1.62246E+04    1.47286E+04    1.77206E+04
 4.08680E-02    1.57759E+04    1.43212E+04    1.72306E+04
 4.63090E-02    1.53547E+04    1.39389E+04    1.67706E+04
 5.24750E-02    1.49969E+04    1.36141E+04    1.63797E+04
 5.65620E-02    1.45449E+04    1.32037E+04    1.58861E+04
 6.73790E-02    1.41824E+04    1.28747E+04    1.54901E+04
 7.20000E-02    1.39185E+04    1.26351E+04    1.52019E+04
 7.95000E-02    1.36862E+04    1.24242E+04    1.49481E+04
 8.25000E-02    1.35356E+04    1.22875E+04    1.47837E+04
 8.65170E-02    1.32272E+04    1.20076E+04    1.44469E+04
 9.80370E-02    1.27845E+04    1.16057E+04    1.39633E+04
 1.11090E-01    1.25169E+04    1.13628E+04    1.36711E+04
 1.16790E-01    1.23545E+04    1.12153E+04    1.34937E+04
 1.22770E-01    1.21837E+04    1.10602E+04    1.33071E+04
 1.29070E-01    1.20040E+04    1.08971E+04    1.31108E+04
 1.35690E-01    1.18152E+04    1.07257E+04    1.29047E+04
 1.42640E-01    1.16167E+04    1.05456E+04    1.26879E+04
 1.49960E-01    1.14174E+04    1.03646E+04    1.24702E+04
 1.57640E-01    1.12340E+04    1.01982E+04    1.22699E+04
 1.65730E-01    1.10428E+04    1.00245E+04    1.20610E+04
 1.74220E-01    1.08417E+04    9.84204E+03    1.18414E+04
 1.83160E-01    1.06303E+04    9.65012E+03    1.16105E+04
 1.92550E-01    1.04082E+04    9.44845E+03    1.13679E+04
 2.02420E-01    1.01748E+04    9.62094E+03    1.07287E+04
 2.12800E-01    9.94373E+03    9.40242E+03    1.04850E+04
 2.23710E-01    9.70929E+03    9.18075E+03    1.02378E+04
 2.35180E-01    9.46281E+03    8.94768E+03    9.97794E+03
 2.47240E-01    9.08612E+03    8.59150E+03    9.58074E+03
 2.73240E-01    8.71301E+03    8.23870E+03    9.18732E+03
 2.87250E-01    8.51639E+03    8.05278E+03    8.98000E+03
 2.94520E-01    8.42459E+03    7.96598E+03    8.88320E+03
 2.97200E-01    8.38794E+03    7.93132E+03    8.84455E+03
 2.98500E-01    8.34410E+03    7.88987E+03    8.79833E+03
 3.01970E-01    8.08400E+03    7.64393E+03    8.52407E+03
 3.33730E-01    7.60408E+03    7.19014E+03    8.01803E+03
 3.68830E-01    7.25072E+03    6.85601E+03    7.64543E+03
 3.87740E-01    7.00756E+03    6.62609E+03    7.38903E+03
 4.07620E-01    6.67443E+03    6.31109E+03    7.03776E+03
 4.50490E-01    6.23833E+03    5.89873E+03    6.57792E+03
 4.97870E-01    5.92364E+03    5.60118E+03    6.24611E+03
 5.23400E-01    5.72499E+03    5.41334E+03    6.03665E+03
 5.50230E-01    5.52658E+03    5.22573E+03    5.82744E+03
 5.78440E-01    5.33657E+03    5.04606E+03    5.62708E+03
 6.08100E-01    5.16729E+03    4.69563E+03    5.63895E+03
 6.39280E-01    5.00435E+03    4.54756E+03    5.46114E+03
 6.72060E-01    4.85114E+03    4.40833E+03    5.29394E+03
 7.06510E-01    4.71429E+03    4.28398E+03    5.14461E+03
 7.42740E-01    4.58658E+03    4.16792E+03    5.00523E+03
 7.80820E-01    4.47104E+03    4.06293E+03    4.87915E+03
 8.20850E-01    4.37402E+03    3.97476E+03    4.77327E+03
 8.62940E-01    4.28745E+03    3.89610E+03    4.67880E+03
 9.07180E-01    4.20758E+03    3.82352E+03    4.59165E+03
 9.61640E-01    4.14529E+03    3.76691E+03    4.52366E+03
 1.00260E+00    4.08844E+03    3.51134E+03    4.66554E+03
 1.10800E+00    4.05109E+03    3.47926E+03    4.62292E+03
 1.16480E+00    4.03843E+03    3.46839E+03    4.60847E+03
 1.22460E+00    4.04377E+03    3.47298E+03    4.61456E+03
 1.28730E+00    4.05436E+03    3.48208E+03    4.62665E+03
 1.35340E+00    4.07580E+03    3.50049E+03    4.65111E+03
 1.42270E+00    4.10541E+03    3.52592E+03    4.68490E+03
 1.49570E+00    4.14583E+03    3.56063E+03    4.73103E+03
 1.57240E+00    4.18908E+03    3.59778E+03    4.78038E+03
 1.65300E+00    4.23720E+03    3.63910E+03    4.83529E+03
 1.73770E+00    4.29061E+03    3.68498E+03    4.89625E+03
 1.82680E+00    4.34680E+03    3.94235E+03    4.75124E+03
 1.92050E+00    4.40587E+03    3.99593E+03    4.81581E+03
 2.01900E+00    4.46762E+03    4.05194E+03    4.88331E+03
 2.12250E+00    4.52247E+03    4.10168E+03    4.94326E+03
 2.23130E+00    4.56633E+03    4.14146E+03    4.99120E+03
 2.30690E+00    4.59324E+03    4.16586E+03    5.02061E+03
 2.34570E+00    4.60436E+03    4.17595E+03    5.03277E+03
 2.36530E+00    4.61111E+03    4.18207E+03    5.04015E+03
 2.38520E+00    4.62826E+03    4.19762E+03    5.05889E+03
 2.46600E+00    4.66336E+03    4.22946E+03    5.09726E+03
 2.59240E+00    4.69683E+03    4.25982E+03    5.13385E+03
 2.72530E+00    4.72332E+03    4.18080E+03    5.26584E+03
 2.86500E+00    4.73651E+03    4.19248E+03    5.28055E+03
 3.01190E+00    4.73577E+03    4.19182E+03    5.27972E+03
 3.16640E+00    4.72086E+03    4.17862E+03    5.26310E+03
 3.32870E+00    4.66367E+03    4.12800E+03    5.19933E+03
 3.67880E+00    4.53165E+03    4.01114E+03    5.05215E+03
 4.06570E+00    4.33448E+03    3.83662E+03    4.83233E+03
 4.49330E+00    4.15133E+03    3.67451E+03    4.62815E+03
 4.72370E+00    4.01523E+03    3.51757E+03    4.51290E+03
 4.96590E+00    3.87217E+03    3.39223E+03    4.35210E+03
 5.22050E+00    3.72179E+03    3.26049E+03    4.18308E+03
 5.48810E+00    3.56435E+03    3.12257E+03    4.00614E+03
 5.76950E+00    3.40848E+03    2.98602E+03    3.83094E+03
 6.06530E+00    3.25047E+03    2.84759E+03    3.65335E+03
 6.37630E+00    3.12317E+03    2.73607E+03    3.51027E+03
 6.59240E+00    3.04572E+03    2.66821E+03    3.42322E+03
 6.70320E+00    2.94969E+03    2.73760E+03    3.16178E+03
 7.04690E+00    2.81060E+03    2.60851E+03    3.01268E+03
 7.40820E+00    2.68464E+03    2.49161E+03    2.87767E+03
 7.78800E+00    2.57549E+03    2.39030E+03    2.76067E+03
 8.18730E+00    2.48643E+03    2.30765E+03    2.66521E+03
 8.60710E+00    2.41983E+03    2.24584E+03    2.59382E+03
 9.04840E+00    2.37899E+03    2.19838E+03    2.55959E+03
 9.51230E+00    2.36104E+03    2.18179E+03    2.54028E+03
 1.00000E+01    2.36770E+03    2.18794E+03    2.54745E+03
 1.05130E+01    2.39534E+03    2.21349E+03    2.57719E+03
 1.10520E+01    2.44316E+03    2.25768E+03    2.62864E+03
 1.16180E+01    2.50697E+03    2.31665E+03    2.69730E+03
 1.22140E+01    2.58340E+03    2.38727E+03    2.77952E+03
 1.28400E+01    2.66918E+03    2.46654E+03    2.87182E+03
 1.34990E+01    2.73759E+03    2.54090E+03    2.93428E+03
 1.38400E+01    2.78452E+03    2.58446E+03    2.98458E+03
 1.41910E+01    2.83177E+03    2.62832E+03    3.03523E+03
 1.45500E+01    2.87845E+03    2.67165E+03    3.08526E+03
 1.49180E+01    2.94747E+03    2.73570E+03    3.15923E+03
 1.56830E+01    3.03293E+03    2.81503E+03    3.25084E+03
 1.64870E+01    3.10676E+03    2.92005E+03    3.29346E+03
