# n + W 182 : (n,4n)g   
# tendl.2019 A.J. Koning and D. Rochman        EVAL-NOV19
# uncertainties: n
# # energies =    38
#   E(MeV)       xs(mb) 
 2.32933E+01    0.00000E+00
 2.40000E+01    5.66983E+00
 2.50000E+01    5.50053E+01
 2.60000E+01    1.79185E+02
 2.70000E+01    3.58762E+02
 2.80000E+01    5.53955E+02
 2.90000E+01    7.29974E+02
 3.00000E+01    8.74543E+02
 3.00000E+01    8.74563E+02
 3.20000E+01    1.10191E+03
 3.40000E+01    1.12073E+03
 3.60000E+01    9.78427E+02
 3.80000E+01    7.60975E+02
 4.00000E+01    5.59531E+02
 4.20000E+01    4.21026E+02
 4.40000E+01    3.35008E+02
 4.60000E+01    2.84587E+02
 4.80000E+01    2.52326E+02
 5.00000E+01    2.31589E+02
 5.20000E+01    2.17203E+02
 5.40000E+01    2.03450E+02
 5.60000E+01    1.94379E+02
 5.80000E+01    1.86414E+02
 6.00000E+01    1.80180E+02
 6.50000E+01    1.64124E+02
 7.00000E+01    1.50426E+02
 7.50000E+01    1.41440E+02
 8.00000E+01    1.32723E+02
 9.00000E+01    1.21140E+02
 1.00000E+02    1.11857E+02
 1.10000E+02    1.04828E+02
 1.20000E+02    9.93028E+01
 1.30000E+02    9.14310E+01
 1.40000E+02    8.60220E+01
 1.50000E+02    7.93559E+01
 1.60000E+02    7.30711E+01
 1.80000E+02    6.29489E+01
 2.00000E+02    5.50301E+01
