# n + W 182 : (n,n'16)  
# tendl.2019 A.J. Koning and D. Rochman        EVAL-NOV19
# uncertainties: n
# # energies =    76
#   E(MeV)       xs(mb) 
 1.63251E+00    0.00000E+00
 1.66959E+00    2.54998E+00
 1.72148E+00    6.11843E+00
 1.76649E+00    9.21374E+00
 1.77532E+00    9.82098E+00
 1.77875E+00    1.00568E+01
 1.79949E+00    1.14831E+01
 1.80000E+00    1.15182E+01
 1.81967E+00    1.24584E+01
 1.82089E+00    1.25168E+01
 1.82345E+00    1.26391E+01
 1.83967E+00    1.34144E+01
 1.84326E+00    1.35861E+01
 1.86627E+00    1.46859E+01
 1.87437E+00    1.50731E+01
 1.88154E+00    1.54158E+01
 2.00000E+00    2.10783E+01
 2.20000E+00    2.67638E+01
 2.40000E+00    2.86456E+01
 2.60000E+00    2.70325E+01
 2.80000E+00    2.36935E+01
 3.00000E+00    2.05275E+01
 3.20000E+00    1.62533E+01
 3.40000E+00    1.30525E+01
 3.60000E+00    1.02636E+01
 3.80000E+00    7.91302E+00
 4.00000E+00    6.18275E+00
 4.20000E+00    4.65399E+00
 4.40000E+00    3.54983E+00
 4.60000E+00    2.69945E+00
 4.80000E+00    2.04643E+00
 5.00000E+00    1.56902E+00
 5.20000E+00    1.20769E+00
 5.40000E+00    9.38791E-01
 5.60000E+00    7.44020E-01
 5.80000E+00    6.00457E-01
 6.00000E+00    4.88133E-01
 6.20000E+00    4.15301E-01
 6.40000E+00    3.55153E-01
 6.60000E+00    3.11693E-01
 6.80000E+00    2.80390E-01
 7.00000E+00    2.53006E-01
 7.20000E+00    2.35936E-01
 7.40000E+00    2.20438E-01
 7.60000E+00    2.08064E-01
 7.80000E+00    1.98309E-01
 8.00000E+00    1.89241E-01
 8.50000E+00    1.72492E-01
 9.00000E+00    1.59436E-01
 9.50000E+00    1.48534E-01
 1.00000E+01    1.39029E-01
 1.05000E+01    1.30539E-01
 1.10000E+01    1.22801E-01
 1.15000E+01    1.15664E-01
 1.20000E+01    1.09040E-01
 1.25000E+01    1.02894E-01
 1.30000E+01    9.72002E-02
 1.35000E+01    9.19454E-02
 1.40000E+01    8.71111E-02
 1.45000E+01    8.26735E-02
 1.50000E+01    7.86038E-02
 1.60000E+01    7.14074E-02
 1.70000E+01    6.51917E-02
 1.80000E+01    5.96592E-02
 1.90000E+01    5.46197E-02
 2.00000E+01    5.00007E-02
 2.10000E+01    1.85545E-02
 2.20000E+01    7.04599E-03
 2.30000E+01    2.73757E-03
 2.40000E+01    1.08831E-03
 2.50000E+01    4.41380E-04
 2.60000E+01    1.82224E-04
 2.70000E+01    7.64706E-05
 2.80000E+01    3.25517E-05
 2.90000E+01    1.40793E-05
 3.00000E+01    6.18779E-06
