# n + Hf178 : (n,na)    
# tendl.2019 A.J. Koning and D. Rochman        EVAL-NOV19
# uncertainties: y
# # energies =   271
#   E(MeV)       xs(mb)       xslow(mb)      xsupp(mb)
 1.00000E-11    4.37190E-17    4.37190E-17    4.37190E-17
 1.03005E-11    4.31050E-17    4.31050E-17    4.31050E-17
 1.06099E-11    4.25010E-17    4.25010E-17    4.25010E-17
 1.09287E-11    4.19070E-17    4.19070E-17    4.19070E-17
 1.12571E-11    4.13210E-17    4.13210E-17    4.13210E-17
 1.15953E-11    4.07450E-17    4.07450E-17    4.07450E-17
 1.19437E-11    4.01770E-17    4.01770E-17    4.01770E-17
 1.23026E-11    3.96180E-17    3.96180E-17    3.96180E-17
 1.26722E-11    3.90680E-17    3.90680E-17    3.90680E-17
 1.30530E-11    3.85270E-17    3.85270E-17    3.85270E-17
 1.34452E-11    3.79940E-17    3.79940E-17    3.79940E-17
 1.38491E-11    3.74690E-17    3.74690E-17    3.74690E-17
 1.42652E-11    3.69520E-17    3.69520E-17    3.69520E-17
 1.46938E-11    3.64440E-17    3.64440E-17    3.64440E-17
 1.51353E-11    3.59430E-17    3.59430E-17    3.59430E-17
 1.55901E-11    3.54500E-17    3.54500E-17    3.54500E-17
 1.60585E-11    3.49650E-17    3.49650E-17    3.49650E-17
 1.65410E-11    3.44880E-17    3.44880E-17    3.44880E-17
 1.70380E-11    3.40180E-17    3.40180E-17    3.40180E-17
 1.75499E-11    3.35560E-17    3.35560E-17    3.35560E-17
 1.80772E-11    3.31010E-17    3.31010E-17    3.31010E-17
 1.86203E-11    3.26530E-17    3.26530E-17    3.26530E-17
 1.91798E-11    3.22120E-17    3.22120E-17    3.22120E-17
 1.97561E-11    3.17780E-17    3.17780E-17    3.17780E-17
 2.03497E-11    3.13520E-17    3.13520E-17    3.13520E-17
 2.09611E-11    3.09320E-17    3.09320E-17    3.09320E-17
 2.15909E-11    3.05190E-17    3.05190E-17    3.05190E-17
 2.22396E-11    3.01120E-17    3.01120E-17    3.01120E-17
 2.29078E-11    2.97120E-17    2.97120E-17    2.97120E-17
 2.36961E-11    2.92630E-17    2.92630E-17    2.92630E-17
 2.45115E-11    2.88220E-17    2.88220E-17    2.88220E-17
 2.53550E-11    2.83890E-17    2.83890E-17    2.83890E-17
 2.62275E-11    2.79650E-17    2.79650E-17    2.79650E-17
 2.71300E-11    2.75480E-17    2.75480E-17    2.75480E-17
 2.80636E-11    2.71390E-17    2.71390E-17    2.71390E-17
 2.90293E-11    2.67380E-17    2.67380E-17    2.67380E-17
 3.00282E-11    2.63440E-17    2.63440E-17    2.63440E-17
 3.10615E-11    2.59580E-17    2.59580E-17    2.59580E-17
 3.21304E-11    2.55800E-17    2.55800E-17    2.55800E-17
 3.32360E-11    2.52080E-17    2.52080E-17    2.52080E-17
 3.43797E-11    2.48440E-17    2.48440E-17    2.48440E-17
 3.55627E-11    2.44860E-17    2.44860E-17    2.44860E-17
 3.67865E-11    2.41360E-17    2.41360E-17    2.41360E-17
 3.80524E-11    2.37920E-17    2.37920E-17    2.37920E-17
 3.93618E-11    2.34550E-17    2.34550E-17    2.34550E-17
 4.07163E-11    2.31250E-17    2.31250E-17    2.31250E-17
 4.21174E-11    2.28010E-17    2.28010E-17    2.28010E-17
 4.35667E-11    2.24840E-17    2.24840E-17    2.24840E-17
 4.50659E-11    2.21720E-17    2.21720E-17    2.21720E-17
 4.66166E-11    2.18670E-17    2.18670E-17    2.18670E-17
 4.82208E-11    2.15690E-17    2.15690E-17    2.15690E-17
 4.98801E-11    2.12760E-17    2.12760E-17    2.12760E-17
 5.15965E-11    2.09890E-17    2.09890E-17    2.09890E-17
 5.33720E-11    2.07080E-17    2.07080E-17    2.07080E-17
 5.52086E-11    2.04330E-17    2.04330E-17    2.04330E-17
 5.71084E-11    2.01630E-17    2.01630E-17    2.01630E-17
 5.90736E-11    1.98990E-17    1.98990E-17    1.98990E-17
 6.11064E-11    1.96410E-17    1.96410E-17    1.96410E-17
 6.32091E-11    1.93880E-17    1.93880E-17    1.93880E-17
 6.53842E-11    1.91400E-17    1.91400E-17    1.91400E-17
 6.76342E-11    1.88980E-17    1.88980E-17    1.88980E-17
 6.99616E-11    1.86600E-17    1.86600E-17    1.86600E-17
 7.23690E-11    1.84280E-17    1.84280E-17    1.84280E-17
 7.48593E-11    1.82010E-17    1.82010E-17    1.82010E-17
 7.74353E-11    1.79790E-17    1.79790E-17    1.79790E-17
 8.00999E-11    1.77620E-17    1.77620E-17    1.77620E-17
 8.28563E-11    1.75490E-17    1.75490E-17    1.75490E-17
 8.57075E-11    1.73410E-17    1.73410E-17    1.73410E-17
 8.86568E-11    1.71380E-17    1.71380E-17    1.71380E-17
 9.17076E-11    1.69400E-17    1.69400E-17    1.69400E-17
 9.48633E-11    1.67450E-17    1.67450E-17    1.67450E-17
 9.81277E-11    1.65560E-17    1.65560E-17    1.65560E-17
 1.01504E-10    1.63710E-17    1.63710E-17    1.63710E-17
 1.05442E-10    1.61670E-17    1.61670E-17    1.61670E-17
 1.09533E-10    1.59700E-17    1.59700E-17    1.59700E-17
 1.13782E-10    1.57770E-17    1.57770E-17    1.57770E-17
 1.18196E-10    1.55890E-17    1.55890E-17    1.55890E-17
 1.22782E-10    1.54070E-17    1.54070E-17    1.54070E-17
 1.27545E-10    1.52300E-17    1.52300E-17    1.52300E-17
 1.32493E-10    1.50570E-17    1.50570E-17    1.50570E-17
 1.37633E-10    1.48890E-17    1.48890E-17    1.48890E-17
 1.42973E-10    1.47260E-17    1.47260E-17    1.47260E-17
 1.48519E-10    1.45680E-17    1.45680E-17    1.45680E-17
 1.54281E-10    1.44140E-17    1.44140E-17    1.44140E-17
 1.60267E-10    1.42640E-17    1.42640E-17    1.42640E-17
 1.66484E-10    1.41190E-17    1.41190E-17    1.41190E-17
 1.72943E-10    1.39780E-17    1.39780E-17    1.39780E-17
 1.79652E-10    1.38410E-17    1.38410E-17    1.38410E-17
 1.86622E-10    1.37090E-17    1.37090E-17    1.37090E-17
 1.93862E-10    1.35800E-17    1.35800E-17    1.35800E-17
 2.02236E-10    1.34420E-17    1.34420E-17    1.34420E-17
 2.10972E-10    1.33080E-17    1.33080E-17    1.33080E-17
 2.20086E-10    1.31790E-17    1.31790E-17    1.31790E-17
 2.29593E-10    1.30550E-17    1.30550E-17    1.30550E-17
 2.39511E-10    1.29340E-17    1.29340E-17    1.29340E-17
 2.49857E-10    1.28180E-17    1.28180E-17    1.28180E-17
 2.60650E-10    1.27070E-17    1.27070E-17    1.27070E-17
 2.71909E-10    1.25990E-17    1.25990E-17    1.25990E-17
 2.84857E-10    1.24850E-17    1.24850E-17    1.24850E-17
 2.98422E-10    1.23760E-17    1.23760E-17    1.23760E-17
 3.12632E-10    1.22710E-17    1.22710E-17    1.22710E-17
 3.27519E-10    1.21700E-17    1.21700E-17    1.21700E-17
 3.43115E-10    1.20740E-17    1.20740E-17    1.20740E-17
 3.59454E-10    1.19810E-17    1.19810E-17    1.19810E-17
 3.78167E-10    1.18850E-17    1.18850E-17    1.18850E-17
 3.97853E-10    1.17930E-17    1.17930E-17    1.17930E-17
 4.18565E-10    1.17060E-17    1.17060E-17    1.17060E-17
 4.40355E-10    1.16220E-17    1.16220E-17    1.16220E-17
 4.65242E-10    1.15360E-17    1.15360E-17    1.15360E-17
 4.91536E-10    1.14550E-17    1.14550E-17    1.14550E-17
 5.19316E-10    1.13770E-17    1.13770E-17    1.13770E-17
 5.48666E-10    1.13040E-17    1.13040E-17    1.13040E-17
 5.82132E-10    1.12290E-17    1.12290E-17    1.12290E-17
 6.17639E-10    1.11590E-17    1.11590E-17    1.11590E-17
 6.55311E-10    1.10920E-17    1.10920E-17    1.10920E-17
 6.98228E-10    1.10250E-17    1.10250E-17    1.10250E-17
 7.43956E-10    1.09620E-17    1.09620E-17    1.09620E-17
 7.96038E-10    1.08990E-17    1.08990E-17    1.08990E-17
 8.51766E-10    1.08410E-17    1.08410E-17    1.08410E-17
 9.15257E-10    1.07820E-17    1.07820E-17    1.07820E-17
 9.83482E-10    1.07280E-17    1.07280E-17    1.07280E-17
 1.06127E-09    1.06750E-17    1.06750E-17    1.06750E-17
 1.15006E-09    1.06230E-17    1.06230E-17    1.06230E-17
 1.24629E-09    1.05750E-17    1.05750E-17    1.05750E-17
 1.35629E-09    1.05280E-17    1.05280E-17    1.05280E-17
 1.48225E-09    1.04830E-17    1.04830E-17    1.04830E-17
 1.62678E-09    1.04400E-17    1.04400E-17    1.04400E-17
 1.79296E-09    1.03990E-17    1.03990E-17    1.03990E-17
 1.98450E-09    1.03610E-17    1.03610E-17    1.03610E-17
 2.21515E-09    1.03230E-17    1.03230E-17    1.03230E-17
 2.48309E-09    1.02880E-17    1.02880E-17    1.02880E-17
 2.80709E-09    1.02550E-17    1.02550E-17    1.02550E-17
 3.18680E-09    1.02250E-17    1.02250E-17    1.02250E-17
 3.66408E-09    1.01950E-17    1.01950E-17    1.01950E-17
 4.24862E-09    1.01690E-17    1.01690E-17    1.01690E-17
 4.98931E-09    1.01440E-17    1.01440E-17    1.01440E-17
 5.93394E-09    1.01210E-17    1.01210E-17    1.01210E-17
 7.17781E-09    1.01000E-17    1.01000E-17    1.01000E-17
 8.86798E-09    1.00810E-17    1.00810E-17    1.00810E-17
 1.12377E-08    1.00640E-17    1.00640E-17    1.00640E-17
 1.46685E-08    1.00490E-17    1.00490E-17    1.00490E-17
 1.99738E-08    1.00360E-17    1.00360E-17    1.00360E-17
 2.52045E-08    1.00280E-17    1.00280E-17    1.00280E-17
 2.53000E-08    1.00280E-17    1.00280E-17    1.00280E-17
 3.82924E-08    1.00190E-17    1.00190E-17    1.00190E-17
 6.46930E-08    1.00110E-17    1.00110E-17    1.00110E-17
 1.32206E-07    1.00050E-17    1.00050E-17    1.00050E-17
 4.05474E-07    1.00020E-17    1.00020E-17    1.00020E-17
 2.13412E-05    1.00000E-17    1.00000E-17    1.00000E-17
 3.16175E+00    1.00000E-17    0.00000E+00    7.83491E-17
 3.20000E+00    1.29250E-17    0.00000E+00    1.01266E-16
 3.38444E+00    4.46800E-14    0.00000E+00    3.50064E-13
 3.40000E+00    5.14840E-14    0.00000E+00    4.03373E-13
 3.60000E+00    4.88860E-11    0.00000E+00    3.83017E-10
 3.80000E+00    3.95510E-10    0.00000E+00    3.09879E-09
 4.00000E+00    1.09420E-09    0.00000E+00    8.57296E-09
 4.20000E+00    3.09470E-09    0.00000E+00    2.42467E-08
 4.40000E+00    8.21940E-09    0.00000E+00    6.43983E-08
 4.60000E+00    1.76410E-08    0.00000E+00    7.90958E-08
 4.80000E+00    4.05190E-08    0.00000E+00    1.81672E-07
 5.00000E+00    8.41030E-08    0.00000E+00    3.77087E-07
 5.20000E+00    1.68450E-07    0.00000E+00    7.55268E-07
 5.40000E+00    3.41920E-07    0.00000E+00    1.53304E-06
 5.60000E+00    6.41990E-07    0.00000E+00    2.87845E-06
 5.80000E+00    1.21699E-06    0.00000E+00    5.45654E-06
 6.00000E+00    2.24209E-06    0.00000E+00    1.00527E-05
 6.20000E+00    3.99678E-06    0.00000E+00    1.79201E-05
 6.40000E+00    7.14607E-06    0.00000E+00    3.20404E-05
 6.60000E+00    1.21192E-05    0.00000E+00    4.81465E-05
 6.80000E+00    2.04723E-05    0.00000E+00    8.13312E-05
 7.00000E+00    3.38413E-05    0.00000E+00    1.34443E-04
 7.20000E+00    5.43914E-05    0.00000E+00    2.16083E-04
 7.40000E+00    8.67668E-05    0.00000E+00    3.44702E-04
 7.60000E+00    1.34697E-04    0.00000E+00    5.35117E-04
 7.80000E+00    1.97254E-04    0.00000E+00    7.83640E-04
 8.00000E+00    2.52994E-04    0.00000E+00    1.00508E-03
 8.55996E+00    3.45863E-04    0.00000E+00    1.37403E-03
 9.00000E+00    4.20881E-04    0.00000E+00    1.39081E-03
 9.50000E+00    7.74530E-04    0.00000E+00    2.55945E-03
 1.00000E+01    1.99750E-03    0.00000E+00    6.60079E-03
 1.01411E+01    2.99398E-03    0.00000E+00    9.89368E-03
 1.02842E+01    4.00462E-03    0.00000E+00    1.32334E-02
 1.04292E+01    5.02952E-03    0.00000E+00    1.66202E-02
 1.05000E+01    5.52932E-03    0.00000E+00    1.82718E-02
 1.06481E+01    6.58849E-03    0.00000E+00    2.17718E-02
 1.07984E+01    7.66260E-03    0.00000E+00    2.53212E-02
 1.09507E+01    8.75186E-03    0.00000E+00    2.89207E-02
 1.10000E+01    9.10430E-03    0.00000E+00    3.00854E-02
 1.11552E+01    9.96151E-03    0.00000E+00    3.29180E-02
 1.13126E+01    1.08308E-02    0.00000E+00    3.57906E-02
 1.14722E+01    1.17124E-02    0.00000E+00    3.87039E-02
 1.15000E+01    1.18661E-02    0.00000E+00    3.92118E-02
 1.16622E+01    1.38887E-02    0.00000E+00    4.58955E-02
 1.18268E+01    1.59398E-02    0.00000E+00    5.26735E-02
 1.19936E+01    1.80199E-02    0.00000E+00    5.95472E-02
 1.20000E+01    1.80993E-02    0.00000E+00    5.98096E-02
 1.21693E+01    2.19672E-02    0.00000E+00    7.25911E-02
 1.23410E+01    2.58896E-02    0.00000E+00    8.55528E-02
 1.25000E+01    2.95225E-02    0.00000E+00    9.75578E-02
 1.26764E+01    3.69984E-02    0.00000E+00    1.22262E-01
 1.28552E+01    4.45797E-02    0.00000E+00    1.47315E-01
 1.30000E+01    5.07183E-02    0.00000E+00    1.19813E-01
 1.31834E+01    6.52986E-02    0.00000E+00    1.54256E-01
 1.33694E+01    8.00846E-02    0.00000E+00    1.89186E-01
 1.35000E+01    9.04669E-02    0.00000E+00    2.13712E-01
 1.36905E+01    1.17483E-01    0.00000E+00    2.77533E-01
 1.38836E+01    1.44881E-01    0.00000E+00    3.42256E-01
 1.40000E+01    1.61391E-01    0.00000E+00    3.81257E-01
 1.41975E+01    2.09917E-01    0.00000E+00    4.95891E-01
 1.43978E+01    2.59127E-01    0.00000E+00    6.12141E-01
 1.45000E+01    2.84232E-01    0.00000E+00    6.71447E-01
 1.47046E+01    3.63140E-01    0.00000E+00    8.57853E-01
 1.49120E+01    4.43161E-01    0.00000E+00    1.04689E+00
 1.50000E+01    4.77096E-01    0.00000E+00    1.12705E+00
 1.52116E+01    6.32352E-01    0.00000E+00    1.49382E+00
 1.54262E+01    7.89798E-01    0.00000E+00    1.86576E+00
 1.56439E+01    9.49466E-01    0.00000E+00    2.24294E+00
 1.58646E+01    1.11139E+00    0.00000E+00    2.62545E+00
 1.60000E+01    1.21074E+00    2.89050E-01    2.13243E+00
 1.62257E+01    1.51854E+00    3.62532E-01    2.67454E+00
 1.64546E+01    1.83067E+00    4.37051E-01    3.22430E+00
 1.66868E+01    2.14722E+00    5.12622E-01    3.78181E+00
 1.69222E+01    2.46822E+00    5.89259E-01    4.34719E+00
 1.70000E+01    2.57429E+00    6.14581E-01    4.53400E+00
 1.72398E+01    3.06336E+00    7.31341E-01    5.39539E+00
 1.74831E+01    3.55934E+00    8.49749E-01    6.26893E+00
 1.77297E+01    4.06231E+00    9.69827E-01    7.15479E+00
 1.79799E+01    4.57238E+00    1.09160E+00    8.05315E+00
 1.80000E+01    4.61346E+00    1.10141E+00    8.12551E+00
 1.82539E+01    5.39671E+00    1.28840E+00    9.50503E+00
 1.85115E+01    6.19102E+00    1.47803E+00    1.09040E+01
 1.87726E+01    6.99653E+00    1.67034E+00    1.23227E+01
 1.90000E+01    7.69777E+00    1.83775E+00    1.35578E+01
 1.92681E+01    8.87768E+00    2.11944E+00    1.56359E+01
 1.95399E+01    1.00742E+01    2.40510E+00    1.77434E+01
 1.98156E+01    1.12877E+01    2.69479E+00    1.98806E+01
 2.00000E+01    1.20995E+01    3.67749E+00    2.05215E+01
 2.02822E+01    1.35156E+01    4.10791E+00    2.29233E+01
 2.05683E+01    1.49517E+01    4.54439E+00    2.53591E+01
 2.08585E+01    1.64081E+01    4.98703E+00    2.78292E+01
 2.10000E+01    1.71183E+01    5.20289E+00    2.90337E+01
 2.12963E+01    1.82968E+01    5.56109E+00    3.10325E+01
 2.15967E+01    1.94920E+01    5.92433E+00    3.30596E+01
 2.19014E+01    2.07039E+01    6.29271E+00    3.51152E+01
 2.20000E+01    2.10961E+01    6.41190E+00    3.57803E+01
 2.23104E+01    2.19951E+01    6.68514E+00    3.73051E+01
 2.26251E+01    2.29068E+01    6.96224E+00    3.88514E+01
 2.29443E+01    2.38314E+01    7.24325E+00    4.04195E+01
 2.30000E+01    2.39926E+01    7.29225E+00    4.06930E+01
 2.33245E+01    2.36100E+01    7.17595E+00    4.00440E+01
 2.36536E+01    2.32219E+01    7.05801E+00    3.93858E+01
 2.39873E+01    2.28284E+01    6.93841E+00    3.87184E+01
 2.40000E+01    2.28134E+01    8.76118E+00    3.68656E+01
 2.43386E+01    2.26402E+01    8.69468E+00    3.65858E+01
 2.46820E+01    2.24646E+01    8.62724E+00    3.63020E+01
 2.50000E+01    2.23020E+01    8.56478E+00    3.60392E+01
 2.53527E+01    2.20121E+01    8.45344E+00    3.55707E+01
 2.57104E+01    2.17181E+01    8.34053E+00    3.50956E+01
 2.60000E+01    2.14800E+01    8.24910E+00    3.47109E+01
 2.63668E+01    2.10858E+01    8.09771E+00    3.40739E+01
 2.67388E+01    2.06860E+01    7.94418E+00    3.34278E+01
 2.70000E+01    2.04053E+01    7.83638E+00    3.29742E+01
 2.73809E+01    1.99594E+01    7.66512E+00    3.22536E+01
 2.77672E+01    1.95071E+01    7.49145E+00    3.15228E+01
 2.80000E+01    1.92346E+01    7.38679E+00    3.10824E+01
 2.83950E+01    1.87753E+01    7.21039E+00    3.03401E+01
 2.87956E+01    1.83094E+01    7.03149E+00    2.95874E+01
 2.90000E+01    1.80718E+01    6.94023E+00    2.92034E+01
 2.94091E+01    1.75743E+01    6.74917E+00    2.83994E+01
 2.98240E+01    1.70698E+01    6.55541E+00    2.75841E+01
 3.00000E+01    1.68558E+01    6.47324E+00    2.72384E+01
