# n + Sn  0 : (n,2n)g
# tendl.2019 A.J. Koning and D. Rochman        EVAL-NOV19
# uncertainties: y
# # energies =    59
#   E(MeV)          xs(mb) 
 8.88833E+00    6.55154E+00
 9.00000E+00    9.55047E+00
 9.50000E+00    5.49296E+01
 1.00000E+01    1.53860E+02
 1.05000E+01    2.87987E+02
 1.10000E+01    4.19310E+02
 1.15000E+01    5.33870E+02
 1.20000E+01    6.29297E+02
 1.25000E+01    6.94536E+02
 1.30000E+01    7.38956E+02
 1.35000E+01    7.68280E+02
 1.40000E+01    7.86797E+02
 1.45000E+01    7.96338E+02
 1.50000E+01    8.00125E+02
 1.60000E+01    7.97955E+02
 1.70000E+01    7.78898E+02
 1.80000E+01    7.34100E+02
 1.90000E+01    6.65200E+02
 2.00000E+01    5.81019E+02
 2.10000E+01    4.95692E+02
 2.20000E+01    4.18544E+02
 2.30000E+01    3.57000E+02
 2.40000E+01    3.10142E+02
 2.50000E+01    2.74704E+02
 2.60000E+01    2.48620E+02
 2.70000E+01    2.29265E+02
 2.80000E+01    2.14532E+02
 2.90000E+01    2.02923E+02
 3.00000E+01    1.93624E+02
 3.00000E+01    1.93624E+02
 3.20000E+01    1.78985E+02
 3.40000E+01    1.67248E+02
 3.60000E+01    1.57342E+02
 3.80000E+01    1.47691E+02
 4.00000E+01    1.39710E+02
 4.20000E+01    1.31285E+02
 4.40000E+01    1.23572E+02
 4.60000E+01    1.16544E+02
 4.80000E+01    1.10019E+02
 5.00000E+01    1.04176E+02
 5.20000E+01    9.97234E+01
 5.40000E+01    9.59002E+01
 5.60000E+01    9.30194E+01
 5.80000E+01    8.94273E+01
 6.00000E+01    8.59697E+01
 6.50000E+01    7.75019E+01
 7.00000E+01    7.02777E+01
 7.50000E+01    6.43214E+01
 8.00000E+01    5.92168E+01
 9.00000E+01    5.14492E+01
 1.00000E+02    4.54147E+01
 1.10000E+02    4.07180E+01
 1.20000E+02    3.65474E+01
 1.30000E+02    3.30134E+01
 1.40000E+02    2.98767E+01
 1.50000E+02    2.72363E+01
 1.60000E+02    2.48038E+01
 1.80000E+02    2.08763E+01
 2.00000E+02    1.76742E+01
