# n + Sn  0 : (n,d)m
# tendl.2019 A.J. Koning and D. Rochman        EVAL-NOV19
# uncertainties: y
# # energies =    38
#   E(MeV)          xs(mb) 
 5.91726E+00    0.00000E+00
 6.60000E+00    0.00000E+00
 6.80000E+00    7.37510E-19
 7.00000E+00    1.15479E-16
 7.20000E+00    6.16454E-15
 7.40000E+00    1.55840E-13
 7.60000E+00    2.28755E-12
 7.80000E+00    7.82441E-12
 8.00000E+00    6.59261E-11
 8.50000E+00    7.95545E-09
 9.00000E+00    9.00802E-08
 9.50000E+00    3.84874E-07
 1.00000E+01    4.74620E-06
 1.05000E+01    2.08482E-05
 1.10000E+01    8.78972E-05
 1.15000E+01    3.99541E-04
 1.20000E+01    1.30469E-03
 1.25000E+01    4.15272E-03
 1.30000E+01    1.21600E-02
 1.35000E+01    3.18973E-02
 1.40000E+01    7.27201E-02
 1.45000E+01    1.45976E-01
 1.50000E+01    2.31450E-01
 1.60000E+01    5.80414E-01
 1.70000E+01    1.07019E+00
 1.80000E+01    1.63077E+00
 1.90000E+01    2.20556E+00
 2.00000E+01    2.77937E+00
 2.10000E+01    3.35271E+00
 2.20000E+01    3.82401E+00
 2.30000E+01    4.22122E+00
 2.40000E+01    4.53290E+00
 2.50000E+01    4.76866E+00
 2.60000E+01    4.78604E+00
 2.70000E+01    4.87136E+00
 2.80000E+01    4.99245E+00
 2.90000E+01    4.93176E+00
 3.00000E+01    4.91429E+00
