# n + Er170 : (n,xt)    
# tendl.2019 A.J. Koning and D. Rochman        EVAL-NOV19
# 
# # energies =   134
#   E(MeV)        xs(mb) 
 7.90655E-02    0.00000E+00
 1.00000E-01    0.00000E+00
 2.00000E-01    0.00000E+00
 2.61692E-01    0.00000E+00
 3.00000E-01    0.00000E+00
 4.00000E-01    0.00000E+00
 5.00000E-01    0.00000E+00
 5.43929E-01    0.00000E+00
 6.00000E-01    0.00000E+00
 7.00000E-01    0.00000E+00
 8.00000E-01    0.00000E+00
 8.96178E-01    0.00000E+00
 9.00000E-01    0.00000E+00
 9.20451E-01    0.00000E+00
 9.39574E-01    0.00000E+00
 9.65698E-01    0.00000E+00
 1.00000E+00    0.00000E+00
 1.01654E+00    0.00000E+00
 1.10991E+00    0.00000E+00
 1.13401E+00    0.00000E+00
 1.20000E+00    0.00000E+00
 1.22473E+00    0.00000E+00
 1.24395E+00    0.00000E+00
 1.27416E+00    0.00000E+00
 1.27622E+00    0.00000E+00
 1.31174E+00    0.00000E+00
 1.31745E+00    0.00000E+00
 1.32257E+00    0.00000E+00
 1.33215E+00    0.00000E+00
 1.33991E+00    0.00000E+00
 1.34292E+00    0.00000E+00
 1.34816E+00    0.00000E+00
 1.35852E+00    0.00000E+00
 1.37874E+00    0.00000E+00
 1.38024E+00    0.00000E+00
 1.38477E+00    0.00000E+00
 1.39363E+00    0.00000E+00
 1.40000E+00    0.00000E+00
 1.41028E+00    0.00000E+00
 1.42153E+00    0.00000E+00
 1.42466E+00    0.00000E+00
 1.43054E+00    0.00000E+00
 1.60000E+00    0.00000E+00
 1.80000E+00    0.00000E+00
 2.00000E+00    0.00000E+00
 2.20000E+00    0.00000E+00
 2.40000E+00    0.00000E+00
 2.60000E+00    0.00000E+00
 2.80000E+00    0.00000E+00
 3.00000E+00    0.00000E+00
 3.20000E+00    0.00000E+00
 3.40000E+00    0.00000E+00
 3.60000E+00    0.00000E+00
 3.80000E+00    0.00000E+00
 4.00000E+00    0.00000E+00
 4.20000E+00    0.00000E+00
 4.40000E+00    0.00000E+00
 4.60000E+00    0.00000E+00
 4.80000E+00    0.00000E+00
 5.00000E+00    0.00000E+00
 5.20000E+00    0.00000E+00
 5.40000E+00    0.00000E+00
 5.60000E+00    0.00000E+00
 5.80000E+00    0.00000E+00
 6.00000E+00    0.00000E+00
 6.20000E+00    0.00000E+00
 6.40000E+00    0.00000E+00
 6.60000E+00    0.00000E+00
 6.80000E+00    0.00000E+00
 7.00000E+00    2.05340E-18
 7.20000E+00    1.45323E-17
 7.40000E+00    2.70113E-17
 7.60000E+00    3.94902E-17
 7.80000E+00    5.19691E-17
 8.00000E+00    6.44480E-17
 8.50000E+00    9.56454E-17
 9.00000E+00    1.26843E-16
 9.50000E+00    1.58040E-16
 1.00000E+01    1.13260E-13
 1.05000E+01    2.28050E-11
 1.10000E+01    1.88940E-09
 1.15000E+01    3.50820E-08
 1.20000E+01    5.18590E-07
 1.25000E+01    5.55337E-06
 1.30000E+01    4.01806E-05
 1.35000E+01    2.18348E-04
 1.40000E+01    9.38815E-04
 1.45000E+01    3.30741E-03
 1.50000E+01    9.77795E-03
 1.60000E+01    5.40112E-02
 1.70000E+01    1.80977E-01
 1.80000E+01    4.26846E-01
 1.90000E+01    8.01789E-01
 2.00000E+01    1.29717E+00
 2.10000E+01    1.89411E+00
 2.20000E+01    2.57007E+00
 2.30000E+01    3.30292E+00
 2.40000E+01    4.07284E+00
 2.50000E+01    4.86321E+00
 2.60000E+01    5.66026E+00
 2.70000E+01    6.45236E+00
 2.80000E+01    7.24945E+00
 2.90000E+01    7.96844E+00
 3.00000E+01    8.60239E+00
 3.00000E+01    8.74303E+00
 3.20000E+01    1.01274E+01
 3.40000E+01    1.13917E+01
 3.60000E+01    1.25329E+01
 3.80000E+01    1.35584E+01
 4.00000E+01    1.44799E+01
 4.20000E+01    1.53134E+01
 4.40000E+01    1.60746E+01
 4.60000E+01    1.67787E+01
 4.80000E+01    1.74322E+01
 5.00000E+01    1.80654E+01
 5.20000E+01    1.86964E+01
 5.40000E+01    1.93260E+01
 5.60000E+01    1.99731E+01
 5.80000E+01    2.06513E+01
 6.00000E+01    2.13613E+01
 6.50000E+01    2.32598E+01
 7.00000E+01    2.51996E+01
 7.50000E+01    2.77252E+01
 8.00000E+01    3.06423E+01
 9.00000E+01    3.53609E+01
 1.00000E+02    3.84963E+01
 1.10000E+02    4.30790E+01
 1.20000E+02    4.99840E+01
 1.30000E+02    5.46310E+01
 1.40000E+02    5.40451E+01
 1.50000E+02    5.69053E+01
 1.60000E+02    6.41161E+01
 1.80000E+02    1.03867E+02
 2.00000E+02    2.34295E+02
