# n + Yb172 : (n,n'26)  
# tendl.2019 A.J. Koning and D. Rochman        EVAL-NOV19
# uncertainties: n
# # energies =    67
#   E(MeV)       xs(mb) 
 1.56331E+00    0.00000E+00
 1.56672E+00    1.94091E+00
 1.60000E+00    2.08834E+01
 1.60926E+00    2.27304E+01
 1.61793E+00    2.44598E+01
 1.64272E+00    2.94044E+01
 1.80000E+00    6.07758E+01
 2.00000E+00    5.75664E+01
 2.20000E+00    4.61313E+01
 2.40000E+00    3.47666E+01
 2.60000E+00    2.55282E+01
 2.80000E+00    1.85212E+01
 3.00000E+00    1.33981E+01
 3.20000E+00    9.93592E+00
 3.40000E+00    7.30074E+00
 3.60000E+00    5.46440E+00
 3.80000E+00    4.19018E+00
 4.00000E+00    3.30640E+00
 4.20000E+00    2.69456E+00
 4.40000E+00    2.27434E+00
 4.60000E+00    2.00187E+00
 4.80000E+00    1.80018E+00
 5.00000E+00    1.66498E+00
 5.20000E+00    1.57476E+00
 5.40000E+00    1.51463E+00
 5.60000E+00    1.47426E+00
 5.80000E+00    1.44594E+00
 6.00000E+00    1.42650E+00
 6.20000E+00    1.41262E+00
 6.40000E+00    1.40238E+00
 6.60000E+00    1.39457E+00
 6.80000E+00    1.38821E+00
 7.00000E+00    1.38261E+00
 7.20000E+00    1.37737E+00
 7.40000E+00    1.37221E+00
 7.60000E+00    1.36704E+00
 7.80000E+00    1.36188E+00
 8.00000E+00    1.35681E+00
 8.50000E+00    1.34551E+00
 9.00000E+00    1.33733E+00
 9.50000E+00    1.33253E+00
 1.00000E+01    1.33014E+00
 1.05000E+01    1.32858E+00
 1.10000E+01    1.32630E+00
 1.15000E+01    1.32213E+00
 1.20000E+01    1.31538E+00
 1.25000E+01    1.30589E+00
 1.30000E+01    1.29382E+00
 1.35000E+01    1.27963E+00
 1.40000E+01    1.26394E+00
 1.45000E+01    1.24738E+00
 1.50000E+01    1.23050E+00
 1.60000E+01    1.19749E+00
 1.70000E+01    1.16708E+00
 1.80000E+01    1.13991E+00
 1.90000E+01    1.11559E+00
 2.00000E+01    1.09298E+00
 2.10000E+01    1.07061E+00
 2.20000E+01    1.04743E+00
 2.30000E+01    1.02318E+00
 2.40000E+01    9.98351E-01
 2.50000E+01    9.73821E-01
 2.60000E+01    9.50327E-01
 2.70000E+01    9.28173E-01
 2.80000E+01    9.07216E-01
 2.90000E+01    8.86993E-01
 3.00000E+01    8.66985E-01
