# p + In115 : (p,t)g    
# tendl.2019 A.J. Koning                       EVAL-OCT19
# uncertainties: y
# # energies =    17
#   E(MeV)       xs(mb)       xslow(mb)      xsupp(mb)
 7.89869E+00    0.00000E+00    0.00000E+00    0.00000E+00
 1.00000E+01    1.88731E-13    0.00000E+00    0.00000E+00
 1.10000E+01    7.36905E-10    0.00000E+00    0.00000E+00
 1.20000E+01    9.45411E-08    0.00000E+00    0.00000E+00
 1.30000E+01    2.56774E-06    0.00000E+00    0.00000E+00
 1.40000E+01    7.06694E-05    0.00000E+00    0.00000E+00
 1.50000E+01    1.14789E-03    0.00000E+00    0.00000E+00
 1.60000E+01    9.21275E-03    0.00000E+00    0.00000E+00
 1.70000E+01    4.33697E-02    0.00000E+00    0.00000E+00
 1.80000E+01    1.20709E-01    0.00000E+00    0.00000E+00
 1.90000E+01    2.55258E-01    0.00000E+00    0.00000E+00
 2.00000E+01    4.48022E-01    0.00000E+00    0.00000E+00
 2.20000E+01    9.84255E-01    0.00000E+00    0.00000E+00
 2.40000E+01    1.67505E+00    0.00000E+00    0.00000E+00
 2.60000E+01    2.23860E+00    0.00000E+00    0.00000E+00
 2.80000E+01    2.50422E+00    0.00000E+00    0.00000E+00
 3.00000E+01    2.50407E+00    0.00000E+00    0.00000E+00
