# n + Te128 : (n,n'02)  
# jendl4.0   JNDC FP NUCLEAR DATA W.G.         EVAL-MAR90
# uncertainties: n
# # energies =   348
#   E(MeV)       xs(mb) 
 1.50891E+00    0.00000E+00
 1.50932E+00    4.04886E-01
 1.51012E+00    1.20200E+00
 1.51090E+00    1.97420E+00
 1.51241E+00    3.47032E+00
 1.51382E+00    4.87295E+00
 1.51648E+00    7.50285E+00
 1.51881E+00    9.80401E+00
 1.52085E+00    1.18175E+01
 1.52443E+00    1.53412E+01
 1.52711E+00    1.79839E+01
 1.53116E+00    2.19480E+01
 1.53521E+00    2.59121E+01
 1.54151E+00    2.76710E+01
 1.54763E+00    2.93748E+01
 1.55358E+00    3.10255E+01
 1.56519E+00    3.42236E+01
 1.57614E+00    3.72219E+01
 1.58648E+00    4.00327E+01
 1.59624E+00    4.26679E+01
 1.60544E+00    4.51383E+01
 1.61412E+00    4.74544E+01
 1.62229E+00    4.96257E+01
 1.63773E+00    5.36969E+01
 1.65136E+00    5.72593E+01
 1.66338E+00    6.03763E+01
 1.67397E+00    6.31037E+01
 1.68329E+00    6.54901E+01
 1.69972E+00    6.96665E+01
 1.71216E+00    7.27987E+01
 1.73097E+00    7.74970E+01
 1.75000E+00    8.21954E+01
 1.76855E+00    8.66986E+01
 1.78259E+00    9.00759E+01
 1.80386E+00    9.51420E+01
 1.82538E+00    1.00208E+02
 1.84493E+00    1.05380E+02
 1.86220E+00    1.09905E+02
 1.87745E+00    1.13865E+02
 1.89090E+00    1.17330E+02
 1.91466E+00    1.23393E+02
 1.93268E+00    1.27941E+02
 1.96002E+00    1.34762E+02
 1.98775E+00    1.41583E+02
 1.99783E+00    1.43222E+02
 2.00000E+00    1.43658E+02
 2.02287E+00    1.48652E+02
 2.04601E+00    1.53646E+02
 2.07124E+00    1.56641E+02
 2.10967E+00    1.61133E+02
 2.14881E+00    1.65626E+02
 2.15033E+00    1.65497E+02
 2.18219E+00    1.68482E+02
 2.21453E+00    1.71467E+02
 2.30018E+00    1.68477E+02
 2.37783E+00    1.65861E+02
 2.44793E+00    1.63571E+02
 2.51096E+00    1.61568E+02
 2.56744E+00    1.59815E+02
 2.66935E+00    1.56748E+02
 2.74843E+00    1.54447E+02
 2.80927E+00    1.52722E+02
 2.90307E+00    1.50134E+02
 3.00000E+00    1.47546E+02
 3.05443E+00    1.41643E+02
 3.10635E+00    1.36109E+02
 3.15583E+00    1.30921E+02
 3.20293E+00    1.26058E+02
 3.24773E+00    1.21498E+02
 3.29029E+00    1.17223E+02
 3.33071E+00    1.13216E+02
 3.36904E+00    1.09458E+02
 3.40539E+00    1.05936E+02
 3.43981E+00    1.02634E+02
 3.47240E+00    9.95382E+01
 3.50324E+00    9.66359E+01
 3.53239E+00    9.39151E+01
 3.55994E+00    9.13642E+01
 3.61219E+00    8.65814E+01
 3.65853E+00    8.23964E+01
 3.69957E+00    7.87346E+01
 3.73585E+00    7.55305E+01
 3.76789E+00    7.27269E+01
 3.79615E+00    7.02737E+01
 3.82105E+00    6.81272E+01
 3.86502E+00    6.43708E+01
 3.89834E+00    6.15536E+01
 3.92351E+00    5.94406E+01
 3.96157E+00    5.62711E+01
 4.00000E+00    5.31017E+01
 4.05618E+00    5.06956E+01
 4.10956E+00    4.84399E+01
 4.16024E+00    4.63252E+01
 4.20833E+00    4.43426E+01
 4.25391E+00    4.24840E+01
 4.29709E+00    4.07415E+01
 4.33797E+00    3.91079E+01
 4.37665E+00    3.75764E+01
 4.41323E+00    3.61407E+01
 4.44779E+00    3.47947E+01
 4.48044E+00    3.35328E+01
 4.51127E+00    3.23497E+01
 4.54037E+00    3.12406E+01
 4.56782E+00    3.02009E+01
 4.61973E+00    2.82513E+01
 4.66563E+00    2.65454E+01
 4.70617E+00    2.50528E+01
 4.74194E+00    2.37467E+01
 4.77345E+00    2.26039E+01
 4.80120E+00    2.16040E+01
 4.82561E+00    2.07290E+01
 4.86863E+00    1.91978E+01
 4.90114E+00    1.80494E+01
 4.92567E+00    1.71882E+01
 4.96270E+00    1.58962E+01
 5.00000E+00    1.46043E+01
 5.05730E+00    1.39116E+01
 5.11162E+00    1.32622E+01
 5.16307E+00    1.26534E+01
 5.21177E+00    1.20826E+01
 5.25785E+00    1.15476E+01
 5.30142E+00    1.10459E+01
 5.34260E+00    1.05756E+01
 5.38149E+00    1.01347E+01
 5.41820E+00    9.72138E+00
 5.45285E+00    9.33387E+00
 5.48554E+00    8.97058E+00
 5.51636E+00    8.63000E+00
 5.54541E+00    8.31070E+00
 5.60030E+00    7.71202E+00
 5.64876E+00    7.18817E+00
 5.69152E+00    6.72981E+00
 5.72919E+00    6.32874E+00
 5.76236E+00    5.97780E+00
 5.79155E+00    5.67073E+00
 5.81720E+00    5.40205E+00
 5.86237E+00    4.93185E+00
 5.89648E+00    4.57920E+00
 5.92219E+00    4.31471E+00
 5.96097E+00    3.91798E+00
 6.00000E+00    3.52125E+00
 6.05809E+00    3.35104E+00
 6.11305E+00    3.19147E+00
 6.16504E+00    3.04187E+00
 6.21417E+00    2.90162E+00
 6.26059E+00    2.77014E+00
 6.30443E+00    2.64688E+00
 6.34580E+00    2.53132E+00
 6.38483E+00    2.42298E+00
 6.42165E+00    2.32141E+00
 6.45635E+00    2.22619E+00
 6.48906E+00    2.13692E+00
 6.55083E+00    1.96955E+00
 6.60536E+00    1.82309E+00
 6.65344E+00    1.69494E+00
 6.69581E+00    1.58281E+00
 6.73310E+00    1.48470E+00
 6.76589E+00    1.39885E+00
 6.79472E+00    1.32373E+00
 6.84547E+00    1.19227E+00
 6.88378E+00    1.09368E+00
 6.91265E+00    1.01974E+00
 6.95619E+00    9.08821E-01
 6.97806E+00    8.53362E-01
 7.00000E+00    7.97904E-01
 7.05866E+00    7.58735E-01
 7.11411E+00    7.22013E-01
 7.16648E+00    6.87587E-01
 7.21593E+00    6.55313E-01
 7.26261E+00    6.25055E-01
 7.30663E+00    5.96689E-01
 7.34815E+00    5.70096E-01
 7.38729E+00    5.45164E-01
 7.42417E+00    5.21791E-01
 7.45891E+00    4.99879E-01
 7.52449E+00    4.58794E-01
 7.58235E+00    4.22844E-01
 7.63334E+00    3.91388E-01
 7.67824E+00    3.63864E-01
 7.71774E+00    3.39780E-01
 7.75247E+00    3.18707E-01
 7.78299E+00    3.00268E-01
 7.83668E+00    2.68000E-01
 7.87720E+00    2.43798E-01
 7.90772E+00    2.25648E-01
 7.95373E+00    1.98421E-01
 7.97683E+00    1.84808E-01
 8.00000E+00    1.71195E-01
 8.05911E+00    1.62807E-01
 8.11492E+00    1.54943E-01
 8.16759E+00    1.47570E-01
 8.21729E+00    1.40658E-01
 8.26415E+00    1.34179E-01
 8.30832E+00    1.28104E-01
 8.34995E+00    1.22409E-01
 8.38917E+00    1.17070E-01
 8.46319E+00    1.07059E-01
 8.52850E+00    9.82993E-02
 8.58606E+00    9.06347E-02
 8.63675E+00    8.39282E-02
 8.68134E+00    7.80600E-02
 8.72054E+00    7.29253E-02
 8.75500E+00    6.84325E-02
 8.78525E+00    6.45013E-02
 8.83846E+00    5.76216E-02
 8.87857E+00    5.24618E-02
 8.90877E+00    4.85920E-02
 8.95427E+00    4.27873E-02
 9.00000E+00    3.69826E-02
 9.05946E+00    3.50382E-02
 9.11556E+00    3.32154E-02
 9.16847E+00    3.15064E-02
 9.21836E+00    2.99043E-02
 9.26537E+00    2.84023E-02
 9.30966E+00    2.69942E-02
 9.35137E+00    2.56741E-02
 9.39065E+00    2.44365E-02
 9.46474E+00    2.21160E-02
 9.53005E+00    2.00856E-02
 9.58756E+00    1.83089E-02
 9.63817E+00    1.67544E-02
 9.68268E+00    1.53941E-02
 9.72178E+00    1.42039E-02
 9.75613E+00    1.31625E-02
 9.78629E+00    1.22512E-02
 9.83928E+00    1.06566E-02
 9.87922E+00    9.46054E-03
 9.90928E+00    8.56353E-03
 9.95453E+00    7.21801E-03
 9.97724E+00    6.54525E-03
 1.00000E+01    5.87249E-03
 1.01146E+01    5.51202E-03
 1.02232E+01    5.17409E-03
 1.03261E+01    4.85727E-03
 1.04235E+01    4.56026E-03
 1.05157E+01    4.28181E-03
 1.06028E+01    4.02076E-03
 1.06852E+01    3.77603E-03
 1.07630E+01    3.54659E-03
 1.08364E+01    3.33149E-03
 1.09057E+01    3.12984E-03
 1.09711E+01    2.94079E-03
 1.10327E+01    2.76356E-03
 1.10908E+01    2.59740E-03
 1.11456E+01    2.44163E-03
 1.11971E+01    2.29559E-03
 1.12457E+01    2.15868E-03
 1.12914E+01    2.03033E-03
 1.13345E+01    1.91000E-03
 1.13750E+01    1.79719E-03
 1.14131E+01    1.69143E-03
 1.14848E+01    1.49313E-03
 1.15480E+01    1.31962E-03
 1.16035E+01    1.16780E-03
 1.16524E+01    1.03495E-03
 1.16953E+01    9.18715E-04
 1.17329E+01    8.17006E-04
 1.17660E+01    7.28011E-04
 1.17950E+01    6.50140E-04
 1.18204E+01    5.82003E-04
 1.18427E+01    5.22383E-04
 1.18818E+01    4.18049E-04
 1.19113E+01    3.39798E-04
 1.19334E+01    2.81110E-04
 1.19500E+01    2.37094E-04
 1.19750E+01    1.71070E-04
 1.19875E+01    1.38058E-04
 1.20000E+01    1.05046E-04
 1.21162E+01    9.87349E-05
 1.22261E+01    9.28182E-05
 1.23301E+01    8.72713E-05
 1.24283E+01    8.20711E-05
 1.25212E+01    7.71959E-05
 1.26089E+01    7.26254E-05
 1.26916E+01    6.83405E-05
 1.27697E+01    6.43235E-05
 1.28433E+01    6.05575E-05
 1.29127E+01    5.70269E-05
 1.29781E+01    5.37170E-05
 1.30397E+01    5.06139E-05
 1.30978E+01    4.77048E-05
 1.31524E+01    4.49775E-05
 1.32039E+01    4.24206E-05
 1.32523E+01    4.00236E-05
 1.32978E+01    3.77764E-05
 1.33836E+01    3.35628E-05
 1.34592E+01    2.98760E-05
 1.35256E+01    2.66500E-05
 1.35840E+01    2.38272E-05
 1.36353E+01    2.13573E-05
 1.36804E+01    1.91961E-05
 1.37199E+01    1.73051E-05
 1.37546E+01    1.56505E-05
 1.37851E+01    1.42026E-05
 1.38385E+01    1.16690E-05
 1.38787E+01    9.76872E-06
 1.39089E+01    8.34353E-06
 1.39316E+01    7.27464E-06
 1.39658E+01    5.67131E-06
 1.39829E+01    4.86964E-06
 1.40000E+01    4.06798E-06
 1.40605E+01    3.88337E-06
 1.41746E+01    3.53723E-06
 1.42753E+01    3.23436E-06
 1.43639E+01    2.96935E-06
 1.44419E+01    2.73746E-06
 1.45105E+01    2.53456E-06
 1.45708E+01    2.35702E-06
 1.46238E+01    2.20168E-06
 1.46703E+01    2.06575E-06
 1.47520E+01    1.82788E-06
 1.48136E+01    1.64947E-06
 1.48600E+01    1.51567E-06
 1.49298E+01    1.31496E-06
 1.50000E+01    1.11426E-06
 1.51215E+01    1.01744E-06
 1.52286E+01    9.32720E-07
 1.53230E+01    8.58600E-07
 1.54060E+01    7.93740E-07
 1.54790E+01    7.36980E-07
 1.55432E+01    6.87320E-07
 1.55996E+01    6.43870E-07
 1.56987E+01    5.67830E-07
 1.57735E+01    5.10800E-07
 1.58298E+01    4.68030E-07
 1.59147E+01    4.03870E-07
 1.59573E+01    3.71790E-07
 1.60000E+01    3.39710E-07
 1.61182E+01    3.20810E-07
 1.62298E+01    3.03090E-07
 1.63352E+01    2.86480E-07
 1.64346E+01    2.70910E-07
 1.65283E+01    2.56310E-07
 1.66166E+01    2.42620E-07
 1.66999E+01    2.29790E-07
 1.67783E+01    2.17770E-07
 1.68522E+01    2.06490E-07
 1.69217E+01    1.95920E-07
 1.69872E+01    1.86000E-07
 1.71106E+01    1.67420E-07
 1.72193E+01    1.51160E-07
 1.73150E+01    1.36930E-07
 1.73992E+01    1.24480E-07
 1.74732E+01    1.13590E-07
 1.75382E+01    1.04060E-07
 1.75953E+01    9.57150E-08
 1.80000E+01    3.73320E-08
 2.00000E+01    3.95930E-09
