# n + Si 32 : (n,n'19)  
# tendl.2019 A.J. Koning and D. Rochman        EVAL-NOV19
# uncertainties: n
# # energies =    46
#   E(MeV)       xs(mb) 
 7.07641E+00    0.00000E+00
 7.20000E+00    1.23048E+01
 7.30644E+00    2.02167E+01
 7.40000E+00    2.71713E+01
 7.60000E+00    3.52897E+01
 7.71803E+00    3.78972E+01
 7.80000E+00    3.97080E+01
 7.98726E+00    4.19716E+01
 8.00000E+00    4.21256E+01
 8.03884E+00    4.21209E+01
 8.13581E+00    4.21091E+01
 8.22968E+00    4.20976E+01
 8.32045E+00    4.20866E+01
 8.50000E+00    4.20647E+01
 8.58350E+00    4.17096E+01
 8.62476E+00    4.15341E+01
 8.68768E+00    4.12665E+01
 8.83726E+00    4.06303E+01
 9.00000E+00    3.99381E+01
 9.50000E+00    3.28720E+01
 1.00000E+01    2.53440E+01
 1.05000E+01    1.95191E+01
 1.10000E+01    1.50546E+01
 1.15000E+01    1.15915E+01
 1.20000E+01    8.83090E+00
 1.25000E+01    6.67842E+00
 1.30000E+01    5.01991E+00
 1.35000E+01    3.76448E+00
 1.40000E+01    2.82341E+00
 1.45000E+01    2.12822E+00
 1.50000E+01    1.61513E+00
 1.60000E+01    9.51292E-01
 1.70000E+01    5.76836E-01
 1.80000E+01    3.65647E-01
 1.90000E+01    2.45220E-01
 2.00000E+01    1.77140E-01
 2.10000E+01    1.39065E-01
 2.20000E+01    1.16600E-01
 2.30000E+01    1.03597E-01
 2.40000E+01    9.57146E-02
 2.50000E+01    9.07837E-02
 2.60000E+01    8.75637E-02
 2.70000E+01    8.53216E-02
 2.80000E+01    8.36426E-02
 2.90000E+01    8.22881E-02
 3.00000E+01    8.10997E-02
