# n + U 234 : (n,n'15)  
# endfb8.0   Young,Kawano,Chadwick,MacFarlane  EVAL-APR06
# uncertainties: n
# # energies =   180
#   E(MeV)       xs(mb) 
 1.02801E+00    0.00000E+00
 1.02821E+00    2.27925E-02
 1.02841E+00    4.55853E-02
 1.04000E+00    1.36007E+00
 1.04900E+00    2.38206E+00
 1.05000E+00    2.49540E+00
 1.06000E+00    3.63155E+00
 1.07371E+00    5.19031E+00
 1.08000E+00    5.90629E+00
 1.09008E+00    7.05377E+00
 1.09631E+00    7.76319E+00
 1.10000E+00    8.18430E+00
 1.12000E+00    1.04869E+01
 1.14000E+00    1.28224E+01
 1.15000E+00    1.39959E+01
 1.15496E+00    1.45777E+01
 1.16000E+00    1.51695E+01
 1.17504E+00    1.69293E+01
 1.18000E+00    1.75065E+01
 1.20000E+00    1.98120E+01
 1.22000E+00    2.19414E+01
 1.24000E+00    2.37858E+01
 1.25000E+00    2.46110E+01
 1.25539E+00    2.50308E+01
 1.26000E+00    2.53770E+01
 1.28000E+00    2.67779E+01
 1.30000E+00    2.80570E+01
 1.32000E+00    2.92757E+01
 1.34000E+00    3.04398E+01
 1.35000E+00    3.09880E+01
 1.36000E+00    3.15018E+01
 1.38000E+00    3.24186E+01
 1.40000E+00    3.32140E+01
 1.42000E+00    3.39029E+01
 1.44000E+00    3.44778E+01
 1.44621E+00    3.46328E+01
 1.45000E+00    3.47220E+01
 1.46000E+00    3.49397E+01
 1.48000E+00    3.52974E+01
 1.50000E+00    3.55400E+01
 1.52000E+00    3.56760E+01
 1.54000E+00    3.57166E+01
 1.55000E+00    3.56980E+01
 1.56000E+00    3.56590E+01
 1.58000E+00    3.55291E+01
 1.59685E+00    3.53484E+01
 1.60000E+00    3.53060E+01
 1.65000E+00    3.45330E+01
 1.70000E+00    3.35660E+01
 1.75000E+00    3.24427E+01
 1.75754E+00    3.22649E+01
 1.80000E+00    3.12080E+01
 1.85000E+00    2.98558E+01
 1.85797E+00    2.96339E+01
 1.90000E+00    2.84492E+01
 1.95000E+00    2.70373E+01
 1.95840E+00    2.68029E+01
 2.00000E+00    2.56690E+01
 2.10000E+00    2.30514E+01
 2.15927E+00    2.15432E+01
 2.20000E+00    2.05270E+01
 2.30000E+00    1.81079E+01
 2.30991E+00    1.78744E+01
 2.40000E+00    1.58063E+01
 2.40030E+00    1.57995E+01
 2.50000E+00    1.36340E+01
 2.50354E+00    1.35597E+01
 2.60000E+00    1.16782E+01
 2.70000E+00    1.00000E+01
 2.80000E+00    8.57319E+00
 2.90000E+00    7.37116E+00
 2.95267E+00    6.81947E+00
 3.00000E+00    6.36750E+00
 3.10000E+00    5.48486E+00
 3.20000E+00    4.68020E+00
 3.20274E+00    4.65946E+00
 3.30000E+00    3.97853E+00
 3.40000E+00    3.40486E+00
 3.40260E+00    3.39187E+00
 3.50000E+00    2.98420E+00
 3.55325E+00    2.80593E+00
 3.60000E+00    2.65172E+00
 3.65267E+00    2.48297E+00
 3.70000E+00    2.33798E+00
 3.75311E+00    2.18520E+00
 3.80000E+00    2.06110E+00
 3.85354E+00    1.93431E+00
 3.90000E+00    1.83920E+00
 3.92585E+00    1.79301E+00
 4.00000E+00    1.69040E+00
 4.10000E+00    1.58349E+00
 4.20000E+00    1.48048E+00
 4.30000E+00    1.38934E+00
 4.40000E+00    1.31802E+00
 4.50000E+00    1.27450E+00
 4.60000E+00    1.24688E+00
 4.70000E+00    1.22001E+00
 4.80000E+00    1.19690E+00
 4.90000E+00    1.18059E+00
 5.00000E+00    1.17410E+00
 5.25000E+00    1.17241E+00
 5.50000E+00    1.18140E+00
 5.75000E+00    1.20138E+00
 6.00000E+00    1.22140E+00
 6.25000E+00    1.24152E+00
 6.50000E+00    1.26160E+00
 6.75000E+00    1.27591E+00
 7.00000E+00    1.28240E+00
 7.25000E+00    1.28430E+00
 7.50000E+00    1.28230E+00
 7.75000E+00    1.27660E+00
 8.00000E+00    1.26720E+00
 8.25000E+00    1.25449E+00
 8.50000E+00    1.24170E+00
 8.75000E+00    1.22941E+00
 9.00000E+00    1.21800E+00
 9.25000E+00    1.20793E+00
 9.50000E+00    1.19855E+00
 9.75000E+00    1.18965E+00
 1.00000E+01    1.18100E+00
 1.02500E+01    1.17250E+00
 1.05000E+01    1.16413E+00
 1.07500E+01    1.15576E+00
 1.10000E+01    1.14730E+00
 1.12500E+01    1.13869E+00
 1.15000E+01    1.12985E+00
 1.17500E+01    1.12066E+00
 1.20000E+01    1.11100E+00
 1.22500E+01    1.10019E+00
 1.25000E+01    1.08786E+00
 1.27500E+01    1.07429E+00
 1.30000E+01    1.05980E+00
 1.32500E+01    1.04493E+00
 1.35000E+01    1.03002E+00
 1.37500E+01    1.01505E+00
 1.40000E+01    1.00000E+00
 1.42500E+01    9.84887E-01
 1.45000E+01    9.69762E-01
 1.47500E+01    9.54637E-01
 1.50000E+01    9.39530E-01
 1.52500E+01    9.24474E-01
 1.55000E+01    9.09515E-01
 1.57500E+01    8.94681E-01
 1.60000E+01    8.80000E-01
 1.62500E+01    8.65812E-01
 1.65000E+01    8.52303E-01
 1.67500E+01    8.39269E-01
 1.70000E+01    8.26510E-01
 1.72500E+01    8.13903E-01
 1.75000E+01    8.01454E-01
 1.77500E+01    7.89156E-01
 1.80000E+01    7.77000E-01
 1.82500E+01    7.65020E-01
 1.85000E+01    7.53246E-01
 1.87500E+01    7.41661E-01
 1.90000E+01    7.30250E-01
 1.92500E+01    7.19205E-01
 1.95000E+01    7.08689E-01
 1.97500E+01    6.98641E-01
 2.00000E+01    6.89000E-01
 2.05000E+01    6.70629E-01
 2.10000E+01    6.53358E-01
 2.15000E+01    6.37206E-01
 2.20000E+01    6.22190E-01
 2.25000E+01    6.08039E-01
 2.30000E+01    5.94517E-01
 2.35000E+01    5.81691E-01
 2.40000E+01    5.69630E-01
 2.45000E+01    5.58138E-01
 2.50000E+01    5.47015E-01
 2.55000E+01    5.36319E-01
 2.60000E+01    5.26110E-01
 2.65000E+01    5.16380E-01
 2.70000E+01    5.07104E-01
 2.75000E+01    4.98317E-01
 2.80000E+01    4.90050E-01
 2.85000E+01    4.82383E-01
 2.90000E+01    4.75346E-01
 2.95000E+01    4.68898E-01
 3.00000E+01    4.63000E-01
