# n + I 127 : (n,xp)    
# jendl4.0   JNDC FP NUCLEAR DATA W.G.         EVAL-MAR90
# 
# # energies =   286
#   E(MeV)        xs(mb) 
 5.80578E-02    0.00000E+00
 5.80760E-02    0.00000E+00
 5.81123E-02    0.00000E+00
 5.81486E-02    0.00000E+00
 5.82211E-02    0.00000E+00
 5.82934E-02    0.00000E+00
 5.83656E-02    0.00000E+00
 5.84375E-02    0.00000E+00
 5.85811E-02    0.00000E+00
 5.87238E-02    0.00000E+00
 5.88659E-02    0.00000E+00
 5.90071E-02    0.00000E+00
 5.91476E-02    0.00000E+00
 5.92873E-02    0.00000E+00
 5.94262E-02    0.00000E+00
 5.95644E-02    0.00000E+00
 5.98396E-02    0.00000E+00
 6.01117E-02    0.00000E+00
 6.03807E-02    0.00000E+00
 6.06468E-02    0.00000E+00
 6.09098E-02    0.00000E+00
 6.11698E-02    0.00000E+00
 6.14269E-02    0.00000E+00
 6.16809E-02    0.00000E+00
 6.19321E-02    0.00000E+00
 6.21803E-02    0.00000E+00
 6.24256E-02    0.00000E+00
 6.29114E-02    0.00000E+00
 6.33856E-02    0.00000E+00
 6.38484E-02    0.00000E+00
 6.42999E-02    0.00000E+00
 6.47404E-02    0.00000E+00
 6.51700E-02    0.00000E+00
 6.55889E-02    0.00000E+00
 6.59973E-02    0.00000E+00
 6.63953E-02    0.00000E+00
 6.67832E-02    0.00000E+00
 6.71611E-02    0.00000E+00
 6.78994E-02    0.00000E+00
 6.85990E-02    0.00000E+00
 6.92613E-02    0.00000E+00
 6.98881E-02    0.00000E+00
 7.04809E-02    0.00000E+00
 7.10411E-02    0.00000E+00
 7.15704E-02    0.00000E+00
 7.20702E-02    0.00000E+00
 7.30168E-02    0.00000E+00
 7.38552E-02    0.00000E+00
 7.45967E-02    0.00000E+00
 7.52516E-02    0.00000E+00
 7.58294E-02    0.00000E+00
 7.68512E-02    0.00000E+00
 7.76266E-02    0.00000E+00
 7.88044E-02    0.00000E+00
 8.00000E-02    0.00000E+00
 8.11235E-02    0.00000E+00
 8.21912E-02    0.00000E+00
 8.42310E-02    0.00000E+00
 8.60574E-02    0.00000E+00
 8.76879E-02    0.00000E+00
 8.91399E-02    0.00000E+00
 9.04301E-02    0.00000E+00
 9.27331E-02    0.00000E+00
 9.44988E-02    0.00000E+00
 9.58450E-02    0.00000E+00
 9.79005E-02    0.00000E+00
 1.00000E-01    0.00000E+00
 1.02567E-01    0.00000E+00
 1.05032E-01    0.00000E+00
 1.07398E-01    0.00000E+00
 1.09664E-01    0.00000E+00
 1.11832E-01    0.00000E+00
 1.13903E-01    0.00000E+00
 1.17891E-01    0.00000E+00
 1.21495E-01    0.00000E+00
 1.24738E-01    0.00000E+00
 1.27647E-01    0.00000E+00
 1.30248E-01    0.00000E+00
 1.34928E-01    0.00000E+00
 1.38547E-01    0.00000E+00
 1.41326E-01    0.00000E+00
 1.45598E-01    0.00000E+00
 1.50000E-01    0.00000E+00
 1.55492E-01    0.00000E+00
 1.60463E-01    0.00000E+00
 1.64942E-01    0.00000E+00
 1.68964E-01    0.00000E+00
 1.76239E-01    0.00000E+00
 1.81901E-01    0.00000E+00
 1.90736E-01    0.00000E+00
 2.00000E-01    0.00000E+00
 2.04412E-01    0.00000E+00
 2.07000E-01    0.00000E+00
 2.11942E-01    0.00000E+00
 2.16363E-01    0.00000E+00
 2.20306E-01    0.00000E+00
 2.23816E-01    0.00000E+00
 2.26933E-01    0.00000E+00
 2.32492E-01    0.00000E+00
 2.36751E-01    0.00000E+00
 2.39996E-01    0.00000E+00
 2.44947E-01    0.00000E+00
 2.50000E-01    0.00000E+00
 2.55763E-01    0.00000E+00
 2.60914E-01    0.00000E+00
 2.70180E-01    0.00000E+00
 2.77345E-01    0.00000E+00
 2.82843E-01    0.00000E+00
 2.91295E-01    0.00000E+00
 3.00000E-01    0.00000E+00
 3.08791E-01    0.00000E+00
 3.16694E-01    0.00000E+00
 3.31015E-01    0.00000E+00
 3.42179E-01    0.00000E+00
 3.50798E-01    0.00000E+00
 3.64136E-01    0.00000E+00
 3.77981E-01    0.00000E+00
 3.88356E-01    0.00000E+00
 4.04455E-01    0.00000E+00
 4.21222E-01    0.00000E+00
 4.30347E-01    0.00000E+00
 4.38493E-01    0.00000E+00
 4.45747E-01    0.00000E+00
 4.52193E-01    0.00000E+00
 4.63698E-01    0.00000E+00
 4.72519E-01    0.00000E+00
 4.86065E-01    0.00000E+00
 5.00000E-01    0.00000E+00
 5.13969E-01    1.45208E-18
 5.26512E-01    2.75590E-18
 5.37738E-01    3.92281E-18
 5.57963E-01    6.02509E-18
 5.73628E-01    7.65353E-18
 5.85666E-01    8.90480E-18
 6.04197E-01    1.08311E-17
 6.23315E-01    1.28183E-17
 6.33596E-01    1.38870E-17
 6.44786E-01    1.50502E-17
 6.56174E-01    1.62340E-17
 6.66866E-01    1.73454E-17
 6.83232E-01    1.90466E-17
 7.00000E-01    2.07896E-17
 7.22195E-01    2.30967E-17
 7.36220E-01    2.45546E-17
 7.50518E-01    2.60408E-17
 7.62594E-01    2.72961E-17
 7.81073E-01    2.92170E-17
 8.00000E-01    3.11844E-17
 8.23907E-01    3.36695E-17
 8.42305E-01    3.55819E-17
 8.70675E-01    3.85309E-17
 9.00000E-01    4.15792E-17
 9.23762E-01    4.40492E-17
 9.60585E-01    4.78769E-17
 9.98877E-01    5.18573E-17
 1.00000E+00    5.19740E-17
 1.02614E+00    5.63478E-15
 1.06664E+00    1.42838E-14
 1.10874E+00    2.32743E-14
 1.14248E+00    3.04804E-14
 1.16846E+00    3.60285E-14
 1.20854E+00    4.45882E-14
 1.25000E+00    5.34415E-14
 1.27881E+00    5.95951E-14
 1.30457E+00    6.50958E-14
 1.35090E+00    7.49900E-14
 1.38673E+00    8.26405E-14
 1.41422E+00    8.85112E-14
 1.45648E+00    9.75362E-14
 1.50000E+00    1.06831E-13
 1.52918E+00    1.13063E-13
 1.58163E+00    1.24263E-13
 1.62214E+00    1.32914E-13
 1.68486E+00    1.46309E-13
 1.75000E+00    1.60220E-13
 1.80941E+00    1.72907E-13
 1.85528E+00    1.82704E-13
 1.92628E+00    1.97867E-13
 2.00000E+00    2.13610E-13
 2.05133E+00    4.55251E-13
 2.10065E+00    6.87419E-13
 2.19634E+00    1.13788E-12
 2.28364E+00    9.46264E-11
 2.36287E+00    1.85064E-10
 2.43444E+00    2.66768E-10
 2.49885E+00    3.40286E-10
 2.61568E+00    4.73653E-10
 2.70688E+00    5.77755E-10
 2.77736E+00    6.58207E-10
 2.88653E+00    7.82829E-10
 3.00000E+00    9.12350E-10
 3.46410E+00    4.25967E-08
 4.00000E+00    3.39568E-06
 4.22949E+00    2.18879E-05
 4.41020E+00    9.49471E-05
 4.55078E+00    2.97319E-04
 4.77011E+00    1.76466E-03
 5.00000E+00    1.14118E-02
 5.23318E+00    1.84007E-02
 5.41517E+00    2.67151E-02
 5.70009E+00    4.78926E-02
 6.00000E+00    8.85332E-02
 6.48074E+00    1.30401E-01
 7.00000E+00    1.94579E-01
 7.48331E+00    2.87907E-01
 8.00000E+00    4.40200E-01
 8.23907E+00    5.44536E-01
 8.61113E+00    7.58138E-01
 9.00000E+00    1.07140E+00
 9.11932E+00    1.18690E+00
 9.22501E+00    1.29567E+00
 9.31850E+00    1.39381E+00
 9.48439E+00    1.58671E+00
 9.61075E+00    1.75118E+00
 9.70662E+00    1.88735E+00
 9.85222E+00    2.11466E+00
 1.00000E+01    2.37335E+00
 1.01146E+01    2.56452E+00
 1.02232E+01    2.75980E+00
 1.03261E+01    2.95859E+00
 1.04235E+01    3.15993E+00
 1.05157E+01    3.36296E+00
 1.06028E+01    3.56688E+00
 1.06852E+01    3.77124E+00
 1.07630E+01    3.97472E+00
 1.08364E+01    4.17692E+00
 1.09057E+01    4.37720E+00
 1.09711E+01    4.57532E+00
 1.10327E+01    4.74534E+00
 1.11492E+01    5.04084E+00
 1.12522E+01    5.31779E+00
 1.13431E+01    5.57575E+00
 1.14232E+01    5.81472E+00
 1.14937E+01    6.03511E+00
 1.15558E+01    6.23766E+00
 1.16104E+01    6.42378E+00
 1.17066E+01    6.77053E+00
 1.17793E+01    7.05346E+00
 1.18341E+01    7.28223E+00
 1.19168E+01    7.65972E+00
 1.20000E+01    8.09357E+00
 1.21162E+01    8.47446E+00
 1.22261E+01    8.85706E+00
 1.23301E+01    9.24123E+00
 1.24283E+01    9.62645E+00
 1.25212E+01    1.00111E+01
 1.26089E+01    1.03958E+01
 1.26916E+01    1.07791E+01
 1.27697E+01    1.11611E+01
 1.28433E+01    1.15400E+01
 1.29825E+01    1.23148E+01
 1.31055E+01    1.29292E+01
 1.32141E+01    1.34421E+01
 1.33099E+01    1.39102E+01
 1.33943E+01    1.43424E+01
 1.34685E+01    1.47383E+01
 1.35338E+01    1.50885E+01
 1.36489E+01    1.56686E+01
 1.37358E+01    1.61266E+01
 1.38014E+01    1.64845E+01
 1.39004E+01    1.70459E+01
 1.40000E+01    1.76383E+01
 1.41213E+01    1.82801E+01
 1.43360E+01    1.95009E+01
 1.44992E+01    2.05064E+01
 1.46228E+01    2.12001E+01
 1.48102E+01    2.23184E+01
 1.50000E+01    2.35385E+01
 1.51215E+01    2.42052E+01
 1.52286E+01    2.48196E+01
 1.54179E+01    2.59602E+01
 1.55614E+01    2.68801E+01
 1.56699E+01    2.76098E+01
 1.58341E+01    2.87712E+01
 1.60000E+01    3.00211E+01
 1.80000E+01    4.47194E+01
 1.82386E+01    4.63773E+01
 1.84500E+01    4.79400E+01
 1.86370E+01    4.93996E+01
 1.88022E+01    5.07540E+01
 1.89479E+01    5.20049E+01
 1.92056E+01    5.39576E+01
 1.94012E+01    5.54514E+01
 1.95492E+01    5.66314E+01
 1.97733E+01    5.85057E+01
 2.00000E+01    6.05089E+01
