# n + Kr  0 : (n,4n)g
# tendl.2019 A.J. Koning and D. Rochman        EVAL-NOV19
# uncertainties: n
# # energies =    34
#   E(MeV)          xs(mb) 
 2.78784E+01    0.00000E+00
 2.80000E+01    4.44448E-03
 2.90000E+01    4.67225E-01
 3.00000E+01    3.07622E+00
 3.00000E+01    3.07622E+00
 3.20000E+01    2.75417E+01
 3.40000E+01    8.47712E+01
 3.60000E+01    1.53577E+02
 3.80000E+01    2.13758E+02
 4.00000E+01    2.53381E+02
 4.20000E+01    2.70851E+02
 4.40000E+01    2.68821E+02
 4.60000E+01    2.53080E+02
 4.80000E+01    2.29294E+02
 5.00000E+01    2.04985E+02
 5.20000E+01    1.83372E+02
 5.40000E+01    1.64909E+02
 5.60000E+01    1.50143E+02
 5.80000E+01    1.37771E+02
 6.00000E+01    1.27241E+02
 6.50000E+01    1.10505E+02
 7.00000E+01    9.84599E+01
 7.50000E+01    8.97488E+01
 8.00000E+01    8.34622E+01
 9.00000E+01    7.42615E+01
 1.00000E+02    6.59386E+01
 1.10000E+02    5.84501E+01
 1.20000E+02    5.28718E+01
 1.30000E+02    4.83014E+01
 1.40000E+02    4.36117E+01
 1.50000E+02    4.00378E+01
 1.60000E+02    3.64041E+01
 1.80000E+02    3.08159E+01
 2.00000E+02    2.58398E+01
