# p + Hg204 : (p,xd)    
# tendl.2019 A.J. Koning                       EVAL-OCT19
# 
# # energies =    56
#   E(MeV)        xs(mb) 
 1.13192E+00    0.00000E+00
 1.27258E+00    0.00000E+00
 1.27853E+00    0.00000E+00
 1.43354E+00    0.00000E+00
 1.45235E+00    0.00000E+00
 1.48142E+00    0.00000E+00
 1.54795E+00    0.00000E+00
 1.54947E+00    0.00000E+00
 1.55881E+00    0.00000E+00
 1.56203E+00    0.00000E+00
 1.56593E+00    0.00000E+00
 2.00000E+00    0.00000E+00
 3.00000E+00    0.00000E+00
 4.00000E+00    0.00000E+00
 5.00000E+00    0.00000E+00
 6.00000E+00    5.33596E-16
 7.00000E+00    1.28901E-15
 8.00000E+00    2.04443E-15
 9.00000E+00    3.94133E-11
 1.00000E+01    1.45299E-08
 1.10000E+01    1.30804E-06
 1.20000E+01    6.50681E-05
 1.30000E+01    1.38366E-03
 1.40000E+01    1.50457E-02
 1.50000E+01    9.85869E-02
 1.60000E+01    4.21158E-01
 1.70000E+01    1.22530E+00
 1.80000E+01    2.63382E+00
 1.90000E+01    4.61171E+00
 2.00000E+01    7.01612E+00
 2.20000E+01    1.27082E+01
 2.40000E+01    1.88592E+01
 2.60000E+01    2.49825E+01
 2.80000E+01    2.97178E+01
 3.00000E+01    3.52973E+01
 3.00000E+01    3.55581E+01
 3.50000E+01    4.81294E+01
 4.00000E+01    5.90129E+01
 4.50000E+01    6.82074E+01
 5.00000E+01    7.45695E+01
 5.50000E+01    8.52567E+01
 6.00000E+01    8.82216E+01
 6.50000E+01    9.61558E+01
 7.00000E+01    9.89769E+01
 7.50000E+01    1.05628E+02
 8.00000E+01    1.08804E+02
 9.00000E+01    1.07691E+02
 1.00000E+02    1.07552E+02
 1.10000E+02    1.05069E+02
 1.20000E+02    1.05348E+02
 1.30000E+02    1.02780E+02
 1.40000E+02    1.01264E+02
 1.50000E+02    1.06360E+02
 1.60000E+02    1.18617E+02
 1.80000E+02    1.54919E+02
 2.00000E+02    2.63332E+02
