# n + Nd148 : (n,t)     
# tendl.2019 A.J. Koning and D. Rochman        EVAL-NOV19
# uncertainties: y
# # energies =    27
#   E(MeV)       xs(mb)       xslow(mb)      xsupp(mb)
 7.65732E+00    0.00000E+00   -0.00000E+00    0.00000E+00
 1.00000E+01    8.43900E-16    0.00000E+00    3.01030E-15
 1.05000E+01    4.76980E-12    0.00000E+00    1.70145E-11
 1.10000E+01    2.83510E-10    0.00000E+00    1.01132E-09
 1.15000E+01    2.16860E-08    0.00000E+00    7.73568E-08
 1.20000E+01    4.51060E-07    0.00000E+00    1.60899E-06
 1.25000E+01    5.56356E-06    0.00000E+00    1.98459E-05
 1.30000E+01    4.41101E-05    0.00000E+00    1.06045E-04
 1.35000E+01    2.49287E-04    0.00000E+00    5.99309E-04
 1.40000E+01    1.08582E-03    0.00000E+00    2.61041E-03
 1.45000E+01    3.81935E-03    0.00000E+00    9.18206E-03
 1.50000E+01    1.11943E-02    0.00000E+00    2.69121E-02
 1.60000E+01    6.05592E-02    3.43213E-03    1.17686E-01
 1.70000E+01    1.99945E-01    1.13317E-02    3.88558E-01
 1.80000E+01    4.67226E-01    2.64795E-02    9.07972E-01
 1.90000E+01    8.68236E-01    4.92064E-02    1.68727E+00
 2.00000E+01    1.37241E+00    2.00381E-01    2.54444E+00
 2.10000E+01    1.88133E+00    2.74687E-01    3.48797E+00
 2.20000E+01    2.36443E+00    3.45223E-01    4.38364E+00
 2.30000E+01    2.75168E+00    4.01765E-01    5.10160E+00
 2.40000E+01    2.98441E+00    3.37428E-01    5.63139E+00
 2.50000E+01    3.20340E+00    3.62188E-01    6.04461E+00
 2.60000E+01    3.24155E+00    3.66502E-01    6.11660E+00
 2.70000E+01    3.32305E+00    3.75716E-01    6.27038E+00
 2.80000E+01    3.24876E+00    3.67317E-01    6.13020E+00
 2.90000E+01    3.21947E+00    3.64005E-01    6.07493E+00
 3.00000E+01    3.10404E+00    3.50954E-01    5.85713E+00
