# n + Kr 80 : (n,a)     
# tendl.2019 A.J. Koning and D. Rochman        EVAL-NOV19
# uncertainties: y
# # energies =   585
#   E(MeV)       xs(mb)       xslow(mb)      xsupp(mb)
 1.00000E-11    1.25520E-09    1.25520E-09    1.25520E-09
 1.03005E-11    1.23670E-09    1.23670E-09    1.23670E-09
 1.06099E-11    1.21860E-09    1.21860E-09    1.21860E-09
 1.09287E-11    1.20070E-09    1.20070E-09    1.20070E-09
 1.12571E-11    1.18300E-09    1.18300E-09    1.18300E-09
 1.15953E-11    1.16560E-09    1.16560E-09    1.16560E-09
 1.19437E-11    1.14850E-09    1.14850E-09    1.14850E-09
 1.23026E-11    1.13160E-09    1.13160E-09    1.13160E-09
 1.26722E-11    1.11500E-09    1.11500E-09    1.11500E-09
 1.30530E-11    1.09860E-09    1.09860E-09    1.09860E-09
 1.34452E-11    1.08250E-09    1.08250E-09    1.08250E-09
 1.38491E-11    1.06660E-09    1.06660E-09    1.06660E-09
 1.42652E-11    1.05090E-09    1.05090E-09    1.05090E-09
 1.46938E-11    1.03550E-09    1.03550E-09    1.03550E-09
 1.51353E-11    1.02020E-09    1.02020E-09    1.02020E-09
 1.55901E-11    1.00530E-09    1.00530E-09    1.00530E-09
 1.60585E-11    9.90490E-10    9.90490E-10    9.90490E-10
 1.65410E-11    9.75940E-10    9.75940E-10    9.75940E-10
 1.70380E-11    9.61600E-10    9.61600E-10    9.61600E-10
 1.75499E-11    9.47470E-10    9.47470E-10    9.47470E-10
 1.80772E-11    9.33550E-10    9.33550E-10    9.33550E-10
 1.86203E-11    9.19830E-10    9.19830E-10    9.19830E-10
 1.91798E-11    9.06320E-10    9.06320E-10    9.06320E-10
 1.97561E-11    8.93000E-10    8.93000E-10    8.93000E-10
 2.03497E-11    8.79880E-10    8.79880E-10    8.79880E-10
 2.09611E-11    8.66950E-10    8.66950E-10    8.66950E-10
 2.15909E-11    8.54210E-10    8.54210E-10    8.54210E-10
 2.22396E-11    8.41660E-10    8.41660E-10    8.41660E-10
 2.29078E-11    8.29300E-10    8.29300E-10    8.29300E-10
 2.35961E-11    8.17110E-10    8.17110E-10    8.17110E-10
 2.43051E-11    8.05110E-10    8.05110E-10    8.05110E-10
 2.50353E-11    7.93280E-10    7.93280E-10    7.93280E-10
 2.57875E-11    7.81620E-10    7.81620E-10    7.81620E-10
 2.65623E-11    7.70140E-10    7.70140E-10    7.70140E-10
 2.73604E-11    7.58820E-10    7.58820E-10    7.58820E-10
 2.81825E-11    7.47670E-10    7.47670E-10    7.47670E-10
 2.90293E-11    7.36690E-10    7.36690E-10    7.36690E-10
 2.99015E-11    7.25860E-10    7.25860E-10    7.25860E-10
 3.07999E-11    7.15200E-10    7.15200E-10    7.15200E-10
 3.17253E-11    7.04690E-10    7.04690E-10    7.04690E-10
 3.26785E-11    6.94340E-10    6.94340E-10    6.94340E-10
 3.36604E-11    6.84140E-10    6.84140E-10    6.84140E-10
 3.46717E-11    6.74080E-10    6.74080E-10    6.74080E-10
 3.57135E-11    6.64180E-10    6.64180E-10    6.64180E-10
 3.67865E-11    6.54420E-10    6.54420E-10    6.54420E-10
 3.78918E-11    6.44810E-10    6.44810E-10    6.44810E-10
 3.90303E-11    6.35330E-10    6.35330E-10    6.35330E-10
 4.02030E-11    6.26000E-10    6.26000E-10    6.26000E-10
 4.14109E-11    6.16800E-10    6.16800E-10    6.16800E-10
 4.26551E-11    6.07740E-10    6.07740E-10    6.07740E-10
 4.39367E-11    5.98810E-10    5.98810E-10    5.98810E-10
 4.52569E-11    5.90010E-10    5.90010E-10    5.90010E-10
 4.66166E-11    5.81340E-10    5.81340E-10    5.81340E-10
 4.80173E-11    5.72800E-10    5.72800E-10    5.72800E-10
 4.94600E-11    5.64380E-10    5.64380E-10    5.64380E-10
 5.09461E-11    5.56090E-10    5.56090E-10    5.56090E-10
 5.24768E-11    5.47920E-10    5.47920E-10    5.47920E-10
 5.40535E-11    5.39870E-10    5.39870E-10    5.39870E-10
 5.56776E-11    5.31940E-10    5.31940E-10    5.31940E-10
 5.73505E-11    5.24120E-10    5.24120E-10    5.24120E-10
 5.90736E-11    5.16420E-10    5.16420E-10    5.16420E-10
 6.08485E-11    5.08830E-10    5.08830E-10    5.08830E-10
 6.26768E-11    5.01360E-10    5.01360E-10    5.01360E-10
 6.45599E-11    4.93990E-10    4.93990E-10    4.93990E-10
 6.64997E-11    4.86730E-10    4.86730E-10    4.86730E-10
 6.84977E-11    4.79580E-10    4.79580E-10    4.79580E-10
 7.05558E-11    4.72540E-10    4.72540E-10    4.72540E-10
 7.26757E-11    4.65590E-10    4.65590E-10    4.65590E-10
 7.48593E-11    4.58750E-10    4.58750E-10    4.58750E-10
 7.71085E-11    4.52010E-10    4.52010E-10    4.52010E-10
 7.94253E-11    4.45370E-10    4.45370E-10    4.45370E-10
 8.18117E-11    4.38830E-10    4.38830E-10    4.38830E-10
 8.42698E-11    4.32380E-10    4.32380E-10    4.32380E-10
 8.68018E-11    4.26030E-10    4.26030E-10    4.26030E-10
 8.94098E-11    4.19770E-10    4.19770E-10    4.19770E-10
 9.20962E-11    4.13600E-10    4.13600E-10    4.13600E-10
 9.48633E-11    4.07520E-10    4.07520E-10    4.07520E-10
 9.77136E-11    4.01540E-10    4.01540E-10    4.01540E-10
 1.00649E-10    3.95640E-10    3.95640E-10    3.95640E-10
 1.03674E-10    3.89820E-10    3.89820E-10    3.89820E-10
 1.06789E-10    3.84100E-10    3.84100E-10    3.84100E-10
 1.09997E-10    3.78450E-10    3.78450E-10    3.78450E-10
 1.13302E-10    3.72890E-10    3.72890E-10    3.72890E-10
 1.16706E-10    3.67410E-10    3.67410E-10    3.67410E-10
 1.20213E-10    3.62010E-10    3.62010E-10    3.62010E-10
 1.23825E-10    3.56700E-10    3.56700E-10    3.56700E-10
 1.27545E-10    3.51450E-10    3.51450E-10    3.51450E-10
 1.31377E-10    3.46290E-10    3.46290E-10    3.46290E-10
 1.35325E-10    3.41200E-10    3.41200E-10    3.41200E-10
 1.39391E-10    3.36190E-10    3.36190E-10    3.36190E-10
 1.43579E-10    3.31250E-10    3.31250E-10    3.31250E-10
 1.47893E-10    3.26380E-10    3.26380E-10    3.26380E-10
 1.52336E-10    3.21590E-10    3.21590E-10    3.21590E-10
 1.56913E-10    3.16860E-10    3.16860E-10    3.16860E-10
 1.61628E-10    3.12210E-10    3.12210E-10    3.12210E-10
 1.66484E-10    3.07620E-10    3.07620E-10    3.07620E-10
 1.71486E-10    3.03100E-10    3.03100E-10    3.03100E-10
 1.76639E-10    2.98650E-10    2.98650E-10    2.98650E-10
 1.81946E-10    2.94260E-10    2.94260E-10    2.94260E-10
 1.87413E-10    2.89940E-10    2.89940E-10    2.89940E-10
 1.93044E-10    2.85680E-10    2.85680E-10    2.85680E-10
 1.98844E-10    2.81480E-10    2.81480E-10    2.81480E-10
 2.04818E-10    2.77340E-10    2.77340E-10    2.77340E-10
 2.10972E-10    2.73270E-10    2.73270E-10    2.73270E-10
 2.17311E-10    2.69250E-10    2.69250E-10    2.69250E-10
 2.23840E-10    2.65300E-10    2.65300E-10    2.65300E-10
 2.30566E-10    2.61400E-10    2.61400E-10    2.61400E-10
 2.37493E-10    2.57560E-10    2.57560E-10    2.57560E-10
 2.44629E-10    2.53770E-10    2.53770E-10    2.53770E-10
 2.51979E-10    2.50050E-10    2.50050E-10    2.50050E-10
 2.59550E-10    2.46370E-10    2.46370E-10    2.46370E-10
 2.67349E-10    2.42750E-10    2.42750E-10    2.42750E-10
 2.75381E-10    2.39190E-10    2.39190E-10    2.39190E-10
 2.83655E-10    2.35670E-10    2.35670E-10    2.35670E-10
 2.92178E-10    2.32210E-10    2.32210E-10    2.32210E-10
 3.00957E-10    2.28800E-10    2.28800E-10    2.28800E-10
 3.09999E-10    2.25440E-10    2.25440E-10    2.25440E-10
 3.19313E-10    2.22120E-10    2.22120E-10    2.22120E-10
 3.28907E-10    2.18860E-10    2.18860E-10    2.18860E-10
 3.38790E-10    2.15640E-10    2.15640E-10    2.15640E-10
 3.48969E-10    2.12480E-10    2.12480E-10    2.12480E-10
 3.59454E-10    2.09350E-10    2.09350E-10    2.09350E-10
 3.70254E-10    2.06280E-10    2.06280E-10    2.06280E-10
 3.81379E-10    2.03250E-10    2.03250E-10    2.03250E-10
 3.92838E-10    2.00260E-10    2.00260E-10    2.00260E-10
 4.04641E-10    1.97320E-10    1.97320E-10    1.97320E-10
 4.16798E-10    1.94420E-10    1.94420E-10    1.94420E-10
 4.29321E-10    1.91560E-10    1.91560E-10    1.91560E-10
 4.42221E-10    1.88750E-10    1.88750E-10    1.88750E-10
 4.55508E-10    1.85970E-10    1.85970E-10    1.85970E-10
 4.69194E-10    1.83240E-10    1.83240E-10    1.83240E-10
 4.83291E-10    1.80550E-10    1.80550E-10    1.80550E-10
 4.97812E-10    1.77900E-10    1.77900E-10    1.77900E-10
 5.12769E-10    1.75280E-10    1.75280E-10    1.75280E-10
 5.28176E-10    1.72710E-10    1.72710E-10    1.72710E-10
 5.44045E-10    1.70170E-10    1.70170E-10    1.70170E-10
 5.60392E-10    1.67670E-10    1.67670E-10    1.67670E-10
 5.77229E-10    1.65210E-10    1.65210E-10    1.65210E-10
 5.94572E-10    1.62780E-10    1.62780E-10    1.62780E-10
 6.12437E-10    1.60390E-10    1.60390E-10    1.60390E-10
 6.30838E-10    1.58030E-10    1.58030E-10    1.58030E-10
 6.49792E-10    1.55710E-10    1.55710E-10    1.55710E-10
 6.69316E-10    1.53420E-10    1.53420E-10    1.53420E-10
 6.89426E-10    1.51170E-10    1.51170E-10    1.51170E-10
 7.10140E-10    1.48950E-10    1.48950E-10    1.48950E-10
 7.31477E-10    1.46760E-10    1.46760E-10    1.46760E-10
 7.53455E-10    1.44600E-10    1.44600E-10    1.44600E-10
 7.76093E-10    1.42480E-10    1.42480E-10    1.42480E-10
 7.99411E-10    1.40380E-10    1.40380E-10    1.40380E-10
 8.23430E-10    1.38320E-10    1.38320E-10    1.38320E-10
 8.48171E-10    1.36290E-10    1.36290E-10    1.36290E-10
 8.73655E-10    1.34290E-10    1.34290E-10    1.34290E-10
 8.99905E-10    1.32310E-10    1.32310E-10    1.32310E-10
 9.26943E-10    1.30370E-10    1.30370E-10    1.30370E-10
 9.54794E-10    1.28450E-10    1.28450E-10    1.28450E-10
 9.83482E-10    1.26570E-10    1.26570E-10    1.26570E-10
 1.01303E-09    1.24710E-10    1.24710E-10    1.24710E-10
 1.04347E-09    1.22870E-10    1.22870E-10    1.22870E-10
 1.07482E-09    1.21070E-10    1.21070E-10    1.21070E-10
 1.10711E-09    1.19290E-10    1.19290E-10    1.19290E-10
 1.14038E-09    1.17540E-10    1.17540E-10    1.17540E-10
 1.17464E-09    1.15810E-10    1.15810E-10    1.15810E-10
 1.20994E-09    1.14110E-10    1.14110E-10    1.14110E-10
 1.24629E-09    1.12430E-10    1.12430E-10    1.12430E-10
 1.28373E-09    1.10780E-10    1.10780E-10    1.10780E-10
 1.32231E-09    1.09150E-10    1.09150E-10    1.09150E-10
 1.36204E-09    1.07550E-10    1.07550E-10    1.07550E-10
 1.40296E-09    1.05970E-10    1.05970E-10    1.05970E-10
 1.44511E-09    1.04410E-10    1.04410E-10    1.04410E-10
 1.48853E-09    1.02880E-10    1.02880E-10    1.02880E-10
 1.53326E-09    1.01370E-10    1.01370E-10    1.01370E-10
 1.57932E-09    9.98770E-11    9.98770E-11    9.98770E-11
 1.62678E-09    9.84100E-11    9.84100E-11    9.84100E-11
 1.67565E-09    9.69640E-11    9.69640E-11    9.69640E-11
 1.72600E-09    9.55390E-11    9.55390E-11    9.55390E-11
 1.77786E-09    9.41360E-11    9.41360E-11    9.41360E-11
 1.83128E-09    9.27520E-11    9.27520E-11    9.27520E-11
 1.88630E-09    9.13900E-11    9.13900E-11    9.13900E-11
 1.94297E-09    9.00470E-11    9.00470E-11    9.00470E-11
 2.00135E-09    8.87240E-11    8.87240E-11    8.87240E-11
 2.06148E-09    8.74200E-11    8.74200E-11    8.74200E-11
 2.12342E-09    8.61360E-11    8.61360E-11    8.61360E-11
 2.18722E-09    8.48700E-11    8.48700E-11    8.48700E-11
 2.25294E-09    8.36230E-11    8.36230E-11    8.36230E-11
 2.32063E-09    8.23950E-11    8.23950E-11    8.23950E-11
 2.39036E-09    8.11840E-11    8.11840E-11    8.11840E-11
 2.46218E-09    7.99910E-11    7.99910E-11    7.99910E-11
 2.53616E-09    7.88160E-11    7.88160E-11    7.88160E-11
 2.61236E-09    7.76580E-11    7.76580E-11    7.76580E-11
 2.69085E-09    7.65170E-11    7.65170E-11    7.65170E-11
 2.77170E-09    7.53930E-11    7.53930E-11    7.53930E-11
 2.85497E-09    7.42850E-11    7.42850E-11    7.42850E-11
 2.94075E-09    7.31940E-11    7.31940E-11    7.31940E-11
 3.02911E-09    7.21180E-11    7.21180E-11    7.21180E-11
 3.12012E-09    7.10590E-11    7.10590E-11    7.10590E-11
 3.21387E-09    7.00150E-11    7.00150E-11    7.00150E-11
 3.31043E-09    6.89860E-11    6.89860E-11    6.89860E-11
 3.40990E-09    6.79720E-11    6.79720E-11    6.79720E-11
 3.51235E-09    6.69740E-11    6.69740E-11    6.69740E-11
 3.61788E-09    6.59900E-11    6.59900E-11    6.59900E-11
 3.72659E-09    6.50200E-11    6.50200E-11    6.50200E-11
 3.83856E-09    6.40650E-11    6.40650E-11    6.40650E-11
 3.95389E-09    6.31230E-11    6.31230E-11    6.31230E-11
 4.07269E-09    6.21960E-11    6.21960E-11    6.21960E-11
 4.19505E-09    6.12820E-11    6.12820E-11    6.12820E-11
 4.32110E-09    6.03820E-11    6.03820E-11    6.03820E-11
 4.45093E-09    5.94950E-11    5.94950E-11    5.94950E-11
 4.58466E-09    5.86210E-11    5.86210E-11    5.86210E-11
 4.72241E-09    5.77590E-11    5.77590E-11    5.77590E-11
 4.86430E-09    5.69110E-11    5.69110E-11    5.69110E-11
 5.01045E-09    5.60740E-11    5.60740E-11    5.60740E-11
 5.16099E-09    5.52510E-11    5.52510E-11    5.52510E-11
 5.31606E-09    5.44390E-11    5.44390E-11    5.44390E-11
 5.47579E-09    5.36390E-11    5.36390E-11    5.36390E-11
 5.64031E-09    5.28510E-11    5.28510E-11    5.28510E-11
 5.80978E-09    5.20740E-11    5.20740E-11    5.20740E-11
 5.98434E-09    5.13090E-11    5.13090E-11    5.13090E-11
 6.16414E-09    5.05560E-11    5.05560E-11    5.05560E-11
 6.34935E-09    4.98130E-11    4.98130E-11    4.98130E-11
 6.54012E-09    4.90810E-11    4.90810E-11    4.90810E-11
 6.73663E-09    4.83600E-11    4.83600E-11    4.83600E-11
 6.93903E-09    4.76500E-11    4.76500E-11    4.76500E-11
 7.14752E-09    4.69500E-11    4.69500E-11    4.69500E-11
 7.36228E-09    4.62600E-11    4.62600E-11    4.62600E-11
 7.58348E-09    4.55810E-11    4.55810E-11    4.55810E-11
 7.81133E-09    4.49120E-11    4.49120E-11    4.49120E-11
 8.04603E-09    4.42520E-11    4.42520E-11    4.42520E-11
 8.28778E-09    4.36030E-11    4.36030E-11    4.36030E-11
 8.53679E-09    4.29630E-11    4.29630E-11    4.29630E-11
 8.79329E-09    4.23330E-11    4.23330E-11    4.23330E-11
 9.05749E-09    4.17120E-11    4.17120E-11    4.17120E-11
 9.32963E-09    4.11000E-11    4.11000E-11    4.11000E-11
 9.60995E-09    4.04980E-11    4.04980E-11    4.04980E-11
 9.89869E-09    3.99050E-11    3.99050E-11    3.99050E-11
 1.01961E-08    3.93210E-11    3.93210E-11    3.93210E-11
 1.05025E-08    3.87450E-11    3.87450E-11    3.87450E-11
 1.08180E-08    3.81790E-11    3.81790E-11    3.81790E-11
 1.11430E-08    3.76210E-11    3.76210E-11    3.76210E-11
 1.14778E-08    3.70710E-11    3.70710E-11    3.70710E-11
 1.18227E-08    3.65300E-11    3.65300E-11    3.65300E-11
 1.21779E-08    3.59970E-11    3.59970E-11    3.59970E-11
 1.25438E-08    3.54720E-11    3.54720E-11    3.54720E-11
 1.29207E-08    3.49550E-11    3.49550E-11    3.49550E-11
 1.33089E-08    3.44450E-11    3.44450E-11    3.44450E-11
 1.37088E-08    3.39430E-11    3.39430E-11    3.39430E-11
 1.41207E-08    3.34490E-11    3.34490E-11    3.34490E-11
 1.45450E-08    3.29610E-11    3.29610E-11    3.29610E-11
 1.49820E-08    3.24800E-11    3.24800E-11    3.24800E-11
 1.54321E-08    3.20070E-11    3.20070E-11    3.20070E-11
 1.58958E-08    3.15390E-11    3.15390E-11    3.15390E-11
 1.63734E-08    3.10790E-11    3.10790E-11    3.10790E-11
 1.68654E-08    3.06240E-11    3.06240E-11    3.06240E-11
 1.73721E-08    3.01760E-11    3.01760E-11    3.01760E-11
 1.78941E-08    2.97350E-11    2.97350E-11    2.97350E-11
 1.84317E-08    2.92990E-11    2.92990E-11    2.92990E-11
 1.89855E-08    2.88700E-11    2.88700E-11    2.88700E-11
 1.95559E-08    2.84460E-11    2.84460E-11    2.84460E-11
 2.01435E-08    2.80290E-11    2.80290E-11    2.80290E-11
 2.07487E-08    2.76170E-11    2.76170E-11    2.76170E-11
 2.13721E-08    2.72120E-11    2.72120E-11    2.72120E-11
 2.20143E-08    2.68120E-11    2.68120E-11    2.68120E-11
 2.26757E-08    2.64180E-11    2.64180E-11    2.64180E-11
 2.33570E-08    2.60300E-11    2.60300E-11    2.60300E-11
 2.40588E-08    2.56480E-11    2.56480E-11    2.56480E-11
 2.47817E-08    2.52710E-11    2.52710E-11    2.52710E-11
 2.52045E-08    2.50580E-11    2.50580E-11    2.50580E-11
 2.53000E-08    2.50110E-11    2.50110E-11    2.50110E-11
 2.60602E-08    2.46440E-11    2.46440E-11    2.46440E-11
 2.68432E-08    2.42820E-11    2.42820E-11    2.42820E-11
 2.76497E-08    2.39250E-11    2.39250E-11    2.39250E-11
 2.84804E-08    2.35730E-11    2.35730E-11    2.35730E-11
 2.93362E-08    2.32270E-11    2.32270E-11    2.32270E-11
 3.02176E-08    2.28860E-11    2.28860E-11    2.28860E-11
 3.11255E-08    2.25490E-11    2.25490E-11    2.25490E-11
 3.20607E-08    2.22180E-11    2.22180E-11    2.22180E-11
 3.30240E-08    2.18920E-11    2.18920E-11    2.18920E-11
 3.40162E-08    2.15700E-11    2.15700E-11    2.15700E-11
 3.50383E-08    2.12530E-11    2.12530E-11    2.12530E-11
 3.60910E-08    2.09410E-11    2.09410E-11    2.09410E-11
 3.71754E-08    2.06330E-11    2.06330E-11    2.06330E-11
 3.82924E-08    2.03300E-11    2.03300E-11    2.03300E-11
 3.94429E-08    2.00310E-11    2.00310E-11    2.00310E-11
 4.06280E-08    1.97370E-11    1.97370E-11    1.97370E-11
 4.18487E-08    1.94470E-11    1.94470E-11    1.94470E-11
 4.31061E-08    1.91610E-11    1.91610E-11    1.91610E-11
 4.44012E-08    1.88790E-11    1.88790E-11    1.88790E-11
 4.57353E-08    1.86020E-11    1.86020E-11    1.86020E-11
 4.71095E-08    1.83290E-11    1.83290E-11    1.83290E-11
 4.85249E-08    1.80590E-11    1.80590E-11    1.80590E-11
 4.99829E-08    1.77940E-11    1.77940E-11    1.77940E-11
 5.14847E-08    1.75330E-11    1.75330E-11    1.75330E-11
 5.30316E-08    1.72750E-11    1.72750E-11    1.72750E-11
 5.46249E-08    1.70210E-11    1.70210E-11    1.70210E-11
 5.62662E-08    1.67710E-11    1.67710E-11    1.67710E-11
 5.79568E-08    1.65250E-11    1.65250E-11    1.65250E-11
 5.96981E-08    1.62820E-11    1.62820E-11    1.62820E-11
 6.14918E-08    1.60430E-11    1.60430E-11    1.60430E-11
 6.33394E-08    1.58070E-11    1.58070E-11    1.58070E-11
 6.52425E-08    1.55750E-11    1.55750E-11    1.55750E-11
 6.72027E-08    1.53460E-11    1.53460E-11    1.53460E-11
 6.92219E-08    1.51210E-11    1.51210E-11    1.51210E-11
 7.13017E-08    1.48990E-11    1.48990E-11    1.48990E-11
 7.34440E-08    1.46800E-11    1.46800E-11    1.46800E-11
 7.56507E-08    1.44640E-11    1.44640E-11    1.44640E-11
 7.79237E-08    1.42510E-11    1.42510E-11    1.42510E-11
 8.02650E-08    1.40420E-11    1.40420E-11    1.40420E-11
 8.26766E-08    1.38360E-11    1.38360E-11    1.38360E-11
 8.51607E-08    1.36330E-11    1.36330E-11    1.36330E-11
 8.77194E-08    1.34330E-11    1.34330E-11    1.34330E-11
 9.03551E-08    1.32350E-11    1.32350E-11    1.32350E-11
 9.30698E-08    1.30400E-11    1.30400E-11    1.30400E-11
 9.58662E-08    1.28480E-11    1.28480E-11    1.28480E-11
 9.87466E-08    1.26600E-11    1.26600E-11    1.26600E-11
 1.01714E-07    1.24740E-11    1.24740E-11    1.24740E-11
 1.04770E-07    1.22910E-11    1.22910E-11    1.22910E-11
 1.08375E-07    1.20850E-11    1.20850E-11    1.20850E-11
 1.11631E-07    1.19070E-11    1.19070E-11    1.19070E-11
 1.14985E-07    1.17310E-11    1.17310E-11    1.17310E-11
 1.18440E-07    1.15590E-11    1.15590E-11    1.15590E-11
 1.21999E-07    1.13900E-11    1.13900E-11    1.13900E-11
 1.25664E-07    1.12230E-11    1.12230E-11    1.12230E-11
 1.29988E-07    1.10350E-11    1.10350E-11    1.10350E-11
 1.34461E-07    1.08490E-11    1.08490E-11    1.08490E-11
 1.38501E-07    1.06890E-11    1.06890E-11    1.06890E-11
 1.42663E-07    1.05320E-11    1.05320E-11    1.05320E-11
 1.46949E-07    1.03780E-11    1.03780E-11    1.03780E-11
 1.51364E-07    1.02270E-11    1.02270E-11    1.02270E-11
 1.56573E-07    1.00560E-11    1.00560E-11    1.00560E-11
 1.61961E-07    9.88560E-12    9.88560E-12    9.88560E-12
 1.66827E-07    9.73880E-12    9.73880E-12    9.73880E-12
 1.71114E-07    9.61550E-12    9.61550E-12    9.61550E-12
 1.76256E-07    9.47500E-12    9.47500E-12    9.47500E-12
 1.81551E-07    9.33750E-12    9.33750E-12    9.33750E-12
 1.87799E-07    9.18210E-12    9.18210E-12    9.18210E-12
 1.95085E-07    9.00780E-12    9.00780E-12    9.00780E-12
 2.00946E-07    8.87340E-12    8.87340E-12    8.87340E-12
 2.06110E-07    8.76050E-12    8.76050E-12    8.76050E-12
 2.11407E-07    8.65050E-12    8.65050E-12    8.65050E-12
 2.17759E-07    8.52540E-12    8.52540E-12    8.52540E-12
 2.25252E-07    8.38450E-12    8.38450E-12    8.38450E-12
 2.34983E-07    8.20820E-12    8.20820E-12    8.20820E-12
 2.42043E-07    8.08510E-12    8.08510E-12    8.08510E-12
 2.48263E-07    7.98160E-12    7.98160E-12    7.98160E-12
 2.54643E-07    7.88110E-12    7.88110E-12    7.88110E-12
 2.61187E-07    7.78360E-12    7.78360E-12    7.78360E-12
 2.70175E-07    7.65590E-12    7.65590E-12    7.65590E-12
 2.83040E-07    7.47980E-12    7.47980E-12    7.47980E-12
 2.92780E-07    7.35120E-12    7.35120E-12    7.35120E-12
 3.00304E-07    7.25660E-12    7.25660E-12    7.25660E-12
 3.08022E-07    7.16510E-12    7.16510E-12    7.16510E-12
 3.15937E-07    7.07680E-12    7.07680E-12    7.07680E-12
 3.26809E-07    6.96140E-12    6.96140E-12    6.96140E-12
 3.43822E-07    6.78670E-12    6.78670E-12    6.78670E-12
 3.55654E-07    6.66930E-12    6.66930E-12    6.66930E-12
 3.64794E-07    6.58320E-12    6.58320E-12    6.58320E-12
 3.72589E-07    6.51410E-12    6.51410E-12    6.51410E-12
 3.82165E-07    6.43410E-12    6.43410E-12    6.43410E-12
 3.96991E-07    6.31680E-12    6.31680E-12    6.31680E-12
 4.21205E-07    6.13090E-12    6.13090E-12    6.13090E-12
 4.33860E-07    6.03730E-12    6.03730E-12    6.03730E-12
 4.43132E-07    5.97240E-12    5.97240E-12    5.97240E-12
 4.52602E-07    5.91000E-12    5.91000E-12    5.91000E-12
 4.64233E-07    5.83800E-12    5.83800E-12    5.83800E-12
 4.84287E-07    5.72010E-12    5.72010E-12    5.72010E-12
 5.13826E-07    5.55020E-12    5.55020E-12    5.55020E-12
 5.27031E-07    5.47710E-12    5.47710E-12    5.47710E-12
 5.38293E-07    5.41820E-12    5.41820E-12    5.41820E-12
 5.49797E-07    5.36200E-12    5.36200E-12    5.36200E-12
 5.63926E-07    5.29730E-12    5.29730E-12    5.29730E-12
 6.00858E-07    5.13580E-12    5.13580E-12    5.13580E-12
 6.29470E-07    5.01300E-12    5.01300E-12    5.01300E-12
 6.42922E-07    4.95790E-12    4.95790E-12    4.95790E-12
 6.56662E-07    4.90510E-12    4.90510E-12    4.90510E-12
 6.70695E-07    4.85510E-12    4.85510E-12    4.85510E-12
 6.93774E-07    4.77790E-12    4.77790E-12    4.77790E-12
 7.55007E-07    4.57860E-12    4.57860E-12    4.57860E-12
 7.74410E-07    4.51790E-12    4.51790E-12    4.51790E-12
 7.87622E-07    4.47910E-12    4.47910E-12    4.47910E-12
 8.01059E-07    4.44240E-12    4.44240E-12    4.44240E-12
 8.18178E-07    4.39900E-12    4.39900E-12    4.39900E-12
 8.60770E-07    4.29730E-12    4.29730E-12    4.29730E-12
 9.64888E-07    4.05160E-12    4.05160E-12    4.05160E-12
 9.85508E-07    4.00500E-12    4.00500E-12    4.00500E-12
 1.00232E-06    3.96930E-12    3.96930E-12    3.96930E-12
 1.02077E-06    3.93310E-12    3.93310E-12    3.93310E-12
 1.04978E-06    3.88010E-12    3.88010E-12    3.88010E-12
 1.12595E-06    3.74520E-12    3.74520E-12    3.74520E-12
 1.15794E-06    3.69210E-12    3.69210E-12    3.69210E-12
 1.19084E-06    3.64320E-12    3.64320E-12    3.64320E-12
 1.36993E-06    3.39640E-12    3.39640E-12    3.39640E-12
 1.40886E-06    3.34760E-12    3.34760E-12    3.34760E-12
 1.51108E-06    3.23880E-12    3.23880E-12    3.23880E-12
 1.69029E-06    3.05600E-12    3.05600E-12    3.05600E-12
 1.81294E-06    2.95650E-12    2.95650E-12    2.95650E-12
 2.05657E-06    2.77020E-12    2.77020E-12    2.77020E-12
 2.46739E-06    2.52920E-12    2.52920E-12    2.52920E-12
 2.68376E-06    2.43050E-12    2.43050E-12    2.43050E-12
 3.00205E-06    2.29260E-12    2.29260E-12    2.29260E-12
 3.60176E-06    2.09340E-12    2.09340E-12    2.09340E-12
 3.80935E-06    2.03830E-12    2.03830E-12    2.03830E-12
 4.38222E-06    1.89750E-12    1.89750E-12    1.89750E-12
 4.97111E-06    1.78590E-12    1.78590E-12    1.78590E-12
 5.33181E-06    1.72000E-12    1.72000E-12    1.72000E-12
 6.48716E-06    1.55930E-12    1.55930E-12    1.55930E-12
 7.78306E-06    1.42360E-12    1.42360E-12    1.42360E-12
 9.20793E-06    1.31480E-12    1.31480E-12    1.31480E-12
 1.00154E-05    1.25480E-12    1.25480E-12    1.25480E-12
 1.15215E-05    1.16980E-12    1.16980E-12    1.16980E-12
 1.38231E-05    1.06810E-12    1.06810E-12    1.06810E-12
 1.68185E-05    9.68180E-13    9.68180E-13    9.68180E-13
 2.04629E-05    8.77790E-13    8.77790E-13    8.77790E-13
 2.45506E-05    8.01380E-13    8.01380E-13    8.01380E-13
 2.98705E-05    7.26430E-13    7.26430E-13    7.26430E-13
 3.63432E-05    6.58670E-13    6.58670E-13    6.58670E-13
 4.36032E-05    6.01270E-13    6.01270E-13    6.01270E-13
 5.53288E-05    5.34230E-13    5.34230E-13    5.34230E-13
 5.60000E-05    5.32070E-13    5.32070E-13    5.32070E-13
 5.67901E-05    5.43240E-13    5.43240E-13    5.43240E-13
 6.44215E-05    6.67600E-13    6.67600E-13    6.67600E-13
 7.72906E-05    8.99520E-13    8.99520E-13    8.99520E-13
 9.94590E-05    1.35990E-12    1.35990E-12    1.35990E-12
 1.12824E-04    1.67160E-12    1.67160E-12    1.67160E-12
 1.17667E-04    1.79510E-12    1.79510E-12    1.79510E-12
 1.37272E-04    2.30450E-12    2.30450E-12    2.30450E-12
 1.67018E-04    3.17740E-12    3.17740E-12    3.17740E-12
 2.00382E-04    4.28200E-12    4.28200E-12    4.28200E-12
 2.43338E-04    5.88660E-12    5.88660E-12    5.88660E-12
 2.46771E-04    5.96940E-12    5.96940E-12    5.96940E-12
 3.00000E-04    6.97310E-12    6.97310E-12    6.97310E-12
 3.54922E-04    6.05390E-12    6.05390E-12    6.05390E-12
 3.59929E-04    5.97870E-12    5.97870E-12    5.97870E-12
 4.33458E-04    5.09860E-12    5.09860E-12    5.09860E-12
 5.24756E-04    4.33100E-12    4.33100E-12    4.33100E-12
 6.00000E-04    3.86290E-12    3.86290E-12    3.86290E-12
 7.69091E-04    3.14380E-12    3.14380E-12    3.14380E-12
 1.00000E-03    2.52840E-12    2.52840E-12    2.52840E-12
 1.12719E-03    2.30450E-12    2.30450E-12    2.30450E-12
 1.36461E-03    1.98800E-12    1.98800E-12    1.98800E-12
 1.51865E-03    1.98330E-12    1.98330E-12    1.98330E-12
 2.00000E-03    1.47870E-12    1.47870E-12    1.47870E-12
 3.00000E-03    1.11290E-12    1.11290E-12    1.11290E-12
 6.00000E-03    7.20430E-13    7.20430E-13    7.20430E-13
 1.00000E-02    5.41120E-13    5.41120E-13    5.41120E-13
 2.00000E-02    3.71770E-13    3.71770E-13    3.71770E-13
 3.00000E-02    3.03030E-13    3.03030E-13    3.03030E-13
 6.00000E-02    3.58450E-13    3.58450E-13    3.58450E-13
 1.00000E-01    6.69940E-13    6.69940E-13    6.69940E-13
 2.00000E-01    1.54410E-12    1.54410E-12    1.54410E-12
 3.00000E-01    6.04410E-12    6.04410E-12    6.04410E-12
 4.00000E-01    1.68940E-11    1.68940E-11    1.68940E-11
 5.00000E-01    5.90980E-11    5.90980E-11    5.90980E-11
 5.99882E-01    1.67910E-10    1.67910E-10    1.67910E-10
 7.00000E-01    3.39550E-10    3.39550E-10    3.39550E-10
 8.00000E-01    7.95380E-10    7.95380E-10    7.95380E-10
 9.00000E-01    1.95970E-09    1.95970E-09    1.95970E-09
 1.00000E+00    4.78090E-09    0.00000E+00    9.92973E-09
 1.20000E+00    2.68060E-08    0.00000E+00    5.56750E-08
 1.40000E+00    1.11490E-07    0.00000E+00    2.31560E-07
 1.60000E+00    4.30950E-07    0.00000E+00    8.95065E-07
 1.80000E+00    2.26840E-06    0.00000E+00    5.07673E-06
 2.00000E+00    8.99551E-06    0.00000E+00    2.01322E-05
 2.20000E+00    2.69671E-05    0.00000E+00    6.03530E-05
 2.40000E+00    8.40976E-05    0.00000E+00    1.88212E-04
 2.60000E+00    2.49546E-04    8.98734E-05    4.09219E-04
 2.80000E+00    6.07773E-04    2.18888E-04    9.96658E-04
 3.00000E+00    1.57111E-03    5.65832E-04    2.57639E-03
 3.20000E+00    3.49257E-03    1.25784E-03    5.72730E-03
 3.40000E+00    7.55751E-03    2.72182E-03    1.23932E-02
 3.60000E+00    1.72228E-02    6.20275E-03    2.82428E-02
 3.80000E+00    3.38725E-02    1.21991E-02    5.55459E-02
 4.00000E+00    6.57073E-02    2.36643E-02    1.07750E-01
 4.20000E+00    1.23346E-01    4.44228E-02    2.02269E-01
 4.40000E+00    2.14733E-01    7.73356E-02    3.52130E-01
 4.60000E+00    3.23676E-01    1.38658E-01    5.08694E-01
 4.80000E+00    3.70943E-01    1.58906E-01    5.82980E-01
 5.00000E+00    4.02673E-01    1.72499E-01    6.32847E-01
 5.20000E+00    4.49757E-01    1.92669E-01    7.06845E-01
 5.40000E+00    5.04352E-01    2.16056E-01    7.92648E-01
 5.60000E+00    5.96550E-01    2.55552E-01    9.37548E-01
 5.80000E+00    6.98725E-01    2.99323E-01    1.09813E+00
 6.00000E+00    8.17786E-01    3.50326E-01    1.28525E+00
 6.24374E+00    1.01131E+00    4.33229E-01    1.58939E+00
 6.40000E+00    1.13301E+00    4.85362E-01    1.78065E+00
 6.60000E+00    1.33792E+00    6.90520E-01    1.98532E+00
 7.00000E+00    1.77852E+00    9.17918E-01    2.63912E+00
 7.20000E+00    2.07503E+00    1.07095E+00    3.07911E+00
 7.40000E+00    2.32273E+00    1.19879E+00    3.44667E+00
 7.60000E+00    2.65621E+00    1.37091E+00    3.94152E+00
 7.80000E+00    3.01349E+00    1.55531E+00    4.47168E+00
 8.00000E+00    3.26550E+00    1.68537E+00    4.84563E+00
 8.50000E+00    4.27431E+00    2.20603E+00    6.34260E+00
 9.00000E+00    5.51451E+00    2.47664E+00    8.55239E+00
 9.50000E+00    6.99255E+00    3.14044E+00    1.08447E+01
 1.00000E+01    8.70750E+00    3.91065E+00    1.35043E+01
 1.01411E+01    9.25630E+00    4.15712E+00    1.43555E+01
 1.02842E+01    9.81285E+00    4.40707E+00    1.52186E+01
 1.04292E+01    1.03773E+01    4.66056E+00    1.60940E+01
 1.05000E+01    1.06525E+01    4.78417E+00    1.65208E+01
 1.06481E+01    1.12961E+01    5.07323E+00    1.75190E+01
 1.07984E+01    1.19488E+01    5.36637E+00    1.85313E+01
 1.09507E+01    1.26107E+01    5.66364E+00    1.95578E+01
 1.10000E+01    1.28249E+01    5.75982E+00    1.98900E+01
 1.11552E+01    1.35546E+01    6.08753E+00    2.10216E+01
 1.13126E+01    1.42945E+01    6.41986E+00    2.21692E+01
 1.14722E+01    1.50449E+01    6.75687E+00    2.33330E+01
 1.15000E+01    1.51758E+01    6.81564E+00    2.35360E+01
 1.16622E+01    1.60062E+01    7.18858E+00    2.48238E+01
 1.18268E+01    1.68483E+01    7.56679E+00    2.61298E+01
 1.19936E+01    1.77023E+01    7.95033E+00    2.74543E+01
 1.20000E+01    1.77349E+01    7.96497E+00    2.75048E+01
 1.21693E+01    1.86263E+01    8.36532E+00    2.88873E+01
 1.23410E+01    1.95303E+01    8.77131E+00    3.02893E+01
 1.25000E+01    2.03676E+01    9.14734E+00    3.15879E+01
 1.26764E+01    2.13186E+01    9.57445E+00    3.30627E+01
 1.28552E+01    2.22830E+01    1.00076E+01    3.45584E+01
 1.30000E+01    2.30639E+01    1.01944E+01    3.59334E+01
 1.31834E+01    2.40490E+01    1.06298E+01    3.74682E+01
 1.33694E+01    2.50480E+01    1.10713E+01    3.90246E+01
 1.35000E+01    2.57494E+01    1.13814E+01    4.01174E+01
 1.36905E+01    2.67014E+01    1.18022E+01    4.16007E+01
 1.38836E+01    2.76669E+01    1.22289E+01    4.31049E+01
 1.40000E+01    2.82487E+01    1.24861E+01    4.40113E+01
 1.41975E+01    2.92063E+01    1.29094E+01    4.55033E+01
 1.43978E+01    3.01775E+01    1.33386E+01    4.70163E+01
 1.45000E+01    3.06729E+01    1.35576E+01    4.77882E+01
 1.47046E+01    3.15337E+01    1.39381E+01    4.91294E+01
 1.49120E+01    3.24067E+01    1.43239E+01    5.04895E+01
 1.50000E+01    3.27769E+01    1.44876E+01    5.10662E+01
 1.52116E+01    3.34151E+01    1.47697E+01    5.20606E+01
 1.54262E+01    3.40624E+01    1.50558E+01    5.30690E+01
 1.56439E+01    3.47187E+01    1.53459E+01    5.40916E+01
 1.58646E+01    3.53844E+01    1.56401E+01    5.51287E+01
 1.60000E+01    3.57928E+01    1.40537E+01    5.75319E+01
 1.62257E+01    3.58827E+01    1.40890E+01    5.76763E+01
 1.64546E+01    3.59738E+01    1.41248E+01    5.78228E+01
 1.66868E+01    3.60662E+01    1.41611E+01    5.79713E+01
 1.69222E+01    3.61599E+01    1.41979E+01    5.81220E+01
 1.70000E+01    3.61909E+01    1.42101E+01    5.81717E+01
 1.72398E+01    3.58655E+01    1.40823E+01    5.76488E+01
 1.74831E+01    3.55356E+01    1.39528E+01    5.71184E+01
 1.77297E+01    3.52010E+01    1.38214E+01    5.65806E+01
 1.79799E+01    3.48616E+01    1.36881E+01    5.60351E+01
 1.80000E+01    3.48343E+01    1.36774E+01    5.59912E+01
 1.82539E+01    3.41493E+01    1.34085E+01    5.48902E+01
 1.85115E+01    3.34547E+01    1.31357E+01    5.37737E+01
 1.87726E+01    3.27503E+01    1.28591E+01    5.26414E+01
 1.90000E+01    3.21370E+01    1.26183E+01    5.16557E+01
 1.92681E+01    3.11897E+01    1.22464E+01    5.01330E+01
 1.95399E+01    3.02291E+01    1.18692E+01    4.85889E+01
 1.98156E+01    2.92549E+01    1.14867E+01    4.70231E+01
 2.00000E+01    2.86031E+01    9.82667E+00    4.73795E+01
 2.02822E+01    2.78314E+01    9.56156E+00    4.61013E+01
 2.05683E+01    2.70488E+01    9.29270E+00    4.48050E+01
 2.08585E+01    2.62552E+01    9.02005E+00    4.34904E+01
 2.10000E+01    2.58682E+01    8.88709E+00    4.28493E+01
 2.12963E+01    2.51675E+01    8.64637E+00    4.16887E+01
 2.15967E+01    2.44569E+01    8.40225E+00    4.05116E+01
 2.19014E+01    2.37364E+01    8.15469E+00    3.93180E+01
 2.20000E+01    2.35032E+01    8.07459E+00    3.89318E+01
 2.23104E+01    2.27949E+01    7.83126E+00    3.77586E+01
 2.26251E+01    2.20767E+01    7.58451E+00    3.65689E+01
 2.29443E+01    2.13483E+01    7.33427E+00    3.53624E+01
 2.30000E+01    2.12213E+01    7.29064E+00    3.51520E+01
 2.33245E+01    2.05723E+01    7.06768E+00    3.40770E+01
 2.36536E+01    1.99142E+01    6.84157E+00    3.29868E+01
 2.39873E+01    1.92468E+01    6.61228E+00    3.18813E+01
 2.40000E+01    1.92213E+01    6.02567E+00    3.24169E+01
 2.43386E+01    1.86022E+01    5.83160E+00    3.13729E+01
 2.46820E+01    1.79745E+01    5.63480E+00    3.03141E+01
 2.50000E+01    1.73930E+01    5.45252E+00    2.93335E+01
 2.53527E+01    1.67999E+01    5.26657E+00    2.83331E+01
 2.57104E+01    1.61983E+01    5.07801E+00    2.73187E+01
 2.60000E+01    1.57113E+01    4.92532E+00    2.64973E+01
 2.63668E+01    1.51429E+01    4.74714E+00    2.55387E+01
 2.67388E+01    1.45665E+01    4.56645E+00    2.45666E+01
 2.70000E+01    1.41618E+01    4.43957E+00    2.38840E+01
 2.73809E+01    1.36353E+01    4.27453E+00    2.29961E+01
 2.77672E+01    1.31014E+01    4.10716E+00    2.20957E+01
 2.80000E+01    1.27797E+01    4.00630E+00    2.15531E+01
 2.83950E+01    1.22847E+01    3.85112E+00    2.07183E+01
 2.87956E+01    1.17827E+01    3.69375E+00    1.98716E+01
 2.90000E+01    1.15266E+01    3.61347E+00    1.94397E+01
 2.94091E+01    1.10538E+01    3.46525E+00    1.86424E+01
 2.98240E+01    1.05743E+01    3.31494E+00    1.78337E+01
 3.00000E+01    1.03710E+01    3.25120E+00    1.74908E+01
