# n + Kr 80 : (n,xg)    
# tendl.2019 A.J. Koning and D. Rochman        EVAL-NOV19
# 
# # energies =   128
#   E(MeV)        xs(mb) 
 6.24382E-01    0.00000E+00
 7.00000E-01    0.00000E+00
 8.00000E-01    0.00000E+00
 9.00000E-01    0.00000E+00
 1.00000E+00    0.00000E+00
 1.20000E+00    0.00000E+00
 1.27210E+00    0.00000E+00
 1.33718E+00    0.00000E+00
 1.40000E+00    0.00000E+00
 1.45422E+00    0.00000E+00
 1.60000E+00    0.00000E+00
 1.80000E+00    0.00000E+00
 1.81056E+00    0.00000E+00
 2.00000E+00    0.00000E+00
 2.17296E+00    0.00000E+00
 2.20000E+00    0.00000E+00
 2.40000E+00    0.00000E+00
 2.42225E+00    0.00000E+00
 2.47000E+00    0.00000E+00
 2.60000E+00    0.00000E+00
 2.69331E+00    0.00000E+00
 2.80000E+00    0.00000E+00
 2.82830E+00    0.00000E+00
 2.89562E+00    0.00000E+00
 3.00000E+00    0.00000E+00
 3.00647E+00    0.00000E+00
 3.03543E+00    0.00000E+00
 3.07793E+00    0.00000E+00
 3.08013E+00    0.00000E+00
 3.14947E+00    0.00000E+00
 3.20000E+00    0.00000E+00
 3.21286E+00    0.00000E+00
 3.38804E+00    0.00000E+00
 3.40000E+00    0.00000E+00
 3.45302E+00    0.00000E+00
 3.53202E+00    0.00000E+00
 3.57487E+00    0.00000E+00
 3.60000E+00    0.00000E+00
 3.60358E+00    0.00000E+00
 3.62690E+00    0.00000E+00
 3.68118E+00    0.00000E+00
 3.74645E+00    0.00000E+00
 3.80000E+00    0.00000E+00
 3.96603E+00    0.00000E+00
 4.00000E+00    0.00000E+00
 4.17831E+00    0.00000E+00
 4.20000E+00    0.00000E+00
 4.20562E+00    0.00000E+00
 4.21575E+00    0.00000E+00
 4.40000E+00    0.00000E+00
 4.43316E+00    0.00000E+00
 4.60000E+00    0.00000E+00
 4.80000E+00    0.00000E+00
 5.00000E+00    0.00000E+00
 5.20000E+00    0.00000E+00
 5.40000E+00    0.00000E+00
 5.60000E+00    0.00000E+00
 5.80000E+00    0.00000E+00
 6.00000E+00    0.00000E+00
 6.20000E+00    0.00000E+00
 6.40000E+00    0.00000E+00
 6.60000E+00    0.00000E+00
 6.80000E+00    0.00000E+00
 7.00000E+00    0.00000E+00
 7.20000E+00    0.00000E+00
 7.40000E+00    0.00000E+00
 7.60000E+00    0.00000E+00
 7.80000E+00    0.00000E+00
 8.00000E+00    0.00000E+00
 8.50000E+00    0.00000E+00
 9.00000E+00    0.00000E+00
 9.50000E+00    0.00000E+00
 1.00000E+01    0.00000E+00
 1.05000E+01    0.00000E+00
 1.10000E+01    0.00000E+00
 1.15000E+01    0.00000E+00
 1.20000E+01    0.00000E+00
 1.25000E+01    0.00000E+00
 1.30000E+01    0.00000E+00
 1.35000E+01    0.00000E+00
 1.40000E+01    0.00000E+00
 1.45000E+01    0.00000E+00
 1.50000E+01    0.00000E+00
 1.60000E+01    0.00000E+00
 1.70000E+01    0.00000E+00
 1.80000E+01    0.00000E+00
 1.90000E+01    0.00000E+00
 2.00000E+01    0.00000E+00
 2.10000E+01    0.00000E+00
 2.20000E+01    0.00000E+00
 2.30000E+01    0.00000E+00
 2.40000E+01    0.00000E+00
 2.50000E+01    0.00000E+00
 2.60000E+01    0.00000E+00
 2.70000E+01    0.00000E+00
 2.80000E+01    0.00000E+00
 2.90000E+01    0.00000E+00
 3.00000E+01    0.00000E+00
 3.00000E+01    3.74228E+03
 3.20000E+01    3.86190E+03
 3.40000E+01    4.00893E+03
 3.60000E+01    4.08984E+03
 3.80000E+01    4.07094E+03
 4.00000E+01    3.97946E+03
 4.20000E+01    3.91410E+03
 4.40000E+01    3.89786E+03
 4.60000E+01    3.87783E+03
 4.80000E+01    3.88091E+03
 5.00000E+01    3.85223E+03
 5.20000E+01    3.81473E+03
 5.40000E+01    3.78690E+03
 5.60000E+01    3.73293E+03
 5.80000E+01    3.70096E+03
 6.00000E+01    3.66698E+03
 6.50000E+01    3.57863E+03
 7.00000E+01    3.48427E+03
 7.50000E+01    3.40758E+03
 8.00000E+01    3.32039E+03
 9.00000E+01    3.14918E+03
 1.00000E+02    3.09818E+03
 1.10000E+02    3.00622E+03
 1.20000E+02    2.88090E+03
 1.30000E+02    2.78634E+03
 1.40000E+02    2.68313E+03
 1.50000E+02    2.59467E+03
 1.60000E+02    2.50529E+03
 1.80000E+02    2.28993E+03
 2.00000E+02    2.02718E+03
