# n + Sn124 : (n,n'17)  
# tendl.2019 A.J. Koning and D. Rochman        EVAL-NOV19
# uncertainties: n
# # energies =    70
#   E(MeV)       xs(mb) 
 2.71039E+00    0.00000E+00
 2.72377E+00    2.11057E+00
 2.72519E+00    2.33457E+00
 2.72803E+00    2.78256E+00
 2.77546E+00    1.02643E+01
 2.80000E+00    1.41353E+01
 2.84225E+00    1.65537E+01
 2.85967E+00    1.75507E+01
 2.87837E+00    1.86211E+01
 2.89878E+00    1.97894E+01
 2.90208E+00    1.99783E+01
 2.98219E+00    2.45637E+01
 3.00000E+00    2.55831E+01
 3.01235E+00    2.56385E+01
 3.03561E+00    2.57429E+01
 3.13481E+00    2.61880E+01
 3.20000E+00    2.64805E+01
 3.40000E+00    2.34469E+01
 3.60000E+00    1.93956E+01
 3.80000E+00    1.54092E+01
 4.00000E+00    1.19245E+01
 4.20000E+00    9.06695E+00
 4.40000E+00    6.81642E+00
 4.60000E+00    5.09262E+00
 4.80000E+00    3.79738E+00
 5.00000E+00    2.83561E+00
 5.20000E+00    2.12655E+00
 5.40000E+00    1.60354E+00
 5.60000E+00    1.21679E+00
 5.80000E+00    9.28918E-01
 6.00000E+00    7.12596E-01
 6.20000E+00    5.48403E-01
 6.40000E+00    4.21821E-01
 6.60000E+00    3.24432E-01
 6.80000E+00    2.49470E-01
 7.00000E+00    1.91556E-01
 7.20000E+00    1.47045E-01
 7.40000E+00    1.12612E-01
 7.60000E+00    8.63543E-02
 7.80000E+00    6.61311E-02
 8.00000E+00    5.06588E-02
 8.50000E+00    2.61749E-02
 9.00000E+00    1.36982E-02
 9.50000E+00    7.29725E-03
 1.00000E+01    3.96752E-03
 1.05000E+01    2.20503E-03
 1.10000E+01    1.25395E-03
 1.15000E+01    7.27641E-04
 1.20000E+01    4.29051E-04
 1.25000E+01    2.56175E-04
 1.30000E+01    1.54518E-04
 1.35000E+01    9.40011E-05
 1.40000E+01    5.76343E-05
 1.45000E+01    3.55971E-05
 1.50000E+01    2.21448E-05
 1.60000E+01    8.75414E-06
 1.70000E+01    3.55940E-06
 1.80000E+01    1.48805E-06
 1.90000E+01    6.38610E-07
 2.00000E+01    2.79310E-07
 2.10000E+01    1.25270E-07
 2.20000E+01    5.71010E-08
 2.30000E+01    2.63500E-08
 2.40000E+01    1.22780E-08
 2.50000E+01    5.77090E-09
 2.60000E+01    2.74120E-09
 2.70000E+01    1.32040E-09
 2.80000E+01    6.44850E-10
 2.90000E+01    3.19530E-10
 3.00000E+01    1.60490E-10
