# n + Xe128 : (n,4n)m   
# tendl.2019 A.J. Koning and D. Rochman        EVAL-NOV19
# uncertainties: n
# # energies =    34
#   E(MeV)       xs(mb) 
 2.73475E+01    0.00000E+00
 2.80000E+01    3.08952E-01
 2.90000E+01    3.92462E+00
 3.00000E+01    1.60917E+01
 3.00000E+01    1.60918E+01
 3.20000E+01    8.30694E+01
 3.40000E+01    1.88821E+02
 3.60000E+01    2.91181E+02
 3.80000E+01    3.62585E+02
 4.00000E+01    4.01187E+02
 4.20000E+01    4.06372E+02
 4.40000E+01    3.80821E+02
 4.60000E+01    3.38868E+02
 4.80000E+01    2.92574E+02
 5.00000E+01    2.50741E+02
 5.20000E+01    2.19270E+02
 5.40000E+01    1.95847E+02
 5.60000E+01    1.78334E+02
 5.80000E+01    1.66383E+02
 6.00000E+01    1.57161E+02
 6.50000E+01    1.39150E+02
 7.00000E+01    1.26328E+02
 7.50000E+01    1.15534E+02
 8.00000E+01    1.07923E+02
 9.00000E+01    9.28008E+01
 1.00000E+02    8.17019E+01
 1.10000E+02    7.35343E+01
 1.20000E+02    6.65718E+01
 1.30000E+02    6.05478E+01
 1.40000E+02    5.55757E+01
 1.50000E+02    5.08236E+01
 1.60000E+02    4.70817E+01
 1.80000E+02    3.98645E+01
 2.00000E+02    3.46920E+01
