# n + Zr 90 : (n,el)    
# jendl4.0   JNDC FP NUCLEAR DATA W.G.         EVAL-AUG89
# uncertainties: n
# # energies =    69
#   E(MeV)       xs(mb) 
 1.00000E-10    6.92575E+03
 5.00000E-09    5.35474E+03
 1.00000E-08    5.30856E+03
 1.50000E-08    5.29054E+03
 2.00000E-08    5.28067E+03
 2.50000E-08    5.27464E+03
 3.00000E-08    5.27033E+03
 3.50000E-08    5.26696E+03
 4.20000E-08    5.26358E+03
 5.00000E-08    5.26136E+03
 5.80000E-08    5.25945E+03
 6.70000E-08    5.25746E+03
 8.00000E-08    5.25591E+03
 1.00000E-07    5.25365E+03
 1.40000E-07    5.25228E+03
 1.80000E-07    5.25115E+03
 2.20000E-07    5.25033E+03
 2.50000E-07    5.25015E+03
 2.80000E-07    5.25002E+03
 3.00000E-07    5.24991E+03
 3.20000E-07    5.24978E+03
 3.50000E-07    5.24958E+03
 4.00000E-07    5.24919E+03
 5.00000E-07    5.24861E+03
 6.25000E-07    5.24821E+03
 7.80000E-07    5.24819E+03
 8.50000E-07    5.24818E+03
 9.10000E-07    5.24818E+03
 9.50000E-07    5.24817E+03
 9.72000E-07    5.24817E+03
 9.96000E-07    5.24817E+03
 1.02000E-06    5.24817E+03
 1.04500E-06    5.24816E+03
 1.07100E-06    5.24816E+03
 1.09700E-06    5.24816E+03
 1.12300E-06    5.24816E+03
 1.15000E-06    5.24815E+03
 1.30000E-06    5.24813E+03
 1.50000E-06    5.24808E+03
 2.10000E-06    5.24802E+03
 2.60000E-06    5.24796E+03
 3.30000E-06    5.24788E+03
 4.00000E-06    5.24756E+03
 9.87700E-06    5.24688E+03
 1.59680E-05    5.24592E+03
 2.77000E-05    5.24419E+03
 4.80520E-05    5.24155E+03
 7.55014E-05    5.23632E+03
 1.48728E-04    5.22151E+03
 3.67262E-04    5.18218E+03
 9.06898E-04    5.11567E+03
 1.42510E-03    5.00128E+03
 2.23945E-03    4.54093E+03
 3.51910E-03    1.20622E+04
 5.53000E-03    6.61935E+03
 9.11800E-03    8.35482E+03
 1.50300E-02    1.30965E+04
 2.47800E-02    6.46995E+03
 4.08500E-02    1.23075E+04
 6.73400E-02    8.20731E+03
 1.11000E-01    8.73883E+03
 1.83000E-01    9.25547E+03
 3.02000E-01    8.84871E+03
 5.00000E-01    7.86702E+03
 8.21000E-01    6.24902E+03
 1.35300E+00    4.76964E+03
 2.23100E+00    3.15208E+03
 3.67900E+00    2.21652E+03
 6.06500E+00    2.40833E+03
