# n + Zr 90 : (n,n')    
# jendl4.0   JNDC FP NUCLEAR DATA W.G.         EVAL-AUG89
# uncertainties: y
# # energies =    31
#   E(MeV)       xs(mb)       xslow(mb)      xsupp(mb)
 1.78045E+00    0.00000E+00    0.00000E+00    0.00000E+00
 1.78050E+00    3.97647E-02    3.63052E-02    4.32242E-02
 1.80000E+00    1.70982E+01    1.56107E+01    1.85857E+01
 2.00000E+00    2.03957E+02    1.93147E+02    2.14767E+02
 2.21100E+00    2.74340E+02    2.59800E+02    2.88880E+02
 2.21103E+00    2.74352E+02    2.59811E+02    2.88893E+02
 2.25000E+00    4.16480E+02    3.94407E+02    4.38553E+02
 2.34512E+00    6.46239E+02    6.11988E+02    6.80490E+02
 2.50000E+00    8.56845E+02    8.11432E+02    9.02258E+02
 2.76953E+00    9.93104E+02    9.40470E+02    1.04574E+03
 2.77870E+00    1.00552E+03    9.52227E+02    1.05881E+03
 2.77873E+00    1.00556E+03    9.52265E+02    1.05885E+03
 3.00000E+00    1.18825E+03    1.12527E+03    1.25123E+03
 3.11170E+00    1.22006E+03    1.15540E+03    1.28472E+03
 3.11172E+00    1.22006E+03    1.15540E+03    1.28472E+03
 3.34582E+00    1.32879E+03    1.25836E+03    1.39922E+03
 3.34612E+00    1.32921E+03    1.25876E+03    1.39966E+03
 3.50000E+00    1.43345E+03    1.35748E+03    1.50942E+03
 4.00000E+00    1.74890E+03    1.67720E+03    1.82060E+03
 5.00000E+00    1.75466E+03    1.68272E+03    1.82660E+03
 6.00000E+00    1.73395E+03    1.63858E+03    1.82932E+03
 7.00000E+00    1.74761E+03    1.65149E+03    1.84373E+03
 8.00000E+00    1.76270E+03    1.72040E+03    1.80500E+03
 1.00000E+01    1.72354E+03    1.63564E+03    1.81144E+03
 1.20000E+01    1.62684E+03    1.50645E+03    1.74723E+03
 1.30000E+01    1.31184E+03    1.21476E+03    1.40892E+03
 1.40000E+01    9.25685E+02    8.39596E+02    1.01177E+03
 1.50000E+01    6.65588E+02    6.03688E+02    7.27488E+02
 1.60000E+01    5.14043E+02    4.08664E+02    6.19422E+02
 1.80000E+01    3.61146E+02    2.96501E+02    4.25791E+02
 2.00000E+01    2.87420E+02    2.35972E+02    3.38868E+02
