# n + Co 60 : (n,tot)   
# tendl.2019 A.J. Koning and D. Rochman        EVAL-NOV19
# uncertainties: y
# # energies =   171
#   E(MeV)       xs(mb)       xslow(mb)      xsupp(mb)
 1.00000E-11    3.08228E+04    3.01237E+04    3.15220E+04
 1.00000E-07    5.10244E+03    4.67647E+03    5.52841E+03
 4.13990E-07    4.84049E+03    4.40425E+03    5.27673E+03
 5.31580E-07    4.78425E+03    4.34683E+03    5.22167E+03
 6.82560E-07    4.73445E+03    4.30158E+03    5.16731E+03
 8.76420E-07    4.69039E+03    4.25504E+03    5.12574E+03
 1.12540E-06    4.65173E+03    4.21147E+03    5.09198E+03
 1.44500E-06    4.61831E+03    4.18122E+03    5.05540E+03
 1.85540E-06    4.58640E+03    4.15233E+03    5.02047E+03
 2.37240E-06    4.56046E+03    4.12231E+03    4.99860E+03
 3.05900E-06    4.53237E+03    4.09353E+03    4.97122E+03
 3.92790E-06    4.51132E+03    4.07451E+03    4.94812E+03
 5.04350E-06    4.48749E+03    4.04888E+03    4.92611E+03
 6.47600E-06    4.46892E+03    4.03096E+03    4.90688E+03
 8.31530E-06    4.44954E+03    4.01146E+03    4.88762E+03
 1.06770E-05    4.42930E+03    3.99070E+03    4.86790E+03
 1.37100E-05    4.41343E+03    3.97640E+03    4.85046E+03
 1.76030E-05    4.39337E+03    3.95629E+03    4.83045E+03
 2.26030E-05    4.37357E+03    3.93642E+03    4.81071E+03
 2.92030E-05    4.35568E+03    3.92032E+03    4.79103E+03
 3.72670E-05    4.33300E+03    3.89800E+03    4.76800E+03
 4.78510E-05    4.30818E+03    3.87425E+03    4.74210E+03
 6.14420E-05    4.28371E+03    3.85004E+03    4.71738E+03
 7.88930E-05    4.25237E+03    3.82094E+03    4.68381E+03
 1.01300E-04    4.21216E+03    3.77897E+03    4.64535E+03
 1.30070E-04    4.16163E+03    3.73363E+03    4.58962E+03
 1.67020E-04    4.09740E+03    3.67600E+03    4.51879E+03
 2.14450E-04    4.01122E+03    3.59108E+03    4.43137E+03
 2.75360E-04    3.87529E+03    3.46938E+03    4.28120E+03
 3.53580E-04    3.62007E+03    3.23241E+03    4.00773E+03
 4.54000E-04    3.63322E+04    3.23546E+04    4.03097E+04
 5.82950E-04    4.27103E+03    3.75533E+03    4.78672E+03
 7.48520E-04    4.35330E+04    3.56783E+04    5.13877E+04
 9.61120E-04    4.37204E+03    3.65292E+03    5.09116E+03
 1.23410E-03    3.15536E+03    2.84986E+03    3.46086E+03
 1.58460E-03    6.82820E+04    5.20987E+04    8.44653E+04
 2.03470E-03    4.62106E+04    2.49934E+04    6.74277E+04
 2.24870E-03    4.45147E+04    2.40762E+04    6.49533E+04
 2.48520E-03    4.31332E+04    2.33290E+04    6.29374E+04
 2.61260E-03    4.21492E+04    2.27968E+04    6.15016E+04
 2.74650E-03    4.05794E+04    2.19477E+04    5.92110E+04
 3.03540E-03    3.90952E+04    2.11450E+04    5.70453E+04
 3.35460E-03    3.79854E+04    2.05448E+04    5.54260E+04
 3.70740E-03    3.64256E+04    1.97011E+04    5.31501E+04
 4.30740E-03    3.34712E+04    1.81032E+04    4.88392E+04
 5.53080E-03    2.95753E+04    1.59961E+04    4.31546E+04
 7.10170E-03    2.69738E+04    1.45890E+04    3.93585E+04
 9.11880E-03    2.42461E+04    1.31137E+04    3.53785E+04
 1.17090E-02    2.24339E+04    1.48591E+04    3.00087E+04
 1.50340E-02    2.02771E+04    1.34305E+04    2.71237E+04
 1.93050E-02    1.84950E+04    1.22501E+04    2.47398E+04
 2.18750E-02    1.78948E+04    1.18526E+04    2.39370E+04
 2.35790E-02    1.75870E+04    1.16488E+04    2.35253E+04
 2.41760E-02    1.74266E+04    1.15425E+04    2.33108E+04
 2.47880E-02    1.71780E+04    1.13779E+04    2.29782E+04
 2.60580E-02    1.68839E+04    1.11830E+04    2.25847E+04
 2.70000E-02    1.65610E+04    1.09691E+04    2.21528E+04
 2.85000E-02    1.59944E+04    1.05939E+04    2.13949E+04
 3.18280E-02    1.55782E+04    1.03182E+04    2.08381E+04
 3.43070E-02    1.50195E+04    9.94818E+03    2.00909E+04
 4.08680E-02    1.42607E+04    9.44556E+03    1.90758E+04
 4.63090E-02    1.35536E+04    8.97725E+03    1.81300E+04
 5.24750E-02    1.29300E+04    8.56418E+03    1.72958E+04
 5.65620E-02    1.21983E+04    8.07955E+03    1.63171E+04
 6.73790E-02    1.17112E+04    1.00747E+04    1.33477E+04
 7.20000E-02    1.13660E+04    9.77770E+03    1.29542E+04
 7.95000E-02    1.10630E+04    9.51708E+03    1.26089E+04
 8.25000E-02    1.08718E+04    9.35263E+03    1.23911E+04
 8.65170E-02    1.04565E+04    8.99532E+03    1.19177E+04
 9.80370E-02    9.91524E+03    8.52970E+03    1.13008E+04
 1.11090E-01    9.65290E+03    8.30402E+03    1.10018E+04
 1.16790E-01    9.49407E+03    8.16738E+03    1.08208E+04
 1.22770E-01    9.32708E+03    8.02373E+03    1.06304E+04
 1.29070E-01    9.15139E+03    7.87259E+03    1.04302E+04
 1.35690E-01    8.96685E+03    7.71384E+03    1.02199E+04
 1.42640E-01    8.78292E+03    7.55561E+03    1.00102E+04
 1.49960E-01    8.60111E+03    7.39921E+03    9.80302E+03
 1.57640E-01    8.40999E+03    7.23479E+03    9.58519E+03
 1.65730E-01    8.21153E+03    7.06407E+03    9.35900E+03
 1.74220E-01    8.00514E+03    6.88651E+03    9.12376E+03
 1.83160E-01    7.78808E+03    6.69979E+03    8.87637E+03
 1.92550E-01    7.56260E+03    6.50581E+03    8.61938E+03
 2.02420E-01    7.38766E+03    6.35532E+03    8.42000E+03
 2.12800E-01    7.23042E+03    6.22005E+03    8.24078E+03
 2.23710E-01    7.06512E+03    6.07785E+03    8.05239E+03
 2.35180E-01    6.89133E+03    5.92835E+03    7.85431E+03
 2.47240E-01    6.61951E+03    5.69451E+03    7.54451E+03
 2.73240E-01    6.35376E+03    5.46590E+03    7.24162E+03
 2.87250E-01    6.29105E+03    5.41195E+03    7.17015E+03
 2.94520E-01    6.27652E+03    5.39945E+03    7.15359E+03
 2.97200E-01    6.27491E+03    5.39807E+03    7.15176E+03
 2.98500E-01    6.26943E+03    5.39335E+03    7.14551E+03
 3.01970E-01    6.13790E+03    5.30302E+03    6.97278E+03
 3.33730E-01    5.88148E+03    5.08148E+03    6.68148E+03
 3.68830E-01    5.68406E+03    4.91092E+03    6.45721E+03
 3.87740E-01    5.54719E+03    4.79266E+03    6.30172E+03
 4.07620E-01    5.31082E+03    4.58844E+03    6.03321E+03
 4.50490E-01    5.11500E+03    4.41925E+03    5.81074E+03
 4.97870E-01    5.00708E+03    4.32601E+03    5.68814E+03
 5.23400E-01    4.91016E+03    4.24227E+03    5.57804E+03
 5.50230E-01    4.81881E+03    4.16335E+03    5.47426E+03
 5.78440E-01    4.73145E+03    4.08787E+03    5.37502E+03
 6.08100E-01    4.64220E+03    4.01076E+03    5.27363E+03
 6.39280E-01    4.56363E+03    3.94288E+03    5.18438E+03
 6.72060E-01    4.48925E+03    3.87862E+03    5.09988E+03
 7.06510E-01    4.41105E+03    4.12031E+03    4.70178E+03
 7.42740E-01    4.33289E+03    4.04731E+03    4.61848E+03
 7.80820E-01    4.26867E+03    3.98732E+03    4.55003E+03
 8.20850E-01    4.21230E+03    3.93466E+03    4.48994E+03
 8.62940E-01    4.15035E+03    3.87679E+03    4.42390E+03
 9.07180E-01    4.08864E+03    3.81916E+03    4.35813E+03
 9.61640E-01    4.02951E+03    3.76392E+03    4.29510E+03
 1.00260E+00    3.94978E+03    3.68944E+03    4.21011E+03
 1.10800E+00    3.87874E+03    3.62309E+03    4.13439E+03
 1.16480E+00    3.82963E+03    3.57721E+03    4.08204E+03
 1.22460E+00    3.75383E+03    3.48107E+03    4.02658E+03
 1.28730E+00    3.71700E+03    3.44693E+03    3.98708E+03
 1.35340E+00    3.69911E+03    3.43034E+03    3.96789E+03
 1.42270E+00    3.64068E+03    3.37615E+03    3.90521E+03
 1.49570E+00    3.58576E+03    3.32522E+03    3.84630E+03
 1.57240E+00    3.59935E+03    3.33782E+03    3.86087E+03
 1.65300E+00    3.56932E+03    3.30997E+03    3.82866E+03
 1.73770E+00    3.54560E+03    3.28798E+03    3.80322E+03
 1.82680E+00    3.52885E+03    3.27244E+03    3.78525E+03
 1.92050E+00    3.50898E+03    3.25402E+03    3.76394E+03
 2.01900E+00    3.49111E+03    3.17359E+03    3.80863E+03
 2.12250E+00    3.47937E+03    3.16292E+03    3.79583E+03
 2.23130E+00    3.47006E+03    3.15445E+03    3.78567E+03
 2.30690E+00    3.46668E+03    3.15138E+03    3.78198E+03
 2.34570E+00    3.46515E+03    3.14999E+03    3.78031E+03
 2.36530E+00    3.46412E+03    3.14905E+03    3.77919E+03
 2.38520E+00    3.46348E+03    3.14847E+03    3.77849E+03
 2.46600E+00    3.46560E+03    3.15040E+03    3.78081E+03
 2.59240E+00    3.46855E+03    3.15308E+03    3.78402E+03
 2.72530E+00    3.47749E+03    3.16121E+03    3.79377E+03
 2.86500E+00    3.48991E+03    3.39438E+03    3.58544E+03
 3.01190E+00    3.50377E+03    3.40786E+03    3.59969E+03
 3.16640E+00    3.52390E+03    3.42744E+03    3.62036E+03
 3.32870E+00    3.55779E+03    3.46040E+03    3.65518E+03
 3.67880E+00    3.60691E+03    3.50818E+03    3.70565E+03
 4.06570E+00    3.66099E+03    3.56078E+03    3.76121E+03
 4.49330E+00    3.69681E+03    3.59561E+03    3.79800E+03
 4.72370E+00    3.71676E+03    3.61502E+03    3.81850E+03
 4.96590E+00    3.73240E+03    3.57345E+03    3.89135E+03
 5.22050E+00    3.73984E+03    3.58057E+03    3.89911E+03
 5.48810E+00    3.74406E+03    3.58461E+03    3.90351E+03
 5.76950E+00    3.73704E+03    3.57789E+03    3.89619E+03
 6.06530E+00    3.72652E+03    3.56782E+03    3.88523E+03
 6.37630E+00    3.70903E+03    3.55107E+03    3.86698E+03
 6.59240E+00    3.69737E+03    3.53991E+03    3.85483E+03
 6.70320E+00    3.68031E+03    3.52358E+03    3.83705E+03
 7.04690E+00    3.64565E+03    3.40989E+03    3.88141E+03
 7.40820E+00    3.60721E+03    3.37394E+03    3.84049E+03
 7.78800E+00    3.56475E+03    3.33422E+03    3.79528E+03
 8.18730E+00    3.51381E+03    3.28658E+03    3.74105E+03
 8.60710E+00    3.45983E+03    3.23609E+03    3.68358E+03
 9.04840E+00    3.40304E+03    3.18297E+03    3.62311E+03
 9.51230E+00    3.34075E+03    3.09582E+03    3.58569E+03
 1.00000E+01    3.27313E+03    3.03315E+03    3.51311E+03
 1.05130E+01    3.20135E+03    2.96663E+03    3.43606E+03
 1.10520E+01    3.12625E+03    2.89704E+03    3.35546E+03
 1.16180E+01    3.04872E+03    2.82519E+03    3.27224E+03
 1.22140E+01    2.96985E+03    2.75211E+03    3.18759E+03
 1.28400E+01    2.89106E+03    2.67909E+03    3.10302E+03
 1.34990E+01    2.83327E+03    2.62554E+03    3.04100E+03
 1.38400E+01    2.79535E+03    2.59877E+03    2.99192E+03
 1.41910E+01    2.75845E+03    2.56447E+03    2.95243E+03
 1.45500E+01    2.72292E+03    2.53144E+03    2.91441E+03
 1.49180E+01    2.67247E+03    2.48453E+03    2.86040E+03
 1.56830E+01    2.61060E+03    2.42702E+03    2.79419E+03
 1.64870E+01    2.55573E+03    2.37600E+03    2.73546E+03
