# n + Ce140 : (n,n'12)  
# tendl.2019 A.J. Koning and D. Rochman        EVAL-NOV19
# uncertainties: n
# # energies =    76
#   E(MeV)       xs(mb) 
 2.56559E+00    0.00000E+00
 2.60000E+00    4.00924E+01
 2.64784E+00    4.73866E+01
 2.67747E+00    5.19042E+01
 2.80000E+00    7.05863E+01
 2.92057E+00    7.58306E+01
 3.00000E+00    7.92855E+01
 3.02276E+00    7.95474E+01
 3.03865E+00    7.97303E+01
 3.06192E+00    7.99981E+01
 3.14103E+00    8.09086E+01
 3.19114E+00    8.14853E+01
 3.20000E+00    8.15873E+01
 3.24926E+00    8.21484E+01
 3.27927E+00    8.24903E+01
 3.34434E+00    8.32315E+01
 3.35502E+00    8.33531E+01
 3.40000E+00    8.38655E+01
 3.41575E+00    8.36305E+01
 3.41918E+00    8.35793E+01
 3.43443E+00    8.33518E+01
 3.44929E+00    8.31301E+01
 3.45755E+00    8.30069E+01
 3.49862E+00    8.23941E+01
 3.60000E+00    8.08816E+01
 3.80000E+00    6.89828E+01
 4.00000E+00    5.52384E+01
 4.20000E+00    4.21477E+01
 4.40000E+00    3.10940E+01
 4.60000E+00    2.25328E+01
 4.80000E+00    1.62456E+01
 5.00000E+00    1.17486E+01
 5.20000E+00    8.55555E+00
 5.40000E+00    6.28292E+00
 5.60000E+00    4.65176E+00
 5.80000E+00    3.47026E+00
 6.00000E+00    2.60362E+00
 6.20000E+00    1.95744E+00
 6.40000E+00    1.47615E+00
 6.60000E+00    1.11514E+00
 6.80000E+00    8.43622E-01
 7.00000E+00    6.39233E-01
 7.20000E+00    4.85564E-01
 7.40000E+00    3.70011E-01
 7.60000E+00    2.83088E-01
 7.80000E+00    2.17046E-01
 8.00000E+00    1.67706E-01
 8.50000E+00    8.92323E-02
 9.00000E+00    4.87564E-02
 9.50000E+00    2.72466E-02
 1.00000E+01    1.54559E-02
 1.05000E+01    8.83926E-03
 1.10000E+01    5.07830E-03
 1.15000E+01    2.92779E-03
 1.20000E+01    1.69585E-03
 1.25000E+01    9.87843E-04
 1.30000E+01    5.79000E-04
 1.35000E+01    3.41692E-04
 1.40000E+01    2.03129E-04
 1.45000E+01    1.21659E-04
 1.50000E+01    7.33989E-05
 1.60000E+01    2.72723E-05
 1.70000E+01    1.03838E-05
 1.80000E+01    4.04062E-06
 1.90000E+01    1.59222E-06
 2.00000E+01    6.43320E-07
 2.10000E+01    2.65030E-07
 2.20000E+01    1.11160E-07
 2.30000E+01    4.76520E-08
 2.40000E+01    2.07240E-08
 2.50000E+01    9.16230E-09
 2.60000E+01    4.11430E-09
 2.70000E+01    1.87510E-09
 2.80000E+01    8.65390E-10
 2.90000E+01    4.04200E-10
 3.00000E+01    1.90710E-10
