# p + Kr 81 : (p,g)     
# tendl.2019 A.J. Koning                       EVAL-OCT19
# uncertainties: y
# # energies =    49
#   E(MeV)       xs(mb)       xslow(mb)      xsupp(mb)
 1.00000E-11    0.00000E+00    0.00000E+00    0.00000E+00
 1.00000E-03    7.04478E-12    7.04478E-12    7.04478E-12
 5.00000E-01    7.04478E-12    3.64884E-12    1.04407E-11
 1.00000E+00    8.68284E-06    5.99622E-06    1.13695E-05
 2.00000E+00    1.00731E-01    6.95630E-02    1.31899E-01
 3.00000E+00    2.39604E+00    1.44846E+00    3.34362E+00
 4.00000E+00    8.57919E-01    5.18633E-01    1.19721E+00
 5.00000E+00    1.08660E+00    6.34627E-01    1.53857E+00
 6.00000E+00    1.50767E+00    8.80552E-01    2.13479E+00
 7.00000E+00    1.79365E+00    1.14779E+00    2.43951E+00
 8.00000E+00    1.82107E+00    1.16534E+00    2.47680E+00
 9.00000E+00    1.64170E+00    1.05055E+00    2.23285E+00
 1.00000E+01    1.38570E+00    4.22892E-01    2.34851E+00
 1.10000E+01    1.18356E+00    3.61202E-01    2.00592E+00
 1.20000E+01    1.10464E+00    3.37117E-01    1.87216E+00
 1.30000E+01    1.06312E+00    3.24446E-01    1.80179E+00
 1.40000E+01    1.05487E+00    0.00000E+00    2.18519E+00
 1.50000E+01    1.08142E+00    0.00000E+00    2.24019E+00
 1.60000E+01    1.08423E+00    0.00000E+00    2.24601E+00
 1.70000E+01    1.08831E+00    0.00000E+00    2.25446E+00
 1.80000E+01    1.03879E+00    0.00000E+00    2.40443E+00
 1.90000E+01    9.74475E-01    0.00000E+00    2.25556E+00
 2.00000E+01    8.52081E-01    0.00000E+00    1.97226E+00
 2.20000E+01    6.62502E-01    0.00000E+00    1.50971E+00
 2.40000E+01    5.18400E-01    0.00000E+00    1.18133E+00
 2.60000E+01    4.21257E-01    0.00000E+00    9.25618E-01
 2.80000E+01    3.67434E-01    0.00000E+00    8.07354E-01
 3.00000E+01    3.20873E-01    0.00000E+00    7.05047E-01
 3.00000E+01    3.20872E-01    0.00000E+00    7.05044E-01
 3.50000E+01    2.41758E-01    0.00000E+00    5.31209E-01
 4.00000E+01    2.20081E-01    0.00000E+00    4.83580E-01
 4.50000E+01    1.78614E-01    0.00000E+00    3.92465E-01
 5.00000E+01    1.76282E-01    0.00000E+00    3.87340E-01
 5.50000E+01    1.54743E-01    0.00000E+00    3.40014E-01
 6.00000E+01    1.47054E-01    0.00000E+00    3.23118E-01
 6.50000E+01    1.29844E-01    0.00000E+00    2.85304E-01
 7.00000E+01    1.27628E-01    0.00000E+00    2.80433E-01
 7.50000E+01    1.21771E-01    0.00000E+00    2.67564E-01
 8.00000E+01    1.13024E-01    0.00000E+00    2.48344E-01
 9.00000E+01    8.74072E-02    0.00000E+00    1.92058E-01
 1.00000E+02    7.92862E-02    0.00000E+00    1.74214E-01
 1.10000E+02    6.92134E-02    0.00000E+00    1.52081E-01
 1.20000E+02    6.29584E-02    0.00000E+00    1.38337E-01
 1.30000E+02    5.72524E-02    0.00000E+00    1.25799E-01
 1.40000E+02    4.76882E-02    0.00000E+00    1.04784E-01
 1.50000E+02    3.74228E-02    0.00000E+00    8.22282E-02
 1.60000E+02    3.05779E-02    0.00000E+00    6.71881E-02
 1.80000E+02    2.57373E-02    0.00000E+00    5.65520E-02
 2.00000E+02    2.16649E-02    0.00000E+00    4.76038E-02
