# n + Pu237 : (n,f)     
# jendl4.0   O.Iwamoto,T.Nakagawa+             EVAL-FEB10
# uncertainties: y
# # energies =    69
#   E(MeV)       xs(mb)       xslow(mb)      xsupp(mb)
 1.00000E-10    1.63360E+07    1.63360E+07    1.63360E+07
 5.00000E-09    4.38957E+06    4.38957E+06    4.38957E+06
 1.00000E-08    3.31512E+06    3.31512E+06    3.31512E+06
 1.50000E-08    2.78046E+06    2.78046E+06    2.78046E+06
 2.00000E-08    2.44328E+06    2.44328E+06    2.44328E+06
 2.50000E-08    2.20650E+06    2.20650E+06    2.20650E+06
 3.00000E-08    2.02889E+06    2.02889E+06    2.02889E+06
 3.50000E-08    1.86610E+06    1.86610E+06    1.86610E+06
 4.20000E-08    1.70757E+06    1.70757E+06    1.70757E+06
 5.00000E-08    1.57563E+06    1.57563E+06    1.57563E+06
 5.80000E-08    1.46495E+06    1.46495E+06    1.46495E+06
 6.70000E-08    1.35242E+06    1.35242E+06    1.35242E+06
 8.00000E-08    1.22438E+06    1.22438E+06    1.22438E+06
 1.00000E-07    1.06591E+06    1.06591E+06    1.06591E+06
 1.40000E-07    9.20392E+05    9.20392E+05    9.20392E+05
 1.80000E-07    8.22291E+05    8.22291E+05    8.22291E+05
 2.20000E-07    7.57555E+05    7.57555E+05    7.57555E+05
 2.50000E-07    7.13467E+05    7.13467E+05    7.13467E+05
 2.80000E-07    7.00802E+05    7.00802E+05    7.00802E+05
 3.00000E-07    7.58149E+05    3.91963E+05    1.12433E+06
 3.20000E-07    7.47640E+05    3.86530E+05    1.10875E+06
 3.50000E-07    7.06909E+05    3.65472E+05    1.04835E+06
 4.00000E-07    6.46312E+05    3.34143E+05    9.58480E+05
 5.00000E-07    5.77519E+05    2.98577E+05    8.56460E+05
 6.25000E-07    5.16244E+05    2.66898E+05    7.65591E+05
 7.80000E-07    4.77518E+05    2.46877E+05    7.08159E+05
 8.50000E-07    4.59294E+05    2.37455E+05    6.81133E+05
 9.10000E-07    4.46578E+05    2.30881E+05    6.62275E+05
 9.50000E-07    4.39206E+05    2.27070E+05    6.51343E+05
 9.72000E-07    4.34011E+05    2.24384E+05    6.43639E+05
 9.96000E-07    4.28782E+05    2.21680E+05    6.35884E+05
 1.02000E-06    4.23646E+05    2.19025E+05    6.28268E+05
 1.04500E-06    4.18508E+05    2.16369E+05    6.20647E+05
 1.07100E-06    4.13483E+05    2.13771E+05    6.13196E+05
 1.09700E-06    4.08578E+05    2.11235E+05    6.05922E+05
 1.12300E-06    4.03812E+05    2.08771E+05    5.98853E+05
 1.15000E-06    3.89367E+05    2.01303E+05    5.77432E+05
 1.30000E-06    3.64384E+05    1.88387E+05    5.40382E+05
 1.50000E-06    3.23563E+05    1.67282E+05    4.79843E+05
 2.10000E-06    2.81789E+05    1.45685E+05    4.17893E+05
 2.60000E-06    2.51695E+05    1.30126E+05    3.73264E+05
 3.30000E-06    2.25906E+05    1.16794E+05    3.35019E+05
 4.00000E-06    1.73092E+05    8.94885E+04    2.56695E+05
 9.87700E-06    1.21634E+05    6.28846E+04    1.80383E+05
 1.59680E-05    9.40101E+04    4.86032E+04    1.39417E+05
 2.77000E-05    7.13298E+04    3.68775E+04    1.05782E+05
 4.80520E-05    5.54148E+04    2.86495E+04    8.21802E+04
 7.55014E-05    4.18575E+04    2.16403E+04    6.20747E+04
 1.48728E-04    2.82693E+04    1.46153E+04    4.19234E+04
 3.67262E-04    1.80135E+04    9.31296E+03    2.67140E+04
 9.06898E-04    1.28255E+04    6.63080E+03    1.90203E+04
 1.42510E-03    1.03146E+04    5.33264E+03    1.52965E+04
 2.23945E-03    8.34402E+03    4.42233E+03    1.22657E+04
 3.51910E-03    6.82147E+03    3.61538E+03    1.00276E+04
 5.53000E-03    5.60387E+03    3.12136E+03    8.08639E+03
 9.11800E-03    4.69469E+03    2.73231E+03    6.65707E+03
 1.50300E-02    4.05220E+03    2.42321E+03    5.68118E+03
 2.47800E-02    3.63929E+03    2.36554E+03    4.91305E+03
 4.08500E-02    3.38776E+03    2.36127E+03    4.41426E+03
 6.73400E-02    3.21376E+03    2.32033E+03    4.10718E+03
 1.11000E-01    2.99178E+03    2.19297E+03    3.79058E+03
 1.83000E-01    2.87326E+03    2.10610E+03    3.64041E+03
 3.02000E-01    2.60494E+03    1.85472E+03    3.35516E+03
 5.00000E-01    2.39714E+03    1.69238E+03    3.10190E+03
 8.21000E-01    2.37521E+03    1.80041E+03    2.95001E+03
 1.35300E+00    2.45788E+03    1.89011E+03    3.02565E+03
 2.23100E+00    2.36064E+03    1.82005E+03    2.90122E+03
 3.67900E+00    2.18601E+03    1.66356E+03    2.70847E+03
 6.06500E+00    2.49279E+03    1.98924E+03    2.99633E+03
