# n + Zr 92 : (n,el)    
# jendl4.0   JNDC FP NUCLEAR DATA W.G.         EVAL-AUG89
# uncertainties: n
# # energies =   616
#   E(MeV)       xs(mb) 
 1.00000E-11    4.22860E+04
 1.04713E-11    4.13473E+04
 1.09648E-11    4.04295E+04
 1.14815E-11    3.95343E+04
 1.20226E-11    3.86589E+04
 1.25893E-11    3.78052E+04
 1.31826E-11    3.69705E+04
 1.38038E-11    3.61562E+04
 1.44544E-11    3.53604E+04
 1.51356E-11    3.45838E+04
 1.58489E-11    3.38254E+04
 1.65959E-11    3.30846E+04
 1.73780E-11    3.23619E+04
 1.81970E-11    3.16556E+04
 1.90546E-11    3.09670E+04
 1.99526E-11    3.02938E+04
 2.08930E-11    2.96376E+04
 2.18776E-11    2.89962E+04
 2.29087E-11    2.83709E+04
 2.39883E-11    2.77601E+04
 2.51189E-11    2.71642E+04
 2.63027E-11    2.65828E+04
 2.75423E-11    2.60150E+04
 2.88403E-11    2.54616E+04
 3.01995E-11    2.49210E+04
 3.16228E-11    2.43943E+04
 3.31131E-11    2.38797E+04
 3.46737E-11    2.33784E+04
 3.63078E-11    2.28890E+04
 3.80189E-11    2.24120E+04
 3.98107E-11    2.19466E+04
 4.16869E-11    2.14928E+04
 4.36516E-11    2.10506E+04
 4.57088E-11    2.06190E+04
 4.78630E-11    2.01989E+04
 5.01187E-11    1.97890E+04
 5.24807E-11    1.93893E+04
 5.49541E-11    1.90004E+04
 5.75440E-11    1.86209E+04
 6.02560E-11    1.82514E+04
 6.30957E-11    1.78917E+04
 6.60693E-11    1.75409E+04
 6.91831E-11    1.71997E+04
 7.24436E-11    1.68674E+04
 7.58578E-11    1.65435E+04
 7.94328E-11    1.62288E+04
 8.31764E-11    1.59223E+04
 8.70964E-11    1.56238E+04
 9.12011E-11    1.53339E+04
 9.54993E-11    1.50516E+04
 1.00000E-10    1.47771E+04
 1.04713E-10    1.45105E+04
 1.09648E-10    1.42510E+04
 1.14815E-10    1.39990E+04
 1.20226E-10    1.37543E+04
 1.25893E-10    1.35163E+04
 1.31826E-10    1.32854E+04
 1.38038E-10    1.30612E+04
 1.44544E-10    1.28435E+04
 1.51356E-10    1.26322E+04
 1.58489E-10    1.24274E+04
 1.65959E-10    1.22288E+04
 1.73780E-10    1.20360E+04
 1.81970E-10    1.18493E+04
 1.90546E-10    1.16685E+04
 1.99526E-10    1.14934E+04
 2.08930E-10    1.13237E+04
 2.18776E-10    1.11595E+04
 2.29087E-10    1.10007E+04
 2.39883E-10    1.08470E+04
 2.51189E-10    1.06984E+04
 2.63027E-10    1.05548E+04
 2.75423E-10    1.04161E+04
 2.88403E-10    1.02822E+04
 3.01995E-10    1.01529E+04
 3.16228E-10    1.00281E+04
 3.31131E-10    9.90765E+03
 3.46737E-10    9.79152E+03
 3.63078E-10    9.67968E+03
 3.80189E-10    9.57192E+03
 3.98107E-10    9.46813E+03
 4.16869E-10    9.36823E+03
 4.36516E-10    9.27211E+03
 4.57088E-10    9.17967E+03
 4.78630E-10    9.09077E+03
 5.01187E-10    9.00533E+03
 5.24807E-10    8.92328E+03
 5.49541E-10    8.84449E+03
 5.75440E-10    8.76884E+03
 6.02560E-10    8.69627E+03
 6.30957E-10    8.62668E+03
 6.60693E-10    8.55993E+03
 6.91831E-10    8.49595E+03
 7.24436E-10    8.43469E+03
 7.58578E-10    8.37599E+03
 7.94328E-10    8.31985E+03
 8.31764E-10    8.26599E+03
 8.70964E-10    8.21446E+03
 9.12011E-10    8.16514E+03
 9.54993E-10    8.11800E+03
 1.00000E-09    8.07297E+03
 1.04713E-09    8.02999E+03
 1.09648E-09    7.98867E+03
 1.14815E-09    7.94920E+03
 1.20226E-09    7.91158E+03
 1.25892E-09    7.87577E+03
 1.31826E-09    7.84130E+03
 1.38038E-09    7.80835E+03
 1.44544E-09    7.77713E+03
 1.51356E-09    7.74718E+03
 1.58489E-09    7.71836E+03
 1.65959E-09    7.69123E+03
 1.73780E-09    7.66502E+03
 1.81970E-09    7.63996E+03
 1.90546E-09    7.61640E+03
 1.99526E-09    7.59338E+03
 2.08930E-09    7.57185E+03
 2.18776E-09    7.55099E+03
 2.29087E-09    7.53113E+03
 2.39883E-09    7.51238E+03
 2.51189E-09    7.49407E+03
 2.63027E-09    7.47706E+03
 2.75423E-09    7.46029E+03
 2.88403E-09    7.44485E+03
 3.01995E-09    7.42950E+03
 3.16228E-09    7.41545E+03
 3.31131E-09    7.40146E+03
 3.46737E-09    7.38860E+03
 3.63078E-09    7.37601E+03
 3.80189E-09    7.36398E+03
 3.98107E-09    7.35280E+03
 4.16869E-09    7.34154E+03
 4.36516E-09    7.33155E+03
 4.57088E-09    7.32129E+03
 4.78630E-09    7.31194E+03
 5.01187E-09    7.30303E+03
 5.24807E-09    7.29398E+03
 5.49541E-09    7.28612E+03
 5.75440E-09    7.27815E+03
 6.02560E-09    7.27030E+03
 6.30957E-09    7.26352E+03
 6.60693E-09    7.25651E+03
 6.91831E-09    7.24966E+03
 7.24436E-09    7.24381E+03
 7.58578E-09    7.23776E+03
 7.94328E-09    7.23165E+03
 8.31764E-09    7.22657E+03
 8.70964E-09    7.22145E+03
 9.12011E-09    7.21610E+03
 9.54993E-09    7.21140E+03
 1.00000E-08    7.20719E+03
 1.04713E-08    7.20278E+03
 1.09648E-08    7.19823E+03
 1.14815E-08    7.19451E+03
 1.20226E-08    7.19099E+03
 1.25893E-08    7.18730E+03
 1.31826E-08    7.18346E+03
 1.38038E-08    7.18030E+03
 1.44544E-08    7.17746E+03
 1.51356E-08    7.17449E+03
 1.58489E-08    7.17138E+03
 1.65959E-08    7.16835E+03
 1.73780E-08    7.16608E+03
 1.81970E-08    7.16378E+03
 1.90546E-08    7.16138E+03
 1.99526E-08    7.15887E+03
 2.08930E-08    7.15636E+03
 2.18776E-08    7.15442E+03
 2.29087E-08    7.15249E+03
 2.39883E-08    7.15047E+03
 2.51189E-08    7.14864E+03
 2.63027E-08    7.14723E+03
 2.75423E-08    7.14577E+03
 2.88403E-08    7.14424E+03
 3.01995E-08    7.14263E+03
 3.16228E-08    7.14095E+03
 3.31131E-08    7.13931E+03
 3.46737E-08    7.13825E+03
 3.63078E-08    7.13721E+03
 3.80189E-08    7.13613E+03
 3.98107E-08    7.13500E+03
 4.16869E-08    7.13381E+03
 4.36516E-08    7.13257E+03
 4.57088E-08    7.13129E+03
 4.78630E-08    7.13042E+03
 5.01187E-08    7.12974E+03
 5.24807E-08    7.12903E+03
 5.49541E-08    7.12829E+03
 5.75440E-08    7.12751E+03
 6.02560E-08    7.12669E+03
 6.30957E-08    7.12584E+03
 6.60693E-08    7.12494E+03
 6.91831E-08    7.12404E+03
 7.24436E-08    7.12352E+03
 7.58578E-08    7.12311E+03
 7.94328E-08    7.12268E+03
 8.31764E-08    7.12222E+03
 8.70964E-08    7.12175E+03
 9.12011E-08    7.12125E+03
 9.54993E-08    7.12073E+03
 1.00000E-07    7.12019E+03
 1.04713E-07    7.11962E+03
 1.09648E-07    7.11902E+03
 1.14815E-07    7.11840E+03
 1.20226E-07    7.11805E+03
 1.25893E-07    7.11784E+03
 1.31826E-07    7.11761E+03
 1.38038E-07    7.11738E+03
 1.44544E-07    7.11713E+03
 1.51356E-07    7.11687E+03
 1.58489E-07    7.11660E+03
 1.65959E-07    7.11632E+03
 1.73780E-07    7.11602E+03
 1.81970E-07    7.11571E+03
 1.90546E-07    7.11539E+03
 1.99526E-07    7.11505E+03
 2.08930E-07    7.11469E+03
 2.18776E-07    7.11432E+03
 2.29087E-07    7.11393E+03
 2.39883E-07    7.11372E+03
 2.51189E-07    7.11363E+03
 2.63027E-07    7.11353E+03
 2.75423E-07    7.11342E+03
 2.88403E-07    7.11331E+03
 3.01995E-07    7.11320E+03
 3.16228E-07    7.11308E+03
 3.31131E-07    7.11295E+03
 3.46737E-07    7.11282E+03
 3.63078E-07    7.11268E+03
 3.80189E-07    7.11253E+03
 3.98107E-07    7.11238E+03
 4.16869E-07    7.11222E+03
 4.36516E-07    7.11206E+03
 4.57088E-07    7.11188E+03
 4.78630E-07    7.11170E+03
 5.01187E-07    7.11151E+03
 5.24807E-07    7.11131E+03
 5.49541E-07    7.11110E+03
 5.75440E-07    7.11088E+03
 6.02560E-07    7.11065E+03
 6.30957E-07    7.11041E+03
 6.60693E-07    7.11016E+03
 6.91831E-07    7.10998E+03
 7.24436E-07    7.10990E+03
 7.58578E-07    7.10983E+03
 7.94328E-07    7.10975E+03
 8.31764E-07    7.10967E+03
 8.70964E-07    7.10958E+03
 9.12011E-07    7.10949E+03
 9.54993E-07    7.10940E+03
 1.00000E-06    7.10930E+03
 1.04713E-06    7.10919E+03
 1.09648E-06    7.10908E+03
 1.14815E-06    7.10897E+03
 1.20226E-06    7.10885E+03
 1.25893E-06    7.10873E+03
 1.31826E-06    7.10860E+03
 1.38038E-06    7.10846E+03
 1.44544E-06    7.10832E+03
 1.51356E-06    7.10817E+03
 1.58489E-06    7.10801E+03
 1.65959E-06    7.10785E+03
 1.73780E-06    7.10767E+03
 1.81970E-06    7.10749E+03
 1.90546E-06    7.10730E+03
 1.99526E-06    7.10711E+03
 2.08930E-06    7.10690E+03
 2.18776E-06    7.10668E+03
 2.29087E-06    7.10646E+03
 2.39883E-06    7.10622E+03
 2.51189E-06    7.10597E+03
 2.63027E-06    7.10571E+03
 2.75423E-06    7.10544E+03
 2.88403E-06    7.10515E+03
 3.01995E-06    7.10485E+03
 3.16228E-06    7.10454E+03
 3.31131E-06    7.10421E+03
 3.46737E-06    7.10387E+03
 3.63078E-06    7.10351E+03
 3.80189E-06    7.10313E+03
 3.98107E-06    7.10274E+03
 4.16869E-06    7.10232E+03
 4.36516E-06    7.10189E+03
 4.57088E-06    7.10144E+03
 4.78630E-06    7.10096E+03
 5.01187E-06    7.10047E+03
 5.24807E-06    7.09995E+03
 5.49541E-06    7.09940E+03
 5.75440E-06    7.09883E+03
 6.02560E-06    7.09824E+03
 6.30957E-06    7.09761E+03
 6.60693E-06    7.09696E+03
 6.91831E-06    7.09627E+03
 7.24436E-06    7.09556E+03
 7.58578E-06    7.09480E+03
 7.94328E-06    7.09402E+03
 8.31764E-06    7.09319E+03
 8.70964E-06    7.09233E+03
 9.12011E-06    7.09143E+03
 9.54993E-06    7.09048E+03
 1.00000E-05    7.08949E+03
 1.04713E-05    7.08846E+03
 1.09648E-05    7.08737E+03
 1.14815E-05    7.08623E+03
 1.20226E-05    7.08504E+03
 1.25893E-05    7.08379E+03
 1.31826E-05    7.08249E+03
 1.38038E-05    7.08112E+03
 1.44544E-05    7.07969E+03
 1.51356E-05    7.07819E+03
 1.58489E-05    7.07662E+03
 1.65959E-05    7.07498E+03
 1.73780E-05    7.07326E+03
 1.81970E-05    7.07145E+03
 1.90546E-05    7.06957E+03
 1.99526E-05    7.06759E+03
 2.08930E-05    7.06552E+03
 2.18776E-05    7.06335E+03
 2.29087E-05    7.06109E+03
 2.39883E-05    7.05871E+03
 2.51189E-05    7.05622E+03
 2.63027E-05    7.05362E+03
 2.75423E-05    7.05089E+03
 2.88403E-05    7.04803E+03
 3.01995E-05    7.04504E+03
 3.16228E-05    7.04191E+03
 3.31131E-05    7.03863E+03
 3.46737E-05    7.03520E+03
 3.63078E-05    7.03160E+03
 3.80189E-05    7.02784E+03
 3.98107E-05    7.02389E+03
 4.16869E-05    7.01976E+03
 4.36516E-05    7.01544E+03
 4.57088E-05    7.01091E+03
 4.78630E-05    7.00617E+03
 5.01187E-05    7.00121E+03
 5.24807E-05    6.99601E+03
 5.49541E-05    6.99057E+03
 5.75440E-05    6.98487E+03
 6.02560E-05    6.97890E+03
 6.30957E-05    6.97265E+03
 6.60693E-05    6.96611E+03
 6.91831E-05    6.95926E+03
 7.24436E-05    6.95208E+03
 7.58578E-05    6.94457E+03
 7.94328E-05    6.93670E+03
 8.31764E-05    6.92847E+03
 8.70964E-05    6.91984E+03
 9.12011E-05    6.91081E+03
 9.54993E-05    6.90135E+03
 1.00000E-04    6.89144E+03
 1.04713E-04    6.88107E+03
 1.09648E-04    6.87021E+03
 1.14815E-04    6.85884E+03
 1.20226E-04    6.84694E+03
 1.25893E-04    6.83447E+03
 1.31826E-04    6.82141E+03
 1.38038E-04    6.80777E+03
 1.44544E-04    6.79490E+03
 1.51356E-04    6.78220E+03
 1.58489E-04    6.76890E+03
 1.65959E-04    6.75498E+03
 1.73780E-04    6.74040E+03
 1.81970E-04    6.72513E+03
 1.90546E-04    6.70915E+03
 1.99526E-04    6.69241E+03
 2.08930E-04    6.67488E+03
 2.18776E-04    6.65652E+03
 2.29087E-04    6.63730E+03
 2.39883E-04    6.61718E+03
 2.51189E-04    6.59610E+03
 2.63027E-04    6.57404E+03
 2.75423E-04    6.55093E+03
 2.88403E-04    6.52673E+03
 3.01995E-04    6.50140E+03
 3.16228E-04    6.47541E+03
 3.31131E-04    6.45108E+03
 3.46737E-04    6.42603E+03
 3.63078E-04    6.39979E+03
 3.80189E-04    6.37232E+03
 3.98107E-04    6.34355E+03
 4.16869E-04    6.31343E+03
 4.36516E-04    6.28188E+03
 4.57088E-04    6.24885E+03
 4.78630E-04    6.21427E+03
 5.01187E-04    6.17805E+03
 5.24807E-04    6.14013E+03
 5.49541E-04    6.10190E+03
 5.75440E-04    6.06461E+03
 6.02560E-04    6.02562E+03
 6.30957E-04    5.98479E+03
 6.60693E-04    5.94204E+03
 6.91831E-04    5.89728E+03
 7.24436E-04    5.85040E+03
 7.58578E-04    5.80131E+03
 7.94328E-04    5.74992E+03
 8.31764E-04    5.69610E+03
 8.70964E-04    5.63974E+03
 9.12011E-04    5.58073E+03
 9.54993E-04    5.51893E+03
 1.00000E-03    5.45423E+03
 1.04713E-03    5.38647E+03
 1.09648E-03    5.31552E+03
 1.14815E-03    5.24123E+03
 1.20226E-03    5.16225E+03
 1.25893E-03    5.07265E+03
 1.31826E-03    4.97771E+03
 1.38038E-03    4.87749E+03
 1.44544E-03    4.76206E+03
 1.51356E-03    4.63779E+03
 1.58489E-03    4.49625E+03
 1.65959E-03    4.33662E+03
 1.73780E-03    4.15068E+03
 1.81970E-03    3.93165E+03
 1.90546E-03    3.66937E+03
 1.99526E-03    3.53481E+03
 2.08930E-03    2.91483E+03
 2.18776E-03    2.34520E+03
 2.29087E-03    1.54595E+03
 2.39883E-03    4.84395E+02
 2.51189E-03    3.51670E+03
 2.63027E-03    2.78310E+05
 2.75423E-03    3.19620E+04
 2.88403E-03    1.48254E+04
 3.01995E-03    1.08309E+04
 3.16228E-03    9.00795E+03
 3.31131E-03    7.91626E+03
 3.46737E-03    7.14132E+03
 3.63078E-03    6.51304E+03
 3.80189E-03    5.96086E+03
 3.98107E-03    3.58405E+04
 4.16869E-03    4.46171E+03
 4.36516E-03    1.89343E+03
 4.57088E-03    6.78572E+04
 4.78630E-03    9.73138E+03
 5.01187E-03    1.03386E+04
 5.24807E-03    5.99391E+03
 5.49541E-03    5.09012E+03
 5.75440E-03    4.09061E+03
 6.02560E-03    2.67711E+03
 6.30957E-03    6.65258E+02
 6.60693E-03    1.18273E+05
 6.91831E-03    3.30987E+04
 7.24436E-03    1.49503E+04
 7.58578E-03    1.14530E+04
 7.94328E-03    9.86738E+03
 8.31764E-03    8.82190E+03
 8.70964E-03    1.25044E+04
 9.12011E-03    1.54813E+04
 9.54993E-03    1.09058E+04
 1.00000E-02    8.09215E+03
 1.04713E-02    7.80100E+03
 1.09648E-02    7.58677E+03
 1.14815E-02    1.43955E+04
 1.20226E-02    7.60890E+03
 1.25893E-02    8.58847E+03
 1.31826E-02    6.98842E+03
 1.38038E-02    1.25354E+04
 1.44544E-02    7.22215E+03
 1.51356E-02    6.66314E+03
 1.58489E-02    6.55053E+03
 1.65959E-02    1.37205E+04
 1.73780E-02    6.31464E+03
 1.81970E-02    6.94881E+03
 1.90546E-02    6.02000E+03
 1.99526E-02    6.26793E+03
 2.08930E-02    4.98855E+03
 2.18776E-02    3.11857E+03
 2.29087E-02    2.51884E+04
 2.39883E-02    8.60381E+03
 2.51189E-02    8.00815E+03
 2.63027E-02    1.00491E+04
 2.75423E-02    1.03327E+04
 2.88403E-02    6.48794E+03
 3.01995E-02    9.17960E+03
 3.16228E-02    8.55452E+03
 3.31131E-02    7.25092E+03
 3.46737E-02    1.78440E+04
 3.63078E-02    6.67878E+03
 3.80189E-02    1.31953E+04
 3.98107E-02    9.28223E+03
 4.16869E-02    6.36119E+03
 4.36516E-02    1.10802E+04
 4.57088E-02    2.91405E+04
 4.78630E-02    9.44699E+03
 5.01187E-02    4.46214E+03
 5.24807E-02    1.34775E+04
 5.49541E-02    1.03086E+04
 5.75440E-02    9.15420E+03
 6.02560E-02    1.17583E+04
 6.30957E-02    1.06479E+04
 6.60693E-02    7.90023E+03
 6.91831E-02    7.79652E+03
 7.24436E-02    8.86717E+03
 7.58578E-02    8.90906E+03
 7.94328E-02    8.95129E+03
 8.31764E-02    8.99372E+03
 8.70964E-02    9.03607E+03
 9.12011E-02    9.07472E+03
 9.54993E-02    9.11321E+03
 1.00000E-01    9.13975E+03
 1.04713E-01    9.15358E+03
 1.09648E-01    9.16808E+03
 1.14815E-01    9.18332E+03
 1.20226E-01    9.19920E+03
 1.25893E-01    9.21577E+03
 1.31826E-01    9.23311E+03
 1.38038E-01    9.25124E+03
 1.44544E-01    9.27053E+03
 1.51356E-01    9.30207E+03
 1.58489E-01    9.34076E+03
 1.65959E-01    9.37800E+03
 1.73780E-01    9.37795E+03
 1.81970E-01    9.36636E+03
 1.90546E-01    9.35420E+03
 1.99526E-01    9.33634E+03
 2.08930E-01    9.31150E+03
 2.18776E-01    9.28547E+03
 2.29087E-01    9.25822E+03
 2.39883E-01    9.22969E+03
 2.51189E-01    9.19981E+03
 2.63027E-01    9.16852E+03
 2.75423E-01    9.13576E+03
 2.88403E-01    9.10146E+03
 3.01995E-01    9.06554E+03
 3.16228E-01    9.02792E+03
 3.31131E-01    8.98854E+03
 3.46737E-01    8.94729E+03
 3.63078E-01    8.90411E+03
 3.80189E-01    8.85888E+03
 3.98107E-01    8.81142E+03
 4.16869E-01    8.75465E+03
 4.36516E-01    8.69084E+03
 4.57088E-01    8.62403E+03
 4.78630E-01    8.55408E+03
 5.01187E-01    8.46808E+03
 5.24807E-01    8.35911E+03
 5.49541E-01    8.24484E+03
 5.75440E-01    8.12519E+03
 6.02560E-01    7.99989E+03
 6.30957E-01    7.86869E+03
 6.60693E-01    7.73131E+03
 6.91831E-01    7.58745E+03
 7.24436E-01    7.43681E+03
 7.58578E-01    7.27908E+03
 7.94328E-01    7.11975E+03
 8.31764E-01    6.97054E+03
 8.70964E-01    6.81547E+03
 9.12011E-01    6.64767E+03
 9.54993E-01    6.30944E+03
 1.00000E+00    5.98298E+03
 1.04713E+00    5.74699E+03
 1.09648E+00    5.49988E+03
 1.14815E+00    5.24113E+03
 1.20226E+00    4.97162E+03
 1.25893E+00    4.76671E+03
 1.31826E+00    4.59664E+03
 1.38038E+00    4.41225E+03
 1.44544E+00    4.20142E+03
 1.51356E+00    4.02071E+03
 1.58489E+00    3.85215E+03
 1.65959E+00    3.67564E+03
 1.73780E+00    3.51965E+03
 1.81970E+00    3.40277E+03
 1.90546E+00    3.24376E+03
 1.99526E+00    3.09938E+03
 2.08930E+00    2.97218E+03
 2.18776E+00    2.82892E+03
 2.29087E+00    2.71406E+03
 2.39883E+00    2.60662E+03
 2.51189E+00    2.52578E+03
 2.63027E+00    2.46408E+03
 2.75423E+00    2.40373E+03
 2.88403E+00    2.34089E+03
 3.01995E+00    2.27914E+03
 3.16228E+00    2.22540E+03
 3.31131E+00    2.17115E+03
 3.46737E+00    2.12310E+03
 3.63078E+00    2.09133E+03
 3.80189E+00    2.05864E+03
 3.98107E+00    2.04160E+03
 4.16869E+00    2.04944E+03
 4.36516E+00    2.05900E+03
 4.57088E+00    2.08342E+03
 4.78630E+00    2.11340E+03
 5.01187E+00    2.14409E+03
 5.24807E+00    2.17356E+03
 5.49541E+00    2.20454E+03
 5.75440E+00    2.23942E+03
 6.02560E+00    2.27166E+03
 6.30957E+00    2.29940E+03
 6.60693E+00    2.32495E+03
 6.91831E+00    2.34838E+03
 7.24436E+00    2.37260E+03
 7.58578E+00    2.39105E+03
 7.94328E+00    2.41246E+03
 8.31764E+00    2.44702E+03
 8.70964E+00    2.43794E+03
 9.12011E+00    2.41770E+03
 9.54993E+00    2.41094E+03
 1.00000E+01    2.39565E+03
 1.04713E+01    2.37414E+03
 1.09648E+01    2.34815E+03
 1.14815E+01    2.31615E+03
 1.20226E+01    2.27539E+03
 1.25893E+01    2.22593E+03
 1.31826E+01    2.16377E+03
 1.38038E+01    2.09559E+03
 1.44544E+01    2.02560E+03
 1.51356E+01    1.95248E+03
 1.58489E+01    1.87771E+03
 1.65959E+01    1.80422E+03
 1.73780E+01    1.73406E+03
 1.81970E+01    1.67536E+03
 1.90546E+01    1.62600E+03
 1.99526E+01    8.24915E+01
