# n + Ag107 : (n,tot)   
# jendl4.0   N.Iwamoto,K.Shibata               EVAL-Dec09
# uncertainties: n
# # energies =    69
#   E(MeV)       xs(mb) 
 1.00000E-10    2.73423E+05
 5.00000E-09    7.94139E+04
 1.00000E-08    6.18970E+04
 1.50000E-08    5.31573E+04
 2.00000E-08    4.76319E+04
 2.50000E-08    4.37240E+04
 3.00000E-08    4.07689E+04
 3.50000E-08    3.80560E+04
 4.20000E-08    3.54119E+04
 5.00000E-08    3.32092E+04
 5.80000E-08    3.13589E+04
 6.70000E-08    2.94759E+04
 8.00000E-08    2.73288E+04
 1.00000E-07    2.46612E+04
 1.40000E-07    2.21985E+04
 1.80000E-07    2.05261E+04
 2.20000E-07    1.94151E+04
 2.50000E-07    1.86528E+04
 2.80000E-07    1.81030E+04
 3.00000E-07    1.77146E+04
 3.20000E-07    1.72808E+04
 3.50000E-07    1.66784E+04
 4.00000E-07    1.57750E+04
 5.00000E-07    1.47321E+04
 6.25000E-07    1.37824E+04
 7.80000E-07    1.31695E+04
 8.50000E-07    1.28764E+04
 9.10000E-07    1.26701E+04
 9.50000E-07    1.25500E+04
 9.72000E-07    1.24642E+04
 9.96000E-07    1.23782E+04
 1.02000E-06    1.22929E+04
 1.04500E-06    1.22082E+04
 1.07100E-06    1.21226E+04
 1.09700E-06    1.20418E+04
 1.12300E-06    1.19607E+04
 1.15000E-06    1.17148E+04
 1.30000E-06    1.12836E+04
 1.50000E-06    1.05561E+04
 2.10000E-06    9.77890E+03
 2.60000E-06    9.19340E+03
 3.30000E-06    8.67125E+03
 4.00000E-06    7.56826E+03
 9.87700E-06    1.25165E+04
 1.59680E-05    8.26412E+04
 2.77000E-05    1.99072E+04
 4.80520E-05    6.79919E+04
 7.55014E-05    6.80617E+03
 1.48728E-04    1.26312E+04
 3.67262E-04    1.47787E+04
 9.06898E-04    1.23414E+04
 1.42510E-03    1.13593E+04
 2.23945E-03    9.02384E+03
 3.51910E-03    9.25412E+03
 5.53000E-03    9.00734E+03
 9.11800E-03    8.01770E+03
 1.50300E-02    7.76488E+03
 2.47800E-02    7.62528E+03
 4.08500E-02    7.61473E+03
 6.73400E-02    7.68910E+03
 1.11000E-01    7.74872E+03
 1.83000E-01    7.70261E+03
 3.02000E-01    7.48240E+03
 5.00000E-01    7.07079E+03
 8.21000E-01    6.39179E+03
 1.35300E+00    5.44637E+03
 2.23100E+00    4.41906E+03
 3.67900E+00    3.94242E+03
 6.06500E+00    4.25604E+03
