# n + Pt195 : (n,n'06)  
# endfb8.0   A.J. Koning and D. Rochman        EVAL-DEC15
# uncertainties: n
# # energies =    97
#   E(MeV)       xs(mb) 
 2.40507E-01    0.00000E+00
 2.60642E-01    2.41918E+01
 3.00000E-01    7.14796E+01
 3.91173E-01    1.09376E+02
 4.00000E-01    1.13045E+02
 4.21874E-01    1.15023E+02
 4.34235E-01    1.16142E+02
 4.43211E-01    1.16953E+02
 4.51986E-01    1.17747E+02
 4.57555E-01    1.18251E+02
 5.00000E-01    1.22090E+02
 5.10709E-01    1.21421E+02
 5.27563E-01    1.20368E+02
 5.41789E-01    1.19479E+02
 5.47015E-01    1.19153E+02
 5.50101E-01    1.18960E+02
 5.65722E-01    1.17984E+02
 5.93953E-01    1.16221E+02
 6.00000E-01    1.15843E+02
 6.15890E-01    1.13970E+02
 6.33398E-01    1.11907E+02
 6.35370E-01    1.11674E+02
 6.67636E-01    1.07871E+02
 6.70551E-01    1.07528E+02
 6.81508E-01    1.06237E+02
 6.98897E-01    1.04187E+02
 7.00000E-01    1.04057E+02
 7.43372E-01    9.95051E+01
 7.69762E-01    9.67354E+01
 7.97103E-01    9.38660E+01
 8.00000E-01    9.35619E+01
 9.00000E-01    8.25556E+01
 1.00000E+00    7.17693E+01
 1.20000E+00    5.37161E+01
 1.40000E+00    4.04074E+01
 1.60000E+00    3.08268E+01
 1.80000E+00    2.38909E+01
 2.00000E+00    1.87491E+01
 2.20000E+00    1.48343E+01
 2.40000E+00    1.17725E+01
 2.60000E+00    9.33381E+00
 2.80000E+00    7.38687E+00
 3.00000E+00    5.83301E+00
 3.20000E+00    4.59729E+00
 3.40000E+00    3.61924E+00
 3.60000E+00    2.84698E+00
 3.80000E+00    2.23791E+00
 4.00000E+00    1.75741E+00
 4.20000E+00    1.37853E+00
 4.40000E+00    1.08032E+00
 4.60000E+00    8.46034E-01
 4.80000E+00    6.62091E-01
 5.00000E+00    5.17617E-01
 5.20000E+00    4.04336E-01
 5.40000E+00    3.15431E-01
 5.60000E+00    2.44315E-01
 5.80000E+00    1.89662E-01
 6.00000E+00    1.46920E-01
 6.20000E+00    1.13800E-01
 6.40000E+00    8.81297E-02
 6.60000E+00    6.81271E-02
 6.80000E+00    5.26971E-02
 7.00000E+00    4.07247E-02
 7.20000E+00    3.14775E-02
 7.40000E+00    2.43555E-02
 7.60000E+00    1.88469E-02
 7.80000E+00    1.46243E-02
 8.00000E+00    1.13591E-02
 8.50000E+00    6.09274E-03
 9.00000E+00    3.31022E-03
 9.50000E+00    1.82058E-03
 1.00000E+01    1.01228E-03
 1.05000E+01    5.68275E-04
 1.10000E+01    3.21840E-04
 1.15000E+01    1.83789E-04
 1.20000E+01    1.05805E-04
 1.25000E+01    6.14245E-05
 1.30000E+01    3.59561E-05
 1.35000E+01    2.12247E-05
 1.40000E+01    1.26300E-05
 1.45000E+01    7.57322E-06
 1.50000E+01    4.57227E-06
 1.60000E+01    1.69731E-06
 1.70000E+01    6.40350E-07
 1.80000E+01    2.47280E-07
 1.90000E+01    9.71830E-08
 2.00000E+01    3.88730E-08
 2.10000E+01    1.58410E-08
 2.20000E+01    6.57220E-09
 2.30000E+01    2.77580E-09
 2.40000E+01    1.19280E-09
 2.50000E+01    5.21200E-10
 2.60000E+01    2.30420E-10
 2.70000E+01    1.03030E-10
 2.80000E+01    4.65560E-11
 2.90000E+01    2.12500E-11
 3.00000E+01    9.80030E-12
