# n + Ba138 : (n,n'09)  
# tendl.2019 A.J. Koning and D. Rochman        EVAL-NOV19
# uncertainties: n
# # energies =    79
#   E(MeV)       xs(mb) 
 2.43308E+00    0.00000E+00
 2.46350E+00    9.88315E+00
 2.60000E+00    5.42305E+01
 2.60170E+00    5.42958E+01
 2.63042E+00    5.53994E+01
 2.65879E+00    5.64895E+01
 2.79972E+00    6.19049E+01
 2.80000E+00    6.19156E+01
 2.81470E+00    6.21976E+01
 2.87241E+00    6.33045E+01
 2.90183E+00    6.38688E+01
 2.92121E+00    6.42405E+01
 2.93783E+00    6.45593E+01
 2.95289E+00    6.48482E+01
 3.00000E+00    6.57518E+01
 3.01303E+00    6.61883E+01
 3.07241E+00    6.81777E+01
 3.17772E+00    7.17058E+01
 3.18656E+00    7.20019E+01
 3.20000E+00    7.24522E+01
 3.20712E+00    7.25784E+01
 3.26627E+00    7.36264E+01
 3.28135E+00    7.38935E+01
 3.33361E+00    7.48195E+01
 3.36339E+00    7.53471E+01
 3.37712E+00    7.55904E+01
 3.40000E+00    7.59958E+01
 3.60000E+00    7.26013E+01
 3.80000E+00    6.46602E+01
 4.00000E+00    5.49591E+01
 4.20000E+00    4.52831E+01
 4.40000E+00    3.65547E+01
 4.60000E+00    2.91134E+01
 4.80000E+00    2.29796E+01
 5.00000E+00    1.80328E+01
 5.20000E+00    1.41055E+01
 5.40000E+00    1.10273E+01
 5.60000E+00    8.62437E+00
 5.80000E+00    6.74197E+00
 6.00000E+00    5.27087E+00
 6.20000E+00    4.10913E+00
 6.40000E+00    3.20160E+00
 6.60000E+00    2.49193E+00
 6.80000E+00    1.93862E+00
 7.00000E+00    1.50730E+00
 7.20000E+00    1.17409E+00
 7.40000E+00    9.16231E-01
 7.60000E+00    7.14833E-01
 7.80000E+00    5.62020E-01
 8.00000E+00    4.41827E-01
 8.50000E+00    2.45095E-01
 9.00000E+00    1.38196E-01
 9.50000E+00    7.86252E-02
 1.00000E+01    4.48758E-02
 1.05000E+01    2.56260E-02
 1.10000E+01    1.46380E-02
 1.15000E+01    8.37713E-03
 1.20000E+01    4.81002E-03
 1.25000E+01    2.77518E-03
 1.30000E+01    1.61031E-03
 1.35000E+01    9.40370E-04
 1.40000E+01    5.52691E-04
 1.45000E+01    3.27183E-04
 1.50000E+01    1.94850E-04
 1.60000E+01    7.02786E-05
 1.70000E+01    2.58300E-05
 1.80000E+01    9.63533E-06
 1.90000E+01    3.63162E-06
 2.00000E+01    1.36090E-06
 2.10000E+01    5.25230E-07
 2.20000E+01    2.04830E-07
 2.30000E+01    8.27940E-08
 2.40000E+01    3.43230E-08
 2.50000E+01    1.43710E-08
 2.60000E+01    6.07340E-09
 2.70000E+01    2.59780E-09
 2.80000E+01    1.11920E-09
 2.90000E+01    4.85660E-10
 3.00000E+01    2.12380E-10
