# n + Dy154 : (n,pd)    
# tendl.2019 A.J. Koning and D. Rochman        EVAL-NOV19
# uncertainties: y
# # energies =    21
#   E(MeV)       xs(mb)       xslow(mb)      xsupp(mb)
 8.09304E+00    0.00000E+00    0.00000E+00    0.00000E+00
 1.30000E+01    6.01400E-17    6.01400E-17    6.01400E-17
 1.35000E+01    3.08430E-15    3.08430E-15    3.08430E-15
 1.40000E+01    7.95900E-14    7.95900E-14    7.95900E-14
 1.45000E+01    1.57620E-12    1.57620E-12    1.57620E-12
 1.50000E+01    1.82220E-11    1.82220E-11    1.82220E-11
 1.60000E+01    1.12630E-09    0.00000E+00    7.68078E-09
 1.70000E+01    2.71820E-08    0.00000E+00    1.85367E-07
 1.80000E+01    3.30420E-07    0.00000E+00    2.25329E-06
 1.90000E+01    2.42995E-06    0.00000E+00    1.65710E-05
 2.00000E+01    1.19411E-05    0.00000E+00    8.18152E-05
 2.10000E+01    4.18881E-05    0.00000E+00    2.86999E-04
 2.20000E+01    1.04283E-04    0.00000E+00    7.14502E-04
 2.30000E+01    2.10716E-04    0.00000E+00    1.44373E-03
 2.40000E+01    3.63063E-04    0.00000E+00    2.18782E-03
 2.50000E+01    5.46188E-04    0.00000E+00    3.29133E-03
 2.60000E+01    7.98689E-04    0.00000E+00    4.81290E-03
 2.70000E+01    1.07948E-03    0.00000E+00    6.50495E-03
 2.80000E+01    1.45435E-03    0.00000E+00    8.76392E-03
 2.90000E+01    1.91588E-03    0.00000E+00    1.15451E-02
 3.00000E+01    2.52011E-03    0.00000E+00    1.51862E-02
