# n + Fe 60 : (n,n'09)  
# tendl.2019 A.J. Koning and D. Rochman        EVAL-NOV19
# uncertainties: n
# # energies =    76
#   E(MeV)       xs(mb) 
 3.08984E+00    0.00000E+00
 3.12370E+00    1.70090E+01
 3.20000E+00    5.53372E+01
 3.34842E+00    6.92132E+01
 3.36337E+00    7.06109E+01
 3.40000E+00    7.40355E+01
 3.56094E+00    8.47025E+01
 3.57527E+00    8.56523E+01
 3.57914E+00    8.59088E+01
 3.60000E+00    8.72914E+01
 3.60059E+00    8.72996E+01
 3.62195E+00    8.75948E+01
 3.64218E+00    8.78745E+01
 3.69618E+00    8.86210E+01
 3.70909E+00    8.87994E+01
 3.76024E+00    8.95065E+01
 3.77620E+00    8.97271E+01
 3.80000E+00    9.00561E+01
 3.93208E+00    9.08533E+01
 3.93991E+00    9.09005E+01
 3.99584E+00    9.12381E+01
 4.00000E+00    9.12632E+01
 4.02095E+00    9.10185E+01
 4.02563E+00    9.09638E+01
 4.12121E+00    8.98472E+01
 4.20000E+00    8.89268E+01
 4.24628E+00    8.77110E+01
 4.35203E+00    8.49328E+01
 4.40000E+00    8.36726E+01
 4.60000E+00    7.47690E+01
 4.80000E+00    6.51357E+01
 5.00000E+00    5.56001E+01
 5.20000E+00    4.67054E+01
 5.40000E+00    3.87832E+01
 5.60000E+00    3.19857E+01
 5.80000E+00    2.63019E+01
 6.00000E+00    2.16300E+01
 6.20000E+00    1.78249E+01
 6.40000E+00    1.47432E+01
 6.60000E+00    1.22417E+01
 6.80000E+00    1.02063E+01
 7.00000E+00    8.55012E+00
 7.20000E+00    7.19598E+00
 7.40000E+00    6.08375E+00
 7.60000E+00    5.16770E+00
 7.80000E+00    4.40889E+00
 8.00000E+00    3.77897E+00
 8.50000E+00    2.61717E+00
 9.00000E+00    1.87451E+00
 9.50000E+00    1.38907E+00
 1.00000E+01    1.06962E+00
 1.05000E+01    8.57040E-01
 1.10000E+01    7.13992E-01
 1.15000E+01    6.16399E-01
 1.20000E+01    5.48699E-01
 1.25000E+01    5.00747E-01
 1.30000E+01    4.65967E-01
 1.35000E+01    4.40016E-01
 1.40000E+01    4.20028E-01
 1.45000E+01    4.04107E-01
 1.50000E+01    3.91007E-01
 1.60000E+01    3.70296E-01
 1.70000E+01    3.54231E-01
 1.80000E+01    3.41290E-01
 1.90000E+01    3.30678E-01
 2.00000E+01    3.21731E-01
 2.10000E+01    3.13784E-01
 2.20000E+01    3.06259E-01
 2.30000E+01    2.98799E-01
 2.40000E+01    2.91290E-01
 2.50000E+01    2.83810E-01
 2.60000E+01    2.76525E-01
 2.70000E+01    2.69593E-01
 2.80000E+01    2.63118E-01
 2.90000E+01    2.57126E-01
 3.00000E+01    2.51586E-01
