# n + Fe 60 : (n,3n)    
# tendl.2019 A.J. Koning and D. Rochman        EVAL-NOV19
# uncertainties: y
# # energies =    46
#   E(MeV)       xs(mb)       xslow(mb)      xsupp(mb)
 1.56597E+01    0.00000E+00    0.00000E+00    0.00000E+00
 1.60000E+01    4.37856E-01    2.42052E-01    6.33660E-01
 1.70000E+01    1.32262E+01    7.31160E+00    1.91408E+01
 1.80000E+01    6.41527E+01    3.54644E+01    9.28410E+01
 1.90000E+01    1.55561E+02    8.59960E+01    2.25126E+02
 2.00000E+01    2.61926E+02    1.74676E+02    3.49176E+02
 2.10000E+01    3.64666E+02    2.43192E+02    4.86140E+02
 2.20000E+01    4.49180E+02    2.99554E+02    5.98806E+02
 2.30000E+01    5.19056E+02    3.46154E+02    6.91959E+02
 2.40000E+01    5.69846E+02    3.91784E+02    7.47908E+02
 2.50000E+01    6.04812E+02    4.15824E+02    7.93800E+02
 2.60000E+01    6.22671E+02    4.28103E+02    8.17239E+02
 2.70000E+01    6.35851E+02    4.37165E+02    8.34537E+02
 2.80000E+01    6.39643E+02    4.39772E+02    8.39514E+02
 2.90000E+01    6.32755E+02    4.35036E+02    8.30474E+02
 3.00000E+01    6.14351E+02    4.22383E+02    8.06319E+02
 3.00000E+01    6.14422E+02    4.22432E+02    8.06412E+02
 3.20000E+01    5.50817E+02    3.78702E+02    7.22933E+02
 3.40000E+01    4.73773E+02    3.25732E+02    6.21814E+02
 3.60000E+01    4.02079E+02    2.76440E+02    5.27718E+02
 3.80000E+01    3.44596E+02    2.36919E+02    4.52273E+02
 4.00000E+01    3.02013E+02    2.07642E+02    3.96384E+02
 4.20000E+01    2.67744E+02    1.84081E+02    3.51407E+02
 4.40000E+01    2.44139E+02    1.67852E+02    3.20426E+02
 4.60000E+01    2.25070E+02    1.54742E+02    2.95398E+02
 4.80000E+01    2.09827E+02    1.44262E+02    2.75392E+02
 5.00000E+01    1.94939E+02    1.34026E+02    2.55852E+02
 5.20000E+01    1.83187E+02    1.25946E+02    2.40428E+02
 5.40000E+01    1.73170E+02    1.19059E+02    2.27281E+02
 5.60000E+01    1.64615E+02    1.13177E+02    2.16053E+02
 5.80000E+01    1.57826E+02    1.08510E+02    2.07142E+02
 6.00000E+01    1.50578E+02    1.03526E+02    1.97630E+02
 6.50000E+01    1.37688E+02    9.46642E+01    1.80712E+02
 7.00000E+01    1.25848E+02    8.65239E+01    1.65172E+02
 7.50000E+01    1.16697E+02    8.02324E+01    1.53162E+02
 8.00000E+01    1.08349E+02    7.44928E+01    1.42205E+02
 9.00000E+01    9.12034E+01    6.27048E+01    1.19702E+02
 1.00000E+02    7.85644E+01    5.40151E+01    1.03114E+02
 1.10000E+02    6.84302E+01    4.70476E+01    8.98128E+01
 1.20000E+02    6.02576E+01    4.14287E+01    7.90865E+01
 1.30000E+02    5.37290E+01    3.69401E+01    7.05179E+01
 1.40000E+02    4.75643E+01    3.27017E+01    6.24269E+01
 1.50000E+02    4.26596E+01    2.93296E+01    5.59896E+01
 1.60000E+02    3.87263E+01    2.66254E+01    5.08272E+01
 1.80000E+02    3.16666E+01    2.17716E+01    4.15616E+01
 2.00000E+02    2.66959E+01    1.83541E+01    3.50377E+01
