# n + Pt194 : (n,n'27)  
# tendl.2019 A.J. Koning and D. Rochman        EVAL-NOV19
# uncertainties: n
# # energies =    64
#   E(MeV)       xs(mb) 
 1.87972E+00    0.00000E+00
 1.89814E+00    2.53743E+00
 1.90354E+00    3.28132E+00
 1.92094E+00    5.67825E+00
 2.00000E+00    1.65691E+01
 2.20000E+00    2.72228E+01
 2.40000E+00    2.68448E+01
 2.60000E+00    2.22288E+01
 2.80000E+00    1.72278E+01
 3.00000E+00    1.30715E+01
 3.20000E+00    9.89833E+00
 3.40000E+00    7.53269E+00
 3.60000E+00    5.75856E+00
 3.80000E+00    4.40723E+00
 4.00000E+00    3.36303E+00
 4.20000E+00    2.55295E+00
 4.40000E+00    1.92607E+00
 4.60000E+00    1.44451E+00
 4.80000E+00    1.07810E+00
 5.00000E+00    8.01732E-01
 5.20000E+00    5.94737E-01
 5.40000E+00    4.40530E-01
 5.60000E+00    3.25042E-01
 5.80000E+00    2.40138E-01
 6.00000E+00    1.77611E-01
 6.20000E+00    1.31385E-01
 6.40000E+00    9.75179E-02
 6.60000E+00    7.24008E-02
 6.80000E+00    5.38609E-02
 7.00000E+00    4.01517E-02
 7.20000E+00    2.99307E-02
 7.40000E+00    2.23970E-02
 7.60000E+00    1.67658E-02
 7.80000E+00    1.25746E-02
 8.00000E+00    9.45601E-03
 8.50000E+00    4.67926E-03
 9.00000E+00    2.34723E-03
 9.50000E+00    1.19054E-03
 1.00000E+01    6.10732E-04
 1.05000E+01    3.16922E-04
 1.10000E+01    1.66237E-04
 1.15000E+01    8.80755E-05
 1.20000E+01    4.71068E-05
 1.25000E+01    2.54314E-05
 1.30000E+01    1.38573E-05
 1.35000E+01    7.62045E-06
 1.40000E+01    4.22960E-06
 1.45000E+01    2.36876E-06
 1.50000E+01    1.33819E-06
 1.60000E+01    4.37620E-07
 1.70000E+01    1.47330E-07
 1.80000E+01    5.06440E-08
 1.90000E+01    1.78950E-08
 2.00000E+01    6.46110E-09
 2.10000E+01    2.38210E-09
 2.20000E+01    8.96270E-10
 2.30000E+01    3.44100E-10
 2.40000E+01    1.34940E-10
 2.50000E+01    5.39030E-11
 2.60000E+01    2.19890E-11
 2.70000E+01    9.09190E-12
 2.80000E+01    3.81060E-12
 2.90000E+01    1.61830E-12
 3.00000E+01    6.96330E-13
