# n + Pt194 : (n,n'24)  
# tendl.2019 A.J. Koning and D. Rochman        EVAL-NOV19
# uncertainties: n
# # energies =    67
#   E(MeV)       xs(mb) 
 1.80670E+00    0.00000E+00
 1.81200E+00    8.58621E-01
 1.82608E+00    3.13961E+00
 1.87972E+00    1.18294E+01
 1.89814E+00    1.48135E+01
 1.90354E+00    1.56883E+01
 1.92094E+00    1.85072E+01
 2.00000E+00    3.13151E+01
 2.20000E+00    3.46807E+01
 2.40000E+00    2.97834E+01
 2.60000E+00    2.29380E+01
 2.80000E+00    1.68926E+01
 3.00000E+00    1.22649E+01
 3.20000E+00    8.91495E+00
 3.40000E+00    6.54294E+00
 3.60000E+00    4.87185E+00
 3.80000E+00    3.69198E+00
 4.00000E+00    2.85458E+00
 4.20000E+00    2.25715E+00
 4.40000E+00    1.82890E+00
 4.60000E+00    1.52058E+00
 4.80000E+00    1.29767E+00
 5.00000E+00    1.13580E+00
 5.20000E+00    1.01776E+00
 5.40000E+00    9.31382E-01
 5.60000E+00    8.67548E-01
 5.80000E+00    8.21160E-01
 6.00000E+00    7.87616E-01
 6.20000E+00    7.63650E-01
 6.40000E+00    7.47212E-01
 6.60000E+00    7.36416E-01
 6.80000E+00    7.30048E-01
 7.00000E+00    7.27070E-01
 7.20000E+00    7.26587E-01
 7.40000E+00    7.27936E-01
 7.60000E+00    7.30462E-01
 7.80000E+00    7.33684E-01
 8.00000E+00    7.37220E-01
 8.50000E+00    7.45666E-01
 9.00000E+00    7.52035E-01
 9.50000E+00    7.56169E-01
 1.00000E+01    7.58771E-01
 1.05000E+01    7.60387E-01
 1.10000E+01    7.61010E-01
 1.15000E+01    7.60219E-01
 1.20000E+01    7.57545E-01
 1.25000E+01    7.52742E-01
 1.30000E+01    7.45887E-01
 1.35000E+01    7.37343E-01
 1.40000E+01    7.27680E-01
 1.45000E+01    7.17566E-01
 1.50000E+01    7.07664E-01
 1.60000E+01    6.90674E-01
 1.70000E+01    6.79258E-01
 1.80000E+01    6.72904E-01
 1.90000E+01    6.69137E-01
 2.00000E+01    6.65417E-01
 2.10000E+01    6.60506E-01
 2.20000E+01    6.54738E-01
 2.30000E+01    6.49459E-01
 2.40000E+01    6.46177E-01
 2.50000E+01    6.45876E-01
 2.60000E+01    6.48683E-01
 2.70000E+01    6.53924E-01
 2.80000E+01    6.60485E-01
 2.90000E+01    6.67302E-01
 3.00000E+01    6.73712E-01
