# n + O   0 : (n,n'01)
# tendl.2019 A.J. Koning and D. Rochman        EVAL-NOV19
# uncertainties: y
# # energies =   280
#   E(MeV)          xs(mb) 
 6.43088E+00    2.78629E-02
 6.47500E+00    2.79095E-02
 6.50000E+00    2.27132E-01
 6.51646E+00    2.65254E-01
 6.52500E+00    2.86343E-01
 6.57500E+00    4.31855E-01
 6.62500E+00    6.43826E-01
 6.67500E+00    1.02524E+00
 6.72500E+00    1.77821E+00
 6.77500E+00    3.09311E+00
 6.82500E+00    5.02246E+00
 6.87500E+00    3.98567E+00
 6.92500E+00    1.68501E+00
 6.97500E+00    1.02286E+00
 7.00000E+00    1.04520E+00
 7.02500E+00    1.11714E+00
 7.07500E+00    1.42478E+00
 7.12500E+00    2.02189E+00
 7.17500E+00    3.04504E+00
 7.22500E+00    4.64647E+00
 7.27500E+00    6.86824E+00
 7.32500E+00    9.41931E+00
 7.35330E+00    1.07253E+01
 7.37500E+00    1.15001E+01
 7.42500E+00    1.20154E+01
 7.47500E+00    9.96685E+00
 7.50000E+00    8.43801E+00
 7.52500E+00    7.27599E+00
 7.56560E+00    5.74853E+00
 7.57500E+00    5.48914E+00
 7.62500E+00    4.81673E+00
 7.67500E+00    5.95298E+00
 7.72500E+00    9.47496E+00
 7.77500E+00    1.49675E+01
 7.82500E+00    1.82502E+01
 7.87500E+00    1.25343E+01
 7.92500E+00    5.64215E+00
 7.97500E+00    2.59188E+00
 8.00000E+00    2.02208E+00
 8.02500E+00    1.85506E+00
 8.07500E+00    2.14084E+00
 8.12500E+00    2.96977E+00
 8.17500E+00    4.55810E+00
 8.22500E+00    7.14095E+00
 8.27500E+00    1.05607E+01
 8.32500E+00    1.36720E+01
 8.37500E+00    1.44082E+01
 8.42500E+00    1.32054E+01
 8.47500E+00    1.18321E+01
 8.50000E+00    1.11243E+01
 8.52500E+00    1.04213E+01
 8.57500E+00    9.07078E+00
 8.62500E+00    7.84256E+00
 8.67500E+00    6.76877E+00
 8.72500E+00    5.85967E+00
 8.77500E+00    5.11150E+00
 8.82500E+00    4.51299E+00
 8.87500E+00    4.05024E+00
 8.92500E+00    3.71014E+00
 8.97500E+00    3.48275E+00
 9.00000E+00    3.40956E+00
 9.02500E+00    3.35002E+00
 9.07500E+00    3.23292E+00
 9.12500E+00    3.11914E+00
 9.17500E+00    3.00936E+00
 9.22500E+00    2.90413E+00
 9.27500E+00    2.80389E+00
 9.32500E+00    2.70897E+00
 9.37500E+00    2.61963E+00
 9.42500E+00    2.53605E+00
 9.43138E+00    2.52582E+00
 9.47500E+00    2.45836E+00
 9.50000E+00    2.42174E+00
 9.52500E+00    2.38664E+00
 9.57500E+00    2.32093E+00
 9.62500E+00    2.26125E+00
 9.67500E+00    2.20761E+00
 9.72500E+00    2.15998E+00
 9.77500E+00    2.11840E+00
 9.82500E+00    2.08287E+00
 9.87500E+00    2.05340E+00
 9.92500E+00    2.03008E+00
 9.97500E+00    2.01295E+00
 1.00000E+01    2.00676E+00
 1.00500E+01    1.96717E+00
 1.01500E+01    1.90549E+00
 1.01895E+01    1.88692E+00
 1.02500E+01    1.86414E+00
 1.03500E+01    1.84028E+00
 1.04500E+01    1.83181E+00
 1.05000E+01    1.83281E+00
 1.05500E+01    1.83711E+00
 1.06500E+01    1.85496E+00
 1.07500E+01    1.88441E+00
 1.08500E+01    1.92472E+00
 1.09500E+01    1.97536E+00
 1.10000E+01    2.00441E+00
 1.10500E+01    2.06276E+00
 1.11500E+01    2.32996E+00
 1.12500E+01    2.76420E+00
 1.13500E+01    3.30200E+00
 1.14500E+01    3.81561E+00
 1.15000E+01    4.00273E+00
 1.15500E+01    4.04114E+00
 1.16480E+01    3.62507E+00
 1.16500E+01    3.61221E+00
 1.17500E+01    2.92836E+00
 1.17787E+01    2.74216E+00
 1.18500E+01    2.35310E+00
 1.19500E+01    2.03918E+00
 1.20000E+01    2.00265E+00
 1.20500E+01    2.11176E+00
 1.21500E+01    2.93218E+00
 1.22500E+01    4.72465E+00
 1.23500E+01    7.45571E+00
 1.24500E+01    9.80187E+00
 1.25000E+01    9.99896E+00
 1.25500E+01    9.44901E+00
 1.26500E+01    7.41440E+00
 1.27500E+01    5.33132E+00
 1.28500E+01    3.87462E+00
 1.28924E+01    3.47438E+00
 1.29500E+01    3.12498E+00
 1.30000E+01    3.00109E+00
 1.30500E+01    2.96322E+00
 1.31500E+01    2.88877E+00
 1.32500E+01    2.81745E+00
 1.33500E+01    2.75069E+00
 1.34500E+01    2.68971E+00
 1.35000E+01    2.66174E+00
 1.35500E+01    2.63561E+00
 1.36500E+01    2.58930E+00
 1.36743E+01    2.57930E+00
 1.37500E+01    2.55164E+00
 1.38500E+01    2.52340E+00
 1.39500E+01    2.50539E+00
 1.40000E+01    2.50047E+00
 1.40500E+01    2.49700E+00
 1.41500E+01    2.49028E+00
 1.42500E+01    2.48383E+00
 1.43500E+01    2.47766E+00
 1.44500E+01    2.47174E+00
 1.45000E+01    2.46887E+00
 1.45500E+01    2.46608E+00
 1.46500E+01    2.46068E+00
 1.47500E+01    2.45548E+00
 1.48500E+01    2.45050E+00
 1.49500E+01    2.44570E+00
 1.50000E+01    2.44338E+00
 1.50500E+01    2.44111E+00
 1.51500E+01    2.43668E+00
 1.52500E+01    2.43244E+00
 1.53500E+01    2.42834E+00
 1.54500E+01    2.42439E+00
 1.55000E+01    2.42247E+00
 1.55500E+01    2.42059E+00
 1.56500E+01    2.41691E+00
 1.57500E+01    2.41335E+00
 1.58500E+01    2.40992E+00
 1.59500E+01    2.40660E+00
 1.60000E+01    2.40498E+00
 1.61000E+01    2.40181E+00
 1.62000E+01    2.39875E+00
 1.62050E+01    2.39859E+00
 1.63000E+01    2.39576E+00
 1.64000E+01    2.39286E+00
 1.64100E+01    2.39257E+00
 1.65000E+01    2.39004E+00
 1.66000E+01    2.38728E+00
 1.66150E+01    2.38687E+00
 1.66516E+01    2.38588E+00
 1.67000E+01    2.38458E+00
 1.68000E+01    2.38196E+00
 1.68200E+01    2.38143E+00
 1.69000E+01    2.37938E+00
 1.70000E+01    2.37684E+00
 1.70250E+01    2.37622E+00
 1.71000E+01    2.37437E+00
 1.72000E+01    2.37193E+00
 1.72300E+01    2.37121E+00
 1.73000E+01    2.36953E+00
 1.74000E+01    2.36716E+00
 1.74350E+01    2.36634E+00
 1.75000E+01    2.36483E+00
 1.76000E+01    2.36251E+00
 1.76400E+01    2.36158E+00
 1.77000E+01    2.36022E+00
 1.78000E+01    2.35793E+00
 1.78450E+01    2.35691E+00
 1.79000E+01    2.35567E+00
 1.80000E+01    2.35341E+00
 1.80500E+01    2.35229E+00
 1.81000E+01    2.35117E+00
 1.82000E+01    2.34894E+00
 1.82550E+01    2.34770E+00
 1.83000E+01    2.34669E+00
 1.84000E+01    2.34445E+00
 1.84600E+01    2.34311E+00
 1.85000E+01    2.34221E+00
 1.86000E+01    2.33996E+00
 1.86650E+01    2.33849E+00
 1.87000E+01    2.33770E+00
 1.88000E+01    2.33543E+00
 1.88700E+01    2.33383E+00
 1.89000E+01    2.33314E+00
 1.90000E+01    2.33084E+00
 1.90750E+01    2.32909E+00
 1.91000E+01    2.32852E+00
 1.92000E+01    2.32618E+00
 1.92800E+01    2.32429E+00
 1.93000E+01    2.32381E+00
 1.94000E+01    2.32143E+00
 1.94850E+01    2.31938E+00
 1.95000E+01    2.31901E+00
 1.96000E+01    2.31656E+00
 1.96900E+01    2.31434E+00
 1.97000E+01    2.31409E+00
 1.98000E+01    2.31158E+00
 1.98950E+01    2.30917E+00
 1.99000E+01    2.30904E+00
 2.00000E+01    2.30647E+00
 2.01000E+01    2.30386E+00
 2.03500E+01    2.29717E+00
 2.05000E+01    2.29303E+00
 2.06500E+01    2.28879E+00
 2.09500E+01    2.28002E+00
 2.09945E+01    2.27867E+00
 2.10000E+01    2.27851E+00
 2.12500E+01    2.27081E+00
 2.15000E+01    2.26280E+00
 2.15500E+01    2.26116E+00
 2.18500E+01    2.25105E+00
 2.20000E+01    2.24581E+00
 2.20440E+01    2.24425E+00
 2.21500E+01    2.24045E+00
 2.24500E+01    2.22935E+00
 2.25000E+01    2.22745E+00
 2.27500E+01    2.21774E+00
 2.30000E+01    2.20768E+00
 2.30500E+01    2.20562E+00
 2.33500E+01    2.19299E+00
 2.35000E+01    2.18648E+00
 2.36500E+01    2.17984E+00
 2.37435E+01    2.17565E+00
 2.39500E+01    2.16618E+00
 2.40000E+01    2.16385E+00
 2.42500E+01    2.15199E+00
 2.44088E+01    2.14428E+00
 2.45000E+01    2.13978E+00
 2.45500E+01    2.13730E+00
 2.45771E+01    2.13595E+00
 2.48500E+01    2.12210E+00
 2.50000E+01    2.11431E+00
 2.51500E+01    2.10640E+00
 2.54500E+01    2.09022E+00
 2.55000E+01    2.08748E+00
 2.57500E+01    2.07355E+00
 2.60000E+01    2.05931E+00
 2.60500E+01    2.05642E+00
 2.63500E+01    2.03884E+00
 2.65000E+01    2.02988E+00
 2.66500E+01    2.02081E+00
 2.69500E+01    2.00236E+00
 2.70000E+01    1.99924E+00
 2.72500E+01    1.98377E+00
 2.75000E+01    1.96846E+00
 2.75500E+01    1.96540E+00
 2.78500E+01    1.94705E+00
 2.80000E+01    1.93780E+00
 2.81500E+01    1.92849E+00
 2.84500E+01    1.90952E+00
 2.85000E+01    1.90630E+00
 2.87500E+01    1.88997E+00
 2.90000E+01    1.87314E+00
 2.90500E+01    1.86971E+00
 2.93500E+01    1.84858E+00
 2.95000E+01    1.83765E+00
 2.96500E+01    1.82646E+00
 2.99500E+01    1.80328E+00
 3.00000E+01    1.79931E+00
