# n + Pd110 : (n,n'26)  
# tendl.2019 A.J. Koning and D. Rochman        EVAL-NOV19
# uncertainties: n
# # energies =    64
#   E(MeV)       xs(mb) 
 2.10827E+00    0.00000E+00
 2.11423E+00    6.96407E-01
 2.14481E+00    4.26960E+00
 2.16035E+00    6.08542E+00
 2.20000E+00    1.07184E+01
 2.21313E+00    1.14463E+01
 2.40000E+00    2.18060E+01
 2.60000E+00    2.22070E+01
 2.80000E+00    1.94512E+01
 3.00000E+00    1.60074E+01
 3.20000E+00    1.26671E+01
 3.40000E+00    9.85046E+00
 3.60000E+00    7.58672E+00
 3.80000E+00    5.83671E+00
 4.00000E+00    4.52096E+00
 4.20000E+00    3.54948E+00
 4.40000E+00    2.83996E+00
 4.60000E+00    2.32451E+00
 4.80000E+00    1.95208E+00
 5.00000E+00    1.68459E+00
 5.20000E+00    1.49382E+00
 5.40000E+00    1.35921E+00
 5.60000E+00    1.26572E+00
 5.80000E+00    1.20225E+00
 6.00000E+00    1.16053E+00
 6.20000E+00    1.13431E+00
 6.40000E+00    1.11882E+00
 6.60000E+00    1.11028E+00
 6.80000E+00    1.10531E+00
 7.00000E+00    1.10261E+00
 7.20000E+00    1.10037E+00
 7.40000E+00    1.09723E+00
 7.60000E+00    1.09255E+00
 7.80000E+00    1.08603E+00
 8.00000E+00    1.07753E+00
 8.50000E+00    1.04880E+00
 9.00000E+00    1.01276E+00
 9.50000E+00    9.73959E-01
 1.00000E+01    9.35822E-01
 1.05000E+01    9.00357E-01
 1.10000E+01    8.68389E-01
 1.15000E+01    8.39920E-01
 1.20000E+01    8.14476E-01
 1.25000E+01    7.91351E-01
 1.30000E+01    7.69834E-01
 1.35000E+01    7.49353E-01
 1.40000E+01    7.29571E-01
 1.45000E+01    7.10402E-01
 1.50000E+01    6.91879E-01
 1.60000E+01    6.57133E-01
 1.70000E+01    6.25597E-01
 1.80000E+01    5.97092E-01
 1.90000E+01    5.71781E-01
 2.00000E+01    5.50009E-01
 2.10000E+01    5.31832E-01
 2.20000E+01    5.16963E-01
 2.30000E+01    5.04850E-01
 2.40000E+01    4.94660E-01
 2.50000E+01    4.85304E-01
 2.60000E+01    4.75730E-01
 2.70000E+01    4.65326E-01
 2.80000E+01    4.54075E-01
 2.90000E+01    4.42448E-01
 3.00000E+01    4.31069E-01
