# n + Ar 36 : (n,n'01)  
# tendl.2019 A.J. Koning and D. Rochman        EVAL-NOV19
# uncertainties: y
# # energies =    89
#   E(MeV)       xs(mb)       xslow(mb)      xsupp(mb)
 2.02564E+00    0.00000E+00    0.00000E+00    0.00000E+00
 2.20000E+00    2.35347E+02    1.98402E+02    2.72292E+02
 2.40000E+00    3.14933E+02    2.65495E+02    3.64371E+02
 2.60000E+00    3.52843E+02    2.93544E+02    4.12142E+02
 2.80000E+00    3.72238E+02    3.09679E+02    4.34797E+02
 3.00000E+00    3.81677E+02    3.17532E+02    4.45822E+02
 3.20000E+00    3.84302E+02    3.19716E+02    4.48888E+02
 3.40000E+00    3.82058E+02    3.17849E+02    4.46267E+02
 3.60000E+00    3.75813E+02    3.12654E+02    4.38973E+02
 3.80000E+00    3.66686E+02    3.05060E+02    4.28312E+02
 4.00000E+00    3.54637E+02    2.95036E+02    4.14238E+02
 4.20000E+00    3.40444E+02    2.83229E+02    3.97659E+02
 4.29550E+00    3.30089E+02    2.74614E+02    3.85564E+02
 4.40000E+00    3.18758E+02    2.65187E+02    3.72329E+02
 4.45050E+00    3.10327E+02    2.58173E+02    3.62481E+02
 4.53820E+00    2.95685E+02    2.45992E+02    3.45379E+02
 4.56463E+00    2.91273E+02    2.42321E+02    3.40225E+02
 4.60000E+00    2.85368E+02    2.23251E+02    3.47485E+02
 4.80000E+00    2.58322E+02    2.02092E+02    3.14552E+02
 5.00000E+00    2.37713E+02    1.85969E+02    2.89457E+02
 5.09026E+00    2.28117E+02    1.78463E+02    2.77772E+02
 5.11354E+00    2.25643E+02    1.76526E+02    2.74759E+02
 5.20000E+00    2.16451E+02    1.69336E+02    2.63566E+02
 5.31615E+00    2.04913E+02    1.60309E+02    2.49516E+02
 5.34007E+00    2.02536E+02    1.58450E+02    2.46623E+02
 5.40000E+00    1.96583E+02    1.53792E+02    2.39374E+02
 5.60000E+00    1.79615E+02    1.40518E+02    2.18712E+02
 5.80000E+00    1.65311E+02    1.29327E+02    2.01295E+02
 5.99966E+00    1.52755E+02    1.19505E+02    1.86006E+02
 6.00000E+00    1.52734E+02    1.19488E+02    1.85980E+02
 6.02089E+00    1.51334E+02    1.18393E+02    1.84276E+02
 6.04284E+00    1.49863E+02    1.17242E+02    1.82485E+02
 6.06126E+00    1.48629E+02    1.16277E+02    1.80982E+02
 6.20000E+00    1.39333E+02    1.09004E+02    1.69662E+02
 6.30859E+00    1.33224E+02    1.04225E+02    1.62224E+02
 6.39166E+00    1.28551E+02    1.00569E+02    1.56533E+02
 6.40000E+00    1.28082E+02    1.00202E+02    1.55962E+02
 6.53425E+00    1.21555E+02    9.50961E+01    1.48015E+02
 6.60000E+00    1.18359E+02    7.65227E+01    1.60195E+02
 6.79640E+00    1.10124E+02    7.11985E+01    1.49050E+02
 6.80000E+00    1.09973E+02    7.11008E+01    1.48845E+02
 6.83197E+00    1.08689E+02    7.02706E+01    1.47107E+02
 6.91257E+00    1.05451E+02    6.81773E+01    1.42725E+02
 6.91976E+00    1.05162E+02    6.79905E+01    1.42334E+02
 7.00000E+00    1.01939E+02    6.59066E+01    1.37971E+02
 7.02684E+00    1.00972E+02    6.52814E+01    1.36663E+02
 7.02822E+00    1.00922E+02    6.52493E+01    1.36595E+02
 7.05947E+00    9.97964E+01    6.45214E+01    1.35071E+02
 7.20000E+00    9.47335E+01    6.12481E+01    1.28219E+02
 7.33663E+00    8.94097E+01    5.78060E+01    1.21013E+02
 7.33982E+00    8.92854E+01    5.77257E+01    1.20845E+02
 7.38022E+00    8.77112E+01    5.67079E+01    1.18714E+02
 7.40000E+00    8.69404E+01    5.62096E+01    1.17671E+02
 7.45064E+00    8.55767E+01    5.53279E+01    1.15826E+02
 7.46216E+00    8.52665E+01    5.51274E+01    1.15406E+02
 7.54235E+00    8.31071E+01    5.37313E+01    1.12483E+02
 7.56013E+00    8.26283E+01    5.34217E+01    1.11835E+02
 7.60000E+00    8.15547E+01    5.27276E+01    1.10382E+02
 7.80000E+00    7.65983E+01    4.95231E+01    1.03674E+02
 8.00000E+00    7.21228E+01    4.66296E+01    9.76160E+01
 8.50000E+00    6.33280E+01    4.09435E+01    8.57126E+01
 9.00000E+00    5.66484E+01    3.11628E+01    8.21340E+01
 9.50000E+00    5.15372E+01    2.83511E+01    7.47233E+01
 1.00000E+01    4.74712E+01    2.61143E+01    6.88281E+01
 1.05000E+01    4.42225E+01    2.43272E+01    6.41178E+01
 1.10000E+01    4.15892E+01    2.28786E+01    6.02998E+01
 1.15000E+01    3.94006E+01    2.16746E+01    5.71266E+01
 1.20000E+01    3.75771E+01    2.06715E+01    5.44827E+01
 1.25000E+01    3.60221E+01    1.98161E+01    5.22281E+01
 1.30000E+01    3.46816E+01    1.88635E+01    5.04997E+01
 1.35000E+01    3.35248E+01    1.82343E+01    4.88153E+01
 1.40000E+01    3.24991E+01    1.76764E+01    4.73218E+01
 1.45000E+01    3.15953E+01    1.71849E+01    4.60057E+01
 1.50000E+01    3.07971E+01    1.67507E+01    4.48435E+01
 1.60000E+01    2.94656E+01    1.64196E+01    4.25116E+01
 1.70000E+01    2.84120E+01    1.58325E+01    4.09915E+01
 1.80000E+01    2.75598E+01    1.53576E+01    3.97620E+01
 1.90000E+01    2.68408E+01    1.49569E+01    3.87247E+01
 2.00000E+01    2.61997E+01    1.52792E+01    3.71202E+01
 2.10000E+01    2.55989E+01    1.49288E+01    3.62690E+01
 2.20000E+01    2.50179E+01    1.45900E+01    3.54458E+01
 2.30000E+01    2.44489E+01    1.42581E+01    3.46397E+01
 2.40000E+01    2.38933E+01    1.43658E+01    3.34208E+01
 2.50000E+01    2.33548E+01    1.40420E+01    3.26676E+01
 2.60000E+01    2.28382E+01    1.37314E+01    3.19450E+01
 2.70000E+01    2.23464E+01    1.34357E+01    3.12571E+01
 2.80000E+01    2.18805E+01    1.31556E+01    3.06054E+01
 2.90000E+01    2.14391E+01    1.28902E+01    2.99880E+01
 3.00000E+01    2.10202E+01    1.26384E+01    2.94020E+01
