# p + Hf180 : (p,np)    
# tendl.2019 A.J. Koning                       EVAL-OCT19
# uncertainties: y
# # energies =    19
#   E(MeV)       xs(mb)       xslow(mb)      xsupp(mb)
 7.42912E+00    0.00000E+00   -0.00000E+00    0.00000E+00
 8.00000E+00    3.44879E-13    0.00000E+00    1.27507E-12
 9.00000E+00    5.64199E-09    0.00000E+00    2.08593E-08
 1.00000E+01    1.35668E-06    2.26167E-07    2.48719E-06
 1.10000E+01    6.00421E-05    1.00094E-05    1.10075E-04
 1.20000E+01    9.94715E-04    1.65825E-04    1.82361E-03
 1.30000E+01    8.69753E-03    1.44993E-03    1.59451E-02
 1.40000E+01    4.73732E-02    2.91338E-02    6.56126E-02
 1.50000E+01    1.95869E-01    1.20457E-01    2.71281E-01
 1.60000E+01    6.50937E-01    4.00317E-01    9.01557E-01
 1.70000E+01    1.76353E+00    1.08455E+00    2.44251E+00
 1.80000E+01    3.92514E+00    2.85788E+00    4.99240E+00
 1.90000E+01    7.38117E+00    5.37421E+00    9.38813E+00
 2.00000E+01    1.26967E+01    9.24443E+00    1.61490E+01
 2.20000E+01    2.82766E+01    2.21370E+01    3.44162E+01
 2.40000E+01    4.91160E+01    3.84516E+01    5.97804E+01
 2.60000E+01    7.15966E+01    5.75350E+01    8.56582E+01
 2.80000E+01    9.26030E+01    7.44157E+01    1.10790E+02
 3.00000E+01    1.10222E+02    8.85744E+01    1.31870E+02
