# n + Tb158 : (n,n'30)  
# tendl.2019 A.J. Koning and D. Rochman        EVAL-NOV19
# uncertainties: n
# # energies =    70
#   E(MeV)       xs(mb) 
 5.09131E-01    0.00000E+00
 6.00000E-01    8.85330E+01
 7.00000E-01    7.53481E+01
 8.00000E-01    6.61973E+01
 9.00000E-01    5.98065E+01
 1.00000E+00    5.34142E+01
 1.20000E+00    4.00000E+01
 1.40000E+00    2.76355E+01
 1.60000E+00    1.83179E+01
 1.80000E+00    1.19808E+01
 2.00000E+00    7.84999E+00
 2.20000E+00    5.18837E+00
 2.40000E+00    3.46660E+00
 2.60000E+00    2.33568E+00
 2.80000E+00    1.58100E+00
 3.00000E+00    1.07189E+00
 3.20000E+00    7.25736E-01
 3.40000E+00    4.89704E-01
 3.60000E+00    3.29371E-01
 3.80000E+00    2.21449E-01
 4.00000E+00    1.49173E-01
 4.20000E+00    1.00820E-01
 4.40000E+00    6.85556E-02
 4.60000E+00    4.69861E-02
 4.80000E+00    3.24654E-02
 5.00000E+00    2.26642E-02
 5.20000E+00    1.59593E-02
 5.40000E+00    1.13349E-02
 5.60000E+00    8.12380E-03
 5.80000E+00    5.86483E-03
 6.00000E+00    4.24913E-03
 6.20000E+00    3.10364E-03
 6.40000E+00    2.27969E-03
 6.60000E+00    1.68334E-03
 6.80000E+00    1.24682E-03
 7.00000E+00    9.28677E-04
 7.20000E+00    6.93104E-04
 7.40000E+00    5.18483E-04
 7.60000E+00    3.88867E-04
 7.80000E+00    2.91879E-04
 8.00000E+00    2.19833E-04
 8.50000E+00    1.08870E-04
 9.00000E+00    5.45341E-05
 9.50000E+00    2.76911E-05
 1.00000E+01    1.42756E-05
 1.05000E+01    7.47893E-06
 1.10000E+01    3.97977E-06
 1.15000E+01    2.14902E-06
 1.20000E+01    1.17589E-06
 1.25000E+01    6.50710E-07
 1.30000E+01    3.63720E-07
 1.35000E+01    2.05110E-07
 1.40000E+01    1.16620E-07
 1.45000E+01    6.68000E-08
 1.50000E+01    3.85580E-08
 1.60000E+01    1.31380E-08
 1.70000E+01    4.60000E-09
 1.80000E+01    1.65470E-09
 1.90000E+01    6.07600E-10
 2.00000E+01    2.30650E-10
 2.10000E+01    8.98110E-11
 2.20000E+01    3.58610E-11
 2.30000E+01    1.45890E-11
 2.40000E+01    6.04380E-12
 2.50000E+01    2.54510E-12
 2.60000E+01    1.08940E-12
 2.70000E+01    4.73610E-13
 2.80000E+01    2.09260E-13
 2.90000E+01    9.39450E-14
 3.00000E+01    4.28420E-14
