# n + Fe 54 : (n,g)     
# tendl.2019 A.J. Koning and D. Rochman        EVAL-NOV19
# uncertainties: y
# # energies =    69
#   E(MeV)       xs(mb)       xslow(mb)      xsupp(mb)
 1.00000E-10    1.60083E+04    1.52116E+04    1.68049E+04
 5.00000E-09    4.35878E+03    4.14187E+03    4.57569E+03
 1.00000E-08    3.30109E+03    3.13681E+03    3.46537E+03
 1.50000E-08    2.77354E+03    2.63552E+03    2.91157E+03
 2.00000E-08    2.44023E+03    2.31879E+03    2.56167E+03
 2.50000E-08    2.20464E+03    2.09493E+03    2.31435E+03
 3.00000E-08    2.02658E+03    1.92573E+03    2.12743E+03
 3.50000E-08    1.86326E+03    1.77053E+03    1.95598E+03
 4.20000E-08    1.70425E+03    1.61944E+03    1.78906E+03
 5.00000E-08    1.57201E+03    1.49378E+03    1.65024E+03
 5.80000E-08    1.46109E+03    1.38838E+03    1.53380E+03
 6.70000E-08    1.34835E+03    1.28126E+03    1.41545E+03
 8.00000E-08    1.22013E+03    1.15940E+03    1.28085E+03
 1.00000E-07    1.06155E+03    1.00872E+03    1.11438E+03
 1.40000E-07    9.15993E+02    8.70409E+02    9.61578E+02
 1.80000E-07    8.17934E+02    7.77229E+02    8.58638E+02
 2.20000E-07    7.53274E+02    7.15787E+02    7.90761E+02
 2.50000E-07    7.09174E+02    6.73882E+02    7.44466E+02
 2.80000E-07    6.77512E+02    6.43795E+02    7.11228E+02
 3.00000E-07    6.55263E+02    6.22652E+02    6.87875E+02
 3.20000E-07    6.30518E+02    5.99138E+02    6.61898E+02
 3.50000E-07    5.96367E+02    5.66687E+02    6.26047E+02
 4.00000E-07    5.45692E+02    5.18535E+02    5.72849E+02
 5.00000E-07    4.88085E+02    4.63794E+02    5.12375E+02
 6.25000E-07    4.36730E+02    4.14995E+02    4.58465E+02
 7.80000E-07    4.04250E+02    3.84131E+02    4.24370E+02
 8.50000E-07    3.88967E+02    3.69608E+02    4.08326E+02
 9.10000E-07    3.78290E+02    3.59462E+02    3.97117E+02
 9.50000E-07    3.72106E+02    3.53587E+02    3.90626E+02
 9.72000E-07    3.67736E+02    3.49434E+02    3.86038E+02
 9.96000E-07    3.63326E+02    3.45243E+02    3.81409E+02
 1.02000E-06    3.58991E+02    3.41122E+02    3.76859E+02
 1.04500E-06    3.54653E+02    3.37001E+02    3.72305E+02
 1.07100E-06    3.50387E+02    3.32947E+02    3.67827E+02
 1.09700E-06    3.46264E+02    3.29029E+02    3.63499E+02
 1.12300E-06    3.42241E+02    3.25207E+02    3.59276E+02
 1.15000E-06    3.29997E+02    3.13572E+02    3.46423E+02
 1.30000E-06    3.08859E+02    2.93486E+02    3.24232E+02
 1.50000E-06    2.74324E+02    2.60670E+02    2.87979E+02
 2.10000E-06    2.39007E+02    2.27109E+02    2.50905E+02
 2.60000E-06    2.13486E+02    2.02859E+02    2.24113E+02
 3.30000E-06    1.91641E+02    1.82100E+02    2.01182E+02
 4.00000E-06    1.46956E+02    1.39639E+02    1.54273E+02
 9.87700E-06    1.03412E+02    9.82598E+01    1.08564E+02
 1.59680E-05    8.00615E+01    7.60687E+01    8.40543E+01
 2.77000E-05    6.09072E+01    5.78669E+01    6.39475E+01
 4.80520E-05    4.74982E+01    4.51212E+01    4.98751E+01
 7.55014E-05    3.61232E+01    3.43088E+01    3.79376E+01
 1.48728E-04    2.48484E+01    2.35893E+01    2.61074E+01
 3.67262E-04    1.66544E+01    1.57899E+01    1.75190E+01
 9.06898E-04    1.30027E+01    1.22839E+01    1.37216E+01
 1.42510E-03    1.19311E+01    1.12480E+01    1.26142E+01
 2.23945E-03    1.54653E+01    1.44669E+01    1.64636E+01
 3.51910E-03    2.11778E+01    1.97889E+01    2.25667E+01
 5.53000E-03    2.04936E+02    1.90205E+02    2.19668E+02
 9.11800E-03    1.43007E+02    1.35729E+02    1.50285E+02
 1.50300E-02    9.65007E+00    9.10255E+00    1.01976E+01
 2.47800E-02    2.37705E+01    2.22302E+01    2.53108E+01
 4.08500E-02    1.51641E+01    1.47731E+01    1.55552E+01
 6.73400E-02    9.69915E+00    9.18671E+00    1.02116E+01
 1.11000E-01    9.46783E+00    8.98219E+00    9.95347E+00
 1.83000E-01    8.01436E+00    7.60327E+00    8.42545E+00
 3.02000E-01    6.94181E+00    6.88841E+00    6.99522E+00
 5.00000E-01    5.56095E+00    5.52808E+00    5.59382E+00
 8.21000E-01    1.02614E+01    9.91035E-01    1.95317E+01
 1.35300E+00    6.68855E+00    6.45976E-01    1.27311E+01
 2.23100E+00    3.99770E+00    1.14631E-01    7.88077E+00
 3.67900E+00    1.89916E+00    0.00000E+00    3.91045E+00
 6.06500E+00    9.39297E-01    0.00000E+00    2.00703E+00
