# n + Rh103 : (n,xa)    
# irdff2.0   K.I.Zolotarev                     EVAL-Mar03
# 
# # energies =   100
#   E(MeV)        xs(mb) 
 4.01420E-02    0.00000E+00
 1.20000E-01    0.00000E+00
 1.50000E-01    0.00000E+00
 2.00000E-01    0.00000E+00
 2.50000E-01    0.00000E+00
 3.00000E-01    0.00000E+00
 3.50000E-01    0.00000E+00
 4.00000E-01    0.00000E+00
 4.50000E-01    0.00000E+00
 5.00000E-01    0.00000E+00
 5.50000E-01    0.00000E+00
 6.00000E-01    0.00000E+00
 6.50000E-01    0.00000E+00
 7.00000E-01    0.00000E+00
 7.50000E-01    0.00000E+00
 8.00000E-01    0.00000E+00
 8.50000E-01    0.00000E+00
 9.00000E-01    0.00000E+00
 9.50000E-01    0.00000E+00
 1.00000E+00    0.00000E+00
 1.10000E+00    0.00000E+00
 1.40000E+00    0.00000E+00
 1.60000E+00    0.00000E+00
 1.80000E+00    0.00000E+00
 2.00000E+00    0.00000E+00
 2.20000E+00    0.00000E+00
 2.50000E+00    0.00000E+00
 2.80000E+00    0.00000E+00
 3.10000E+00    0.00000E+00
 3.50000E+00    0.00000E+00
 3.90000E+00    0.00000E+00
 4.50000E+00    0.00000E+00
 5.50000E+00    0.00000E+00
 7.30000E+00    0.00000E+00
 7.79999E+00    0.00000E+00
 8.30000E+00    0.00000E+00
 8.60000E+00    0.00000E+00
 8.90000E+00    0.00000E+00
 9.10000E+00    0.00000E+00
 9.30000E+00    0.00000E+00
 9.50000E+00    0.00000E+00
 9.70000E+00    0.00000E+00
 9.90000E+00    0.00000E+00
 1.01000E+01    0.00000E+00
 1.03000E+01    0.00000E+00
 1.06000E+01    0.00000E+00
 1.13000E+01    0.00000E+00
 1.16000E+01    0.00000E+00
 1.18000E+01    0.00000E+00
 1.20000E+01    0.00000E+00
 1.22000E+01    0.00000E+00
 1.24000E+01    0.00000E+00
 1.25000E+01    0.00000E+00
 1.26000E+01    0.00000E+00
 1.27000E+01    0.00000E+00
 1.28000E+01    0.00000E+00
 1.29000E+01    0.00000E+00
 1.30000E+01    0.00000E+00
 1.32000E+01    0.00000E+00
 1.34000E+01    0.00000E+00
 1.36000E+01    0.00000E+00
 1.38000E+01    0.00000E+00
 1.40000E+01    0.00000E+00
 1.42000E+01    0.00000E+00
 1.44000E+01    0.00000E+00
 1.46000E+01    0.00000E+00
 1.48000E+01    0.00000E+00
 1.51000E+01    0.00000E+00
 1.54000E+01    0.00000E+00
 1.57000E+01    0.00000E+00
 1.60000E+01    0.00000E+00
 1.64000E+01    0.00000E+00
 1.69000E+01    0.00000E+00
 1.75000E+01    0.00000E+00
 1.82000E+01    0.00000E+00
 1.91000E+01    0.00000E+00
 2.00001E+01    0.00000E+00
 2.10000E+01    0.00000E+00
 2.30000E+01    0.00000E+00
 2.40000E+01    0.00000E+00
 2.50000E+01    0.00000E+00
 2.70000E+01    0.00000E+00
 2.80000E+01    0.00000E+00
 2.90000E+01    0.00000E+00
 3.00000E+01    0.00000E+00
 3.20000E+01    0.00000E+00
 3.40000E+01    0.00000E+00
 3.60000E+01    0.00000E+00
 3.80000E+01    0.00000E+00
 4.00000E+01    0.00000E+00
 4.20000E+01    0.00000E+00
 4.40000E+01    0.00000E+00
 4.60000E+01    0.00000E+00
 4.80000E+01    0.00000E+00
 5.00000E+01    0.00000E+00
 5.20000E+01    0.00000E+00
 5.40000E+01    0.00000E+00
 5.60000E+01    0.00000E+00
 5.80000E+01    0.00000E+00
 6.00000E+01    0.00000E+00
