# n + Ge 72 : (n,n'28)  
# tendl.2019 A.J. Koning and D. Rochman        EVAL-NOV19
# uncertainties: n
# # energies =    57
#   E(MeV)       xs(mb) 
 3.17274E+00    0.00000E+00
 3.17491E+00    3.55455E-02
 3.18302E+00    1.68386E-01
 3.20000E+00    4.46513E-01
 3.40000E+00    3.08694E+00
 3.60000E+00    5.56080E+00
 3.80000E+00    7.11311E+00
 4.00000E+00    7.77737E+00
 4.20000E+00    7.53526E+00
 4.40000E+00    6.86631E+00
 4.60000E+00    6.07267E+00
 4.80000E+00    5.25642E+00
 5.00000E+00    4.52750E+00
 5.20000E+00    3.87527E+00
 5.40000E+00    3.31873E+00
 5.60000E+00    2.84886E+00
 5.80000E+00    2.45252E+00
 6.00000E+00    2.11789E+00
 6.20000E+00    1.83416E+00
 6.40000E+00    1.59339E+00
 6.60000E+00    1.38894E+00
 6.80000E+00    1.21545E+00
 7.00000E+00    1.06867E+00
 7.20000E+00    9.44959E-01
 7.40000E+00    8.41062E-01
 7.60000E+00    7.53846E-01
 7.80000E+00    6.80285E-01
 8.00000E+00    6.18499E-01
 8.50000E+00    5.09358E-01
 9.00000E+00    4.42468E-01
 9.50000E+00    4.01695E-01
 1.00000E+01    3.76828E-01
 1.05000E+01    3.61756E-01
 1.10000E+01    3.52894E-01
 1.15000E+01    3.48123E-01
 1.20000E+01    3.46154E-01
 1.25000E+01    3.46108E-01
 1.30000E+01    3.47231E-01
 1.35000E+01    3.48844E-01
 1.40000E+01    3.50387E-01
 1.45000E+01    3.51476E-01
 1.50000E+01    3.51935E-01
 1.60000E+01    3.51042E-01
 1.70000E+01    3.48462E-01
 1.80000E+01    3.44720E-01
 1.90000E+01    3.39859E-01
 2.00000E+01    3.34060E-01
 2.10000E+01    3.27773E-01
 2.20000E+01    3.21428E-01
 2.30000E+01    3.15220E-01
 2.40000E+01    3.09158E-01
 2.50000E+01    3.03165E-01
 2.60000E+01    2.97153E-01
 2.70000E+01    2.91059E-01
 2.80000E+01    2.84838E-01
 2.90000E+01    2.78471E-01
 3.00000E+01    2.71959E-01
