# p + Ni  0 : (p,xg)
# endfb8.0   CHIBA,CHADWICK,YOUNG,KONING       EVAL-SEP97
#
# # energies =    42
#   E(MeV)          xs(mb) 
 3.00000E+00    1.87205E-01
 4.00000E+00    2.56681E+00
 5.00000E+00    1.58138E+01
 6.00000E+00    3.75623E+01
 7.00000E+00    4.58967E+01
 8.00000E+00    3.32012E+02
 9.00000E+00    4.29426E+02
 1.00000E+01    1.55441E+03
 1.10000E+01    1.93880E+03
 1.20000E+01    2.32512E+03
 1.30000E+01    2.65909E+03
 1.40000E+01    2.84384E+03
 1.50000E+01    2.82468E+03
 1.60000E+01    2.63611E+03
 1.70000E+01    2.34479E+03
 1.80000E+01    2.09346E+03
 1.90000E+01    1.97641E+03
 2.00000E+01    1.92476E+03
 2.20000E+01    2.09172E+03
 2.40000E+01    2.33296E+03
 2.60000E+01    2.55219E+03
 2.80000E+01    2.64724E+03
 3.00000E+01    2.63003E+03
 3.50000E+01    2.45072E+03
 4.00000E+01    2.41498E+03
 4.50000E+01    2.37926E+03
 5.00000E+01    2.25220E+03
 5.50000E+01    2.16539E+03
 6.00000E+01    2.09463E+03
 6.50000E+01    2.04997E+03
 7.00000E+01    1.93511E+03
 7.50000E+01    1.91518E+03
 8.00000E+01    1.90319E+03
 8.50000E+01    1.88788E+03
 9.00000E+01    1.87803E+03
 9.50000E+01    1.87757E+03
 1.00000E+02    1.87520E+03
 1.10000E+02    1.84492E+03
 1.20000E+02    1.84083E+03
 1.30000E+02    1.82454E+03
 1.40000E+02    1.80041E+03
 1.50000E+02    1.74468E+03
