# p + Mo 96 : (p,na)    
# tendl.2019 A.J. Koning                       EVAL-OCT19
# uncertainties: y
# # energies =    18
#   E(MeV)       xs(mb)       xslow(mb)      xsupp(mb)
 5.60713E+00    0.00000E+00    0.00000E+00    0.00000E+00
 9.00000E+00    1.34920E-11    0.00000E+00    2.89180E-11
 1.00000E+01    2.79002E-07    2.54549E-08    5.32549E-07
 1.10000E+01    1.45496E-04    1.32744E-05    2.77718E-04
 1.20000E+01    5.12021E-03    4.67145E-04    9.77328E-03
 1.30000E+01    1.18929E-02    1.08505E-03    2.27007E-02
 1.40000E+01    5.83579E-02    2.00392E-02    9.66766E-02
 1.50000E+01    2.59551E-01    8.91260E-02    4.29976E-01
 1.60000E+01    9.67005E-01    3.32055E-01    1.60195E+00
 1.70000E+01    2.98474E+00    1.02492E+00    4.94456E+00
 1.80000E+01    6.40907E+00    3.28403E+00    9.53411E+00
 1.90000E+01    1.08610E+01    5.56522E+00    1.61568E+01
 2.00000E+01    1.43618E+01    7.35904E+00    2.13646E+01
 2.20000E+01    2.11570E+01    1.15391E+01    3.07749E+01
 2.40000E+01    2.74168E+01    1.49532E+01    3.98804E+01
 2.60000E+01    2.95189E+01    1.57737E+01    4.32641E+01
 2.80000E+01    2.61303E+01    1.39629E+01    3.82977E+01
 3.00000E+01    2.07592E+01    1.10929E+01    3.04255E+01
