# n + Ne 21 : (n,n'11)  
# tendl.2019 A.J. Koning and D. Rochman        EVAL-NOV19
# uncertainties: n
# # energies =    65
#   E(MeV)       xs(mb) 
 4.90963E+00    0.00000E+00
 4.95237E+00    2.67380E+00
 5.00000E+00    5.65348E+00
 5.20000E+00    1.46621E+01
 5.40000E+00    2.26920E+01
 5.59153E+00    2.87456E+01
 5.60000E+00    2.90133E+01
 5.69277E+00    3.10849E+01
 5.80000E+00    3.34795E+01
 5.81644E+00    3.36802E+01
 5.90134E+00    3.47168E+01
 5.96314E+00    3.54714E+01
 6.00000E+00    3.59214E+01
 6.05110E+00    3.60821E+01
 6.09826E+00    3.62304E+01
 6.10057E+00    3.62377E+01
 6.20000E+00    3.65504E+01
 6.28053E+00    3.63350E+01
 6.32317E+00    3.62210E+01
 6.40000E+00    3.60155E+01
 6.47189E+00    3.56540E+01
 6.56108E+00    3.52056E+01
 6.56779E+00    3.51719E+01
 6.60000E+00    3.50099E+01
 6.71996E+00    3.49608E+01
 6.75811E+00    3.49452E+01
 6.80000E+00    3.49280E+01
 6.85789E+00    3.44275E+01
 6.86910E+00    3.43306E+01
 6.92517E+00    3.38458E+01
 7.00000E+00    3.31989E+01
 7.20000E+00    3.11862E+01
 7.40000E+00    2.90341E+01
 7.60000E+00    2.68691E+01
 7.80000E+00    2.46724E+01
 8.00000E+00    2.28419E+01
 8.50000E+00    1.84501E+01
 9.00000E+00    1.49007E+01
 9.50000E+00    1.21713E+01
 1.00000E+01    9.96141E+00
 1.05000E+01    8.12682E+00
 1.10000E+01    6.53738E+00
 1.15000E+01    5.32961E+00
 1.20000E+01    4.26496E+00
 1.25000E+01    3.44497E+00
 1.30000E+01    2.65296E+00
 1.35000E+01    2.01275E+00
 1.40000E+01    1.55412E+00
 1.45000E+01    1.18043E+00
 1.50000E+01    9.11193E-01
 1.60000E+01    5.43317E-01
 1.70000E+01    3.25280E-01
 1.80000E+01    1.96335E-01
 1.90000E+01    1.20046E-01
 2.00000E+01    7.44130E-02
 2.10000E+01    3.27273E-02
 2.20000E+01    1.96662E-02
 2.30000E+01    1.16130E-02
 2.40000E+01    6.97517E-03
 2.50000E+01    3.87003E-03
 2.60000E+01    2.21206E-03
 2.70000E+01    1.05427E-03
 2.80000E+01    5.71730E-04
 2.90000E+01    2.87394E-04
 3.00000E+01    9.83836E-05
