# p + Ho165 : (p,xg)    
# tendl.2019 A.J. Koning                       EVAL-OCT19
# 
# # energies =    56
#   E(MeV)        xs(mb) 
 1.16683E+00    0.00000E+00
 1.21428E+00    0.00000E+00
 1.22989E+00    0.00000E+00
 1.24456E+00    0.00000E+00
 1.26539E+00    0.00000E+00
 1.33495E+00    0.00000E+00
 1.34373E+00    0.00000E+00
 1.40608E+00    0.00000E+00
 1.41125E+00    0.00000E+00
 1.46444E+00    0.00000E+00
 1.46539E+00    0.00000E+00
 2.00000E+00    0.00000E+00
 3.00000E+00    0.00000E+00
 4.00000E+00    0.00000E+00
 5.00000E+00    0.00000E+00
 6.00000E+00    0.00000E+00
 7.00000E+00    0.00000E+00
 8.00000E+00    0.00000E+00
 9.00000E+00    0.00000E+00
 1.00000E+01    0.00000E+00
 1.10000E+01    0.00000E+00
 1.20000E+01    0.00000E+00
 1.30000E+01    0.00000E+00
 1.40000E+01    0.00000E+00
 1.50000E+01    0.00000E+00
 1.60000E+01    0.00000E+00
 1.70000E+01    0.00000E+00
 1.80000E+01    0.00000E+00
 1.90000E+01    0.00000E+00
 2.00000E+01    0.00000E+00
 2.20000E+01    0.00000E+00
 2.40000E+01    0.00000E+00
 2.60000E+01    0.00000E+00
 2.80000E+01    0.00000E+00
 3.00000E+01    0.00000E+00
 3.00000E+01    4.76208E+03
 3.50000E+01    5.75110E+03
 4.00000E+01    6.20071E+03
 4.50000E+01    6.76863E+03
 5.00000E+01    6.66126E+03
 5.50000E+01    6.68288E+03
 6.00000E+01    6.67838E+03
 6.50000E+01    6.66918E+03
 7.00000E+01    6.60325E+03
 7.50000E+01    6.50948E+03
 8.00000E+01    6.39198E+03
 9.00000E+01    6.14905E+03
 1.00000E+02    5.74725E+03
 1.10000E+02    5.39483E+03
 1.20000E+02    5.17486E+03
 1.30000E+02    4.95513E+03
 1.40000E+02    4.80396E+03
 1.50000E+02    4.71509E+03
 1.60000E+02    4.61740E+03
 1.80000E+02    4.42855E+03
 2.00000E+02    3.97443E+03
