# p + Pt193 : (p,g)g    
# tendl.2019 A.J. Koning                       EVAL-OCT19
# uncertainties: y
# # energies =    21
#   E(MeV)       xs(mb)       xslow(mb)      xsupp(mb)
 3.00000E+01    8.00979E-02    0.00000E+00    0.00000E+00
 3.50000E+01    7.34956E-02    0.00000E+00    0.00000E+00
 4.00000E+01    6.48315E-02    0.00000E+00    0.00000E+00
 4.50000E+01    6.35160E-02    0.00000E+00    0.00000E+00
 5.00000E+01    5.82482E-02    0.00000E+00    0.00000E+00
 5.50000E+01    5.76657E-02    0.00000E+00    0.00000E+00
 6.00000E+01    4.94060E-02    0.00000E+00    0.00000E+00
 6.50000E+01    5.03139E-02    0.00000E+00    0.00000E+00
 7.00000E+01    4.90514E-02    0.00000E+00    0.00000E+00
 7.50000E+01    4.66644E-02    0.00000E+00    0.00000E+00
 8.00000E+01    3.79733E-02    0.00000E+00    0.00000E+00
 9.00000E+01    3.27169E-02    0.00000E+00    0.00000E+00
 1.00000E+02    3.32381E-02    0.00000E+00    0.00000E+00
 1.10000E+02    3.10372E-02    0.00000E+00    0.00000E+00
 1.20000E+02    2.72413E-02    0.00000E+00    0.00000E+00
 1.30000E+02    2.25621E-02    0.00000E+00    0.00000E+00
 1.40000E+02    1.72199E-02    0.00000E+00    0.00000E+00
 1.50000E+02    1.20163E-02    0.00000E+00    0.00000E+00
 1.60000E+02    1.13114E-02    0.00000E+00    0.00000E+00
 1.80000E+02    1.17845E-02    0.00000E+00    0.00000E+00
 2.00000E+02    8.82527E-03    0.00000E+00    0.00000E+00
