# n + Gd160 : (n,el)    
# jendl4.0   N.Iwamoto,A.Zukeran,K.Shibata     EVAL-Dec09
# uncertainties: n
# # energies =   616
#   E(MeV)       xs(mb) 
 1.00000E-11    1.86758E+04
 1.04713E-11    1.82685E+04
 1.09648E-11    1.78706E+04
 1.14815E-11    1.74826E+04
 1.20226E-11    1.71034E+04
 1.25893E-11    1.67337E+04
 1.31826E-11    1.63725E+04
 1.38038E-11    1.60203E+04
 1.44544E-11    1.56762E+04
 1.51356E-11    1.53407E+04
 1.58489E-11    1.50132E+04
 1.65959E-11    1.46935E+04
 1.73780E-11    1.43819E+04
 1.81970E-11    1.40775E+04
 1.90546E-11    1.37810E+04
 1.99526E-11    1.34913E+04
 2.08930E-11    1.32091E+04
 2.18776E-11    1.29336E+04
 2.29087E-11    1.26652E+04
 2.39883E-11    1.24033E+04
 2.51189E-11    1.21480E+04
 2.63027E-11    1.18992E+04
 2.75423E-11    1.16564E+04
 2.88403E-11    1.14200E+04
 3.01995E-11    1.11895E+04
 3.16228E-11    1.09647E+04
 3.31131E-11    1.07460E+04
 3.46737E-11    1.05327E+04
 3.63078E-11    1.03249E+04
 3.80189E-11    1.01228E+04
 3.98107E-11    9.92563E+03
 4.16869E-11    9.73385E+03
 4.36516E-11    9.54719E+03
 4.57088E-11    9.36528E+03
 4.78630E-11    9.18850E+03
 5.01187E-11    9.01640E+03
 5.24807E-11    8.84884E+03
 5.49541E-11    8.68611E+03
 5.75440E-11    8.52771E+03
 6.02560E-11    8.37367E+03
 6.30957E-11    8.22411E+03
 6.60693E-11    8.07859E+03
 6.91831E-11    7.93729E+03
 7.24436E-11    7.80014E+03
 7.58578E-11    7.66680E+03
 7.94328E-11    7.53731E+03
 8.31764E-11    7.41179E+03
 8.70964E-11    7.28992E+03
 9.12011E-11    7.17160E+03
 9.54993E-11    7.05696E+03
 1.00000E-10    6.94586E+03
 1.04713E-10    6.83809E+03
 1.09648E-10    6.73364E+03
 1.14815E-10    6.63262E+03
 1.20226E-10    6.53478E+03
 1.25893E-10    6.44000E+03
 1.31826E-10    6.34827E+03
 1.38038E-10    6.25963E+03
 1.44544E-10    6.17394E+03
 1.51356E-10    6.09108E+03
 1.58489E-10    6.01101E+03
 1.65959E-10    5.93370E+03
 1.73780E-10    5.85908E+03
 1.81970E-10    5.78709E+03
 1.90546E-10    5.71764E+03
 1.99526E-10    5.65066E+03
 2.08930E-10    5.58613E+03
 2.18776E-10    5.52394E+03
 2.29087E-10    5.46404E+03
 2.39883E-10    5.40638E+03
 2.51189E-10    5.35092E+03
 2.63027E-10    5.29762E+03
 2.75423E-10    5.24633E+03
 2.88403E-10    5.19705E+03
 3.01995E-10    5.14971E+03
 3.16228E-10    5.10428E+03
 3.31131E-10    5.06064E+03
 3.46737E-10    5.01877E+03
 3.63078E-10    4.97865E+03
 3.80189E-10    4.94015E+03
 3.98107E-10    4.90329E+03
 4.16869E-10    4.86793E+03
 4.36516E-10    4.83405E+03
 4.57088E-10    4.80163E+03
 4.78630E-10    4.77058E+03
 5.01187E-10    4.74088E+03
 5.24807E-10    4.71247E+03
 5.49541E-10    4.68535E+03
 5.75440E-10    4.65936E+03
 6.02560E-10    4.63446E+03
 6.30957E-10    4.61067E+03
 6.60693E-10    4.58799E+03
 6.91831E-10    4.56635E+03
 7.24436E-10    4.54554E+03
 7.58578E-10    4.52568E+03
 7.94328E-10    4.50682E+03
 8.31764E-10    4.48876E+03
 8.70964E-10    4.47137E+03
 9.12011E-10    4.45494E+03
 9.54993E-10    4.43922E+03
 1.00000E-09    4.42404E+03
 1.04713E-09    4.40978E+03
 1.09648E-09    4.39599E+03
 1.14815E-09    4.38284E+03
 1.20226E-09    4.37043E+03
 1.25892E-09    4.35830E+03
 1.31826E-09    4.34707E+03
 1.38038E-09    4.33596E+03
 1.44544E-09    4.32572E+03
 1.51356E-09    4.31560E+03
 1.58489E-09    4.30626E+03
 1.65959E-09    4.29702E+03
 1.73780E-09    4.28852E+03
 1.81970E-09    4.28006E+03
 1.90546E-09    4.27236E+03
 1.99526E-09    4.26459E+03
 2.08930E-09    4.25761E+03
 2.18776E-09    4.25052E+03
 2.29087E-09    4.24409E+03
 2.39883E-09    4.23778E+03
 2.51189E-09    4.23168E+03
 2.63027E-09    4.22615E+03
 2.75423E-09    4.22044E+03
 2.88403E-09    4.21540E+03
 3.01995E-09    4.21043E+03
 3.16228E-09    4.20545E+03
 3.31131E-09    4.20114E+03
 3.46737E-09    4.19671E+03
 3.63078E-09    4.19242E+03
 3.80189E-09    4.18870E+03
 3.98107E-09    4.18483E+03
 4.16869E-09    4.18104E+03
 4.36516E-09    4.17783E+03
 4.57088E-09    4.17452E+03
 4.78630E-09    4.17113E+03
 5.01187E-09    4.16831E+03
 5.24807E-09    4.16554E+03
 5.49541E-09    4.16264E+03
 5.75440E-09    4.15990E+03
 6.02560E-09    4.15763E+03
 6.30957E-09    4.15527E+03
 6.60693E-09    4.15279E+03
 6.91831E-09    4.15057E+03
 7.24436E-09    4.14871E+03
 7.58578E-09    4.14675E+03
 7.94328E-09    4.14470E+03
 8.31764E-09    4.14273E+03
 8.70964E-09    4.14121E+03
 9.12011E-09    4.13966E+03
 9.54993E-09    4.13803E+03
 1.00000E-08    4.13633E+03
 1.04713E-08    4.13485E+03
 1.09648E-08    4.13367E+03
 1.14815E-08    4.13243E+03
 1.20226E-08    4.13114E+03
 1.25893E-08    4.12979E+03
 1.31826E-08    4.12850E+03
 1.38038E-08    4.12759E+03
 1.44544E-08    4.12666E+03
 1.51356E-08    4.12569E+03
 1.58489E-08    4.12468E+03
 1.65959E-08    4.12361E+03
 1.73780E-08    4.12261E+03
 1.81970E-08    4.12194E+03
 1.90546E-08    4.12126E+03
 1.99526E-08    4.12056E+03
 2.08930E-08    4.11982E+03
 2.18776E-08    4.11904E+03
 2.29087E-08    4.11823E+03
 2.39883E-08    4.11745E+03
 2.51189E-08    4.11689E+03
 2.63027E-08    4.11646E+03
 2.75423E-08    4.11601E+03
 2.88403E-08    4.11554E+03
 3.01995E-08    4.11505E+03
 3.16228E-08    4.11454E+03
 3.31131E-08    4.11400E+03
 3.46737E-08    4.11344E+03
 3.63078E-08    4.11287E+03
 3.80189E-08    4.11254E+03
 3.98107E-08    4.11226E+03
 4.16869E-08    4.11197E+03
 4.36516E-08    4.11167E+03
 4.57088E-08    4.11135E+03
 4.78630E-08    4.11102E+03
 5.01187E-08    4.11067E+03
 5.24807E-08    4.11031E+03
 5.49541E-08    4.10993E+03
 5.75440E-08    4.10953E+03
 6.02560E-08    4.10919E+03
 6.30957E-08    4.10903E+03
 6.60693E-08    4.10887E+03
 6.91831E-08    4.10870E+03
 7.24436E-08    4.10852E+03
 7.58578E-08    4.10833E+03
 7.94328E-08    4.10814E+03
 8.31764E-08    4.10794E+03
 8.70964E-08    4.10772E+03
 9.12011E-08    4.10750E+03
 9.54993E-08    4.10727E+03
 1.00000E-07    4.10702E+03
 1.04713E-07    4.10677E+03
 1.09648E-07    4.10650E+03
 1.14815E-07    4.10627E+03
 1.20226E-07    4.10617E+03
 1.25893E-07    4.10607E+03
 1.31826E-07    4.10598E+03
 1.38038E-07    4.10587E+03
 1.44544E-07    4.10576E+03
 1.51356E-07    4.10565E+03
 1.58489E-07    4.10553E+03
 1.65959E-07    4.10541E+03
 1.73780E-07    4.10528E+03
 1.81970E-07    4.10515E+03
 1.90546E-07    4.10500E+03
 1.99526E-07    4.10485E+03
 2.08930E-07    4.10470E+03
 2.18776E-07    4.10454E+03
 2.29087E-07    4.10436E+03
 2.39883E-07    4.10419E+03
 2.51189E-07    4.10400E+03
 2.63027E-07    4.10380E+03
 2.75423E-07    4.10360E+03
 2.88403E-07    4.10338E+03
 3.01995E-07    4.10320E+03
 3.16228E-07    4.10309E+03
 3.31131E-07    4.10297E+03
 3.46737E-07    4.10286E+03
 3.63078E-07    4.10273E+03
 3.80189E-07    4.10260E+03
 3.98107E-07    4.10247E+03
 4.16869E-07    4.10232E+03
 4.36516E-07    4.10217E+03
 4.57088E-07    4.10202E+03
 4.78630E-07    4.10186E+03
 5.01187E-07    4.10168E+03
 5.24807E-07    4.10150E+03
 5.49541E-07    4.10132E+03
 5.75440E-07    4.10112E+03
 6.02560E-07    4.10092E+03
 6.30957E-07    4.10070E+03
 6.60693E-07    4.10047E+03
 6.91831E-07    4.10024E+03
 7.24436E-07    4.09999E+03
 7.58578E-07    4.09973E+03
 7.94328E-07    4.09946E+03
 8.31764E-07    4.09918E+03
 8.70964E-07    4.09888E+03
 9.12011E-07    4.09857E+03
 9.54993E-07    4.09824E+03
 1.00000E-06    4.09790E+03
 1.04713E-06    4.09754E+03
 1.09648E-06    4.09717E+03
 1.14815E-06    4.09678E+03
 1.20226E-06    4.09637E+03
 1.25893E-06    4.09594E+03
 1.31826E-06    4.09549E+03
 1.38038E-06    4.09501E+03
 1.44544E-06    4.09452E+03
 1.51356E-06    4.09400E+03
 1.58489E-06    4.09346E+03
 1.65959E-06    4.09290E+03
 1.73780E-06    4.09238E+03
 1.81970E-06    4.09192E+03
 1.90546E-06    4.09144E+03
 1.99526E-06    4.09094E+03
 2.08930E-06    4.09041E+03
 2.18776E-06    4.08986E+03
 2.29087E-06    4.08929E+03
 2.39883E-06    4.08868E+03
 2.51189E-06    4.08805E+03
 2.63027E-06    4.08739E+03
 2.75423E-06    4.08669E+03
 2.88403E-06    4.08596E+03
 3.01995E-06    4.08520E+03
 3.16228E-06    4.08441E+03
 3.31131E-06    4.08357E+03
 3.46737E-06    4.08270E+03
 3.63078E-06    4.08178E+03
 3.80189E-06    4.08083E+03
 3.98107E-06    4.07982E+03
 4.16869E-06    4.07877E+03
 4.36516E-06    4.07767E+03
 4.57088E-06    4.07652E+03
 4.78630E-06    4.07532E+03
 5.01187E-06    4.07405E+03
 5.24807E-06    4.07273E+03
 5.49541E-06    4.07135E+03
 5.75440E-06    4.06990E+03
 6.02560E-06    4.06838E+03
 6.30957E-06    4.06679E+03
 6.60693E-06    4.06512E+03
 6.91831E-06    4.06338E+03
 7.24436E-06    4.06155E+03
 7.58578E-06    4.05964E+03
 7.94328E-06    4.05764E+03
 8.31764E-06    4.05555E+03
 8.70964E-06    4.05335E+03
 9.12011E-06    4.05105E+03
 9.54993E-06    4.04865E+03
 1.00000E-05    4.04613E+03
 1.04713E-05    4.04349E+03
 1.09648E-05    4.04073E+03
 1.14815E-05    4.03784E+03
 1.20226E-05    4.03481E+03
 1.25893E-05    4.03163E+03
 1.31826E-05    4.02831E+03
 1.38038E-05    4.02483E+03
 1.44544E-05    4.02119E+03
 1.51356E-05    4.01738E+03
 1.58489E-05    4.01339E+03
 1.65959E-05    4.00931E+03
 1.73780E-05    4.00606E+03
 1.81970E-05    4.00289E+03
 1.90546E-05    3.99958E+03
 1.99526E-05    3.99610E+03
 2.08930E-05    3.99247E+03
 2.18776E-05    3.98866E+03
 2.29087E-05    3.98467E+03
 2.39883E-05    3.98050E+03
 2.51189E-05    3.97612E+03
 2.63027E-05    3.97155E+03
 2.75423E-05    3.96675E+03
 2.88403E-05    3.96173E+03
 3.01995E-05    3.95648E+03
 3.16228E-05    3.95097E+03
 3.31131E-05    3.94521E+03
 3.46737E-05    3.93918E+03
 3.63078E-05    3.93286E+03
 3.80189E-05    3.92624E+03
 3.98107E-05    3.91937E+03
 4.16869E-05    3.91347E+03
 4.36516E-05    3.90785E+03
 4.57088E-05    3.90197E+03
 4.78630E-05    3.89581E+03
 5.01187E-05    3.88937E+03
 5.24807E-05    3.88261E+03
 5.49541E-05    3.87554E+03
 5.75440E-05    3.86814E+03
 6.02560E-05    3.86039E+03
 6.30957E-05    3.85227E+03
 6.60693E-05    3.84377E+03
 6.91831E-05    3.83487E+03
 7.24436E-05    3.82555E+03
 7.58578E-05    3.81579E+03
 7.94328E-05    3.80557E+03
 8.31764E-05    3.79487E+03
 8.70964E-05    3.78366E+03
 9.12011E-05    3.77190E+03
 9.54993E-05    3.75945E+03
 1.00000E-04    3.74641E+03
 1.04713E-04    3.73274E+03
 1.09648E-04    3.71844E+03
 1.14815E-04    3.70346E+03
 1.20226E-04    3.68778E+03
 1.25893E-04    3.67135E+03
 1.31826E-04    3.65415E+03
 1.38038E-04    3.63377E+03
 1.44544E-04    3.60870E+03
 1.51356E-04    3.58239E+03
 1.58489E-04    3.55302E+03
 1.65959E-04    3.51375E+03
 1.73780E-04    3.46585E+03
 1.81970E-04    3.39860E+03
 1.90546E-04    3.29414E+03
 1.99526E-04    3.08973E+03
 2.08930E-04    2.38757E+03
 2.18776E-04    3.88926E+04
 2.29087E-04    4.57323E+03
 2.39883E-04    4.05570E+03
 2.51189E-04    3.87754E+03
 2.63027E-04    3.78124E+03
 2.75423E-04    3.71865E+03
 2.88403E-04    3.67528E+03
 3.01995E-04    3.64725E+03
 3.16228E-04    3.63705E+03
 3.31131E-04    3.65534E+03
 3.46737E-04    3.72951E+03
 3.63078E-04    3.94905E+03
 3.80189E-04    4.72472E+03
 3.98107E-04    1.31904E+04
 4.16869E-04    3.51728E+05
 4.36516E-04    4.38086E+03
 4.57088E-04    2.99013E+04
 4.78630E-04    6.62010E+04
 5.01187E-04    5.66676E+03
 5.24807E-04    8.64416E+03
 5.49541E-04    5.47631E+05
 5.75440E-04    6.01448E+04
 6.02560E-04    6.50668E+03
 6.30957E-04    3.65059E+03
 6.60693E-04    2.90412E+03
 6.91831E-04    1.90292E+05
 7.24436E-04    5.82041E+03
 7.58578E-04    3.00342E+03
 7.94328E-04    1.76552E+03
 8.31764E-04    7.16356E+02
 8.70964E-04    2.93793E+05
 9.12011E-04    3.65278E+04
 9.54993E-04    8.66397E+03
 1.00000E-03    5.32380E+04
 1.04713E-03    4.87423E+03
 1.09648E-03    3.22214E+03
 1.14815E-03    1.36462E+03
 1.20226E-03    1.65172E+05
 1.25893E-03    5.92270E+04
 1.31826E-03    6.49429E+03
 1.38038E-03    3.95409E+04
 1.44544E-03    6.43309E+03
 1.51356E-03    4.47647E+03
 1.58489E-03    1.68333E+04
 1.65959E-03    2.47025E+04
 1.73780E-03    1.48788E+05
 1.81970E-03    4.95750E+04
 1.90546E-03    1.39901E+04
 1.99526E-03    7.34684E+03
 2.08930E-03    5.38844E+03
 2.18776E-03    2.68719E+04
 2.29087E-03    1.21378E+04
 2.39883E-03    6.36839E+03
 2.51189E-03    8.23283E+04
 2.63027E-03    5.16055E+04
 2.75423E-03    1.41514E+04
 2.88403E-03    2.92081E+04
 3.01995E-03    7.18869E+03
 3.16228E-03    2.35712E+04
 3.31131E-03    6.83882E+03
 3.46737E-03    4.28640E+04
 3.63078E-03    1.50890E+04
 3.80189E-03    1.63729E+04
 3.98107E-03    6.43351E+03
 4.16869E-03    1.50820E+04
 4.36516E-03    1.86566E+04
 4.57088E-03    1.83678E+04
 4.78630E-03    1.80835E+04
 5.01187E-03    1.78043E+04
 5.24807E-03    1.75285E+04
 5.49541E-03    1.72572E+04
 5.75440E-03    1.69901E+04
 6.02560E-03    1.67276E+04
 6.30957E-03    1.64683E+04
 6.60693E-03    1.62139E+04
 6.91831E-03    1.59671E+04
 7.24436E-03    1.57359E+04
 7.58578E-03    1.55078E+04
 7.94328E-03    1.52830E+04
 8.31764E-03    1.50623E+04
 8.70964E-03    1.48439E+04
 9.12011E-03    1.46290E+04
 9.54993E-03    1.44173E+04
 1.00000E-02    1.42213E+04
 1.04713E-02    1.40400E+04
 1.09648E-02    1.38611E+04
 1.14815E-02    1.36845E+04
 1.20226E-02    1.35100E+04
 1.25893E-02    1.33380E+04
 1.31826E-02    1.31680E+04
 1.38038E-02    1.30008E+04
 1.44544E-02    1.28350E+04
 1.51356E-02    1.26714E+04
 1.58489E-02    1.25099E+04
 1.65959E-02    1.23510E+04
 1.73780E-02    1.21933E+04
 1.81970E-02    1.20381E+04
 1.90546E-02    1.18848E+04
 1.99526E-02    1.17412E+04
 2.08930E-02    1.16081E+04
 2.18776E-02    1.14764E+04
 2.29087E-02    1.13464E+04
 2.39883E-02    1.12178E+04
 2.51189E-02    1.10912E+04
 2.63027E-02    1.09653E+04
 2.75423E-02    1.08412E+04
 2.88403E-02    1.07185E+04
 3.01995E-02    1.06018E+04
 3.16228E-02    1.04890E+04
 3.31131E-02    1.03778E+04
 3.46737E-02    1.02672E+04
 3.63078E-02    1.01581E+04
 3.80189E-02    1.00501E+04
 3.98107E-02    9.94802E+03
 4.16869E-02    9.85296E+03
 4.36516E-02    9.75892E+03
 4.57088E-02    9.66623E+03
 4.78630E-02    9.57417E+03
 5.01187E-02    9.48285E+03
 5.24807E-02    9.39223E+03
 5.49541E-02    9.30283E+03
 5.75440E-02    9.21411E+03
 6.02560E-02    9.13005E+03
 6.30957E-02    9.05021E+03
 6.60693E-02    8.97071E+03
 6.91831E-02    8.89246E+03
 7.24436E-02    8.81741E+03
 7.58578E-02    8.72722E+03
 7.94328E-02    8.62454E+03
 8.31764E-02    8.52380E+03
 8.70964E-02    8.42387E+03
 9.12011E-02    8.32350E+03
 9.54993E-02    8.22383E+03
 1.00000E-01    8.13159E+03
 1.04713E-01    8.04531E+03
 1.09648E-01    7.95924E+03
 1.14815E-01    7.87478E+03
 1.20226E-01    7.79118E+03
 1.25893E-01    7.70853E+03
 1.31826E-01    7.62631E+03
 1.38038E-01    7.54489E+03
 1.44544E-01    7.46462E+03
 1.51356E-01    7.38619E+03
 1.58489E-01    7.31253E+03
 1.65959E-01    7.24732E+03
 1.73780E-01    7.18297E+03
 1.81970E-01    7.11926E+03
 1.90546E-01    7.05576E+03
 1.99526E-01    6.99170E+03
 2.08930E-01    6.92789E+03
 2.18776E-01    6.86452E+03
 2.29087E-01    6.80145E+03
 2.39883E-01    6.73892E+03
 2.51189E-01    6.68858E+03
 2.63027E-01    6.64560E+03
 2.75423E-01    6.60060E+03
 2.88403E-01    6.55347E+03
 3.01995E-01    6.50436E+03
 3.16228E-01    6.46011E+03
 3.31131E-01    6.41719E+03
 3.46737E-01    6.37225E+03
 3.63078E-01    6.32519E+03
 3.80189E-01    6.27958E+03
 3.98107E-01    6.24103E+03
 4.16869E-01    6.20673E+03
 4.36516E-01    6.17689E+03
 4.57088E-01    6.14564E+03
 4.78630E-01    6.11292E+03
 5.01187E-01    6.07867E+03
 5.24807E-01    6.04655E+03
 5.49541E-01    6.01705E+03
 5.75440E-01    5.98616E+03
 6.02560E-01    5.95382E+03
 6.30957E-01    5.91995E+03
 6.60693E-01    5.88449E+03
 6.91831E-01    5.84776E+03
 7.24436E-01    5.81624E+03
 7.58578E-01    5.78578E+03
 7.94328E-01    5.75388E+03
 8.31764E-01    5.72047E+03
 8.70964E-01    5.68550E+03
 9.12011E-01    5.63282E+03
 9.54993E-01    5.55958E+03
 1.00000E+00    5.46723E+03
 1.04713E+00    5.36993E+03
 1.09648E+00    5.27982E+03
 1.14815E+00    5.19683E+03
 1.20226E+00    5.10873E+03
 1.25893E+00    5.00356E+03
 1.31826E+00    4.89751E+03
 1.38038E+00    4.77318E+03
 1.44544E+00    4.65346E+03
 1.51356E+00    4.54909E+03
 1.58489E+00    4.44669E+03
 1.65959E+00    4.34444E+03
 1.73780E+00    4.24674E+03
 1.81970E+00    4.14626E+03
 1.90546E+00    4.05103E+03
 1.99526E+00    3.95303E+03
 2.08930E+00    3.85723E+03
 2.18776E+00    3.76371E+03
 2.29087E+00    3.66577E+03
 2.39883E+00    3.56597E+03
 2.51189E+00    3.47028E+03
 2.63027E+00    3.37271E+03
 2.75423E+00    3.27838E+03
 2.88403E+00    3.18119E+03
 3.01995E+00    3.08800E+03
 3.16228E+00    2.99502E+03
 3.31131E+00    2.90681E+03
 3.46737E+00    2.82008E+03
 3.63078E+00    2.73910E+03
 3.80189E+00    2.65848E+03
 3.98107E+00    2.58232E+03
 4.16869E+00    2.51328E+03
 4.36516E+00    2.44491E+03
 4.57088E+00    2.38352E+03
 4.78630E+00    2.32577E+03
 5.01187E+00    2.27540E+03
 5.24807E+00    2.23055E+03
 5.49541E+00    2.19165E+03
 5.75440E+00    2.15979E+03
 6.02560E+00    2.13720E+03
 6.30957E+00    2.12153E+03
 6.60693E+00    2.11414E+03
 6.91831E+00    2.11476E+03
 7.24436E+00    2.12555E+03
 7.58578E+00    2.14573E+03
 7.94328E+00    2.17355E+03
 8.31764E+00    2.21018E+03
 8.70964E+00    2.25445E+03
 9.12011E+00    2.30461E+03
 9.54993E+00    2.36100E+03
 1.00000E+01    2.42155E+03
 1.04713E+01    2.48586E+03
 1.09648E+01    2.55144E+03
 1.14815E+01    2.61631E+03
 1.20226E+01    2.67830E+03
 1.25893E+01    2.73520E+03
 1.31826E+01    2.78493E+03
 1.38038E+01    2.82578E+03
 1.44544E+01    2.85595E+03
 1.51356E+01    2.87392E+03
 1.58489E+01    2.87910E+03
 1.65959E+01    2.87032E+03
 1.73780E+01    2.84777E+03
 1.81970E+01    2.81119E+03
 1.90546E+01    2.76105E+03
 1.99526E+01    1.40603E+02
