# n + La138 : (n,el)    
# jendl4.0   JNDC FP NUCLEAR DATA W.G.         EVAL-MAR90
# uncertainties: n
# # energies =   616
#   E(MeV)       xs(mb) 
 1.00000E-11    6.03937E+04
 1.04713E-11    5.90691E+04
 1.09648E-11    5.77748E+04
 1.14815E-11    5.65124E+04
 1.20226E-11    5.52785E+04
 1.25893E-11    5.40755E+04
 1.31826E-11    5.28994E+04
 1.38038E-11    5.17529E+04
 1.44544E-11    5.06326E+04
 1.51356E-11    4.95399E+04
 1.58489E-11    4.84730E+04
 1.65959E-11    4.74317E+04
 1.73780E-11    4.64160E+04
 1.81970E-11    4.54240E+04
 1.90546E-11    4.44572E+04
 1.99526E-11    4.35125E+04
 2.08930E-11    4.25922E+04
 2.18776E-11    4.16932E+04
 2.29087E-11    4.08173E+04
 2.39883E-11    3.99621E+04
 2.51189E-11    3.91285E+04
 2.63027E-11    3.83154E+04
 2.75423E-11    3.75223E+04
 2.88403E-11    3.67495E+04
 3.01995E-11    3.59955E+04
 3.16228E-11    3.52613E+04
 3.31131E-11    3.45448E+04
 3.46737E-11    3.38465E+04
 3.63078E-11    3.31668E+04
 3.80189E-11    3.25035E+04
 3.98107E-11    3.18578E+04
 4.16869E-11    3.12290E+04
 4.36516E-11    3.06159E+04
 4.57088E-11    3.00195E+04
 4.78630E-11    2.94386E+04
 5.01187E-11    2.88725E+04
 5.24807E-11    2.83224E+04
 5.49541E-11    2.77864E+04
 5.75440E-11    2.72648E+04
 6.02560E-11    2.67579E+04
 6.30957E-11    2.62643E+04
 6.60693E-11    2.57845E+04
 6.91831E-11    2.53182E+04
 7.24436E-11    2.48644E+04
 7.58578E-11    2.44239E+04
 7.94328E-11    2.39958E+04
 8.31764E-11    2.35796E+04
 8.70964E-11    2.31759E+04
 9.12011E-11    2.27838E+04
 9.54993E-11    2.24029E+04
 1.00000E-10    2.20333E+04
 1.04713E-10    2.16752E+04
 1.09648E-10    2.13276E+04
 1.14815E-10    2.09903E+04
 1.20226E-10    2.06638E+04
 1.25893E-10    2.03474E+04
 1.31826E-10    2.00407E+04
 1.38038E-10    1.97438E+04
 1.44544E-10    1.94566E+04
 1.51356E-10    1.91787E+04
 1.58489E-10    1.89097E+04
 1.65959E-10    1.86495E+04
 1.73780E-10    1.83981E+04
 1.81970E-10    1.81553E+04
 1.90546E-10    1.79209E+04
 1.99526E-10    1.76944E+04
 2.08930E-10    1.74758E+04
 2.18776E-10    1.72649E+04
 2.29087E-10    1.70615E+04
 2.39883E-10    1.68657E+04
 2.51189E-10    1.66770E+04
 2.63027E-10    1.64952E+04
 2.75423E-10    1.63201E+04
 2.88403E-10    1.61517E+04
 3.01995E-10    1.59897E+04
 3.16228E-10    1.58339E+04
 3.31131E-10    1.56842E+04
 3.46737E-10    1.55404E+04
 3.63078E-10    1.54023E+04
 3.80189E-10    1.52697E+04
 3.98107E-10    1.51425E+04
 4.16869E-10    1.50205E+04
 4.36516E-10    1.49034E+04
 4.57088E-10    1.47913E+04
 4.78630E-10    1.46838E+04
 5.01187E-10    1.45809E+04
 5.24807E-10    1.44824E+04
 5.49541E-10    1.43881E+04
 5.75440E-10    1.42978E+04
 6.02560E-10    1.42112E+04
 6.30957E-10    1.41284E+04
 6.60693E-10    1.40494E+04
 6.91831E-10    1.39738E+04
 7.24436E-10    1.39017E+04
 7.58578E-10    1.38324E+04
 7.94328E-10    1.37662E+04
 8.31764E-10    1.37033E+04
 8.70964E-10    1.36432E+04
 9.12011E-10    1.35852E+04
 9.54993E-10    1.35301E+04
 1.00000E-09    1.34778E+04
 1.04713E-09    1.34273E+04
 1.09648E-09    1.33792E+04
 1.14815E-09    1.33338E+04
 1.20226E-09    1.32895E+04
 1.25892E-09    1.32479E+04
 1.31826E-09    1.32080E+04
 1.38038E-09    1.31695E+04
 1.44544E-09    1.31336E+04
 1.51356E-09    1.30982E+04
 1.58489E-09    1.30654E+04
 1.65959E-09    1.30331E+04
 1.73780E-09    1.30033E+04
 1.81970E-09    1.29738E+04
 1.90546E-09    1.29466E+04
 1.99526E-09    1.29196E+04
 2.08930E-09    1.28949E+04
 2.18776E-09    1.28701E+04
 2.29087E-09    1.28477E+04
 2.39883E-09    1.28249E+04
 2.51189E-09    1.28045E+04
 2.63027E-09    1.27839E+04
 2.75423E-09    1.27649E+04
 2.88403E-09    1.27467E+04
 3.01995E-09    1.27285E+04
 3.16228E-09    1.27125E+04
 3.31131E-09    1.26959E+04
 3.46737E-09    1.26807E+04
 3.63078E-09    1.26664E+04
 3.80189E-09    1.26516E+04
 3.98107E-09    1.26388E+04
 4.16869E-09    1.26261E+04
 4.36516E-09    1.26131E+04
 4.57088E-09    1.26020E+04
 4.78630E-09    1.25909E+04
 5.01187E-09    1.25795E+04
 5.24807E-09    1.25696E+04
 5.49541E-09    1.25601E+04
 5.75440E-09    1.25502E+04
 6.02560E-09    1.25409E+04
 6.30957E-09    1.25329E+04
 6.60693E-09    1.25247E+04
 6.91831E-09    1.25160E+04
 7.24436E-09    1.25086E+04
 7.58578E-09    1.25018E+04
 7.94328E-09    1.24947E+04
 8.31764E-09    1.24873E+04
 8.70964E-09    1.24811E+04
 9.12011E-09    1.24754E+04
 9.54993E-09    1.24694E+04
 1.00000E-08    1.24632E+04
 1.04713E-08    1.24573E+04
 1.09648E-08    1.24526E+04
 1.14815E-08    1.24477E+04
 1.20226E-08    1.24427E+04
 1.25893E-08    1.24373E+04
 1.31826E-08    1.24324E+04
 1.38038E-08    1.24286E+04
 1.44544E-08    1.24245E+04
 1.51356E-08    1.24203E+04
 1.58489E-08    1.24158E+04
 1.65959E-08    1.24113E+04
 1.73780E-08    1.24077E+04
 1.81970E-08    1.24044E+04
 1.90546E-08    1.24009E+04
 1.99526E-08    1.23972E+04
 2.08930E-08    1.23934E+04
 2.18776E-08    1.23894E+04
 2.29087E-08    1.23857E+04
 2.39883E-08    1.23824E+04
 2.51189E-08    1.23792E+04
 2.63027E-08    1.23764E+04
 2.75423E-08    1.23735E+04
 2.88403E-08    1.23704E+04
 3.01995E-08    1.23672E+04
 3.16228E-08    1.23638E+04
 3.31131E-08    1.23603E+04
 3.46737E-08    1.23566E+04
 3.63078E-08    1.23534E+04
 3.80189E-08    1.23505E+04
 3.98107E-08    1.23476E+04
 4.16869E-08    1.23445E+04
 4.36516E-08    1.23412E+04
 4.57088E-08    1.23378E+04
 4.78630E-08    1.23342E+04
 5.01187E-08    1.23305E+04
 5.24807E-08    1.23266E+04
 5.49541E-08    1.23226E+04
 5.75440E-08    1.23190E+04
 6.02560E-08    1.23155E+04
 6.30957E-08    1.23118E+04
 6.60693E-08    1.23080E+04
 6.91831E-08    1.23040E+04
 7.24436E-08    1.22997E+04
 7.58578E-08    1.22953E+04
 7.94328E-08    1.22907E+04
 8.31764E-08    1.22858E+04
 8.70964E-08    1.22807E+04
 9.12011E-08    1.22754E+04
 9.54993E-08    1.22698E+04
 1.00000E-07    1.22643E+04
 1.04713E-07    1.22589E+04
 1.09648E-07    1.22533E+04
 1.14815E-07    1.22473E+04
 1.20226E-07    1.22411E+04
 1.25893E-07    1.22346E+04
 1.31826E-07    1.22278E+04
 1.38038E-07    1.22207E+04
 1.44544E-07    1.22132E+04
 1.51356E-07    1.22054E+04
 1.58489E-07    1.21972E+04
 1.65959E-07    1.21886E+04
 1.73780E-07    1.21797E+04
 1.81970E-07    1.21703E+04
 1.90546E-07    1.21604E+04
 1.99526E-07    1.21501E+04
 2.08930E-07    1.21393E+04
 2.18776E-07    1.21280E+04
 2.29087E-07    1.21162E+04
 2.39883E-07    1.21038E+04
 2.51189E-07    1.20909E+04
 2.63027E-07    1.20774E+04
 2.75423E-07    1.20632E+04
 2.88403E-07    1.20484E+04
 3.01995E-07    1.20328E+04
 3.16228E-07    1.20166E+04
 3.31131E-07    1.19996E+04
 3.46737E-07    1.19817E+04
 3.63078E-07    1.19631E+04
 3.80189E-07    1.19435E+04
 3.98107E-07    1.19231E+04
 4.16869E-07    1.19016E+04
 4.36516E-07    1.18792E+04
 4.57088E-07    1.18557E+04
 4.78630E-07    1.18311E+04
 5.01187E-07    1.18052E+04
 5.24807E-07    1.17773E+04
 5.49541E-07    1.17479E+04
 5.75440E-07    1.17171E+04
 6.02560E-07    1.16849E+04
 6.30957E-07    1.16512E+04
 6.60693E-07    1.16159E+04
 6.91831E-07    1.15785E+04
 7.24436E-07    1.15381E+04
 7.58578E-07    1.14957E+04
 7.94328E-07    1.14513E+04
 8.31764E-07    1.14047E+04
 8.70964E-07    1.13544E+04
 9.12011E-07    1.13008E+04
 9.54993E-07    1.12448E+04
 1.00000E-06    1.11844E+04
 1.04713E-06    1.11192E+04
 1.09648E-06    1.10510E+04
 1.14815E-06    1.09773E+04
 1.20226E-06    1.08959E+04
 1.25893E-06    1.08106E+04
 1.31826E-06    1.07192E+04
 1.38038E-06    1.06152E+04
 1.44544E-06    1.05056E+04
 1.51356E-06    1.03842E+04
 1.58489E-06    1.02467E+04
 1.65959E-06    1.00979E+04
 1.73780E-06    9.92305E+03
 1.81970E-06    9.73079E+03
 1.90546E-06    9.50218E+03
 1.99526E-06    9.23224E+03
 2.08930E-06    8.90816E+03
 2.18776E-06    8.50180E+03
 2.29087E-06    7.97619E+03
 2.39883E-06    7.26038E+03
 2.51189E-06    6.22819E+03
 2.63027E-06    4.64614E+03
 2.75423E-06    3.31976E+03
 2.88403E-06    4.02261E+04
 3.01995E-06    5.15741E+04
 3.16228E-06    2.50846E+04
 3.31131E-06    1.88479E+04
 3.46737E-06    1.62937E+04
 3.63078E-06    1.48834E+04
 3.80189E-06    1.39684E+04
 3.98107E-06    1.33160E+04
 4.16869E-06    1.28174E+04
 4.36516E-06    1.24140E+04
 4.57088E-06    1.20758E+04
 4.78630E-06    1.17810E+04
 5.01187E-06    1.15187E+04
 5.24807E-06    1.12851E+04
 5.49541E-06    1.10641E+04
 5.75440E-06    1.08609E+04
 6.02560E-06    1.06646E+04
 6.30957E-06    1.04820E+04
 6.60693E-06    1.02974E+04
 6.91831E-06    1.01288E+04
 7.24436E-06    9.95454E+03
 7.58578E-06    9.78756E+03
 7.94328E-06    9.62594E+03
 8.31764E-06    9.45787E+03
 8.70964E-06    9.29980E+03
 9.12011E-06    9.14044E+03
 9.54993E-06    8.97549E+03
 1.00000E-05    8.81960E+03
 1.04713E-05    8.66029E+03
 1.09648E-05    8.49489E+03
 1.14815E-05    8.33685E+03
 1.20226E-05    8.17548E+03
 1.25893E-05    8.00650E+03
 1.31826E-05    7.83521E+03
 1.38038E-05    7.66099E+03
 1.44544E-05    7.47857E+03
 1.51356E-05    7.28754E+03
 1.58489E-05    7.08609E+03
 1.65959E-05    6.85378E+03
 1.73780E-05    6.57338E+03
 1.81970E-05    6.18635E+03
 1.90546E-05    5.49437E+03
 1.99526E-05    4.73351E+03
 2.08930E-05    2.44482E+04
 2.18776E-05    8.62848E+03
 2.29087E-05    7.56461E+03
 2.39883E-05    7.09395E+03
 2.51189E-05    6.78904E+03
 2.63027E-05    6.55650E+03
 2.75423E-05    6.35953E+03
 2.88403E-05    6.18513E+03
 3.01995E-05    6.02587E+03
 3.16228E-05    5.87888E+03
 3.31131E-05    5.73664E+03
 3.46737E-05    5.60519E+03
 3.63078E-05    5.47337E+03
 3.80189E-05    5.35075E+03
 3.98107E-05    5.22602E+03
 4.16869E-05    5.10904E+03
 4.36516E-05    4.98915E+03
 4.57088E-05    4.87063E+03
 4.78630E-05    4.75272E+03
 5.01187E-05    4.62924E+03
 5.24807E-05    4.49995E+03
 5.49541E-05    4.36231E+03
 5.75440E-05    4.19770E+03
 6.02560E-05    3.96754E+03
 6.30957E-05    3.50275E+03
 6.60693E-05    2.90404E+04
 6.91831E-05    4.90349E+03
 7.24436E-05    4.32959E+03
 7.58578E-05    4.04500E+03
 7.94328E-05    3.77555E+03
 8.31764E-05    3.34381E+03
 8.70964E-05    1.87827E+04
 9.12011E-05    5.55436E+03
 9.54993E-05    4.27760E+03
 1.00000E-04    3.95599E+03
 1.04713E-04    3.74477E+03
 1.09648E-04    3.55230E+03
 1.14815E-04    3.34215E+03
 1.20226E-04    3.02953E+03
 1.25893E-04    4.55202E+04
 1.31826E-04    1.34969E+04
 1.38038E-04    3.99134E+03
 1.44544E-04    3.56495E+03
 1.51356E-04    3.32288E+03
 1.58489E-04    3.12362E+03
 1.65959E-04    2.92711E+03
 1.73780E-04    2.71631E+03
 1.81970E-04    2.46474E+03
 1.90546E-04    2.13131E+03
 1.99526E-04    1.60956E+03
 2.08930E-04    1.10955E+03
 2.18776E-04    7.63468E+04
 2.29087E-04    7.20977E+04
 2.39883E-04    1.19522E+05
 2.51189E-04    1.75156E+05
 2.63027E-04    1.55750E+04
 2.75423E-04    5.37571E+03
 2.88403E-04    5.06891E+03
 3.01995E-04    2.61555E+05
 3.16228E-04    1.02046E+04
 3.31131E-04    8.71574E+03
 3.46737E-04    8.64897E+03
 3.63078E-04    8.58313E+03
 3.80189E-04    8.51818E+03
 3.98107E-04    8.45366E+03
 4.16869E-04    8.38850E+03
 4.36516E-04    8.32434E+03
 4.57088E-04    8.26109E+03
 4.78630E-04    8.19869E+03
 5.01187E-04    8.13611E+03
 5.24807E-04    8.07356E+03
 5.49541E-04    8.01190E+03
 5.75440E-04    7.95114E+03
 6.02560E-04    7.89000E+03
 6.30957E-04    7.82896E+03
 6.60693E-04    7.76945E+03
 6.91831E-04    7.70968E+03
 7.24436E-04    7.65125E+03
 7.58578E-04    7.59384E+03
 7.94328E-04    7.53619E+03
 8.31764E-04    7.47819E+03
 8.70964E-04    7.42116E+03
 9.12011E-04    7.36502E+03
 9.54993E-04    7.30972E+03
 1.00000E-03    7.25433E+03
 1.04713E-03    7.19832E+03
 1.09648E-03    7.14333E+03
 1.14815E-03    7.08927E+03
 1.20226E-03    7.03608E+03
 1.25893E-03    6.98376E+03
 1.31826E-03    6.93228E+03
 1.38038E-03    6.88167E+03
 1.44544E-03    6.83185E+03
 1.51356E-03    6.78142E+03
 1.58489E-03    6.73125E+03
 1.65959E-03    6.68237E+03
 1.73780E-03    6.63352E+03
 1.81970E-03    6.58574E+03
 1.90546E-03    6.53902E+03
 1.99526E-03    6.49199E+03
 2.08930E-03    6.44471E+03
 2.18776E-03    6.39839E+03
 2.29087E-03    6.35294E+03
 2.39883E-03    6.30834E+03
 2.51189E-03    6.26458E+03
 2.63027E-03    6.22164E+03
 2.75423E-03    6.17953E+03
 2.88403E-03    6.13825E+03
 3.01995E-03    6.09736E+03
 3.16228E-03    6.05564E+03
 3.31131E-03    6.01543E+03
 3.46737E-03    5.97549E+03
 3.63078E-03    5.93665E+03
 3.80189E-03    5.89879E+03
 3.98107E-03    5.86105E+03
 4.16869E-03    5.82348E+03
 4.36516E-03    5.78683E+03
 4.57088E-03    5.75104E+03
 4.78630E-03    5.71609E+03
 5.01187E-03    5.68142E+03
 5.24807E-03    5.64715E+03
 5.49541E-03    5.61376E+03
 5.75440E-03    5.58125E+03
 6.02560E-03    5.54972E+03
 6.30957E-03    5.51795E+03
 6.60693E-03    5.48757E+03
 6.91831E-03    5.45739E+03
 7.24436E-03    5.42785E+03
 7.58578E-03    5.39928E+03
 7.94328E-03    5.37106E+03
 8.31764E-03    5.34322E+03
 8.70964E-03    5.31635E+03
 9.12011E-03    5.29041E+03
 9.54993E-03    5.26541E+03
 1.00000E-02    5.24047E+03
 1.04713E-02    5.21525E+03
 1.09648E-02    5.19105E+03
 1.14815E-02    5.16783E+03
 1.20226E-02    5.14558E+03
 1.25893E-02    5.12432E+03
 1.31826E-02    5.10406E+03
 1.38038E-02    5.08530E+03
 1.44544E-02    5.06683E+03
 1.51356E-02    5.04715E+03
 1.58489E-02    5.02669E+03
 1.65959E-02    5.00771E+03
 1.73780E-02    4.98936E+03
 1.81970E-02    4.97215E+03
 1.90546E-02    4.95609E+03
 1.99526E-02    4.94091E+03
 2.08930E-02    4.92679E+03
 2.18776E-02    4.91378E+03
 2.29087E-02    4.90187E+03
 2.39883E-02    4.89103E+03
 2.51189E-02    4.87889E+03
 2.63027E-02    4.86615E+03
 2.75423E-02    4.85483E+03
 2.88403E-02    4.84406E+03
 3.01995E-02    4.83254E+03
 3.16228E-02    4.82055E+03
 3.31131E-02    4.80993E+03
 3.46737E-02    4.80002E+03
 3.63078E-02    4.79129E+03
 3.80189E-02    4.78368E+03
 3.98107E-02    4.77539E+03
 4.16869E-02    4.76575E+03
 4.36516E-02    4.75714E+03
 4.57088E-02    4.74953E+03
 4.78630E-02    4.74293E+03
 5.01187E-02    4.73538E+03
 5.24807E-02    4.72720E+03
 5.49541E-02    4.72001E+03
 5.75440E-02    4.71383E+03
 6.02560E-02    4.70707E+03
 6.30957E-02    4.69949E+03
 6.60693E-02    4.69320E+03
 6.91831E-02    4.68653E+03
 7.24436E-02    4.67823E+03
 7.58578E-02    4.67081E+03
 7.94328E-02    4.66213E+03
 8.31764E-02    4.65067E+03
 8.70964E-02    4.64014E+03
 9.12011E-02    4.63056E+03
 9.54993E-02    4.62194E+03
 1.00000E-01    4.62435E+03
 1.04713E-01    4.63490E+03
 1.09648E-01    4.64596E+03
 1.14815E-01    4.65753E+03
 1.20226E-01    4.66966E+03
 1.25893E-01    4.68304E+03
 1.31826E-01    4.69860E+03
 1.38038E-01    4.71496E+03
 1.44544E-01    4.73208E+03
 1.51356E-01    4.75002E+03
 1.58489E-01    4.76880E+03
 1.65959E-01    4.78963E+03
 1.73780E-01    4.81256E+03
 1.81970E-01    4.83658E+03
 1.90546E-01    4.86172E+03
 1.99526E-01    4.88805E+03
 2.08930E-01    4.91562E+03
 2.18776E-01    4.94449E+03
 2.29087E-01    4.97448E+03
 2.39883E-01    5.00102E+03
 2.51189E-01    5.02720E+03
 2.63027E-01    5.05891E+03
 2.75423E-01    5.09339E+03
 2.88403E-01    5.12949E+03
 3.01995E-01    5.16732E+03
 3.16228E-01    5.20754E+03
 3.31131E-01    5.24991E+03
 3.46737E-01    5.29427E+03
 3.63078E-01    5.34073E+03
 3.80189E-01    5.38898E+03
 3.98107E-01    5.43466E+03
 4.16869E-01    5.48101E+03
 4.36516E-01    5.52955E+03
 4.57088E-01    5.58037E+03
 4.78630E-01    5.63172E+03
 5.01187E-01    5.67439E+03
 5.24807E-01    5.71726E+03
 5.49541E-01    5.76212E+03
 5.75440E-01    5.80414E+03
 6.02560E-01    5.84421E+03
 6.30957E-01    5.88617E+03
 6.60693E-01    5.93010E+03
 6.91831E-01    5.97488E+03
 7.24436E-01    6.01221E+03
 7.58578E-01    6.04927E+03
 7.94328E-01    6.08609E+03
 8.31764E-01    6.10980E+03
 8.70964E-01    6.11371E+03
 9.12011E-01    6.11725E+03
 9.54993E-01    6.12079E+03
 1.00000E+00    6.11271E+03
 1.04713E+00    6.09387E+03
 1.09648E+00    6.07414E+03
 1.14815E+00    6.05348E+03
 1.20226E+00    6.03185E+03
 1.25893E+00    5.99554E+03
 1.31826E+00    5.94376E+03
 1.38038E+00    5.88954E+03
 1.44544E+00    5.83275E+03
 1.51356E+00    5.76061E+03
 1.58489E+00    5.67418E+03
 1.65959E+00    5.58365E+03
 1.73780E+00    5.48420E+03
 1.81970E+00    5.36769E+03
 1.90546E+00    5.24667E+03
 1.99526E+00    5.10670E+03
 2.08930E+00    4.93414E+03
 2.18776E+00    4.76023E+03
 2.29087E+00    4.59369E+03
 2.39883E+00    4.43405E+03
 2.51189E+00    4.27785E+03
 2.63027E+00    4.12906E+03
 2.75423E+00    3.98461E+03
 2.88403E+00    3.84217E+03
 3.01995E+00    3.69191E+03
 3.16228E+00    3.53371E+03
 3.31131E+00    3.38316E+03
 3.46737E+00    3.23895E+03
 3.63078E+00    3.10016E+03
 3.80189E+00    2.96470E+03
 3.98107E+00    2.84247E+03
 4.16869E+00    2.74163E+03
 4.36516E+00    2.64527E+03
 4.57088E+00    2.54971E+03
 4.78630E+00    2.45645E+03
 5.01187E+00    2.39261E+03
 5.24807E+00    2.35038E+03
 5.49541E+00    2.30659E+03
 5.75440E+00    2.26456E+03
 6.02560E+00    2.25184E+03
 6.30957E+00    2.26034E+03
 6.60693E+00    2.26924E+03
 6.91831E+00    2.29328E+03
 7.24436E+00    2.35468E+03
 7.58578E+00    2.38227E+03
 7.94328E+00    2.40339E+03
 8.31764E+00    2.44853E+03
 8.70964E+00    2.49625E+03
 9.12011E+00    2.54594E+03
 9.54993E+00    2.59514E+03
 1.00000E+01    2.62140E+03
 1.04713E+01    2.62781E+03
 1.09648E+01    2.68233E+03
 1.14815E+01    2.76528E+03
 1.20226E+01    2.81714E+03
 1.25893E+01    2.84250E+03
 1.31826E+01    2.87960E+03
 1.38038E+01    2.91437E+03
 1.44544E+01    2.92916E+03
 1.51356E+01    2.93459E+03
 1.58489E+01    2.92785E+03
 1.65959E+01    2.90853E+03
 1.73780E+01    2.88885E+03
 1.81970E+01    2.85468E+03
 1.90546E+01    2.81405E+03
 1.99526E+01    1.43814E+02
