# n + Po209 : (n,xg)    
# endfb8.0      G. Nobre, D. Brown, M. Herman  EVAL-Jul17
# 
# # energies =    61
#   E(MeV)        xs(mb) 
 5.47580E-01    1.83501E-08
 7.00000E-01    1.67086E-08
 8.50000E-01    1.50931E-08
 8.58443E-01    1.50022E-08
 1.00000E+00    1.34776E-08
 1.18097E+00    1.15286E-08
 1.21956E+00    1.11130E-08
 1.28700E+00    1.03867E-08
 1.30000E+00    1.02467E-08
 1.33317E+00    9.88942E-09
 1.41564E+00    9.00127E-09
 1.42443E+00    8.90659E-09
 1.47961E+00    8.31236E-09
 1.50000E+00    8.09274E-09
 1.52910E+00    7.77928E-09
 1.72391E+00    5.68126E-09
 1.76946E+00    5.19072E-09
 1.80000E+00    4.86180E-09
 1.94695E+00    3.27916E-09
 2.00000E+00    2.70784E-09
 2.00055E+00    2.70193E-09
 2.03950E+00    2.28248E-09
 2.07095E+00    1.94375E-09
 2.09205E+00    1.71649E-09
 2.17726E+00    7.98810E-10
 2.19655E+00    5.91028E-10
 2.21665E+00    3.74600E-10
 2.24981E+00    1.74740E-11
 2.25000E+00    1.53932E-11
 2.32314E+00    3.78237E-04
 2.35029E+00    5.18643E-04
 2.37440E+00    6.43357E-04
 2.50000E+00    1.29287E-03
 2.75000E+00    9.62009E-03
 3.00000E+00    1.63544E-02
 3.20000E+00    2.28728E-02
 3.40000E+00    2.29832E-02
 3.60000E+00    3.05743E-02
 3.80000E+00    4.01620E-02
 4.00000E+00    6.90368E-02
 4.20000E+00    8.11010E-02
 4.40000E+00    1.59017E-01
 4.60000E+00    2.07967E-01
 4.80000E+00    2.60401E-01
 5.00000E+00    4.01973E-01
 5.50000E+00    9.52236E-01
 6.00000E+00    1.78899E+00
 7.00000E+00    4.87676E+00
 8.00000E+00    1.09077E+01
 9.00000E+00    1.92980E+01
 1.00000E+01    3.02750E+01
 1.10000E+01    4.18134E+01
 1.20000E+01    5.64353E+01
 1.30000E+01    9.17818E+01
 1.40000E+01    1.17696E+02
 1.50000E+01    1.72899E+02
 1.60000E+01    2.48002E+02
 1.70000E+01    4.32802E+02
 1.80000E+01    4.80599E+02
 1.90000E+01    7.66543E+02
 2.00000E+01    1.26871E+03
