# p + Bi210m: (p,da)    
# tendl.2019 A.J. Koning                       EVAL-OCT19
# uncertainties: y
# # energies =    17
#   E(MeV)       xs(mb)       xslow(mb)      xsupp(mb)
 1.00000E-11    0.00000E+00    0.00000E+00    0.00000E+00
 1.00000E-03    1.00000E-17    1.00000E-17    1.00000E-17
 1.10000E+01    1.00000E-17    1.00000E-17    1.00000E-17
 1.20000E+01    3.34874E-16    3.34874E-16    3.34874E-16
 1.30000E+01    1.50933E-14    1.50933E-14    1.50933E-14
 1.40000E+01    3.99409E-13    0.00000E+00    2.38247E-12
 1.50000E+01    1.20675E-11    0.00000E+00    7.19825E-11
 1.60000E+01    1.41679E-10    0.00000E+00    8.45113E-10
 1.70000E+01    1.14638E-09    0.00000E+00    6.83814E-09
 1.80000E+01    5.84426E-09    0.00000E+00    2.85680E-08
 1.90000E+01    1.98475E-08    0.00000E+00    9.70188E-08
 2.00000E+01    4.54807E-08    0.00000E+00    2.22319E-07
 2.20000E+01    1.24114E-07    0.00000E+00    4.88734E-07
 2.40000E+01    3.85369E-07    0.00000E+00    1.51750E-06
 2.60000E+01    1.71293E-06    0.00000E+00    5.91868E-06
 2.80000E+01    6.68131E-06    0.00000E+00    2.30859E-05
 3.00000E+01    1.93154E-05    0.00000E+00    6.67404E-05
