# n + Lu173 : (n,2np)   
# tendl.2019 A.J. Koning and D. Rochman        EVAL-NOV19
# uncertainties: y
# # energies =    19
#   E(MeV)       xs(mb)       xslow(mb)      xsupp(mb)
 1.30098E+01    0.00000E+00   -0.00000E+00    0.00000E+00
 1.40000E+01    1.17810E-14    0.00000E+00    4.32862E-14
 1.45000E+01    4.69540E-13    0.00000E+00    1.72520E-12
 1.50000E+01    1.09240E-09    0.00000E+00    4.01374E-09
 1.60000E+01    1.40013E-06    0.00000E+00    4.54728E-06
 1.70000E+01    9.25637E-05    0.00000E+00    3.00624E-04
 1.80000E+01    2.13975E-03    0.00000E+00    6.94938E-03
 1.90000E+01    1.76538E-02    0.00000E+00    5.73352E-02
 2.00000E+01    7.88663E-02    0.00000E+00    1.70952E-01
 2.10000E+01    2.73202E-01    0.00000E+00    5.92199E-01
 2.20000E+01    7.98283E-01    0.00000E+00    1.73038E+00
 2.30000E+01    1.84240E+00    0.00000E+00    3.99363E+00
 2.40000E+01    3.63046E+00    1.17580E+00    6.08512E+00
 2.50000E+01    6.22486E+00    2.01606E+00    1.04337E+01
 2.60000E+01    9.50021E+00    3.07685E+00    1.59236E+01
 2.70000E+01    1.37988E+01    4.46905E+00    2.31286E+01
 2.80000E+01    1.85019E+01    5.99225E+00    3.10116E+01
 2.90000E+01    2.38819E+01    7.73468E+00    4.00291E+01
 3.00000E+01    2.97255E+01    9.62726E+00    4.98237E+01
