# n + Lu173 : (n,xh)    
# tendl.2019 A.J. Koning and D. Rochman        EVAL-NOV19
# 
# # energies =   133
#   E(MeV)        xs(mb) 
 1.17864E-01    0.00000E+00
 1.24393E-01    0.00000E+00
 1.29092E-01    0.00000E+00
 1.99628E-01    0.00000E+00
 2.00000E-01    0.00000E+00
 2.60068E-01    0.00000E+00
 2.64842E-01    0.00000E+00
 3.00000E-01    0.00000E+00
 3.59078E-01    0.00000E+00
 3.60792E-01    0.00000E+00
 4.00000E-01    0.00000E+00
 4.26091E-01    0.00000E+00
 4.27798E-01    0.00000E+00
 4.30597E-01    0.00000E+00
 4.37449E-01    0.00000E+00
 4.51599E-01    0.00000E+00
 4.53731E-01    0.00000E+00
 5.00000E-01    0.00000E+00
 5.55313E-01    0.00000E+00
 5.74129E-01    0.00000E+00
 5.79681E-01    0.00000E+00
 5.83463E-01    0.00000E+00
 6.00000E-01    0.00000E+00
 6.10229E-01    0.00000E+00
 6.14966E-01    0.00000E+00
 6.58177E-01    0.00000E+00
 7.00000E-01    0.00000E+00
 7.19472E-01    0.00000E+00
 7.25748E-01    0.00000E+00
 7.38925E-01    0.00000E+00
 7.60716E-01    0.00000E+00
 7.82437E-01    0.00000E+00
 8.00000E-01    0.00000E+00
 8.24913E-01    0.00000E+00
 8.57216E-01    0.00000E+00
 8.88673E-01    0.00000E+00
 8.94411E-01    0.00000E+00
 9.00000E-01    0.00000E+00
 1.00000E+00    0.00000E+00
 1.20000E+00    0.00000E+00
 1.40000E+00    0.00000E+00
 1.60000E+00    0.00000E+00
 1.80000E+00    0.00000E+00
 2.00000E+00    0.00000E+00
 2.20000E+00    0.00000E+00
 2.40000E+00    0.00000E+00
 2.60000E+00    0.00000E+00
 2.80000E+00    0.00000E+00
 3.00000E+00    0.00000E+00
 3.20000E+00    0.00000E+00
 3.40000E+00    0.00000E+00
 3.60000E+00    0.00000E+00
 3.80000E+00    0.00000E+00
 4.00000E+00    0.00000E+00
 4.20000E+00    0.00000E+00
 4.40000E+00    0.00000E+00
 4.60000E+00    1.79316E-19
 4.80000E+00    1.01180E-18
 5.00000E+00    1.84428E-18
 5.20000E+00    2.67677E-18
 5.40000E+00    3.50925E-18
 5.60000E+00    4.34173E-18
 5.80000E+00    5.17422E-18
 6.00000E+00    6.00670E-18
 6.20000E+00    6.83918E-18
 6.40000E+00    7.67167E-18
 6.60000E+00    8.50415E-18
 6.80000E+00    9.33664E-18
 7.00000E+00    1.01691E-17
 7.20000E+00    1.10016E-17
 7.40000E+00    1.18341E-17
 7.60000E+00    1.26666E-17
 7.80000E+00    1.34991E-17
 8.00000E+00    1.43315E-17
 8.50000E+00    1.64127E-17
 9.00000E+00    1.84940E-17
 9.50000E+00    2.05752E-17
 1.00000E+01    2.26564E-17
 1.05000E+01    2.47376E-17
 1.10000E+01    2.68188E-17
 1.15000E+01    2.89000E-17
 1.20000E+01    1.63970E-16
 1.25000E+01    1.84315E-15
 1.30000E+01    2.96509E-12
 1.35000E+01    2.57865E-11
 1.40000E+01    1.82235E-10
 1.45000E+01    1.07081E-09
 1.50000E+01    5.30541E-09
 1.60000E+01    8.66070E-08
 1.70000E+01    9.20230E-07
 1.80000E+01    7.02203E-06
 1.90000E+01    4.14214E-05
 2.00000E+01    1.98597E-04
 2.10000E+01    8.01030E-04
 2.20000E+01    2.78092E-03
 2.30000E+01    8.38400E-03
 2.40000E+01    2.20090E-02
 2.50000E+01    5.02852E-02
 2.60000E+01    1.06245E-01
 2.70000E+01    1.86336E-01
 2.80000E+01    2.97411E-01
 2.90000E+01    4.41902E-01
 3.00000E+01    6.19395E-01
 3.00000E+01    6.15616E-01
 3.20000E+01    1.05942E+00
 3.40000E+01    1.60758E+00
 3.60000E+01    2.23957E+00
 3.80000E+01    2.93777E+00
 4.00000E+01    3.68862E+00
 4.20000E+01    4.48556E+00
 4.40000E+01    5.31721E+00
 4.60000E+01    6.19300E+00
 4.80000E+01    7.09935E+00
 5.00000E+01    8.03916E+00
 5.20000E+01    9.02246E+00
 5.40000E+01    1.00540E+01
 5.60000E+01    1.11390E+01
 5.80000E+01    1.22581E+01
 6.00000E+01    1.34696E+01
 6.50000E+01    1.68352E+01
 7.00000E+01    2.07144E+01
 7.50000E+01    2.53003E+01
 8.00000E+01    3.06787E+01
 9.00000E+01    4.45264E+01
 1.00000E+02    6.36521E+01
 1.10000E+02    8.27435E+01
 1.20000E+02    1.05223E+02
 1.30000E+02    1.31131E+02
 1.40000E+02    1.55901E+02
 1.50000E+02    1.80732E+02
 1.60000E+02    2.06102E+02
 1.80000E+02    2.56466E+02
 2.00000E+02    3.03577E+02
