# n + Pu236 : (n,n'05)  
# endfb8.0   O.Iwamoto, T.Nakagawa, et al.     EVAL-FEB10
# uncertainties: y
# # energies =    42
#   E(MeV)       xs(mb)       xslow(mb)      xsupp(mb)
 1.00000E+00    0.00000E+00   -0.00000E+00    0.00000E+00
 1.30000E+00    2.87623E-05    3.16372E-06    5.43609E-05
 1.60000E+00    2.88711E-04    7.82406E-05    4.99181E-04
 1.80000E+00    9.97235E-04    2.70250E-04    1.72422E-03
 2.00000E+00    2.08941E-03    8.71274E-04    3.30755E-03
 2.30000E+00    4.54256E-03    1.89423E-03    7.19089E-03
 2.50000E+00    6.44574E-03    3.26150E-03    9.62998E-03
 2.70000E+00    8.32693E-03    4.21337E-03    1.24405E-02
 3.00000E+00    6.44478E-01    4.36954E-01    8.52002E-01
 3.50000E+00    6.20299E-01    4.48474E-01    7.92124E-01
 4.00000E+00    5.79461E-01    4.35156E-01    7.23766E-01
 4.50000E+00    5.34977E-01    4.01750E-01    6.68204E-01
 5.00000E+00    4.94073E-01    3.77461E-01    6.10685E-01
 5.50000E+00    4.69825E-01    3.58936E-01    5.80714E-01
 6.00000E+00    4.22344E-01    3.21822E-01    5.22866E-01
 6.50000E+00    3.85030E-01    2.93389E-01    4.76671E-01
 7.00000E+00    4.05605E-01    3.07445E-01    5.03765E-01
 7.50000E+00    3.40535E-01    2.58122E-01    4.22948E-01
 8.00000E+00    3.16220E-01    2.39370E-01    3.93070E-01
 8.50000E+00    3.23760E-01    2.45078E-01    4.02442E-01
 9.00000E+00    3.25166E-01    2.47442E-01    4.02890E-01
 9.50000E+00    3.06058E-01    2.32901E-01    3.79215E-01
 1.00000E+01    2.81620E-01    2.16560E-01    3.46680E-01
 1.05000E+01    2.58226E-01    1.98571E-01    3.17881E-01
 1.10000E+01    2.51097E-01    1.93089E-01    3.09105E-01
 1.15000E+01    2.40554E-01    1.84981E-01    2.96127E-01
 1.20000E+01    2.28488E-01    1.78213E-01    2.78763E-01
 1.25000E+01    2.16678E-01    1.69002E-01    2.64354E-01
 1.30000E+01    2.06599E-01    1.61141E-01    2.52057E-01
 1.35000E+01    2.12536E-01    1.65771E-01    2.59301E-01
 1.40000E+01    2.32410E-01    1.83371E-01    2.81449E-01
 1.45000E+01    2.49093E-01    1.96534E-01    3.01652E-01
 1.50000E+01    2.33282E-01    1.84751E-01    2.81812E-01
 1.55000E+01    2.11882E-01    1.67803E-01    2.55961E-01
 1.60000E+01    1.87059E-01    1.48707E-01    2.25411E-01
 1.65000E+01    1.67182E-01    1.32906E-01    2.01458E-01
 1.70000E+01    1.59276E-01    1.26620E-01    1.91932E-01
 1.75000E+01    1.52267E-01    1.21048E-01    1.83486E-01
 1.80000E+01    1.45851E-01    1.17115E-01    1.74587E-01
 1.85000E+01    1.40030E-01    1.12441E-01    1.67619E-01
 1.95000E+01    1.29730E-01    1.04170E-01    1.55290E-01
 2.00000E+01    1.24090E-01    9.96411E-02    1.48539E-01
