# n + Ir193 : (n,el)    
# tendl.2019 A.J. Koning and D. Rochman        EVAL-NOV19
# uncertainties: y
# # energies =    69
#   E(MeV)       xs(mb)       xslow(mb)      xsupp(mb)
 1.00000E-10    1.51111E+04    1.37947E+04    1.64274E+04
 5.00000E-09    1.31384E+04    1.19937E+04    1.42831E+04
 1.00000E-08    1.30766E+04    1.19373E+04    1.42159E+04
 1.50000E-08    1.30477E+04    1.19109E+04    1.41845E+04
 2.00000E-08    1.30278E+04    1.18927E+04    1.41628E+04
 2.50000E-08    1.30128E+04    1.18788E+04    1.41467E+04
 3.00000E-08    1.30002E+04    1.18672E+04    1.41333E+04
 3.50000E-08    1.29856E+04    1.18538E+04    1.41174E+04
 4.20000E-08    1.29702E+04    1.18396E+04    1.41008E+04
 5.00000E-08    1.29544E+04    1.18250E+04    1.40839E+04
 5.80000E-08    1.29377E+04    1.18098E+04    1.40657E+04
 6.70000E-08    1.29169E+04    1.17905E+04    1.40432E+04
 8.00000E-08    1.28874E+04    1.17632E+04    1.40116E+04
 1.00000E-07    1.28347E+04    1.17136E+04    1.39558E+04
 1.40000E-07    1.27621E+04    1.16474E+04    1.38769E+04
 1.80000E-07    1.26898E+04    1.15813E+04    1.37983E+04
 2.20000E-07    1.26247E+04    1.15190E+04    1.37303E+04
 2.50000E-07    1.25673E+04    1.14667E+04    1.36679E+04
 2.80000E-07    1.25192E+04    1.14228E+04    1.36156E+04
 3.00000E-07    1.24803E+04    1.13836E+04    1.35770E+04
 3.20000E-07    1.24297E+04    1.13375E+04    1.35219E+04
 3.50000E-07    1.23482E+04    1.12631E+04    1.34332E+04
 4.00000E-07    1.21865E+04    1.11111E+04    1.32620E+04
 5.00000E-07    1.19143E+04    1.08535E+04    1.29750E+04
 6.25000E-07    1.15114E+04    1.04865E+04    1.25363E+04
 7.80000E-07    1.11142E+04    1.01051E+04    1.21234E+04
 8.50000E-07    1.08543E+04    9.86875E+03    1.18398E+04
 9.10000E-07    1.06431E+04    9.67674E+03    1.16095E+04
 9.50000E-07    1.05113E+04    9.55691E+03    1.14657E+04
 9.72000E-07    1.04189E+04    9.47290E+03    1.13649E+04
 9.96000E-07    1.03326E+04    9.39443E+03    1.12708E+04
 1.02000E-06    1.02661E+04    9.78754E+03    1.07447E+04
 1.04500E-06    1.02387E+04    9.76139E+03    1.07160E+04
 1.07100E-06    1.02925E+04    9.81269E+03    1.07723E+04
 1.09700E-06    1.05019E+04    1.00123E+04    1.09915E+04
 1.12300E-06    1.10306E+04    1.05163E+04    1.15448E+04
 1.15000E-06    3.51096E+04    3.34728E+04    3.67463E+04
 1.30000E-06    4.97876E+04    4.74666E+04    5.21087E+04
 1.50000E-06    1.71012E+04    1.63039E+04    1.78984E+04
 2.10000E-06    1.38222E+04    1.27682E+04    1.48763E+04
 2.60000E-06    1.28530E+04    1.18728E+04    1.38332E+04
 3.30000E-06    1.21515E+04    1.12000E+04    1.31031E+04
 4.00000E-06    1.22839E+04    1.13124E+04    1.32553E+04
 9.87700E-06    9.82271E+03    8.71782E+03    1.09276E+04
 1.59680E-05    1.05397E+04    9.66059E+03    1.14188E+04
 2.77000E-05    3.92154E+04    3.68670E+04    4.15638E+04
 4.80520E-05    3.02725E+04    2.30769E+04    3.74681E+04
 7.55014E-05    1.38841E+04    1.23101E+04    1.54580E+04
 1.48728E-04    1.78280E+04    1.63971E+04    1.92589E+04
 3.67262E-04    2.70759E+04    0.00000E+00    6.26616E+04
 9.06898E-04    2.45948E+04    0.00000E+00    5.69196E+04
 1.42510E-03    2.30932E+04    0.00000E+00    5.34445E+04
 2.23945E-03    2.16295E+04    3.92158E+03    3.93374E+04
 3.51910E-03    2.04424E+04    3.70635E+03    3.71785E+04
 5.53000E-03    1.90814E+04    3.45960E+03    3.47032E+04
 9.11800E-03    1.78620E+04    1.16720E+04    2.40520E+04
 1.50300E-02    1.66385E+04    1.08726E+04    2.24045E+04
 2.47800E-02    1.54116E+04    1.00708E+04    2.07524E+04
 4.08500E-02    1.41277E+04    1.09644E+04    1.72910E+04
 6.73400E-02    1.25980E+04    9.77717E+03    1.54188E+04
 1.11000E-01    1.08268E+04    8.40259E+03    1.32510E+04
 1.83000E-01    8.74100E+03    6.78381E+03    1.06982E+04
 3.02000E-01    6.59570E+03    5.61901E+03    7.57240E+03
 5.00000E-01    4.70173E+03    4.00550E+03    5.39797E+03
 8.21000E-01    3.77994E+03    3.10001E+03    4.45987E+03
 1.35300E+00    4.04871E+03    3.25792E+03    4.83950E+03
 2.23100E+00    4.62769E+03    4.13101E+03    5.12437E+03
 3.67900E+00    4.08912E+03    3.48584E+03    4.69241E+03
 6.06500E+00    2.73119E+03    2.29244E+03    3.16994E+03
