# n + Ir193 : (n,np)g   
# tendl.2019 A.J. Koning and D. Rochman        EVAL-NOV19
# uncertainties: y
# # energies =    34
#   E(MeV)       xs(mb)       xslow(mb)      xsupp(mb)
 5.97408E+00    0.00000E+00    0.00000E+00    0.00000E+00
 7.40000E+00    3.20560E-15    0.00000E+00    0.00000E+00
 7.60000E+00    8.21260E-14    0.00000E+00    0.00000E+00
 7.80000E+00    2.99340E-12    0.00000E+00    0.00000E+00
 8.00000E+00    2.84940E-11    0.00000E+00    0.00000E+00
 8.50000E+00    3.11010E-09    0.00000E+00    0.00000E+00
 9.00000E+00    1.01840E-07    0.00000E+00    0.00000E+00
 9.50000E+00    1.54942E-06    0.00000E+00    0.00000E+00
 1.00000E+01    1.32436E-05    0.00000E+00    0.00000E+00
 1.05000E+01    7.82737E-05    0.00000E+00    0.00000E+00
 1.10000E+01    3.36355E-04    0.00000E+00    0.00000E+00
 1.15000E+01    1.16665E-03    0.00000E+00    0.00000E+00
 1.20000E+01    3.30629E-03    0.00000E+00    0.00000E+00
 1.25000E+01    7.93079E-03    0.00000E+00    0.00000E+00
 1.30000E+01    1.82441E-02    0.00000E+00    0.00000E+00
 1.35000E+01    3.68144E-02    0.00000E+00    0.00000E+00
 1.40000E+01    7.19063E-02    0.00000E+00    0.00000E+00
 1.45000E+01    1.27680E-01    0.00000E+00    0.00000E+00
 1.50000E+01    2.19556E-01    0.00000E+00    0.00000E+00
 1.60000E+01    5.35255E-01    0.00000E+00    0.00000E+00
 1.70000E+01    1.08166E+00    0.00000E+00    0.00000E+00
 1.80000E+01    1.94747E+00    0.00000E+00    0.00000E+00
 1.90000E+01    3.11399E+00    0.00000E+00    0.00000E+00
 2.00000E+01    4.64425E+00    0.00000E+00    0.00000E+00
 2.10000E+01    6.40381E+00    0.00000E+00    0.00000E+00
 2.20000E+01    8.34375E+00    0.00000E+00    0.00000E+00
 2.30000E+01    1.04051E+01    0.00000E+00    0.00000E+00
 2.40000E+01    1.24443E+01    0.00000E+00    0.00000E+00
 2.50000E+01    1.44693E+01    0.00000E+00    0.00000E+00
 2.60000E+01    1.62795E+01    0.00000E+00    0.00000E+00
 2.70000E+01    1.79325E+01    0.00000E+00    0.00000E+00
 2.80000E+01    1.94319E+01    0.00000E+00    0.00000E+00
 2.90000E+01    2.06014E+01    0.00000E+00    0.00000E+00
 3.00000E+01    2.16513E+01    0.00000E+00    0.00000E+00
