# n + Nb 93m: (n,n'05)  
# tendl.2019 A.J. Koning and D. Rochman        EVAL-NOV19
# uncertainties: n
# # energies =    93
#   E(MeV)       xs(mb) 
 7.88013E-01    0.00000E+00
 8.00000E-01    2.57667E+01
 9.00000E-01    2.68429E+02
 9.29008E-01    3.00976E+02
 9.49427E-01    3.25534E+02
 9.58434E-01    3.36814E+02
 1.00000E+00    3.92561E+02
 1.06333E+00    3.97122E+02
 1.10822E+00    4.00223E+02
 1.20000E+00    4.06258E+02
 1.26710E+00    3.77014E+02
 1.27290E+00    3.74657E+02
 1.28020E+00    3.71727E+02
 1.29868E+00    3.64483E+02
 1.31843E+00    3.57007E+02
 1.35363E+00    3.44323E+02
 1.37947E+00    3.35498E+02
 1.40000E+00    3.28761E+02
 1.43969E+00    3.08870E+02
 1.46858E+00    2.95469E+02
 1.47607E+00    2.92132E+02
 1.48512E+00    2.88172E+02
 1.55778E+00    2.59024E+02
 1.57420E+00    2.53031E+02
 1.58954E+00    2.47611E+02
 1.60000E+00    2.44012E+02
 1.62119E+00    2.37378E+02
 1.65264E+00    2.28013E+02
 1.66663E+00    2.24022E+02
 1.67053E+00    2.22928E+02
 1.67354E+00    2.22089E+02
 1.68129E+00    2.19949E+02
 1.80000E+00    1.90656E+02
 2.00000E+00    1.58850E+02
 2.20000E+00    1.34192E+02
 2.40000E+00    1.13164E+02
 2.60000E+00    9.47011E+01
 2.80000E+00    7.84557E+01
 3.00000E+00    6.42913E+01
 3.20000E+00    5.21320E+01
 3.40000E+00    4.18754E+01
 3.60000E+00    3.33835E+01
 3.80000E+00    2.64714E+01
 4.00000E+00    2.09167E+01
 4.20000E+00    1.65034E+01
 4.40000E+00    1.30207E+01
 4.60000E+00    1.02851E+01
 4.80000E+00    8.13966E+00
 5.00000E+00    6.46059E+00
 5.20000E+00    5.14209E+00
 5.40000E+00    4.10298E+00
 5.60000E+00    3.28370E+00
 5.80000E+00    2.63440E+00
 6.00000E+00    2.11720E+00
 6.20000E+00    1.70445E+00
 6.40000E+00    1.37435E+00
 6.60000E+00    1.10901E+00
 6.80000E+00    8.95316E-01
 7.00000E+00    7.23087E-01
 7.20000E+00    5.83530E-01
 7.40000E+00    4.70880E-01
 7.60000E+00    3.79659E-01
 7.80000E+00    3.05846E-01
 8.00000E+00    2.46331E-01
 8.50000E+00    1.43227E-01
 9.00000E+00    8.34232E-02
 9.50000E+00    4.87964E-02
 1.00000E+01    2.87149E-02
 1.05000E+01    1.70256E-02
 1.10000E+01    1.01796E-02
 1.15000E+01    6.13735E-03
 1.20000E+01    3.73126E-03
 1.25000E+01    2.28773E-03
 1.30000E+01    1.41479E-03
 1.35000E+01    8.81313E-04
 1.40000E+01    5.52747E-04
 1.45000E+01    3.48822E-04
 1.50000E+01    2.21448E-04
 1.60000E+01    9.10355E-05
 1.70000E+01    3.83385E-05
 1.80000E+01    1.65658E-05
 1.90000E+01    7.31487E-06
 2.00000E+01    3.28476E-06
 2.10000E+01    1.49750E-06
 2.20000E+01    6.85740E-07
 2.30000E+01    3.21710E-07
 2.40000E+01    1.53220E-07
 2.50000E+01    7.40500E-08
 2.60000E+01    3.63070E-08
 2.70000E+01    1.80380E-08
 2.80000E+01    9.08200E-09
 2.90000E+01    4.62650E-09
 3.00000E+01    2.38300E-09
