# n + Er168 : (n,n'24)  
# tendl.2019 A.J. Koning and D. Rochman        EVAL-NOV19
# uncertainties: n
# # energies =    69
#   E(MeV)       xs(mb) 
 1.50210E+00    0.00000E+00
 1.55082E+00    3.61877E+01
 1.56492E+00    4.66607E+01
 1.57888E+00    5.70298E+01
 1.58357E+00    6.05134E+01
 1.60000E+00    7.27171E+01
 1.61550E+00    7.44366E+01
 1.62504E+00    7.54950E+01
 1.80000E+00    9.49046E+01
 2.00000E+00    9.02378E+01
 2.20000E+00    7.55072E+01
 2.40000E+00    5.82971E+01
 2.60000E+00    4.33941E+01
 2.80000E+00    3.19654E+01
 3.00000E+00    2.36421E+01
 3.20000E+00    1.79932E+01
 3.40000E+00    1.37524E+01
 3.60000E+00    1.07997E+01
 3.80000E+00    8.74329E+00
 4.00000E+00    7.30032E+00
 4.20000E+00    6.27876E+00
 4.40000E+00    5.55847E+00
 4.60000E+00    5.04971E+00
 4.80000E+00    4.65661E+00
 5.00000E+00    4.37502E+00
 5.20000E+00    4.17380E+00
 5.40000E+00    4.03250E+00
 5.60000E+00    3.93615E+00
 5.80000E+00    3.87257E+00
 6.00000E+00    3.83468E+00
 6.20000E+00    3.81457E+00
 6.40000E+00    3.80616E+00
 6.60000E+00    3.80421E+00
 6.80000E+00    3.80378E+00
 7.00000E+00    3.80083E+00
 7.20000E+00    3.79205E+00
 7.40000E+00    3.77525E+00
 7.60000E+00    3.74922E+00
 7.80000E+00    3.71365E+00
 8.00000E+00    3.66911E+00
 8.50000E+00    3.52624E+00
 9.00000E+00    3.35645E+00
 9.50000E+00    3.18018E+00
 1.00000E+01    3.01134E+00
 1.05000E+01    2.85741E+00
 1.10000E+01    2.72048E+00
 1.15000E+01    2.59903E+00
 1.20000E+01    2.48960E+00
 1.25000E+01    2.38828E+00
 1.30000E+01    2.29200E+00
 1.35000E+01    2.19909E+00
 1.40000E+01    2.10922E+00
 1.45000E+01    2.02303E+00
 1.50000E+01    1.94158E+00
 1.60000E+01    1.79688E+00
 1.70000E+01    1.67973E+00
 1.80000E+01    1.58794E+00
 1.90000E+01    1.51407E+00
 2.00000E+01    1.44965E+00
 2.10000E+01    1.38838E+00
 2.20000E+01    1.32662E+00
 2.30000E+01    1.26312E+00
 2.40000E+01    1.19930E+00
 2.50000E+01    1.13858E+00
 2.60000E+01    1.08433E+00
 2.70000E+01    1.03832E+00
 2.80000E+01    1.00050E+00
 2.90000E+01    9.69394E-01
 3.00000E+01    9.42675E-01
