# n + O   0 : (n,any)
# endfb8.0   Hale,Paris,Young,Chadwick         EVAL-DEC16
# uncertainties: n
# # energies =   106
#   E(MeV)          xs(mb) 
 1.00000E-11    0.00000E+00
 2.53000E-08    0.00000E+00
 3.00000E+01    0.00000E+00
 3.00000E+01    0.00000E+00
 3.07079E+01    5.21910E+02
 3.10000E+01    5.17988E+02
 3.14223E+01    5.12014E+02
 3.20000E+01    5.03501E+02
 3.30000E+01    4.88867E+02
 3.32630E+01    4.85240E+02
 3.40000E+01    4.76048E+02
 3.41482E+01    4.74421E+02
 3.43888E+01    4.71974E+02
 3.50000E+01    4.67000E+02
 3.55351E+01    4.63626E+02
 3.60000E+01    4.60529E+02
 3.70000E+01    4.53633E+02
 3.80000E+01    4.46822E+02
 3.90000E+01    4.40503E+02
 3.91296E+01    4.39737E+02
 4.00000E+01    4.35000E+02
 4.10000E+01    4.30155E+02
 4.20000E+01    4.25599E+02
 4.30000E+01    4.21295E+02
 4.40000E+01    4.17212E+02
 4.50000E+01    4.13321E+02
 4.60000E+01    4.09598E+02
 4.70000E+01    4.06023E+02
 4.80000E+01    4.02575E+02
 4.90000E+01    3.99239E+02
 5.00000E+01    3.96000E+02
 5.10000E+01    3.92951E+02
 5.20000E+01    3.90143E+02
 5.30000E+01    3.87513E+02
 5.40000E+01    3.85001E+02
 5.50000E+01    3.82558E+02
 5.60000E+01    3.80139E+02
 5.70000E+01    3.77705E+02
 5.80000E+01    3.75223E+02
 5.90000E+01    3.72663E+02
 6.00000E+01    3.70000E+02
 6.10000E+01    3.67107E+02
 6.20000E+01    3.63946E+02
 6.30000E+01    3.60618E+02
 6.40000E+01    3.57213E+02
 6.50000E+01    3.53811E+02
 6.60000E+01    3.50481E+02
 6.70000E+01    3.47285E+02
 6.80000E+01    3.44276E+02
 6.90000E+01    3.41501E+02
 7.00000E+01    3.39000E+02
 7.10000E+01    3.36681E+02
 7.20000E+01    3.34423E+02
 7.30000E+01    3.32220E+02
 7.40000E+01    3.30069E+02
 7.50000E+01    3.27963E+02
 7.60000E+01    3.25900E+02
 7.70000E+01    3.23876E+02
 7.80000E+01    3.21886E+02
 7.90000E+01    3.19929E+02
 8.00000E+01    3.18000E+02
 8.10000E+01    3.16056E+02
 8.20000E+01    3.14074E+02
 8.30000E+01    3.12087E+02
 8.40000E+01    3.10120E+02
 8.50000E+01    3.08199E+02
 8.60000E+01    3.06346E+02
 8.70000E+01    3.04582E+02
 8.80000E+01    3.02926E+02
 8.90000E+01    3.01393E+02
 9.00000E+01    3.00000E+02
 9.10000E+01    2.98874E+02
 9.20000E+01    2.98087E+02
 9.30000E+01    2.97574E+02
 9.40000E+01    2.97273E+02
 9.50000E+01    2.97128E+02
 9.60000E+01    2.97086E+02
 9.70000E+01    2.97097E+02
 9.80000E+01    2.97115E+02
 9.90000E+01    2.97096E+02
 1.00000E+02    2.97000E+02
 1.02000E+02    2.96698E+02
 1.04000E+02    2.96398E+02
 1.06000E+02    2.96115E+02
 1.08000E+02    2.95865E+02
 1.10000E+02    2.95660E+02
 1.12000E+02    2.95475E+02
 1.14000E+02    2.95296E+02
 1.16000E+02    2.95143E+02
 1.18000E+02    2.95039E+02
 1.20000E+02    2.95000E+02
 1.22000E+02    2.95000E+02
 1.24000E+02    2.95000E+02
 1.26000E+02    2.95000E+02
 1.28000E+02    2.95000E+02
 1.30000E+02    2.95000E+02
 1.32000E+02    2.95000E+02
 1.34000E+02    2.95000E+02
 1.36000E+02    2.95000E+02
 1.38000E+02    2.95000E+02
 1.40000E+02    2.95000E+02
 1.42000E+02    2.95000E+02
 1.44000E+02    2.95000E+02
 1.46000E+02    2.95000E+02
 1.48000E+02    2.95000E+02
 1.50000E+02    2.95000E+02
