# n + Rh102m: (n,d)     
# tendl.2019 A.J. Koning and D. Rochman        EVAL-NOV19
# uncertainties: y
# # energies =    47
#   E(MeV)       xs(mb)       xslow(mb)      xsupp(mb)
 3.78598E+00    0.00000E+00   -0.00000E+00    0.00000E+00
 4.80000E+00    1.07490E-16    0.00000E+00    3.96532E-16
 5.00000E+00    1.28410E-14    0.00000E+00    4.73707E-14
 5.20000E+00    5.30750E-13    0.00000E+00    1.95795E-12
 5.40000E+00    1.13260E-11    0.00000E+00    4.17818E-11
 5.60000E+00    1.32600E-10    0.00000E+00    4.89164E-10
 5.80000E+00    1.04170E-09    0.00000E+00    3.84285E-09
 6.00000E+00    6.24490E-09    0.00000E+00    2.30375E-08
 6.20000E+00    3.01900E-08    0.00000E+00    1.11371E-07
 6.40000E+00    1.27450E-07    0.00000E+00    4.70165E-07
 6.60000E+00    4.65640E-07    0.00000E+00    1.23408E-06
 6.80000E+00    1.53764E-06    0.00000E+00    4.07518E-06
 7.00000E+00    4.66486E-06    0.00000E+00    1.23632E-05
 7.20000E+00    1.30980E-05    0.00000E+00    3.47134E-05
 7.40000E+00    3.41427E-05    0.00000E+00    9.04878E-05
 7.60000E+00    8.32152E-05    0.00000E+00    2.20544E-04
 7.80000E+00    1.90000E-04    0.00000E+00    5.03554E-04
 8.00000E+00    4.10061E-04    0.00000E+00    1.08678E-03
 8.50000E+00    1.80659E-03    0.00000E+00    4.78797E-03
 9.00000E+00    8.53323E-03    0.00000E+00    2.14511E-02
 9.50000E+00    2.96605E-02    0.00000E+00    7.45615E-02
 1.00000E+01    8.56841E-02    0.00000E+00    2.15396E-01
 1.05000E+01    2.07647E-01    0.00000E+00    5.21990E-01
 1.10000E+01    4.36837E-01    0.00000E+00    1.09814E+00
 1.15000E+01    8.12282E-01    0.00000E+00    2.04194E+00
 1.20000E+01    1.35953E+00    0.00000E+00    3.41763E+00
 1.25000E+01    2.08335E+00    0.00000E+00    5.23719E+00
 1.30000E+01    2.97653E+00    0.00000E+00    6.59668E+00
 1.35000E+01    4.01950E+00    0.00000E+00    8.90814E+00
 1.40000E+01    5.18681E+00    0.00000E+00    1.14952E+01
 1.45000E+01    6.45585E+00    0.00000E+00    1.43077E+01
 1.50000E+01    7.80363E+00    0.00000E+00    1.72947E+01
 1.60000E+01    1.06431E+01    0.00000E+00    2.17539E+01
 1.70000E+01    1.35274E+01    0.00000E+00    2.76492E+01
 1.80000E+01    1.62909E+01    0.00000E+00    3.32976E+01
 1.90000E+01    1.87606E+01    0.00000E+00    3.83455E+01
 2.00000E+01    2.07704E+01    0.00000E+00    4.29145E+01
 2.10000E+01    2.23871E+01    0.00000E+00    4.62548E+01
 2.20000E+01    2.40004E+01    0.00000E+00    4.95881E+01
 2.30000E+01    2.32084E+01    0.00000E+00    4.79518E+01
 2.40000E+01    2.38064E+01    0.00000E+00    4.93958E+01
 2.50000E+01    2.40458E+01    0.00000E+00    4.98925E+01
 2.60000E+01    2.47476E+01    0.00000E+00    5.13487E+01
 2.70000E+01    2.45585E+01    0.00000E+00    5.09563E+01
 2.80000E+01    2.43122E+01    0.00000E+00    5.04453E+01
 2.90000E+01    2.38547E+01    0.00000E+00    4.94960E+01
 3.00000E+01    2.34171E+01    0.00000E+00    4.85880E+01
