# n + Br 81 : (n,n'17)  
# endfb8.0   JNDC FPND W.G., Mughabghab        EVAL-JAN05
# uncertainties: n
# # energies =   359
#   E(MeV)       xs(mb) 
 1.36936E+00    0.00000E+00
 1.36972E+00    3.54606E-02
 1.37044E+00    1.05273E-01
 1.37183E+00    2.40533E-01
 1.37314E+00    3.67339E-01
 1.37436E+00    4.86220E-01
 1.37666E+00    7.09121E-01
 1.37867E+00    9.04159E-01
 1.38044E+00    1.07482E+00
 1.38353E+00    1.37347E+00
 1.38585E+00    1.59746E+00
 1.38935E+00    1.93344E+00
 1.39285E+00    2.26942E+00
 1.39608E+00    2.62103E+00
 1.39922E+00    2.96166E+00
 1.40226E+00    3.29164E+00
 1.40818E+00    3.93098E+00
 1.41375E+00    4.53035E+00
 1.41899E+00    5.09227E+00
 1.42392E+00    5.61906E+00
 1.42856E+00    6.11294E+00
 1.43293E+00    6.57594E+00
 1.44114E+00    7.44407E+00
 1.44837E+00    8.20369E+00
 1.45473E+00    8.86836E+00
 1.46031E+00    9.44994E+00
 1.47013E+00    1.04677E+01
 1.47754E+00    1.12310E+01
 1.48873E+00    1.23760E+01
 1.50000E+00    1.35210E+01
 1.50762E+00    1.42382E+01
 1.52104E+00    1.54933E+01
 1.53119E+00    1.64347E+01
 1.53884E+00    1.71407E+01
 1.55039E+00    1.81997E+01
 1.56203E+00    1.92587E+01
 1.57310E+00    2.01086E+01
 1.58985E+00    2.13835E+01
 1.60678E+00    2.26584E+01
 1.62402E+00    2.35468E+01
 1.63926E+00    2.43241E+01
 1.65271E+00    2.50042E+01
 1.67651E+00    2.61945E+01
 1.69459E+00    2.70872E+01
 1.72207E+00    2.84263E+01
 1.75000E+00    2.97653E+01
 1.77657E+00    3.03659E+01
 1.80015E+00    3.08915E+01
 1.84217E+00    3.18112E+01
 1.87433E+00    3.25010E+01
 1.89882E+00    3.30183E+01
 1.93615E+00    3.37943E+01
 1.97421E+00    3.45703E+01
 2.00000E+00    3.48523E+01
 2.00995E+00    3.49649E+01
 2.08153E+00    3.54464E+01
 2.11059E+00    3.55685E+01
 2.14896E+00    3.56773E+01
 2.19108E+00    3.56666E+01
 2.22054E+00    3.56270E+01
 2.26269E+00    3.49424E+01
 2.30293E+00    3.43005E+01
 2.34131E+00    3.36988E+01
 2.37787E+00    3.31347E+01
 2.41266E+00    3.26058E+01
 2.44574E+00    3.21100E+01
 2.50899E+00    3.11804E+01
 2.56568E+00    3.03669E+01
 2.61632E+00    2.96552E+01
 2.66146E+00    2.90324E+01
 2.70160E+00    2.84875E+01
 2.73721E+00    2.80106E+01
 2.80067E+00    2.71762E+01
 2.84922E+00    2.65504E+01
 2.88619E+00    2.60810E+01
 2.94255E+00    2.53770E+01
 3.00000E+00    2.46729E+01
 3.05443E+00    2.37595E+01
 3.10635E+00    2.29032E+01
 3.15583E+00    2.21005E+01
 3.20293E+00    2.13479E+01
 3.24773E+00    2.06423E+01
 3.29029E+00    1.99808E+01
 3.33071E+00    1.93607E+01
 3.36904E+00    1.87794E+01
 3.40539E+00    1.82343E+01
 3.43981E+00    1.77234E+01
 3.47240E+00    1.72443E+01
 3.50324E+00    1.67952E+01
 3.53239E+00    1.63742E+01
 3.58771E+00    1.55848E+01
 3.63683E+00    1.48941E+01
 3.68036E+00    1.42897E+01
 3.71887E+00    1.37608E+01
 3.75290E+00    1.32981E+01
 3.78294E+00    1.28932E+01
 3.83607E+00    1.21846E+01
 3.87641E+00    1.16532E+01
 3.90695E+00    1.12546E+01
 3.95320E+00    1.06568E+01
 4.00000E+00    1.00589E+01
 4.05618E+00    9.63796E+00
 4.10956E+00    9.24333E+00
 4.16024E+00    8.87337E+00
 4.20833E+00    8.52653E+00
 4.25391E+00    8.20136E+00
 4.29709E+00    7.89652E+00
 4.33797E+00    7.61073E+00
 4.37665E+00    7.34280E+00
 4.41323E+00    7.09162E+00
 4.44779E+00    6.85614E+00
 4.48044E+00    6.63537E+00
 4.51127E+00    6.42840E+00
 4.54037E+00    6.23437E+00
 4.59543E+00    5.87056E+00
 4.64415E+00    5.55223E+00
 4.68721E+00    5.27368E+00
 4.72521E+00    5.02996E+00
 4.75872E+00    4.81670E+00
 4.78823E+00    4.63010E+00
 4.84032E+00    4.30355E+00
 4.87975E+00    4.05863E+00
 4.90954E+00    3.87495E+00
 4.95456E+00    3.59942E+00
 5.00000E+00    3.32389E+00
 5.05730E+00    3.18187E+00
 5.11162E+00    3.04873E+00
 5.16307E+00    2.92391E+00
 5.21177E+00    2.80689E+00
 5.25785E+00    2.69718E+00
 5.30142E+00    2.59433E+00
 5.34260E+00    2.49791E+00
 5.38149E+00    2.40751E+00
 5.41820E+00    2.32277E+00
 5.45285E+00    2.24332E+00
 5.48554E+00    2.16883E+00
 5.54735E+00    2.02918E+00
 5.60201E+00    1.90698E+00
 5.65028E+00    1.80005E+00
 5.69285E+00    1.70649E+00
 5.73037E+00    1.62463E+00
 5.76340E+00    1.55300E+00
 5.79246E+00    1.49032E+00
 5.84366E+00    1.38063E+00
 5.88236E+00    1.29837E+00
 5.91155E+00    1.23667E+00
 5.95561E+00    1.14413E+00
 6.00000E+00    1.05158E+00
 6.05809E+00    1.00707E+00
 6.11305E+00    9.65335E-01
 6.16504E+00    9.26212E-01
 6.21417E+00    8.89534E-01
 6.26059E+00    8.55148E-01
 6.30443E+00    8.22911E-01
 6.34580E+00    7.92690E-01
 6.38483E+00    7.64357E-01
 6.42165E+00    7.37795E-01
 6.49124E+00    6.87991E-01
 6.55276E+00    6.44412E-01
 6.60706E+00    6.06281E-01
 6.65495E+00    5.72916E-01
 6.69713E+00    5.43722E-01
 6.73426E+00    5.18177E-01
 6.76692E+00    4.95825E-01
 6.82445E+00    4.56710E-01
 6.86792E+00    4.27373E-01
 6.90070E+00    4.05371E-01
 6.95018E+00    3.72367E-01
 7.00000E+00    3.39363E-01
 7.05866E+00    3.25016E-01
 7.11411E+00    3.11565E-01
 7.16648E+00    2.98955E-01
 7.21593E+00    2.87133E-01
 7.26261E+00    2.76050E-01
 7.30663E+00    2.65659E-01
 7.34815E+00    2.55918E-01
 7.42663E+00    2.37654E-01
 7.49600E+00    2.21673E-01
 7.55722E+00    2.07689E-01
 7.61120E+00    1.95454E-01
 7.65874E+00    1.84747E-01
 7.70059E+00    1.75379E-01
 7.73740E+00    1.67183E-01
 7.80223E+00    1.52838E-01
 7.85121E+00    1.42079E-01
 7.88814E+00    1.34011E-01
 7.94388E+00    1.21907E-01
 8.00000E+00    1.09804E-01
 8.05911E+00    1.04984E-01
 8.11492E+00    1.00465E-01
 8.16759E+00    9.62291E-02
 8.21729E+00    9.22576E-02
 8.26415E+00    8.85343E-02
 8.30832E+00    8.50437E-02
 8.34995E+00    8.17713E-02
 8.42857E+00    7.56355E-02
 8.49796E+00    7.02667E-02
 8.55915E+00    6.55690E-02
 8.61306E+00    6.14585E-02
 8.66050E+00    5.78618E-02
 8.70223E+00    5.47147E-02
 8.73890E+00    5.19610E-02
 8.80346E+00    4.71420E-02
 8.85219E+00    4.35277E-02
 8.88891E+00    4.08171E-02
 8.94428E+00    3.67510E-02
 9.00000E+00    3.26850E-02
 9.05946E+00    3.12556E-02
 9.11556E+00    2.99156E-02
 9.16847E+00    2.86592E-02
 9.21836E+00    2.74815E-02
 9.26537E+00    2.63773E-02
 9.35416E+00    2.43070E-02
 9.43255E+00    2.24954E-02
 9.50168E+00    2.09103E-02
 9.56259E+00    1.95234E-02
 9.61620E+00    1.83098E-02
 9.66336E+00    1.72479E-02
 9.70481E+00    1.63188E-02
 9.77778E+00    1.46928E-02
 9.83287E+00    1.34732E-02
 9.87439E+00    1.25586E-02
 9.93699E+00    1.11867E-02
 9.96845E+00    1.05007E-02
 1.00000E+01    9.81471E-03
 1.01146E+01    9.23572E-03
 1.02232E+01    8.69292E-03
 1.03261E+01    8.18405E-03
 1.04235E+01    7.70697E-03
 1.05157E+01    7.25972E-03
 1.06028E+01    6.84042E-03
 1.06852E+01    6.44733E-03
 1.07630E+01    6.07880E-03
 1.08364E+01    5.73331E-03
 1.09057E+01    5.40941E-03
 1.09711E+01    5.10575E-03
 1.10327E+01    4.82107E-03
 1.10908E+01    4.55419E-03
 1.11456E+01    4.30398E-03
 1.11971E+01    4.06942E-03
 1.12457E+01    3.84951E-03
 1.12914E+01    3.64335E-03
 1.13345E+01    3.45007E-03
 1.14156E+01    3.08767E-03
 1.14871E+01    2.77058E-03
 1.15500E+01    2.49312E-03
 1.16053E+01    2.25035E-03
 1.16539E+01    2.03792E-03
 1.16966E+01    1.85204E-03
 1.17341E+01    1.68940E-03
 1.17670E+01    1.54709E-03
 1.17959E+01    1.42257E-03
 1.18466E+01    1.20465E-03
 1.18848E+01    1.04122E-03
 1.19135E+01    9.18643E-04
 1.19350E+01    8.26711E-04
 1.19675E+01    6.88813E-04
 1.20000E+01    5.50916E-04
 1.21162E+01    5.18350E-04
 1.22261E+01    4.87819E-04
 1.23301E+01    4.59197E-04
 1.24283E+01    4.32363E-04
 1.25212E+01    4.07207E-04
 1.26089E+01    3.83623E-04
 1.26916E+01    3.61512E-04
 1.27697E+01    3.40784E-04
 1.28433E+01    3.21351E-04
 1.29127E+01    3.03133E-04
 1.29781E+01    2.86053E-04
 1.30397E+01    2.70041E-04
 1.30978E+01    2.55030E-04
 1.31524E+01    2.40957E-04
 1.32039E+01    2.27763E-04
 1.32523E+01    2.15394E-04
 1.33435E+01    1.92202E-04
 1.34239E+01    1.71910E-04
 1.34946E+01    1.54153E-04
 1.35567E+01    1.38617E-04
 1.36114E+01    1.25022E-04
 1.36593E+01    1.13127E-04
 1.37015E+01    1.02718E-04
 1.37384E+01    9.36110E-05
 1.37709E+01    8.56420E-05
 1.38278E+01    7.16965E-05
 1.38706E+01    6.12373E-05
 1.39029E+01    5.33929E-05
 1.39271E+01    4.75096E-05
 1.39635E+01    3.86847E-05
 1.40000E+01    2.98598E-05
 1.41213E+01    2.72596E-05
 1.42282E+01    2.49845E-05
 1.43225E+01    2.29937E-05
 1.44055E+01    2.12518E-05
 1.44785E+01    1.97276E-05
 1.45427E+01    1.83940E-05
 1.45991E+01    1.72270E-05
 1.46486E+01    1.62060E-05
 1.47357E+01    1.44191E-05
 1.48013E+01    1.30789E-05
 1.48507E+01    1.20738E-05
 1.49252E+01    1.05661E-05
 1.50000E+01    9.05845E-06
 1.51215E+01    8.32641E-06
 1.52286E+01    7.68588E-06
 1.53230E+01    7.12541E-06
 1.54060E+01    6.63500E-06
 1.54790E+01    6.20590E-06
 1.55432E+01    5.83043E-06
 1.55996E+01    5.50189E-06
 1.56987E+01    4.92696E-06
 1.57735E+01    4.49575E-06
 1.58298E+01    4.17235E-06
 1.59147E+01    3.68725E-06
 1.60000E+01    3.20215E-06
 1.61182E+01    3.03299E-06
 1.62298E+01    2.87441E-06
 1.63352E+01    2.72574E-06
 1.64346E+01    2.58636E-06
 1.65283E+01    2.45569E-06
 1.66166E+01    2.33319E-06
 1.66999E+01    2.21834E-06
 1.67783E+01    2.11067E-06
 1.68522E+01    2.00973E-06
 1.69217E+01    1.91510E-06
 1.70529E+01    1.73767E-06
 1.71685E+01    1.58242E-06
 1.72703E+01    1.44657E-06
 1.73599E+01    1.32771E-06
 1.74386E+01    1.22370E-06
 1.75078E+01    1.13269E-06
 1.75686E+01    1.05306E-06
 1.76220E+01    9.83390E-07
 1.77157E+01    8.61450E-07
 1.77864E+01    7.70000E-07
 1.78395E+01    7.01420E-07
 1.79196E+01    5.98530E-07
 1.79597E+01    5.47090E-07
 1.80000E+01    4.95650E-07
 1.81189E+01    4.69700E-07
 1.82311E+01    4.45370E-07
 1.83369E+01    4.22560E-07
 1.84367E+01    4.01180E-07
 1.85307E+01    3.81130E-07
 1.86193E+01    3.62340E-07
 1.87027E+01    3.44720E-07
 1.87813E+01    3.28200E-07
 1.89295E+01    2.97230E-07
 1.90601E+01    2.70130E-07
 1.91751E+01    2.46420E-07
 1.92763E+01    2.25670E-07
 1.93654E+01    2.07520E-07
 1.94436E+01    1.91630E-07
 1.95123E+01    1.77730E-07
 1.95726E+01    1.65570E-07
 1.96786E+01    1.44290E-07
 1.97584E+01    1.28330E-07
 1.98186E+01    1.16350E-07
 1.99091E+01    9.83960E-08
 2.00000E+01    8.04370E-08
