# p + Ru101 : (p,2n)m   
# tendl.2019 A.J. Koning                       EVAL-OCT19
# uncertainties: y
# # energies =    36
#   E(MeV)       xs(mb)       xslow(mb)      xsupp(mb)
 1.14413E+01    0.00000E+00    0.00000E+00    0.00000E+00
 1.20000E+01    8.86159E+01    0.00000E+00    0.00000E+00
 1.30000E+01    2.06372E+02    0.00000E+00    0.00000E+00
 1.40000E+01    2.86734E+02    0.00000E+00    0.00000E+00
 1.50000E+01    3.43562E+02    0.00000E+00    0.00000E+00
 1.60000E+01    3.77211E+02    0.00000E+00    0.00000E+00
 1.70000E+01    4.05699E+02    0.00000E+00    0.00000E+00
 1.80000E+01    4.24885E+02    0.00000E+00    0.00000E+00
 1.90000E+01    4.41733E+02    0.00000E+00    0.00000E+00
 2.00000E+01    4.50309E+02    0.00000E+00    0.00000E+00
 2.20000E+01    3.60035E+02    0.00000E+00    0.00000E+00
 2.40000E+01    2.40440E+02    0.00000E+00    0.00000E+00
 2.60000E+01    1.59304E+02    0.00000E+00    0.00000E+00
 2.80000E+01    1.16889E+02    0.00000E+00    0.00000E+00
 3.00000E+01    9.44291E+01    0.00000E+00    0.00000E+00
 3.00000E+01    9.52370E+01    0.00000E+00    0.00000E+00
 3.50000E+01    6.99174E+01    0.00000E+00    0.00000E+00
 4.00000E+01    5.66944E+01    0.00000E+00    0.00000E+00
 4.50000E+01    4.72509E+01    0.00000E+00    0.00000E+00
 5.00000E+01    3.98762E+01    0.00000E+00    0.00000E+00
 5.50000E+01    3.41456E+01    0.00000E+00    0.00000E+00
 6.00000E+01    2.92275E+01    0.00000E+00    0.00000E+00
 6.50000E+01    2.50576E+01    0.00000E+00    0.00000E+00
 7.00000E+01    2.28321E+01    0.00000E+00    0.00000E+00
 7.50000E+01    1.98974E+01    0.00000E+00    0.00000E+00
 8.00000E+01    1.77098E+01    0.00000E+00    0.00000E+00
 9.00000E+01    1.43061E+01    0.00000E+00    0.00000E+00
 1.00000E+02    1.14613E+01    0.00000E+00    0.00000E+00
 1.10000E+02    9.40287E+00    0.00000E+00    0.00000E+00
 1.20000E+02    8.00219E+00    0.00000E+00    0.00000E+00
 1.30000E+02    6.66837E+00    0.00000E+00    0.00000E+00
 1.40000E+02    5.90530E+00    0.00000E+00    0.00000E+00
 1.50000E+02    5.13864E+00    0.00000E+00    0.00000E+00
 1.60000E+02    4.53167E+00    0.00000E+00    0.00000E+00
 1.80000E+02    3.73233E+00    0.00000E+00    0.00000E+00
 2.00000E+02    3.17373E+00    0.00000E+00    0.00000E+00
