# n + Sn126 : (n,el)    
# endfb8.0   JNDC FP Nuclear Data W.G.         EVAL-MAR90
# uncertainties: n
# # energies =   616
#   E(MeV)       xs(mb) 
 1.00000E-11    4.00000E+03
 1.04713E-11    4.00000E+03
 1.09648E-11    4.00000E+03
 1.14815E-11    4.00000E+03
 1.20226E-11    4.00000E+03
 1.25893E-11    4.00000E+03
 1.31826E-11    4.00000E+03
 1.38038E-11    4.00000E+03
 1.44544E-11    4.00000E+03
 1.51356E-11    4.00000E+03
 1.58489E-11    4.00000E+03
 1.65959E-11    4.00000E+03
 1.73780E-11    4.00000E+03
 1.81970E-11    4.00000E+03
 1.90546E-11    4.00000E+03
 1.99526E-11    4.00000E+03
 2.08930E-11    4.00000E+03
 2.18776E-11    4.00000E+03
 2.29087E-11    4.00000E+03
 2.39883E-11    4.00000E+03
 2.51189E-11    4.00000E+03
 2.63027E-11    4.00000E+03
 2.75423E-11    4.00000E+03
 2.88403E-11    4.00000E+03
 3.01995E-11    4.00000E+03
 3.16228E-11    4.00000E+03
 3.31131E-11    4.00000E+03
 3.46737E-11    4.00000E+03
 3.63078E-11    4.00000E+03
 3.80189E-11    4.00000E+03
 3.98107E-11    4.00000E+03
 4.16869E-11    4.00000E+03
 4.36516E-11    4.00000E+03
 4.57088E-11    4.00000E+03
 4.78630E-11    4.00000E+03
 5.01187E-11    4.00000E+03
 5.24807E-11    4.00000E+03
 5.49541E-11    4.00000E+03
 5.75440E-11    4.00000E+03
 6.02560E-11    4.00000E+03
 6.30957E-11    4.00000E+03
 6.60693E-11    4.00000E+03
 6.91831E-11    4.00000E+03
 7.24436E-11    4.00000E+03
 7.58578E-11    4.00000E+03
 7.94328E-11    4.00000E+03
 8.31764E-11    4.00000E+03
 8.70964E-11    4.00000E+03
 9.12011E-11    4.00000E+03
 9.54993E-11    4.00000E+03
 1.00000E-10    4.00000E+03
 1.04713E-10    4.00000E+03
 1.09648E-10    4.00000E+03
 1.14815E-10    4.00000E+03
 1.20226E-10    4.00000E+03
 1.25893E-10    4.00000E+03
 1.31826E-10    4.00000E+03
 1.38038E-10    4.00000E+03
 1.44544E-10    4.00000E+03
 1.51356E-10    4.00000E+03
 1.58489E-10    4.00000E+03
 1.65959E-10    4.00000E+03
 1.73780E-10    4.00000E+03
 1.81970E-10    4.00000E+03
 1.90546E-10    4.00000E+03
 1.99526E-10    4.00000E+03
 2.08930E-10    4.00000E+03
 2.18776E-10    4.00000E+03
 2.29087E-10    4.00000E+03
 2.39883E-10    4.00000E+03
 2.51189E-10    4.00000E+03
 2.63027E-10    4.00000E+03
 2.75423E-10    4.00000E+03
 2.88403E-10    4.00000E+03
 3.01995E-10    4.00000E+03
 3.16228E-10    4.00000E+03
 3.31131E-10    4.00000E+03
 3.46737E-10    4.00000E+03
 3.63078E-10    4.00000E+03
 3.80189E-10    4.00000E+03
 3.98107E-10    4.00000E+03
 4.16869E-10    4.00000E+03
 4.36516E-10    4.00000E+03
 4.57088E-10    4.00000E+03
 4.78630E-10    4.00000E+03
 5.01187E-10    4.00000E+03
 5.24807E-10    4.00000E+03
 5.49541E-10    4.00000E+03
 5.75440E-10    4.00000E+03
 6.02560E-10    4.00000E+03
 6.30957E-10    4.00000E+03
 6.60693E-10    4.00000E+03
 6.91831E-10    4.00000E+03
 7.24436E-10    4.00000E+03
 7.58578E-10    4.00000E+03
 7.94328E-10    4.00000E+03
 8.31764E-10    4.00000E+03
 8.70964E-10    4.00000E+03
 9.12011E-10    4.00000E+03
 9.54993E-10    4.00000E+03
 1.00000E-09    4.00000E+03
 1.04713E-09    4.00000E+03
 1.09648E-09    4.00000E+03
 1.14815E-09    4.00000E+03
 1.20226E-09    4.00000E+03
 1.25892E-09    4.00000E+03
 1.31826E-09    4.00000E+03
 1.38038E-09    4.00000E+03
 1.44544E-09    4.00000E+03
 1.51356E-09    4.00000E+03
 1.58489E-09    4.00000E+03
 1.65959E-09    4.00000E+03
 1.73780E-09    4.00000E+03
 1.81970E-09    4.00000E+03
 1.90546E-09    4.00000E+03
 1.99526E-09    4.00000E+03
 2.08930E-09    4.00000E+03
 2.18776E-09    4.00000E+03
 2.29087E-09    4.00000E+03
 2.39883E-09    4.00000E+03
 2.51189E-09    4.00000E+03
 2.63027E-09    4.00000E+03
 2.75423E-09    4.00000E+03
 2.88403E-09    4.00000E+03
 3.01995E-09    4.00000E+03
 3.16228E-09    4.00000E+03
 3.31131E-09    4.00000E+03
 3.46737E-09    4.00000E+03
 3.63078E-09    4.00000E+03
 3.80189E-09    4.00000E+03
 3.98107E-09    4.00000E+03
 4.16869E-09    4.00000E+03
 4.36516E-09    4.00000E+03
 4.57088E-09    4.00000E+03
 4.78630E-09    4.00000E+03
 5.01187E-09    4.00000E+03
 5.24807E-09    4.00000E+03
 5.49541E-09    4.00000E+03
 5.75440E-09    4.00000E+03
 6.02560E-09    4.00000E+03
 6.30957E-09    4.00000E+03
 6.60693E-09    4.00000E+03
 6.91831E-09    4.00000E+03
 7.24436E-09    4.00000E+03
 7.58578E-09    4.00000E+03
 7.94328E-09    4.00000E+03
 8.31764E-09    4.00000E+03
 8.70964E-09    4.00000E+03
 9.12011E-09    4.00000E+03
 9.54993E-09    4.00000E+03
 1.00000E-08    4.00000E+03
 1.04713E-08    4.00000E+03
 1.09648E-08    4.00000E+03
 1.14815E-08    4.00000E+03
 1.20226E-08    4.00000E+03
 1.25893E-08    4.00000E+03
 1.31826E-08    4.00000E+03
 1.38038E-08    4.00000E+03
 1.44544E-08    4.00000E+03
 1.51356E-08    4.00000E+03
 1.58489E-08    4.00000E+03
 1.65959E-08    4.00000E+03
 1.73780E-08    4.00000E+03
 1.81970E-08    4.00000E+03
 1.90546E-08    4.00000E+03
 1.99526E-08    4.00000E+03
 2.08930E-08    4.00000E+03
 2.18776E-08    4.00000E+03
 2.29087E-08    4.00000E+03
 2.39883E-08    4.00000E+03
 2.51189E-08    4.00000E+03
 2.63027E-08    4.00000E+03
 2.75423E-08    4.00000E+03
 2.88403E-08    4.00000E+03
 3.01995E-08    4.00000E+03
 3.16228E-08    4.00000E+03
 3.31131E-08    4.00000E+03
 3.46737E-08    4.00000E+03
 3.63078E-08    4.00000E+03
 3.80189E-08    4.00000E+03
 3.98107E-08    4.00000E+03
 4.16869E-08    4.00000E+03
 4.36516E-08    4.00000E+03
 4.57088E-08    4.00000E+03
 4.78630E-08    4.00000E+03
 5.01187E-08    4.00000E+03
 5.24807E-08    4.00000E+03
 5.49541E-08    4.00000E+03
 5.75440E-08    4.00000E+03
 6.02560E-08    4.00000E+03
 6.30957E-08    4.00000E+03
 6.60693E-08    4.00000E+03
 6.91831E-08    4.00000E+03
 7.24436E-08    4.00000E+03
 7.58578E-08    4.00000E+03
 7.94328E-08    4.00000E+03
 8.31764E-08    4.00000E+03
 8.70964E-08    4.00000E+03
 9.12011E-08    4.00000E+03
 9.54993E-08    4.00000E+03
 1.00000E-07    4.00000E+03
 1.04713E-07    4.00000E+03
 1.09648E-07    4.00000E+03
 1.14815E-07    4.00000E+03
 1.20226E-07    4.00000E+03
 1.25893E-07    4.00000E+03
 1.31826E-07    4.00000E+03
 1.38038E-07    4.00000E+03
 1.44544E-07    4.00000E+03
 1.51356E-07    4.00000E+03
 1.58489E-07    4.00000E+03
 1.65959E-07    4.00000E+03
 1.73780E-07    4.00000E+03
 1.81970E-07    4.00000E+03
 1.90546E-07    4.00000E+03
 1.99526E-07    4.00000E+03
 2.08930E-07    4.00000E+03
 2.18776E-07    4.00000E+03
 2.29087E-07    4.00000E+03
 2.39883E-07    4.00000E+03
 2.51189E-07    4.00000E+03
 2.63027E-07    4.00000E+03
 2.75423E-07    4.00000E+03
 2.88403E-07    4.00000E+03
 3.01995E-07    4.00000E+03
 3.16228E-07    4.00000E+03
 3.31131E-07    4.00000E+03
 3.46737E-07    4.00000E+03
 3.63078E-07    4.00000E+03
 3.80189E-07    4.00000E+03
 3.98107E-07    4.00000E+03
 4.16869E-07    4.00000E+03
 4.36516E-07    4.00000E+03
 4.57088E-07    4.00000E+03
 4.78630E-07    4.00000E+03
 5.01187E-07    4.00000E+03
 5.24807E-07    4.00000E+03
 5.49541E-07    4.00000E+03
 5.75440E-07    4.00000E+03
 6.02560E-07    4.00000E+03
 6.30957E-07    4.00000E+03
 6.60693E-07    4.00000E+03
 6.91831E-07    4.00000E+03
 7.24436E-07    4.00000E+03
 7.58578E-07    4.00000E+03
 7.94328E-07    4.00000E+03
 8.31764E-07    4.00000E+03
 8.70964E-07    4.00000E+03
 9.12011E-07    4.00000E+03
 9.54993E-07    4.00000E+03
 1.00000E-06    4.00000E+03
 1.04713E-06    4.00000E+03
 1.09648E-06    4.00000E+03
 1.14815E-06    4.00000E+03
 1.20226E-06    4.00000E+03
 1.25893E-06    4.00000E+03
 1.31826E-06    4.00000E+03
 1.38038E-06    4.00000E+03
 1.44544E-06    4.00000E+03
 1.51356E-06    4.00000E+03
 1.58489E-06    4.00000E+03
 1.65959E-06    4.00000E+03
 1.73780E-06    4.00000E+03
 1.81970E-06    4.00000E+03
 1.90546E-06    4.00000E+03
 1.99526E-06    4.00000E+03
 2.08930E-06    4.00000E+03
 2.18776E-06    4.00000E+03
 2.29087E-06    4.00000E+03
 2.39883E-06    4.00000E+03
 2.51189E-06    4.00000E+03
 2.63027E-06    4.00000E+03
 2.75423E-06    4.00000E+03
 2.88403E-06    4.00000E+03
 3.01995E-06    4.00000E+03
 3.16228E-06    4.00000E+03
 3.31131E-06    4.00000E+03
 3.46737E-06    4.00000E+03
 3.63078E-06    4.00000E+03
 3.80189E-06    4.00000E+03
 3.98107E-06    4.00000E+03
 4.16869E-06    4.00000E+03
 4.36516E-06    4.00000E+03
 4.57088E-06    4.00000E+03
 4.78630E-06    4.00000E+03
 5.01187E-06    4.00000E+03
 5.24807E-06    4.00000E+03
 5.49541E-06    4.00000E+03
 5.75440E-06    4.00000E+03
 6.02560E-06    4.00000E+03
 6.30957E-06    4.00000E+03
 6.60693E-06    4.00000E+03
 6.91831E-06    4.00000E+03
 7.24436E-06    4.00000E+03
 7.58578E-06    4.00000E+03
 7.94328E-06    4.00000E+03
 8.31764E-06    4.00000E+03
 8.70964E-06    4.00000E+03
 9.12011E-06    4.00000E+03
 9.54993E-06    4.00000E+03
 1.00000E-05    4.00000E+03
 1.04713E-05    4.00000E+03
 1.09648E-05    4.00000E+03
 1.14815E-05    4.00000E+03
 1.20226E-05    4.00000E+03
 1.25893E-05    4.00000E+03
 1.31826E-05    4.00000E+03
 1.38038E-05    4.00000E+03
 1.44544E-05    4.00000E+03
 1.51356E-05    4.00000E+03
 1.58489E-05    4.00000E+03
 1.65959E-05    4.00000E+03
 1.73780E-05    4.00000E+03
 1.81970E-05    4.00000E+03
 1.90546E-05    4.00000E+03
 1.99526E-05    4.00000E+03
 2.08930E-05    4.00000E+03
 2.18776E-05    4.00000E+03
 2.29087E-05    4.00000E+03
 2.39883E-05    4.00000E+03
 2.51189E-05    4.00000E+03
 2.63027E-05    4.00000E+03
 2.75423E-05    4.00000E+03
 2.88403E-05    4.00000E+03
 3.01995E-05    4.00000E+03
 3.16228E-05    4.00000E+03
 3.31131E-05    4.00000E+03
 3.46737E-05    4.00000E+03
 3.63078E-05    4.00000E+03
 3.80189E-05    4.00000E+03
 3.98107E-05    4.00000E+03
 4.16869E-05    4.00000E+03
 4.36516E-05    4.00000E+03
 4.57088E-05    4.00000E+03
 4.78630E-05    4.00000E+03
 5.01187E-05    4.00000E+03
 5.24807E-05    4.00000E+03
 5.49541E-05    4.00000E+03
 5.75440E-05    4.00000E+03
 6.02560E-05    4.00000E+03
 6.30957E-05    4.00000E+03
 6.60693E-05    4.00000E+03
 6.91831E-05    4.00000E+03
 7.24436E-05    4.00000E+03
 7.58578E-05    4.00000E+03
 7.94328E-05    4.00000E+03
 8.31764E-05    4.00000E+03
 8.70964E-05    4.00000E+03
 9.12011E-05    4.00000E+03
 9.54993E-05    4.00000E+03
 1.00000E-04    4.00000E+03
 1.04713E-04    4.00000E+03
 1.09648E-04    4.00000E+03
 1.14815E-04    4.00000E+03
 1.20226E-04    4.00000E+03
 1.25893E-04    4.00000E+03
 1.31826E-04    4.00000E+03
 1.38038E-04    4.00000E+03
 1.44544E-04    4.00000E+03
 1.51356E-04    4.00000E+03
 1.58489E-04    4.00000E+03
 1.65959E-04    4.00000E+03
 1.73780E-04    4.00000E+03
 1.81970E-04    4.00000E+03
 1.90546E-04    4.00000E+03
 1.99526E-04    4.00000E+03
 2.08930E-04    4.00000E+03
 2.18776E-04    4.00000E+03
 2.29087E-04    4.00000E+03
 2.39883E-04    4.00000E+03
 2.51189E-04    4.00000E+03
 2.63027E-04    4.00000E+03
 2.75423E-04    4.00000E+03
 2.88403E-04    4.00000E+03
 3.01995E-04    4.00000E+03
 3.16228E-04    4.00000E+03
 3.31131E-04    4.00000E+03
 3.46737E-04    4.00000E+03
 3.63078E-04    4.00000E+03
 3.80189E-04    4.00000E+03
 3.98107E-04    4.00000E+03
 4.16869E-04    4.00000E+03
 4.36516E-04    4.00000E+03
 4.57088E-04    4.00000E+03
 4.78630E-04    4.00000E+03
 5.01187E-04    4.00000E+03
 5.24807E-04    4.00000E+03
 5.49541E-04    4.00000E+03
 5.75440E-04    4.00000E+03
 6.02560E-04    4.00000E+03
 6.30957E-04    4.00000E+03
 6.60693E-04    4.00000E+03
 6.91831E-04    4.00000E+03
 7.24436E-04    4.00000E+03
 7.58578E-04    4.00000E+03
 7.94328E-04    4.00000E+03
 8.31764E-04    4.00000E+03
 8.70964E-04    4.00000E+03
 9.12011E-04    4.00000E+03
 9.54993E-04    4.00000E+03
 1.00000E-03    4.00000E+03
 1.04713E-03    4.00000E+03
 1.09648E-03    4.00000E+03
 1.14815E-03    4.00000E+03
 1.20226E-03    4.00000E+03
 1.25893E-03    4.00000E+03
 1.31826E-03    4.00000E+03
 1.38038E-03    4.00000E+03
 1.44544E-03    4.00000E+03
 1.51356E-03    4.00000E+03
 1.58489E-03    4.00000E+03
 1.65959E-03    4.00000E+03
 1.73780E-03    4.00000E+03
 1.81970E-03    4.00000E+03
 1.90546E-03    4.00000E+03
 1.99526E-03    2.05999E+02
 2.08930E-03    0.00000E+00
 2.18776E-03    0.00000E+00
 2.29087E-03    0.00000E+00
 2.39883E-03    0.00000E+00
 2.51189E-03    0.00000E+00
 2.63027E-03    0.00000E+00
 2.75423E-03    0.00000E+00
 2.88403E-03    0.00000E+00
 3.01995E-03    0.00000E+00
 3.16228E-03    0.00000E+00
 3.31131E-03    0.00000E+00
 3.46737E-03    0.00000E+00
 3.63078E-03    0.00000E+00
 3.80189E-03    0.00000E+00
 3.98107E-03    0.00000E+00
 4.16869E-03    0.00000E+00
 4.36516E-03    0.00000E+00
 4.57088E-03    0.00000E+00
 4.78630E-03    0.00000E+00
 5.01187E-03    0.00000E+00
 5.24807E-03    0.00000E+00
 5.49541E-03    0.00000E+00
 5.75440E-03    0.00000E+00
 6.02560E-03    0.00000E+00
 6.30957E-03    0.00000E+00
 6.60693E-03    0.00000E+00
 6.91831E-03    0.00000E+00
 7.24436E-03    0.00000E+00
 7.58578E-03    0.00000E+00
 7.94328E-03    0.00000E+00
 8.31764E-03    0.00000E+00
 8.70964E-03    0.00000E+00
 9.12011E-03    0.00000E+00
 9.54993E-03    0.00000E+00
 1.00000E-02    0.00000E+00
 1.04713E-02    0.00000E+00
 1.09648E-02    0.00000E+00
 1.14815E-02    0.00000E+00
 1.20226E-02    0.00000E+00
 1.25893E-02    0.00000E+00
 1.31826E-02    0.00000E+00
 1.38038E-02    0.00000E+00
 1.44544E-02    0.00000E+00
 1.51356E-02    0.00000E+00
 1.58489E-02    0.00000E+00
 1.65959E-02    0.00000E+00
 1.73780E-02    0.00000E+00
 1.81970E-02    0.00000E+00
 1.90546E-02    0.00000E+00
 1.99526E-02    0.00000E+00
 2.08930E-02    0.00000E+00
 2.18776E-02    0.00000E+00
 2.29087E-02    0.00000E+00
 2.39883E-02    0.00000E+00
 2.51189E-02    0.00000E+00
 2.63027E-02    0.00000E+00
 2.75423E-02    0.00000E+00
 2.88403E-02    0.00000E+00
 3.01995E-02    0.00000E+00
 3.16228E-02    0.00000E+00
 3.31131E-02    0.00000E+00
 3.46737E-02    0.00000E+00
 3.63078E-02    0.00000E+00
 3.80189E-02    0.00000E+00
 3.98107E-02    0.00000E+00
 4.16869E-02    0.00000E+00
 4.36516E-02    0.00000E+00
 4.57088E-02    0.00000E+00
 4.78630E-02    0.00000E+00
 5.01187E-02    0.00000E+00
 5.24807E-02    0.00000E+00
 5.49541E-02    0.00000E+00
 5.75440E-02    0.00000E+00
 6.02560E-02    0.00000E+00
 6.30957E-02    0.00000E+00
 6.60693E-02    0.00000E+00
 6.91831E-02    0.00000E+00
 7.24436E-02    0.00000E+00
 7.58578E-02    0.00000E+00
 7.94328E-02    0.00000E+00
 8.31764E-02    0.00000E+00
 8.70964E-02    0.00000E+00
 9.12011E-02    0.00000E+00
 9.54993E-02    5.03480E-09
 1.00000E-01    6.32150E+03
 1.04713E-01    6.31883E+03
 1.09648E-01    6.31604E+03
 1.14815E-01    6.31312E+03
 1.20226E-01    6.31006E+03
 1.25893E-01    6.30686E+03
 1.31826E-01    6.30351E+03
 1.38038E-01    6.29999E+03
 1.44544E-01    6.29638E+03
 1.51356E-01    6.29491E+03
 1.58489E-01    6.29453E+03
 1.65959E-01    6.29413E+03
 1.73780E-01    6.29372E+03
 1.81970E-01    6.29328E+03
 1.90546E-01    6.29282E+03
 1.99526E-01    6.29322E+03
 2.08930E-01    6.29474E+03
 2.18776E-01    6.29633E+03
 2.29087E-01    6.29800E+03
 2.39883E-01    6.29974E+03
 2.51189E-01    6.30224E+03
 2.63027E-01    6.30532E+03
 2.75423E-01    6.30854E+03
 2.88403E-01    6.31191E+03
 3.01995E-01    6.31570E+03
 3.16228E-01    6.31982E+03
 3.31131E-01    6.32414E+03
 3.46737E-01    6.32866E+03
 3.63078E-01    6.33339E+03
 3.80189E-01    6.33834E+03
 3.98107E-01    6.34353E+03
 4.16869E-01    6.34896E+03
 4.36516E-01    6.35465E+03
 4.57088E-01    6.36060E+03
 4.78630E-01    6.36683E+03
 5.01187E-01    6.37105E+03
 5.24807E-01    6.37354E+03
 5.49541E-01    6.37614E+03
 5.75440E-01    6.37887E+03
 6.02560E-01    6.38173E+03
 6.30957E-01    6.38472E+03
 6.60693E-01    6.38785E+03
 6.91831E-01    6.38933E+03
 7.24436E-01    6.38631E+03
 7.58578E-01    6.38294E+03
 7.94328E-01    6.37757E+03
 8.31764E-01    6.36865E+03
 8.70964E-01    6.35902E+03
 9.12011E-01    6.34495E+03
 9.54993E-01    6.32877E+03
 1.00000E+00    6.30826E+03
 1.04713E+00    6.28316E+03
 1.09648E+00    6.25689E+03
 1.14815E+00    6.14675E+03
 1.20226E+00    5.94314E+03
 1.25893E+00    5.80257E+03
 1.31826E+00    5.69354E+03
 1.38038E+00    5.58835E+03
 1.44544E+00    5.48316E+03
 1.51356E+00    5.37796E+03
 1.58489E+00    5.27186E+03
 1.65959E+00    5.16957E+03
 1.73780E+00    5.06102E+03
 1.81970E+00    4.94331E+03
 1.90546E+00    4.82881E+03
 1.99526E+00    4.70870E+03
 2.08930E+00    4.53544E+03
 2.18776E+00    4.30562E+03
 2.29087E+00    4.08106E+03
 2.39883E+00    3.85772E+03
 2.51189E+00    3.64792E+03
 2.63027E+00    3.44984E+03
 2.75423E+00    3.25732E+03
 2.88403E+00    3.05559E+03
 3.01995E+00    2.88760E+03
 3.16228E+00    2.74244E+03
 3.31131E+00    2.60409E+03
 3.46737E+00    2.46170E+03
 3.63078E+00    2.31918E+03
 3.80189E+00    2.18483E+03
 3.98107E+00    2.08466E+03
 4.16869E+00    2.02836E+03
 4.36516E+00    1.97432E+03
 4.57088E+00    1.92075E+03
 4.78630E+00    1.86921E+03
 5.01187E+00    1.85227E+03
 5.24807E+00    1.86529E+03
 5.49541E+00    1.87892E+03
 5.75440E+00    1.89337E+03
 6.02560E+00    1.93362E+03
 6.30957E+00    1.99349E+03
 6.60693E+00    2.05345E+03
 6.91831E+00    2.12029E+03
 7.24436E+00    2.20454E+03
 7.58578E+00    2.29049E+03
 7.94328E+00    2.43294E+03
 8.31764E+00    2.54450E+03
 8.70964E+00    2.58169E+03
 9.12011E+00    2.65425E+03
 9.54993E+00    2.74036E+03
 1.00000E+01    2.77907E+03
 1.04713E+01    2.78379E+03
 1.09648E+01    2.84613E+03
 1.14815E+01    2.93928E+03
 1.20226E+01    2.97267E+03
 1.25893E+01    2.94710E+03
 1.31826E+01    2.93575E+03
 1.38038E+01    2.91272E+03
 1.44544E+01    2.84546E+03
 1.51356E+01    2.75696E+03
 1.58489E+01    2.65021E+03
 1.65959E+01    2.52379E+03
 1.73780E+01    2.39892E+03
 1.81970E+01    2.26393E+03
 1.90546E+01    2.12453E+03
 1.99526E+01    1.05759E+02
