# n + Kr 83 : (n,n'05)  
# jendl4.0   K.Shibata, A.Ichihara, S.Kunieda  EVAL-AUG09
# uncertainties: n
# # energies =    34
#   E(MeV)       xs(mb) 
 6.98546E-01    0.00000E+00
 7.00000E-01    6.10700E+00
 8.00000E-01    3.93100E+01
 9.00000E-01    5.86700E+01
 1.00000E+00    7.13700E+01
 1.50000E+00    7.84600E+01
 2.00000E+00    5.98300E+01
 2.50000E+00    4.86100E+01
 3.00000E+00    3.46900E+01
 3.50000E+00    2.14700E+01
 4.00000E+00    1.26400E+01
 4.50000E+00    7.65200E+00
 5.00000E+00    4.76000E+00
 5.50000E+00    3.32800E+00
 6.00000E+00    2.40600E+00
 6.50000E+00    2.02500E+00
 7.00000E+00    1.66900E+00
 7.50000E+00    1.57900E+00
 8.00000E+00    1.38300E+00
 8.50000E+00    1.36500E+00
 9.00000E+00    1.21800E+00
 9.50000E+00    7.06400E-01
 1.00000E+01    1.09000E+00
 1.10000E+01    9.86900E-01
 1.20000E+01    9.04800E-01
 1.30000E+01    8.29000E-01
 1.40000E+01    7.58300E-01
 1.45000E+01    6.82500E-01
 1.50000E+01    6.92700E-01
 1.60000E+01    6.33100E-01
 1.70000E+01    5.80000E-01
 1.80000E+01    3.13000E-01
 1.90000E+01    4.36300E-01
 2.00000E+01    4.05000E-01
