# p + W 183 : (p,xd)    
# endfb8.0   M.B.CHADWICK,P.G.YOUNG            EVAL-OCT96
# 
# # energies =    42
#   E(MeV)        xs(mb) 
 3.00000E+00    0.00000E+00
 4.00000E+00    0.00000E+00
 5.00000E+00    0.00000E+00
 6.00000E+00    3.02648E-09
 7.00000E+00    1.76696E-09
 8.00000E+00    1.43833E-06
 9.00000E+00    6.62474E-04
 1.00000E+01    4.57048E-03
 1.10000E+01    2.16949E-02
 1.20000E+01    1.26122E-01
 1.30000E+01    5.14676E-01
 1.40000E+01    1.42784E+00
 1.50000E+01    2.89336E+00
 1.60000E+01    4.92115E+00
 1.70000E+01    7.36635E+00
 1.80000E+01    9.96444E+00
 1.90000E+01    1.28240E+01
 2.00000E+01    1.55403E+01
 2.20000E+01    2.18616E+01
 2.40000E+01    2.80392E+01
 2.60000E+01    3.42073E+01
 2.80000E+01    4.00434E+01
 3.00000E+01    4.55814E+01
 3.50000E+01    5.76248E+01
 4.00000E+01    6.69925E+01
 4.50000E+01    7.43103E+01
 5.00000E+01    7.99432E+01
 5.50000E+01    8.45718E+01
 6.00000E+01    8.82272E+01
 6.50000E+01    9.10533E+01
 7.00000E+01    9.14848E+01
 7.50000E+01    9.21504E+01
 8.00000E+01    9.26074E+01
 8.50000E+01    9.31696E+01
 9.00000E+01    9.35416E+01
 9.50000E+01    9.39276E+01
 1.00000E+02    9.39311E+01
 1.10000E+02    9.38204E+01
 1.20000E+02    9.33635E+01
 1.30000E+02    9.26142E+01
 1.40000E+02    9.15823E+01
 1.50000E+02    9.05393E+01
