# n + Tm171 : (n,n'12)  
# endfb8.0      G. Nobre, D. Brown, M. Herman  EVAL-Jul17
# uncertainties: n
# # energies =    38
#   E(MeV)       xs(mb) 
 6.79787E-01    0.00000E+00
 7.00000E-01    4.45154E+01
 8.50000E-01    1.73910E+02
 1.00000E+00    2.07237E+02
 1.30000E+00    2.00202E+02
 1.50000E+00    1.52605E+02
 1.80000E+00    8.58277E+01
 2.00000E+00    5.76942E+01
 2.25000E+00    3.38279E+01
 2.50000E+00    1.99730E+01
 2.75000E+00    1.19485E+01
 3.00000E+00    7.12323E+00
 3.20000E+00    4.82395E+00
 3.40000E+00    3.29312E+00
 3.60000E+00    2.25851E+00
 3.80000E+00    1.55610E+00
 4.00000E+00    1.07674E+00
 4.20000E+00    7.48077E-01
 4.40000E+00    5.21789E-01
 4.60000E+00    3.65388E-01
 4.80000E+00    2.57112E-01
 5.00000E+00    1.82212E-01
 5.50000E+00    7.96364E-02
 6.00000E+00    3.63742E-02
 7.00000E+00    8.32318E-03
 8.00000E+00    2.07194E-03
 9.00000E+00    5.54699E-04
 1.00000E+01    1.60116E-04
 1.10000E+01    4.98110E-05
 1.20000E+01    1.66175E-05
 1.30000E+01    5.90285E-06
 1.40000E+01    2.22487E-06
 1.50000E+01    8.86210E-07
 1.60000E+01    3.71410E-07
 1.70000E+01    1.63050E-07
 1.80000E+01    7.44690E-08
 1.90000E+01    3.52510E-08
 2.00000E+01    1.71600E-08
