# n + Tc 99 : (n,tot)   
# jendl4.0   JNDC FP ND W.G., T.Nakagawa       EVAL-Mar90
# uncertainties: n
# # energies =   171
#   E(MeV)       xs(mb) 
 1.00000E-11    2.62018E+05
 1.00000E-07    1.34582E+04
 4.13990E-07    1.06649E+04
 5.31580E-07    1.01234E+04
 6.82560E-07    9.68614E+03
 8.76420E-07    9.36065E+03
 1.12540E-06    9.16987E+03
 1.44500E-06    9.16590E+03
 1.85540E-06    9.48094E+03
 2.37240E-06    1.05315E+04
 3.05900E-06    1.41391E+04
 3.92790E-06    4.27106E+04
 5.04350E-06    9.49232E+05
 6.47600E-06    2.01771E+04
 8.31530E-06    7.97492E+03
 1.06770E-05    6.23994E+03
 1.37100E-05    6.57462E+03
 1.76030E-05    1.55228E+05
 2.26030E-05    6.72641E+03
 2.92030E-05    5.37068E+03
 3.72670E-05    1.13084E+04
 4.78510E-05    1.41484E+04
 6.14420E-05    5.24316E+03
 7.88930E-05    5.01717E+03
 1.01300E-04    1.41164E+04
 1.30070E-04    2.40286E+04
 1.67020E-04    3.00825E+04
 2.14450E-04    1.03714E+04
 2.75360E-04    1.10276E+04
 3.53580E-04    2.37810E+04
 4.54000E-04    9.92213E+03
 5.82950E-04    9.88034E+03
 7.48520E-04    1.06325E+04
 9.61120E-04    1.21672E+04
 1.23410E-03    1.12513E+04
 1.58460E-03    1.07574E+04
 2.03470E-03    7.94862E+03
 2.24870E-03    9.92785E+03
 2.48520E-03    1.18915E+04
 2.61260E-03    1.11777E+04
 2.74650E-03    9.43245E+03
 3.03540E-03    9.23967E+03
 3.35460E-03    9.24635E+03
 3.70740E-03    8.84573E+03
 4.30740E-03    8.69780E+03
 5.53080E-03    8.93897E+03
 7.10170E-03    8.56491E+03
 9.11880E-03    8.42421E+03
 1.17090E-02    8.32116E+03
 1.50340E-02    8.23811E+03
 1.93050E-02    8.18107E+03
 2.18750E-02    8.15396E+03
 2.35790E-02    8.14425E+03
 2.41760E-02    8.14062E+03
 2.47880E-02    8.13321E+03
 2.60580E-02    8.12212E+03
 2.70000E-02    8.11033E+03
 2.85000E-02    8.12026E+03
 3.18280E-02    8.16926E+03
 3.43070E-02    8.25202E+03
 4.08680E-02    8.33188E+03
 4.63090E-02    8.39488E+03
 5.24750E-02    8.44661E+03
 5.65620E-02    8.49279E+03
 6.73790E-02    8.52745E+03
 7.20000E-02    8.56886E+03
 7.95000E-02    8.60776E+03
 8.25000E-02    8.62095E+03
 8.65170E-02    8.64281E+03
 9.80370E-02    8.65894E+03
 1.11090E-01    8.66971E+03
 1.16790E-01    8.67602E+03
 1.22770E-01    8.68265E+03
 1.29070E-01    8.68964E+03
 1.35690E-01    8.69697E+03
 1.42640E-01    8.70066E+03
 1.49960E-01    8.69582E+03
 1.57640E-01    8.69043E+03
 1.65730E-01    8.68477E+03
 1.74220E-01    8.67881E+03
 1.83160E-01    8.67255E+03
 1.92550E-01    8.66597E+03
 2.02420E-01    8.65905E+03
 2.12800E-01    8.65019E+03
 2.23710E-01    8.63334E+03
 2.35180E-01    8.61466E+03
 2.47240E-01    8.58469E+03
 2.73240E-01    8.55265E+03
 2.87250E-01    8.53567E+03
 2.94520E-01    8.52775E+03
 2.97200E-01    8.52459E+03
 2.98500E-01    8.52080E+03
 3.01970E-01    8.48584E+03
 3.33730E-01    8.40803E+03
 3.68830E-01    8.34606E+03
 3.87740E-01    8.30884E+03
 4.07620E-01    8.24992E+03
 4.50490E-01    8.16449E+03
 4.97870E-01    8.09488E+03
 5.23400E-01    8.04529E+03
 5.50230E-01    7.99242E+03
 5.78440E-01    7.93119E+03
 6.08100E-01    7.86564E+03
 6.39280E-01    7.79674E+03
 6.72060E-01    7.72431E+03
 7.06510E-01    7.64816E+03
 7.42740E-01    7.56811E+03
 7.80820E-01    7.48396E+03
 8.20850E-01    7.39591E+03
 8.62940E-01    7.30486E+03
 9.07180E-01    7.20104E+03
 9.61640E-01    7.10026E+03
 1.00260E+00    6.94673E+03
 1.10800E+00    6.77229E+03
 1.16480E+00    6.65478E+03
 1.22460E+00    6.53519E+03
 1.28730E+00    6.40837E+03
 1.35340E+00    6.27446E+03
 1.42270E+00    6.14030E+03
 1.49570E+00    6.00526E+03
 1.57240E+00    5.86411E+03
 1.65300E+00    5.71818E+03
 1.73770E+00    5.57476E+03
 1.82680E+00    5.42560E+03
 1.92050E+00    5.28037E+03
 2.01900E+00    5.13268E+03
 2.12250E+00    4.98663E+03
 2.23130E+00    4.87085E+03
 2.30690E+00    4.80186E+03
 2.34570E+00    4.77061E+03
 2.36530E+00    4.74953E+03
 2.38520E+00    4.69602E+03
 2.46600E+00    4.58578E+03
 2.59240E+00    4.45334E+03
 2.72530E+00    4.33067E+03
 2.86500E+00    4.21249E+03
 3.01190E+00    4.13074E+03
 3.16640E+00    4.07147E+03
 3.32870E+00    3.98804E+03
 3.67880E+00    3.88726E+03
 4.06570E+00    3.87290E+03
 4.49330E+00    3.89700E+03
 4.72370E+00    3.91417E+03
 4.96590E+00    3.93738E+03
 5.22050E+00    3.97462E+03
 5.48810E+00    4.01438E+03
 5.76950E+00    4.05617E+03
 6.06530E+00    4.10011E+03
 6.37630E+00    4.13839E+03
 6.59240E+00    4.16213E+03
 6.70320E+00    4.19216E+03
 7.04690E+00    4.23327E+03
 7.40820E+00    4.27612E+03
 7.78800E+00    4.31878E+03
 8.18730E+00    4.35005E+03
 8.60710E+00    4.38077E+03
 9.04840E+00    4.40481E+03
 9.51230E+00    4.41829E+03
 1.00000E+01    4.41563E+03
 1.05130E+01    4.39605E+03
 1.10520E+01    4.37637E+03
 1.16180E+01    4.35466E+03
 1.22140E+01    4.30337E+03
 1.28400E+01    4.24252E+03
 1.34990E+01    4.19779E+03
 1.38400E+01    4.16676E+03
 1.41910E+01    4.12769E+03
 1.45500E+01    4.08785E+03
 1.49180E+01    4.02608E+03
 1.56830E+01    3.93936E+03
 1.64870E+01    3.85240E+03
