# n + Pb206 : (n,n'15)  
# tendl.2019 A.J. Koning and D. Rochman        EVAL-NOV19
# uncertainties: n
# # energies =    73
#   E(MeV)       xs(mb) 
 2.40305E+00    0.00000E+00
 2.43523E+00    6.62652E+00
 2.60000E+00    4.05559E+01
 2.66077E+00    4.71461E+01
 2.67134E+00    4.82924E+01
 2.79579E+00    6.17885E+01
 2.80000E+00    6.22450E+01
 2.84015E+00    6.47470E+01
 2.87858E+00    6.71417E+01
 2.94343E+00    7.11828E+01
 2.95400E+00    7.18415E+01
 2.96897E+00    7.27744E+01
 2.97450E+00    7.31190E+01
 2.99861E+00    7.46214E+01
 3.00000E+00    7.47080E+01
 3.03120E+00    7.53043E+01
 3.04785E+00    7.56226E+01
 3.13767E+00    7.73393E+01
 3.15437E+00    7.76585E+01
 3.20000E+00    7.85306E+01
 3.40000E+00    7.60161E+01
 3.60000E+00    6.99484E+01
 3.80000E+00    6.26901E+01
 4.00000E+00    5.53158E+01
 4.20000E+00    4.81588E+01
 4.40000E+00    4.13110E+01
 4.60000E+00    3.48728E+01
 4.80000E+00    2.89900E+01
 5.00000E+00    2.37859E+01
 5.20000E+00    1.93246E+01
 5.40000E+00    1.55723E+01
 5.60000E+00    1.24957E+01
 5.80000E+00    1.00069E+01
 6.00000E+00    8.01073E+00
 6.20000E+00    6.41706E+00
 6.40000E+00    5.14710E+00
 6.60000E+00    4.13304E+00
 6.80000E+00    3.32242E+00
 7.00000E+00    2.67196E+00
 7.20000E+00    2.14830E+00
 7.40000E+00    1.72511E+00
 7.60000E+00    1.38536E+00
 7.80000E+00    1.10967E+00
 8.00000E+00    8.87467E-01
 8.50000E+00    5.05453E-01
 9.00000E+00    2.85603E-01
 9.50000E+00    1.60424E-01
 1.00000E+01    8.98113E-02
 1.05000E+01    5.02036E-02
 1.10000E+01    2.80558E-02
 1.15000E+01    1.56886E-02
 1.20000E+01    8.78827E-03
 1.25000E+01    4.93686E-03
 1.30000E+01    2.78359E-03
 1.35000E+01    1.57610E-03
 1.40000E+01    8.96489E-04
 1.45000E+01    5.12290E-04
 1.50000E+01    2.94086E-04
 1.60000E+01    9.81344E-05
 1.70000E+01    3.31106E-05
 1.80000E+01    1.13602E-05
 1.90000E+01    3.95046E-06
 2.00000E+01    1.39421E-06
 2.10000E+01    5.00190E-07
 2.20000E+01    1.82400E-07
 2.30000E+01    6.75730E-08
 2.40000E+01    2.54060E-08
 2.50000E+01    9.68570E-09
 2.60000E+01    3.73780E-09
 2.70000E+01    1.46370E-09
 2.80000E+01    5.79450E-10
 2.90000E+01    2.32190E-10
 3.00000E+01    9.41870E-11
