# n + Ba133 : (n,n'11)  
# tendl.2019 A.J. Koning and D. Rochman        EVAL-NOV19
# uncertainties: n
# # energies =    86
#   E(MeV)       xs(mb) 
 8.69348E-01    0.00000E+00
 8.90094E-01    1.40495E+01
 8.93868E-01    1.66053E+01
 9.00000E-01    2.07580E+01
 9.08644E-01    2.19378E+01
 9.30969E-01    2.49847E+01
 9.76324E-01    3.11749E+01
 1.00000E+00    3.44062E+01
 1.00305E+00    3.45940E+01
 1.02934E+00    3.62124E+01
 1.07490E+00    3.90170E+01
 1.11963E+00    4.17706E+01
 1.12079E+00    4.18420E+01
 1.20000E+00    4.67181E+01
 1.22099E+00    4.73628E+01
 1.25717E+00    4.84741E+01
 1.28095E+00    4.92045E+01
 1.29370E+00    4.95961E+01
 1.33941E+00    5.10001E+01
 1.35131E+00    5.13656E+01
 1.36303E+00    5.17256E+01
 1.38609E+00    5.24339E+01
 1.40000E+00    5.28611E+01
 1.51290E+00    5.51459E+01
 1.60000E+00    5.69085E+01
 1.80000E+00    5.41835E+01
 2.00000E+00    4.72952E+01
 2.20000E+00    3.94547E+01
 2.40000E+00    3.14474E+01
 2.60000E+00    2.45133E+01
 2.80000E+00    1.88925E+01
 3.00000E+00    1.45185E+01
 3.20000E+00    1.11914E+01
 3.40000E+00    8.68616E+00
 3.60000E+00    6.80306E+00
 3.80000E+00    5.38239E+00
 4.00000E+00    4.30392E+00
 4.20000E+00    3.48100E+00
 4.40000E+00    2.85006E+00
 4.60000E+00    2.36430E+00
 4.80000E+00    1.98871E+00
 5.00000E+00    1.69672E+00
 5.20000E+00    1.46825E+00
 5.40000E+00    1.28833E+00
 5.60000E+00    1.14563E+00
 5.80000E+00    1.03070E+00
 6.00000E+00    9.38372E-01
 6.20000E+00    8.62720E-01
 6.40000E+00    8.00133E-01
 6.60000E+00    7.48757E-01
 6.80000E+00    7.05806E-01
 7.00000E+00    6.70001E-01
 7.20000E+00    6.39771E-01
 7.40000E+00    6.14174E-01
 7.60000E+00    5.92401E-01
 7.80000E+00    5.73692E-01
 8.00000E+00    5.57583E-01
 8.50000E+00    5.25474E-01
 9.00000E+00    5.00948E-01
 9.50000E+00    4.80488E-01
 1.00000E+01    4.62079E-01
 1.05000E+01    4.44765E-01
 1.10000E+01    4.28228E-01
 1.15000E+01    4.12489E-01
 1.20000E+01    3.97693E-01
 1.25000E+01    3.83985E-01
 1.30000E+01    3.71468E-01
 1.35000E+01    3.60132E-01
 1.40000E+01    3.49913E-01
 1.45000E+01    3.40674E-01
 1.50000E+01    3.32234E-01
 1.60000E+01    3.17062E-01
 1.70000E+01    3.03356E-01
 1.80000E+01    2.90704E-01
 1.90000E+01    2.78955E-01
 2.00000E+01    2.67958E-01
 2.10000E+01    2.57676E-01
 2.20000E+01    2.48295E-01
 2.30000E+01    2.40060E-01
 2.40000E+01    2.33105E-01
 2.50000E+01    2.27400E-01
 2.60000E+01    2.22742E-01
 2.70000E+01    2.18807E-01
 2.80000E+01    2.15207E-01
 2.90000E+01    2.11598E-01
 3.00000E+01    2.07783E-01
