# p + Mo  0 : (p,2n)m
# tendl.2019 A.J. Koning                       EVAL-OCT19
# uncertainties: y
# # energies =    40
#   E(MeV)          xs(mb) 
 7.94078E+00    0.00000E+00
 8.00000E+00    2.35821E+00
 9.00000E+00    1.13851E+01
 1.00000E+01    2.49251E+01
 1.10000E+01    5.21533E+01
 1.20000E+01    8.00264E+01
 1.30000E+01    1.12539E+02
 1.40000E+01    1.35116E+02
 1.50000E+01    1.49173E+02
 1.60000E+01    1.55543E+02
 1.70000E+01    1.53626E+02
 1.80000E+01    1.45947E+02
 1.90000E+01    1.35588E+02
 2.00000E+01    1.20596E+02
 2.20000E+01    7.85046E+01
 2.40000E+01    4.52890E+01
 2.60000E+01    2.81281E+01
 2.80000E+01    2.00727E+01
 3.00000E+01    1.60035E+01
 3.00000E+01    1.60035E+01
 3.50000E+01    1.21300E+01
 4.00000E+01    9.76464E+00
 4.50000E+01    8.22002E+00
 5.00000E+01    6.87373E+00
 5.50000E+01    5.80955E+00
 6.00000E+01    5.05849E+00
 6.50000E+01    4.45773E+00
 7.00000E+01    3.91282E+00
 7.50000E+01    3.45811E+00
 8.00000E+01    3.09454E+00
 9.00000E+01    2.47198E+00
 1.00000E+02    1.95410E+00
 1.10000E+02    1.62169E+00
 1.20000E+02    1.35540E+00
 1.30000E+02    1.16536E+00
 1.40000E+02    1.00524E+00
 1.50000E+02    8.91976E-01
 1.60000E+02    7.94952E-01
 1.80000E+02    6.52551E-01
 2.00000E+02    5.45199E-01
