# n + Xe126 : (n,n'10)  
# tendl.2019 A.J. Koning and D. Rochman        EVAL-NOV19
# uncertainties: n
# # energies =    81
#   E(MeV)       xs(mb) 
 1.88216E+00    0.00000E+00
 1.91838E+00    7.35964E-02
 1.96983E+00    1.78139E-01
 2.00000E+00    2.39442E-01
 2.02091E+00    3.42527E-01
 2.05845E+00    5.27597E-01
 2.08054E+00    6.36499E-01
 2.10301E+00    7.47275E-01
 2.20000E+00    1.22543E+00
 2.20547E+00    1.27374E+00
 2.23205E+00    1.50852E+00
 2.23972E+00    1.57626E+00
 2.24651E+00    1.63624E+00
 2.27688E+00    1.90448E+00
 2.28061E+00    1.93743E+00
 2.32000E+00    2.28535E+00
 2.32308E+00    2.31255E+00
 2.32864E+00    2.36166E+00
 2.33344E+00    2.40406E+00
 2.34014E+00    2.46324E+00
 2.36604E+00    2.69200E+00
 2.36940E+00    2.72168E+00
 2.37749E+00    2.79314E+00
 2.40000E+00    2.99196E+00
 2.60000E+00    5.00875E+00
 2.80000E+00    6.88382E+00
 3.00000E+00    8.16819E+00
 3.20000E+00    8.65822E+00
 3.40000E+00    8.42042E+00
 3.60000E+00    7.68031E+00
 3.80000E+00    6.69627E+00
 4.00000E+00    5.67303E+00
 4.20000E+00    4.73165E+00
 4.40000E+00    3.92593E+00
 4.60000E+00    3.26480E+00
 4.80000E+00    2.73403E+00
 5.00000E+00    2.31198E+00
 5.20000E+00    1.97738E+00
 5.40000E+00    1.71197E+00
 5.60000E+00    1.50119E+00
 5.80000E+00    1.33343E+00
 6.00000E+00    1.19943E+00
 6.20000E+00    1.09180E+00
 6.40000E+00    1.00418E+00
 6.60000E+00    9.32858E-01
 6.80000E+00    8.74289E-01
 7.00000E+00    8.25448E-01
 7.20000E+00    7.84243E-01
 7.40000E+00    7.49296E-01
 7.60000E+00    7.19311E-01
 7.80000E+00    6.93508E-01
 8.00000E+00    6.71182E-01
 8.50000E+00    6.27484E-01
 9.00000E+00    5.96735E-01
 9.50000E+00    5.74880E-01
 1.00000E+01    5.58834E-01
 1.05000E+01    5.46213E-01
 1.10000E+01    5.35312E-01
 1.15000E+01    5.25083E-01
 1.20000E+01    5.15019E-01
 1.25000E+01    5.04981E-01
 1.30000E+01    4.95038E-01
 1.35000E+01    4.85345E-01
 1.40000E+01    4.76061E-01
 1.45000E+01    4.67308E-01
 1.50000E+01    4.59160E-01
 1.60000E+01    4.44711E-01
 1.70000E+01    4.32398E-01
 1.80000E+01    4.21643E-01
 1.90000E+01    4.11975E-01
 2.00000E+01    4.03072E-01
 2.10000E+01    3.94574E-01
 2.20000E+01    3.86100E-01
 2.30000E+01    3.77485E-01
 2.40000E+01    3.68895E-01
 2.50000E+01    3.60711E-01
 2.60000E+01    3.53285E-01
 2.70000E+01    3.46785E-01
 2.80000E+01    3.41140E-01
 2.90000E+01    3.36079E-01
 3.00000E+01    3.31233E-01
