# n + Cm244 : (n,n'04)  
# endfb8.0   O.Iwamoto,T.Nakagawa,T.Ohsawa+    EVAL-JAN10
# uncertainties: y
# # energies =    54
#   E(MeV)       xs(mb)       xslow(mb)      xsupp(mb)
 5.03860E-01    0.00000E+00   -0.00000E+00    0.00000E+00
 6.00000E-01    3.85804E-05    0.00000E+00    7.83188E-05
 7.00000E-01    5.14651E-04    0.00000E+00    1.04475E-03
 8.00000E-01    4.82007E-03    1.37844E-03    8.26170E-03
 9.00000E-01    1.74531E-02    4.99122E-03    2.99150E-02
 9.74009E-01    2.55264E-02    7.30002E-03    4.37528E-02
 9.88984E-01    2.70058E-02    7.72309E-03    4.62885E-02
 1.00000E+00    3.13674E-02    8.46649E-03    5.42683E-02
 1.02498E+00    4.49921E-02    1.21440E-02    7.78402E-02
 1.04229E+00    5.32131E-02    1.43629E-02    9.20633E-02
 1.04449E+00    5.42521E-02    1.46434E-02    9.38608E-02
 1.08866E+00    7.43663E-02    2.00725E-02    1.28660E-01
 1.11048E+00    8.54544E-02    2.30653E-02    1.47843E-01
 1.30000E+00    2.63064E-01    9.68007E-02    4.29327E-01
 1.60000E+00    6.59062E-01    3.23511E-01    9.94614E-01
 1.80000E+00    1.05392E+00    5.17333E-01    1.59051E+00
 2.00000E+00    1.46974E+00    7.62755E-01    2.17673E+00
 2.30000E+00    2.11893E+00    1.09967E+00    3.13819E+00
 2.50000E+00    2.56989E+00    9.84176E-01    4.15560E+00
 2.70000E+00    2.95344E+00    1.13106E+00    4.77582E+00
 3.00000E+00    3.48228E+00    1.05849E+00    5.90607E+00
 3.50000E+00    3.55549E+00    1.04848E+00    6.06250E+00
 4.00000E+00    3.73283E+00    1.06747E+00    6.39819E+00
 4.50000E+00    3.57688E+00    1.02287E+00    6.13088E+00
 5.00000E+00    3.45211E+00    1.03538E+00    5.86884E+00
 5.50000E+00    3.37942E+00    1.01358E+00    5.74526E+00
 6.00000E+00    3.34281E+00    8.95699E-01    5.78992E+00
 6.50000E+00    3.14927E+00    8.43840E-01    5.45470E+00
 7.00000E+00    2.92713E+00    7.60751E-01    5.09351E+00
 7.50000E+00    2.64162E+00    6.86548E-01    4.59669E+00
 8.00000E+00    2.42087E+00    7.38222E-01    4.10352E+00
 8.50000E+00    2.18052E+00    6.64930E-01    3.69611E+00
 9.00000E+00    1.89099E+00    5.55918E-01    3.22606E+00
 9.50000E+00    1.72767E+00    5.07905E-01    2.94743E+00
 1.00000E+01    1.56436E+00    4.39554E-01    2.68917E+00
 1.05000E+01    1.47797E+00    4.15280E-01    2.54066E+00
 1.10000E+01    1.39305E+00    3.91420E-01    2.39468E+00
 1.15000E+01    1.30647E+00    3.67092E-01    2.24585E+00
 1.20000E+01    1.20300E+00    3.89708E-01    2.01629E+00
 1.25000E+01    1.10385E+00    3.57589E-01    1.85011E+00
 1.30000E+01    9.95464E-01    3.22477E-01    1.66845E+00
 1.35000E+01    9.00683E-01    2.91773E-01    1.50959E+00
 1.40000E+01    7.94600E-01    2.17682E-01    1.37152E+00
 1.45000E+01    7.38445E-01    2.02298E-01    1.27459E+00
 1.50000E+01    6.82291E-01    1.93726E-01    1.17086E+00
 1.55000E+01    6.36599E-01    1.80753E-01    1.09245E+00
 1.60000E+01    5.98272E-01    1.81247E-01    1.01530E+00
 1.65000E+01    5.86609E-01    1.77714E-01    9.95504E-01
 1.70000E+01    5.69145E-01    1.72423E-01    9.65867E-01
 1.75000E+01    5.52137E-01    1.67270E-01    9.37004E-01
 1.80000E+01    5.30955E-01    2.25647E-01    8.36263E-01
 1.85000E+01    5.11442E-01    2.17354E-01    8.05530E-01
 1.95000E+01    4.69551E-01    1.99551E-01    7.39551E-01
 2.00000E+01    4.48117E-01    1.90442E-01    7.05792E-01
