# n + Cm244 : (n,tot)   
# endfb8.0   O.Iwamoto,T.Nakagawa,T.Ohsawa+    EVAL-JAN10
# uncertainties: y
# # energies =   616
#   E(MeV)       xs(mb)       xslow(mb)      xsupp(mb)
 1.00000E-11    8.53705E+05    8.53705E+05    8.53705E+05
 1.04713E-11    8.34342E+05    8.34342E+05    8.34342E+05
 1.09648E-11    8.15409E+05    8.15409E+05    8.15409E+05
 1.14815E-11    7.96927E+05    7.96927E+05    7.96927E+05
 1.20226E-11    7.78845E+05    7.78845E+05    7.78845E+05
 1.25893E-11    7.61200E+05    7.61200E+05    7.61200E+05
 1.31826E-11    7.43935E+05    7.43935E+05    7.43935E+05
 1.38038E-11    7.27086E+05    7.27086E+05    7.27086E+05
 1.44544E-11    7.10604E+05    7.10604E+05    7.10604E+05
 1.51356E-11    6.94512E+05    6.94512E+05    6.94512E+05
 1.58489E-11    6.78781E+05    6.78781E+05    6.78781E+05
 1.65959E-11    6.63410E+05    6.63410E+05    6.63410E+05
 1.73780E-11    6.48397E+05    6.48397E+05    6.48397E+05
 1.81970E-11    6.33715E+05    6.33715E+05    6.33715E+05
 1.90546E-11    6.19386E+05    6.19386E+05    6.19386E+05
 1.99526E-11    6.05367E+05    6.05367E+05    6.05367E+05
 2.08930E-11    5.91687E+05    5.91687E+05    5.91687E+05
 2.18776E-11    5.78303E+05    5.78303E+05    5.78303E+05
 2.29087E-11    5.65241E+05    5.65241E+05    5.65241E+05
 2.39883E-11    5.52467E+05    5.52467E+05    5.52467E+05
 2.51189E-11    5.39992E+05    5.39992E+05    5.39992E+05
 2.63027E-11    5.27802E+05    5.27802E+05    5.27802E+05
 2.75423E-11    5.15887E+05    5.15887E+05    5.15887E+05
 2.88403E-11    5.04255E+05    5.04255E+05    5.04255E+05
 3.01995E-11    4.92877E+05    4.92877E+05    4.92877E+05
 3.16228E-11    4.81775E+05    4.81775E+05    4.81775E+05
 3.31131E-11    4.70913E+05    4.70913E+05    4.70913E+05
 3.46737E-11    4.60315E+05    4.60315E+05    4.60315E+05
 3.63078E-11    4.49948E+05    4.49948E+05    4.49948E+05
 3.80189E-11    4.39829E+05    4.39829E+05    4.39829E+05
 3.98107E-11    4.29936E+05    4.29936E+05    4.29936E+05
 4.16869E-11    4.20274E+05    4.20274E+05    4.20274E+05
 4.36516E-11    4.10835E+05    4.10835E+05    4.10835E+05
 4.57088E-11    4.01608E+05    4.01608E+05    4.01608E+05
 4.78630E-11    3.92602E+05    3.92602E+05    3.92602E+05
 5.01187E-11    3.83794E+05    3.83794E+05    3.83794E+05
 5.24807E-11    3.75200E+05    3.75200E+05    3.75200E+05
 5.49541E-11    3.66792E+05    3.66792E+05    3.66792E+05
 5.75440E-11    3.58590E+05    3.58590E+05    3.58590E+05
 6.02560E-11    3.50567E+05    3.50567E+05    3.50567E+05
 6.30957E-11    3.42737E+05    3.42737E+05    3.42737E+05
 6.60693E-11    3.35084E+05    3.35084E+05    3.35084E+05
 6.91831E-11    3.27608E+05    3.27608E+05    3.27608E+05
 7.24436E-11    3.20308E+05    3.20308E+05    3.20308E+05
 7.58578E-11    3.13171E+05    3.13171E+05    3.13171E+05
 7.94328E-11    3.06207E+05    3.06207E+05    3.06207E+05
 8.31764E-11    2.99395E+05    2.99395E+05    2.99395E+05
 8.70964E-11    2.92751E+05    2.92751E+05    2.92751E+05
 9.12011E-11    2.86251E+05    2.86251E+05    2.86251E+05
 9.54993E-11    2.79910E+05    2.79910E+05    2.79910E+05
 1.00000E-10    2.73711E+05    2.73711E+05    2.73711E+05
 1.04713E-10    2.67659E+05    2.67659E+05    2.67659E+05
 1.09648E-10    2.61746E+05    2.61746E+05    2.61746E+05
 1.14815E-10    2.55969E+05    2.55969E+05    2.55969E+05
 1.20226E-10    2.50330E+05    2.50330E+05    2.50330E+05
 1.25893E-10    2.44817E+05    2.44817E+05    2.44817E+05
 1.31826E-10    2.39439E+05    2.39439E+05    2.39439E+05
 1.38038E-10    2.34178E+05    2.34178E+05    2.34178E+05
 1.44544E-10    2.29047E+05    2.29047E+05    2.29047E+05
 1.51356E-10    2.24030E+05    2.24030E+05    2.24030E+05
 1.58489E-10    2.19134E+05    2.19134E+05    2.19134E+05
 1.65959E-10    2.14349E+05    2.14349E+05    2.14349E+05
 1.73780E-10    2.09677E+05    2.09677E+05    2.09677E+05
 1.81970E-10    2.05114E+05    2.05114E+05    2.05114E+05
 1.90546E-10    2.00655E+05    2.00655E+05    2.00655E+05
 1.99526E-10    1.96304E+05    1.96304E+05    1.96304E+05
 2.08930E-10    1.92050E+05    1.92050E+05    1.92050E+05
 2.18776E-10    1.87901E+05    1.87901E+05    1.87901E+05
 2.29087E-10    1.83842E+05    1.83842E+05    1.83842E+05
 2.39883E-10    1.79884E+05    1.79884E+05    1.79884E+05
 2.51189E-10    1.76013E+05    1.76013E+05    1.76013E+05
 2.63027E-10    1.72236E+05    1.72236E+05    1.72236E+05
 2.75423E-10    1.68545E+05    1.68545E+05    1.68545E+05
 2.88403E-10    1.64941E+05    1.64941E+05    1.64941E+05
 3.01995E-10    1.61422E+05    1.61422E+05    1.61422E+05
 3.16228E-10    1.57982E+05    1.57982E+05    1.57982E+05
 3.31131E-10    1.54626E+05    1.54626E+05    1.54626E+05
 3.46737E-10    1.51344E+05    1.51344E+05    1.51344E+05
 3.63078E-10    1.48143E+05    1.48143E+05    1.48143E+05
 3.80189E-10    1.45013E+05    1.45013E+05    1.45013E+05
 3.98107E-10    1.41960E+05    1.41960E+05    1.41960E+05
 4.16869E-10    1.38975E+05    1.38975E+05    1.38975E+05
 4.36516E-10    1.36058E+05    1.36058E+05    1.36058E+05
 4.57088E-10    1.33213E+05    1.33213E+05    1.33213E+05
 4.78630E-10    1.30431E+05    1.30431E+05    1.30431E+05
 5.01187E-10    1.27714E+05    1.27714E+05    1.27714E+05
 5.24807E-10    1.25062E+05    1.25062E+05    1.25062E+05
 5.49541E-10    1.22469E+05    1.22469E+05    1.22469E+05
 5.75440E-10    1.19938E+05    1.19938E+05    1.19938E+05
 6.02560E-10    1.17466E+05    1.17466E+05    1.17466E+05
 6.30957E-10    1.15049E+05    1.15049E+05    1.15049E+05
 6.60693E-10    1.12691E+05    1.12691E+05    1.12691E+05
 6.91831E-10    1.10387E+05    1.10387E+05    1.10387E+05
 7.24436E-10    1.08134E+05    1.08134E+05    1.08134E+05
 7.58578E-10    1.05936E+05    1.05936E+05    1.05936E+05
 7.94328E-10    1.03788E+05    1.03788E+05    1.03788E+05
 8.31764E-10    1.01689E+05    1.01689E+05    1.01689E+05
 8.70964E-10    9.96402E+04    9.96402E+04    9.96402E+04
 9.12011E-10    9.76368E+04    9.76368E+04    9.76368E+04
 9.54993E-10    9.56808E+04    9.56808E+04    9.56808E+04
 1.00000E-09    9.37708E+04    9.37708E+04    9.37708E+04
 1.04713E-09    9.19028E+04    9.19028E+04    9.19028E+04
 1.09648E-09    9.00800E+04    9.00800E+04    9.00800E+04
 1.14815E-09    8.82989E+04    8.82989E+04    8.82989E+04
 1.20226E-09    8.65573E+04    8.65573E+04    8.65573E+04
 1.25892E-09    8.48583E+04    8.48583E+04    8.48583E+04
 1.31826E-09    8.31971E+04    8.31971E+04    8.31971E+04
 1.38038E-09    8.15736E+04    8.15736E+04    8.15736E+04
 1.44544E-09    7.99896E+04    7.99896E+04    7.99896E+04
 1.51356E-09    7.84402E+04    7.84402E+04    7.84402E+04
 1.58489E-09    7.69270E+04    7.69270E+04    7.69270E+04
 1.65959E-09    7.54497E+04    7.54497E+04    7.54497E+04
 1.73780E-09    7.40046E+04    7.40046E+04    7.40046E+04
 1.81970E-09    7.25942E+04    7.25942E+04    7.25942E+04
 1.90546E-09    7.12162E+04    7.12162E+04    7.12162E+04
 1.99526E-09    6.98686E+04    6.98686E+04    6.98686E+04
 2.08930E-09    6.85542E+04    6.85542E+04    6.85542E+04
 2.18776E-09    6.72690E+04    6.72690E+04    6.72690E+04
 2.29087E-09    6.60125E+04    6.60125E+04    6.60125E+04
 2.39883E-09    6.47854E+04    6.47854E+04    6.47854E+04
 2.51189E-09    6.35874E+04    6.35874E+04    6.35874E+04
 2.63027E-09    6.24161E+04    6.24161E+04    6.24161E+04
 2.75423E-09    6.12710E+04    6.12710E+04    6.12710E+04
 2.88403E-09    6.01536E+04    6.01536E+04    6.01536E+04
 3.01995E-09    5.90616E+04    5.90616E+04    5.90616E+04
 3.16228E-09    5.79939E+04    5.79939E+04    5.79939E+04
 3.31131E-09    5.69509E+04    5.69509E+04    5.69509E+04
 3.46737E-09    5.59327E+04    5.59327E+04    5.59327E+04
 3.63078E-09    5.49372E+04    5.49372E+04    5.49372E+04
 3.80189E-09    5.39639E+04    5.39639E+04    5.39639E+04
 3.98107E-09    5.30140E+04    5.30140E+04    5.30140E+04
 4.16869E-09    5.20858E+04    5.20858E+04    5.20858E+04
 4.36516E-09    5.11783E+04    5.11783E+04    5.11783E+04
 4.57088E-09    5.02915E+04    5.02915E+04    5.02915E+04
 4.78630E-09    4.94260E+04    4.94260E+04    4.94260E+04
 5.01187E-09    4.85798E+04    4.85798E+04    4.85798E+04
 5.24807E-09    4.77524E+04    4.77524E+04    4.77524E+04
 5.49541E-09    4.69448E+04    4.69448E+04    4.69448E+04
 5.75440E-09    4.61559E+04    4.61559E+04    4.61559E+04
 6.02560E-09    4.53847E+04    4.53847E+04    4.53847E+04
 6.30957E-09    4.46307E+04    4.46307E+04    4.46307E+04
 6.60693E-09    4.38943E+04    4.38943E+04    4.38943E+04
 6.91831E-09    4.31751E+04    4.31751E+04    4.31751E+04
 7.24436E-09    4.24722E+04    4.24722E+04    4.24722E+04
 7.58578E-09    4.17850E+04    4.17850E+04    4.17850E+04
 7.94328E-09    4.11133E+04    4.11133E+04    4.11133E+04
 8.31764E-09    4.04575E+04    4.04575E+04    4.04575E+04
 8.70964E-09    3.98168E+04    3.98168E+04    3.98168E+04
 9.12011E-09    3.91905E+04    3.91905E+04    3.91905E+04
 9.54993E-09    3.85784E+04    3.85784E+04    3.85784E+04
 1.00000E-08    3.79801E+04    3.79801E+04    3.79801E+04
 1.04713E-08    3.73961E+04    3.73961E+04    3.73961E+04
 1.09648E-08    3.68254E+04    3.68254E+04    3.68254E+04
 1.14815E-08    3.62677E+04    3.62677E+04    3.62677E+04
 1.20226E-08    3.57226E+04    3.57226E+04    3.57226E+04
 1.25893E-08    3.51898E+04    3.51898E+04    3.51898E+04
 1.31826E-08    3.46693E+04    3.46693E+04    3.46693E+04
 1.38038E-08    3.41608E+04    3.41608E+04    3.41608E+04
 1.44544E-08    3.36639E+04    3.36639E+04    3.36639E+04
 1.51356E-08    3.31782E+04    3.31782E+04    3.31782E+04
 1.58489E-08    3.27035E+04    3.27035E+04    3.27035E+04
 1.65959E-08    3.22395E+04    3.22395E+04    3.22395E+04
 1.73780E-08    3.17861E+04    3.17861E+04    3.17861E+04
 1.81970E-08    3.13432E+04    3.13432E+04    3.13432E+04
 1.90546E-08    3.09105E+04    3.09105E+04    3.09105E+04
 1.99526E-08    3.04877E+04    3.04877E+04    3.04877E+04
 2.08930E-08    3.00746E+04    3.00746E+04    3.00746E+04
 2.18776E-08    2.96707E+04    2.96707E+04    2.96707E+04
 2.29087E-08    2.92761E+04    2.92761E+04    2.92761E+04
 2.39883E-08    2.88901E+04    2.88901E+04    2.88901E+04
 2.51189E-08    2.85134E+04    2.85134E+04    2.85134E+04
 2.63027E-08    2.81451E+04    2.81451E+04    2.81451E+04
 2.75423E-08    2.77851E+04    2.77851E+04    2.77851E+04
 2.88403E-08    2.74334E+04    2.74334E+04    2.74334E+04
 3.01995E-08    2.70896E+04    2.70896E+04    2.70896E+04
 3.16228E-08    2.67538E+04    2.67538E+04    2.67538E+04
 3.31131E-08    2.64254E+04    2.64254E+04    2.64254E+04
 3.46737E-08    2.61045E+04    2.61045E+04    2.61045E+04
 3.63078E-08    2.57909E+04    2.57909E+04    2.57909E+04
 3.80189E-08    2.54844E+04    2.54844E+04    2.54844E+04
 3.98107E-08    2.51850E+04    2.51850E+04    2.51850E+04
 4.16869E-08    2.48923E+04    2.48923E+04    2.48923E+04
 4.36516E-08    2.46062E+04    2.46062E+04    2.46062E+04
 4.57088E-08    2.43266E+04    2.43266E+04    2.43266E+04
 4.78630E-08    2.40532E+04    2.40532E+04    2.40532E+04
 5.01187E-08    2.37860E+04    2.37860E+04    2.37860E+04
 5.24807E-08    2.35248E+04    2.35248E+04    2.35248E+04
 5.49541E-08    2.32695E+04    2.32695E+04    2.32695E+04
 5.75440E-08    2.30199E+04    2.30199E+04    2.30199E+04
 6.02560E-08    2.27760E+04    2.27760E+04    2.27760E+04
 6.30957E-08    2.25376E+04    2.25376E+04    2.25376E+04
 6.60693E-08    2.23046E+04    2.23046E+04    2.23046E+04
 6.91831E-08    2.20767E+04    2.20767E+04    2.20767E+04
 7.24436E-08    2.18540E+04    2.18540E+04    2.18540E+04
 7.58578E-08    2.16363E+04    2.16363E+04    2.16363E+04
 7.94328E-08    2.14236E+04    2.14236E+04    2.14236E+04
 8.31764E-08    2.12155E+04    2.12155E+04    2.12155E+04
 8.70964E-08    2.10122E+04    2.10122E+04    2.10122E+04
 9.12011E-08    2.08133E+04    2.08133E+04    2.08133E+04
 9.54993E-08    2.06186E+04    2.06186E+04    2.06186E+04
 1.00000E-07    2.04283E+04    2.04283E+04    2.04283E+04
 1.04713E-07    2.02421E+04    2.02421E+04    2.02421E+04
 1.09648E-07    2.00601E+04    2.00601E+04    2.00601E+04
 1.14815E-07    1.98822E+04    1.98822E+04    1.98822E+04
 1.20226E-07    1.97082E+04    1.97082E+04    1.97082E+04
 1.25893E-07    1.95380E+04    1.95380E+04    1.95380E+04
 1.31826E-07    1.93715E+04    1.93715E+04    1.93715E+04
 1.38038E-07    1.92087E+04    1.92087E+04    1.92087E+04
 1.44544E-07    1.90494E+04    1.90494E+04    1.90494E+04
 1.51356E-07    1.88934E+04    1.88934E+04    1.88934E+04
 1.58489E-07    1.87408E+04    1.87408E+04    1.87408E+04
 1.65959E-07    1.85916E+04    1.85916E+04    1.85916E+04
 1.73780E-07    1.84457E+04    1.84457E+04    1.84457E+04
 1.81970E-07    1.83029E+04    1.83029E+04    1.83029E+04
 1.90546E-07    1.81628E+04    1.81628E+04    1.81628E+04
 1.99526E-07    1.80255E+04    1.80255E+04    1.80255E+04
 2.08930E-07    1.78913E+04    1.78913E+04    1.78913E+04
 2.18776E-07    1.77601E+04    1.77601E+04    1.77601E+04
 2.29087E-07    1.76319E+04    1.76319E+04    1.76319E+04
 2.39883E-07    1.75058E+04    1.75058E+04    1.75058E+04
 2.51189E-07    1.73821E+04    1.73821E+04    1.73821E+04
 2.63027E-07    1.72612E+04    1.72612E+04    1.72612E+04
 2.75423E-07    1.71428E+04    1.71428E+04    1.71428E+04
 2.88403E-07    1.70269E+04    1.70269E+04    1.70269E+04
 3.01995E-07    1.69127E+04    1.69127E+04    1.69127E+04
 3.16228E-07    1.68010E+04    1.68010E+04    1.68010E+04
 3.31131E-07    1.66917E+04    1.66917E+04    1.66917E+04
 3.46737E-07    1.65846E+04    1.65846E+04    1.65846E+04
 3.63078E-07    1.64789E+04    1.64789E+04    1.64789E+04
 3.80189E-07    1.63755E+04    1.63755E+04    1.63755E+04
 3.98107E-07    1.62743E+04    1.62743E+04    1.62743E+04
 4.16869E-07    1.61747E+04    1.61747E+04    1.61747E+04
 4.36516E-07    1.60766E+04    1.60766E+04    1.60766E+04
 4.57088E-07    1.59807E+04    1.59807E+04    1.59807E+04
 4.78630E-07    1.58864E+04    1.58864E+04    1.58864E+04
 5.01187E-07    1.57932E+04    1.57932E+04    1.57932E+04
 5.24807E-07    1.57019E+04    1.57019E+04    1.57019E+04
 5.49541E-07    1.56124E+04    1.56124E+04    1.56124E+04
 5.75440E-07    1.55236E+04    1.55236E+04    1.55236E+04
 6.02560E-07    1.54366E+04    1.54366E+04    1.54366E+04
 6.30957E-07    1.53513E+04    1.53513E+04    1.53513E+04
 6.60693E-07    1.52664E+04    1.52664E+04    1.52664E+04
 6.91831E-07    1.51832E+04    1.51832E+04    1.51832E+04
 7.24436E-07    1.51015E+04    1.51015E+04    1.51015E+04
 7.58578E-07    1.50200E+04    1.50200E+04    1.50200E+04
 7.94328E-07    1.49403E+04    1.49403E+04    1.49403E+04
 8.31764E-07    1.48615E+04    1.48615E+04    1.48615E+04
 8.70964E-07    1.47831E+04    1.47831E+04    1.47831E+04
 9.12011E-07    1.47064E+04    1.47064E+04    1.47064E+04
 9.54993E-07    1.46298E+04    1.46298E+04    1.46298E+04
 1.00000E-06    1.45541E+04    1.45541E+04    1.45541E+04
 1.04713E-06    1.44804E+04    1.44804E+04    1.44804E+04
 1.09648E-06    1.44056E+04    1.44056E+04    1.44056E+04
 1.14815E-06    1.43334E+04    1.43334E+04    1.43334E+04
 1.20226E-06    1.42617E+04    1.42617E+04    1.42617E+04
 1.25893E-06    1.41870E+04    1.41870E+04    1.41870E+04
 1.31826E-06    1.41173E+04    1.41173E+04    1.41173E+04
 1.38038E-06    1.40481E+04    1.40481E+04    1.40481E+04
 1.44544E-06    1.39757E+04    1.39757E+04    1.39757E+04
 1.51356E-06    1.39013E+04    1.39013E+04    1.39013E+04
 1.58489E-06    1.38350E+04    1.38350E+04    1.38350E+04
 1.65959E-06    1.37683E+04    1.37683E+04    1.37683E+04
 1.73780E-06    1.36984E+04    1.36984E+04    1.36984E+04
 1.81970E-06    1.36253E+04    1.36253E+04    1.36253E+04
 1.90546E-06    1.35501E+04    1.35501E+04    1.35501E+04
 1.99526E-06    1.34850E+04    1.34850E+04    1.34850E+04
 2.08930E-06    1.34200E+04    1.34200E+04    1.34200E+04
 2.18776E-06    1.33519E+04    1.33519E+04    1.33519E+04
 2.29087E-06    1.32807E+04    1.32807E+04    1.32807E+04
 2.39883E-06    1.32060E+04    1.32060E+04    1.32060E+04
 2.51189E-06    1.31339E+04    1.31339E+04    1.31339E+04
 2.63027E-06    1.30720E+04    1.30720E+04    1.30720E+04
 2.75423E-06    1.30077E+04    1.30077E+04    1.30077E+04
 2.88403E-06    1.29403E+04    1.29403E+04    1.29403E+04
 3.01995E-06    1.28697E+04    1.28697E+04    1.28697E+04
 3.16228E-06    1.28058E+04    1.28058E+04    1.28058E+04
 3.31131E-06    1.27531E+04    1.27531E+04    1.27531E+04
 3.46737E-06    1.26981E+04    1.26981E+04    1.26981E+04
 3.63078E-06    1.26459E+04    1.26459E+04    1.26459E+04
 3.80189E-06    1.26171E+04    1.26171E+04    1.26171E+04
 3.98107E-06    1.25905E+04    1.25905E+04    1.25905E+04
 4.16869E-06    1.25938E+04    1.25938E+04    1.25938E+04
 4.36516E-06    1.26255E+04    1.26255E+04    1.26255E+04
 4.57088E-06    1.27103E+04    1.27103E+04    1.27103E+04
 4.78630E-06    1.28698E+04    1.28698E+04    1.28698E+04
 5.01187E-06    1.31546E+04    1.31546E+04    1.31546E+04
 5.24807E-06    1.36435E+04    1.36435E+04    1.36435E+04
 5.49541E-06    1.44982E+04    1.44982E+04    1.44982E+04
 5.75440E-06    1.60346E+04    1.60346E+04    1.60346E+04
 6.02560E-06    1.89805E+04    1.89805E+04    1.89805E+04
 6.30957E-06    2.52640E+04    2.52640E+04    2.52640E+04
 6.60693E-06    4.14205E+04    4.14205E+04    4.14205E+04
 6.91831E-06    1.02414E+05    1.02414E+05    1.02414E+05
 7.24436E-06    1.39123E+06    1.39123E+06    1.39123E+06
 7.58578E-06    1.25665E+07    1.25665E+07    1.25665E+07
 7.94328E-06    2.84222E+05    2.84222E+05    2.84222E+05
 8.31764E-06    9.49231E+04    9.49231E+04    9.49231E+04
 8.70964E-06    5.52262E+04    5.52262E+04    5.52262E+04
 9.12011E-06    3.97451E+04    3.97451E+04    3.97451E+04
 9.54993E-06    3.19123E+04    3.19123E+04    3.19123E+04
 1.00000E-05    2.73364E+04    2.73364E+04    2.73364E+04
 1.04713E-05    2.44065E+04    2.44065E+04    2.44065E+04
 1.09648E-05    2.23814E+04    2.23814E+04    2.23814E+04
 1.14815E-05    2.09104E+04    2.09104E+04    2.09104E+04
 1.20226E-05    1.97960E+04    1.97960E+04    1.97960E+04
 1.25893E-05    1.89152E+04    1.89152E+04    1.89152E+04
 1.31826E-05    1.81622E+04    1.81622E+04    1.81622E+04
 1.38038E-05    1.75193E+04    1.75193E+04    1.75193E+04
 1.44544E-05    1.70059E+04    1.70059E+04    1.70059E+04
 1.51356E-05    1.69470E+04    1.69470E+04    1.69470E+04
 1.58489E-05    3.36497E+04    3.36497E+04    3.36497E+04
 1.65959E-05    6.07945E+05    6.07945E+05    6.07945E+05
 1.73780E-05    2.31528E+04    2.31528E+04    2.31528E+04
 1.81970E-05    1.87037E+04    1.87037E+04    1.87037E+04
 1.90546E-05    1.73816E+04    1.73816E+04    1.73816E+04
 1.99526E-05    1.66616E+04    1.66616E+04    1.66616E+04
 2.08930E-05    1.62381E+04    1.62381E+04    1.62381E+04
 2.18776E-05    1.20290E+05    1.20290E+05    1.20290E+05
 2.29087E-05    5.40650E+04    5.40650E+04    5.40650E+04
 2.39883E-05    1.66965E+04    1.66965E+04    1.66965E+04
 2.51189E-05    1.59250E+04    1.59250E+04    1.59250E+04
 2.63027E-05    1.55216E+04    1.55216E+04    1.55216E+04
 2.75423E-05    1.51928E+04    1.51928E+04    1.51928E+04
 2.88403E-05    1.48752E+04    1.48752E+04    1.48752E+04
 3.01995E-05    1.45255E+04    1.45255E+04    1.45255E+04
 3.16228E-05    1.40778E+04    1.40778E+04    1.40778E+04
 3.31131E-05    1.67511E+04    1.67511E+04    1.67511E+04
 3.46737E-05    3.38283E+05    3.38283E+05    3.38283E+05
 3.63078E-05    1.82383E+04    1.82383E+04    1.82383E+04
 3.80189E-05    1.63642E+04    1.63642E+04    1.63642E+04
 3.98107E-05    1.57259E+04    1.57259E+04    1.57259E+04
 4.16869E-05    1.53649E+04    1.53649E+04    1.53649E+04
 4.36516E-05    1.51080E+04    1.51080E+04    1.51080E+04
 4.57088E-05    1.48968E+04    1.48968E+04    1.48968E+04
 4.78630E-05    1.46826E+04    1.46826E+04    1.46826E+04
 5.01187E-05    1.46507E+04    1.46507E+04    1.46507E+04
 5.24807E-05    3.23421E+04    3.23421E+04    3.23421E+04
 5.49541E-05    1.45293E+04    1.45293E+04    1.45293E+04
 5.75440E-05    1.42919E+04    1.42919E+04    1.42919E+04
 6.02560E-05    1.40773E+04    1.40773E+04    1.40773E+04
 6.30957E-05    1.38391E+04    1.38391E+04    1.38391E+04
 6.60693E-05    2.65345E+04    2.65345E+04    2.65345E+04
 6.91831E-05    1.37458E+04    1.37458E+04    1.37458E+04
 7.24436E-05    1.32050E+04    1.32050E+04    1.32050E+04
 7.58578E-05    1.25627E+04    1.25627E+04    1.25627E+04
 7.94328E-05    1.12119E+04    1.12119E+04    1.12119E+04
 8.31764E-05    3.03167E+05    3.03167E+05    3.03167E+05
 8.70964E-05    2.16142E+04    2.16142E+04    2.16142E+04
 9.12011E-05    1.51439E+04    1.51439E+04    1.51439E+04
 9.54993E-05    8.71512E+04    8.71512E+04    8.71512E+04
 1.00000E-04    1.58942E+04    1.58942E+04    1.58942E+04
 1.04713E-04    1.51037E+04    1.51037E+04    1.51037E+04
 1.09648E-04    1.46353E+04    1.46353E+04    1.46353E+04
 1.14815E-04    1.41967E+04    1.41967E+04    1.41967E+04
 1.20226E-04    1.36629E+04    1.36629E+04    1.36629E+04
 1.25893E-04    1.21755E+04    1.21755E+04    1.21755E+04
 1.31826E-04    9.37231E+04    9.37231E+04    9.37231E+04
 1.38038E-04    2.68115E+04    2.68115E+04    2.68115E+04
 1.44544E-04    1.44377E+04    1.44377E+04    1.44377E+04
 1.51356E-04    1.38778E+04    1.38778E+04    1.38778E+04
 1.58489E-04    1.33283E+04    1.33283E+04    1.33283E+04
 1.65959E-04    2.27902E+04    2.27902E+04    2.27902E+04
 1.73780E-04    3.68797E+04    3.68797E+04    3.68797E+04
 1.81970E-04    1.46449E+04    1.46449E+04    1.46449E+04
 1.90546E-04    1.08976E+05    1.08976E+05    1.08976E+05
 1.99526E-04    1.27437E+04    1.27437E+04    1.27437E+04
 2.08930E-04    9.85865E+04    9.85865E+04    9.85865E+04
 2.18776E-04    1.16304E+05    1.16304E+05    1.16304E+05
 2.29087E-04    7.54139E+04    7.54139E+04    7.54139E+04
 2.39883E-04    1.87897E+04    1.87897E+04    1.87897E+04
 2.51189E-04    1.50197E+04    1.50197E+04    1.50197E+04
 2.63027E-04    4.62565E+04    4.62565E+04    4.62565E+04
 2.75423E-04    1.61903E+04    1.61903E+04    1.61903E+04
 2.88403E-04    1.45518E+04    1.45518E+04    1.45518E+04
 3.01995E-04    1.35102E+04    1.35102E+04    1.35102E+04
 3.16228E-04    2.31313E+04    2.31313E+04    2.31313E+04
 3.31131E-04    3.06156E+04    3.06156E+04    3.06156E+04
 3.46737E-04    1.08009E+05    1.08009E+05    1.08009E+05
 3.63078E-04    2.42945E+04    2.42945E+04    2.42945E+04
 3.80189E-04    4.10238E+04    4.10238E+04    4.10238E+04
 3.98107E-04    2.35937E+04    2.35937E+04    2.35937E+04
 4.16869E-04    6.84037E+04    6.84037E+04    6.84037E+04
 4.36516E-04    5.38953E+04    5.38953E+04    5.38953E+04
 4.57088E-04    8.06849E+04    8.06849E+04    8.06849E+04
 4.78630E-04    4.19240E+04    4.19240E+04    4.19240E+04
 5.01187E-04    9.37672E+04    9.37672E+04    9.37672E+04
 5.24807E-04    2.02203E+04    2.02203E+04    2.02203E+04
 5.49541E-04    1.71223E+04    1.71223E+04    1.71223E+04
 5.75440E-04    1.95205E+04    1.95205E+04    1.95205E+04
 6.02560E-04    2.92374E+04    2.92374E+04    2.92374E+04
 6.30957E-04    7.69061E+04    7.69061E+04    7.69061E+04
 6.60693E-04    2.00810E+04    2.00810E+04    2.00810E+04
 6.91831E-04    3.48883E+04    3.48883E+04    3.48883E+04
 7.24436E-04    2.48638E+04    2.48638E+04    2.48638E+04
 7.58578E-04    6.21055E+04    6.21055E+04    6.21055E+04
 7.94328E-04    2.41324E+04    2.41324E+04    2.41324E+04
 8.31764E-04    2.23905E+04    2.23905E+04    2.23905E+04
 8.70964E-04    3.83129E+04    3.83129E+04    3.83129E+04
 9.12011E-04    4.72064E+04    4.72064E+04    4.72064E+04
 9.54993E-04    3.85971E+04    3.85971E+04    3.85971E+04
 1.00000E-03    2.38564E+04    1.60791E+04    3.16337E+04
 1.04713E-03    2.35859E+04    1.58968E+04    3.12751E+04
 1.09648E-03    2.33186E+04    1.57166E+04    3.09206E+04
 1.14815E-03    2.30543E+04    1.55384E+04    3.05701E+04
 1.20226E-03    2.27928E+04    1.53622E+04    3.02234E+04
 1.25893E-03    2.25345E+04    1.51881E+04    2.98809E+04
 1.31826E-03    2.22793E+04    1.50161E+04    2.95425E+04
 1.38038E-03    2.20275E+04    1.48464E+04    2.92086E+04
 1.44544E-03    2.17776E+04    1.46780E+04    2.88772E+04
 1.51356E-03    2.15305E+04    1.45114E+04    2.85496E+04
 1.58489E-03    2.12864E+04    1.43469E+04    2.82259E+04
 1.65959E-03    2.10460E+04    1.41849E+04    2.79071E+04
 1.73780E-03    2.08069E+04    1.40237E+04    2.75901E+04
 1.81970E-03    2.05713E+04    1.38649E+04    2.72777E+04
 1.90546E-03    2.03382E+04    1.37078E+04    2.69686E+04
 1.99526E-03    2.01236E+04    1.35632E+04    2.66840E+04
 2.08930E-03    1.99294E+04    1.49270E+04    2.49319E+04
 2.18776E-03    1.97373E+04    1.47830E+04    2.46915E+04
 2.29087E-03    1.95471E+04    1.46406E+04    2.44536E+04
 2.39883E-03    1.93593E+04    1.45000E+04    2.42187E+04
 2.51189E-03    1.91729E+04    1.43603E+04    2.39854E+04
 2.63027E-03    1.89878E+04    1.42217E+04    2.37539E+04
 2.75423E-03    1.88053E+04    1.40850E+04    2.35257E+04
 2.88403E-03    1.86245E+04    1.39496E+04    2.32994E+04
 3.01995E-03    1.84616E+04    1.38276E+04    2.30956E+04
 3.16228E-03    1.83102E+04    1.37142E+04    2.29063E+04
 3.31131E-03    1.81594E+04    1.36012E+04    2.27176E+04
 3.46737E-03    1.80097E+04    1.34891E+04    2.25303E+04
 3.63078E-03    1.78614E+04    1.33780E+04    2.23447E+04
 3.80189E-03    1.77145E+04    1.32680E+04    2.21610E+04
 3.98107E-03    1.75694E+04    1.31594E+04    2.19795E+04
 4.16869E-03    1.74243E+04    1.30506E+04    2.17979E+04
 4.36516E-03    1.72807E+04    1.29431E+04    2.16183E+04
 4.57088E-03    1.71389E+04    1.28369E+04    2.14410E+04
 4.78630E-03    1.69980E+04    1.27313E+04    2.12646E+04
 5.01187E-03    1.68693E+04    1.41193E+04    1.96193E+04
 5.24807E-03    1.67515E+04    1.40208E+04    1.94823E+04
 5.49541E-03    1.66353E+04    1.39235E+04    1.93471E+04
 5.75440E-03    1.65185E+04    1.38257E+04    1.92112E+04
 6.02560E-03    1.64028E+04    1.37289E+04    1.90767E+04
 6.30957E-03    1.62888E+04    1.36334E+04    1.89441E+04
 6.60693E-03    1.61749E+04    1.35381E+04    1.88117E+04
 6.91831E-03    1.60659E+04    1.34469E+04    1.86849E+04
 7.24436E-03    1.59682E+04    1.33651E+04    1.85713E+04
 7.58578E-03    1.58724E+04    1.32849E+04    1.84599E+04
 7.94328E-03    1.57762E+04    1.32045E+04    1.83480E+04
 8.31764E-03    1.56808E+04    1.36890E+04    1.76726E+04
 8.70964E-03    1.55860E+04    1.36063E+04    1.75658E+04
 9.12011E-03    1.54921E+04    1.35242E+04    1.74599E+04
 9.54993E-03    1.53986E+04    1.34426E+04    1.73546E+04
 1.00000E-02    1.53146E+04    1.36297E+04    1.69994E+04
 1.04713E-02    1.52417E+04    1.35648E+04    1.69185E+04
 1.09648E-02    1.51679E+04    1.34991E+04    1.68366E+04
 1.14815E-02    1.50951E+04    1.34343E+04    1.67558E+04
 1.20226E-02    1.50219E+04    1.33693E+04    1.66746E+04
 1.25893E-02    1.49495E+04    1.33048E+04    1.65942E+04
 1.31826E-02    1.48775E+04    1.32407E+04    1.65143E+04
 1.38038E-02    1.48058E+04    1.31769E+04    1.64346E+04
 1.44544E-02    1.47344E+04    1.31134E+04    1.63555E+04
 1.51356E-02    1.46642E+04    1.30508E+04    1.62775E+04
 1.58489E-02    1.45930E+04    1.29875E+04    1.61985E+04
 1.65959E-02    1.45228E+04    1.29250E+04    1.61205E+04
 1.73780E-02    1.44536E+04    1.28634E+04    1.60437E+04
 1.81970E-02    1.43834E+04    1.28010E+04    1.59659E+04
 1.90546E-02    1.43145E+04    1.27397E+04    1.58894E+04
 1.99526E-02    1.42509E+04    1.26830E+04    1.58187E+04
 2.08930E-02    1.41960E+04    1.31196E+04    1.52723E+04
 2.18776E-02    1.41412E+04    1.30690E+04    1.52134E+04
 2.29087E-02    1.40859E+04    1.30178E+04    1.51539E+04
 2.39883E-02    1.40311E+04    1.29672E+04    1.50949E+04
 2.51189E-02    1.39766E+04    1.29169E+04    1.50364E+04
 2.63027E-02    1.39229E+04    1.28672E+04    1.49785E+04
 2.75423E-02    1.38686E+04    1.28170E+04    1.49201E+04
 2.88403E-02    1.38149E+04    1.27675E+04    1.48624E+04
 3.01995E-02    1.37668E+04    1.28677E+04    1.46659E+04
 3.16228E-02    1.37213E+04    1.28251E+04    1.46174E+04
 3.31131E-02    1.36761E+04    1.27829E+04    1.45693E+04
 3.46737E-02    1.36308E+04    1.27406E+04    1.45211E+04
 3.63078E-02    1.35861E+04    1.26988E+04    1.44734E+04
 3.80189E-02    1.35417E+04    1.26573E+04    1.44261E+04
 3.98107E-02    1.34970E+04    1.26156E+04    1.43785E+04
 4.16869E-02    1.34522E+04    1.26259E+04    1.42784E+04
 4.36516E-02    1.33984E+04    1.25754E+04    1.42213E+04
 4.57088E-02    1.33403E+04    1.25209E+04    1.41597E+04
 4.78630E-02    1.32830E+04    1.24671E+04    1.40988E+04
 5.01187E-02    1.32298E+04    1.24172E+04    1.40424E+04
 5.24807E-02    1.31797E+04    1.23702E+04    1.39892E+04
 5.49541E-02    1.31304E+04    1.23239E+04    1.39369E+04
 5.75440E-02    1.30805E+04    1.22771E+04    1.38839E+04
 6.02560E-02    1.30317E+04    1.22664E+04    1.37970E+04
 6.30957E-02    1.29821E+04    1.22197E+04    1.37445E+04
 6.60693E-02    1.29336E+04    1.21741E+04    1.36931E+04
 6.91831E-02    1.28820E+04    1.21255E+04    1.36385E+04
 7.24436E-02    1.28260E+04    1.20727E+04    1.35792E+04
 7.58578E-02    1.27697E+04    1.20198E+04    1.35196E+04
 7.94328E-02    1.27139E+04    1.19673E+04    1.34605E+04
 8.31764E-02    1.26578E+04    1.19247E+04    1.33908E+04
 8.70964E-02    1.26025E+04    1.18727E+04    1.33323E+04
 9.12011E-02    1.25471E+04    1.18205E+04    1.32738E+04
 9.54993E-02    1.24923E+04    1.17688E+04    1.32157E+04
 1.00000E-01    1.24376E+04    1.17248E+04    1.31504E+04
 1.04713E-01    1.23828E+04    1.16732E+04    1.30924E+04
 1.09648E-01    1.23254E+04    1.16191E+04    1.30318E+04
 1.14815E-01    1.22653E+04    1.15624E+04    1.29682E+04
 1.20226E-01    1.22024E+04    1.15031E+04    1.29017E+04
 1.25893E-01    1.21366E+04    1.14410E+04    1.28321E+04
 1.31826E-01    1.20676E+04    1.13760E+04    1.27591E+04
 1.38038E-01    1.19953E+04    1.13079E+04    1.26828E+04
 1.44544E-01    1.19197E+04    1.12366E+04    1.26028E+04
 1.51356E-01    1.18405E+04    1.11619E+04    1.25191E+04
 1.58489E-01    1.17576E+04    1.10838E+04    1.24314E+04
 1.65959E-01    1.16707E+04    1.10019E+04    1.23395E+04
 1.73780E-01    1.15798E+04    1.09162E+04    1.22434E+04
 1.81970E-01    1.14846E+04    1.08264E+04    1.21427E+04
 1.90546E-01    1.13848E+04    1.07324E+04    1.20373E+04
 1.99526E-01    1.12804E+04    1.06340E+04    1.19269E+04
 2.08930E-01    1.11766E+04    1.06198E+04    1.17334E+04
 2.18776E-01    1.10769E+04    1.05250E+04    1.16288E+04
 2.29087E-01    1.09726E+04    1.04259E+04    1.15193E+04
 2.39883E-01    1.08638E+04    1.03225E+04    1.14050E+04
 2.51189E-01    1.07639E+04    1.02276E+04    1.13002E+04
 2.63027E-01    1.06667E+04    1.01353E+04    1.11981E+04
 2.75423E-01    1.05649E+04    1.00385E+04    1.10913E+04
 2.88403E-01    1.04583E+04    9.93725E+03    1.09794E+04
 3.01995E-01    1.03467E+04    9.86547E+03    1.08279E+04
 3.16228E-01    1.02324E+04    9.75647E+03    1.07083E+04
 3.31131E-01    1.01267E+04    9.65577E+03    1.05977E+04
 3.46737E-01    1.00183E+04    9.55235E+03    1.04842E+04
 3.63078E-01    9.90472E+03    9.44407E+03    1.03654E+04
 3.80189E-01    9.78981E+03    9.33450E+03    1.02451E+04
 3.98107E-01    9.67017E+03    9.22043E+03    1.01199E+04
 4.16869E-01    9.53372E+03    9.06171E+03    1.00057E+04
 4.36516E-01    9.38956E+03    8.92469E+03    9.85444E+03
 4.57088E-01    9.24498E+03    8.78726E+03    9.70269E+03
 4.78630E-01    9.11133E+03    8.66023E+03    9.56243E+03
 5.01187E-01    8.98075E+03    8.53612E+03    9.42539E+03
 5.24807E-01    8.86604E+03    8.42709E+03    9.30500E+03
 5.49541E-01    8.74709E+03    8.31402E+03    9.18015E+03
 5.75440E-01    8.62332E+03    8.19638E+03    9.05026E+03
 6.02560E-01    8.49578E+03    7.96809E+03    9.02347E+03
 6.30957E-01    8.36233E+03    7.84292E+03    8.88173E+03
 6.60693E-01    8.22258E+03    7.71186E+03    8.73331E+03
 6.91831E-01    8.09859E+03    7.59557E+03    8.60161E+03
 7.24436E-01    8.01112E+03    7.51353E+03    8.50870E+03
 7.58578E-01    7.92423E+03    7.43204E+03    8.41641E+03
 7.94328E-01    7.83324E+03    7.34670E+03    8.31978E+03
 8.31764E-01    7.73797E+03    7.19697E+03    8.27896E+03
 8.70964E-01    7.63820E+03    7.10418E+03    8.17222E+03
 9.12011E-01    7.53374E+03    7.00702E+03    8.06046E+03
 9.54993E-01    7.42435E+03    6.90528E+03    7.94342E+03
 1.00000E+00    7.34157E+03    6.77837E+03    7.90478E+03
 1.04713E+00    7.28715E+03    6.72812E+03    7.84618E+03
 1.09648E+00    7.23974E+03    6.68435E+03    7.79514E+03
 1.14815E+00    7.21605E+03    6.66247E+03    7.76962E+03
 1.20226E+00    7.19266E+03    6.64235E+03    7.74297E+03
 1.25893E+00    7.16968E+03    6.62113E+03    7.71823E+03
 1.31826E+00    7.16921E+03    6.62070E+03    7.71773E+03
 1.38038E+00    7.17692E+03    6.62781E+03    7.72602E+03
 1.44544E+00    7.18499E+03    6.63526E+03    7.73471E+03
 1.51356E+00    7.19344E+03    6.72363E+03    7.66324E+03
 1.58489E+00    7.20826E+03    6.73748E+03    7.67903E+03
 1.65959E+00    7.24531E+03    6.77212E+03    7.71850E+03
 1.73780E+00    7.28603E+03    6.81018E+03    7.76189E+03
 1.81970E+00    7.32879E+03    6.85015E+03    7.80744E+03
 1.90546E+00    7.37709E+03    6.89529E+03    7.85889E+03
 1.99526E+00    7.42936E+03    6.94414E+03    7.91457E+03
 2.08930E+00    7.48409E+03    7.09933E+03    7.86884E+03
 2.18776E+00    7.54140E+03    7.15370E+03    7.92909E+03
 2.29087E+00    7.60141E+03    7.21062E+03    7.99219E+03
 2.39883E+00    7.66416E+03    7.27015E+03    8.05817E+03
 2.51189E+00    7.72003E+03    7.37335E+03    8.06670E+03
 2.63027E+00    7.77174E+03    7.42275E+03    8.12074E+03
 2.75423E+00    7.82590E+03    7.47447E+03    8.17733E+03
 2.88403E+00    7.87996E+03    7.52610E+03    8.23382E+03
 3.01995E+00    7.90377E+03    7.55828E+03    8.24925E+03
 3.16228E+00    7.91863E+03    7.57250E+03    8.26477E+03
 3.31131E+00    7.93090E+03    7.58423E+03    8.27758E+03
 3.46737E+00    7.94267E+03    7.59548E+03    8.28985E+03
 3.63078E+00    7.95498E+03    7.62551E+03    8.28446E+03
 3.80189E+00    7.96788E+03    7.63788E+03    8.29789E+03
 3.98107E+00    7.95287E+03    7.62349E+03    8.28226E+03
 4.16869E+00    7.89452E+03    7.58101E+03    8.20804E+03
 4.36516E+00    7.83303E+03    7.52196E+03    8.14411E+03
 4.57088E+00    7.76865E+03    7.46013E+03    8.07717E+03
 4.78630E+00    7.70123E+03    7.39538E+03    8.00707E+03
 5.01187E+00    7.61836E+03    7.33942E+03    7.89729E+03
 5.24807E+00    7.51335E+03    7.23827E+03    7.78844E+03
 5.49541E+00    7.40325E+03    7.13219E+03    7.67430E+03
 5.75440E+00    7.28795E+03    7.02111E+03    7.55478E+03
 6.02560E+00    7.16721E+03    6.75286E+03    7.58156E+03
 6.30957E+00    7.04079E+03    6.63375E+03    7.44783E+03
 6.60693E+00    6.90841E+03    6.50902E+03    7.30779E+03
 6.91831E+00    6.77859E+03    6.38671E+03    7.17047E+03
 7.24436E+00    6.65761E+03    6.12829E+03    7.18693E+03
 7.58578E+00    6.53117E+03    6.01190E+03    7.05044E+03
 7.94328E+00    6.40658E+03    5.89722E+03    6.91594E+03
 8.31764E+00    6.29967E+03    5.75716E+03    6.84218E+03
 8.70964E+00    6.18963E+03    5.65660E+03    6.72266E+03
 9.12011E+00    6.09689E+03    5.61021E+03    6.58357E+03
 9.54993E+00    6.01360E+03    5.53357E+03    6.49364E+03
 1.00000E+01    5.94691E+03    5.54719E+03    6.34663E+03
 1.04713E+01    5.89790E+03    5.50147E+03    6.29432E+03
 1.09648E+01    5.86311E+03    5.46902E+03    6.25720E+03
 1.14815E+01    5.84863E+03    5.45552E+03    6.24174E+03
 1.20226E+01    5.85046E+03    5.58069E+03    6.12023E+03
 1.25893E+01    5.86800E+03    5.59742E+03    6.13858E+03
 1.31826E+01    5.90216E+03    5.63000E+03    6.17431E+03
 1.38038E+01    5.94637E+03    5.67218E+03    6.22057E+03
 1.44544E+01    6.00163E+03    5.74948E+03    6.25378E+03
 1.51356E+01    6.06221E+03    5.80929E+03    6.31512E+03
 1.58489E+01    6.12522E+03    5.86967E+03    6.38076E+03
 1.65959E+01    6.18678E+03    5.93615E+03    6.43742E+03
 1.73780E+01    6.24232E+03    5.98943E+03    6.49520E+03
 1.81970E+01    6.28598E+03    6.05269E+03    6.51927E+03
 1.90546E+01    6.31866E+03    6.08416E+03    6.55315E+03
 1.99526E+01    3.26133E+02    3.14030E+02    3.38237E+02
