# n + Ne 22 : (n,any)   
# endfb8.0   A.J. Koning and D. Rochman        EVAL-DEC15
# uncertainties: n
# # energies =    33
#   E(MeV)       xs(mb) 
 1.00000E-11    0.00000E+00
 2.53000E-08    0.00000E+00
 3.00000E+01    0.00000E+00
 3.00000E+01    7.09037E+02
 3.20000E+01    6.88211E+02
 3.40000E+01    6.68671E+02
 3.60000E+01    6.50303E+02
 3.80000E+01    6.33018E+02
 4.00000E+01    6.16741E+02
 4.20000E+01    6.01405E+02
 4.40000E+01    5.86945E+02
 4.60000E+01    5.73302E+02
 4.80000E+01    5.60420E+02
 5.00000E+01    5.48245E+02
 5.20000E+01    5.36730E+02
 5.40000E+01    5.25830E+02
 5.60000E+01    5.15505E+02
 5.80000E+01    5.05715E+02
 6.00000E+01    4.96425E+02
 6.50000E+01    4.75186E+02
 7.00000E+01    4.56438E+02
 7.50000E+01    4.39816E+02
 8.00000E+01    4.25015E+02
 9.00000E+01    3.99903E+02
 1.00000E+02    3.79515E+02
 1.10000E+02    3.62714E+02
 1.20000E+02    3.48666E+02
 1.30000E+02    3.36888E+02
 1.40000E+02    3.26698E+02
 1.50000E+02    3.17992E+02
 1.60000E+02    3.10366E+02
 1.80000E+02    2.97463E+02
 2.00000E+02    2.87026E+02
