# n + Te128 : (n,g)     
# tendl.2019 A.J. Koning and D. Rochman        EVAL-NOV19
# uncertainties: y
# # energies =   171
#   E(MeV)       xs(mb)       xslow(mb)      xsupp(mb)
 1.00000E-11    2.16790E+03    1.97409E+03    2.36172E+03
 1.00000E-07    7.20204E+01    6.55819E+01    7.84589E+01
 4.13990E-07    4.63311E+01    4.21895E+01    5.04727E+01
 5.31580E-07    4.08211E+01    3.71723E+01    4.44699E+01
 6.82560E-07    3.59515E+01    3.27379E+01    3.91650E+01
 8.76420E-07    3.16441E+01    2.88157E+01    3.44725E+01
 1.12540E-06    2.78380E+01    2.53503E+01    3.03257E+01
 1.44500E-06    2.44692E+01    2.22826E+01    2.66559E+01
 1.85540E-06    2.15077E+01    1.95857E+01    2.34297E+01
 2.37240E-06    1.88455E+01    1.71619E+01    2.05291E+01
 3.05900E-06    1.64603E+01    1.49903E+01    1.79304E+01
 3.92790E-06    1.43648E+01    1.30819E+01    1.56477E+01
 5.04350E-06    1.24889E+01    1.13742E+01    1.36036E+01
 6.47600E-06    1.08175E+01    9.85230E+00    1.17827E+01
 8.31530E-06    9.32391E+00    8.49252E+00    1.01553E+01
 1.06770E-05    7.98492E+00    7.27383E+00    8.69601E+00
 1.37100E-05    6.78534E+00    6.18108E+00    7.38960E+00
 1.76030E-05    5.71338E+00    5.20548E+00    6.22128E+00
 2.26030E-05    4.74244E+00    4.32200E+00    5.16288E+00
 2.92030E-05    3.89133E+00    3.54634E+00    4.23632E+00
 3.72670E-05    3.15165E+00    2.87338E+00    3.42993E+00
 4.78510E-05    2.50054E+00    2.28074E+00    2.72033E+00
 6.14420E-05    1.94506E+00    1.77594E+00    2.11418E+00
 7.88930E-05    1.48387E+00    1.35549E+00    1.61224E+00
 1.01300E-04    1.11431E+00    1.02228E+00    1.20633E+00
 1.30070E-04    8.32712E-01    7.63943E-01    9.01481E-01
 1.67020E-04    6.40366E-01    5.87481E-01    6.93251E-01
 2.14450E-04    5.62415E-01    5.07144E-01    6.17686E-01
 2.75360E-04    3.35461E+01    3.02494E+01    3.68428E+01
 3.53580E-04    3.26373E+03    1.90563E+03    4.62182E+03
 4.54000E-04    2.52599E+00    2.20156E+00    2.85043E+00
 5.82950E-04    2.61463E-01    2.33377E-01    2.89549E-01
 7.48520E-04    2.55254E+02    2.29909E+02    2.80600E+02
 9.61120E-04    4.62826E-01    4.49662E-01    4.75990E-01
 1.23410E-03    3.91008E+02    3.45735E+02    4.36281E+02
 1.58460E-03    1.74892E+02    1.45566E+02    2.04217E+02
 2.03470E-03    1.53715E-01    1.17443E-01    1.89987E-01
 2.24870E-03    9.07266E-02    6.93177E-02    1.12135E-01
 2.48520E-03    1.16441E-01    8.89642E-02    1.43918E-01
 2.61260E-03    2.08176E-01    1.59052E-01    2.57300E-01
 2.74650E-03    1.37892E+02    1.05353E+02    1.70430E+02
 3.03540E-03    2.61864E+02    2.37275E+02    2.86454E+02
 3.35460E-03    5.35139E+01    4.84888E+01    5.85390E+01
 3.70740E-03    3.06535E+01    2.77750E+01    3.35319E+01
 4.30740E-03    3.61550E+01    3.27600E+01    3.95501E+01
 5.53080E-03    3.92881E+01    3.59550E+01    4.26211E+01
 7.10170E-03    9.26332E+00    6.05358E+00    1.24731E+01
 9.11880E-03    3.60405E+01    2.35525E+01    4.85285E+01
 1.17090E-02    3.67083E+01    3.56041E+01    3.78124E+01
 1.50340E-02    2.23933E+01    2.17198E+01    2.30669E+01
 1.93050E-02    2.32519E+01    2.25525E+01    2.39512E+01
 2.18750E-02    5.75125E+01    4.24520E+01    7.25730E+01
 2.35790E-02    5.58433E+01    4.12199E+01    7.04667E+01
 2.41760E-02    5.49734E+01    4.05778E+01    6.93690E+01
 2.47880E-02    5.36250E+01    3.95825E+01    6.76674E+01
 2.60580E-02    5.20297E+01    3.84050E+01    6.56544E+01
 2.70000E-02    5.02783E+01    3.71122E+01    6.34444E+01
 2.85000E-02    4.73061E+01    3.49183E+01    5.96939E+01
 3.18280E-02    4.55822E+01    3.36458E+01    5.75185E+01
 3.43070E-02    4.34752E+01    3.20906E+01    5.48598E+01
 4.08680E-02    4.06088E+01    2.99748E+01    5.12428E+01
 4.63090E-02    3.78583E+01    2.79445E+01    4.77720E+01
 5.24750E-02    3.54071E+01    2.61352E+01    4.46790E+01
 5.65620E-02    3.27588E+01    2.41805E+01    4.13372E+01
 6.73790E-02    3.15339E+01    2.32763E+01    3.97916E+01
 7.20000E-02    3.07487E+01    2.26967E+01    3.88007E+01
 7.95000E-02    3.00575E+01    2.21865E+01    3.79284E+01
 8.25000E-02    2.96010E+01    2.18495E+01    3.73524E+01
 8.65170E-02    2.86019E+01    2.11121E+01    3.60917E+01
 9.80370E-02    2.74420E+01    2.02559E+01    3.46281E+01
 1.11090E-01    2.71002E+01    2.00036E+01    3.41968E+01
 1.16790E-01    2.68991E+01    1.98552E+01    3.39431E+01
 1.22770E-01    2.66877E+01    1.96991E+01    3.36763E+01
 1.29070E-01    2.64652E+01    1.95349E+01    3.33956E+01
 1.35690E-01    2.62316E+01    1.93625E+01    3.31007E+01
 1.42640E-01    2.59859E+01    1.91811E+01    3.27907E+01
 1.49960E-01    2.57276E+01    1.89905E+01    3.24648E+01
 1.57640E-01    2.54561E+01    1.87901E+01    3.21222E+01
 1.65730E-01    2.51707E+01    1.85794E+01    3.17620E+01
 1.74220E-01    2.48706E+01    1.83578E+01    3.13833E+01
 1.83160E-01    2.45550E+01    1.81249E+01    3.09850E+01
 1.92550E-01    2.42323E+01    1.78867E+01    3.05778E+01
 2.02420E-01    2.41069E+01    1.75417E+01    3.06721E+01
 2.12800E-01    2.40668E+01    1.75125E+01    3.06211E+01
 2.23710E-01    2.40248E+01    1.74819E+01    3.05676E+01
 2.35180E-01    2.39805E+01    1.74497E+01    3.05113E+01
 2.47240E-01    2.39096E+01    1.73981E+01    3.04211E+01
 2.73240E-01    2.38337E+01    1.73429E+01    3.03246E+01
 2.87250E-01    2.37936E+01    1.73137E+01    3.02735E+01
 2.94520E-01    2.37748E+01    1.73000E+01    3.02496E+01
 2.97200E-01    2.37673E+01    1.72946E+01    3.02401E+01
 2.98500E-01    2.37632E+01    1.72916E+01    3.02348E+01
 3.01970E-01    2.38460E+01    1.73519E+01    3.03402E+01
 3.33730E-01    2.40109E+01    1.74718E+01    3.05499E+01
 3.68830E-01    2.41452E+01    1.75695E+01    3.07208E+01
 3.87740E-01    2.42435E+01    1.76411E+01    3.08459E+01
 4.07620E-01    2.45134E+01    1.78375E+01    3.11894E+01
 4.50490E-01    2.49434E+01    1.81504E+01    3.17365E+01
 4.97870E-01    2.53286E+01    1.84307E+01    3.22266E+01
 5.23400E-01    2.56945E+01    1.86970E+01    3.26921E+01
 5.50230E-01    2.60822E+01    1.89791E+01    3.31854E+01
 5.78440E-01    2.64909E+01    1.92764E+01    3.37053E+01
 6.08100E-01    2.69971E+01    1.82673E+01    3.57269E+01
 6.39280E-01    2.75778E+01    1.86602E+01    3.64954E+01
 6.72060E-01    2.81234E+01    1.90294E+01    3.72173E+01
 7.06510E-01    2.62033E+01    1.77302E+01    3.46764E+01
 7.42740E-01    2.28938E+01    1.54908E+01    3.02967E+01
 7.80820E-01    1.97432E+01    1.33591E+01    2.61274E+01
 8.20850E-01    1.83212E+01    1.23968E+01    2.42455E+01
 8.62940E-01    1.71404E+01    1.15979E+01    2.26829E+01
 9.07180E-01    1.65032E+01    1.11667E+01    2.18397E+01
 9.61640E-01    1.62142E+01    1.09712E+01    2.14573E+01
 1.00260E+00    1.62603E+01    1.05779E+01    2.19427E+01
 1.10800E+00    1.64945E+01    1.07302E+01    2.22588E+01
 1.16480E+00    1.66861E+01    1.08549E+01    2.25174E+01
 1.22460E+00    1.71127E+01    1.11324E+01    2.30930E+01
 1.28730E+00    1.76159E+01    1.14597E+01    2.37720E+01
 1.35340E+00    1.80672E+01    1.17533E+01    2.43811E+01
 1.42270E+00    1.74470E+01    1.13499E+01    2.35441E+01
 1.49570E+00    1.64388E+01    1.06940E+01    2.21836E+01
 1.57240E+00    1.55576E+01    1.01207E+01    2.09945E+01
 1.65300E+00    1.52517E+01    9.92172E+00    2.05816E+01
 1.73770E+00    1.49984E+01    9.75694E+00    2.02398E+01
 1.82680E+00    1.49926E+01    9.08256E+00    2.09027E+01
 1.92050E+00    1.50644E+01    9.12603E+00    2.10027E+01
 2.01900E+00    1.45807E+01    8.83303E+00    2.03284E+01
 2.12250E+00    1.37765E+01    8.34583E+00    1.92072E+01
 2.23130E+00    1.29414E+01    7.83991E+00    1.80428E+01
 2.30690E+00    1.23847E+01    7.50269E+00    1.72668E+01
 2.34570E+00    1.21009E+01    7.33077E+00    1.68711E+01
 2.36530E+00    1.19093E+01    7.21465E+00    1.66039E+01
 2.38520E+00    1.14541E+01    6.93895E+00    1.59693E+01
 2.46600E+00    1.05717E+01    6.40434E+00    1.47390E+01
 2.59240E+00    9.61320E+00    5.82370E+00    1.34027E+01
 2.72530E+00    8.85741E+00    5.60832E+00    1.21065E+01
 2.86500E+00    8.53178E+00    5.40214E+00    1.16614E+01
 3.01190E+00    8.34937E+00    5.28664E+00    1.14121E+01
 3.16640E+00    8.23685E+00    5.21539E+00    1.12583E+01
 3.32870E+00    8.14834E+00    5.15935E+00    1.11373E+01
 3.67880E+00    7.82843E+00    4.95679E+00    1.07001E+01
 4.06570E+00    7.15498E+00    4.53038E+00    9.77958E+00
 4.49330E+00    6.40089E+00    4.05290E+00    8.74887E+00
 4.72370E+00    5.75445E+00    3.94797E+00    7.56093E+00
 4.96590E+00    5.09135E+00    3.49304E+00    6.68966E+00
 5.22050E+00    4.42592E+00    3.03650E+00    5.81533E+00
 5.48810E+00    3.78277E+00    2.59526E+00    4.97029E+00
 5.76950E+00    3.22984E+00    2.21590E+00    4.24377E+00
 6.06530E+00    2.71981E+00    1.86599E+00    3.57363E+00
 6.37630E+00    2.36203E+00    1.62052E+00    3.10353E+00
 6.59240E+00    2.17180E+00    1.49001E+00    2.85359E+00
 6.70320E+00    1.96140E+00    8.97924E-01    3.02488E+00
 7.04690E+00    1.70174E+00    7.79049E-01    2.62442E+00
 7.40820E+00    1.49392E+00    6.83912E-01    2.30393E+00
 7.78800E+00    1.38684E+00    6.34892E-01    2.13879E+00
 8.18730E+00    1.33056E+00    6.09125E-01    2.05199E+00
 8.60710E+00    1.33299E+00    6.10238E-01    2.05574E+00
 9.04840E+00    1.37368E+00    6.18770E-01    2.12860E+00
 9.51230E+00    1.43602E+00    6.46848E-01    2.22519E+00
 1.00000E+01    1.50335E+00    6.77178E-01    2.32953E+00
 1.05130E+01    1.55882E+00    7.02162E-01    2.41547E+00
 1.10520E+01    1.59212E+00    7.17164E-01    2.46708E+00
 1.16180E+01    1.61002E+00    7.25225E-01    2.49481E+00
 1.22140E+01    1.61258E+00    7.26377E-01    2.49877E+00
 1.28400E+01    1.59383E+00    7.17935E-01    2.46973E+00
 1.34990E+01    1.56716E+00    1.50420E-01    2.98389E+00
 1.38400E+01    1.53923E+00    1.47740E-01    2.93073E+00
 1.41910E+01    1.49908E+00    1.43886E-01    2.85427E+00
 1.45500E+01    1.44695E+00    1.38882E-01    2.75501E+00
 1.49180E+01    1.34972E+00    1.29550E-01    2.56989E+00
 1.56830E+01    1.20424E+00    1.15586E-01    2.29289E+00
 1.64870E+01    1.04753E+00    0.00000E+00    2.76330E+00
