# n + Te128 : (n,xh)    
# tendl.2019 A.J. Koning and D. Rochman        EVAL-NOV19
# 
# # energies =   127
#   E(MeV)        xs(mb) 
 7.49080E-01    0.00000E+00
 8.00000E-01    0.00000E+00
 9.00000E-01    0.00000E+00
 1.00000E+00    0.00000E+00
 1.20000E+00    0.00000E+00
 1.40000E+00    0.00000E+00
 1.50884E+00    0.00000E+00
 1.53196E+00    0.00000E+00
 1.60000E+00    0.00000E+00
 1.80000E+00    0.00000E+00
 1.82544E+00    0.00000E+00
 1.98403E+00    0.00000E+00
 1.98755E+00    0.00000E+00
 1.99442E+00    0.00000E+00
 2.00000E+00    0.00000E+00
 2.04377E+00    0.00000E+00
 2.15012E+00    0.00000E+00
 2.18059E+00    0.00000E+00
 2.20000E+00    0.00000E+00
 2.21079E+00    0.00000E+00
 2.23544E+00    0.00000E+00
 2.28825E+00    0.00000E+00
 2.32651E+00    0.00000E+00
 2.35617E+00    0.00000E+00
 2.37066E+00    0.00000E+00
 2.40000E+00    0.00000E+00
 2.41482E+00    0.00000E+00
 2.42433E+00    0.00000E+00
 2.44515E+00    0.00000E+00
 2.45924E+00    0.00000E+00
 2.50460E+00    0.00000E+00
 2.50703E+00    0.00000E+00
 2.51384E+00    0.00000E+00
 2.52784E+00    0.00000E+00
 2.53987E+00    0.00000E+00
 2.57065E+00    0.00000E+00
 2.59146E+00    0.00000E+00
 2.60000E+00    0.00000E+00
 2.60841E+00    0.00000E+00
 2.61952E+00    0.00000E+00
 2.65088E+00    0.00000E+00
 2.80000E+00    0.00000E+00
 3.00000E+00    0.00000E+00
 3.20000E+00    0.00000E+00
 3.40000E+00    0.00000E+00
 3.60000E+00    0.00000E+00
 3.80000E+00    0.00000E+00
 4.00000E+00    0.00000E+00
 4.20000E+00    0.00000E+00
 4.40000E+00    0.00000E+00
 4.60000E+00    0.00000E+00
 4.80000E+00    0.00000E+00
 5.00000E+00    0.00000E+00
 5.20000E+00    0.00000E+00
 5.40000E+00    0.00000E+00
 5.60000E+00    0.00000E+00
 5.80000E+00    0.00000E+00
 6.00000E+00    0.00000E+00
 6.20000E+00    0.00000E+00
 6.40000E+00    0.00000E+00
 6.60000E+00    0.00000E+00
 6.80000E+00    0.00000E+00
 7.00000E+00    0.00000E+00
 7.20000E+00    0.00000E+00
 7.40000E+00    0.00000E+00
 7.60000E+00    0.00000E+00
 7.80000E+00    0.00000E+00
 8.00000E+00    0.00000E+00
 8.50000E+00    0.00000E+00
 9.00000E+00    0.00000E+00
 9.50000E+00    0.00000E+00
 1.00000E+01    2.43722E-18
 1.05000E+01    1.69342E-17
 1.10000E+01    3.14312E-17
 1.15000E+01    4.59281E-17
 1.20000E+01    6.04251E-17
 1.25000E+01    7.49221E-17
 1.30000E+01    8.94191E-17
 1.35000E+01    1.03916E-16
 1.40000E+01    1.18413E-16
 1.45000E+01    1.32910E-16
 1.50000E+01    1.76340E-15
 1.60000E+01    1.00400E-13
 1.70000E+01    3.71060E-12
 1.80000E+01    3.86160E-10
 1.90000E+01    2.04973E-08
 2.00000E+01    4.71111E-07
 2.10000E+01    5.87070E-06
 2.20000E+01    4.65589E-05
 2.30000E+01    2.61604E-04
 2.40000E+01    1.11929E-03
 2.50000E+01    3.82359E-03
 2.60000E+01    1.07452E-02
 2.70000E+01    2.53745E-02
 2.80000E+01    5.14869E-02
 2.90000E+01    9.21529E-02
 3.00000E+01    1.49418E-01
 3.00000E+01    1.49418E-01
 3.20000E+01    3.16667E-01
 3.40000E+01    5.51510E-01
 3.60000E+01    8.51255E-01
 3.80000E+01    1.20568E+00
 4.00000E+01    1.60665E+00
 4.20000E+01    2.04732E+00
 4.40000E+01    2.52257E+00
 4.60000E+01    3.02888E+00
 4.80000E+01    3.56436E+00
 5.00000E+01    4.12849E+00
 5.20000E+01    4.73839E+00
 5.40000E+01    5.36350E+00
 5.60000E+01    6.01963E+00
 5.80000E+01    6.71177E+00
 6.00000E+01    7.44300E+00
 6.50000E+01    9.45367E+00
 7.00000E+01    1.18317E+01
 7.50000E+01    1.45770E+01
 8.00000E+01    1.78403E+01
 9.00000E+01    2.62241E+01
 1.00000E+02    3.78671E+01
 1.10000E+02    4.97650E+01
 1.20000E+02    6.29816E+01
 1.30000E+02    7.70234E+01
 1.40000E+02    9.23740E+01
 1.50000E+02    1.08761E+02
 1.60000E+02    1.25828E+02
 1.80000E+02    1.60574E+02
 2.00000E+02    1.94046E+02
