# n + Sr 86 : (n,n'10)  
# endfb8.0   JNDC FPND W.G., Mughabghab        EVAL-FEB05
# uncertainties: n
# # energies =   275
#   E(MeV)       xs(mb) 
 2.99020E+00    0.00000E+00
 2.99081E+00    4.06390E-07
 2.99196E+00    1.16837E-06
 2.99397E+00    2.50182E-06
 2.99698E+00    4.50200E-06
 3.00000E+00    6.50217E-06
 3.00202E+00    2.10664E-05
 3.00392E+00    3.47204E-05
 3.00747E+00    6.03215E-05
 3.01059E+00    8.27225E-05
 3.01605E+00    1.21924E-04
 3.02015E+00    1.51325E-04
 3.02631E+00    1.95427E-04
 3.03249E+00    2.39529E-04
 3.03615E+00    3.69006E-04
 3.03958E+00    4.90391E-04
 3.04604E+00    7.17988E-04
 3.05169E+00    9.17134E-04
 3.05665E+00    1.09139E-03
 3.06535E+00    1.39633E-03
 3.07188E+00    1.62504E-03
 3.08172E+00    1.96810E-03
 3.09158E+00    2.31116E-03
 3.09961E+00    3.10856E-03
 3.10716E+00    3.85613E-03
 3.11425E+00    4.55697E-03
 3.12091E+00    5.21401E-03
 3.12717E+00    5.82999E-03
 3.13895E+00    6.98494E-03
 3.14928E+00    7.99552E-03
 3.15836E+00    8.87978E-03
 3.16632E+00    9.65351E-03
 3.18029E+00    1.10075E-02
 3.19082E+00    1.20231E-02
 3.20667E+00    1.35463E-02
 3.22260E+00    1.50696E-02
 3.23580E+00    1.82232E-02
 3.24740E+00    2.09826E-02
 3.25758E+00    2.33970E-02
 3.26651E+00    2.55097E-02
 3.28221E+00    2.92068E-02
 3.29403E+00    3.19797E-02
 3.31183E+00    3.61389E-02
 3.32974E+00    4.02982E-02
 3.33930E+00    4.76058E-02
 3.34873E+00    5.47992E-02
 3.35804E+00    6.18802E-02
 3.36723E+00    6.88506E-02
 3.37630E+00    7.57120E-02
 3.38526E+00    8.24662E-02
 3.40296E+00    9.57637E-02
 3.42019E+00    1.08646E-01
 3.43697E+00    1.21125E-01
 3.45330E+00    1.33214E-01
 3.46920E+00    1.44926E-01
 3.48467E+00    1.56271E-01
 3.49972E+00    1.67262E-01
 3.51436E+00    1.77910E-01
 3.52861E+00    1.88225E-01
 3.55637E+00    2.08209E-01
 3.58259E+00    2.26945E-01
 3.60736E+00    2.44510E-01
 3.63072E+00    2.60977E-01
 3.65277E+00    2.76415E-01
 3.67356E+00    2.90888E-01
 3.69316E+00    3.04457E-01
 3.71163E+00    3.17177E-01
 3.74651E+00    3.41028E-01
 3.77729E+00    3.61897E-01
 3.80444E+00    3.80158E-01
 3.82835E+00    3.96136E-01
 3.87056E+00    4.24098E-01
 3.90252E+00    4.45069E-01
 3.92667E+00    4.60798E-01
 3.96316E+00    4.84390E-01
 4.00000E+00    5.07983E-01
 4.02799E+00    5.26206E-01
 4.05529E+00    5.43860E-01
 4.10872E+00    5.78063E-01
 4.15945E+00    6.10129E-01
 4.20757E+00    6.40191E-01
 4.25319E+00    6.68374E-01
 4.29641E+00    6.94796E-01
 4.33733E+00    7.19566E-01
 4.37604E+00    7.42788E-01
 4.41265E+00    7.64559E-01
 4.44725E+00    7.84969E-01
 4.51286E+00    8.23238E-01
 4.57105E+00    8.56723E-01
 4.62259E+00    8.86023E-01
 4.66816E+00    9.11660E-01
 4.70841E+00    9.34093E-01
 4.77967E+00    9.73349E-01
 4.83383E+00    1.00279E+00
 4.91621E+00    1.04696E+00
 5.00000E+00    1.09112E+00
 5.23318E+00    1.08094E+00
 5.41517E+00    1.07330E+00
 5.70009E+00    1.06184E+00
 6.00000E+00    1.05038E+00
 6.11673E+00    1.02246E+00
 6.22074E+00    9.98032E-01
 6.31319E+00    9.76656E-01
 6.39521E+00    9.57953E-01
 6.54133E+00    9.25222E-01
 6.65310E+00    9.00673E-01
 6.73818E+00    8.82262E-01
 6.86784E+00    8.54645E-01
 7.00000E+00    8.27028E-01
 7.11782E+00    7.88856E-01
 7.22254E+00    7.55456E-01
 7.31543E+00    7.26231E-01
 7.39769E+00    7.00659E-01
 7.47043E+00    6.78283E-01
 7.53466E+00    6.58704E-01
 7.59131E+00    6.41573E-01
 7.69148E+00    6.11593E-01
 7.76748E+00    5.89108E-01
 7.82497E+00    5.72245E-01
 7.91200E+00    5.46949E-01
 8.00000E+00    5.21654E-01
 8.05911E+00    5.05758E-01
 8.11492E+00    4.90856E-01
 8.22061E+00    4.62914E-01
 8.31422E+00    4.38465E-01
 8.39700E+00    4.17071E-01
 8.47011E+00    3.98353E-01
 8.53460E+00    3.81973E-01
 8.59143E+00    3.67642E-01
 8.64147E+00    3.55102E-01
 8.72974E+00    3.33156E-01
 8.79653E+00    3.16697E-01
 8.84697E+00    3.04353E-01
 8.92315E+00    2.85836E-01
 9.00000E+00    2.67320E-01
 9.05946E+00    2.58083E-01
 9.11556E+00    2.49423E-01
 9.22169E+00    2.33187E-01
 9.31557E+00    2.18979E-01
 9.39849E+00    2.06548E-01
 9.47165E+00    1.95671E-01
 9.53614E+00    1.86153E-01
 9.59292E+00    1.77825E-01
 9.64289E+00    1.70538E-01
 9.73095E+00    1.57786E-01
 9.79753E+00    1.48222E-01
 9.84776E+00    1.41048E-01
 9.92359E+00    1.30289E-01
 1.00000E+01    1.19529E-01
 1.01146E+01    1.13383E-01
 1.02232E+01    1.07621E-01
 1.03261E+01    1.02219E-01
 1.04235E+01    9.71545E-02
 1.05157E+01    9.24068E-02
 1.06028E+01    8.79557E-02
 1.06852E+01    8.37829E-02
 1.07630E+01    7.98708E-02
 1.08364E+01    7.62033E-02
 1.09057E+01    7.27649E-02
 1.09711E+01    6.95415E-02
 1.10327E+01    6.65195E-02
 1.10908E+01    6.36864E-02
 1.11456E+01    6.10304E-02
 1.12490E+01    5.60504E-02
 1.13402E+01    5.16928E-02
 1.14207E+01    4.78800E-02
 1.14915E+01    4.45437E-02
 1.15539E+01    4.16245E-02
 1.16087E+01    3.90702E-02
 1.16569E+01    3.68352E-02
 1.16993E+01    3.48796E-02
 1.17737E+01    3.14572E-02
 1.18299E+01    2.88904E-02
 1.18722E+01    2.69653E-02
 1.19359E+01    2.40777E-02
 1.20000E+01    2.11901E-02
 1.21162E+01    1.99847E-02
 1.22261E+01    1.88546E-02
 1.23301E+01    1.77951E-02
 1.24283E+01    1.68019E-02
 1.25212E+01    1.58707E-02
 1.26089E+01    1.49978E-02
 1.26916E+01    1.41794E-02
 1.27697E+01    1.34121E-02
 1.28433E+01    1.26928E-02
 1.29127E+01    1.20185E-02
 1.29781E+01    1.13863E-02
 1.30397E+01    1.07936E-02
 1.30978E+01    1.02379E-02
 1.31524E+01    9.71702E-03
 1.32039E+01    9.22866E-03
 1.33008E+01    8.31299E-03
 1.33863E+01    7.51178E-03
 1.34615E+01    6.81072E-03
 1.35277E+01    6.19729E-03
 1.35858E+01    5.66055E-03
 1.36369E+01    5.19089E-03
 1.36818E+01    4.77994E-03
 1.37212E+01    4.42036E-03
 1.37903E+01    3.79110E-03
 1.38425E+01    3.31915E-03
 1.38817E+01    2.96519E-03
 1.39112E+01    2.69972E-03
 1.39555E+01    2.30151E-03
 1.40000E+01    1.90331E-03
 1.41213E+01    1.74505E-03
 1.42282E+01    1.60658E-03
 1.43225E+01    1.48541E-03
 1.44055E+01    1.37939E-03
 1.44785E+01    1.28662E-03
 1.45427E+01    1.20545E-03
 1.45991E+01    1.13442E-03
 1.46983E+01    1.01013E-03
 1.47731E+01    9.16909E-04
 1.48295E+01    8.46993E-04
 1.49145E+01    7.42120E-04
 1.49572E+01    6.89684E-04
 1.50000E+01    6.37247E-04
 1.51215E+01    5.85589E-04
 1.52286E+01    5.40389E-04
 1.53230E+01    5.00838E-04
 1.54060E+01    4.66231E-04
 1.54790E+01    4.35951E-04
 1.55432E+01    4.09455E-04
 1.55996E+01    3.86271E-04
 1.56987E+01    3.45700E-04
 1.57735E+01    3.15271E-04
 1.58298E+01    2.92449E-04
 1.59147E+01    2.58217E-04
 1.60000E+01    2.23985E-04
 1.61182E+01    2.12177E-04
 1.62298E+01    2.01108E-04
 1.63352E+01    1.90730E-04
 1.64346E+01    1.81001E-04
 1.65283E+01    1.71879E-04
 1.66166E+01    1.63328E-04
 1.66999E+01    1.55312E-04
 1.67783E+01    1.47796E-04
 1.68522E+01    1.40750E-04
 1.69217E+01    1.34145E-04
 1.70529E+01    1.21759E-04
 1.71685E+01    1.10922E-04
 1.72703E+01    1.01440E-04
 1.73599E+01    9.31424E-05
 1.74386E+01    8.58824E-05
 1.75078E+01    7.95298E-05
 1.75686E+01    7.39714E-05
 1.76220E+01    6.91077E-05
 1.77157E+01    6.05963E-05
 1.77864E+01    5.42127E-05
 1.78395E+01    4.94251E-05
 1.79196E+01    4.22436E-05
 1.79597E+01    3.86528E-05
 1.80000E+01    3.50621E-05
 1.81189E+01    3.32748E-05
 1.82311E+01    3.15992E-05
 1.83369E+01    3.00283E-05
 1.84367E+01    2.85556E-05
 1.85307E+01    2.71749E-05
 1.86193E+01    2.58805E-05
 1.87027E+01    2.46670E-05
 1.87813E+01    2.35294E-05
 1.89295E+01    2.13963E-05
 1.90601E+01    1.95299E-05
 1.91751E+01    1.78968E-05
 1.92763E+01    1.64678E-05
 1.93654E+01    1.52174E-05
 1.94436E+01    1.41234E-05
 1.95123E+01    1.31661E-05
 1.95726E+01    1.23284E-05
 1.96786E+01    1.08625E-05
 1.97584E+01    9.76312E-06
 1.98186E+01    8.93856E-06
 1.99091E+01    7.70173E-06
 2.00000E+01    6.46490E-06
