# n + Ru 96 : (n,npa)m  
# tendl.2019 A.J. Koning and D. Rochman        EVAL-NOV19
# uncertainties: y
# # energies =    19
#   E(MeV)       xs(mb)       xslow(mb)      xsupp(mb)
 9.35825E+00    0.00000E+00    0.00000E+00    0.00000E+00
 1.40000E+01    0.00000E+00    0.00000E+00    0.00000E+00
 1.45000E+01    8.92680E-17    0.00000E+00    0.00000E+00
 1.50000E+01    8.90840E-15    0.00000E+00    0.00000E+00
 1.60000E+01    1.31020E-11    0.00000E+00    0.00000E+00
 1.70000E+01    2.95970E-09    0.00000E+00    0.00000E+00
 1.80000E+01    2.10770E-07    0.00000E+00    0.00000E+00
 1.90000E+01    6.94210E-06    0.00000E+00    0.00000E+00
 2.00000E+01    1.18912E-04    0.00000E+00    0.00000E+00
 2.10000E+01    1.12716E-03    0.00000E+00    0.00000E+00
 2.20000E+01    6.29107E-03    0.00000E+00    0.00000E+00
 2.30000E+01    2.69846E-02    0.00000E+00    0.00000E+00
 2.40000E+01    9.22037E-02    0.00000E+00    0.00000E+00
 2.50000E+01    2.53511E-01    0.00000E+00    0.00000E+00
 2.60000E+01    5.55713E-01    0.00000E+00    0.00000E+00
 2.70000E+01    1.02700E+00    0.00000E+00    0.00000E+00
 2.80000E+01    1.61362E+00    0.00000E+00    0.00000E+00
 2.90000E+01    2.26497E+00    0.00000E+00    0.00000E+00
 3.00000E+01    2.94037E+00    0.00000E+00    0.00000E+00
