# n + Ru 96 : (n,n'08)  
# tendl.2019 A.J. Koning and D. Rochman        EVAL-NOV19
# uncertainties: n
# # energies =    80
#   E(MeV)       xs(mb) 
 2.55140E+00    0.00000E+00
 2.55506E+00    1.33233E+00
 2.60000E+00    1.76918E+01
 2.60311E+00    1.84570E+01
 2.60614E+00    1.92025E+01
 2.61563E+00    2.15375E+01
 2.67786E+00    3.68488E+01
 2.72819E+00    4.92321E+01
 2.76859E+00    5.91723E+01
 2.78923E+00    6.42506E+01
 2.80000E+00    6.69005E+01
 2.82327E+00    6.78969E+01
 2.88111E+00    7.03737E+01
 2.92205E+00    7.21268E+01
 2.92808E+00    7.23850E+01
 2.98142E+00    7.46690E+01
 3.00000E+00    7.54646E+01
 3.01922E+00    7.48598E+01
 3.02781E+00    7.45895E+01
 3.09265E+00    7.25492E+01
 3.10452E+00    7.21757E+01
 3.10863E+00    7.20463E+01
 3.11608E+00    7.18119E+01
 3.12270E+00    7.16036E+01
 3.18741E+00    6.95674E+01
 3.20000E+00    6.91712E+01
 3.20006E+00    6.91688E+01
 3.40000E+00    6.10809E+01
 3.60000E+00    5.28362E+01
 3.80000E+00    4.54136E+01
 4.00000E+00    3.89497E+01
 4.20000E+00    3.32878E+01
 4.40000E+00    2.82609E+01
 4.60000E+00    2.38300E+01
 4.80000E+00    1.99196E+01
 5.00000E+00    1.65474E+01
 5.20000E+00    1.37110E+01
 5.40000E+00    1.13469E+01
 5.60000E+00    9.38275E+00
 5.80000E+00    7.76422E+00
 6.00000E+00    6.43898E+00
 6.20000E+00    5.35771E+00
 6.40000E+00    4.47820E+00
 6.60000E+00    3.76363E+00
 6.80000E+00    3.18319E+00
 7.00000E+00    2.70506E+00
 7.20000E+00    2.31678E+00
 7.40000E+00    2.00297E+00
 7.60000E+00    1.74830E+00
 7.80000E+00    1.54153E+00
 8.00000E+00    1.36950E+00
 8.50000E+00    1.06704E+00
 9.00000E+00    8.79648E-01
 9.50000E+00    7.60711E-01
 1.00000E+01    6.82696E-01
 1.05000E+01    6.29355E-01
 1.10000E+01    5.91085E-01
 1.15000E+01    5.62281E-01
 1.20000E+01    5.39611E-01
 1.25000E+01    5.21128E-01
 1.30000E+01    5.05594E-01
 1.35000E+01    4.92242E-01
 1.40000E+01    4.80564E-01
 1.45000E+01    4.70205E-01
 1.50000E+01    4.60909E-01
 1.60000E+01    4.44691E-01
 1.70000E+01    4.30724E-01
 1.80000E+01    4.18396E-01
 1.90000E+01    4.07428E-01
 2.00000E+01    3.97461E-01
 2.10000E+01    3.87941E-01
 2.20000E+01    3.78366E-01
 2.30000E+01    3.68584E-01
 2.40000E+01    3.58832E-01
 2.50000E+01    3.49538E-01
 2.60000E+01    3.41077E-01
 2.70000E+01    3.33633E-01
 2.80000E+01    3.27174E-01
 2.90000E+01    3.21490E-01
 3.00000E+01    3.16283E-01
