# n + Hg202 : (n,n'19)  
# jendl4.0   K.SHIBATA, T.FUKAHORI, S.CHIBA,+  EVAL-SEP97
# uncertainties: n
# # energies =   338
#   E(MeV)       xs(mb) 
 1.80326E+00    0.00000E+00
 1.80362E+00    1.00234E-01
 1.80435E+00    3.00309E-01
 1.80580E+00    6.98892E-01
 1.80725E+00    1.09436E+00
 1.80868E+00    1.48674E+00
 1.81152E+00    2.26537E+00
 1.81433E+00    3.03183E+00
 1.81709E+00    3.78631E+00
 1.81981E+00    4.52900E+00
 1.82250E+00    5.26009E+00
 1.82780E+00    6.69943E+00
 1.83295E+00    8.09378E+00
 1.83795E+00    9.44456E+00
 1.84281E+00    1.07531E+01
 1.84753E+00    1.20208E+01
 1.85212E+00    1.32489E+01
 1.86103E+00    1.56282E+01
 1.86943E+00    1.78589E+01
 1.87733E+00    1.99501E+01
 1.88477E+00    2.19106E+01
 1.89178E+00    2.37486E+01
 1.89837E+00    2.54718E+01
 1.91078E+00    2.87026E+01
 1.92171E+00    3.15296E+01
 1.93133E+00    3.40032E+01
 1.93978E+00    3.61677E+01
 1.95466E+00    3.99554E+01
 1.96590E+00    4.27962E+01
 1.97437E+00    4.49268E+01
 1.98714E+00    4.81227E+01
 2.00000E+00    5.13186E+01
 2.02809E+00    5.24706E+01
 2.05478E+00    5.35505E+01
 2.08012E+00    5.45630E+01
 2.12848E+00    5.64613E+01
 2.17172E+00    5.81224E+01
 2.21027E+00    5.95758E+01
 2.24457E+00    6.08476E+01
 2.27501E+00    6.19603E+01
 2.32928E+00    6.39077E+01
 2.37084E+00    6.53682E+01
 2.40249E+00    6.64636E+01
 2.45076E+00    6.81067E+01
 2.50000E+00    6.97498E+01
 2.55763E+00    6.75958E+01
 2.60914E+00    6.57111E+01
 2.65507E+00    6.40620E+01
 2.69592E+00    6.26190E+01
 2.73217E+00    6.13563E+01
 2.76430E+00    6.02515E+01
 2.82143E+00    5.83182E+01
 2.86505E+00    5.68681E+01
 2.89821E+00    5.57806E+01
 2.94866E+00    5.41493E+01
 3.00000E+00    5.25180E+01
 3.05443E+00    5.06848E+01
 3.10635E+00    4.89662E+01
 3.15583E+00    4.73551E+01
 3.20293E+00    4.58446E+01
 3.24773E+00    4.44285E+01
 3.29029E+00    4.31009E+01
 3.33071E+00    4.18563E+01
 3.36904E+00    4.06895E+01
 3.40539E+00    3.95957E+01
 3.43981E+00    3.85701E+01
 3.47240E+00    3.76087E+01
 3.50324E+00    3.67074E+01
 3.56179E+00    3.50174E+01
 3.61383E+00    3.35386E+01
 3.65998E+00    3.22447E+01
 3.70085E+00    3.11126E+01
 3.73698E+00    3.01219E+01
 3.76889E+00    2.92551E+01
 3.82539E+00    2.77382E+01
 3.86831E+00    2.66005E+01
 3.90082E+00    2.57472E+01
 3.95010E+00    2.44673E+01
 4.00000E+00    2.31874E+01
 4.05618E+00    2.22369E+01
 4.10956E+00    2.13459E+01
 4.16024E+00    2.05105E+01
 4.20833E+00    1.97273E+01
 4.25391E+00    1.89931E+01
 4.29709E+00    1.83048E+01
 4.33797E+00    1.76595E+01
 4.37665E+00    1.70545E+01
 4.41323E+00    1.64873E+01
 4.44779E+00    1.59556E+01
 4.48044E+00    1.54571E+01
 4.51127E+00    1.49898E+01
 4.56965E+00    1.41136E+01
 4.62135E+00    1.33469E+01
 4.66707E+00    1.26760E+01
 4.70744E+00    1.20890E+01
 4.74305E+00    1.15753E+01
 4.77443E+00    1.11259E+01
 4.80206E+00    1.07326E+01
 4.85080E+00    1.00444E+01
 4.88768E+00    9.52830E+00
 4.91552E+00    9.14119E+00
 4.95758E+00    8.56053E+00
 5.00000E+00    7.97987E+00
 5.05730E+00    7.63431E+00
 5.11162E+00    7.31034E+00
 5.16307E+00    7.00663E+00
 5.21177E+00    6.72190E+00
 5.25785E+00    6.45496E+00
 5.30142E+00    6.20470E+00
 5.34260E+00    5.97009E+00
 5.38149E+00    5.75014E+00
 5.41820E+00    5.54394E+00
 5.45285E+00    5.35062E+00
 5.48554E+00    5.16939E+00
 5.54735E+00    4.82958E+00
 5.60201E+00    4.53224E+00
 5.65028E+00    4.27207E+00
 5.69285E+00    4.04442E+00
 5.73037E+00    3.84523E+00
 5.76340E+00    3.67094E+00
 5.79246E+00    3.51843E+00
 5.84366E+00    3.25155E+00
 5.88236E+00    3.05138E+00
 5.91155E+00    2.90126E+00
 5.95561E+00    2.67607E+00
 6.00000E+00    2.45089E+00
 6.05418E+00    2.38114E+00
 6.10714E+00    2.31356E+00
 6.15888E+00    2.24810E+00
 6.20943E+00    2.18469E+00
 6.25879E+00    2.12325E+00
 6.30698E+00    2.06374E+00
 6.35402E+00    2.00608E+00
 6.39993E+00    1.95023E+00
 6.48981E+00    1.84202E+00
 6.57523E+00    1.74056E+00
 6.65632E+00    1.64545E+00
 6.73326E+00    1.55629E+00
 6.80620E+00    1.47269E+00
 6.87529E+00    1.39433E+00
 6.94070E+00    1.32086E+00
 7.00259E+00    1.25198E+00
 7.06112E+00    1.18740E+00
 7.11643E+00    1.12686E+00
 7.16867E+00    1.07011E+00
 7.21800E+00    1.01690E+00
 7.26455E+00    9.67021E-01
 7.30847E+00    9.20256E-01
 7.34988E+00    8.76415E-01
 7.38892E+00    8.35314E-01
 7.42571E+00    7.96781E-01
 7.46036E+00    7.60657E-01
 7.49300E+00    7.26791E-01
 7.55457E+00    6.63291E-01
 7.60886E+00    6.07729E-01
 7.65669E+00    5.59112E-01
 7.69879E+00    5.16572E-01
 7.73581E+00    4.79350E-01
 7.76835E+00    4.46780E-01
 7.79693E+00    4.18282E-01
 7.82203E+00    3.93346E-01
 7.86615E+00    3.49708E-01
 7.89940E+00    3.16980E-01
 7.92443E+00    2.92433E-01
 7.96213E+00    2.55614E-01
 8.00000E+00    2.18794E-01
 8.05598E+00    2.12225E-01
 8.11059E+00    2.05861E-01
 8.16384E+00    1.99696E-01
 8.26801E+00    1.87751E-01
 8.36688E+00    1.76553E-01
 8.46064E+00    1.66055E-01
 8.54949E+00    1.56213E-01
 8.63365E+00    1.46986E-01
 8.71329E+00    1.38336E-01
 8.78862E+00    1.30226E-01
 8.85983E+00    1.22624E-01
 8.92712E+00    1.15496E-01
 8.99067E+00    1.08814E-01
 9.05066E+00    1.02549E-01
 9.10726E+00    9.66765E-02
 9.16064E+00    9.11706E-02
 9.21097E+00    8.60088E-02
 9.25841E+00    8.11696E-02
 9.30310E+00    7.66329E-02
 9.34520E+00    7.23798E-02
 9.38484E+00    6.83924E-02
 9.42215E+00    6.46543E-02
 9.45727E+00    6.11498E-02
 9.52347E+00    5.45788E-02
 9.58177E+00    4.88293E-02
 9.63307E+00    4.37984E-02
 9.67819E+00    3.93964E-02
 9.71785E+00    3.55446E-02
 9.75268E+00    3.21743E-02
 9.78325E+00    2.92253E-02
 9.81009E+00    2.66449E-02
 9.83363E+00    2.43871E-02
 9.87496E+00    2.04359E-02
 9.90607E+00    1.74725E-02
 9.92947E+00    1.52499E-02
 9.94706E+00    1.35830E-02
 9.97349E+00    1.10826E-02
 1.00000E+01    8.58225E-03
 1.01146E+01    8.06837E-03
 1.02232E+01    7.58661E-03
 1.03261E+01    7.13495E-03
 1.04235E+01    6.71153E-03
 1.05157E+01    6.31457E-03
 1.06028E+01    5.94242E-03
 1.06852E+01    5.59353E-03
 1.07630E+01    5.26644E-03
 1.08364E+01    4.95980E-03
 1.09057E+01    4.67232E-03
 1.09711E+01    4.40281E-03
 1.10327E+01    4.15015E-03
 1.10908E+01    3.91327E-03
 1.11456E+01    3.69120E-03
 1.11971E+01    3.48301E-03
 1.12457E+01    3.28783E-03
 1.12914E+01    3.10486E-03
 1.13345E+01    2.93331E-03
 1.13750E+01    2.77249E-03
 1.14513E+01    2.47095E-03
 1.15185E+01    2.20710E-03
 1.15776E+01    1.97623E-03
 1.16296E+01    1.77423E-03
 1.16752E+01    1.59747E-03
 1.17153E+01    1.44281E-03
 1.17506E+01    1.30748E-03
 1.17815E+01    1.18906E-03
 1.18085E+01    1.08545E-03
 1.18561E+01    9.04129E-04
 1.18919E+01    7.68138E-04
 1.19189E+01    6.66145E-04
 1.19391E+01    5.89651E-04
 1.19695E+01    4.74909E-04
 1.20000E+01    3.60168E-04
 1.21162E+01    3.39535E-04
 1.22261E+01    3.20192E-04
 1.23301E+01    3.02058E-04
 1.24283E+01    2.85057E-04
 1.25212E+01    2.69119E-04
 1.26089E+01    2.54177E-04
 1.26916E+01    2.40168E-04
 1.27697E+01    2.27036E-04
 1.28433E+01    2.14724E-04
 1.29127E+01    2.03181E-04
 1.29781E+01    1.92360E-04
 1.30397E+01    1.82215E-04
 1.30978E+01    1.72705E-04
 1.31524E+01    1.63788E-04
 1.32039E+01    1.55429E-04
 1.33008E+01    1.39756E-04
 1.33863E+01    1.26042E-04
 1.34615E+01    1.14043E-04
 1.35277E+01    1.03543E-04
 1.35858E+01    9.43556E-05
 1.36369E+01    8.63167E-05
 1.36818E+01    7.92827E-05
 1.37212E+01    7.31280E-05
 1.37903E+01    6.23571E-05
 1.38425E+01    5.42790E-05
 1.38817E+01    4.82204E-05
 1.39112E+01    4.36765E-05
 1.39555E+01    3.68606E-05
 1.40000E+01    3.00447E-05
 1.41173E+01    2.83416E-05
 1.42282E+01    2.67450E-05
 1.43330E+01    2.52482E-05
 1.44319E+01    2.38449E-05
 1.45252E+01    2.25294E-05
 1.46133E+01    2.12960E-05
 1.46963E+01    2.01398E-05
 1.47746E+01    1.90558E-05
 1.48483E+01    1.80395E-05
 1.49178E+01    1.70868E-05
 1.49833E+01    1.61936E-05
 1.50449E+01    1.53562E-05
 1.51029E+01    1.45712E-05
 1.52122E+01    1.30993E-05
 1.53085E+01    1.18114E-05
 1.53933E+01    1.06844E-05
 1.54678E+01    9.69834E-06
 1.55334E+01    8.83553E-06
 1.55910E+01    8.08057E-06
 1.56415E+01    7.41997E-06
 1.56859E+01    6.84196E-06
 1.57638E+01    5.83043E-06
 1.58225E+01    5.07178E-06
 1.58667E+01    4.50279E-06
 1.58999E+01    4.07605E-06
 1.59499E+01    3.43595E-06
 1.60000E+01    2.79584E-06
 1.61182E+01    2.64955E-06
 1.62298E+01    2.51240E-06
 1.63352E+01    2.38382E-06
 1.64346E+01    2.26328E-06
 1.65283E+01    2.15027E-06
 1.66166E+01    2.04433E-06
 1.66999E+01    1.94500E-06
 1.67783E+01    1.85189E-06
 1.68522E+01    1.76459E-06
 1.69217E+01    1.68275E-06
 1.70529E+01    1.52930E-06
 1.71685E+01    1.39504E-06
 1.72703E+01    1.27755E-06
 1.73599E+01    1.17475E-06
 1.74386E+01    1.08480E-06
 1.75078E+01    1.00610E-06
 1.75686E+01    9.37230E-07
 1.76220E+01    8.76970E-07
 1.77157E+01    7.71520E-07
 1.77864E+01    6.92430E-07
 1.78395E+01    6.33110E-07
 1.79196E+01    5.44140E-07
 1.80000E+01    4.55160E-07
 1.81189E+01    4.31470E-07
 1.82311E+01    4.09260E-07
 1.83369E+01    3.88440E-07
 1.84367E+01    3.68910E-07
 1.85307E+01    3.50610E-07
 1.86193E+01    3.33450E-07
 1.87027E+01    3.17370E-07
 1.87813E+01    3.02290E-07
 1.89295E+01    2.74010E-07
 1.90601E+01    2.49270E-07
 1.91751E+01    2.27630E-07
 1.92763E+01    2.08680E-07
 1.93654E+01    1.92110E-07
 1.94436E+01    1.77610E-07
 1.95123E+01    1.64920E-07
 1.95726E+01    1.53820E-07
 1.96786E+01    1.34380E-07
 1.97584E+01    1.19810E-07
 1.98186E+01    1.08880E-07
 1.99091E+01    9.24860E-08
 2.00000E+01    7.60920E-08
