# n + Cd113 : (n,g)     
# jendl4.0   S.Kunieda, A.Ichihara, K.Shibata+ EVAL-FEB22
# uncertainties: n
# # energies =   616
#   E(MeV)       xs(mb) 
 1.00000E-11    7.62186E+08
 1.04713E-11    7.44844E+08
 1.09648E-11    7.27886E+08
 1.14815E-11    7.11330E+08
 1.20226E-11    6.95132E+08
 1.25893E-11    6.79324E+08
 1.31826E-11    6.63854E+08
 1.38038E-11    6.48756E+08
 1.44544E-11    6.33986E+08
 1.51356E-11    6.19564E+08
 1.58489E-11    6.05464E+08
 1.65959E-11    5.91684E+08
 1.73780E-11    5.78225E+08
 1.81970E-11    5.65061E+08
 1.90546E-11    5.52212E+08
 1.99526E-11    5.39639E+08
 2.08930E-11    5.27368E+08
 2.18776E-11    5.15362E+08
 2.29087E-11    5.03642E+08
 2.39883E-11    4.92179E+08
 2.51189E-11    4.80984E+08
 2.63027E-11    4.70042E+08
 2.75423E-11    4.59345E+08
 2.88403E-11    4.48900E+08
 3.01995E-11    4.38682E+08
 3.16228E-11    4.28709E+08
 3.31131E-11    4.18950E+08
 3.46737E-11    4.09427E+08
 3.63078E-11    4.00108E+08
 3.80189E-11    3.91012E+08
 3.98107E-11    3.82116E+08
 4.16869E-11    3.73426E+08
 4.36516E-11    3.64935E+08
 4.57088E-11    3.56632E+08
 4.78630E-11    3.48526E+08
 5.01187E-11    3.40596E+08
 5.24807E-11    3.32856E+08
 5.49541E-11    3.25283E+08
 5.75440E-11    3.17892E+08
 6.02560E-11    3.10661E+08
 6.30957E-11    3.03601E+08
 6.60693E-11    2.96698E+08
 6.91831E-11    2.89953E+08
 7.24436E-11    2.83365E+08
 7.58578E-11    2.76921E+08
 7.94328E-11    2.70631E+08
 8.31764E-11    2.64477E+08
 8.70964E-11    2.58472E+08
 9.12011E-11    2.52595E+08
 9.54993E-11    2.46860E+08
 1.00000E-10    2.41249E+08
 1.04713E-10    2.35771E+08
 1.09648E-10    2.30416E+08
 1.14815E-10    2.25182E+08
 1.20226E-10    2.20070E+08
 1.25893E-10    2.15071E+08
 1.31826E-10    2.10191E+08
 1.38038E-10    2.05417E+08
 1.44544E-10    2.00758E+08
 1.51356E-10    1.96199E+08
 1.58489E-10    1.91749E+08
 1.65959E-10    1.87398E+08
 1.73780E-10    1.83148E+08
 1.81970E-10    1.78994E+08
 1.90546E-10    1.74934E+08
 1.99526E-10    1.70970E+08
 2.08930E-10    1.67092E+08
 2.18776E-10    1.63308E+08
 2.29087E-10    1.59605E+08
 2.39883E-10    1.55992E+08
 2.51189E-10    1.52458E+08
 2.63027E-10    1.49007E+08
 2.75423E-10    1.45633E+08
 2.88403E-10    1.42337E+08
 3.01995E-10    1.39118E+08
 3.16228E-10    1.35970E+08
 3.31131E-10    1.32897E+08
 3.46737E-10    1.29891E+08
 3.63078E-10    1.26958E+08
 3.80189E-10    1.24089E+08
 3.98107E-10    1.21288E+08
 4.16869E-10    1.18549E+08
 4.36516E-10    1.15875E+08
 4.57088E-10    1.13262E+08
 4.78630E-10    1.10708E+08
 5.01187E-10    1.08214E+08
 5.24807E-10    1.05776E+08
 5.49541E-10    1.03396E+08
 5.75440E-10    1.01069E+08
 6.02560E-10    9.87974E+07
 6.30957E-10    9.65758E+07
 6.60693E-10    9.44079E+07
 6.91831E-10    9.22882E+07
 7.24436E-10    9.02185E+07
 7.58578E-10    8.81965E+07
 7.94328E-10    8.62205E+07
 8.31764E-10    8.42918E+07
 8.70964E-10    8.24057E+07
 9.12011E-10    8.05657E+07
 9.54993E-10    7.87660E+07
 1.00000E-09    7.70105E+07
 1.04713E-09    7.52937E+07
 1.09648E-09    7.36186E+07
 1.14815E-09    7.19814E+07
 1.20226E-09    7.03828E+07
 1.25892E-09    6.88219E+07
 1.31826E-09    6.72965E+07
 1.38038E-09    6.58083E+07
 1.44544E-09    6.43533E+07
 1.51356E-09    6.29344E+07
 1.58489E-09    6.15470E+07
 1.65959E-09    6.01941E+07
 1.73780E-09    5.88716E+07
 1.81970E-09    5.75815E+07
 1.90546E-09    5.63215E+07
 1.99526E-09    5.50913E+07
 2.08930E-09    5.38910E+07
 2.18776E-09    5.27183E+07
 2.29087E-09    5.15750E+07
 2.39883E-09    5.04577E+07
 2.51189E-09    4.93687E+07
 2.63027E-09    4.83046E+07
 2.75423E-09    4.72675E+07
 2.88403E-09    4.62546E+07
 3.01995E-09    4.52669E+07
 3.16228E-09    4.43033E+07
 3.31131E-09    4.33629E+07
 3.46737E-09    4.24464E+07
 3.63078E-09    4.15517E+07
 3.80189E-09    4.06803E+07
 3.98107E-09    3.98295E+07
 4.16869E-09    3.90012E+07
 4.36516E-09    3.81927E+07
 4.57088E-09    3.74056E+07
 4.78630E-09    3.66381E+07
 5.01187E-09    3.58905E+07
 5.24807E-09    3.51626E+07
 5.49541E-09    3.44530E+07
 5.75440E-09    3.37629E+07
 6.02560E-09    3.30903E+07
 6.30957E-09    3.24357E+07
 6.60693E-09    3.17995E+07
 6.91831E-09    3.11798E+07
 7.24436E-09    3.05776E+07
 7.58578E-09    2.99924E+07
 7.94328E-09    2.94231E+07
 8.31764E-09    2.88707E+07
 8.70964E-09    2.83342E+07
 9.12011E-09    2.78130E+07
 9.54993E-09    2.73082E+07
 1.00000E-08    2.68183E+07
 1.04713E-08    2.63435E+07
 1.09648E-08    2.58843E+07
 1.14815E-08    2.54393E+07
 1.20226E-08    2.50093E+07
 1.25893E-08    2.45942E+07
 1.31826E-08    2.41930E+07
 1.38038E-08    2.38067E+07
 1.44544E-08    2.34346E+07
 1.51356E-08    2.30765E+07
 1.58489E-08    2.27334E+07
 1.65959E-08    2.24042E+07
 1.73780E-08    2.20890E+07
 1.81970E-08    2.17884E+07
 1.90546E-08    2.15025E+07
 1.99526E-08    2.12308E+07
 2.08930E-08    2.09737E+07
 2.18776E-08    2.07318E+07
 2.29087E-08    2.05049E+07
 2.39883E-08    2.02930E+07
 2.51189E-08    2.00968E+07
 2.63027E-08    1.99171E+07
 2.75423E-08    1.97538E+07
 2.88403E-08    1.96073E+07
 3.01995E-08    1.94783E+07
 3.16228E-08    1.93680E+07
 3.31131E-08    1.92765E+07
 3.46737E-08    1.92046E+07
 3.63078E-08    1.91540E+07
 3.80189E-08    1.91254E+07
 3.98107E-08    1.91201E+07
 4.16869E-08    1.91400E+07
 4.36516E-08    1.91867E+07
 4.57088E-08    1.92618E+07
 4.78630E-08    1.93684E+07
 5.01187E-08    1.95087E+07
 5.24807E-08    1.96857E+07
 5.49541E-08    1.99035E+07
 5.75440E-08    2.01656E+07
 6.02560E-08    2.04775E+07
 6.30957E-08    2.08447E+07
 6.60693E-08    2.12734E+07
 6.91831E-08    2.17721E+07
 7.24436E-08    2.23497E+07
 7.58578E-08    2.30171E+07
 7.94328E-08    2.37871E+07
 8.31764E-08    2.46752E+07
 8.70964E-08    2.56989E+07
 9.12011E-08    2.68802E+07
 9.54993E-08    2.82432E+07
 1.00000E-07    2.98176E+07
 1.04713E-07    3.16349E+07
 1.09648E-07    3.37308E+07
 1.14815E-07    3.61411E+07
 1.20226E-07    3.88960E+07
 1.25893E-07    4.20094E+07
 1.31826E-07    4.54618E+07
 1.38038E-07    4.91683E+07
 1.44544E-07    5.29590E+07
 1.51356E-07    5.65125E+07
 1.58489E-07    5.93586E+07
 1.65959E-07    6.09199E+07
 1.73780E-07    6.06457E+07
 1.81970E-07    5.82212E+07
 1.90546E-07    5.37390E+07
 1.99526E-07    4.77227E+07
 2.08930E-07    4.09557E+07
 2.18776E-07    3.41919E+07
 2.29087E-07    2.79934E+07
 2.39883E-07    2.26427E+07
 2.51189E-07    1.82066E+07
 2.63027E-07    1.46188E+07
 2.75423E-07    1.17568E+07
 2.88403E-07    9.48805E+06
 3.01995E-07    7.69196E+06
 3.16228E-07    6.26741E+06
 3.31131E-07    5.13333E+06
 3.46737E-07    4.22616E+06
 3.63078E-07    3.49667E+06
 3.80189E-07    2.90694E+06
 3.98107E-07    2.42729E+06
 4.16869E-07    2.03522E+06
 4.36516E-07    1.71311E+06
 4.57088E-07    1.44718E+06
 4.78630E-07    1.22662E+06
 5.01187E-07    1.04291E+06
 5.24807E-07    8.89269E+05
 5.49541E-07    7.60296E+05
 5.75440E-07    6.51645E+05
 6.02560E-07    5.59815E+05
 6.30957E-07    4.81962E+05
 6.60693E-07    4.15768E+05
 6.91831E-07    3.59336E+05
 7.24436E-07    3.11112E+05
 7.58578E-07    2.69799E+05
 7.94328E-07    2.34324E+05
 8.31764E-07    2.03803E+05
 8.70964E-07    1.77494E+05
 9.12011E-07    1.54775E+05
 9.54993E-07    1.35125E+05
 1.00000E-06    1.18102E+05
 1.04713E-06    1.03334E+05
 1.09648E-06    9.04997E+04
 1.14815E-06    7.93358E+04
 1.20226E-06    6.96084E+04
 1.25893E-06    6.11190E+04
 1.31826E-06    5.37078E+04
 1.38038E-06    4.72300E+04
 1.44544E-06    4.15727E+04
 1.51356E-06    3.66141E+04
 1.58489E-06    3.22603E+04
 1.65959E-06    2.84408E+04
 1.73780E-06    2.50879E+04
 1.81970E-06    2.21430E+04
 1.90546E-06    1.95543E+04
 1.99526E-06    1.72845E+04
 2.08930E-06    1.52811E+04
 2.18776E-06    1.35113E+04
 2.29087E-06    1.19520E+04
 2.39883E-06    1.05787E+04
 2.51189E-06    9.36486E+03
 2.63027E-06    8.29437E+03
 2.75423E-06    7.34971E+03
 2.88403E-06    6.51344E+03
 3.01995E-06    5.77626E+03
 3.16228E-06    5.12408E+03
 3.31131E-06    4.54587E+03
 3.46737E-06    4.03496E+03
 3.63078E-06    3.58241E+03
 3.80189E-06    3.18140E+03
 3.98107E-06    2.82677E+03
 4.16869E-06    2.51214E+03
 4.36516E-06    2.23335E+03
 4.57088E-06    1.98656E+03
 4.78630E-06    1.76739E+03
 5.01187E-06    1.57325E+03
 5.24807E-06    1.40134E+03
 5.49541E-06    1.24885E+03
 5.75440E-06    1.11435E+03
 6.02560E-06    9.96569E+02
 6.30957E-06    8.99917E+02
 6.60693E-06    9.13070E+02
 6.91831E-06    1.05303E+03
 7.24436E-06    6.63534E+02
 7.58578E-06    5.71334E+02
 7.94328E-06    5.07386E+02
 8.31764E-06    4.53301E+02
 8.70964E-06    4.06003E+02
 9.12011E-06    3.64337E+02
 9.54993E-06    3.27699E+02
 1.00000E-05    2.95356E+02
 1.04713E-05    2.66913E+02
 1.09648E-05    2.42090E+02
 1.14815E-05    2.20553E+02
 1.20226E-05    2.02217E+02
 1.25893E-05    1.87102E+02
 1.31826E-05    1.75516E+02
 1.38038E-05    1.68370E+02
 1.44544E-05    1.67780E+02
 1.51356E-05    1.79628E+02
 1.58489E-05    2.23126E+02
 1.65959E-05    3.97780E+02
 1.73780E-05    4.62210E+03
 1.81970E-05    3.17904E+04
 1.90546E-05    5.41427E+02
 1.99526E-05    1.95831E+02
 2.08930E-05    9.52427E+02
 2.18776E-05    5.55442E+02
 2.29087E-05    7.65826E+01
 2.39883E-05    6.17396E+01
 2.51189E-05    5.38357E+01
 2.63027E-05    4.84739E+01
 2.75423E-05    4.45218E+01
 2.88403E-05    4.14925E+01
 3.01995E-05    3.91362E+01
 3.16228E-05    3.73526E+01
 3.31131E-05    3.60658E+01
 3.46737E-05    3.52192E+01
 3.63078E-05    3.48800E+01
 3.80189E-05    3.51351E+01
 3.98107E-05    3.67525E+01
 4.16869E-05    2.34923E+02
 4.36516E-05    6.18053E+01
 4.57088E-05    4.58341E+01
 4.78630E-05    5.35112E+02
 5.01187E-05    1.00852E+02
 5.24807E-05    8.31277E+01
 5.49541E-05    1.19511E+03
 5.75440E-05    1.90898E+02
 6.02560E-05    1.52069E+03
 6.30957E-05    5.39345E+04
 6.60693E-05    2.84039E+02
 6.91831E-05    1.63724E+02
 7.24436E-05    2.02044E+02
 7.58578E-05    3.94841E+02
 7.94328E-05    1.98726E+03
 8.31764E-05    2.11632E+05
 8.70964E-05    1.29877E+03
 9.12011E-05    2.91189E+02
 9.54993E-05    5.42203E+02
 1.00000E-04    5.64358E+02
 1.04713E-04    5.81296E+04
 1.09648E-04    6.66075E+02
 1.14815E-04    9.16326E+01
 1.20226E-04    4.74494E+01
 1.25893E-04    3.72983E+01
 1.31826E-04    4.71101E+01
 1.38038E-04    9.33595E+03
 1.44544E-04    1.38855E+02
 1.51356E-04    4.24441E+03
 1.58489E-04    1.70861E+04
 1.65959E-04    1.29308E+02
 1.73780E-04    9.80098E+01
 1.81970E-04    6.60060E+02
 1.90546E-04    3.85153E+04
 1.99526E-04    3.63864E+02
 2.08930E-04    2.17324E+04
 2.18776E-04    1.61759E+02
 2.29087E-04    1.93013E+03
 2.39883E-04    6.39227E+01
 2.51189E-04    2.57304E+04
 2.63027E-04    1.32919E+04
 2.75423E-04    6.17818E+02
 2.88403E-04    4.46977E+03
 3.01995E-04    4.64510E+02
 3.16228E-04    1.17077E+01
 3.31131E-04    1.36915E+02
 3.46737E-04    2.30567E+02
 3.63078E-04    5.23386E+02
 3.80189E-04    8.99432E+01
 3.98107E-04    2.17303E+04
 4.16869E-04    7.83855E+03
 4.36516E-04    9.84346E+02
 4.57088E-04    6.08685E+02
 4.78630E-04    6.27359E+03
 5.01187E-04    6.52372E+03
 5.24807E-04    3.87357E+03
 5.49541E-04    1.12652E+04
 5.75440E-04    4.48866E+02
 6.02560E-04    3.35336E+03
 6.30957E-04    6.09354E+01
 6.60693E-04    2.93261E+03
 6.91831E-04    3.73933E+03
 7.24436E-04    3.30634E+02
 7.58578E-04    1.92750E+03
 7.94328E-04    4.03144E+02
 8.31764E-04    1.20080E+04
 8.70964E-04    2.57378E+03
 9.12011E-04    1.11069E+03
 9.54993E-04    1.62108E+03
 1.00000E-03    3.03121E+03
 1.04713E-03    2.95279E+03
 1.09648E-03    2.87640E+03
 1.14815E-03    2.80199E+03
 1.20226E-03    2.72952E+03
 1.25893E-03    2.65902E+03
 1.31826E-03    2.59020E+03
 1.38038E-03    2.52317E+03
 1.44544E-03    2.45788E+03
 1.51356E-03    2.39429E+03
 1.58489E-03    2.33245E+03
 1.65959E-03    2.27206E+03
 1.73780E-03    2.21332E+03
 1.81970E-03    2.15603E+03
 1.90546E-03    2.10030E+03
 1.99526E-03    2.04953E+03
 2.08930E-03    2.00430E+03
 2.18776E-03    1.96009E+03
 2.29087E-03    1.91692E+03
 2.39883E-03    1.87464E+03
 2.51189E-03    1.83326E+03
 2.63027E-03    1.79290E+03
 2.75423E-03    1.75332E+03
 2.88403E-03    1.71470E+03
 3.01995E-03    1.67932E+03
 3.16228E-03    1.64602E+03
 3.31131E-03    1.61336E+03
 3.46737E-03    1.58142E+03
 3.63078E-03    1.55003E+03
 3.80189E-03    1.51933E+03
 3.98107E-03    1.48998E+03
 4.16869E-03    1.46237E+03
 4.36516E-03    1.43532E+03
 4.57088E-03    1.40870E+03
 4.78630E-03    1.38263E+03
 5.01187E-03    1.35755E+03
 5.24807E-03    1.33345E+03
 5.49541E-03    1.30971E+03
 5.75440E-03    1.28644E+03
 6.02560E-03    1.26386E+03
 6.30957E-03    1.24179E+03
 6.60693E-03    1.22017E+03
 6.91831E-03    1.19888E+03
 7.24436E-03    1.17793E+03
 7.58578E-03    1.15737E+03
 7.94328E-03    1.13702E+03
 8.31764E-03    1.11694E+03
 8.70964E-03    1.09718E+03
 9.12011E-03    1.07733E+03
 9.54993E-03    1.05773E+03
 1.00000E-02    1.03742E+03
 1.04713E-02    1.01649E+03
 1.09648E-02    9.95987E+02
 1.14815E-02    9.75938E+02
 1.20226E-02    9.56253E+02
 1.25893E-02    9.36947E+02
 1.31826E-02    9.18044E+02
 1.38038E-02    8.99521E+02
 1.44544E-02    8.81373E+02
 1.51356E-02    8.63621E+02
 1.58489E-02    8.46198E+02
 1.65959E-02    8.29112E+02
 1.73780E-02    8.12415E+02
 1.81970E-02    7.96008E+02
 1.90546E-02    7.79968E+02
 1.99526E-02    7.62920E+02
 2.08930E-02    7.44675E+02
 2.18776E-02    7.26863E+02
 2.29087E-02    7.09494E+02
 2.39883E-02    6.92535E+02
 2.51189E-02    6.75966E+02
 2.63027E-02    6.59817E+02
 2.75423E-02    6.44029E+02
 2.88403E-02    6.28622E+02
 3.01995E-02    6.12768E+02
 3.16228E-02    5.96891E+02
 3.31131E-02    5.81385E+02
 3.46737E-02    5.66290E+02
 3.63078E-02    5.51602E+02
 3.80189E-02    5.37286E+02
 3.98107E-02    5.23125E+02
 4.16869E-02    5.08990E+02
 4.36516E-02    4.95249E+02
 4.57088E-02    4.81864E+02
 4.78630E-02    4.68858E+02
 5.01187E-02    4.56080E+02
 5.24807E-02    4.43568E+02
 5.49541E-02    4.31392E+02
 5.75440E-02    4.19561E+02
 6.02560E-02    4.08059E+02
 6.30957E-02    3.96896E+02
 6.60693E-02    3.86028E+02
 6.91831E-02    3.75492E+02
 7.24436E-02    3.65335E+02
 7.58578E-02    3.55461E+02
 7.94328E-02    3.45933E+02
 8.31764E-02    3.36828E+02
 8.70964E-02    3.27983E+02
 9.12011E-02    3.19522E+02
 9.54993E-02    3.11343E+02
 1.00000E-01    3.03617E+02
 1.04713E-01    2.96357E+02
 1.09648E-01    2.89259E+02
 1.14815E-01    2.82342E+02
 1.20226E-01    2.75897E+02
 1.25893E-01    2.69872E+02
 1.31826E-01    2.63985E+02
 1.38038E-01    2.58396E+02
 1.44544E-01    2.53453E+02
 1.51356E-01    2.48652E+02
 1.58489E-01    2.44142E+02
 1.65959E-01    2.40149E+02
 1.73780E-01    2.36250E+02
 1.81970E-01    2.32838E+02
 1.90546E-01    2.29652E+02
 1.99526E-01    2.27027E+02
 2.08930E-01    2.25025E+02
 2.18776E-01    2.22930E+02
 2.29087E-01    2.20741E+02
 2.39883E-01    2.18737E+02
 2.51189E-01    2.17415E+02
 2.63027E-01    2.16758E+02
 2.75423E-01    2.16073E+02
 2.88403E-01    2.15118E+02
 3.01995E-01    2.00000E+02
 3.16228E-01    1.78259E+02
 3.31131E-01    1.58896E+02
 3.46737E-01    1.43693E+02
 3.63078E-01    1.33997E+02
 3.80189E-01    1.25088E+02
 3.98107E-01    1.18003E+02
 4.16869E-01    1.13081E+02
 4.36516E-01    1.08297E+02
 4.57088E-01    1.02612E+02
 4.78630E-01    9.68815E+01
 5.01187E-01    9.16494E+01
 5.24807E-01    8.68284E+01
 5.49541E-01    8.18602E+01
 5.75440E-01    7.67599E+01
 6.02560E-01    7.24119E+01
 6.30957E-01    6.85599E+01
 6.60693E-01    6.49443E+01
 6.91831E-01    6.12706E+01
 7.24436E-01    5.73353E+01
 7.58578E-01    5.36630E+01
 7.94328E-01    5.05469E+01
 8.31764E-01    4.80219E+01
 8.70964E-01    4.52271E+01
 9.12011E-01    4.14388E+01
 9.54993E-01    3.78644E+01
 1.00000E+00    3.49188E+01
 1.04713E+00    3.23451E+01
 1.09648E+00    2.99606E+01
 1.14815E+00    2.77488E+01
 1.20226E+00    2.63288E+01
 1.25893E+00    2.54938E+01
 1.31826E+00    2.46992E+01
 1.38038E+00    2.40083E+01
 1.44544E+00    2.36449E+01
 1.51356E+00    2.32884E+01
 1.58489E+00    2.29150E+01
 1.65959E+00    2.25173E+01
 1.73780E+00    2.20970E+01
 1.81970E+00    2.16441E+01
 1.90546E+00    2.11528E+01
 1.99526E+00    2.06384E+01
 2.08930E+00    2.00997E+01
 2.18776E+00    1.95313E+01
 2.29087E+00    1.89168E+01
 2.39883E+00    1.82698E+01
 2.51189E+00    1.75885E+01
 2.63027E+00    1.68747E+01
 2.75423E+00    1.61355E+01
 2.88403E+00    1.53756E+01
 3.01995E+00    1.46354E+01
 3.16228E+00    1.38987E+01
 3.31131E+00    1.30141E+01
 3.46737E+00    1.21440E+01
 3.63078E+00    1.13310E+01
 3.80189E+00    1.04156E+01
 3.98107E+00    9.50668E+00
 4.16869E+00    8.62813E+00
 4.36516E+00    7.69554E+00
 4.57088E+00    6.80711E+00
 4.78630E+00    5.92057E+00
 5.01187E+00    5.05785E+00
 5.24807E+00    4.28478E+00
 5.49541E+00    3.58201E+00
 5.75440E+00    2.95067E+00
 6.02560E+00    2.40744E+00
 6.30957E+00    1.94986E+00
 6.60693E+00    1.58119E+00
 6.91831E+00    1.29253E+00
 7.24436E+00    1.07937E+00
 7.58578E+00    9.30493E-01
 7.94328E+00    8.28251E-01
 8.31764E+00    7.67706E-01
 8.70964E+00    7.40611E-01
 9.12011E+00    7.35964E-01
 9.54993E+00    7.47038E-01
 1.00000E+01    7.68273E-01
 1.04713E+01    7.94041E-01
 1.09648E+01    8.18441E-01
 1.14815E+01    8.40608E-01
 1.20226E+01    8.55932E-01
 1.25893E+01    8.64200E-01
 1.31826E+01    8.57617E-01
 1.38038E+01    8.37437E-01
 1.44544E+01    7.92696E-01
 1.51356E+01    7.31309E-01
 1.58489E+01    6.57734E-01
 1.65959E+01    5.72595E-01
 1.73780E+01    4.87593E-01
 1.81970E+01    4.10532E-01
 1.90546E+01    3.44539E-01
 1.99526E+01    1.61620E-02
