# n + Pd107 : (n,tot)   
# tendl.2019 A.J. Koning and D. Rochman        EVAL-NOV19
# uncertainties: y
# # energies =   171
#   E(MeV)       xs(mb)       xslow(mb)      xsupp(mb)
 1.00000E-11    1.09943E+05    1.04293E+05    1.15594E+05
 1.00000E-07    6.92822E+03    6.19454E+03    7.66189E+03
 4.13990E-07    5.62709E+03    4.85735E+03    6.39684E+03
 5.31580E-07    5.33883E+03    4.56654E+03    6.11111E+03
 6.82560E-07    5.08108E+03    4.34608E+03    5.81608E+03
 8.76420E-07    4.85119E+03    4.10180E+03    5.60059E+03
 1.12540E-06    4.64798E+03    3.86238E+03    5.43357E+03
 1.44500E-06    4.47101E+03    3.71533E+03    5.22669E+03
 1.85540E-06    4.32141E+03    3.59101E+03    5.05181E+03
 2.37240E-06    4.20836E+03    3.44870E+03    4.96802E+03
 3.05900E-06    4.67231E+03    3.90965E+03    5.43498E+03
 3.92790E-06    5.55296E+03    4.64654E+03    6.45937E+03
 5.04350E-06    9.96101E+03    9.30180E+03    1.06202E+04
 6.47600E-06    1.19014E+04    1.10868E+04    1.27160E+04
 8.31530E-06    3.73054E+03    2.99545E+03    4.46562E+03
 1.06770E-05    3.60830E+03    2.86088E+03    4.35573E+03
 1.37100E-05    3.52628E+03    2.79585E+03    4.25671E+03
 1.76030E-05    3.44582E+03    2.72166E+03    4.16997E+03
 2.26030E-05    9.99007E+03    9.12336E+03    1.08568E+04
 2.92030E-05    3.54456E+03    3.23704E+03    3.85207E+03
 3.72670E-05    2.19929E+05    1.87585E+05    2.52273E+05
 4.78510E-05    2.73986E+04    2.70239E+04    2.77732E+04
 6.14420E-05    2.11525E+04    1.79227E+04    2.43823E+04
 7.88930E-05    5.06383E+04    4.70384E+04    5.42382E+04
 1.01300E-04    1.54891E+04    1.50880E+04    1.58903E+04
 1.30070E-04    3.32944E+04    3.24321E+04    3.41567E+04
 1.67020E-04    4.03808E+04    3.93350E+04    4.14266E+04
 2.14450E-04    1.89851E+04    1.81036E+04    1.98666E+04
 2.75360E-04    2.15119E+04    2.05130E+04    2.25107E+04
 3.53580E-04    1.28996E+04    1.22116E+04    1.35876E+04
 4.54000E-04    2.56983E+04    2.33234E+04    2.80732E+04
 5.82950E-04    1.93133E+04    1.78676E+04    2.07591E+04
 7.48520E-04    9.92948E+03    9.13385E+03    1.07251E+04
 9.61120E-04    7.33306E+03    6.59150E+03    8.07463E+03
 1.23410E-03    6.92282E+03    6.15718E+03    7.68847E+03
 1.58460E-03    1.10004E+04    1.01432E+04    1.18576E+04
 2.03470E-03    4.66088E+03    4.39057E+03    4.93118E+03
 2.24870E-03    7.34138E+03    6.91561E+03    7.76714E+03
 2.48520E-03    3.75883E+03    3.54083E+03    3.97682E+03
 2.61260E-03    3.15668E+04    2.97360E+04    3.33975E+04
 2.74650E-03    2.80617E+04    2.64342E+04    2.96891E+04
 3.03540E-03    4.20459E+04    3.96028E+04    4.44889E+04
 3.35460E-03    4.05057E+04    3.81521E+04    4.28592E+04
 3.70740E-03    9.42372E+03    8.41788E+03    1.04296E+04
 4.30740E-03    9.17381E+03    8.19465E+03    1.01530E+04
 5.53080E-03    8.85343E+03    7.90846E+03    9.79840E+03
 7.10170E-03    8.70070E+03    7.77204E+03    9.62937E+03
 9.11880E-03    8.56183E+03    7.64798E+03    9.47567E+03
 1.17090E-02    8.53068E+03    7.62016E+03    9.44120E+03
 1.50340E-02    8.50770E+03    7.59963E+03    9.41576E+03
 1.93050E-02    8.49752E+03    7.59054E+03    9.40450E+03
 2.18750E-02    8.51856E+03    7.60934E+03    9.42779E+03
 2.35790E-02    8.53079E+03    7.62026E+03    9.44132E+03
 2.41760E-02    8.53716E+03    7.62595E+03    9.44837E+03
 2.47880E-02    8.54703E+03    7.63476E+03    9.45929E+03
 2.60580E-02    8.55871E+03    7.64520E+03    9.47222E+03
 2.70000E-02    8.57153E+03    7.65665E+03    9.48641E+03
 2.85000E-02    8.59672E+03    7.67915E+03    9.51429E+03
 3.18280E-02    8.62747E+03    7.13249E+03    1.01225E+04
 3.43070E-02    8.67425E+03    7.17116E+03    1.01773E+04
 4.08680E-02    8.73790E+03    7.22378E+03    1.02520E+04
 4.63090E-02    8.79897E+03    7.27427E+03    1.03237E+04
 5.24750E-02    8.85340E+03    7.31926E+03    1.03875E+04
 5.65620E-02    8.92142E+03    7.37550E+03    1.04673E+04
 6.73790E-02    8.96650E+03    7.41277E+03    1.05202E+04
 7.20000E-02    8.99645E+03    7.43753E+03    1.05554E+04
 7.95000E-02    9.02282E+03    7.45933E+03    1.05863E+04
 8.25000E-02    9.04023E+03    7.47372E+03    1.06067E+04
 8.65170E-02    9.07833E+03    7.50522E+03    1.06514E+04
 9.80370E-02    9.10567E+03    7.52783E+03    1.06835E+04
 1.11090E-01    9.08430E+03    7.51016E+03    1.06584E+04
 1.16790E-01    9.07802E+03    7.50497E+03    1.06511E+04
 1.22770E-01    9.07937E+03    7.50608E+03    1.06527E+04
 1.29070E-01    9.08079E+03    7.50725E+03    1.06543E+04
 1.35690E-01    9.08228E+03    7.50848E+03    1.06561E+04
 1.42640E-01    9.08384E+03    7.50978E+03    1.06579E+04
 1.49960E-01    9.08549E+03    7.51114E+03    1.06598E+04
 1.57640E-01    9.08722E+03    7.51257E+03    1.06619E+04
 1.65730E-01    9.08904E+03    7.51408E+03    1.06640E+04
 1.74220E-01    9.09096E+03    7.51566E+03    1.06663E+04
 1.83160E-01    9.09297E+03    7.51732E+03    1.06686E+04
 1.92550E-01    9.09439E+03    7.51850E+03    1.06703E+04
 2.02420E-01    9.07930E+03    7.94478E+03    1.02138E+04
 2.12800E-01    9.05630E+03    7.92466E+03    1.01879E+04
 2.23710E-01    9.03214E+03    7.90351E+03    1.01608E+04
 2.35180E-01    9.00673E+03    7.88128E+03    1.01322E+04
 2.47240E-01    8.96597E+03    7.84562E+03    1.00863E+04
 2.73240E-01    8.92086E+03    7.80614E+03    1.00356E+04
 2.87250E-01    8.89429E+03    7.78289E+03    1.00057E+04
 2.94520E-01    8.88185E+03    7.77200E+03    9.99169E+03
 2.97200E-01    8.87688E+03    7.76766E+03    9.98610E+03
 2.98500E-01    8.86598E+03    7.75812E+03    9.97384E+03
 3.01970E-01    8.73091E+03    7.63993E+03    9.82189E+03
 3.33730E-01    8.58674E+03    7.51377E+03    9.65971E+03
 3.68830E-01    8.54982E+03    7.48146E+03    9.61817E+03
 3.87740E-01    8.59577E+03    7.52167E+03    9.66986E+03
 4.07620E-01    8.54134E+03    7.47405E+03    9.60864E+03
 4.50490E-01    8.42292E+03    7.37043E+03    9.47542E+03
 4.97870E-01    8.32979E+03    7.28893E+03    9.37065E+03
 5.23400E-01    8.26488E+03    7.23213E+03    9.29763E+03
 5.50230E-01    8.19478E+03    7.17079E+03    9.21877E+03
 5.78440E-01    8.12601E+03    7.11061E+03    9.14140E+03
 6.08100E-01    8.05928E+03    7.20865E+03    8.90991E+03
 6.39280E-01    7.97980E+03    7.13756E+03    8.82204E+03
 6.72060E-01    7.89941E+03    7.06565E+03    8.73316E+03
 7.06510E-01    7.82087E+03    6.99541E+03    8.64634E+03
 7.42740E-01    7.73012E+03    6.91423E+03    8.54601E+03
 7.80820E-01    7.64923E+03    6.84188E+03    8.45658E+03
 8.20850E-01    7.56293E+03    6.76469E+03    8.36117E+03
 8.62940E-01    7.46994E+03    6.68151E+03    8.25837E+03
 9.07180E-01    7.36377E+03    6.58655E+03    8.14100E+03
 9.61640E-01    7.26071E+03    6.49437E+03    8.02705E+03
 1.00260E+00    7.08967E+03    6.36875E+03    7.81058E+03
 1.10800E+00    6.91300E+03    6.21005E+03    7.61595E+03
 1.16480E+00    6.82949E+03    6.13503E+03    7.52395E+03
 1.22460E+00    6.72665E+03    6.04265E+03    7.41065E+03
 1.28730E+00    6.60706E+03    5.93522E+03    7.27891E+03
 1.35340E+00    6.48135E+03    5.82229E+03    7.14040E+03
 1.42270E+00    6.34923E+03    5.70360E+03    6.99485E+03
 1.49570E+00    6.21267E+03    5.58093E+03    6.84441E+03
 1.57240E+00    6.07736E+03    5.45938E+03    6.69534E+03
 1.65300E+00    5.93582E+03    5.33223E+03    6.53940E+03
 1.73770E+00    5.78718E+03    5.19871E+03    6.37565E+03
 1.82680E+00    5.64012E+03    5.17486E+03    6.10538E+03
 1.92050E+00    5.49084E+03    5.03789E+03    5.94378E+03
 2.01900E+00    5.33498E+03    4.89489E+03    5.77507E+03
 2.12250E+00    5.18385E+03    4.75623E+03    5.61147E+03
 2.23130E+00    5.05532E+03    4.63830E+03    5.47234E+03
 2.30690E+00    4.97734E+03    4.56676E+03    5.38793E+03
 2.34570E+00    4.94115E+03    4.53354E+03    5.34875E+03
 2.36530E+00    4.91682E+03    4.51122E+03    5.32241E+03
 2.38520E+00    4.85505E+03    4.45455E+03    5.25555E+03
 2.46600E+00    4.72974E+03    4.33957E+03    5.11990E+03
 2.59240E+00    4.58682E+03    4.20845E+03    4.96520E+03
 2.72530E+00    4.44773E+03    4.09381E+03    4.80166E+03
 2.86500E+00    4.31679E+03    3.97328E+03    4.66029E+03
 3.01190E+00    4.19520E+03    3.86137E+03    4.52903E+03
 3.16640E+00    4.08493E+03    3.75988E+03    4.40999E+03
 3.32870E+00    3.94462E+03    3.63073E+03    4.25851E+03
 3.67880E+00    3.80676E+03    3.50384E+03    4.10968E+03
 4.06570E+00    3.73517E+03    3.43795E+03    4.03239E+03
 4.49330E+00    3.72096E+03    3.42487E+03    4.01705E+03
 4.72370E+00    3.73294E+03    3.59325E+03    3.87264E+03
 4.96590E+00    3.75674E+03    3.61616E+03    3.89733E+03
 5.22050E+00    3.78803E+03    3.64628E+03    3.92979E+03
 5.48810E+00    3.82678E+03    3.68357E+03    3.96999E+03
 5.76950E+00    3.87032E+03    3.72548E+03    4.01515E+03
 6.06530E+00    3.91609E+03    3.76954E+03    4.06264E+03
 6.37630E+00    3.95597E+03    3.80793E+03    4.10401E+03
 6.59240E+00    3.98070E+03    3.83173E+03    4.12966E+03
 6.70320E+00    4.01479E+03    3.89712E+03    4.13247E+03
 7.04690E+00    4.06432E+03    3.94519E+03    4.18345E+03
 7.40820E+00    4.11000E+03    3.98953E+03    4.23047E+03
 7.78800E+00    4.15790E+03    4.03603E+03    4.27977E+03
 8.18730E+00    4.20298E+03    4.07979E+03    4.32617E+03
 8.60710E+00    4.24581E+03    4.12136E+03    4.37026E+03
 9.04840E+00    4.28932E+03    4.08610E+03    4.49255E+03
 9.51230E+00    4.32737E+03    4.12234E+03    4.53240E+03
 1.00000E+01    4.36351E+03    4.15677E+03    4.57026E+03
 1.05130E+01    4.39141E+03    4.18334E+03    4.59947E+03
 1.10520E+01    4.41218E+03    4.20313E+03    4.62123E+03
 1.16180E+01    4.42233E+03    4.21280E+03    4.63186E+03
 1.22140E+01    4.42122E+03    4.21174E+03    4.63070E+03
 1.28400E+01    4.40781E+03    4.19897E+03    4.61666E+03
 1.34990E+01    4.38926E+03    4.12197E+03    4.65655E+03
 1.38400E+01    4.37218E+03    4.10593E+03    4.63843E+03
 1.41910E+01    4.35159E+03    4.08660E+03    4.61658E+03
 1.45500E+01    4.32744E+03    4.06391E+03    4.59096E+03
 1.49180E+01    4.28354E+03    4.02269E+03    4.54440E+03
 1.56830E+01    4.21153E+03    3.95507E+03    4.46800E+03
 1.64870E+01    4.12733E+03    3.86188E+03    4.39277E+03
