# p + W 186 : (p,np)g   
# tendl.2019 A.J. Koning                       EVAL-OCT19
# uncertainties: y
# # energies =    19
#   E(MeV)       xs(mb)       xslow(mb)      xsupp(mb)
 7.23102E+00    0.00000E+00    0.00000E+00    0.00000E+00
 8.00000E+00    8.50044E-14    0.00000E+00    0.00000E+00
 9.00000E+00    2.39791E-09    0.00000E+00    0.00000E+00
 1.00000E+01    5.83347E-07    0.00000E+00    0.00000E+00
 1.10000E+01    3.10133E-05    0.00000E+00    0.00000E+00
 1.20000E+01    6.04718E-04    0.00000E+00    0.00000E+00
 1.30000E+01    5.31512E-03    0.00000E+00    0.00000E+00
 1.40000E+01    2.92058E-02    0.00000E+00    0.00000E+00
 1.50000E+01    1.12640E-01    0.00000E+00    0.00000E+00
 1.60000E+01    3.46390E-01    0.00000E+00    0.00000E+00
 1.70000E+01    8.63902E-01    0.00000E+00    0.00000E+00
 1.80000E+01    1.79263E+00    0.00000E+00    0.00000E+00
 1.90000E+01    3.21268E+00    0.00000E+00    0.00000E+00
 2.00000E+01    5.36068E+00    0.00000E+00    0.00000E+00
 2.20000E+01    1.10441E+01    0.00000E+00    0.00000E+00
 2.40000E+01    1.80347E+01    0.00000E+00    0.00000E+00
 2.60000E+01    2.49734E+01    0.00000E+00    0.00000E+00
 2.80000E+01    3.11202E+01    0.00000E+00    0.00000E+00
 3.00000E+01    3.62970E+01    0.00000E+00    0.00000E+00
