# p + W 186 : (p,xg)    
# tendl.2019 A.J. Koning                       EVAL-OCT19
# 
# # energies =    56
#   E(MeV)        xs(mb) 
 1.37118E+00    0.00000E+00
 1.43051E+00    0.00000E+00
 1.47108E+00    0.00000E+00
 1.51825E+00    0.00000E+00
 1.52099E+00    0.00000E+00
 1.54605E+00    0.00000E+00
 1.55819E+00    0.00000E+00
 1.58302E+00    0.00000E+00
 1.64144E+00    0.00000E+00
 1.64629E+00    0.00000E+00
 1.68689E+00    0.00000E+00
 2.00000E+00    0.00000E+00
 3.00000E+00    0.00000E+00
 4.00000E+00    0.00000E+00
 5.00000E+00    0.00000E+00
 6.00000E+00    0.00000E+00
 7.00000E+00    0.00000E+00
 8.00000E+00    0.00000E+00
 9.00000E+00    0.00000E+00
 1.00000E+01    0.00000E+00
 1.10000E+01    0.00000E+00
 1.20000E+01    0.00000E+00
 1.30000E+01    0.00000E+00
 1.40000E+01    0.00000E+00
 1.50000E+01    0.00000E+00
 1.60000E+01    0.00000E+00
 1.70000E+01    0.00000E+00
 1.80000E+01    0.00000E+00
 1.90000E+01    0.00000E+00
 2.00000E+01    0.00000E+00
 2.20000E+01    0.00000E+00
 2.40000E+01    0.00000E+00
 2.60000E+01    0.00000E+00
 2.80000E+01    0.00000E+00
 3.00000E+01    0.00000E+00
 3.00000E+01    5.27412E+03
 3.50000E+01    6.36607E+03
 4.00000E+01    6.54405E+03
 4.50000E+01    6.81961E+03
 5.00000E+01    7.28546E+03
 5.50000E+01    7.47885E+03
 6.00000E+01    7.43984E+03
 6.50000E+01    7.35279E+03
 7.00000E+01    7.35749E+03
 7.50000E+01    7.35462E+03
 8.00000E+01    7.26374E+03
 9.00000E+01    6.84601E+03
 1.00000E+02    6.60082E+03
 1.10000E+02    6.41072E+03
 1.20000E+02    6.11028E+03
 1.30000E+02    5.85921E+03
 1.40000E+02    5.83305E+03
 1.50000E+02    5.64305E+03
 1.60000E+02    5.56960E+03
 1.80000E+02    5.29310E+03
 2.00000E+02    4.93670E+03
