# p + W 186 : (p,3n)m   
# tendl.2019 A.J. Koning                       EVAL-OCT19
# uncertainties: y
# # energies =    32
#   E(MeV)       xs(mb)       xslow(mb)      xsupp(mb)
 1.54854E+01    0.00000E+00    0.00000E+00    0.00000E+00
 1.60000E+01    2.25019E+00    0.00000E+00    0.00000E+00
 1.70000E+01    2.69856E+01    0.00000E+00    0.00000E+00
 1.80000E+01    7.61267E+01    0.00000E+00    0.00000E+00
 1.90000E+01    1.36712E+02    0.00000E+00    0.00000E+00
 2.00000E+01    1.97434E+02    0.00000E+00    0.00000E+00
 2.20000E+01    3.03150E+02    0.00000E+00    0.00000E+00
 2.40000E+01    3.66200E+02    0.00000E+00    0.00000E+00
 2.60000E+01    3.32429E+02    0.00000E+00    0.00000E+00
 2.80000E+01    2.49973E+02    0.00000E+00    0.00000E+00
 3.00000E+01    1.78462E+02    0.00000E+00    0.00000E+00
 3.00000E+01    1.79739E+02    0.00000E+00    0.00000E+00
 3.50000E+01    1.00166E+02    0.00000E+00    0.00000E+00
 4.00000E+01    7.50923E+01    0.00000E+00    0.00000E+00
 4.50000E+01    6.09342E+01    0.00000E+00    0.00000E+00
 5.00000E+01    5.13257E+01    0.00000E+00    0.00000E+00
 5.50000E+01    4.31424E+01    0.00000E+00    0.00000E+00
 6.00000E+01    3.76508E+01    0.00000E+00    0.00000E+00
 6.50000E+01    3.28727E+01    0.00000E+00    0.00000E+00
 7.00000E+01    2.89538E+01    0.00000E+00    0.00000E+00
 7.50000E+01    2.56196E+01    0.00000E+00    0.00000E+00
 8.00000E+01    2.28179E+01    0.00000E+00    0.00000E+00
 9.00000E+01    1.81993E+01    0.00000E+00    0.00000E+00
 1.00000E+02    1.50557E+01    0.00000E+00    0.00000E+00
 1.10000E+02    1.26938E+01    0.00000E+00    0.00000E+00
 1.20000E+02    1.09344E+01    0.00000E+00    0.00000E+00
 1.30000E+02    9.66169E+00    0.00000E+00    0.00000E+00
 1.40000E+02    8.53852E+00    0.00000E+00    0.00000E+00
 1.50000E+02    7.72724E+00    0.00000E+00    0.00000E+00
 1.60000E+02    6.98542E+00    0.00000E+00    0.00000E+00
 1.80000E+02    5.87400E+00    0.00000E+00    0.00000E+00
 2.00000E+02    4.96563E+00    0.00000E+00    0.00000E+00
