# n + Cd108 : (n,n'04)  
# tendl.2019 A.J. Koning and D. Rochman        EVAL-NOV19
# uncertainties: y
# # energies =    88
#   E(MeV)       xs(mb)       xslow(mb)      xsupp(mb)
 1.73673E+00    0.00000E+00    0.00000E+00    0.00000E+00
 1.80000E+00    4.50159E+01    4.25274E+01    4.75044E+01
 1.93131E+00    8.41483E+01    7.94965E+01    8.88001E+01
 2.00000E+00    1.04619E+02    9.88355E+01    1.10402E+02
 2.16591E+00    1.12424E+02    1.06209E+02    1.18639E+02
 2.18295E+00    1.13226E+02    1.06967E+02    1.19485E+02
 2.20000E+00    1.14028E+02    1.07724E+02    1.20332E+02
 2.22279E+00    1.13065E+02    1.06815E+02    1.19315E+02
 2.26028E+00    1.11481E+02    1.05318E+02    1.17644E+02
 2.38790E+00    1.06089E+02    1.00224E+02    1.11954E+02
 2.39677E+00    1.05715E+02    9.98705E+01    1.11559E+02
 2.40000E+00    1.05578E+02    9.97415E+01    1.11414E+02
 2.50955E+00    9.64942E+01    9.11599E+01    1.01828E+02
 2.52337E+00    9.53482E+01    9.00773E+01    1.00619E+02
 2.56512E+00    9.18863E+01    8.68068E+01    9.69659E+01
 2.57912E+00    9.07255E+01    8.57101E+01    9.57409E+01
 2.58904E+00    8.99029E+01    8.49330E+01    9.48728E+01
 2.60000E+00    8.89941E+01    7.25930E+01    1.05395E+02
 2.62590E+00    8.68359E+01    7.08325E+01    1.02839E+02
 2.64451E+00    8.52851E+01    6.95675E+01    1.01003E+02
 2.67035E+00    8.31319E+01    6.78111E+01    9.84527E+01
 2.70304E+00    8.04079E+01    6.55891E+01    9.52266E+01
 2.70773E+00    8.00171E+01    6.52703E+01    9.47638E+01
 2.73237E+00    7.79639E+01    6.35955E+01    9.23322E+01
 2.76432E+00    7.53015E+01    6.14238E+01    8.91791E+01
 2.76561E+00    7.51940E+01    6.13361E+01    8.90518E+01
 2.78082E+00    7.39266E+01    6.03023E+01    8.75508E+01
 2.78866E+00    7.32732E+01    5.97694E+01    8.67771E+01
 2.80000E+00    7.23283E+01    5.89986E+01    8.56580E+01
 2.81688E+00    7.12565E+01    5.81243E+01    8.43887E+01
 2.83128E+00    7.03421E+01    5.73784E+01    8.33058E+01
 2.83406E+00    7.01656E+01    5.72344E+01    8.30967E+01
 2.83638E+00    7.00183E+01    5.71143E+01    8.29222E+01
 3.00000E+00    5.96288E+01    4.86395E+01    7.06181E+01
 3.20000E+00    5.18073E+01    4.22595E+01    6.13551E+01
 3.40000E+00    4.53613E+01    3.70015E+01    5.37211E+01
 3.60000E+00    3.94102E+01    3.21471E+01    4.66733E+01
 3.80000E+00    3.39809E+01    2.77184E+01    4.02434E+01
 4.00000E+00    2.91648E+01    2.37899E+01    3.45397E+01
 4.20000E+00    2.50104E+01    2.04011E+01    2.96197E+01
 4.40000E+00    2.15164E+01    1.75510E+01    2.54818E+01
 4.60000E+00    1.86361E+01    1.02711E+01    2.70011E+01
 4.80000E+00    1.62950E+01    8.98081E+00    2.36092E+01
 5.00000E+00    1.44138E+01    7.94401E+00    2.08836E+01
 5.20000E+00    1.29083E+01    7.11427E+00    1.87023E+01
 5.40000E+00    1.17073E+01    6.45235E+00    1.69622E+01
 5.60000E+00    1.07466E+01    5.92287E+00    1.55703E+01
 5.80000E+00    9.97253E+00    5.49625E+00    1.44488E+01
 6.00000E+00    9.34082E+00    5.14809E+00    1.35335E+01
 6.20000E+00    8.81713E+00    4.85947E+00    1.27748E+01
 6.40000E+00    8.37342E+00    4.61492E+00    1.21319E+01
 6.60000E+00    7.98896E+00    4.17849E+00    1.17994E+01
 6.80000E+00    7.64625E+00    3.99924E+00    1.12933E+01
 7.00000E+00    7.33777E+00    3.83789E+00    1.08376E+01
 7.20000E+00    7.05412E+00    3.68953E+00    1.04187E+01
 7.40000E+00    6.78999E+00    3.55139E+00    1.00286E+01
 7.60000E+00    6.54064E+00    3.42097E+00    9.66031E+00
 7.80000E+00    6.30473E+00    3.29758E+00    9.31188E+00
 8.00000E+00    6.08004E+00    3.18006E+00    8.98002E+00
 8.50000E+00    5.56284E+00    2.90955E+00    8.21613E+00
 9.00000E+00    5.10368E+00    2.88954E+00    7.31782E+00
 9.50000E+00    4.69788E+00    2.65979E+00    6.73597E+00
 1.00000E+01    4.34045E+00    2.45742E+00    6.22347E+00
 1.05000E+01    4.02542E+00    2.27907E+00    5.77178E+00
 1.10000E+01    3.74650E+00    2.12115E+00    5.37185E+00
 1.15000E+01    3.49745E+00    1.98015E+00    5.01475E+00
 1.20000E+01    3.27248E+00    1.85277E+00    4.69219E+00
 1.25000E+01    3.06653E+00    1.73617E+00    4.39689E+00
 1.30000E+01    2.87578E+00    1.65067E+00    4.10089E+00
 1.35000E+01    2.69792E+00    1.54858E+00    3.84726E+00
 1.40000E+01    2.53198E+00    1.45333E+00    3.61063E+00
 1.45000E+01    2.37818E+00    1.36505E+00    3.39131E+00
 1.50000E+01    2.23699E+00    1.28401E+00    3.18997E+00
 1.60000E+01    1.99286E+00    1.10748E+00    2.87824E+00
 1.70000E+01    1.79481E+00    9.97417E-01    2.59220E+00
 1.80000E+01    1.63226E+00    9.07085E-01    2.35744E+00
 1.90000E+01    1.49524E+00    8.30939E-01    2.15954E+00
 2.00000E+01    1.37771E+00    7.18164E-01    2.03726E+00
 2.10000E+01    1.27689E+00    6.65609E-01    1.88817E+00
 2.20000E+01    1.19053E+00    6.20592E-01    1.76047E+00
 2.30000E+01    1.11507E+00    5.81257E-01    1.64888E+00
 2.40000E+01    1.04606E+00    5.51445E-01    1.54067E+00
 2.50000E+01    9.80086E-01    5.16666E-01    1.44351E+00
 2.60000E+01    9.16085E-01    4.82927E-01    1.34924E+00
 2.70000E+01    8.55238E-01    4.50851E-01    1.25963E+00
 2.80000E+01    7.99611E-01    4.21526E-01    1.17770E+00
 2.90000E+01    7.50812E-01    3.95801E-01    1.10582E+00
 3.00000E+01    7.09229E-01    3.73880E-01    1.04458E+00
