# n + Tc 98 : (n,n'21)  
# endfb8.0   A.J. Koning and D. Rochman        EVAL-DEC15
# uncertainties: n
# # energies =    80
#   E(MeV)       xs(mb) 
 4.45564E-01    0.00000E+00
 4.51605E-01    1.26656E+01
 4.62547E-01    3.56067E+01
 4.89219E-01    9.15275E+01
 5.00000E-01    1.14131E+02
 5.07263E-01    1.24524E+02
 5.43037E-01    1.75713E+02
 5.48816E-01    1.83982E+02
 5.73852E-01    2.19807E+02
 6.00000E-01    2.57222E+02
 6.15779E-01    2.63907E+02
 6.28590E-01    2.69334E+02
 7.00000E-01    2.99587E+02
 8.00000E-01    2.90430E+02
 9.00000E-01    2.64413E+02
 1.00000E+00    2.34610E+02
 1.20000E+00    1.80688E+02
 1.40000E+00    1.39177E+02
 1.60000E+00    1.08300E+02
 1.80000E+00    8.48513E+01
 2.00000E+00    6.63612E+01
 2.20000E+00    5.14341E+01
 2.40000E+00    3.93834E+01
 2.60000E+00    2.98363E+01
 2.80000E+00    2.23747E+01
 3.00000E+00    1.66526E+01
 3.20000E+00    1.23316E+01
 3.40000E+00    9.12714E+00
 3.60000E+00    6.75851E+00
 3.80000E+00    5.02795E+00
 4.00000E+00    3.75716E+00
 4.20000E+00    2.82279E+00
 4.40000E+00    2.13518E+00
 4.60000E+00    1.62456E+00
 4.80000E+00    1.24403E+00
 5.00000E+00    9.56947E-01
 5.20000E+00    7.39757E-01
 5.40000E+00    5.73393E-01
 5.60000E+00    4.46025E-01
 5.80000E+00    3.47530E-01
 6.00000E+00    2.71206E-01
 6.20000E+00    2.12126E-01
 6.40000E+00    1.65908E-01
 6.60000E+00    1.30129E-01
 6.80000E+00    1.02098E-01
 7.00000E+00    7.98270E-02
 7.20000E+00    6.26078E-02
 7.40000E+00    4.91617E-02
 7.60000E+00    3.87386E-02
 7.80000E+00    3.05618E-02
 8.00000E+00    2.41486E-02
 8.50000E+00    1.35133E-02
 9.00000E+00    7.65160E-03
 9.50000E+00    4.38951E-03
 1.00000E+01    2.55313E-03
 1.05000E+01    1.50449E-03
 1.10000E+01    8.97791E-04
 1.15000E+01    5.42369E-04
 1.20000E+01    3.31164E-04
 1.25000E+01    2.04221E-04
 1.30000E+01    1.26990E-04
 1.35000E+01    7.96039E-05
 1.40000E+01    5.02977E-05
 1.45000E+01    3.19954E-05
 1.50000E+01    2.05060E-05
 1.60000E+01    8.60356E-06
 1.70000E+01    3.70368E-06
 1.80000E+01    1.63348E-06
 1.90000E+01    7.31289E-07
 2.00000E+01    3.32332E-07
 2.10000E+01    1.53456E-07
 2.20000E+01    7.10319E-08
 2.30000E+01    3.37755E-08
 2.40000E+01    1.63317E-08
 2.50000E+01    8.02226E-09
 2.60000E+01    3.99090E-09
 2.70000E+01    2.01242E-09
 2.80000E+01    1.02562E-09
 2.90000E+01    5.27953E-10
 3.00000E+01    2.74231E-10
