# n + Eu154 : (n,a)     
# jendl4.0   N.Iwamoto                         EVAL-Nov09
# uncertainties: n
# # energies =   981
#   E(MeV)       xs(mb) 
 1.00000E-11    1.47587E+00
 1.03223E-11    1.45264E+00
 1.06549E-11    1.42979E+00
 1.09984E-11    1.40729E+00
 1.13527E-11    1.38515E+00
 1.17186E-11    1.36335E+00
 1.20962E-11    1.34191E+00
 1.24861E-11    1.32079E+00
 1.28884E-11    1.30001E+00
 1.33038E-11    1.27955E+00
 1.37325E-11    1.25943E+00
 1.41751E-11    1.23961E+00
 1.46318E-11    1.22011E+00
 1.51034E-11    1.20091E+00
 1.55901E-11    1.18202E+00
 1.60926E-11    1.16341E+00
 1.66111E-11    1.14511E+00
 1.71465E-11    1.12709E+00
 1.76990E-11    1.10936E+00
 1.82694E-11    1.09190E+00
 1.88581E-11    1.07473E+00
 1.94659E-11    1.05782E+00
 2.00931E-11    1.04117E+00
 2.07407E-11    1.02479E+00
 2.14090E-11    1.00867E+00
 2.20991E-11    9.92796E-01
 2.28111E-11    9.77178E-01
 2.35464E-11    9.61801E-01
 2.43051E-11    9.46670E-01
 2.50884E-11    9.31773E-01
 2.58968E-11    9.17115E-01
 2.67315E-11    9.02683E-01
 2.75928E-11    8.88483E-01
 2.84822E-11    8.74502E-01
 2.93999E-11    8.60744E-01
 3.03475E-11    8.47200E-01
 3.13253E-11    8.33872E-01
 3.23350E-11    8.20750E-01
 3.33769E-11    8.07838E-01
 3.44526E-11    7.95126E-01
 3.55627E-11    7.82617E-01
 3.67089E-11    7.70302E-01
 3.78918E-11    7.58184E-01
 3.91130E-11    7.46253E-01
 4.03734E-11    7.34513E-01
 4.16746E-11    7.22955E-01
 4.30174E-11    7.11582E-01
 4.44039E-11    7.00385E-01
 4.58347E-11    6.89366E-01
 4.73119E-11    6.78519E-01
 4.88364E-11    6.67844E-01
 5.04104E-11    6.57335E-01
 5.20348E-11    6.46994E-01
 5.37119E-11    6.36813E-01
 5.54426E-11    6.26795E-01
 5.72295E-11    6.16932E-01
 5.90736E-11    6.07226E-01
 6.09775E-11    5.97671E-01
 6.29424E-11    5.88268E-01
 6.49710E-11    5.79012E-01
 6.70645E-11    5.69902E-01
 6.92260E-11    5.60935E-01
 7.14566E-11    5.52110E-01
 7.37596E-11    5.43422E-01
 7.61364E-11    5.34873E-01
 7.85902E-11    5.26457E-01
 8.11227E-11    5.18174E-01
 8.37372E-11    5.10021E-01
 8.64355E-11    5.01997E-01
 8.92212E-11    4.94098E-01
 9.20962E-11    4.86325E-01
 9.50644E-11    4.78672E-01
 9.81277E-11    4.71141E-01
 1.01291E-10    4.63727E-01
 1.04554E-10    4.56432E-01
 1.07924E-10    4.49249E-01
 1.11402E-10    4.42182E-01
 1.14992E-10    4.35224E-01
 1.18697E-10    4.28377E-01
 1.22523E-10    4.21636E-01
 1.26471E-10    4.15003E-01
 1.30547E-10    4.08473E-01
 1.34754E-10    4.02047E-01
 1.39097E-10    3.95720E-01
 1.43579E-10    3.89495E-01
 1.48207E-10    3.83366E-01
 1.52982E-10    3.77335E-01
 1.57913E-10    3.71397E-01
 1.63001E-10    3.65555E-01
 1.68254E-10    3.59802E-01
 1.73676E-10    3.54142E-01
 1.79274E-10    3.48569E-01
 1.85050E-10    3.43086E-01
 1.91014E-10    3.37687E-01
 1.97169E-10    3.32374E-01
 2.03524E-10    3.27144E-01
 2.10082E-10    3.21998E-01
 2.16853E-10    3.16931E-01
 2.23840E-10    3.11945E-01
 2.31055E-10    3.07036E-01
 2.38500E-10    3.02206E-01
 2.46187E-10    2.97450E-01
 2.54120E-10    2.92771E-01
 2.62310E-10    2.88164E-01
 2.70762E-10    2.83631E-01
 2.79489E-10    2.79167E-01
 2.88494E-10    2.74776E-01
 2.97793E-10    2.70452E-01
 3.07388E-10    2.66197E-01
 3.17295E-10    2.62008E-01
 3.27519E-10    2.57886E-01
 3.38075E-10    2.53828E-01
 3.48969E-10    2.49835E-01
 3.60216E-10    2.45904E-01
 3.71823E-10    2.42035E-01
 3.83807E-10    2.38227E-01
 3.96174E-10    2.34479E-01
 4.08943E-10    2.30789E-01
 4.22120E-10    2.27158E-01
 4.35725E-10    2.23584E-01
 4.49765E-10    2.20067E-01
 4.64261E-10    2.16604E-01
 4.79221E-10    2.13196E-01
 4.94666E-10    2.09841E-01
 5.10605E-10    2.06540E-01
 5.27062E-10    2.03290E-01
 5.44045E-10    2.00092E-01
 5.61580E-10    1.96943E-01
 5.79675E-10    1.93845E-01
 5.98358E-10    1.90795E-01
 6.17639E-10    1.87793E-01
 6.37545E-10    1.84838E-01
 6.58089E-10    1.81930E-01
 6.79298E-10    1.79067E-01
 7.01188E-10    1.76250E-01
 7.23786E-10    1.73477E-01
 7.47109E-10    1.70748E-01
 7.71188E-10    1.68061E-01
 7.96038E-10    1.65417E-01
 8.21693E-10    1.62814E-01
 8.48171E-10    1.60253E-01
 8.75507E-10    1.57731E-01
 9.03719E-10    1.55250E-01
 9.32845E-10    1.52807E-01
 9.62904E-10    1.50403E-01
 9.93937E-10    1.48036E-01
 1.02597E-09    1.45707E-01
 1.05903E-09    1.43414E-01
 1.09316E-09    1.41158E-01
 1.12839E-09    1.38937E-01
 1.16475E-09    1.36751E-01
 1.20229E-09    1.34599E-01
 1.24103E-09    1.32482E-01
 1.28103E-09    1.30397E-01
 1.32231E-09    1.28346E-01
 1.36492E-09    1.26326E-01
 1.40890E-09    1.24339E-01
 1.45431E-09    1.22382E-01
 1.50117E-09    1.20457E-01
 1.54956E-09    1.18561E-01
 1.59949E-09    1.16696E-01
 1.65104E-09    1.14860E-01
 1.70424E-09    1.13053E-01
 1.75917E-09    1.11274E-01
 1.81585E-09    1.09523E-01
 1.87438E-09    1.07800E-01
 1.93477E-09    1.06104E-01
 1.99713E-09    1.04434E-01
 2.06148E-09    1.02791E-01
 2.12792E-09    1.01174E-01
 2.19649E-09    9.95823E-02
 2.26728E-09    9.80153E-02
 2.34034E-09    9.64733E-02
 2.41577E-09    9.49553E-02
 2.49362E-09    9.34614E-02
 2.57398E-09    9.19908E-02
 2.65692E-09    9.05435E-02
 2.74255E-09    8.91188E-02
 2.83093E-09    8.77168E-02
 2.92217E-09    8.63365E-02
 3.01633E-09    8.49782E-02
 3.11354E-09    8.36411E-02
 3.21387E-09    8.23252E-02
 3.31745E-09    8.10298E-02
 3.42435E-09    7.97550E-02
 3.53471E-09    7.85001E-02
 3.64861E-09    7.72651E-02
 3.76620E-09    7.60493E-02
 3.88757E-09    7.48529E-02
 4.01286E-09    7.36751E-02
 4.14217E-09    7.25160E-02
 4.27566E-09    7.13750E-02
 4.41344E-09    7.02521E-02
 4.55568E-09    6.91467E-02
 4.70248E-09    6.80589E-02
 4.85404E-09    6.69881E-02
 5.01045E-09    6.59342E-02
 5.17193E-09    6.48968E-02
 5.33859E-09    6.38759E-02
 5.51065E-09    6.28709E-02
 5.68822E-09    6.18819E-02
 5.87154E-09    6.09083E-02
 6.06075E-09    5.99501E-02
 6.25608E-09    5.90070E-02
 6.45767E-09    5.80787E-02
 6.66579E-09    5.71650E-02
 6.88059E-09    5.62657E-02
 7.10234E-09    5.53805E-02
 7.33121E-09    5.45093E-02
 7.56748E-09    5.36517E-02
 7.81133E-09    5.28077E-02
 8.06308E-09    5.19769E-02
 8.32291E-09    5.11592E-02
 8.59114E-09    5.03543E-02
 8.86798E-09    4.95621E-02
 9.15378E-09    4.87823E-02
 9.44875E-09    4.80148E-02
 9.75327E-09    4.72593E-02
 1.00676E-08    4.65158E-02
 1.03920E-08    4.57839E-02
 1.07269E-08    4.50636E-02
 1.10726E-08    4.43546E-02
 1.14294E-08    4.36568E-02
 1.17978E-08    4.29698E-02
 1.21779E-08    4.22938E-02
 1.25704E-08    4.16283E-02
 1.29755E-08    4.09734E-02
 1.33937E-08    4.03287E-02
 1.38253E-08    3.96942E-02
 1.42708E-08    3.90696E-02
 1.47307E-08    3.84549E-02
 1.52054E-08    3.78498E-02
 1.56954E-08    3.72544E-02
 1.62012E-08    3.66682E-02
 1.67233E-08    3.60913E-02
 1.72623E-08    3.55234E-02
 1.78185E-08    3.49646E-02
 1.83928E-08    3.44144E-02
 1.89855E-08    3.38730E-02
 1.95974E-08    3.33400E-02
 2.02289E-08    3.28155E-02
 2.08808E-08    3.22991E-02
 2.15537E-08    3.17910E-02
 2.22483E-08    3.12907E-02
 2.29652E-08    3.07984E-02
 2.37054E-08    3.03137E-02
 2.44693E-08    2.98368E-02
 2.52522E-08    2.93705E-02
 2.53000E-08    2.93428E-02
 2.61154E-08    2.88811E-02
 2.69569E-08    2.84267E-02
 2.78257E-08    2.79794E-02
 2.87224E-08    2.75392E-02
 2.96480E-08    2.71060E-02
 3.06034E-08    2.66796E-02
 3.15897E-08    2.62598E-02
 3.26077E-08    2.58467E-02
 3.36586E-08    2.54400E-02
 3.47432E-08    2.50397E-02
 3.58629E-08    2.46457E-02
 3.70185E-08    2.42579E-02
 3.82116E-08    2.38762E-02
 3.94429E-08    2.35006E-02
 4.07141E-08    2.31308E-02
 4.20261E-08    2.27669E-02
 4.33805E-08    2.24087E-02
 4.47784E-08    2.20562E-02
 4.62215E-08    2.17091E-02
 4.77110E-08    2.13676E-02
 4.92486E-08    2.10314E-02
 5.08356E-08    2.07004E-02
 5.24740E-08    2.03747E-02
 5.41649E-08    2.00541E-02
 5.59105E-08    1.97385E-02
 5.77122E-08    1.94280E-02
 5.95722E-08    1.91224E-02
 6.14918E-08    1.88216E-02
 6.34736E-08    1.85255E-02
 6.55190E-08    1.82340E-02
 6.76305E-08    1.79471E-02
 6.98099E-08    1.76647E-02
 7.20597E-08    1.73867E-02
 7.43818E-08    1.71131E-02
 7.67790E-08    1.68439E-02
 7.92531E-08    1.65789E-02
 8.18073E-08    1.63180E-02
 8.44435E-08    1.60613E-02
 8.71649E-08    1.58086E-02
 8.99737E-08    1.55599E-02
 9.28735E-08    1.53151E-02
 9.58662E-08    1.50742E-02
 9.89558E-08    1.48369E-02
 1.02145E-07    1.46035E-02
 1.05437E-07    1.43736E-02
 1.08834E-07    1.41475E-02
 1.12342E-07    1.39249E-02
 1.15962E-07    1.37059E-02
 1.19699E-07    1.34903E-02
 1.23556E-07    1.32780E-02
 1.27538E-07    1.30690E-02
 1.31648E-07    1.28634E-02
 1.35891E-07    1.26609E-02
 1.40270E-07    1.24617E-02
 1.44790E-07    1.22657E-02
 1.49456E-07    1.20728E-02
 1.54273E-07    1.18830E-02
 1.58238E-07    1.17346E-02
 1.60597E-07    1.16522E-02
 1.62304E-07    1.15986E-02
 1.63683E-07    1.15624E-02
 1.64724E-07    1.15417E-02
 1.65422E-07    1.15324E-02
 1.66299E-07    1.15278E-02
 1.66827E-07    1.15297E-02
 1.67534E-07    1.15391E-02
 1.68067E-07    1.15524E-02
 1.68601E-07    1.15721E-02
 1.69136E-07    1.15992E-02
 1.69673E-07    1.16349E-02
 1.70033E-07    1.16641E-02
 1.70392E-07    1.16981E-02
 1.70753E-07    1.17375E-02
 1.71114E-07    1.17826E-02
 1.71477E-07    1.18340E-02
 1.71840E-07    1.18921E-02
 1.72204E-07    1.19577E-02
 1.72568E-07    1.20311E-02
 1.72934E-07    1.21132E-02
 1.73299E-07    1.22042E-02
 1.73575E-07    1.22791E-02
 1.73850E-07    1.23596E-02
 1.74126E-07    1.24462E-02
 1.74402E-07    1.25392E-02
 1.74679E-07    1.26387E-02
 1.74956E-07    1.27452E-02
 1.75234E-07    1.28589E-02
 1.75512E-07    1.29799E-02
 1.75791E-07    1.31089E-02
 1.76070E-07    1.32458E-02
 1.76349E-07    1.33909E-02
 1.76629E-07    1.35448E-02
 1.76909E-07    1.37071E-02
 1.77190E-07    1.38788E-02
 1.77472E-07    1.40596E-02
 1.77753E-07    1.42496E-02
 1.78035E-07    1.44498E-02
 1.78318E-07    1.46595E-02
 1.78601E-07    1.48792E-02
 1.78884E-07    1.51093E-02
 1.79168E-07    1.53494E-02
 1.79453E-07    1.56000E-02
 1.79738E-07    1.58611E-02
 1.80022E-07    1.61322E-02
 1.80308E-07    1.64145E-02
 1.80595E-07    1.67069E-02
 1.80881E-07    1.70096E-02
 1.81168E-07    1.73231E-02
 1.81456E-07    1.76463E-02
 1.81744E-07    1.79801E-02
 1.82032E-07    1.83237E-02
 1.82321E-07    1.86764E-02
 1.82611E-07    1.90396E-02
 1.82900E-07    1.94114E-02
 1.83288E-07    1.99211E-02
 1.83676E-07    2.04457E-02
 1.84064E-07    2.09844E-02
 1.84454E-07    2.15361E-02
 1.84844E-07    2.20996E-02
 1.85431E-07    2.29640E-02
 1.86021E-07    2.38488E-02
 1.87006E-07    2.53524E-02
 1.88398E-07    2.74849E-02
 1.88997E-07    2.83898E-02
 1.89597E-07    2.92825E-02
 1.90200E-07    3.01589E-02
 1.90804E-07    3.10129E-02
 1.91207E-07    3.15670E-02
 1.91612E-07    3.21090E-02
 1.92018E-07    3.26356E-02
 1.92425E-07    3.31478E-02
 1.92831E-07    3.36426E-02
 1.93240E-07    3.41211E-02
 1.93649E-07    3.45805E-02
 1.94059E-07    3.50222E-02
 1.94469E-07    3.54438E-02
 1.94881E-07    3.58465E-02
 1.95293E-07    3.62285E-02
 1.95707E-07    3.65911E-02
 1.96121E-07    3.69327E-02
 1.96537E-07    3.72549E-02
 1.96952E-07    3.75563E-02
 1.97370E-07    3.78385E-02
 1.97787E-07    3.81005E-02
 1.98206E-07    3.83440E-02
 1.98625E-07    3.85683E-02
 1.99046E-07    3.87749E-02
 1.99467E-07    3.89636E-02
 1.99890E-07    3.91357E-02
 2.00312E-07    3.92912E-02
 2.00949E-07    3.94960E-02
 2.01587E-07    3.96684E-02
 2.02228E-07    3.98109E-02
 2.02870E-07    3.99262E-02
 2.03515E-07    4.00170E-02
 2.04161E-07    4.00857E-02
 2.04593E-07    4.01203E-02
 2.05460E-07    4.01663E-02
 2.06440E-07    4.01858E-02
 2.06659E-07    4.01862E-02
 2.07644E-07    4.01726E-02
 2.08965E-07    4.01229E-02
 2.10296E-07    4.00467E-02
 2.12082E-07    3.99178E-02
 2.15244E-07    3.96520E-02
 2.25493E-07    3.87446E-02
 2.32761E-07    3.81304E-02
 2.40261E-07    3.75256E-02
 2.48004E-07    3.69300E-02
 2.55996E-07    3.63439E-02
 2.64246E-07    3.57671E-02
 2.72762E-07    3.51995E-02
 2.81552E-07    3.46410E-02
 2.90625E-07    3.40918E-02
 2.99991E-07    3.35512E-02
 3.09658E-07    3.30189E-02
 3.19638E-07    3.24948E-02
 3.29938E-07    3.19794E-02
 3.40571E-07    3.14721E-02
 3.51546E-07    3.09728E-02
 3.62876E-07    3.04814E-02
 3.74569E-07    2.99977E-02
 3.86641E-07    2.95216E-02
 3.99100E-07    2.90531E-02
 4.11962E-07    2.85921E-02
 4.25237E-07    2.81385E-02
 4.38942E-07    2.76921E-02
 4.53087E-07    2.72532E-02
 4.67689E-07    2.68212E-02
 4.82760E-07    2.63957E-02
 4.98318E-07    2.59767E-02
 5.14376E-07    2.55645E-02
 5.30954E-07    2.51587E-02
 5.48063E-07    2.47595E-02
 5.65726E-07    2.43666E-02
 5.83956E-07    2.39803E-02
 6.02776E-07    2.36001E-02
 6.22200E-07    2.32256E-02
 6.42253E-07    2.28569E-02
 6.62949E-07    2.24946E-02
 6.84314E-07    2.21377E-02
 7.06366E-07    2.17863E-02
 7.29131E-07    2.14408E-02
 7.52626E-07    2.11005E-02
 7.76882E-07    2.07658E-02
 8.01916E-07    2.04366E-02
 8.27761E-07    2.01122E-02
 8.54435E-07    1.97929E-02
 8.81972E-07    1.94792E-02
 9.10392E-07    1.91702E-02
 9.39733E-07    1.88658E-02
 9.70015E-07    1.85666E-02
 1.00552E-06    1.82315E-02
 1.04359E-06    1.78880E-02
 1.08076E-06    1.75698E-02
 1.12715E-06    1.71952E-02
 1.18383E-06    1.67681E-02
 1.25206E-06    1.62938E-02
 1.32423E-06    1.58321E-02
 1.41036E-06    1.53286E-02
 1.51270E-06    1.47877E-02
 1.63391E-06    1.42151E-02
 1.77719E-06    1.36156E-02
 1.94657E-06    1.29946E-02
 2.14714E-06    1.23571E-02
 2.36837E-06    1.17511E-02
 2.61240E-06    1.11752E-02
 2.88158E-06    1.06271E-02
 3.17849E-06    1.01063E-02
 3.50599E-06    9.61042E-03
 3.86723E-06    9.13930E-03
 4.26570E-06    8.69097E-03
 4.70523E-06    8.26474E-03
 5.19004E-06    7.85976E-03
 5.72481E-06    7.47418E-03
 6.31467E-06    7.10796E-03
 6.96532E-06    6.75910E-03
 7.68300E-06    6.42787E-03
 8.47464E-06    6.11253E-03
 9.34784E-06    5.81277E-03
 1.05302E-05    5.46398E-03
 1.16152E-05    5.18792E-03
 1.28120E-05    4.92611E-03
 1.41322E-05    4.67710E-03
 1.55883E-05    4.44077E-03
 1.71945E-05    4.21650E-03
 1.89661E-05    4.00346E-03
 2.09203E-05    3.80123E-03
 2.30759E-05    3.60921E-03
 2.54536E-05    3.42700E-03
 2.80762E-05    3.25379E-03
 3.09691E-05    3.08940E-03
 3.41601E-05    2.93337E-03
 3.76798E-05    2.78520E-03
 4.21486E-05    2.62307E-03
 4.64915E-05    2.48724E-03
 5.09226E-05    2.36739E-03
 5.57788E-05    2.25342E-03
 6.10951E-05    2.14472E-03
 6.69214E-05    2.04147E-03
 7.43339E-05    1.92719E-03
 8.14226E-05    1.83281E-03
 8.91831E-05    1.74300E-03
 9.76738E-05    1.65780E-03
 1.07738E-04    1.56820E-03
 1.18006E-04    1.48876E-03
 1.29000E-04    1.41498E-03
 1.41197E-04    1.34383E-03
 1.53973E-04    1.27896E-03
 1.68649E-04    1.21422E-03
 1.84155E-04    1.15475E-03
 2.01411E-04    1.09719E-03
 2.20301E-04    1.04243E-03
 2.40953E-04    9.90425E-04
 2.63931E-04    9.40234E-04
 2.89907E-04    8.91170E-04
 3.17856E-04    8.45574E-04
 3.47058E-04    8.04190E-04
 3.79289E-04    7.64421E-04
 4.25776E-04    7.14515E-04
 4.66166E-04    6.76986E-04
 5.09577E-04    6.42058E-04
 5.55760E-04    6.09741E-04
 6.09556E-04    5.77126E-04
 6.65605E-04    5.47710E-04
 7.36052E-04    5.15494E-04
 7.99912E-04    4.90010E-04
 8.73214E-04    4.64504E-04
 9.57622E-04    4.39098E-04
 1.05829E-03    4.12819E-04
 1.14812E-03    3.92331E-04
 1.25277E-03    3.71547E-04
 1.36263E-03    3.52565E-04
 1.47908E-03    3.34953E-04
 1.60653E-03    3.18108E-04
 1.75579E-03    3.00950E-04
 1.91773E-03    2.84833E-04
 2.08713E-03    2.70160E-04
 2.27141E-03    2.56270E-04
 2.47069E-03    2.43161E-04
 2.68735E-03    2.30740E-04
 2.91970E-03    2.19095E-04
 3.18584E-03    2.07478E-04
 3.47967E-03    1.96363E-04
 3.78211E-03    1.86407E-04
 4.09928E-03    1.77294E-04
 4.46584E-03    1.68144E-04
 4.87304E-03    1.59319E-04
 5.30010E-03    1.51251E-04
 5.77264E-03    1.43465E-04
 6.29613E-03    1.35978E-04
 6.83511E-03    1.29234E-04
 7.41208E-03    1.23043E-04
 8.07236E-03    1.16897E-04
 8.81573E-03    1.10860E-04
 9.57622E-03    1.05487E-04
 1.01282E-02    1.02067E-04
 1.11491E-02    9.69086E-05
 1.22669E-02    9.20330E-05
 1.34635E-02    8.75269E-05
 1.47556E-02    8.33002E-05
 1.62068E-02    7.91836E-05
 1.78051E-02    7.52680E-05
 1.94866E-02    7.16837E-05
 2.02822E-02    7.02395E-05
 2.25242E-02    6.69707E-05
 2.51236E-02    6.37296E-05
 2.79860E-02    6.06791E-05
 3.02116E-02    5.86371E-05
 3.40311E-02    5.59990E-05
 3.83851E-02    5.34549E-05
 4.05643E-02    5.23765E-05
 4.65231E-02    5.01486E-05
 5.07054E-02    4.88324E-05
 5.85509E-02    4.69443E-05
 6.24847E-02    4.62101E-05
 6.86167E-02    4.52529E-05
 7.00000E-02    4.43427E-05
 7.23832E-02    4.37199E-05
 8.11845E-02    4.24408E-05
 8.22152E-02    4.15432E-05
 8.33627E-02    4.10763E-05
 9.00000E-02    3.94482E-05
 1.00603E-01    3.77912E-05
 1.01048E-01    3.72480E-05
 1.02545E-01    3.65806E-05
 1.08384E-01    3.43428E-05
 1.10000E-01    3.37685E-05
 1.20000E-01    3.20353E-05
 1.23361E-01    3.15675E-05
 1.28265E-01    3.02411E-05
 1.30000E-01    2.95239E-05
 1.31162E-01    2.91831E-05
 1.35664E-01    2.77473E-05
 1.38791E-01    2.70142E-05
 1.40000E-01    2.67134E-05
 1.47183E-01    2.55670E-05
 1.54606E-01    2.46595E-05
 1.61129E-01    2.39745E-05
 1.71199E-01    2.31767E-05
 1.74740E-01    2.29382E-05
 1.76632E-01    2.23977E-05
 1.80000E-01    2.21968E-05
 1.81994E-01    2.19746E-05
 1.88123E-01    2.10145E-05
 1.90000E-01    2.07428E-05
 1.97406E-01    1.99739E-05
 2.03857E-01    1.94807E-05
 2.06420E-01    1.92672E-05
 2.15478E-01    1.84289E-05
 2.21934E-01    1.76542E-05
 2.25000E-01    1.73438E-05
 2.32394E-01    1.68466E-05
 2.43111E-01    1.58619E-05
 2.50527E-01    1.52617E-05
 2.53475E-01    1.50556E-05
 2.56882E-01    1.47551E-05
 2.59882E-01    1.45419E-05
 2.76756E-01    1.38455E-05
 2.78513E-01    1.37850E-05
 2.80373E-01    1.39247E-05
 2.83525E-01    1.37280E-05
 3.00000E-01    1.30663E-05
 3.27064E-01    1.23788E-05
 3.56909E-01    1.17188E-05
 3.88924E-01    1.11053E-05
 4.02822E-01    1.08742E-05
 4.44885E-01    1.03594E-05
 4.89824E-01    9.88327E-06
 5.00000E-01    9.78399E-06
 6.00000E-01    9.44788E-06
 7.00000E-01    9.69704E-06
 8.00000E-01    1.03441E-05
 9.00000E-01    1.12887E-05
 1.00000E+00    1.25138E-05
 1.10000E+00    1.40651E-05
 1.20000E+00    1.59355E-05
 1.30000E+00    1.81561E-05
 1.40000E+00    2.07633E-05
 1.48155E+00    2.32289E-05
 1.51058E+00    2.41658E-05
 1.58918E+00    2.69356E-05
 1.62443E+00    2.82923E-05
 1.70000E+00    3.13947E-05
 1.77843E+00    3.50264E-05
 1.81225E+00    3.67006E-05
 1.88923E+00    4.08180E-05
 1.95015E+00    4.44059E-05
 2.00739E+00    4.80017E-05
 2.08888E+00    5.36387E-05
 2.16755E+00    5.94697E-05
 2.25000E+00    6.60014E-05
 2.32815E+00    7.35654E-05
 2.39779E+00    8.07872E-05
 2.47808E+00    8.97014E-05
 2.56740E+00    1.00194E-04
 2.64857E+00    1.10358E-04
 2.73759E+00    1.22279E-04
 2.75000E+00    1.23999E-04
 2.79996E+00    1.35377E-04
 2.85687E+00    1.49337E-04
 2.87228E+00    1.53306E-04
 2.92446E+00    1.68918E-04
 2.97189E+00    1.84209E-04
 3.00000E+00    1.93788E-04
 3.09480E+00    2.14760E-04
 3.19242E+00    2.37925E-04
 3.28993E+00    2.62764E-04
 3.39066E+00    2.90290E-04
 3.50000E+00    3.22323E-04
 3.59560E+00    3.56031E-04
 3.69364E+00    3.93149E-04
 3.79118E+00    4.32822E-04
 3.89368E+00    4.77581E-04
 4.00000E+00    5.27478E-04
 4.10864E+00    5.84472E-04
 4.21305E+00    6.43413E-04
 4.32951E+00    7.14214E-04
 4.43630E+00    7.84050E-04
 4.51486E+00    8.39214E-04
 4.62093E+00    9.21818E-04
 4.73237E+00    1.01504E-03
 4.85111E+00    1.12207E-03
 4.96048E+00    1.22790E-03
 5.01494E+00    1.28461E-03
 5.13318E+00    1.42167E-03
 5.24932E+00    1.56721E-03
 5.36143E+00    1.71825E-03
 5.48313E+00    1.89456E-03
 5.51500E+00    1.94549E-03
 5.62178E+00    2.13427E-03
 5.73351E+00    2.34703E-03
 5.85206E+00    2.59100E-03
 5.96081E+00    2.83193E-03
 6.00000E+00    2.92303E-03
 6.09770E+00    3.19508E-03
 6.20610E+00    3.52053E-03
 6.30791E+00    3.85041E-03
 6.41485E+00    4.22404E-03
 6.50000E+00    4.54195E-03
 6.59794E+00    4.98783E-03
 6.69719E+00    5.47603E-03
 6.79477E+00    5.99483E-03
 6.89399E+00    6.56464E-03
 7.00000E+00    7.22192E-03
 7.09814E+00    7.95625E-03
 7.19750E+00    8.76280E-03
 7.29419E+00    9.61515E-03
 7.38670E+00    1.04958E-02
 7.48626E+00    1.15191E-02
 7.53031E+00    1.20244E-02
 7.62282E+00    1.31786E-02
 7.71632E+00    1.44399E-02
 7.80798E+00    1.57775E-02
 7.90094E+00    1.72439E-02
 8.00000E+00    1.89319E-02
 8.08583E+00    2.05932E-02
 8.17825E+00    2.25231E-02
 8.26577E+00    2.44966E-02
 8.36190E+00    2.68324E-02
 8.45899E+00    2.93894E-02
 8.53042E+00    3.14240E-02
 8.62316E+00    3.42977E-02
 8.71677E+00    3.74251E-02
 8.82028E+00    4.11762E-02
 8.91527E+00    4.49027E-02
 9.01523E+00    4.91447E-02
 9.11140E+00    5.35673E-02
 9.21696E+00    5.88255E-02
 9.32124E+00    6.44588E-02
 9.43224E+00    7.09724E-02
 9.55919E+00    7.90639E-02
 9.66827E+00    8.65984E-02
 9.78270E+00    9.51647E-02
 9.89022E+00    1.03884E-01
 1.00153E+01    1.14862E-01
 1.00863E+01    1.21343E-01
 1.01116E+01    1.23738E-01
 1.01355E+01    1.26027E-01
 1.01579E+01    1.28211E-01
 1.01789E+01    1.30294E-01
 1.02185E+01    1.34289E-01
 1.02533E+01    1.37885E-01
 1.02838E+01    1.41111E-01
 1.03106E+01    1.43996E-01
 1.03341E+01    1.46568E-01
 1.03547E+01    1.48856E-01
 1.03908E+01    1.52947E-01
 1.04180E+01    1.56089E-01
 1.04384E+01    1.58488E-01
 1.04692E+01    1.62155E-01
 1.05000E+01    1.65907E-01
 1.05306E+01    1.69533E-01
 1.05574E+01    1.72771E-01
 1.05809E+01    1.75655E-01
 1.06222E+01    1.80819E-01
 1.06533E+01    1.84791E-01
 1.06767E+01    1.87827E-01
 1.07118E+01    1.92475E-01
 1.07471E+01    1.97237E-01
 1.07784E+01    2.01552E-01
 1.08058E+01    2.05405E-01
 1.08299E+01    2.08836E-01
 1.08722E+01    2.14980E-01
 1.09040E+01    2.19706E-01
 1.09279E+01    2.23319E-01
 1.09639E+01    2.28849E-01
 1.10000E+01    2.34517E-01
 1.10306E+01    2.39139E-01
 1.10574E+01    2.43257E-01
 1.11046E+01    2.50637E-01
 1.11401E+01    2.56317E-01
 1.11668E+01    2.60663E-01
 1.12069E+01    2.67319E-01
 1.12472E+01    2.74145E-01
 1.12785E+01    2.79552E-01
 1.13059E+01    2.84370E-01
 1.13542E+01    2.93004E-01
 1.13904E+01    2.99650E-01
 1.14177E+01    3.04734E-01
 1.14588E+01    3.12521E-01
 1.15000E+01    3.20508E-01
 1.15306E+01    3.26162E-01
 1.15594E+01    3.31552E-01
 1.15865E+01    3.36687E-01
 1.16374E+01    3.46530E-01
 1.16821E+01    3.55378E-01
 1.17214E+01    3.63305E-01
 1.17558E+01    3.70386E-01
 1.17861E+01    3.76695E-01
 1.18392E+01    3.87996E-01
 1.18792E+01    3.96694E-01
 1.19093E+01    4.03345E-01
 1.19546E+01    4.13531E-01
 1.20000E+01    4.23974E-01
 1.20307E+01    4.30626E-01
 1.20768E+01    4.40800E-01
 1.21231E+01    4.51214E-01
 1.21541E+01    4.58291E-01
 1.22006E+01    4.69116E-01
 1.22474E+01    4.80196E-01
 1.22787E+01    4.87736E-01
 1.23258E+01    4.99270E-01
 1.23731E+01    5.11077E-01
 1.24047E+01    5.19099E-01
 1.24364E+01    5.27248E-01
 1.24682E+01    5.35522E-01
 1.25000E+01    5.43926E-01
 1.25614E+01    5.59155E-01
 1.26077E+01    5.70856E-01
 1.26774E+01    5.88869E-01
 1.27475E+01    6.07450E-01
 1.28102E+01    6.24469E-01
 1.28574E+01    6.37546E-01
 1.29285E+01    6.57676E-01
 1.30000E+01    6.78442E-01
 1.30615E+01    6.95215E-01
 1.31078E+01    7.08066E-01
 1.31775E+01    7.27789E-01
 1.32476E+01    7.48062E-01
 1.33103E+01    7.66566E-01
 1.33574E+01    7.80743E-01
 1.34285E+01    8.02503E-01
 1.35000E+01    8.24869E-01
 1.35615E+01    8.42830E-01
 1.36156E+01    8.58867E-01
 1.36630E+01    8.73149E-01
 1.37465E+01    8.98716E-01
 1.38094E+01    9.18382E-01
 1.38568E+01    9.33413E-01
 1.39282E+01    9.56422E-01
 1.40000E+01    9.79999E-01
 1.40615E+01    9.98717E-01
 1.41156E+01    1.01539E+00
 1.42107E+01    1.04523E+00
 1.42825E+01    1.06819E+00
 1.43366E+01    1.08574E+00
 1.44181E+01    1.11261E+00
 1.45000E+01    1.14014E+00
 1.45616E+01    1.15912E+00
 1.46234E+01    1.17841E+00
 1.46855E+01    1.19802E+00
 1.47479E+01    1.21797E+00
 1.48105E+01    1.23824E+00
 1.48734E+01    1.25885E+00
 1.49366E+01    1.27982E+00
 1.50000E+01    1.30112E+00
 1.50616E+01    1.31966E+00
 1.51235E+01    1.33851E+00
 1.51856E+01    1.35761E+00
 1.52168E+01    1.36729E+00
 1.52480E+01    1.37701E+00
 1.52793E+01    1.38682E+00
 1.53106E+01    1.39668E+00
 1.53420E+01    1.40662E+00
 1.53735E+01    1.41664E+00
 1.54366E+01    1.43687E+00
 1.55000E+01    1.45741E+00
 1.56235E+01    1.49303E+00
 1.57168E+01    1.52032E+00
 1.58578E+01    1.56219E+00
 1.60000E+01    1.60521E+00
 1.60308E+01    1.61342E+00
 1.60617E+01    1.62170E+00
 1.60926E+01    1.63002E+00
 1.61236E+01    1.63841E+00
 1.61546E+01    1.64682E+00
 1.61857E+01    1.65529E+00
 1.62169E+01    1.66382E+00
 1.62481E+01    1.67238E+00
 1.62794E+01    1.68099E+00
 1.63107E+01    1.68963E+00
 1.63421E+01    1.69833E+00
 1.63736E+01    1.70708E+00
 1.64367E+01    1.72471E+00
 1.65000E+01    1.74250E+00
 1.65617E+01    1.75680E+00
 1.65926E+01    1.76399E+00
 1.66236E+01    1.77121E+00
 1.66546E+01    1.77845E+00
 1.66857E+01    1.78573E+00
 1.67169E+01    1.79305E+00
 1.67481E+01    1.80039E+00
 1.67794E+01    1.80777E+00
 1.68107E+01    1.81516E+00
 1.68421E+01    1.82260E+00
 1.68736E+01    1.83008E+00
 1.69051E+01    1.83758E+00
 1.69367E+01    1.84513E+00
 1.69683E+01    1.85272E+00
 1.70000E+01    1.86036E+00
 1.70617E+01    1.87114E+00
 1.70927E+01    1.87657E+00
 1.71237E+01    1.88200E+00
 1.71547E+01    1.88743E+00
 1.71858E+01    1.89289E+00
 1.72170E+01    1.89838E+00
 1.72482E+01    1.90387E+00
 1.72795E+01    1.90938E+00
 1.73108E+01    1.91490E+00
 1.73736E+01    1.92599E+00
 1.74051E+01    1.93156E+00
 1.74367E+01    1.93716E+00
 1.74683E+01    1.94276E+00
 1.75000E+01    1.94839E+00
 1.75308E+01    1.95280E+00
 1.75617E+01    1.95723E+00
 1.75927E+01    1.96170E+00
 1.76237E+01    1.96617E+00
 1.76547E+01    1.97066E+00
 1.76858E+01    1.97516E+00
 1.77170E+01    1.97968E+00
 1.77482E+01    1.98420E+00
 1.77795E+01    1.98874E+00
 1.78108E+01    1.99329E+00
 1.78422E+01    1.99785E+00
 1.78737E+01    2.00243E+00
 1.79052E+01    2.00701E+00
 1.79367E+01    2.01160E+00
 1.80000E+01    2.02082E+00
 1.80308E+01    2.02338E+00
 1.80617E+01    2.02595E+00
 1.80927E+01    2.02852E+00
 1.81237E+01    2.03109E+00
 1.81548E+01    2.03367E+00
 1.81859E+01    2.03625E+00
 1.82171E+01    2.03884E+00
 1.82483E+01    2.04142E+00
 1.82796E+01    2.04402E+00
 1.83109E+01    2.04661E+00
 1.83423E+01    2.04921E+00
 1.83737E+01    2.05182E+00
 1.84052E+01    2.05443E+00
 1.84367E+01    2.05705E+00
 1.84683E+01    2.05968E+00
 1.85000E+01    2.06233E+00
 1.87610E+01    2.06631E+00
 1.90000E+01    2.06996E+00
 1.90309E+01    2.07009E+00
 1.90618E+01    2.07025E+00
 1.90928E+01    2.07042E+00
 1.91238E+01    2.07060E+00
 1.91549E+01    2.07079E+00
 1.91860E+01    2.07097E+00
 1.92172E+01    2.07116E+00
 1.92484E+01    2.07135E+00
 1.92797E+01    2.07154E+00
 1.93110E+01    2.07173E+00
 1.93424E+01    2.07192E+00
 1.93738E+01    2.07211E+00
 1.94053E+01    2.07230E+00
 1.94368E+01    2.07249E+00
 1.94684E+01    2.07269E+00
 1.95000E+01    2.07288E+00
 1.95309E+01    2.07148E+00
 1.95618E+01    2.07009E+00
 1.95928E+01    2.06869E+00
 1.96238E+01    2.06730E+00
 1.96549E+01    2.06591E+00
 1.96704E+01    2.06522E+00
 1.96860E+01    2.06452E+00
 1.97016E+01    2.06382E+00
 1.97172E+01    2.06313E+00
 1.97328E+01    2.06243E+00
 1.97484E+01    2.06174E+00
 1.97797E+01    2.06035E+00
 1.98110E+01    2.05897E+00
 1.98738E+01    2.05620E+00
 1.99053E+01    2.05481E+00
 1.99368E+01    2.05344E+00
 1.99684E+01    2.05206E+00
 2.00000E+01    2.05069E+00
