# p + Cs137 : (p,2n)m   
# tendl.2019 A.J. Koning                       EVAL-OCT19
# uncertainties: y
# # energies =    39
#   E(MeV)       xs(mb)       xslow(mb)      xsupp(mb)
 8.60568E+00    0.00000E+00    0.00000E+00    0.00000E+00
 9.00000E+00    5.77993E+00    0.00000E+00    0.00000E+00
 1.00000E+01    4.34815E+01    0.00000E+00    0.00000E+00
 1.10000E+01    9.90050E+01    0.00000E+00    0.00000E+00
 1.20000E+01    1.51366E+02    0.00000E+00    0.00000E+00
 1.30000E+01    2.00626E+02    0.00000E+00    0.00000E+00
 1.40000E+01    2.47932E+02    0.00000E+00    0.00000E+00
 1.50000E+01    2.93947E+02    0.00000E+00    0.00000E+00
 1.60000E+01    3.38166E+02    0.00000E+00    0.00000E+00
 1.70000E+01    3.70708E+02    0.00000E+00    0.00000E+00
 1.80000E+01    3.68725E+02    0.00000E+00    0.00000E+00
 1.90000E+01    3.29010E+02    0.00000E+00    0.00000E+00
 2.00000E+01    2.76245E+02    0.00000E+00    0.00000E+00
 2.20000E+01    1.83444E+02    0.00000E+00    0.00000E+00
 2.40000E+01    1.30174E+02    0.00000E+00    0.00000E+00
 2.60000E+01    1.04839E+02    0.00000E+00    0.00000E+00
 2.80000E+01    9.11026E+01    0.00000E+00    0.00000E+00
 3.00000E+01    8.23059E+01    0.00000E+00    0.00000E+00
 3.00000E+01    8.31632E+01    0.00000E+00    0.00000E+00
 3.50000E+01    6.78126E+01    0.00000E+00    0.00000E+00
 4.00000E+01    5.68216E+01    0.00000E+00    0.00000E+00
 4.50000E+01    4.79198E+01    0.00000E+00    0.00000E+00
 5.00000E+01    4.10947E+01    0.00000E+00    0.00000E+00
 5.50000E+01    3.51957E+01    0.00000E+00    0.00000E+00
 6.00000E+01    3.04956E+01    0.00000E+00    0.00000E+00
 6.50000E+01    2.70656E+01    0.00000E+00    0.00000E+00
 7.00000E+01    2.36404E+01    0.00000E+00    0.00000E+00
 7.50000E+01    2.07885E+01    0.00000E+00    0.00000E+00
 8.00000E+01    1.83909E+01    0.00000E+00    0.00000E+00
 9.00000E+01    1.46816E+01    0.00000E+00    0.00000E+00
 1.00000E+02    1.20074E+01    0.00000E+00    0.00000E+00
 1.10000E+02    1.00866E+01    0.00000E+00    0.00000E+00
 1.20000E+02    8.59946E+00    0.00000E+00    0.00000E+00
 1.30000E+02    7.52675E+00    0.00000E+00    0.00000E+00
 1.40000E+02    6.59563E+00    0.00000E+00    0.00000E+00
 1.50000E+02    5.97610E+00    0.00000E+00    0.00000E+00
 1.60000E+02    5.37432E+00    0.00000E+00    0.00000E+00
 1.80000E+02    4.45843E+00    0.00000E+00    0.00000E+00
 2.00000E+02    3.74248E+00    0.00000E+00    0.00000E+00
