# n + Re186m: (n,n'02)  
# tendl.2019 A.J. Koning and D. Rochman        EVAL-NOV19
# uncertainties: y
# # energies =   176
#   E(MeV)       xs(mb)       xslow(mb)      xsupp(mb)
 3.25929E-05    0.00000E+00   -0.00000E+00    0.00000E+00
 3.32646E-05    4.38170E-09    0.00000E+00    8.88273E-09
 3.34056E-05    1.65200E-08    0.00000E+00    3.34899E-08
 3.38769E-05    7.01540E-08    0.00000E+00    1.42219E-07
 9.98155E-05    7.61967E-06    0.00000E+00    1.54469E-05
 1.00000E-04    7.63328E-06    0.00000E+00    1.54744E-05
 1.04292E-04    7.54786E-06    0.00000E+00    1.53013E-05
 2.00071E-04    5.44307E-06    0.00000E+00    1.10344E-05
 3.00350E-04    4.49309E-06    0.00000E+00    9.10854E-06
 6.00000E-04    3.32540E-06    0.00000E+00    6.74136E-06
 1.00000E-03    2.77517E-06    0.00000E+00    5.62592E-06
 2.00000E-03    2.44449E-06    3.37565E-07    4.55141E-06
 3.00000E-03    2.53253E-06    3.49723E-07    4.71534E-06
 6.00000E-03    3.58069E-06    8.26653E-07    6.33473E-06
 1.00000E-02    6.02297E-06    1.39049E-06    1.06555E-05
 2.00000E-02    2.10654E-05    4.86324E-06    3.72676E-05
 2.50642E-02    3.37688E-05    7.79600E-06    5.97416E-05
 3.00000E-02    4.91760E-05    2.04283E-05    7.79237E-05
 3.72007E-02    8.15639E-05    3.38827E-05    1.29245E-04
 6.00000E-02    2.51042E-04    1.04286E-04    3.97798E-04
 6.20337E-02    2.73567E-04    1.13643E-04    4.33491E-04
 1.00000E-01    9.36539E-04    3.89050E-04    1.48403E-03
 1.20448E-01    1.56824E-03    6.51467E-04    2.48501E-03
 1.25303E-01    1.74974E-03    7.26865E-04    2.77262E-03
 1.65904E-01    3.80844E-03    1.58208E-03    6.03480E-03
 1.70959E-01    4.14006E-03    1.71983E-03    6.56029E-03
 1.75549E-01    4.45677E-03    1.85140E-03    7.06214E-03
 1.81982E-01    4.92108E-03    2.04428E-03    7.79788E-03
 1.94047E-01    5.87912E-03    2.44226E-03    9.31598E-03
 2.03299E-01    6.67609E-03    4.22425E-03    9.12793E-03
 2.30618E-01    9.32749E-03    5.90190E-03    1.27531E-02
 2.70250E-01    1.42046E-02    8.98786E-03    1.94213E-02
 2.78325E-01    1.53581E-02    9.71773E-03    2.09985E-02
 3.04232E-01    1.93778E-02    1.22612E-02    2.64944E-02
 3.17899E-01    2.14605E-02    1.35790E-02    2.93420E-02
 3.32440E-01    2.38262E-02    1.50759E-02    3.25765E-02
 3.50182E-01    2.69025E-02    1.70224E-02    3.67826E-02
 3.58619E-01    2.84928E-02    1.80286E-02    3.89570E-02
 3.87460E-01    3.40819E-02    2.15651E-02    4.65987E-02
 4.00000E-01    3.67169E-02    2.32323E-02    5.02015E-02
 4.18169E-01    3.95978E-02    2.50552E-02    5.41404E-02
 5.00000E-01    5.34516E-02    3.38211E-02    7.30821E-02
 6.99969E-01    9.09142E-02    5.40035E-02    1.27825E-01
 8.05643E-01    1.09694E-01    6.51588E-02    1.54229E-01
 9.06349E-01    1.26217E-01    7.49735E-02    1.77460E-01
 1.00000E+00    1.39956E-01    6.23942E-02    2.17518E-01
 1.20000E+00    1.63244E-01    7.27763E-02    2.53712E-01
 1.40000E+00    1.77374E-01    7.90757E-02    2.75672E-01
 1.60000E+00    1.82402E-01    8.13172E-02    2.83487E-01
 1.80000E+00    1.79229E-01    8.38367E-02    2.74621E-01
 2.00000E+00    1.69436E-01    7.92559E-02    2.59616E-01
 2.20000E+00    1.54988E-01    7.24977E-02    2.37478E-01
 2.43386E+00    1.34888E-01    6.30957E-02    2.06680E-01
 2.67388E+00    1.13549E-01    3.86447E-02    1.88453E-01
 2.80000E+00    1.02539E-01    3.48976E-02    1.70180E-01
 3.00000E+00    8.63651E-02    2.93931E-02    1.43337E-01
 3.20000E+00    7.18906E-02    2.44669E-02    1.19314E-01
 3.40000E+00    5.91757E-02    2.01396E-02    9.82118E-02
 3.60000E+00    4.81352E-02    1.63821E-02    7.98883E-02
 3.80000E+00    3.86560E-02    1.31560E-02    6.41560E-02
 4.00000E+00    3.06187E-02    1.04206E-02    5.08168E-02
 4.20000E+00    2.39054E-02    8.13584E-03    3.96750E-02
 4.40000E+00    1.84584E-02    6.28204E-03    3.06348E-02
 4.60000E+00    1.40677E-02    3.16465E-03    2.49707E-02
 4.80000E+00    1.06286E-02    2.39100E-03    1.88662E-02
 5.00000E+00    7.97899E-03    1.79494E-03    1.41630E-02
 5.20000E+00    5.95552E-03    1.33975E-03    1.05713E-02
 5.40000E+00    4.43248E-03    9.97125E-04    7.86784E-03
 5.60000E+00    3.29486E-03    7.41208E-04    5.84851E-03
 5.80000E+00    2.44900E-03    5.50924E-04    4.34708E-03
 6.00000E+00    1.82129E-03    4.09715E-04    3.23287E-03
 6.20000E+00    1.35712E-03    3.05296E-04    2.40894E-03
 6.40000E+00    1.01339E-03    2.27971E-04    1.79881E-03
 6.60000E+00    7.58930E-04    1.94590E-04    1.32327E-03
 6.80000E+00    5.70308E-04    1.46227E-04    9.94389E-04
 7.00000E+00    4.29910E-04    1.10229E-04    7.49591E-04
 7.20000E+00    3.25371E-04    8.34253E-05    5.67317E-04
 7.40000E+00    2.47180E-04    6.33771E-05    4.30983E-04
 7.60000E+00    1.88447E-04    4.83179E-05    3.28576E-04
 7.80000E+00    1.44194E-04    3.69714E-05    2.51417E-04
 8.00000E+00    1.10676E-04    2.83774E-05    1.92975E-04
 8.50000E+00    5.78282E-05    1.48272E-05    1.00829E-04
 9.00000E+00    3.05949E-05    0.00000E+00    6.42594E-05
 9.50000E+00    1.63070E-05    0.00000E+00    3.42501E-05
 1.00000E+01    8.72979E-06    0.00000E+00    1.83355E-05
 1.01411E+01    7.58941E-06    0.00000E+00    1.59403E-05
 1.02842E+01    6.43309E-06    0.00000E+00    1.35116E-05
 1.04292E+01    5.26045E-06    0.00000E+00    1.10487E-05
 1.05000E+01    4.68861E-06    0.00000E+00    9.84764E-06
 1.06481E+01    4.04851E-06    0.00000E+00    8.50321E-06
 1.07984E+01    3.39938E-06    0.00000E+00    7.13983E-06
 1.09507E+01    2.74108E-06    0.00000E+00    5.75718E-06
 1.10000E+01    2.52809E-06    0.00000E+00    5.30983E-06
 1.11552E+01    2.16874E-06    0.00000E+00    4.55507E-06
 1.13126E+01    1.80433E-06    0.00000E+00    3.78969E-06
 1.14722E+01    1.43477E-06    0.00000E+00    3.01349E-06
 1.15000E+01    1.37033E-06    0.00000E+00    2.87815E-06
 1.16622E+01    1.16838E-06    0.00000E+00    2.45399E-06
 1.18268E+01    9.63590E-07    0.00000E+00    2.02386E-06
 1.19936E+01    7.55910E-07    0.00000E+00    1.58766E-06
 1.20000E+01    7.47980E-07    0.00000E+00    1.57101E-06
 1.21693E+01    6.34190E-07    0.00000E+00    1.33201E-06
 1.23410E+01    5.18800E-07    0.00000E+00    1.08965E-06
 1.25000E+01    4.11930E-07    0.00000E+00    8.65190E-07
 1.26764E+01    3.47430E-07    0.00000E+00    7.29718E-07
 1.28552E+01    2.82010E-07    0.00000E+00    5.92315E-07
 1.30000E+01    2.29050E-07    0.00000E+00    5.45312E-07
 1.31834E+01    1.92230E-07    0.00000E+00    4.57652E-07
 1.33694E+01    1.54880E-07    0.00000E+00    3.68731E-07
 1.35000E+01    1.28660E-07    0.00000E+00    3.06308E-07
 1.36905E+01    1.07460E-07    0.00000E+00    2.55836E-07
 1.38836E+01    8.59700E-08    0.00000E+00    2.04673E-07
 1.40000E+01    7.30170E-08    0.00000E+00    1.73835E-07
 1.41975E+01    6.07060E-08    0.00000E+00    1.44526E-07
 1.43978E+01    4.82220E-08    0.00000E+00    1.14805E-07
 1.45000E+01    4.18530E-08    0.00000E+00    9.96417E-08
 1.47046E+01    3.46370E-08    0.00000E+00    8.24622E-08
 1.49120E+01    2.73180E-08    0.00000E+00    6.50374E-08
 1.50000E+01    2.42150E-08    0.00000E+00    5.76499E-08
 1.52116E+01    2.08500E-08    0.00000E+00    4.96387E-08
 1.54262E+01    1.74370E-08    0.00000E+00    4.15132E-08
 1.56439E+01    1.39770E-08    0.00000E+00    3.32758E-08
 1.58646E+01    1.04670E-08    0.00000E+00    2.49193E-08
 1.60000E+01    8.31360E-09    8.31360E-09    8.31360E-09
 1.62257E+01    7.09890E-09    7.09890E-09    7.09890E-09
 1.64546E+01    5.86710E-09    5.86710E-09    5.86710E-09
 1.66868E+01    4.61780E-09    4.61780E-09    4.61780E-09
 1.69222E+01    3.35100E-09    3.35100E-09    3.35100E-09
 1.70000E+01    2.93240E-09    2.93240E-09    2.93240E-09
 1.72398E+01    2.48090E-09    2.48090E-09    2.48090E-09
 1.74831E+01    2.02310E-09    2.02310E-09    2.02310E-09
 1.77297E+01    1.55880E-09    1.55880E-09    1.55880E-09
 1.79799E+01    1.08790E-09    1.08790E-09    1.08790E-09
 1.80000E+01    1.05000E-09    1.05000E-09    1.05000E-09
 1.82539E+01    8.81000E-10    8.81000E-10    8.81000E-10
 1.85115E+01    7.09620E-10    7.09620E-10    7.09620E-10
 1.87726E+01    5.35810E-10    5.35810E-10    5.35810E-10
 1.90000E+01    3.84510E-10    3.84510E-10    3.84510E-10
 1.92681E+01    3.19780E-10    3.19780E-10    3.19780E-10
 1.95399E+01    2.54130E-10    2.54130E-10    2.54130E-10
 1.98156E+01    1.87560E-10    1.87560E-10    1.87560E-10
 2.00000E+01    1.43020E-10    1.43020E-10    1.43020E-10
 2.02822E+01    1.17960E-10    1.17960E-10    1.17960E-10
 2.05683E+01    9.25510E-11    9.25510E-11    9.25510E-11
 2.08585E+01    6.67810E-11    6.67810E-11    6.67810E-11
 2.10000E+01    5.42140E-11    5.42140E-11    5.42140E-11
 2.12963E+01    4.43710E-11    4.43710E-11    4.43710E-11
 2.15967E+01    3.43880E-11    3.43880E-11    3.43880E-11
 2.19014E+01    2.42650E-11    2.42650E-11    2.42650E-11
 2.20000E+01    2.09900E-11    2.09900E-11    2.09900E-11
 2.23104E+01    1.70540E-11    1.70540E-11    1.70540E-11
 2.26251E+01    1.30630E-11    1.30630E-11    1.30630E-11
 2.29443E+01    9.01600E-12    9.01600E-12    9.01600E-12
 2.30000E+01    8.31020E-12    8.31020E-12    8.31020E-12
 2.33245E+01    6.70590E-12    6.70590E-12    6.70590E-12
 2.36536E+01    5.07900E-12    5.07900E-12    5.07900E-12
 2.39873E+01    3.42920E-12    3.42920E-12    3.42920E-12
 2.40000E+01    3.36620E-12    3.36620E-12    3.36620E-12
 2.43386E+01    2.69560E-12    2.69560E-12    2.69560E-12
 2.46820E+01    2.01560E-12    2.01560E-12    2.01560E-12
 2.50000E+01    1.38570E-12    1.38570E-12    1.38570E-12
 2.53527E+01    1.10150E-12    1.10150E-12    1.10150E-12
 2.57104E+01    8.13290E-13    8.13290E-13    8.13290E-13
 2.60000E+01    5.79930E-13    5.79930E-13    5.79930E-13
 2.63668E+01    4.57480E-13    4.57480E-13    4.57480E-13
 2.67388E+01    3.33300E-13    3.33300E-13    3.33300E-13
 2.70000E+01    2.46100E-13    2.46100E-13    2.46100E-13
 2.73809E+01    1.92670E-13    1.92670E-13    1.92670E-13
 2.77672E+01    1.38490E-13    1.38490E-13    1.38490E-13
 2.80000E+01    1.05840E-13    1.05840E-13    1.05840E-13
 2.83950E+01    8.22140E-14    8.22140E-14    8.22140E-14
 2.87956E+01    5.82540E-14    5.82540E-14    5.82540E-14
 2.90000E+01    4.60310E-14    4.60310E-14    4.60310E-14
 2.94091E+01    3.54840E-14    3.54840E-14    3.54840E-14
 2.98240E+01    2.47880E-14    2.47880E-14    2.47880E-14
 3.00000E+01    2.02520E-14    2.02520E-14    2.02520E-14
