# n + Re186m: (n,n'17)  
# tendl.2019 A.J. Koning and D. Rochman        EVAL-NOV19
# uncertainties: n
# # energies =    86
#   E(MeV)       xs(mb) 
 2.30636E-01    0.00000E+00
 2.70250E-01    1.06966E-04
 2.73032E-01    1.14478E-04
 2.78325E-01    1.28770E-04
 3.00000E-01    1.87297E-04
 3.15672E-01    2.86510E-04
 3.22519E-01    3.42716E-04
 3.30111E-01    4.16184E-04
 3.36964E-01    4.94056E-04
 3.50182E-01    6.81191E-04
 3.53630E-01    7.39250E-04
 3.87460E-01    1.58493E-03
 4.00000E-01    2.06769E-03
 4.02501E-01    2.13650E-03
 4.13205E-01    2.45229E-03
 4.15240E-01    2.51639E-03
 5.00000E-01    6.67542E-03
 6.00000E-01    1.41152E-02
 7.00000E-01    2.37371E-02
 8.00000E-01    3.47482E-02
 9.00000E-01    4.64079E-02
 1.00000E+00    5.80275E-02
 1.20000E+00    7.94932E-02
 1.40000E+00    9.64784E-02
 1.60000E+00    1.07735E-01
 1.80000E+00    1.12950E-01
 2.00000E+00    1.12523E-01
 2.20000E+00    1.07457E-01
 2.40000E+00    9.90658E-02
 2.60000E+00    8.86920E-02
 2.80000E+00    7.75436E-02
 3.00000E+00    6.65366E-02
 3.20000E+00    5.62598E-02
 3.40000E+00    4.69761E-02
 3.60000E+00    3.87600E-02
 3.80000E+00    3.15995E-02
 4.00000E+00    2.54456E-02
 4.20000E+00    2.02267E-02
 4.40000E+00    1.58580E-02
 4.60000E+00    1.22835E-02
 4.80000E+00    9.42495E-03
 5.00000E+00    7.15418E-03
 5.20000E+00    5.39783E-03
 5.40000E+00    4.05328E-03
 5.60000E+00    3.03279E-03
 5.80000E+00    2.26607E-03
 6.00000E+00    1.69321E-03
 6.20000E+00    1.26532E-03
 6.40000E+00    9.47559E-04
 6.60000E+00    7.10967E-04
 6.80000E+00    5.34801E-04
 7.00000E+00    4.03765E-04
 7.20000E+00    3.05683E-04
 7.40000E+00    2.32367E-04
 7.60000E+00    1.77254E-04
 7.80000E+00    1.35663E-04
 8.00000E+00    1.04209E-04
 8.50000E+00    5.45768E-05
 9.00000E+00    2.89875E-05
 9.50000E+00    1.55288E-05
 1.00000E+01    8.35898E-06
 1.05000E+01    4.51286E-06
 1.10000E+01    2.44405E-06
 1.15000E+01    1.32930E-06
 1.20000E+01    7.27360E-07
 1.25000E+01    4.01230E-07
 1.30000E+01    2.23320E-07
 1.35000E+01    1.25510E-07
 1.40000E+01    7.12560E-08
 1.45000E+01    4.08550E-08
 1.50000E+01    2.36460E-08
 1.60000E+01    8.12750E-09
 1.70000E+01    2.87200E-09
 1.80000E+01    1.03070E-09
 1.90000E+01    3.78340E-10
 2.00000E+01    1.41000E-10
 2.10000E+01    5.35160E-11
 2.20000E+01    2.07330E-11
 2.30000E+01    8.21080E-12
 2.40000E+01    3.32670E-12
 2.50000E+01    1.37000E-12
 2.60000E+01    5.73690E-13
 2.70000E+01    2.43650E-13
 2.80000E+01    1.04870E-13
 2.90000E+01    4.56460E-14
 3.00000E+01    2.00930E-14
