# n + Nd145 : (n,3n)    
# tendl.2019 A.J. Koning and D. Rochman        EVAL-NOV19
# uncertainties: y
# # energies =    49
#   E(MeV)       xs(mb)       xslow(mb)      xsupp(mb)
 1.36668E+01    0.00000E+00    0.00000E+00    0.00000E+00
 1.40000E+01    2.85598E+00    1.97436E+00    3.73760E+00
 1.45000E+01    2.40878E+01    1.66520E+01    3.15236E+01
 1.50000E+01    7.46749E+01    5.16232E+01    9.77266E+01
 1.60000E+01    2.70581E+02    2.21979E+02    3.19182E+02
 1.70000E+01    5.21205E+02    4.27587E+02    6.14824E+02
 1.80000E+01    7.72228E+02    6.33521E+02    9.10935E+02
 1.90000E+01    9.63930E+02    7.90790E+02    1.13707E+03
 2.00000E+01    1.09839E+03    9.62622E+02    1.23416E+03
 2.10000E+01    1.19606E+03    1.04822E+03    1.34390E+03
 2.20000E+01    1.24992E+03    1.09542E+03    1.40442E+03
 2.30000E+01    1.26284E+03    1.10674E+03    1.41894E+03
 2.40000E+01    1.22860E+03    1.15789E+03    1.29931E+03
 2.50000E+01    1.14361E+03    1.07779E+03    1.20943E+03
 2.60000E+01    1.01732E+03    9.58766E+02    1.07587E+03
 2.70000E+01    8.74766E+02    8.24417E+02    9.25115E+02
 2.80000E+01    7.38779E+02    6.96257E+02    7.81301E+02
 2.90000E+01    6.19679E+02    5.84012E+02    6.55346E+02
 3.00000E+01    5.25429E+02    4.95187E+02    5.55671E+02
 3.00000E+01    5.25841E+02    4.95575E+02    5.56107E+02
 3.20000E+01    4.01647E+02    3.78529E+02    4.24765E+02
 3.40000E+01    3.33831E+02    3.14617E+02    3.53045E+02
 3.60000E+01    2.95703E+02    2.78683E+02    3.12723E+02
 3.80000E+01    2.72954E+02    2.57243E+02    2.88664E+02
 4.00000E+01    2.53957E+02    2.39340E+02    2.68574E+02
 4.20000E+01    2.40075E+02    2.26257E+02    2.53893E+02
 4.40000E+01    2.27913E+02    2.14795E+02    2.41031E+02
 4.60000E+01    2.16598E+02    2.04131E+02    2.29065E+02
 4.80000E+01    2.06664E+02    1.94769E+02    2.18559E+02
 5.00000E+01    1.96414E+02    1.85109E+02    2.07719E+02
 5.20000E+01    1.87430E+02    1.76642E+02    1.98218E+02
 5.40000E+01    1.79424E+02    1.69097E+02    1.89751E+02
 5.60000E+01    1.72429E+02    1.62504E+02    1.82354E+02
 5.80000E+01    1.65023E+02    1.55525E+02    1.74521E+02
 6.00000E+01    1.59887E+02    1.50684E+02    1.69090E+02
 6.50000E+01    1.48765E+02    1.40202E+02    1.57327E+02
 7.00000E+01    1.39357E+02    1.31336E+02    1.47378E+02
 7.50000E+01    1.31107E+02    1.23561E+02    1.38653E+02
 8.00000E+01    1.22910E+02    1.15836E+02    1.29984E+02
 9.00000E+01    1.09926E+02    1.03599E+02    1.16253E+02
 1.00000E+02    1.01393E+02    9.55571E+01    1.07229E+02
 1.10000E+02    9.35674E+01    8.81819E+01    9.89529E+01
 1.20000E+02    8.63352E+01    8.13660E+01    9.13044E+01
 1.30000E+02    7.78844E+01    7.34016E+01    8.23672E+01
 1.40000E+02    7.08846E+01    6.68047E+01    7.49645E+01
 1.50000E+02    6.47371E+01    6.10110E+01    6.84632E+01
 1.60000E+02    5.83827E+01    5.50224E+01    6.17430E+01
 1.80000E+02    5.00109E+01    4.71324E+01    5.28894E+01
 2.00000E+02    4.20755E+01    3.96537E+01    4.44972E+01
