# n + Ho163 : (n,n'10)  
# tendl.2019 A.J. Koning and D. Rochman        EVAL-NOV19
# uncertainties: n
# # energies =    91
#   E(MeV)       xs(mb) 
 4.42664E-01    0.00000E+00
 4.58702E-01    1.62392E+01
 4.74167E-01    3.18983E+01
 5.00000E-01    5.80554E+01
 5.03478E-01    5.81995E+01
 5.31510E-01    5.93604E+01
 5.35082E-01    5.95084E+01
 5.55468E-01    6.03527E+01
 5.63467E-01    6.06840E+01
 5.81810E-01    6.14436E+01
 5.91197E-01    6.18324E+01
 5.97677E-01    6.21008E+01
 6.00000E-01    6.21970E+01
 6.16594E-01    6.25374E+01
 6.18093E-01    6.25682E+01
 6.56097E-01    6.33479E+01
 6.68121E-01    6.35946E+01
 6.92340E-01    6.40915E+01
 6.99303E-01    6.42343E+01
 7.00000E-01    6.42486E+01
 7.14395E-01    6.40157E+01
 7.24015E-01    6.38601E+01
 7.50618E-01    6.34297E+01
 8.00000E-01    6.26307E+01
 8.00364E-01    6.26101E+01
 9.00000E-01    5.69736E+01
 1.00000E+00    5.01395E+01
 1.20000E+00    3.69513E+01
 1.40000E+00    2.62524E+01
 1.60000E+00    1.85644E+01
 1.80000E+00    1.33045E+01
 2.00000E+00    9.71778E+00
 2.20000E+00    7.22608E+00
 2.40000E+00    5.44715E+00
 2.60000E+00    4.14383E+00
 2.80000E+00    3.17305E+00
 3.00000E+00    2.44195E+00
 3.20000E+00    1.88750E+00
 3.40000E+00    1.46768E+00
 3.60000E+00    1.15050E+00
 3.80000E+00    9.11965E-01
 4.00000E+00    7.33050E-01
 4.20000E+00    5.99146E-01
 4.40000E+00    4.99450E-01
 4.60000E+00    4.25542E-01
 4.80000E+00    3.70764E-01
 5.00000E+00    3.30366E-01
 5.20000E+00    3.00829E-01
 5.40000E+00    2.79329E-01
 5.60000E+00    2.63761E-01
 5.80000E+00    2.52612E-01
 6.00000E+00    2.44377E-01
 6.20000E+00    2.38374E-01
 6.40000E+00    2.33758E-01
 6.60000E+00    2.29931E-01
 6.80000E+00    2.26505E-01
 7.00000E+00    2.23175E-01
 7.20000E+00    2.19780E-01
 7.40000E+00    2.16216E-01
 7.60000E+00    2.12454E-01
 7.80000E+00    2.08502E-01
 8.00000E+00    2.04385E-01
 8.50000E+00    1.93666E-01
 9.00000E+00    1.82925E-01
 9.50000E+00    1.72763E-01
 1.00000E+01    1.63537E-01
 1.05000E+01    1.55352E-01
 1.10000E+01    1.48119E-01
 1.15000E+01    1.41653E-01
 1.20000E+01    1.35752E-01
 1.25000E+01    1.30254E-01
 1.30000E+01    1.25066E-01
 1.35000E+01    1.20150E-01
 1.40000E+01    1.15506E-01
 1.45000E+01    1.11154E-01
 1.50000E+01    1.07115E-01
 1.60000E+01    1.00037E-01
 1.70000E+01    9.42768E-02
 1.80000E+01    8.96458E-02
 1.90000E+01    8.58449E-02
 2.00000E+01    8.25904E-02
 2.10000E+01    7.96717E-02
 2.20000E+01    7.69393E-02
 2.30000E+01    7.43038E-02
 2.40000E+01    7.17618E-02
 2.50000E+01    6.93846E-02
 2.60000E+01    6.72582E-02
 2.70000E+01    6.54333E-02
 2.80000E+01    6.39018E-02
 2.90000E+01    6.26077E-02
 3.00000E+01    6.14609E-02
