# n + Dy156 : (n,a14)   
# endfb8.0   Kim,Mughabghab,Herman,Oblozinsky  EVAL-FEB06
# uncertainties: n
# # energies =    50
#   E(MeV)       xs(mb) 
 2.00000E-02    0.00000E+00
 2.00000E-02    3.32740E-07
 3.00000E-02    5.96440E-07
 4.00000E-02    9.30840E-07
 5.00000E-02    1.31736E-06
 6.00000E-02    1.75184E-06
 8.00000E-02    2.74714E-06
 9.00000E-02    3.30577E-06
 1.00000E-01    3.90060E-06
 1.20000E-01    5.19751E-06
 1.50000E-01    4.83160E-06
 2.00000E-01    4.37888E-06
 3.00000E-01    8.02518E-06
 4.00000E-01    1.27096E-05
 5.00000E-01    1.80535E-05
 6.00000E-01    2.41469E-05
 7.00000E-01    3.13515E-05
 8.00000E-01    4.03280E-05
 9.00000E-01    4.27222E-05
 1.00000E+00    4.64674E-05
 1.10000E+00    5.49402E-05
 1.20000E+00    6.68666E-05
 1.30000E+00    8.04664E-05
 1.40000E+00    2.04964E-04
 1.50000E+00    3.40237E-04
 1.60000E+00    3.80861E-04
 1.80000E+00    4.31866E-04
 1.90000E+00    4.21890E-04
 2.00000E+00    4.40982E-04
 2.50000E+00    5.22819E-04
 3.00000E+00    5.93074E-04
 3.50000E+00    6.36969E-04
 4.00000E+00    6.58763E-04
 5.00000E+00    6.50253E-04
 6.00000E+00    5.61847E-04
 7.00000E+00    4.42697E-04
 8.00000E+00    2.87671E-04
 9.00000E+00    1.59133E-04
 1.00000E+01    7.04574E-05
 1.10000E+01    2.57638E-05
 1.20000E+01    8.64344E-06
 1.30000E+01    2.84260E-06
 1.40000E+01    9.61260E-07
 1.45000E+01    5.68080E-07
 1.50000E+01    3.37530E-07
 1.60000E+01    1.23250E-07
 1.70000E+01    4.72790E-08
 1.80000E+01    1.88170E-08
 1.90000E+01    7.84470E-09
 2.00000E+01    3.40160E-09
