# n + Xe131 : (n,n'25)  
# tendl.2019 A.J. Koning and D. Rochman        EVAL-NOV19
# uncertainties: n
# # energies =    68
#   E(MeV)       xs(mb) 
 1.46751E+00    0.00000E+00
 1.59639E+00    1.07739E+01
 1.60000E+00    1.10757E+01
 1.61293E+00    1.13814E+01
 1.62875E+00    1.17554E+01
 1.63351E+00    1.18679E+01
 1.65407E+00    1.23540E+01
 1.80000E+00    1.58040E+01
 2.00000E+00    1.67720E+01
 2.20000E+00    1.63169E+01
 2.40000E+00    1.50370E+01
 2.60000E+00    1.32376E+01
 2.80000E+00    1.12199E+01
 3.00000E+00    9.23618E+00
 3.20000E+00    7.44552E+00
 3.40000E+00    5.91710E+00
 3.60000E+00    4.66760E+00
 3.80000E+00    3.67322E+00
 4.00000E+00    2.89441E+00
 4.20000E+00    2.28911E+00
 4.40000E+00    1.81931E+00
 4.60000E+00    1.45390E+00
 4.80000E+00    1.16900E+00
 5.00000E+00    9.46411E-01
 5.20000E+00    7.72399E-01
 5.40000E+00    6.36345E-01
 5.60000E+00    5.29925E-01
 5.80000E+00    4.46728E-01
 6.00000E+00    3.81265E-01
 6.20000E+00    3.29878E-01
 6.40000E+00    2.88614E-01
 6.60000E+00    2.56290E-01
 6.80000E+00    2.30545E-01
 7.00000E+00    2.09845E-01
 7.20000E+00    1.93246E-01
 7.40000E+00    1.79750E-01
 7.60000E+00    1.68811E-01
 7.80000E+00    1.59893E-01
 8.00000E+00    1.52584E-01
 8.50000E+00    1.39550E-01
 9.00000E+00    1.31417E-01
 9.50000E+00    1.26082E-01
 1.00000E+01    1.22252E-01
 1.05000E+01    1.19153E-01
 1.10000E+01    1.16363E-01
 1.15000E+01    1.13696E-01
 1.20000E+01    1.11088E-01
 1.25000E+01    1.08548E-01
 1.30000E+01    1.06115E-01
 1.35000E+01    1.03823E-01
 1.40000E+01    1.01698E-01
 1.45000E+01    9.97507E-02
 1.50000E+01    9.79757E-02
 1.60000E+01    9.48631E-02
 1.70000E+01    9.21664E-02
 1.80000E+01    8.97331E-02
 1.90000E+01    8.74780E-02
 2.00000E+01    8.53178E-02
 2.10000E+01    8.31644E-02
 2.20000E+01    8.09932E-02
 2.30000E+01    7.88688E-02
 2.40000E+01    7.68986E-02
 2.50000E+01    7.51655E-02
 2.60000E+01    7.36946E-02
 2.70000E+01    7.24488E-02
 2.80000E+01    7.13430E-02
 2.90000E+01    7.02713E-02
 3.00000E+01    6.91409E-02
