# n + Br 79 : (n,t)g    
# tendl.2019 A.J. Koning and D. Rochman        EVAL-NOV19
# uncertainties: y
# # energies =    28
#   E(MeV)       xs(mb)       xslow(mb)      xsupp(mb)
 8.45370E+00    0.00000E+00    0.00000E+00    0.00000E+00
 9.50000E+00    2.20470E-15    0.00000E+00    0.00000E+00
 1.00000E+01    1.54530E-11    0.00000E+00    0.00000E+00
 1.05000E+01    3.70720E-09    0.00000E+00    0.00000E+00
 1.10000E+01    1.89400E-07    0.00000E+00    0.00000E+00
 1.15000E+01    7.39810E-06    0.00000E+00    0.00000E+00
 1.20000E+01    6.65102E-05    0.00000E+00    0.00000E+00
 1.25000E+01    7.25121E-04    0.00000E+00    0.00000E+00
 1.30000E+01    4.74159E-03    0.00000E+00    0.00000E+00
 1.35000E+01    1.67221E-02    0.00000E+00    0.00000E+00
 1.40000E+01    4.27485E-02    0.00000E+00    0.00000E+00
 1.45000E+01    8.70397E-02    0.00000E+00    0.00000E+00
 1.50000E+01    1.50524E-01    0.00000E+00    0.00000E+00
 1.60000E+01    3.29406E-01    0.00000E+00    0.00000E+00
 1.70000E+01    5.18509E-01    0.00000E+00    0.00000E+00
 1.80000E+01    7.75413E-01    0.00000E+00    0.00000E+00
 1.90000E+01    1.04216E+00    0.00000E+00    0.00000E+00
 2.00000E+01    1.29850E+00    0.00000E+00    0.00000E+00
 2.10000E+01    1.51282E+00    0.00000E+00    0.00000E+00
 2.20000E+01    1.65767E+00    0.00000E+00    0.00000E+00
 2.30000E+01    1.73998E+00    0.00000E+00    0.00000E+00
 2.40000E+01    1.74564E+00    0.00000E+00    0.00000E+00
 2.50000E+01    1.74151E+00    0.00000E+00    0.00000E+00
 2.60000E+01    1.71432E+00    0.00000E+00    0.00000E+00
 2.70000E+01    1.66767E+00    0.00000E+00    0.00000E+00
 2.80000E+01    1.60917E+00    0.00000E+00    0.00000E+00
 2.90000E+01    1.52722E+00    0.00000E+00    0.00000E+00
 3.00000E+01    1.46100E+00    0.00000E+00    0.00000E+00
