# n + Kr  0 : (n,t)
# endfb8.0   JNDC FPND W.G., Mughabghab        EVAL-JAN05
# uncertainties: n
# # energies =   863
#   E(MeV)          xs(mb) 
 1.30000E+01    1.64422E-03
 1.40000E+01    1.05177E-02
 1.43433E+01    1.54714E-02
 1.44216E+01    1.66796E-02
 1.44608E+01    1.72851E-02
 1.44706E+01    1.74365E-02
 1.44725E+01    1.74659E-02
 1.44742E+01    1.74922E-02
 1.44758E+01    1.75169E-02
 1.44773E+01    1.75401E-02
 1.44787E+01    1.75617E-02
 1.44814E+01    1.76035E-02
 1.44837E+01    1.76390E-02
 1.44857E+01    1.76700E-02
 1.44875E+01    1.76978E-02
 1.44891E+01    1.77226E-02
 1.44918E+01    1.77643E-02
 1.44939E+01    1.77968E-02
 1.44954E+01    1.78200E-02
 1.44977E+01    1.78556E-02
 1.45000E+01    1.78912E-02
 1.45020E+01    1.79249E-02
 1.45039E+01    1.79570E-02
 1.45058E+01    1.79891E-02
 1.45078E+01    1.80229E-02
 1.45097E+01    1.80550E-02
 1.45116E+01    1.80871E-02
 1.45135E+01    1.81192E-02
 1.45154E+01    1.81513E-02
 1.45173E+01    1.81834E-02
 1.45192E+01    1.82156E-02
 1.45211E+01    1.82477E-02
 1.45229E+01    1.82781E-02
 1.45248E+01    1.83102E-02
 1.45267E+01    1.83423E-02
 1.45285E+01    1.83727E-02
 1.45304E+01    1.84048E-02
 1.45322E+01    1.84353E-02
 1.45340E+01    1.84657E-02
 1.45358E+01    1.84961E-02
 1.45376E+01    1.85265E-02
 1.45395E+01    1.85587E-02
 1.45413E+01    1.85891E-02
 1.45430E+01    1.86178E-02
 1.45448E+01    1.86483E-02
 1.45466E+01    1.86787E-02
 1.45484E+01    1.87091E-02
 1.45501E+01    1.87379E-02
 1.45519E+01    1.87683E-02
 1.45537E+01    1.87988E-02
 1.45554E+01    1.88275E-02
 1.45571E+01    1.88562E-02
 1.45589E+01    1.88867E-02
 1.45606E+01    1.89154E-02
 1.45623E+01    1.89442E-02
 1.45640E+01    1.89729E-02
 1.45657E+01    1.90017E-02
 1.45674E+01    1.90305E-02
 1.45691E+01    1.90592E-02
 1.45708E+01    1.90880E-02
 1.45725E+01    1.91167E-02
 1.45741E+01    1.91438E-02
 1.45758E+01    1.91726E-02
 1.45791E+01    1.92284E-02
 1.45824E+01    1.92842E-02
 1.45857E+01    1.93401E-02
 1.45889E+01    1.93942E-02
 1.45921E+01    1.94484E-02
 1.45953E+01    1.95026E-02
 1.45985E+01    1.95567E-02
 1.46016E+01    1.96092E-02
 1.46047E+01    1.96617E-02
 1.46078E+01    1.97142E-02
 1.46109E+01    1.97667E-02
 1.46139E+01    1.98175E-02
 1.46169E+01    1.98683E-02
 1.46199E+01    1.99192E-02
 1.46229E+01    1.99700E-02
 1.46258E+01    2.00191E-02
 1.46287E+01    2.00683E-02
 1.46316E+01    2.01174E-02
 1.46345E+01    2.01665E-02
 1.46374E+01    2.02157E-02
 1.46402E+01    2.02632E-02
 1.46430E+01    2.03106E-02
 1.46458E+01    2.03581E-02
 1.46486E+01    2.04056E-02
 1.46513E+01    2.04514E-02
 1.46541E+01    2.04989E-02
 1.46568E+01    2.05447E-02
 1.46594E+01    2.05888E-02
 1.46621E+01    2.06346E-02
 1.46647E+01    2.06787E-02
 1.46674E+01    2.07245E-02
 1.46700E+01    2.07686E-02
 1.46725E+01    2.08111E-02
 1.46751E+01    2.08552E-02
 1.46776E+01    2.08976E-02
 1.46802E+01    2.09418E-02
 1.46826E+01    2.09825E-02
 1.46851E+01    2.10250E-02
 1.46876E+01    2.10675E-02
 1.46900E+01    2.11082E-02
 1.46925E+01    2.11507E-02
 1.46949E+01    2.11915E-02
 1.46972E+01    2.12306E-02
 1.46996E+01    2.12713E-02
 1.47020E+01    2.13121E-02
 1.47043E+01    2.13512E-02
 1.47066E+01    2.13903E-02
 1.47089E+01    2.14294E-02
 1.47112E+01    2.14685E-02
 1.47134E+01    2.15060E-02
 1.47157E+01    2.15451E-02
 1.47179E+01    2.15825E-02
 1.47201E+01    2.16199E-02
 1.47223E+01    2.16574E-02
 1.47244E+01    2.16931E-02
 1.47266E+01    2.17305E-02
 1.47287E+01    2.17663E-02
 1.47308E+01    2.18020E-02
 1.47329E+01    2.18378E-02
 1.47350E+01    2.18735E-02
 1.47371E+01    2.19093E-02
 1.47392E+01    2.19451E-02
 1.47412E+01    2.19791E-02
 1.47432E+01    2.20132E-02
 1.47452E+01    2.20473E-02
 1.47472E+01    2.20814E-02
 1.47492E+01    2.21154E-02
 1.47511E+01    2.21497E-02
 1.47531E+01    2.21873E-02
 1.47550E+01    2.22230E-02
 1.47569E+01    2.22587E-02
 1.47588E+01    2.22944E-02
 1.47607E+01    2.23301E-02
 1.47626E+01    2.23658E-02
 1.47644E+01    2.23996E-02
 1.47663E+01    2.24353E-02
 1.47681E+01    2.24691E-02
 1.47699E+01    2.25030E-02
 1.47717E+01    2.25368E-02
 1.47735E+01    2.25707E-02
 1.47753E+01    2.26045E-02
 1.47770E+01    2.26365E-02
 1.47788E+01    2.26704E-02
 1.47805E+01    2.27024E-02
 1.47822E+01    2.27343E-02
 1.47839E+01    2.27663E-02
 1.47856E+01    2.27983E-02
 1.47873E+01    2.28303E-02
 1.47906E+01    2.28924E-02
 1.47939E+01    2.29546E-02
 1.47971E+01    2.30149E-02
 1.48003E+01    2.30751E-02
 1.48034E+01    2.31336E-02
 1.48065E+01    2.31920E-02
 1.48095E+01    2.32486E-02
 1.48125E+01    2.33051E-02
 1.48154E+01    2.33599E-02
 1.48183E+01    2.34146E-02
 1.48211E+01    2.34674E-02
 1.48239E+01    2.35203E-02
 1.48267E+01    2.35731E-02
 1.48294E+01    2.36241E-02
 1.48320E+01    2.36733E-02
 1.48347E+01    2.37243E-02
 1.48372E+01    2.37715E-02
 1.48398E+01    2.38207E-02
 1.48423E+01    2.38680E-02
 1.48448E+01    2.39152E-02
 1.48472E+01    2.39606E-02
 1.48496E+01    2.40061E-02
 1.48519E+01    2.40496E-02
 1.48542E+01    2.40932E-02
 1.48565E+01    2.41367E-02
 1.48588E+01    2.41803E-02
 1.48610E+01    2.42219E-02
 1.48631E+01    2.42618E-02
 1.48653E+01    2.43035E-02
 1.48674E+01    2.43433E-02
 1.48694E+01    2.43812E-02
 1.48715E+01    2.44210E-02
 1.48735E+01    2.44590E-02
 1.48755E+01    2.44969E-02
 1.48774E+01    2.45330E-02
 1.48793E+01    2.45691E-02
 1.48812E+01    2.46052E-02
 1.48831E+01    2.46413E-02
 1.48849E+01    2.46755E-02
 1.48867E+01    2.47097E-02
 1.48885E+01    2.47439E-02
 1.48902E+01    2.47762E-02
 1.48919E+01    2.48085E-02
 1.48936E+01    2.48409E-02
 1.48969E+01    2.49037E-02
 1.49002E+01    2.49665E-02
 1.49033E+01    2.50256E-02
 1.49063E+01    2.50827E-02
 1.49092E+01    2.51380E-02
 1.49121E+01    2.51933E-02
 1.49148E+01    2.52448E-02
 1.49175E+01    2.52963E-02
 1.49201E+01    2.53460E-02
 1.49226E+01    2.53937E-02
 1.49250E+01    2.54396E-02
 1.49273E+01    2.54836E-02
 1.49296E+01    2.55275E-02
 1.49318E+01    2.55696E-02
 1.49339E+01    2.56098E-02
 1.49360E+01    2.56500E-02
 1.49380E+01    2.56883E-02
 1.49399E+01    2.57247E-02
 1.49418E+01    2.57611E-02
 1.49436E+01    2.57956E-02
 1.49454E+01    2.58301E-02
 1.49471E+01    2.58627E-02
 1.49504E+01    2.59260E-02
 1.49535E+01    2.59855E-02
 1.49564E+01    2.60412E-02
 1.49591E+01    2.60931E-02
 1.49617E+01    2.61431E-02
 1.49641E+01    2.61893E-02
 1.49663E+01    2.62316E-02
 1.49684E+01    2.62720E-02
 1.49704E+01    2.63106E-02
 1.49723E+01    2.63472E-02
 1.49740E+01    2.63799E-02
 1.49772E+01    2.64417E-02
 1.49801E+01    2.64976E-02
 1.49826E+01    2.65459E-02
 1.49848E+01    2.65884E-02
 1.49867E+01    2.66251E-02
 1.49883E+01    2.66561E-02
 1.49912E+01    2.67121E-02
 1.49934E+01    2.67547E-02
 1.49967E+01    2.68186E-02
 1.50000E+01    2.68826E-02
 1.50039E+01    2.69680E-02
 1.50078E+01    2.70535E-02
 1.50117E+01    2.71390E-02
 1.50155E+01    2.72224E-02
 1.50194E+01    2.73079E-02
 1.50232E+01    2.73913E-02
 1.50270E+01    2.74748E-02
 1.50308E+01    2.75583E-02
 1.50346E+01    2.76418E-02
 1.50384E+01    2.77253E-02
 1.50421E+01    2.78067E-02
 1.50459E+01    2.78903E-02
 1.50496E+01    2.79717E-02
 1.50533E+01    2.80532E-02
 1.50570E+01    2.81348E-02
 1.50607E+01    2.82163E-02
 1.50644E+01    2.82979E-02
 1.50680E+01    2.83773E-02
 1.50717E+01    2.84589E-02
 1.50753E+01    2.85384E-02
 1.50789E+01    2.86179E-02
 1.50825E+01    2.86975E-02
 1.50861E+01    2.87770E-02
 1.50897E+01    2.88567E-02
 1.50932E+01    2.89341E-02
 1.50968E+01    2.90139E-02
 1.51003E+01    2.90914E-02
 1.51038E+01    2.91689E-02
 1.51073E+01    2.92465E-02
 1.51108E+01    2.93242E-02
 1.51143E+01    2.94018E-02
 1.51177E+01    2.94773E-02
 1.51212E+01    2.95551E-02
 1.51246E+01    2.96306E-02
 1.51280E+01    2.97062E-02
 1.51314E+01    2.97819E-02
 1.51348E+01    2.98575E-02
 1.51382E+01    2.99333E-02
 1.51416E+01    3.00090E-02
 1.51449E+01    3.00826E-02
 1.51483E+01    3.01585E-02
 1.51516E+01    3.02321E-02
 1.51549E+01    3.03057E-02
 1.51582E+01    3.03795E-02
 1.51615E+01    3.04532E-02
 1.51648E+01    3.05271E-02
 1.51680E+01    3.05987E-02
 1.51713E+01    3.06726E-02
 1.51745E+01    3.07443E-02
 1.51777E+01    3.08160E-02
 1.51810E+01    3.08900E-02
 1.51842E+01    3.09618E-02
 1.51873E+01    3.10314E-02
 1.51905E+01    3.11034E-02
 1.51937E+01    3.11753E-02
 1.51968E+01    3.12450E-02
 1.52000E+01    3.13171E-02
 1.52031E+01    3.13869E-02
 1.52062E+01    3.14567E-02
 1.52093E+01    3.15266E-02
 1.52124E+01    3.15965E-02
 1.52155E+01    3.16666E-02
 1.52185E+01    3.17344E-02
 1.52216E+01    3.18044E-02
 1.52246E+01    3.18723E-02
 1.52277E+01    3.19425E-02
 1.52307E+01    3.20104E-02
 1.52337E+01    3.20784E-02
 1.52367E+01    3.21464E-02
 1.52397E+01    3.22145E-02
 1.52426E+01    3.22803E-02
 1.52456E+01    3.23485E-02
 1.52485E+01    3.24144E-02
 1.52515E+01    3.24880E-02
 1.52544E+01    3.25642E-02
 1.52573E+01    3.26404E-02
 1.52602E+01    3.27165E-02
 1.52631E+01    3.27929E-02
 1.52660E+01    3.28693E-02
 1.52688E+01    3.29430E-02
 1.52717E+01    3.30194E-02
 1.52745E+01    3.30932E-02
 1.52774E+01    3.31698E-02
 1.52802E+01    3.32437E-02
 1.52830E+01    3.33177E-02
 1.52858E+01    3.33918E-02
 1.52886E+01    3.34658E-02
 1.52914E+01    3.35399E-02
 1.52941E+01    3.36114E-02
 1.52969E+01    3.36857E-02
 1.52997E+01    3.37599E-02
 1.53024E+01    3.38316E-02
 1.53051E+01    3.39034E-02
 1.53078E+01    3.39752E-02
 1.53105E+01    3.40469E-02
 1.53132E+01    3.41188E-02
 1.53186E+01    3.42627E-02
 1.53239E+01    3.44040E-02
 1.53292E+01    3.45456E-02
 1.53344E+01    3.46848E-02
 1.53396E+01    3.48240E-02
 1.53448E+01    3.49635E-02
 1.53499E+01    3.51005E-02
 1.53550E+01    3.52377E-02
 1.53600E+01    3.53725E-02
 1.53650E+01    3.55074E-02
 1.53700E+01    3.56425E-02
 1.53749E+01    3.57750E-02
 1.53798E+01    3.59079E-02
 1.53846E+01    3.60383E-02
 1.53895E+01    3.61715E-02
 1.53942E+01    3.62995E-02
 1.53990E+01    3.64304E-02
 1.54036E+01    3.65560E-02
 1.54083E+01    3.66847E-02
 1.54129E+01    3.68107E-02
 1.54175E+01    3.69370E-02
 1.54221E+01    3.70635E-02
 1.54266E+01    3.71875E-02
 1.54311E+01    3.73116E-02
 1.54355E+01    3.74333E-02
 1.54399E+01    3.75550E-02
 1.54443E+01    3.76770E-02
 1.54486E+01    3.77966E-02
 1.54529E+01    3.79162E-02
 1.54572E+01    3.80360E-02
 1.54615E+01    3.81560E-02
 1.54657E+01    3.82735E-02
 1.54698E+01    3.83885E-02
 1.54740E+01    3.85064E-02
 1.54781E+01    3.86216E-02
 1.54822E+01    3.87371E-02
 1.54862E+01    3.88501E-02
 1.54902E+01    3.89632E-02
 1.54942E+01    3.90766E-02
 1.54982E+01    3.91901E-02
 1.55021E+01    3.93114E-02
 1.55060E+01    3.94416E-02
 1.55098E+01    3.95687E-02
 1.55137E+01    3.96993E-02
 1.55175E+01    3.98269E-02
 1.55212E+01    3.99513E-02
 1.55250E+01    4.00794E-02
 1.55287E+01    4.02043E-02
 1.55324E+01    4.03293E-02
 1.55360E+01    4.04511E-02
 1.55396E+01    4.05732E-02
 1.55432E+01    4.06953E-02
 1.55468E+01    4.08177E-02
 1.55504E+01    4.09404E-02
 1.55539E+01    4.10599E-02
 1.55573E+01    4.11762E-02
 1.55608E+01    4.12962E-02
 1.55642E+01    4.14128E-02
 1.55676E+01    4.15295E-02
 1.55710E+01    4.16465E-02
 1.55744E+01    4.17638E-02
 1.55777E+01    4.18778E-02
 1.55810E+01    4.19921E-02
 1.55843E+01    4.21065E-02
 1.55875E+01    4.22177E-02
 1.55907E+01    4.23290E-02
 1.55939E+01    4.24406E-02
 1.55971E+01    4.25523E-02
 1.56003E+01    4.26643E-02
 1.56034E+01    4.27728E-02
 1.56065E+01    4.28814E-02
 1.56096E+01    4.29903E-02
 1.56126E+01    4.30961E-02
 1.56156E+01    4.32019E-02
 1.56186E+01    4.33080E-02
 1.56216E+01    4.34143E-02
 1.56246E+01    4.35208E-02
 1.56275E+01    4.36239E-02
 1.56304E+01    4.37270E-02
 1.56333E+01    4.38303E-02
 1.56362E+01    4.39341E-02
 1.56390E+01    4.40344E-02
 1.56418E+01    4.41348E-02
 1.56446E+01    4.42353E-02
 1.56474E+01    4.43363E-02
 1.56502E+01    4.44373E-02
 1.56529E+01    4.45348E-02
 1.56556E+01    4.46325E-02
 1.56583E+01    4.47304E-02
 1.56636E+01    4.49232E-02
 1.56689E+01    4.51167E-02
 1.56741E+01    4.53070E-02
 1.56792E+01    4.54946E-02
 1.56842E+01    4.56793E-02
 1.56891E+01    4.58607E-02
 1.56940E+01    4.60430E-02
 1.56987E+01    4.62183E-02
 1.57035E+01    4.63978E-02
 1.57081E+01    4.65707E-02
 1.57126E+01    4.67406E-02
 1.57171E+01    4.69110E-02
 1.57216E+01    4.70818E-02
 1.57259E+01    4.72459E-02
 1.57302E+01    4.74104E-02
 1.57344E+01    4.75717E-02
 1.57386E+01    4.77336E-02
 1.57426E+01    4.78888E-02
 1.57467E+01    4.80482E-02
 1.57506E+01    4.82036E-02
 1.57545E+01    4.83806E-02
 1.57584E+01    4.85577E-02
 1.57621E+01    4.87265E-02
 1.57658E+01    4.88960E-02
 1.57695E+01    4.90656E-02
 1.57731E+01    4.92311E-02
 1.57767E+01    4.93971E-02
 1.57801E+01    4.95546E-02
 1.57836E+01    4.97172E-02
 1.57870E+01    4.98756E-02
 1.57903E+01    5.00298E-02
 1.57936E+01    5.01844E-02
 1.57968E+01    5.03348E-02
 1.58000E+01    5.04856E-02
 1.58031E+01    5.06321E-02
 1.58062E+01    5.07790E-02
 1.58092E+01    5.09216E-02
 1.58122E+01    5.10643E-02
 1.58151E+01    5.12025E-02
 1.58180E+01    5.13413E-02
 1.58208E+01    5.14760E-02
 1.58236E+01    5.16111E-02
 1.58264E+01    5.17466E-02
 1.58291E+01    5.18775E-02
 1.58345E+01    5.21398E-02
 1.58396E+01    5.23891E-02
 1.58446E+01    5.26344E-02
 1.58495E+01    5.28763E-02
 1.58542E+01    5.31099E-02
 1.58588E+01    5.33392E-02
 1.58632E+01    5.35592E-02
 1.58674E+01    5.37711E-02
 1.58716E+01    5.39839E-02
 1.58756E+01    5.41868E-02
 1.58795E+01    5.43860E-02
 1.58833E+01    5.45808E-02
 1.58869E+01    5.47666E-02
 1.58904E+01    5.49476E-02
 1.58939E+01    5.51293E-02
 1.58972E+01    5.53011E-02
 1.59004E+01    5.54684E-02
 1.59035E+01    5.56309E-02
 1.59065E+01    5.57896E-02
 1.59094E+01    5.59433E-02
 1.59123E+01    5.60972E-02
 1.59150E+01    5.62408E-02
 1.59203E+01    5.65248E-02
 1.59253E+01    5.67941E-02
 1.59300E+01    5.70488E-02
 1.59343E+01    5.72832E-02
 1.59385E+01    5.75137E-02
 1.59423E+01    5.77227E-02
 1.59459E+01    5.79227E-02
 1.59493E+01    5.81118E-02
 1.59525E+01    5.82912E-02
 1.59554E+01    5.84542E-02
 1.59582E+01    5.86118E-02
 1.59634E+01    5.89064E-02
 1.59680E+01    5.91697E-02
 1.59720E+01    5.93996E-02
 1.59755E+01    5.96012E-02
 1.59786E+01    5.97805E-02
 1.59839E+01    6.00909E-02
 1.59879E+01    6.03259E-02
 1.59910E+01    6.05098E-02
 1.59955E+01    6.07776E-02
 1.60000E+01    6.10461E-02
 1.60078E+01    6.14953E-02
 1.60156E+01    6.19458E-02
 1.60233E+01    6.23932E-02
 1.60309E+01    6.28373E-02
 1.60385E+01    6.32827E-02
 1.60460E+01    6.37249E-02
 1.60534E+01    6.41639E-02
 1.60608E+01    6.46041E-02
 1.60682E+01    6.50453E-02
 1.60754E+01    6.54792E-02
 1.60827E+01    6.59185E-02
 1.60898E+01    6.63502E-02
 1.60969E+01    6.67832E-02
 1.61040E+01    6.72171E-02
 1.61110E+01    6.76479E-02
 1.61179E+01    6.80755E-02
 1.61248E+01    6.85041E-02
 1.61317E+01    6.89339E-02
 1.61385E+01    6.93604E-02
 1.61452E+01    6.97837E-02
 1.61519E+01    7.02079E-02
 1.61585E+01    7.06290E-02
 1.61651E+01    7.10513E-02
 1.61716E+01    7.14700E-02
 1.61781E+01    7.18899E-02
 1.61845E+01    7.23062E-02
 1.61908E+01    7.27194E-02
 1.61972E+01    7.31381E-02
 1.62034E+01    7.35488E-02
 1.62097E+01    7.39650E-02
 1.62158E+01    7.43733E-02
 1.62220E+01    7.47884E-02
 1.62280E+01    7.51932E-02
 1.62341E+01    7.56048E-02
 1.62401E+01    7.60147E-02
 1.62460E+01    7.64182E-02
 1.62519E+01    7.68391E-02
 1.62577E+01    7.72836E-02
 1.62635E+01    7.77318E-02
 1.62693E+01    7.81804E-02
 1.62750E+01    7.86252E-02
 1.62807E+01    7.90705E-02
 1.62863E+01    7.95109E-02
 1.62919E+01    7.99516E-02
 1.62974E+01    8.03892E-02
 1.63029E+01    8.08275E-02
 1.63083E+01    8.12607E-02
 1.63137E+01    8.16943E-02
 1.63191E+01    8.21315E-02
 1.63244E+01    8.25615E-02
 1.63297E+01    8.29941E-02
 1.63349E+01    8.34192E-02
 1.63401E+01    8.38477E-02
 1.63453E+01    8.42770E-02
 1.63504E+01    8.47020E-02
 1.63555E+01    8.51273E-02
 1.63605E+01    8.55485E-02
 1.63655E+01    8.59700E-02
 1.63705E+01    8.63930E-02
 1.63754E+01    8.68080E-02
 1.63803E+01    8.72278E-02
 1.63851E+01    8.76401E-02
 1.63899E+01    8.80549E-02
 1.63947E+01    8.84701E-02
 1.63994E+01    8.88809E-02
 1.64041E+01    8.92922E-02
 1.64087E+01    8.96974E-02
 1.64134E+01    9.01115E-02
 1.64179E+01    9.05109E-02
 1.64225E+01    9.09195E-02
 1.64315E+01    9.17270E-02
 1.64404E+01    9.25322E-02
 1.64491E+01    9.33281E-02
 1.64577E+01    9.41211E-02
 1.64662E+01    9.49109E-02
 1.64746E+01    9.57003E-02
 1.64828E+01    9.64773E-02
 1.64909E+01    9.72505E-02
 1.64988E+01    9.80140E-02
 1.65066E+01    9.88311E-02
 1.65143E+01    9.96539E-02
 1.65219E+01    1.00472E-01
 1.65294E+01    1.01284E-01
 1.65368E+01    1.02096E-01
 1.65440E+01    1.02887E-01
 1.65511E+01    1.03677E-01
 1.65581E+01    1.04461E-01
 1.65650E+01    1.05240E-01
 1.65718E+01    1.06013E-01
 1.65785E+01    1.06784E-01
 1.65851E+01    1.07546E-01
 1.65916E+01    1.08301E-01
 1.65980E+01    1.09050E-01
 1.66043E+01    1.09797E-01
 1.66104E+01    1.10524E-01
 1.66165E+01    1.11252E-01
 1.66225E+01    1.11977E-01
 1.66284E+01    1.12692E-01
 1.66342E+01    1.13403E-01
 1.66399E+01    1.14104E-01
 1.66456E+01    1.14813E-01
 1.66511E+01    1.15500E-01
 1.66566E+01    1.16193E-01
 1.66619E+01    1.16863E-01
 1.66672E+01    1.17541E-01
 1.66724E+01    1.18209E-01
 1.66775E+01    1.18869E-01
 1.66826E+01    1.19531E-01
 1.66875E+01    1.20174E-01
 1.66924E+01    1.20819E-01
 1.66972E+01    1.21456E-01
 1.67019E+01    1.22081E-01
 1.67066E+01    1.22712E-01
 1.67112E+01    1.23332E-01
 1.67202E+01    1.24558E-01
 1.67290E+01    1.25772E-01
 1.67374E+01    1.26947E-01
 1.67456E+01    1.28103E-01
 1.67536E+01    1.29276E-01
 1.67613E+01    1.30453E-01
 1.67687E+01    1.31599E-01
 1.67760E+01    1.32737E-01
 1.67830E+01    1.33839E-01
 1.67897E+01    1.34908E-01
 1.67963E+01    1.35964E-01
 1.68027E+01    1.37002E-01
 1.68089E+01    1.38017E-01
 1.68148E+01    1.38987E-01
 1.68206E+01    1.39952E-01
 1.68262E+01    1.40888E-01
 1.68316E+01    1.41800E-01
 1.68369E+01    1.42699E-01
 1.68420E+01    1.43570E-01
 1.68469E+01    1.44412E-01
 1.68517E+01    1.45248E-01
 1.68564E+01    1.46071E-01
 1.68653E+01    1.47644E-01
 1.68738E+01    1.49158E-01
 1.68816E+01    1.50572E-01
 1.68890E+01    1.51929E-01
 1.68960E+01    1.53221E-01
 1.69025E+01    1.54439E-01
 1.69086E+01    1.55593E-01
 1.69143E+01    1.56676E-01
 1.69196E+01    1.57694E-01
 1.69247E+01    1.58677E-01
 1.69294E+01    1.59592E-01
 1.69382E+01    1.61327E-01
 1.69459E+01    1.62870E-01
 1.69527E+01    1.64241E-01
 1.69586E+01    1.65443E-01
 1.69638E+01    1.66511E-01
 1.69728E+01    1.68384E-01
 1.69796E+01    1.69821E-01
 1.69847E+01    1.70905E-01
 1.69924E+01    1.72560E-01
 1.70000E+01    1.74211E-01
 1.70114E+01    1.76243E-01
 1.70221E+01    1.78166E-01
 1.70322E+01    1.79993E-01
 1.70416E+01    1.81716E-01
 1.70504E+01    1.83339E-01
 1.70587E+01    1.84876E-01
 1.70664E+01    1.86321E-01
 1.70737E+01    1.87698E-01
 1.70805E+01    1.88991E-01
 1.70933E+01    1.91440E-01
 1.71044E+01    1.93591E-01
 1.71142E+01    1.95512E-01
 1.71228E+01    1.97209E-01
 1.71303E+01    1.98699E-01
 1.71368E+01    2.00006E-01
 1.71483E+01    2.02333E-01
 1.71569E+01    2.04085E-01
 1.71698E+01    2.06750E-01
 1.71827E+01    2.09451E-01
 1.71897E+01    2.10928E-01
 1.71964E+01    2.12349E-01
 1.72030E+01    2.13763E-01
 1.72157E+01    2.16513E-01
 1.72276E+01    2.19119E-01
 1.72388E+01    2.21598E-01
 1.72492E+01    2.23934E-01
 1.72590E+01    2.26230E-01
 1.72682E+01    2.28416E-01
 1.72769E+01    2.30501E-01
 1.72850E+01    2.32461E-01
 1.72925E+01    2.34293E-01
 1.72996E+01    2.36037E-01
 1.73063E+01    2.37694E-01
 1.73188E+01    2.40822E-01
 1.73297E+01    2.43578E-01
 1.73393E+01    2.46035E-01
 1.73476E+01    2.48179E-01
 1.73550E+01    2.50105E-01
 1.73678E+01    2.53484E-01
 1.73774E+01    2.56043E-01
 1.73846E+01    2.57976E-01
 1.73954E+01    2.60906E-01
 1.74062E+01    2.63891E-01
 1.74155E+01    2.66408E-01
 1.74246E+01    2.68908E-01
 1.74336E+01    2.71385E-01
 1.74425E+01    2.73875E-01
 1.74512E+01    2.76317E-01
 1.74597E+01    2.78740E-01
 1.74682E+01    2.81165E-01
 1.74765E+01    2.83575E-01
 1.74847E+01    2.85962E-01
 1.74927E+01    2.88327E-01
 1.75086E+01    2.93141E-01
 1.75239E+01    2.97920E-01
 1.75388E+01    3.02660E-01
 1.75532E+01    3.07311E-01
 1.75672E+01    3.11902E-01
 1.75807E+01    3.16390E-01
 1.75938E+01    3.20804E-01
 1.76065E+01    3.25150E-01
 1.76188E+01    3.29419E-01
 1.76307E+01    3.33609E-01
 1.76423E+01    3.37750E-01
 1.76534E+01    3.41767E-01
 1.76643E+01    3.45745E-01
 1.76748E+01    3.49628E-01
 1.76849E+01    3.53415E-01
 1.76948E+01    3.57159E-01
 1.77043E+01    3.60802E-01
 1.77135E+01    3.64361E-01
 1.77225E+01    3.67872E-01
 1.77312E+01    3.71298E-01
 1.77396E+01    3.74637E-01
 1.77477E+01    3.77894E-01
 1.77635E+01    3.84444E-01
 1.77783E+01    3.90711E-01
 1.77921E+01    3.96659E-01
 1.78051E+01    4.02335E-01
 1.78173E+01    4.07756E-01
 1.78287E+01    4.12892E-01
 1.78394E+01    4.17770E-01
 1.78495E+01    4.22418E-01
 1.78589E+01    4.26821E-01
 1.78677E+01    4.30978E-01
 1.78760E+01    4.34935E-01
 1.78915E+01    4.42425E-01
 1.79050E+01    4.49077E-01
 1.79169E+01    4.55014E-01
 1.79273E+01    4.60281E-01
 1.79364E+01    4.64941E-01
 1.79523E+01    4.73207E-01
 1.79642E+01    4.79515E-01
 1.79732E+01    4.84341E-01
 1.79866E+01    4.91539E-01
 1.80000E+01    4.98805E-01
 1.80122E+01    5.04476E-01
 1.80242E+01    5.10107E-01
 1.80361E+01    5.15770E-01
 1.80477E+01    5.21321E-01
 1.80592E+01    5.26909E-01
 1.80705E+01    5.32435E-01
 1.80927E+01    5.43480E-01
 1.81142E+01    5.54376E-01
 1.81351E+01    5.65191E-01
 1.81553E+01    5.75825E-01
 1.81749E+01    5.86345E-01
 1.81938E+01    5.96677E-01
 1.82122E+01    6.06691E-01
 1.82300E+01    6.15381E-01
 1.82472E+01    6.23900E-01
 1.82639E+01    6.32263E-01
 1.82801E+01    6.40466E-01
 1.82958E+01    6.48544E-01
 1.83109E+01    6.56514E-01
 1.83257E+01    6.64418E-01
 1.83399E+01    6.72125E-01
 1.83537E+01    6.79687E-01
 1.83671E+01    6.87094E-01
 1.83800E+01    6.94338E-01
 1.83926E+01    7.01454E-01
 1.84047E+01    7.08344E-01
 1.84165E+01    7.15133E-01
 1.84279E+01    7.21749E-01
 1.84500E+01    7.34780E-01
 1.84708E+01    7.47215E-01
 1.84902E+01    7.58992E-01
 1.85084E+01    7.70232E-01
 1.85255E+01    7.80972E-01
 1.85415E+01    7.91095E-01
 1.85565E+01    8.00769E-01
 1.85706E+01    8.09915E-01
 1.85837E+01    8.18551E-01
 1.85961E+01    8.26746E-01
 1.86077E+01    8.34546E-01
 1.86294E+01    8.49289E-01
 1.86485E+01    8.62468E-01
 1.86651E+01    8.74253E-01
 1.86797E+01    8.84795E-01
 1.86924E+01    8.94061E-01
 1.87147E+01    9.10563E-01
 1.87314E+01    9.23107E-01
 1.87440E+01    9.32661E-01
 1.87628E+01    9.47165E-01
 1.87816E+01    9.61909E-01
 1.87952E+01    9.72312E-01
 1.88208E+01    9.92174E-01
 1.88432E+01    1.00988E+00
 1.88628E+01    1.02564E+00
 1.88800E+01    1.03965E+00
 1.88950E+01    1.05204E+00
 1.89212E+01    1.07402E+00
 1.89409E+01    1.09087E+00
 1.89557E+01    1.10375E+00
 1.89778E+01    1.12320E+00
 1.90000E+01    1.14300E+00
 1.90259E+01    1.16308E+00
 1.90501E+01    1.18215E+00
 1.90729E+01    1.20036E+00
 1.90942E+01    1.21744E+00
 1.91142E+01    1.23371E+00
 1.91329E+01    1.24905E+00
 1.91505E+01    1.26370E+00
 1.91669E+01    1.27749E+00
 1.91978E+01    1.30385E+00
 1.92248E+01    1.32729E+00
 1.92484E+01    1.34813E+00
 1.92691E+01    1.36681E+00
 1.92872E+01    1.38336E+00
 1.93031E+01    1.39803E+00
 1.93308E+01    1.42395E+00
 1.93515E+01    1.44371E+00
 1.93827E+01    1.47386E+00
 1.94139E+01    1.50463E+00
 1.94322E+01    1.52243E+00
 1.94677E+01    1.55761E+00
 1.95010E+01    1.59126E+00
 1.95322E+01    1.62373E+00
 1.95614E+01    1.65460E+00
 1.95888E+01    1.68420E+00
 1.96145E+01    1.71236E+00
 1.96386E+01    1.73908E+00
 1.96612E+01    1.76268E+00
 1.96824E+01    1.78483E+00
 1.97022E+01    1.80590E+00
 1.97208E+01    1.82572E+00
 1.97557E+01    1.86347E+00
 1.97863E+01    1.89732E+00
 1.98130E+01    1.92738E+00
 1.98364E+01    1.95410E+00
 1.98568E+01    1.97777E+00
 1.98926E+01    2.01973E+00
 1.99195E+01    2.05180E+00
 1.99396E+01    2.07613E+00
 1.99698E+01    2.11319E+00
 2.00000E+01    2.15089E+00
