# n + Nd145 : (n,2a)    
# jendl4.0   N.Iwamoto,A.Zukeran,K.Shibata     EVAL-Dec09
# uncertainties: n
# # energies =  2664
#   E(MeV)       xs(mb) 
 1.00000E-11    1.39010E-12
 1.03005E-11    1.36970E-12
 1.06099E-11    1.34960E-12
 1.09287E-11    1.32980E-12
 1.12571E-11    1.31020E-12
 1.15953E-11    1.29100E-12
 1.19437E-11    1.27200E-12
 1.23026E-11    1.25330E-12
 1.26722E-11    1.23490E-12
 1.30530E-11    1.21670E-12
 1.34452E-11    1.19890E-12
 1.38491E-11    1.18130E-12
 1.42652E-11    1.16390E-12
 1.46938E-11    1.14680E-12
 1.51353E-11    1.13000E-12
 1.55901E-11    1.11330E-12
 1.60585E-11    1.09700E-12
 1.65410E-11    1.08090E-12
 1.70380E-11    1.06500E-12
 1.75499E-11    1.04930E-12
 1.80772E-11    1.03390E-12
 1.86203E-11    1.01870E-12
 1.91798E-11    1.00380E-12
 1.97561E-11    9.89020E-13
 2.03497E-11    9.74490E-13
 2.09611E-11    9.60170E-13
 2.15909E-11    9.46060E-13
 2.22396E-11    9.32160E-13
 2.29078E-11    9.18470E-13
 2.35961E-11    9.04970E-13
 2.43051E-11    8.91680E-13
 2.50353E-11    8.78580E-13
 2.57875E-11    8.65670E-13
 2.65623E-11    8.52950E-13
 2.73604E-11    8.40420E-13
 2.81825E-11    8.28070E-13
 2.90293E-11    8.15900E-13
 2.99015E-11    8.03910E-13
 3.07999E-11    7.92100E-13
 3.17253E-11    7.80460E-13
 3.26785E-11    7.69000E-13
 3.36604E-11    7.57700E-13
 3.46717E-11    7.46570E-13
 3.57135E-11    7.35600E-13
 3.67865E-11    7.24790E-13
 3.78918E-11    7.14140E-13
 3.90303E-11    7.03650E-13
 4.02030E-11    6.93310E-13
 4.14109E-11    6.83120E-13
 4.26551E-11    6.73090E-13
 4.39367E-11    6.63200E-13
 4.52569E-11    6.53450E-13
 4.66166E-11    6.43850E-13
 4.80173E-11    6.34390E-13
 4.94600E-11    6.25070E-13
 5.09461E-11    6.15890E-13
 5.24768E-11    6.06840E-13
 5.40535E-11    5.97920E-13
 5.56776E-11    5.89140E-13
 5.73505E-11    5.80480E-13
 5.90736E-11    5.71950E-13
 6.08485E-11    5.63550E-13
 6.26768E-11    5.55270E-13
 6.45599E-11    5.47110E-13
 6.64997E-11    5.39070E-13
 6.84977E-11    5.31150E-13
 7.05558E-11    5.23350E-13
 7.26757E-11    5.15660E-13
 7.48593E-11    5.08080E-13
 7.71085E-11    5.00620E-13
 7.94253E-11    4.93260E-13
 8.18117E-11    4.86010E-13
 8.42698E-11    4.78870E-13
 8.68018E-11    4.71840E-13
 8.94098E-11    4.64900E-13
 9.20962E-11    4.58070E-13
 9.48633E-11    4.51340E-13
 9.77136E-11    4.44710E-13
 1.00649E-10    4.38180E-13
 1.03674E-10    4.31740E-13
 1.06789E-10    4.25400E-13
 1.09997E-10    4.19150E-13
 1.13302E-10    4.12990E-13
 1.16706E-10    4.06920E-13
 1.20213E-10    4.00940E-13
 1.23825E-10    3.95050E-13
 1.27545E-10    3.89250E-13
 1.31377E-10    3.83530E-13
 1.35325E-10    3.77890E-13
 1.39391E-10    3.72340E-13
 1.43579E-10    3.66870E-13
 1.47893E-10    3.61480E-13
 1.52336E-10    3.56170E-13
 1.56913E-10    3.50930E-13
 1.61628E-10    3.45780E-13
 1.66484E-10    3.40700E-13
 1.71486E-10    3.35690E-13
 1.76639E-10    3.30760E-13
 1.81946E-10    3.25900E-13
 1.87413E-10    3.21110E-13
 1.93044E-10    3.16390E-13
 1.98844E-10    3.11750E-13
 2.04818E-10    3.07170E-13
 2.10972E-10    3.02650E-13
 2.17311E-10    2.98210E-13
 2.23840E-10    2.93820E-13
 2.30566E-10    2.89510E-13
 2.37493E-10    2.85250E-13
 2.44629E-10    2.81060E-13
 2.51979E-10    2.76930E-13
 2.59550E-10    2.72860E-13
 2.67349E-10    2.68850E-13
 2.75381E-10    2.64900E-13
 2.83655E-10    2.61010E-13
 2.92178E-10    2.57180E-13
 3.00957E-10    2.53400E-13
 3.09999E-10    2.49680E-13
 3.19313E-10    2.46010E-13
 3.28907E-10    2.42390E-13
 3.38790E-10    2.38830E-13
 3.48969E-10    2.35320E-13
 3.59454E-10    2.31870E-13
 3.70254E-10    2.28460E-13
 3.81379E-10    2.25100E-13
 3.92838E-10    2.21790E-13
 4.04641E-10    2.18540E-13
 4.16798E-10    2.15320E-13
 4.29321E-10    2.12160E-13
 4.42221E-10    2.09040E-13
 4.55508E-10    2.05970E-13
 4.69194E-10    2.02950E-13
 4.83291E-10    1.99960E-13
 4.97812E-10    1.97030E-13
 5.12769E-10    1.94130E-13
 5.28176E-10    1.91280E-13
 5.44045E-10    1.88470E-13
 5.60392E-10    1.85700E-13
 5.77229E-10    1.82970E-13
 5.94572E-10    1.80280E-13
 6.12437E-10    1.77630E-13
 6.30838E-10    1.75020E-13
 6.49792E-10    1.72450E-13
 6.69316E-10    1.69920E-13
 6.89426E-10    1.67420E-13
 7.10140E-10    1.64960E-13
 7.31477E-10    1.62540E-13
 7.53455E-10    1.60150E-13
 7.76093E-10    1.57800E-13
 7.99411E-10    1.55480E-13
 8.23430E-10    1.53190E-13
 8.48171E-10    1.50940E-13
 8.73655E-10    1.48730E-13
 8.99905E-10    1.46540E-13
 9.26943E-10    1.44390E-13
 9.54794E-10    1.42270E-13
 9.83482E-10    1.40180E-13
 1.01303E-09    1.38120E-13
 1.04347E-09    1.36090E-13
 1.07482E-09    1.34090E-13
 1.10711E-09    1.32120E-13
 1.14038E-09    1.30180E-13
 1.17464E-09    1.28260E-13
 1.20994E-09    1.26380E-13
 1.24629E-09    1.24520E-13
 1.28373E-09    1.22690E-13
 1.32231E-09    1.20890E-13
 1.36204E-09    1.19110E-13
 1.40296E-09    1.17360E-13
 1.44511E-09    1.15640E-13
 1.48853E-09    1.13940E-13
 1.53326E-09    1.12270E-13
 1.57932E-09    1.10620E-13
 1.62678E-09    1.08990E-13
 1.67565E-09    1.07390E-13
 1.72600E-09    1.05810E-13
 1.77786E-09    1.04260E-13
 1.83128E-09    1.02730E-13
 1.88630E-09    1.01220E-13
 1.94297E-09    9.97290E-14
 2.00135E-09    9.82640E-14
 2.06148E-09    9.68200E-14
 2.12342E-09    9.53970E-14
 2.18722E-09    9.39960E-14
 2.25294E-09    9.26150E-14
 2.32063E-09    9.12540E-14
 2.39036E-09    8.99130E-14
 2.46218E-09    8.85920E-14
 2.53616E-09    8.72910E-14
 2.61236E-09    8.60080E-14
 2.69085E-09    8.47450E-14
 2.77170E-09    8.35000E-14
 2.85497E-09    8.22730E-14
 2.94075E-09    8.10640E-14
 3.02911E-09    7.98740E-14
 3.12012E-09    7.87000E-14
 3.21387E-09    7.75450E-14
 3.31043E-09    7.64060E-14
 3.40990E-09    7.52840E-14
 3.51235E-09    7.41790E-14
 3.61788E-09    7.30900E-14
 3.72659E-09    7.20170E-14
 3.83856E-09    7.09610E-14
 3.95389E-09    6.99210E-14
 4.07269E-09    6.88960E-14
 4.19505E-09    6.78870E-14
 4.32110E-09    6.68940E-14
 4.45093E-09    6.59170E-14
 4.58466E-09    6.49550E-14
 4.72241E-09    6.40080E-14
 4.86430E-09    6.30760E-14
 5.01045E-09    6.21600E-14
 5.16099E-09    6.12600E-14
 5.31606E-09    6.03740E-14
 5.47579E-09    5.95030E-14
 5.64031E-09    5.86480E-14
 5.80978E-09    5.78070E-14
 5.98434E-09    5.69810E-14
 6.16414E-09    5.61690E-14
 6.34935E-09    5.53710E-14
 6.54012E-09    5.45860E-14
 6.73663E-09    5.38140E-14
 6.93903E-09    5.30550E-14
 7.14752E-09    5.23080E-14
 7.36228E-09    5.15720E-14
 7.58348E-09    5.08470E-14
 7.81133E-09    5.01330E-14
 8.04603E-09    4.94290E-14
 8.28778E-09    4.87370E-14
 8.53679E-09    4.80570E-14
 8.79329E-09    4.73880E-14
 9.05749E-09    4.67320E-14
 9.32963E-09    4.60900E-14
 9.60995E-09    4.54630E-14
 9.89869E-09    4.48510E-14
 1.01961E-08    4.42550E-14
 1.05025E-08    4.36740E-14
 1.08180E-08    4.31080E-14
 1.11430E-08    4.25550E-14
 1.14778E-08    4.20150E-14
 1.18728E-08    4.14090E-14
 1.23334E-08    4.07370E-14
 1.28662E-08    3.99940E-14
 1.34789E-08    3.91730E-14
 1.43010E-08    3.81060E-14
 1.52376E-08    3.69200E-14
 1.61670E-08    3.57690E-14
 1.69368E-08    3.48410E-14
 1.75939E-08    3.40730E-14
 1.81225E-08    3.34770E-14
 1.86670E-08    3.28850E-14
 1.91468E-08    3.23850E-14
 1.96388E-08    3.18960E-14
 2.00585E-08    3.14980E-14
 2.04871E-08    3.11100E-14
 2.09250E-08    3.07330E-14
 2.13721E-08    3.03690E-14
 2.18289E-08    3.00180E-14
 2.22954E-08    2.96790E-14
 2.27718E-08    2.93550E-14
 2.32585E-08    2.90430E-14
 2.37555E-08    2.87450E-14
 2.42632E-08    2.84590E-14
 2.47817E-08    2.81850E-14
 2.52045E-08    2.79740E-14
 2.53000E-08    2.79280E-14
 2.59502E-08    2.76270E-14
 2.66171E-08    2.73390E-14
 2.73011E-08    2.70630E-14
 2.81214E-08    2.67510E-14
 2.90891E-08    2.64030E-14
 3.03457E-08    2.59730E-14
 3.23330E-08    2.53180E-14
 3.84547E-08    2.33420E-14
 4.20261E-08    2.21990E-14
 4.38415E-08    2.16300E-14
 4.51587E-08    2.12300E-14
 4.63193E-08    2.08920E-14
 4.73091E-08    2.06190E-14
 4.81162E-08    2.04070E-14
 4.89371E-08    2.02040E-14
 4.97719E-08    2.00100E-14
 5.06211E-08    1.98280E-14
 5.14847E-08    1.96560E-14
 5.23630E-08    1.94960E-14
 5.32563E-08    1.93460E-14
 5.41649E-08    1.92050E-14
 5.53224E-08    1.90400E-14
 5.67441E-08    1.88530E-14
 5.84490E-08    1.86440E-14
 6.14918E-08    1.82890E-14
 8.33789E-08    1.58020E-14
 8.95940E-08    1.51010E-14
 9.22860E-08    1.48060E-14
 9.42582E-08    1.45970E-14
 9.58662E-08    1.44350E-14
 9.75017E-08    1.42790E-14
 9.87466E-08    1.41690E-14
 1.00007E-07    1.40640E-14
 1.01284E-07    1.39660E-14
 1.02577E-07    1.38740E-14
 1.03887E-07    1.37900E-14
 1.05214E-07    1.37110E-14
 1.07009E-07    1.36150E-14
 1.08834E-07    1.35260E-14
 1.11160E-07    1.34220E-14
 1.14985E-07    1.32620E-14
 1.43267E-07    1.21260E-14
 1.83870E-07    1.05010E-14
 1.89394E-07    1.02850E-14
 1.92625E-07    1.01640E-14
 1.95085E-07    1.00760E-14
 1.97575E-07    9.99250E-15
 2.00098E-07    9.91500E-15
 2.02653E-07    9.84420E-15
 2.05240E-07    9.78050E-15
 2.07861E-07    9.72360E-15
 2.10515E-07    9.67260E-15
 2.14106E-07    9.61130E-15
 2.18682E-07    9.54090E-15
 2.31041E-07    9.36370E-15
 3.78946E-07    7.27090E-15
 3.87044E-07    7.15920E-15
 3.91986E-07    7.09410E-15
 3.96991E-07    7.03280E-15
 4.00363E-07    6.99490E-15
 4.03763E-07    6.96010E-15
 4.07193E-07    6.92850E-15
 4.10652E-07    6.90010E-15
 4.14140E-07    6.87470E-15
 4.19427E-07    6.84100E-15
 4.26583E-07    6.80100E-15
 4.46896E-07    6.69800E-15
 7.74410E-07    5.06030E-15
 7.87622E-07    4.99640E-15
 7.94312E-07    4.96600E-15
 8.01059E-07    4.93770E-15
 8.07863E-07    4.91230E-15
 8.14725E-07    4.89030E-15
 8.21645E-07    4.87140E-15
 8.28624E-07    4.85510E-15
 8.39204E-07    4.83390E-15
 8.79165E-07    4.76230E-15
 1.57594E-06    3.53100E-15
 1.59818E-06    3.49420E-15
 1.62073E-06    3.46350E-15
 1.64359E-06    3.44150E-15
 3.21988E-06    2.45620E-15
 3.26531E-06    2.43590E-15
 4.14340E-06    2.17040E-15
 4.20186E-06    2.15880E-15
 4.26114E-06    3.57600E-15
 4.32126E-06    4.32600E-14
 4.36000E-06    1.29170E-13
 4.42151E-06    2.39090E-13
 4.48389E-06    2.52050E-13
 8.66197E-06    1.54930E-13
 8.78418E-06    1.52840E-13
 9.96460E-06    1.39340E-13
 1.02477E-05    1.37410E-13
 1.97966E-05    8.07860E-14
 2.00759E-05    7.94870E-14
 3.98846E-05    4.58080E-14
 4.04473E-05    4.53470E-14
 6.98517E-05    2.86390E-14
 7.18365E-05    2.80920E-14
 9.91480E-05    2.12890E-14
 1.00547E-04    2.10250E-14
 1.99756E-04    1.15850E-14
 2.05432E-04    1.14180E-14
 4.00000E-04    6.34290E-15
 7.00000E-04    3.86680E-15
 1.00000E-03    2.81920E-15
 2.00000E-03    1.57270E-15
 4.00000E-03    8.77270E-16
 7.00000E-03    5.80480E-16
 1.00000E-02    4.59130E-16
 2.00000E-02    3.10900E-16
 2.96067E-02    2.58450E-16
 3.00000E-02    6.73800E-13
 3.04232E-02    2.19960E-10
 4.00000E-02    5.19610E-09
 5.00000E-02    4.78260E-09
 6.08345E-02    4.50840E-09
 6.86429E-02    4.34820E-09
 7.00000E-02    4.31460E-09
 7.30046E-02    4.26490E-09
 8.00000E-02    4.04110E-09
 9.00000E-02    3.89660E-09
 9.92733E-02    2.83210E-10
 1.00000E-01    9.22150E-13
 1.01411E-01    1.74800E-16
 1.28707E-01    1.74370E-16
 1.30000E-01    1.47830E-12
 1.35580E-01    3.05740E-09
 1.40000E-01    5.47760E-09
 1.64546E-01    5.35230E-09
 1.90000E-01    5.20220E-09
 1.98156E-01    9.59780E-10
 2.00000E-01    1.74120E-12
 2.02822E-01    2.14680E-16
 2.23720E-01    2.33230E-16
 2.25000E-01    1.10230E-12
 2.50000E-01    7.76180E-09
 2.75000E-01    7.68460E-09
 2.99115E-01    2.72020E-10
 3.00000E-01    1.26000E-12
 3.04232E-01    3.26620E-16
 4.00000E-01    5.15690E-16
 5.00000E-01    8.70570E-16
 5.99882E-01    1.50270E-15
 6.00000E-01    4.31120E-12
 6.62248E-01    4.62790E-08
 7.00000E-01    1.37940E-11
 7.30047E-01    2.93610E-08
 7.53488E-01    5.22600E-08
 7.85831E-01    4.98930E-08
 7.96918E-01    1.08920E-08
 8.00000E-01    2.84290E-11
 8.11287E-01    8.06180E-09
 9.00000E-01    7.14040E-08
 9.25574E-01    1.79200E-09
 9.26232E-01    1.96110E-11
 9.39299E-01    6.57030E-15
 9.40209E-01    6.58570E-15
 9.43572E-01    1.33990E-14
 9.70384E-01    2.49320E-11
 9.71376E-01    2.66710E-11
 9.85081E-01    1.55670E-09
 9.85584E-01    1.62360E-09
 9.92766E-01    1.27760E-08
 9.96376E-01    3.58560E-08
 9.98187E-01    6.00690E-08
 9.99093E-01    7.77470E-08
 9.99546E-01    8.84490E-08
 9.99773E-01    9.43410E-08
 9.99943E-01    9.90140E-08
 1.00000E+00    9.98870E-08
 1.01413E+00    2.24440E-08
 1.01826E+00    4.10100E-11
 1.03830E+00    3.67090E-11
 1.04846E+00    2.17080E-09
 1.05358E+00    1.68910E-08
 1.05615E+00    4.71540E-08
 1.05744E+00    7.87650E-08
 1.05776E+00    8.95240E-08
 1.05805E+00    1.00360E-07
 1.05827E+00    1.09580E-07
 1.05848E+00    1.19070E-07
 1.05871E+00    1.30600E-07
 1.05874E+00    1.31480E-07
 1.09994E+00    1.33540E-07
 1.09999E+00    1.33230E-07
 1.10000E+00    1.32650E-07
 1.10002E+00    1.31270E-07
 1.10016E+00    1.16930E-07
 1.10026E+00    1.07360E-07
 1.10032E+00    1.01760E-07
 1.10034E+00    1.00470E-07
 1.10035E+00    9.99910E-08
 1.11587E+00    1.64070E-08
 1.11894E+00    4.23200E-11
 1.13844E+00    4.99740E-11
 1.14831E+00    2.81100E-09
 1.15328E+00    2.13350E-08
 1.15577E+00    5.88190E-08
 1.15702E+00    9.76190E-08
 1.15717E+00    1.03650E-07
 1.15739E+00    1.13450E-07
 1.15761E+00    1.24150E-07
 1.15783E+00    1.35380E-07
 1.15803E+00    1.46910E-07
 1.15826E+00    1.61010E-07
 1.15828E+00    1.61910E-07
 1.15834E+00    1.62130E-07
 1.19997E+00    1.58260E-07
 1.20000E+00    1.57450E-07
 1.20002E+00    1.55780E-07
 1.20017E+00    1.39990E-07
 1.20029E+00    1.28670E-07
 1.20040E+00    1.18310E-07
 1.20052E+00    1.08830E-07
 1.20062E+00    1.00960E-07
 1.20064E+00    9.96780E-08
 1.20066E+00    9.92080E-08
 1.21759E+00    2.09090E-08
 1.22215E+00    3.80110E-11
 1.24016E+00    6.92540E-11
 1.24926E+00    3.77590E-09
 1.25384E+00    2.82430E-08
 1.25613E+00    7.72600E-08
 1.25671E+00    9.92940E-08
 1.25686E+00    1.06320E-07
 1.25705E+00    1.15420E-07
 1.25723E+00    1.25110E-07
 1.25742E+00    1.36110E-07
 1.25763E+00    1.48780E-07
 1.25783E+00    1.62610E-07
 1.25802E+00    1.77100E-07
 1.25821E+00    1.91960E-07
 1.25842E+00    2.10030E-07
 1.25845E+00    2.11340E-07
 1.25954E+00    2.11660E-07
 1.29994E+00    2.15220E-07
 1.29998E+00    2.14990E-07
 1.30000E+00    2.14120E-07
 1.30003E+00    2.11800E-07
 1.30019E+00    1.91900E-07
 1.30032E+00    1.76500E-07
 1.30046E+00    1.62410E-07
 1.30060E+00    1.49500E-07
 1.30073E+00    1.37680E-07
 1.30087E+00    1.26860E-07
 1.30101E+00    1.16070E-07
 1.30116E+00    1.06260E-07
 1.30125E+00    1.00290E-07
 1.30127E+00    9.92350E-08
 1.31963E+00    2.53380E-08
 1.32597E+00    3.44800E-11
 1.34171E+00    1.12370E-10
 1.34481E+00    5.49400E-09
 1.34636E+00    3.95840E-08
 1.34675E+00    6.49080E-08
 1.34705E+00    9.41470E-08
 1.34709E+00    9.98560E-08
 1.34716E+00    1.09070E-07
 1.34723E+00    1.19100E-07
 1.34729E+00    1.29100E-07
 1.34736E+00    1.40540E-07
 1.34743E+00    1.53170E-07
 1.34749E+00    1.66680E-07
 1.34756E+00    1.82080E-07
 1.34762E+00    1.97450E-07
 1.34769E+00    2.15350E-07
 1.34776E+00    2.35200E-07
 1.34783E+00    2.56170E-07
 1.34789E+00    2.78570E-07
 1.34791E+00    2.83860E-07
 1.34793E+00    2.87220E-07
 1.34795E+00    2.88600E-07
 1.34807E+00    2.89000E-07
 1.39992E+00    2.98990E-07
 1.39997E+00    2.98480E-07
 1.39999E+00    2.96450E-07
 1.40001E+00    2.92550E-07
 1.40003E+00    2.85380E-07
 1.40010E+00    2.56810E-07
 1.40016E+00    2.36280E-07
 1.40022E+00    2.17480E-07
 1.40027E+00    2.00270E-07
 1.40033E+00    1.84500E-07
 1.40039E+00    1.68790E-07
 1.40045E+00    1.54510E-07
 1.40051E+00    1.41500E-07
 1.40057E+00    1.29660E-07
 1.40062E+00    1.18870E-07
 1.40068E+00    1.09030E-07
 1.40072E+00    1.03900E-07
 1.40074E+00    1.01670E-07
 1.40075E+00    1.00580E-07
 1.40077E+00    9.98430E-08
 1.40090E+00    9.84340E-08
 1.41065E+00    8.97140E-11
 1.41369E+00    4.61780E-14
 1.43363E+00    4.97490E-14
 1.43754E+00    8.89140E-14
 1.45782E+00    8.70220E-11
 1.46844E+00    1.36360E-10
 1.48414E+00    6.83900E-09
 1.49205E+00    4.87410E-08
 1.49403E+00    7.96310E-08
 1.49478E+00    9.57270E-08
 1.49510E+00    1.03590E-07
 1.49543E+00    1.12550E-07
 1.49578E+00    1.22610E-07
 1.49613E+00    1.33700E-07
 1.49648E+00    1.45800E-07
 1.49680E+00    1.57800E-07
 1.49713E+00    1.71490E-07
 1.49747E+00    1.86610E-07
 1.49781E+00    2.02800E-07
 1.49816E+00    2.21140E-07
 1.49851E+00    2.40980E-07
 1.49885E+00    2.62050E-07
 1.49917E+00    2.83470E-07
 1.49951E+00    3.08680E-07
 1.49986E+00    3.36120E-07
 1.49998E+00    3.46110E-07
 1.50000E+00    3.47530E-07
 1.50005E+00    3.48330E-07
 1.53644E+00    3.84670E-07
 1.57575E+00    4.27080E-07
 1.60609E+00    4.61430E-07
 1.64795E+00    5.07800E-07
 1.69260E+00    5.61010E-07
 1.71756E+00    5.93560E-07
 1.76086E+00    6.54270E-07
 1.80000E+00    7.12960E-07
 1.84073E+00    7.81520E-07
 1.88734E+00    8.65980E-07
 1.91222E+00    9.14890E-07
 1.95540E+00    1.00685E-06
 2.00000E+00    1.10839E-06
 2.00161E+00    1.00949E-06
 2.00298E+00    9.31680E-07
 2.00434E+00    8.60270E-07
 2.00570E+00    7.94700E-07
 2.00704E+00    7.34470E-07
 2.00839E+00    6.79110E-07
 2.00972E+00    6.28220E-07
 2.01105E+00    5.81400E-07
 2.01237E+00    5.38320E-07
 2.01368E+00    4.98650E-07
 2.01499E+00    4.62120E-07
 2.01651E+00    4.23080E-07
 2.01801E+00    3.87610E-07
 2.01951E+00    3.55290E-07
 2.02100E+00    3.25890E-07
 2.02248E+00    2.99060E-07
 2.02395E+00    2.74650E-07
 2.02541E+00    2.52330E-07
 2.02687E+00    2.32000E-07
 2.02831E+00    2.13400E-07
 2.02975E+00    1.96430E-07
 2.03117E+00    1.80880E-07
 2.03259E+00    1.66680E-07
 2.03400E+00    1.53660E-07
 2.03540E+00    1.41760E-07
 2.03679E+00    1.30830E-07
 2.03817E+00    1.20830E-07
 2.03955E+00    1.11640E-07
 2.04092E+00    1.03210E-07
 2.04150E+00    9.98630E-08
 2.25000E+00    6.65940E-12
 2.31393E+00    9.89060E-10
 2.34658E+00    1.49350E-09
 2.37171E+00    1.89540E-09
 2.43501E+00    7.73760E-08
 2.43902E+00    9.75560E-08
 2.44042E+00    1.05780E-07
 2.44179E+00    1.14490E-07
 2.44313E+00    1.23690E-07
 2.44465E+00    1.35060E-07
 2.44614E+00    1.47110E-07
 2.44758E+00    1.59890E-07
 2.44898E+00    1.73360E-07
 2.45054E+00    1.89650E-07
 2.45206E+00    2.06900E-07
 2.45352E+00    2.25120E-07
 2.45495E+00    2.44300E-07
 2.45632E+00    2.64450E-07
 2.45783E+00    2.88270E-07
 2.45928E+00    3.13280E-07
 2.46083E+00    3.42470E-07
 2.46233E+00    3.73110E-07
 2.46376E+00    4.05150E-07
 2.46528E+00    4.41970E-07
 2.46674E+00    4.80350E-07
 2.46826E+00    5.23950E-07
 2.46971E+00    5.69390E-07
 2.47110E+00    6.16410E-07
 2.47264E+00    6.73100E-07
 2.47410E+00    7.31510E-07
 2.47549E+00    7.91470E-07
 2.47698E+00    8.61570E-07
 2.47854E+00    9.42040E-07
 2.48001E+00    1.02376E-06
 2.48151E+00    1.11544E-06
 2.48304E+00    1.21668E-06
 2.48457E+00    1.32700E-06
 2.48597E+00    1.43657E-06
 2.48744E+00    1.56162E-06
 2.48893E+00    1.69971E-06
 2.49041E+00    1.84744E-06
 2.49194E+00    2.01510E-06
 2.49346E+00    2.19638E-06
 2.49495E+00    2.38897E-06
 2.49634E+00    2.58480E-06
 2.49785E+00    2.81541E-06
 2.49937E+00    3.06642E-06
 2.50000E+00    3.17374E-06
 2.50186E+00    2.87052E-06
 2.50324E+00    2.66102E-06
 2.50485E+00    2.43738E-06
 2.50644E+00    2.23358E-06
 2.50803E+00    2.04830E-06
 2.50960E+00    1.87926E-06
 2.51117E+00    1.72540E-06
 2.51273E+00    1.58487E-06
 2.51427E+00    1.45680E-06
 2.51581E+00    1.33969E-06
 2.51734E+00    1.23285E-06
 2.51885E+00    1.13504E-06
 2.52036E+00    1.04569E-06
 2.52186E+00    9.63800E-07
 2.52335E+00    8.88930E-07
 2.52483E+00    8.20230E-07
 2.52630E+00    7.57340E-07
 2.52777E+00    6.99580E-07
 2.52922E+00    6.46640E-07
 2.53066E+00    5.97970E-07
 2.53230E+00    5.47200E-07
 2.53393E+00    5.01090E-07
 2.53555E+00    4.59180E-07
 2.53715E+00    4.21060E-07
 2.53874E+00    3.86370E-07
 2.54032E+00    3.54760E-07
 2.54189E+00    3.25960E-07
 2.54345E+00    2.99700E-07
 2.54500E+00    2.75730E-07
 2.54654E+00    2.53850E-07
 2.54806E+00    2.33850E-07
 2.54958E+00    2.15570E-07
 2.55108E+00    1.98840E-07
 2.55276E+00    1.81710E-07
 2.55424E+00    1.67840E-07
 2.55589E+00    1.53590E-07
 2.55753E+00    1.40680E-07
 2.55916E+00    1.28940E-07
 2.56077E+00    1.18280E-07
 2.56237E+00    1.08580E-07
 2.56395E+00    9.97520E-08
 2.56413E+00    9.88730E-08
 2.75000E+00    1.42170E-11
 2.86804E+00    8.17510E-09
 2.87228E+00    8.48440E-09
 2.90369E+00    5.04080E-08
 2.91556E+00    9.83330E-08
 2.91701E+00    1.06690E-07
 2.91844E+00    1.15600E-07
 2.92000E+00    1.26180E-07
 2.92153E+00    1.37500E-07
 2.92303E+00    1.49580E-07
 2.92450E+00    1.62460E-07
 2.92609E+00    1.77580E-07
 2.92765E+00    1.93740E-07
 2.92917E+00    2.10980E-07
 2.93066E+00    2.29330E-07
 2.93225E+00    2.50670E-07
 2.93381E+00    2.73430E-07
 2.93533E+00    2.97700E-07
 2.93682E+00    3.23500E-07
 2.93827E+00    3.50840E-07
 2.93969E+00    3.79780E-07
 2.94108E+00    4.10360E-07
 2.94266E+00    4.48140E-07
 2.94420E+00    4.88210E-07
 2.94570E+00    5.30670E-07
 2.94715E+00    5.75470E-07
 2.94857E+00    6.22730E-07
 2.95015E+00    6.79720E-07
 2.95167E+00    7.39910E-07
 2.95316E+00    8.03320E-07
 2.95477E+00    8.78490E-07
 2.95632E+00    9.57760E-07
 2.95783E+00    1.04103E-06
 2.95944E+00    1.13822E-06
 2.96099E+00    1.24023E-06
 2.96248E+00    1.34693E-06
 2.96405E+00    1.46953E-06
 2.96556E+00    1.59740E-06
 2.96714E+00    1.74263E-06
 2.96865E+00    1.89408E-06
 2.97009E+00    2.05077E-06
 2.97168E+00    2.23968E-06
 2.97319E+00    2.43441E-06
 2.97463E+00    2.63431E-06
 2.97617E+00    2.86804E-06
 2.97779E+00    3.13643E-06
 2.97931E+00    3.40898E-06
 2.98087E+00    3.71485E-06
 2.98245E+00    4.05264E-06
 2.98403E+00    4.42079E-06
 2.98548E+00    4.78649E-06
 2.98700E+00    5.20387E-06
 2.98855E+00    5.66485E-06
 2.99007E+00    6.15815E-06
 2.99166E+00    6.71804E-06
 2.99324E+00    7.32350E-06
 2.99477E+00    7.96682E-06
 2.99621E+00    8.62110E-06
 2.99778E+00    9.39164E-06
 2.99934E+00    1.02305E-05
 3.00000E+00    1.05958E-05
 3.06865E+00    1.18321E-05
 3.12847E+00    1.29928E-05
 3.19028E+00    1.42866E-05
 3.25073E+00    1.56460E-05
 3.31765E+00    1.72703E-05
 3.38434E+00    1.90194E-05
 3.45596E+00    2.10523E-05
 3.52887E+00    2.32937E-05
 3.60040E+00    2.56744E-05
 3.67277E+00    2.82743E-05
 3.74479E+00    3.10654E-05
 3.81352E+00    3.39323E-05
 3.88961E+00    3.73404E-05
 3.96709E+00    4.10889E-05
 4.04303E+00    4.50419E-05
 4.11960E+00    4.93343E-05
 4.20322E+00    5.43804E-05
 4.27623E+00    5.91126E-05
 4.35814E+00    6.48105E-05
 4.44244E+00    7.11170E-05
 4.51484E+00    7.69346E-05
 4.59669E+00    8.40680E-05
 4.68549E+00    9.23940E-05
 4.77023E+00    1.00949E-04
 4.86400E+00    1.11121E-04
 4.95274E+00    1.21500E-04
 5.01494E+00    1.29293E-04
 5.10961E+00    1.42296E-04
 5.20518E+00    1.56489E-04
 5.30616E+00    1.72691E-04
 5.40174E+00    1.89249E-04
 5.50000E+00    2.07581E-04
 5.59743E+00    2.28379E-04
 5.69642E+00    2.51191E-04
 5.79399E+00    2.75478E-04
 5.89346E+00    3.02200E-04
 6.00000E+00    3.33078E-04
 6.09770E+00    3.65721E-04
 6.19684E+00    4.01456E-04
 6.29441E+00    4.39425E-04
 6.39374E+00    4.81121E-04
 6.50000E+00    5.29210E-04
 6.59794E+00    5.79735E-04
 6.69719E+00    6.34922E-04
 6.80743E+00    7.01374E-04
 6.90903E+00    7.67640E-04
 7.00000E+00    8.31289E-04
 7.09814E+00    9.08308E-04
 7.19750E+00    9.92221E-04
 7.29509E+00    1.08103E-03
 7.40319E+00    1.18698E-03
 7.50000E+00    1.28923E-03
 7.61094E+00    1.41959E-03
 7.71632E+00    1.55358E-03
 7.83247E+00    1.71356E-03
 7.93774E+00    1.87040E-03
 8.03037E+00    2.01916E-03
 8.14606E+00    2.22147E-03
 8.25148E+00    2.42057E-03
 8.36311E+00    2.64745E-03
 8.48064E+00    2.90611E-03
 8.50000E+00    2.94929E-03
 8.50567E+00    2.69060E-03
 8.51081E+00    2.47501E-03
 8.51590E+00    2.27861E-03
 8.52093E+00    2.09976E-03
 8.52637E+00    1.92248E-03
 8.53175E+00    1.76198E-03
 8.53707E+00    1.61652E-03
 8.54233E+00    1.48456E-03
 8.54796E+00    1.35512E-03
 8.55311E+00    1.24696E-03
 8.55819E+00    1.14855E-03
 8.56322E+00    1.05893E-03
 8.56820E+00    9.77218E-04
 8.57312E+00    9.02661E-04
 8.57798E+00    8.34565E-04
 8.58279E+00    7.72313E-04
 8.58755E+00    7.15351E-04
 8.59225E+00    6.63184E-04
 8.59767E+00    6.07837E-04
 8.60302E+00    5.57681E-04
 8.60830E+00    5.12343E-04
 8.61352E+00    4.71164E-04
 8.61866E+00    4.33851E-04
 8.62374E+00    3.99886E-04
 8.62875E+00    3.69039E-04
 8.63370E+00    3.40899E-04
 8.63858E+00    3.15285E-04
 8.64408E+00    2.88715E-04
 8.64950E+00    2.64745E-04
 8.65484E+00    2.43092E-04
 8.66010E+00    2.23506E-04
 8.66528E+00    2.05767E-04
 8.67038E+00    1.89679E-04
 8.67541E+00    1.75071E-04
 8.68036E+00    1.61788E-04
 8.68585E+00    1.48256E-04
 8.69123E+00    1.36075E-04
 8.69653E+00    1.25072E-04
 8.70174E+00    1.15138E-04
 8.70686E+00    1.06137E-04
 8.71245E+00    9.71242E-05
 8.71794E+00    8.90301E-05
 8.72332E+00    8.17484E-05
 8.72860E+00    7.51864E-05
 8.73378E+00    6.92635E-05
 8.73937E+00    6.34041E-05
 8.74484E+00    5.81458E-05
 8.75019E+00    5.34254E-05
 8.75544E+00    4.91739E-05
 8.76104E+00    4.50127E-05
 8.76652E+00    4.12883E-05
 8.77187E+00    3.79442E-05
 8.77711E+00    3.49373E-05
 8.78223E+00    3.22306E-05
 8.78724E+00    2.97894E-05
 8.79213E+00    2.75835E-05
 8.79769E+00    2.52749E-05
 8.80311E+00    2.32103E-05
 8.80838E+00    2.13671E-05
 8.81352E+00    1.97113E-05
 8.81851E+00    1.82263E-05
 8.82407E+00    1.67075E-05
 8.82945E+00    1.53566E-05
 8.83467E+00    1.41516E-05
 8.83973E+00    1.30742E-05
 8.84524E+00    1.19941E-05
 8.85056E+00    1.10374E-05
 8.85570E+00    1.01853E-05
 8.86121E+00    9.34640E-06
 8.86650E+00    8.60501E-06
 8.87210E+00    7.88639E-06
 8.87746E+00    7.25388E-06
 8.88306E+00    6.64853E-06
 8.88842E+00    6.11738E-06
 8.89353E+00    5.64922E-06
 8.89842E+00    5.23609E-06
 8.90384E+00    4.81284E-06
 8.90897E+00    4.44476E-06
 8.91450E+00    4.07919E-06
 8.91970E+00    3.76335E-06
 8.92517E+00    3.45714E-06
 8.93081E+00    3.16775E-06
 8.93653E+00    2.89949E-06
 8.94178E+00    2.67324E-06
 8.94706E+00    2.46395E-06
 8.95260E+00    2.26169E-06
 8.95824E+00    2.07305E-06
 8.96380E+00    1.90274E-06
 8.96958E+00    1.74032E-06
 8.97451E+00    1.61313E-06
 8.97964E+00    1.49045E-06
 8.98525E+00    1.36711E-06
 8.99103E+00    1.25079E-06
 8.99640E+00    1.15182E-06
 9.00000E+00    1.09013E-06
 9.07216E+00    1.17289E-06
 9.15725E+00    1.27798E-06
 9.25052E+00    1.40287E-06
 9.34254E+00    1.53662E-06
 9.44036E+00    1.69121E-06
 9.53050E+00    1.84620E-06
 9.62344E+00    2.02045E-06
 9.71713E+00    2.21058E-06
 9.80876E+00    2.41195E-06
 9.90146E+00    2.63235E-06
 1.00000E+01    2.88574E-06
 1.00863E+01    3.12961E-06
 1.01116E+01    3.20478E-06
 1.01355E+01    3.27690E-06
 1.01579E+01    3.34597E-06
 1.01789E+01    3.41205E-06
 1.01987E+01    3.47519E-06
 1.02173E+01    3.53544E-06
 1.02347E+01    3.59288E-06
 1.02511E+01    3.64757E-06
 1.02819E+01    3.75237E-06
 1.03089E+01    3.84653E-06
 1.03326E+01    3.93086E-06
 1.03534E+01    4.00617E-06
 1.03716E+01    4.07325E-06
 1.04036E+01    4.19334E-06
 1.04276E+01    4.28573E-06
 1.04456E+01    4.35636E-06
 1.04728E+01    4.46448E-06
 1.05000E+01    4.57529E-06
 1.05306E+01    4.70523E-06
 1.05593E+01    4.83040E-06
 1.05863E+01    4.95077E-06
 1.06117E+01    5.06634E-06
 1.06356E+01    5.17713E-06
 1.06580E+01    5.28320E-06
 1.06791E+01    5.38461E-06
 1.06988E+01    5.48145E-06
 1.07174E+01    5.57382E-06
 1.07349E+01    5.66183E-06
 1.07677E+01    5.83061E-06
 1.07964E+01    5.98242E-06
 1.08217E+01    6.11848E-06
 1.08438E+01    6.24008E-06
 1.08632E+01    6.34846E-06
 1.08802E+01    6.44483E-06
 1.09100E+01    6.61702E-06
 1.09325E+01    6.74917E-06
 1.09662E+01    6.95236E-06
 1.10000E+01    7.16167E-06
 1.10306E+01    7.36248E-06
 1.10594E+01    7.55586E-06
 1.10864E+01    7.74175E-06
 1.11118E+01    7.92018E-06
 1.11357E+01    8.09120E-06
 1.11581E+01    8.25487E-06
 1.11792E+01    8.41132E-06
 1.11990E+01    8.56069E-06
 1.12176E+01    8.70313E-06
 1.12350E+01    8.83881E-06
 1.12678E+01    9.09895E-06
 1.12966E+01    9.33285E-06
 1.13218E+01    9.54243E-06
 1.13439E+01    9.72968E-06
 1.13633E+01    9.89653E-06
 1.13973E+01    1.01954E-05
 1.14229E+01    1.04255E-05
 1.14421E+01    1.06015E-05
 1.14710E+01    1.08710E-05
 1.15000E+01    1.11474E-05
 1.15306E+01    1.14236E-05
 1.15594E+01    1.16887E-05
 1.15865E+01    1.19428E-05
 1.16119E+01    1.21861E-05
 1.16358E+01    1.24186E-05
 1.16582E+01    1.26407E-05
 1.16793E+01    1.28525E-05
 1.16991E+01    1.30542E-05
 1.17363E+01    1.34411E-05
 1.17689E+01    1.37890E-05
 1.17976E+01    1.41008E-05
 1.18227E+01    1.43795E-05
 1.18447E+01    1.46278E-05
 1.18640E+01    1.48485E-05
 1.18979E+01    1.52429E-05
 1.19233E+01    1.55456E-05
 1.19616E+01    1.60109E-05
 1.20000E+01    1.64901E-05
 1.20307E+01    1.68675E-05
 1.20595E+01    1.72291E-05
 1.20865E+01    1.75752E-05
 1.21120E+01    1.79059E-05
 1.21359E+01    1.82217E-05
 1.21583E+01    1.85227E-05
 1.21794E+01    1.88095E-05
 1.22190E+01    1.93592E-05
 1.22538E+01    1.98533E-05
 1.22843E+01    2.02960E-05
 1.23111E+01    2.06915E-05
 1.23345E+01    2.10438E-05
 1.23757E+01    2.16749E-05
 1.24066E+01    2.21606E-05
 1.24299E+01    2.25320E-05
 1.24649E+01    2.31008E-05
 1.25000E+01    2.36840E-05
 1.25307E+01    2.41690E-05
 1.25595E+01    2.46326E-05
 1.25866E+01    2.50754E-05
 1.26120E+01    2.54977E-05
 1.26360E+01    2.59001E-05
 1.26809E+01    2.66718E-05
 1.27203E+01    2.73658E-05
 1.27550E+01    2.79879E-05
 1.27853E+01    2.85438E-05
 1.28120E+01    2.90393E-05
 1.28587E+01    2.99272E-05
 1.28939E+01    3.06109E-05
 1.29203E+01    3.11338E-05
 1.29601E+01    3.19351E-05
 1.30000E+01    3.27570E-05
 1.30307E+01    3.33397E-05
 1.30595E+01    3.38953E-05
 1.30866E+01    3.44247E-05
 1.31376E+01    3.54395E-05
 1.31824E+01    3.63521E-05
 1.32217E+01    3.71698E-05
 1.32561E+01    3.79004E-05
 1.32864E+01    3.85514E-05
 1.33395E+01    3.97177E-05
 1.33794E+01    4.06156E-05
 1.34095E+01    4.13022E-05
 1.34547E+01    4.23541E-05
 1.35000E+01    4.34327E-05
 1.35615E+01    4.46510E-05
 1.36156E+01    4.57449E-05
 1.36630E+01    4.67241E-05
 1.37047E+01    4.75981E-05
 1.37413E+01    4.83762E-05
 1.38055E+01    4.97687E-05
 1.38539E+01    5.08393E-05
 1.38903E+01    5.16573E-05
 1.39450E+01    5.29091E-05
 1.40000E+01    5.41912E-05
 1.40615E+01    5.56922E-05
 1.41156E+01    5.70397E-05
 1.41631E+01    5.82454E-05
 1.42048E+01    5.93213E-05
 1.42414E+01    6.02790E-05
 1.43056E+01    6.19924E-05
 1.43539E+01    6.33093E-05
 1.43903E+01    6.43153E-05
 1.44451E+01    6.58543E-05
 1.45000E+01    6.74302E-05
 1.45616E+01    6.87450E-05
 1.46157E+01    6.99164E-05
 1.47108E+01    7.20147E-05
 1.47826E+01    7.36297E-05
 1.48366E+01    7.48646E-05
 1.49181E+01    7.67559E-05
 1.50000E+01    7.86950E-05
 1.50019E+01    8.07088E-05
 1.50038E+01    8.27661E-05
 1.50057E+01    8.48674E-05
 1.50076E+01    8.70135E-05
 1.50095E+01    8.92052E-05
 1.50114E+01    9.14432E-05
 1.50133E+01    9.37283E-05
 1.50152E+01    9.60613E-05
 1.50170E+01    9.84428E-05
 1.50189E+01    1.00874E-04
 1.50207E+01    1.03355E-04
 1.50226E+01    1.05887E-04
 1.50244E+01    1.08471E-04
 1.50262E+01    1.11107E-04
 1.50281E+01    1.13797E-04
 1.50299E+01    1.16541E-04
 1.50317E+01    1.19340E-04
 1.50335E+01    1.22196E-04
 1.50353E+01    1.25107E-04
 1.50371E+01    1.28077E-04
 1.50389E+01    1.31105E-04
 1.50406E+01    1.34192E-04
 1.50424E+01    1.37339E-04
 1.50442E+01    1.40548E-04
 1.50459E+01    1.43818E-04
 1.50477E+01    1.47152E-04
 1.50494E+01    1.50549E-04
 1.50511E+01    1.54011E-04
 1.50529E+01    1.57538E-04
 1.50546E+01    1.61132E-04
 1.50563E+01    1.64794E-04
 1.50580E+01    1.68524E-04
 1.50597E+01    1.72323E-04
 1.50614E+01    1.76192E-04
 1.50631E+01    1.80133E-04
 1.50648E+01    1.84146E-04
 1.50665E+01    1.88233E-04
 1.50681E+01    1.92393E-04
 1.50698E+01    1.96629E-04
 1.50715E+01    2.00940E-04
 1.50731E+01    2.05329E-04
 1.50747E+01    2.09796E-04
 1.50764E+01    2.14343E-04
 1.50780E+01    2.18969E-04
 1.50796E+01    2.23677E-04
 1.50813E+01    2.28467E-04
 1.50829E+01    2.33340E-04
 1.50845E+01    2.38297E-04
 1.50861E+01    2.43340E-04
 1.50877E+01    2.48469E-04
 1.50893E+01    2.53685E-04
 1.50909E+01    2.58990E-04
 1.50924E+01    2.64385E-04
 1.50940E+01    2.69870E-04
 1.50956E+01    2.75447E-04
 1.50971E+01    2.81117E-04
 1.50987E+01    2.86881E-04
 1.51002E+01    2.92739E-04
 1.51018E+01    2.98694E-04
 1.51033E+01    3.04746E-04
 1.51048E+01    3.10896E-04
 1.51064E+01    3.17145E-04
 1.51079E+01    3.23495E-04
 1.51094E+01    3.29946E-04
 1.51109E+01    3.36500E-04
 1.51124E+01    3.43158E-04
 1.51139E+01    3.49921E-04
 1.51154E+01    3.56790E-04
 1.51169E+01    3.63767E-04
 1.51183E+01    3.70851E-04
 1.51198E+01    3.78045E-04
 1.51213E+01    3.85350E-04
 1.51227E+01    3.92766E-04
 1.51242E+01    4.00296E-04
 1.51256E+01    4.07939E-04
 1.51271E+01    4.15698E-04
 1.51285E+01    4.23573E-04
 1.51300E+01    4.31566E-04
 1.51314E+01    4.39677E-04
 1.51328E+01    4.47908E-04
 1.51342E+01    4.56261E-04
 1.51356E+01    4.64735E-04
 1.51371E+01    4.73333E-04
 1.51385E+01    4.82055E-04
 1.51398E+01    4.90904E-04
 1.51412E+01    4.99879E-04
 1.51426E+01    5.08982E-04
 1.51440E+01    5.18214E-04
 1.51454E+01    5.27577E-04
 1.51467E+01    5.37071E-04
 1.51481E+01    5.46698E-04
 1.51495E+01    5.56459E-04
 1.51508E+01    5.66355E-04
 1.51522E+01    5.76388E-04
 1.51535E+01    5.86558E-04
 1.51549E+01    5.96866E-04
 1.51562E+01    6.07315E-04
 1.51575E+01    6.17904E-04
 1.51588E+01    6.28636E-04
 1.51602E+01    6.39511E-04
 1.51615E+01    6.50531E-04
 1.51628E+01    6.61696E-04
 1.51641E+01    6.73008E-04
 1.51654E+01    6.84468E-04
 1.51667E+01    6.96078E-04
 1.51680E+01    7.07838E-04
 1.51692E+01    7.19749E-04
 1.51705E+01    7.31814E-04
 1.51718E+01    7.44032E-04
 1.51731E+01    7.56405E-04
 1.51743E+01    7.68934E-04
 1.51756E+01    7.81621E-04
 1.51768E+01    7.94467E-04
 1.51781E+01    8.07472E-04
 1.51793E+01    8.20637E-04
 1.51806E+01    8.33965E-04
 1.51818E+01    8.47456E-04
 1.51830E+01    8.61111E-04
 1.51843E+01    8.74932E-04
 1.51855E+01    8.88919E-04
 1.51867E+01    9.03074E-04
 1.51879E+01    9.17398E-04
 1.51891E+01    9.31891E-04
 1.51903E+01    9.46556E-04
 1.51915E+01    9.61392E-04
 1.51927E+01    9.76402E-04
 1.51939E+01    9.91586E-04
 1.51951E+01    1.00695E-03
 1.51963E+01    1.02248E-03
 1.51974E+01    1.03820E-03
 1.51986E+01    1.05409E-03
 1.51998E+01    1.07016E-03
 1.52009E+01    1.08641E-03
 1.52021E+01    1.10285E-03
 1.52032E+01    1.11947E-03
 1.52044E+01    1.13627E-03
 1.52055E+01    1.15326E-03
 1.52067E+01    1.17043E-03
 1.52078E+01    1.18779E-03
 1.52089E+01    1.20534E-03
 1.52101E+01    1.22307E-03
 1.52112E+01    1.24100E-03
 1.52123E+01    1.25912E-03
 1.52134E+01    1.27743E-03
 1.52145E+01    1.29594E-03
 1.52156E+01    1.31464E-03
 1.52167E+01    1.33353E-03
 1.52178E+01    1.35262E-03
 1.52200E+01    1.39147E-03
 1.52222E+01    1.43111E-03
 1.52243E+01    1.47157E-03
 1.52265E+01    1.51283E-03
 1.52286E+01    1.55492E-03
 1.52307E+01    1.59784E-03
 1.52328E+01    1.64159E-03
 1.52348E+01    1.68618E-03
 1.52369E+01    1.73163E-03
 1.52389E+01    1.77793E-03
 1.52410E+01    1.82509E-03
 1.52430E+01    1.87311E-03
 1.52450E+01    1.92201E-03
 1.52469E+01    1.97179E-03
 1.52489E+01    2.02246E-03
 1.52508E+01    2.07402E-03
 1.52528E+01    2.12647E-03
 1.52547E+01    2.17982E-03
 1.52566E+01    2.23409E-03
 1.52585E+01    2.28926E-03
 1.52604E+01    2.34534E-03
 1.52622E+01    2.40235E-03
 1.52641E+01    2.46028E-03
 1.52659E+01    2.51914E-03
 1.52677E+01    2.57893E-03
 1.52695E+01    2.63965E-03
 1.52713E+01    2.70132E-03
 1.52731E+01    2.76392E-03
 1.52748E+01    2.82747E-03
 1.52766E+01    2.89197E-03
 1.52783E+01    2.95742E-03
 1.52800E+01    3.02382E-03
 1.52817E+01    3.09117E-03
 1.52834E+01    3.15949E-03
 1.52851E+01    3.22876E-03
 1.52868E+01    3.29899E-03
 1.52884E+01    3.37018E-03
 1.52901E+01    3.44233E-03
 1.52917E+01    3.51544E-03
 1.52933E+01    3.58952E-03
 1.52949E+01    3.66457E-03
 1.52965E+01    3.74057E-03
 1.52981E+01    3.81755E-03
 1.52997E+01    3.89548E-03
 1.53012E+01    3.97438E-03
 1.53028E+01    4.05424E-03
 1.53043E+01    4.13506E-03
 1.53058E+01    4.21685E-03
 1.53073E+01    4.29959E-03
 1.53088E+01    4.38329E-03
 1.53103E+01    4.46795E-03
 1.53118E+01    4.55357E-03
 1.53132E+01    4.64013E-03
 1.53147E+01    4.72765E-03
 1.53161E+01    4.81611E-03
 1.53175E+01    4.90552E-03
 1.53190E+01    4.99587E-03
 1.53204E+01    5.08716E-03
 1.53218E+01    5.17938E-03
 1.53231E+01    5.27254E-03
 1.53245E+01    5.36662E-03
 1.53259E+01    5.46163E-03
 1.53272E+01    5.55755E-03
 1.53286E+01    5.65440E-03
 1.53299E+01    5.75215E-03
 1.53312E+01    5.85081E-03
 1.53325E+01    5.95038E-03
 1.53338E+01    6.05083E-03
 1.53351E+01    6.15218E-03
 1.53364E+01    6.25442E-03
 1.53377E+01    6.35754E-03
 1.53390E+01    6.46153E-03
 1.53402E+01    6.56639E-03
 1.53414E+01    6.67211E-03
 1.53427E+01    6.77869E-03
 1.53439E+01    6.88612E-03
 1.53451E+01    6.99439E-03
 1.53463E+01    7.10350E-03
 1.53475E+01    7.21343E-03
 1.53487E+01    7.32419E-03
 1.53499E+01    7.43577E-03
 1.53510E+01    7.54815E-03
 1.53522E+01    7.66134E-03
 1.53534E+01    7.77531E-03
 1.53545E+01    7.89008E-03
 1.53556E+01    8.00562E-03
 1.53567E+01    8.12193E-03
 1.53579E+01    8.23900E-03
 1.53590E+01    8.35682E-03
 1.53612E+01    8.59563E-03
 1.53633E+01    8.83737E-03
 1.53654E+01    9.08198E-03
 1.53675E+01    9.32937E-03
 1.53696E+01    9.57948E-03
 1.53716E+01    9.83223E-03
 1.53736E+01    1.00875E-02
 1.53756E+01    1.03453E-02
 1.53775E+01    1.06055E-02
 1.53794E+01    1.08681E-02
 1.53813E+01    1.11328E-02
 1.53832E+01    1.13998E-02
 1.53850E+01    1.16688E-02
 1.53868E+01    1.19398E-02
 1.53885E+01    1.22127E-02
 1.53903E+01    1.24875E-02
 1.53920E+01    1.27640E-02
 1.53937E+01    1.30421E-02
 1.53953E+01    1.33218E-02
 1.53969E+01    1.36030E-02
 1.53986E+01    1.38857E-02
 1.54001E+01    1.41696E-02
 1.54017E+01    1.44548E-02
 1.54032E+01    1.47411E-02
 1.54047E+01    1.50285E-02
 1.54062E+01    1.53168E-02
 1.54077E+01    1.56061E-02
 1.54091E+01    1.58962E-02
 1.54105E+01    1.61870E-02
 1.54119E+01    1.64784E-02
 1.54133E+01    1.67705E-02
 1.54146E+01    1.70630E-02
 1.54160E+01    1.73559E-02
 1.54173E+01    1.76492E-02
 1.54186E+01    1.79427E-02
 1.54198E+01    1.82364E-02
 1.54211E+01    1.85302E-02
 1.54223E+01    1.88241E-02
 1.54235E+01    1.91179E-02
 1.54247E+01    1.94116E-02
 1.54259E+01    1.97051E-02
 1.54271E+01    1.99983E-02
 1.54282E+01    2.02913E-02
 1.54293E+01    2.05838E-02
 1.54315E+01    2.11722E-02
 1.54336E+01    2.17581E-02
 1.54357E+01    2.23412E-02
 1.54377E+01    2.29210E-02
 1.54397E+01    2.34970E-02
 1.54415E+01    2.40688E-02
 1.54434E+01    2.46361E-02
 1.54451E+01    2.51983E-02
 1.54468E+01    2.57552E-02
 1.54485E+01    2.63064E-02
 1.54501E+01    2.68517E-02
 1.54517E+01    2.73906E-02
 1.54532E+01    2.79231E-02
 1.54546E+01    2.84488E-02
 1.54561E+01    2.89675E-02
 1.54574E+01    2.94790E-02
 1.54588E+01    2.99831E-02
 1.54600E+01    3.04797E-02
 1.54613E+01    3.09686E-02
 1.54625E+01    3.14497E-02
 1.54637E+01    3.19229E-02
 1.54648E+01    3.23881E-02
 1.54670E+01    3.33088E-02
 1.54691E+01    3.41957E-02
 1.54710E+01    3.50486E-02
 1.54728E+01    3.58675E-02
 1.54745E+01    3.66526E-02
 1.54761E+01    3.74042E-02
 1.54776E+01    3.81228E-02
 1.54790E+01    3.88091E-02
 1.54803E+01    3.94636E-02
 1.54815E+01    4.00873E-02
 1.54827E+01    4.06810E-02
 1.54848E+01    4.18178E-02
 1.54867E+01    4.28386E-02
 1.54884E+01    4.37522E-02
 1.54898E+01    4.45676E-02
 1.54911E+01    4.52935E-02
 1.54933E+01    4.65923E-02
 1.54950E+01    4.75908E-02
 1.54963E+01    4.83537E-02
 1.54981E+01    4.95210E-02
 1.55000E+01    5.07164E-02
 1.57187E+01    5.15843E-02
 1.59404E+01    5.24645E-02
 1.60000E+01    5.27009E-02
 1.60019E+01    5.14364E-02
 1.60038E+01    5.02070E-02
 1.60057E+01    4.90115E-02
 1.60077E+01    4.78491E-02
 1.60095E+01    4.67186E-02
 1.60114E+01    4.56191E-02
 1.60133E+01    4.45496E-02
 1.60152E+01    4.35092E-02
 1.60171E+01    4.24970E-02
 1.60189E+01    4.15122E-02
 1.60208E+01    4.05540E-02
 1.60226E+01    3.96214E-02
 1.60244E+01    3.87138E-02
 1.60263E+01    3.78305E-02
 1.60281E+01    3.69706E-02
 1.60299E+01    3.61335E-02
 1.60317E+01    3.53186E-02
 1.60335E+01    3.45250E-02
 1.60353E+01    3.37524E-02
 1.60371E+01    3.29999E-02
 1.60389E+01    3.22670E-02
 1.60407E+01    3.15532E-02
 1.60424E+01    3.08579E-02
 1.60442E+01    3.01805E-02
 1.60460E+01    2.95205E-02
 1.60477E+01    2.88775E-02
 1.60495E+01    2.82509E-02
 1.60512E+01    2.76403E-02
 1.60529E+01    2.70452E-02
 1.60546E+01    2.64651E-02
 1.60564E+01    2.58997E-02
 1.60581E+01    2.53485E-02
 1.60598E+01    2.48111E-02
 1.60615E+01    2.42871E-02
 1.60632E+01    2.37762E-02
 1.60648E+01    2.32780E-02
 1.60665E+01    2.27921E-02
 1.60682E+01    2.23182E-02
 1.60699E+01    2.18559E-02
 1.60715E+01    2.14049E-02
 1.60732E+01    2.09650E-02
 1.60748E+01    2.05358E-02
 1.60764E+01    2.01170E-02
 1.60781E+01    1.97083E-02
 1.60797E+01    1.93094E-02
 1.60813E+01    1.89202E-02
 1.60829E+01    1.85402E-02
 1.60846E+01    1.81694E-02
 1.60862E+01    1.78073E-02
 1.60878E+01    1.74539E-02
 1.60893E+01    1.71088E-02
 1.60909E+01    1.67718E-02
 1.60925E+01    1.64427E-02
 1.60941E+01    1.61214E-02
 1.60956E+01    1.58075E-02
 1.60972E+01    1.55010E-02
 1.60988E+01    1.52015E-02
 1.61003E+01    1.49090E-02
 1.61018E+01    1.46232E-02
 1.61034E+01    1.43440E-02
 1.61049E+01    1.40712E-02
 1.61064E+01    1.38046E-02
 1.61080E+01    1.35440E-02
 1.61095E+01    1.32894E-02
 1.61110E+01    1.30405E-02
 1.61125E+01    1.27972E-02
 1.61140E+01    1.25594E-02
 1.61155E+01    1.23269E-02
 1.61170E+01    1.20996E-02
 1.61184E+01    1.18774E-02
 1.61199E+01    1.16601E-02
 1.61214E+01    1.14475E-02
 1.61228E+01    1.12397E-02
 1.61243E+01    1.10364E-02
 1.61257E+01    1.08376E-02
 1.61272E+01    1.06431E-02
 1.61286E+01    1.04529E-02
 1.61301E+01    1.02667E-02
 1.61315E+01    1.00846E-02
 1.61329E+01    9.90641E-03
 1.61343E+01    9.73205E-03
 1.61357E+01    9.56142E-03
 1.61372E+01    9.39443E-03
 1.61386E+01    9.23099E-03
 1.61399E+01    9.07102E-03
 1.61413E+01    8.91442E-03
 1.61427E+01    8.76113E-03
 1.61441E+01    8.61106E-03
 1.61455E+01    8.46412E-03
 1.61469E+01    8.32026E-03
 1.61482E+01    8.17939E-03
 1.61496E+01    8.04144E-03
 1.61509E+01    7.90634E-03
 1.61523E+01    7.77402E-03
 1.61536E+01    7.64443E-03
 1.61550E+01    7.51748E-03
 1.61563E+01    7.39313E-03
 1.61576E+01    7.27131E-03
 1.61590E+01    7.15196E-03
 1.61603E+01    7.03503E-03
 1.61616E+01    6.92045E-03
 1.61629E+01    6.80818E-03
 1.61642E+01    6.69815E-03
 1.61655E+01    6.59032E-03
 1.61668E+01    6.48464E-03
 1.61681E+01    6.38106E-03
 1.61694E+01    6.27953E-03
 1.61706E+01    6.18000E-03
 1.61719E+01    6.08242E-03
 1.61732E+01    5.98676E-03
 1.61744E+01    5.89297E-03
 1.61757E+01    5.80101E-03
 1.61770E+01    5.71083E-03
 1.61782E+01    5.62239E-03
 1.61795E+01    5.53567E-03
 1.61807E+01    5.45061E-03
 1.61819E+01    5.36719E-03
 1.61832E+01    5.28536E-03
 1.61844E+01    5.20509E-03
 1.61856E+01    5.12634E-03
 1.61868E+01    5.04909E-03
 1.61880E+01    4.97330E-03
 1.61892E+01    4.89893E-03
 1.61904E+01    4.82596E-03
 1.61916E+01    4.75436E-03
 1.61928E+01    4.68409E-03
 1.61940E+01    4.61513E-03
 1.61952E+01    4.54744E-03
 1.61964E+01    4.48101E-03
 1.61976E+01    4.41580E-03
 1.61987E+01    4.35179E-03
 1.61999E+01    4.28896E-03
 1.62011E+01    4.22727E-03
 1.62022E+01    4.16670E-03
 1.62034E+01    4.10723E-03
 1.62045E+01    4.04884E-03
 1.62057E+01    3.99151E-03
 1.62068E+01    3.93520E-03
 1.62079E+01    3.87990E-03
 1.62102E+01    3.77205E-03
 1.62124E+01    3.66801E-03
 1.62147E+01    3.56761E-03
 1.62169E+01    3.47071E-03
 1.62191E+01    3.37718E-03
 1.62213E+01    3.28686E-03
 1.62234E+01    3.19964E-03
 1.62256E+01    3.11538E-03
 1.62277E+01    3.03398E-03
 1.62298E+01    2.95532E-03
 1.62319E+01    2.87928E-03
 1.62340E+01    2.80578E-03
 1.62360E+01    2.73470E-03
 1.62381E+01    2.66596E-03
 1.62401E+01    2.59946E-03
 1.62421E+01    2.53512E-03
 1.62441E+01    2.47286E-03
 1.62461E+01    2.41259E-03
 1.62481E+01    2.35425E-03
 1.62500E+01    2.29776E-03
 1.62520E+01    2.24305E-03
 1.62539E+01    2.19006E-03
 1.62558E+01    2.13871E-03
 1.62577E+01    2.08896E-03
 1.62596E+01    2.04074E-03
 1.62614E+01    1.99399E-03
 1.62633E+01    1.94867E-03
 1.62651E+01    1.90473E-03
 1.62669E+01    1.86210E-03
 1.62687E+01    1.82075E-03
 1.62705E+01    1.78063E-03
 1.62723E+01    1.74170E-03
 1.62741E+01    1.70392E-03
 1.62758E+01    1.66723E-03
 1.62776E+01    1.63162E-03
 1.62793E+01    1.59704E-03
 1.62810E+01    1.56345E-03
 1.62827E+01    1.53082E-03
 1.62844E+01    1.49912E-03
 1.62861E+01    1.46832E-03
 1.62877E+01    1.43838E-03
 1.62894E+01    1.40928E-03
 1.62910E+01    1.38099E-03
 1.62926E+01    1.35348E-03
 1.62943E+01    1.32673E-03
 1.62958E+01    1.30070E-03
 1.62974E+01    1.27539E-03
 1.62990E+01    1.25076E-03
 1.63006E+01    1.22680E-03
 1.63021E+01    1.20347E-03
 1.63037E+01    1.18077E-03
 1.63052E+01    1.15866E-03
 1.63067E+01    1.13714E-03
 1.63082E+01    1.11618E-03
 1.63097E+01    1.09577E-03
 1.63112E+01    1.07589E-03
 1.63126E+01    1.05651E-03
 1.63141E+01    1.03764E-03
 1.63155E+01    1.01924E-03
 1.63170E+01    1.00131E-03
 1.63184E+01    9.83834E-04
 1.63198E+01    9.66794E-04
 1.63212E+01    9.50179E-04
 1.63226E+01    9.33976E-04
 1.63240E+01    9.18173E-04
 1.63253E+01    9.02757E-04
 1.63267E+01    8.87718E-04
 1.63280E+01    8.73044E-04
 1.63294E+01    8.58724E-04
 1.63307E+01    8.44748E-04
 1.63320E+01    8.31106E-04
 1.63333E+01    8.17789E-04
 1.63346E+01    8.04786E-04
 1.63359E+01    7.92090E-04
 1.63372E+01    7.79690E-04
 1.63384E+01    7.67579E-04
 1.63397E+01    7.55749E-04
 1.63409E+01    7.44192E-04
 1.63422E+01    7.32899E-04
 1.63434E+01    7.21864E-04
 1.63446E+01    7.11079E-04
 1.63458E+01    7.00538E-04
 1.63470E+01    6.90234E-04
 1.63482E+01    6.80160E-04
 1.63494E+01    6.70310E-04
 1.63506E+01    6.60678E-04
 1.63517E+01    6.51258E-04
 1.63529E+01    6.42044E-04
 1.63540E+01    6.33031E-04
 1.63563E+01    6.15520E-04
 1.63585E+01    5.98756E-04
 1.63607E+01    5.82699E-04
 1.63629E+01    5.67314E-04
 1.63650E+01    5.52567E-04
 1.63671E+01    5.38424E-04
 1.63692E+01    5.24856E-04
 1.63712E+01    5.11833E-04
 1.63733E+01    4.99330E-04
 1.63752E+01    4.87321E-04
 1.63772E+01    4.75781E-04
 1.63791E+01    4.64688E-04
 1.63810E+01    4.54022E-04
 1.63828E+01    4.43761E-04
 1.63846E+01    4.33887E-04
 1.63864E+01    4.24382E-04
 1.63882E+01    4.15229E-04
 1.63899E+01    4.06412E-04
 1.63917E+01    3.97915E-04
 1.63933E+01    3.89725E-04
 1.63950E+01    3.81827E-04
 1.63966E+01    3.74209E-04
 1.63983E+01    3.66859E-04
 1.63998E+01    3.59764E-04
 1.64014E+01    3.52915E-04
 1.64029E+01    3.46299E-04
 1.64044E+01    3.39909E-04
 1.64059E+01    3.33733E-04
 1.64074E+01    3.27763E-04
 1.64088E+01    3.21991E-04
 1.64103E+01    3.16409E-04
 1.64117E+01    3.11008E-04
 1.64130E+01    3.05781E-04
 1.64144E+01    3.00722E-04
 1.64157E+01    2.95824E-04
 1.64170E+01    2.91081E-04
 1.64183E+01    2.86485E-04
 1.64196E+01    2.82033E-04
 1.64209E+01    2.77717E-04
 1.64221E+01    2.73534E-04
 1.64233E+01    2.69477E-04
 1.64245E+01    2.65543E-04
 1.64257E+01    2.61726E-04
 1.64268E+01    2.58022E-04
 1.64291E+01    2.50883E-04
 1.64313E+01    2.44156E-04
 1.64335E+01    2.37811E-04
 1.64356E+01    2.31822E-04
 1.64376E+01    2.26163E-04
 1.64395E+01    2.20814E-04
 1.64414E+01    2.15752E-04
 1.64432E+01    2.10959E-04
 1.64450E+01    2.06417E-04
 1.64467E+01    2.02111E-04
 1.64484E+01    1.98024E-04
 1.64500E+01    1.94145E-04
 1.64515E+01    1.90459E-04
 1.64531E+01    1.86955E-04
 1.64545E+01    1.83621E-04
 1.64559E+01    1.80449E-04
 1.64573E+01    1.77428E-04
 1.64587E+01    1.74550E-04
 1.64599E+01    1.71807E-04
 1.64612E+01    1.69190E-04
 1.64624E+01    1.66693E-04
 1.64636E+01    1.64309E-04
 1.64659E+01    1.59787E-04
 1.64680E+01    1.55661E-04
 1.64700E+01    1.51889E-04
 1.64719E+01    1.48436E-04
 1.64736E+01    1.45271E-04
 1.64753E+01    1.42364E-04
 1.64768E+01    1.39692E-04
 1.64783E+01    1.37233E-04
 1.64796E+01    1.34966E-04
 1.64809E+01    1.32876E-04
 1.64821E+01    1.30945E-04
 1.64843E+01    1.27401E-04
 1.64863E+01    1.24378E-04
 1.64880E+01    1.21792E-04
 1.64895E+01    1.19574E-04
 1.64908E+01    1.17665E-04
 1.64931E+01    1.14400E-04
 1.64948E+01    1.12010E-04
 1.64961E+01    1.10250E-04
 1.64981E+01    1.07663E-04
 1.65000E+01    1.05136E-04
 1.65019E+01    1.07734E-04
 1.65038E+01    1.10387E-04
 1.65058E+01    1.13093E-04
 1.65077E+01    1.15855E-04
 1.65095E+01    1.18674E-04
 1.65114E+01    1.21549E-04
 1.65133E+01    1.24483E-04
 1.65152E+01    1.27475E-04
 1.65171E+01    1.30528E-04
 1.65189E+01    1.33641E-04
 1.65208E+01    1.36816E-04
 1.65226E+01    1.40053E-04
 1.65245E+01    1.43354E-04
 1.65263E+01    1.46719E-04
 1.65281E+01    1.50149E-04
 1.65299E+01    1.53646E-04
 1.65317E+01    1.57211E-04
 1.65335E+01    1.60843E-04
 1.65353E+01    1.64545E-04
 1.65371E+01    1.68317E-04
 1.65389E+01    1.72160E-04
 1.65407E+01    1.76076E-04
 1.65425E+01    1.80064E-04
 1.65442E+01    1.84127E-04
 1.65460E+01    1.88265E-04
 1.65477E+01    1.92480E-04
 1.65495E+01    1.96772E-04
 1.65512E+01    2.01142E-04
 1.65529E+01    2.05592E-04
 1.65547E+01    2.10122E-04
 1.65564E+01    2.14733E-04
 1.65581E+01    2.19427E-04
 1.65598E+01    2.24205E-04
 1.65615E+01    2.29068E-04
 1.65632E+01    2.34017E-04
 1.65649E+01    2.39052E-04
 1.65665E+01    2.44175E-04
 1.65682E+01    2.49388E-04
 1.65699E+01    2.54691E-04
 1.65715E+01    2.60085E-04
 1.65732E+01    2.65572E-04
 1.65748E+01    2.71153E-04
 1.65765E+01    2.76828E-04
 1.65781E+01    2.82599E-04
 1.65797E+01    2.88467E-04
 1.65814E+01    2.94433E-04
 1.65830E+01    3.00499E-04
 1.65846E+01    3.06666E-04
 1.65862E+01    3.12934E-04
 1.65878E+01    3.19304E-04
 1.65894E+01    3.25779E-04
 1.65910E+01    3.32360E-04
 1.65925E+01    3.39046E-04
 1.65941E+01    3.45840E-04
 1.65957E+01    3.52743E-04
 1.65972E+01    3.59756E-04
 1.65988E+01    3.66881E-04
 1.66003E+01    3.74117E-04
 1.66019E+01    3.81468E-04
 1.66034E+01    3.88933E-04
 1.66050E+01    3.96514E-04
 1.66065E+01    4.04213E-04
 1.66080E+01    4.12030E-04
 1.66095E+01    4.19966E-04
 1.66110E+01    4.28024E-04
 1.66125E+01    4.36204E-04
 1.66140E+01    4.44508E-04
 1.66155E+01    4.52936E-04
 1.66170E+01    4.61490E-04
 1.66185E+01    4.70171E-04
 1.66199E+01    4.78981E-04
 1.66214E+01    4.87920E-04
 1.66229E+01    4.96991E-04
 1.66243E+01    5.06193E-04
 1.66258E+01    5.15529E-04
 1.66272E+01    5.25000E-04
 1.66287E+01    5.34606E-04
 1.66301E+01    5.44350E-04
 1.66315E+01    5.54233E-04
 1.66330E+01    5.64255E-04
 1.66344E+01    5.74418E-04
 1.66358E+01    5.84723E-04
 1.66372E+01    5.95172E-04
 1.66386E+01    6.05766E-04
 1.66400E+01    6.16506E-04
 1.66414E+01    6.27393E-04
 1.66428E+01    6.38429E-04
 1.66442E+01    6.49615E-04
 1.66455E+01    6.60951E-04
 1.66469E+01    6.72441E-04
 1.66483E+01    6.84083E-04
 1.66496E+01    6.95881E-04
 1.66510E+01    7.07835E-04
 1.66523E+01    7.19947E-04
 1.66537E+01    7.32217E-04
 1.66550E+01    7.44647E-04
 1.66563E+01    7.57238E-04
 1.66577E+01    7.69992E-04
 1.66590E+01    7.82909E-04
 1.66603E+01    7.95992E-04
 1.66616E+01    8.09240E-04
 1.66629E+01    8.22657E-04
 1.66642E+01    8.36241E-04
 1.66655E+01    8.49996E-04
 1.66668E+01    8.63922E-04
 1.66681E+01    8.78021E-04
 1.66694E+01    8.92293E-04
 1.66707E+01    9.06740E-04
 1.66720E+01    9.21363E-04
 1.66732E+01    9.36163E-04
 1.66745E+01    9.51142E-04
 1.66758E+01    9.66301E-04
 1.66770E+01    9.81640E-04
 1.66783E+01    9.97162E-04
 1.66795E+01    1.01287E-03
 1.66807E+01    1.02876E-03
 1.66820E+01    1.04483E-03
 1.66832E+01    1.06109E-03
 1.66844E+01    1.07754E-03
 1.66857E+01    1.09418E-03
 1.66869E+01    1.11101E-03
 1.66881E+01    1.12804E-03
 1.66893E+01    1.14525E-03
 1.66905E+01    1.16266E-03
 1.66917E+01    1.18026E-03
 1.66929E+01    1.19806E-03
 1.66941E+01    1.21606E-03
 1.66953E+01    1.23426E-03
 1.66964E+01    1.25265E-03
 1.66976E+01    1.27125E-03
 1.66988E+01    1.29004E-03
 1.67000E+01    1.30904E-03
 1.67011E+01    1.32825E-03
 1.67023E+01    1.34766E-03
 1.67034E+01    1.36727E-03
 1.67046E+01    1.38710E-03
 1.67057E+01    1.40713E-03
 1.67069E+01    1.42737E-03
 1.67080E+01    1.44782E-03
 1.67103E+01    1.48944E-03
 1.67125E+01    1.53191E-03
 1.67147E+01    1.57525E-03
 1.67169E+01    1.61946E-03
 1.67191E+01    1.66456E-03
 1.67213E+01    1.71054E-03
 1.67235E+01    1.75742E-03
 1.67256E+01    1.80520E-03
 1.67277E+01    1.85389E-03
 1.67298E+01    1.90350E-03
 1.67319E+01    1.95404E-03
 1.67340E+01    2.00550E-03
 1.67361E+01    2.05791E-03
 1.67381E+01    2.11125E-03
 1.67402E+01    2.16555E-03
 1.67422E+01    2.22080E-03
 1.67442E+01    2.27702E-03
 1.67462E+01    2.33420E-03
 1.67481E+01    2.39235E-03
 1.67501E+01    2.45148E-03
 1.67520E+01    2.51159E-03
 1.67539E+01    2.57269E-03
 1.67558E+01    2.63479E-03
 1.67577E+01    2.69787E-03
 1.67596E+01    2.76196E-03
 1.67615E+01    2.82705E-03
 1.67633E+01    2.89315E-03
 1.67652E+01    2.96026E-03
 1.67670E+01    3.02838E-03
 1.67688E+01    3.09752E-03
 1.67706E+01    3.16769E-03
 1.67724E+01    3.23887E-03
 1.67741E+01    3.31108E-03
 1.67759E+01    3.38431E-03
 1.67776E+01    3.45857E-03
 1.67794E+01    3.53387E-03
 1.67811E+01    3.61019E-03
 1.67828E+01    3.68755E-03
 1.67845E+01    3.76594E-03
 1.67861E+01    3.84537E-03
 1.67878E+01    3.92583E-03
 1.67894E+01    4.00733E-03
 1.67911E+01    4.08986E-03
 1.67927E+01    4.17342E-03
 1.67943E+01    4.25802E-03
 1.67959E+01    4.34366E-03
 1.67975E+01    4.43033E-03
 1.67991E+01    4.51803E-03
 1.68006E+01    4.60676E-03
 1.68022E+01    4.69652E-03
 1.68037E+01    4.78730E-03
 1.68052E+01    4.87912E-03
 1.68067E+01    4.97195E-03
 1.68082E+01    5.06581E-03
 1.68097E+01    5.16068E-03
 1.68112E+01    5.25656E-03
 1.68127E+01    5.35346E-03
 1.68141E+01    5.45137E-03
 1.68156E+01    5.55028E-03
 1.68170E+01    5.65019E-03
 1.68184E+01    5.75110E-03
 1.68198E+01    5.85301E-03
 1.68212E+01    5.95590E-03
 1.68226E+01    6.05977E-03
 1.68240E+01    6.16462E-03
 1.68254E+01    6.27045E-03
 1.68267E+01    6.37725E-03
 1.68281E+01    6.48500E-03
 1.68294E+01    6.59372E-03
 1.68307E+01    6.70339E-03
 1.68321E+01    6.81400E-03
 1.68334E+01    6.92556E-03
 1.68347E+01    7.03804E-03
 1.68360E+01    7.15146E-03
 1.68372E+01    7.26579E-03
 1.68385E+01    7.38104E-03
 1.68398E+01    7.49719E-03
 1.68410E+01    7.61424E-03
 1.68422E+01    7.73219E-03
 1.68435E+01    7.85101E-03
 1.68447E+01    7.97072E-03
 1.68459E+01    8.09129E-03
 1.68471E+01    8.21272E-03
 1.68483E+01    8.33501E-03
 1.68495E+01    8.45814E-03
 1.68506E+01    8.58211E-03
 1.68518E+01    8.70690E-03
 1.68529E+01    8.83251E-03
 1.68541E+01    8.95893E-03
 1.68564E+01    9.21517E-03
 1.68586E+01    9.47456E-03
 1.68608E+01    9.73702E-03
 1.68630E+01    1.00025E-02
 1.68651E+01    1.02709E-02
 1.68672E+01    1.05421E-02
 1.68693E+01    1.08161E-02
 1.68713E+01    1.10927E-02
 1.68733E+01    1.13720E-02
 1.68753E+01    1.16537E-02
 1.68772E+01    1.19379E-02
 1.68791E+01    1.22244E-02
 1.68810E+01    1.25131E-02
 1.68829E+01    1.28040E-02
 1.68847E+01    1.30969E-02
 1.68865E+01    1.33918E-02
 1.68882E+01    1.36886E-02
 1.68900E+01    1.39871E-02
 1.68917E+01    1.42874E-02
 1.68934E+01    1.45892E-02
 1.68950E+01    1.48926E-02
 1.68967E+01    1.51974E-02
 1.68983E+01    1.55035E-02
 1.68999E+01    1.58109E-02
 1.69014E+01    1.61194E-02
 1.69030E+01    1.64289E-02
 1.69045E+01    1.67395E-02
 1.69060E+01    1.70509E-02
 1.69074E+01    1.73631E-02
 1.69089E+01    1.76760E-02
 1.69103E+01    1.79895E-02
 1.69117E+01    1.83036E-02
 1.69131E+01    1.86181E-02
 1.69144E+01    1.89329E-02
 1.69158E+01    1.92481E-02
 1.69171E+01    1.95634E-02
 1.69184E+01    1.98789E-02
 1.69196E+01    2.01944E-02
 1.69209E+01    2.05099E-02
 1.69221E+01    2.08252E-02
 1.69233E+01    2.11404E-02
 1.69245E+01    2.14553E-02
 1.69257E+01    2.17698E-02
 1.69269E+01    2.20839E-02
 1.69292E+01    2.27157E-02
 1.69314E+01    2.33449E-02
 1.69335E+01    2.39711E-02
 1.69356E+01    2.45937E-02
 1.69376E+01    2.52123E-02
 1.69395E+01    2.58264E-02
 1.69414E+01    2.64356E-02
 1.69432E+01    2.70394E-02
 1.69450E+01    2.76375E-02
 1.69467E+01    2.82295E-02
 1.69484E+01    2.88151E-02
 1.69500E+01    2.93940E-02
 1.69516E+01    2.99659E-02
 1.69531E+01    3.05305E-02
 1.69545E+01    3.10877E-02
 1.69560E+01    3.16371E-02
 1.69573E+01    3.21786E-02
 1.69587E+01    3.27120E-02
 1.69600E+01    3.32372E-02
 1.69612E+01    3.37540E-02
 1.69624E+01    3.42623E-02
 1.69636E+01    3.47620E-02
 1.69659E+01    3.57510E-02
 1.69680E+01    3.67038E-02
 1.69700E+01    3.76200E-02
 1.69719E+01    3.84998E-02
 1.69736E+01    3.93432E-02
 1.69753E+01    4.01507E-02
 1.69768E+01    4.09228E-02
 1.69783E+01    4.16601E-02
 1.69796E+01    4.23633E-02
 1.69809E+01    4.30334E-02
 1.69821E+01    4.36713E-02
 1.69843E+01    4.48927E-02
 1.69863E+01    4.59895E-02
 1.69880E+01    4.69712E-02
 1.69895E+01    4.78473E-02
 1.69908E+01    4.86273E-02
 1.69931E+01    5.00230E-02
 1.69948E+01    5.10959E-02
 1.69961E+01    5.19157E-02
 1.69981E+01    5.31701E-02
 1.70000E+01    5.44547E-02
 1.72398E+01    5.44269E-02
 1.74831E+01    5.43987E-02
 1.75000E+01    5.43967E-02
 1.77469E+01    5.41327E-02
 1.79973E+01    5.38649E-02
 1.80000E+01    5.38620E-02
 1.80019E+01    5.26228E-02
 1.80038E+01    5.14168E-02
 1.80058E+01    5.02430E-02
 1.80077E+01    4.91004E-02
 1.80096E+01    4.79880E-02
 1.80114E+01    4.69051E-02
 1.80133E+01    4.58508E-02
 1.80152E+01    4.48241E-02
 1.80171E+01    4.38242E-02
 1.80189E+01    4.28505E-02
 1.80208E+01    4.19020E-02
 1.80226E+01    4.09782E-02
 1.80245E+01    4.00782E-02
 1.80263E+01    3.92013E-02
 1.80281E+01    3.83470E-02
 1.80300E+01    3.75145E-02
 1.80318E+01    3.67032E-02
 1.80336E+01    3.59125E-02
 1.80354E+01    3.51419E-02
 1.80372E+01    3.43907E-02
 1.80390E+01    3.36584E-02
 1.80407E+01    3.29445E-02
 1.80425E+01    3.22484E-02
 1.80443E+01    3.15697E-02
 1.80460E+01    3.09078E-02
 1.80478E+01    3.02623E-02
 1.80495E+01    2.96327E-02
 1.80513E+01    2.90186E-02
 1.80530E+01    2.84195E-02
 1.80547E+01    2.78351E-02
 1.80564E+01    2.72649E-02
 1.80582E+01    2.67086E-02
 1.80599E+01    2.61657E-02
 1.80616E+01    2.56359E-02
 1.80632E+01    2.51188E-02
 1.80649E+01    2.46142E-02
 1.80666E+01    2.41215E-02
 1.80683E+01    2.36406E-02
 1.80700E+01    2.31711E-02
 1.80716E+01    2.27128E-02
 1.80733E+01    2.22652E-02
 1.80749E+01    2.18281E-02
 1.80766E+01    2.14013E-02
 1.80782E+01    2.09844E-02
 1.80798E+01    2.05773E-02
 1.80814E+01    2.01796E-02
 1.80831E+01    1.97911E-02
 1.80847E+01    1.94115E-02
 1.80863E+01    1.90406E-02
 1.80879E+01    1.86783E-02
 1.80895E+01    1.83242E-02
 1.80911E+01    1.79782E-02
 1.80926E+01    1.76400E-02
 1.80942E+01    1.73095E-02
 1.80958E+01    1.69864E-02
 1.80973E+01    1.66706E-02
 1.80989E+01    1.63618E-02
 1.81004E+01    1.60600E-02
 1.81020E+01    1.57648E-02
 1.81035E+01    1.54762E-02
 1.81051E+01    1.51940E-02
 1.81066E+01    1.49180E-02
 1.81081E+01    1.46480E-02
 1.81096E+01    1.43840E-02
 1.81111E+01    1.41257E-02
 1.81126E+01    1.38731E-02
 1.81141E+01    1.36259E-02
 1.81156E+01    1.33841E-02
 1.81171E+01    1.31475E-02
 1.81186E+01    1.29160E-02
 1.81201E+01    1.26894E-02
 1.81215E+01    1.24676E-02
 1.81230E+01    1.22506E-02
 1.81245E+01    1.20382E-02
 1.81259E+01    1.18303E-02
 1.81273E+01    1.16267E-02
 1.81288E+01    1.14275E-02
 1.81302E+01    1.12324E-02
 1.81317E+01    1.10414E-02
 1.81331E+01    1.08543E-02
 1.81345E+01    1.06712E-02
 1.81359E+01    1.04918E-02
 1.81373E+01    1.03161E-02
 1.81387E+01    1.01441E-02
 1.81401E+01    9.97552E-03
 1.81415E+01    9.81042E-03
 1.81429E+01    9.64868E-03
 1.81443E+01    9.49023E-03
 1.81457E+01    9.33498E-03
 1.81470E+01    9.18287E-03
 1.81484E+01    9.03381E-03
 1.81498E+01    8.88774E-03
 1.81511E+01    8.74459E-03
 1.81525E+01    8.60429E-03
 1.81538E+01    8.46678E-03
 1.81551E+01    8.33199E-03
 1.81565E+01    8.19985E-03
 1.81578E+01    8.07032E-03
 1.81591E+01    7.94333E-03
 1.81605E+01    7.81882E-03
 1.81618E+01    7.69674E-03
 1.81631E+01    7.57703E-03
 1.81644E+01    7.45964E-03
 1.81657E+01    7.34451E-03
 1.81670E+01    7.23160E-03
 1.81683E+01    7.12086E-03
 1.81695E+01    7.01224E-03
 1.81708E+01    6.90568E-03
 1.81721E+01    6.80116E-03
 1.81734E+01    6.69861E-03
 1.81746E+01    6.59800E-03
 1.81759E+01    6.49929E-03
 1.81772E+01    6.40243E-03
 1.81784E+01    6.30739E-03
 1.81796E+01    6.21412E-03
 1.81809E+01    6.12258E-03
 1.81821E+01    6.03274E-03
 1.81834E+01    5.94457E-03
 1.81846E+01    5.85802E-03
 1.81858E+01    5.77306E-03
 1.81870E+01    5.68966E-03
 1.81882E+01    5.60778E-03
 1.81894E+01    5.52739E-03
 1.81906E+01    5.44846E-03
 1.81918E+01    5.37096E-03
 1.81930E+01    5.29486E-03
 1.81942E+01    5.22013E-03
 1.81954E+01    5.14674E-03
 1.81978E+01    5.00360E-03
 1.82001E+01    4.86551E-03
 1.82024E+01    4.73227E-03
 1.82047E+01    4.60367E-03
 1.82070E+01    4.47954E-03
 1.82093E+01    4.35968E-03
 1.82116E+01    4.24392E-03
 1.82138E+01    4.13211E-03
 1.82160E+01    4.02409E-03
 1.82182E+01    3.91970E-03
 1.82204E+01    3.81880E-03
 1.82226E+01    3.72126E-03
 1.82247E+01    3.62694E-03
 1.82268E+01    3.53572E-03
 1.82290E+01    3.44748E-03
 1.82311E+01    3.36211E-03
 1.82332E+01    3.27950E-03
 1.82352E+01    3.19953E-03
 1.82373E+01    3.12212E-03
 1.82393E+01    3.04716E-03
 1.82413E+01    2.97457E-03
 1.82433E+01    2.90426E-03
 1.82453E+01    2.83613E-03
 1.82473E+01    2.77012E-03
 1.82493E+01    2.70614E-03
 1.82512E+01    2.64413E-03
 1.82531E+01    2.58400E-03
 1.82551E+01    2.52569E-03
 1.82570E+01    2.46914E-03
 1.82589E+01    2.41428E-03
 1.82607E+01    2.36106E-03
 1.82626E+01    2.30941E-03
 1.82644E+01    2.25928E-03
 1.82663E+01    2.21062E-03
 1.82681E+01    2.16337E-03
 1.82699E+01    2.11749E-03
 1.82717E+01    2.07294E-03
 1.82734E+01    2.02965E-03
 1.82752E+01    1.98760E-03
 1.82769E+01    1.94674E-03
 1.82787E+01    1.90702E-03
 1.82804E+01    1.86842E-03
 1.82821E+01    1.83089E-03
 1.82838E+01    1.79440E-03
 1.82855E+01    1.75892E-03
 1.82871E+01    1.72440E-03
 1.82888E+01    1.69083E-03
 1.82904E+01    1.65816E-03
 1.82921E+01    1.62637E-03
 1.82937E+01    1.59543E-03
 1.82953E+01    1.56532E-03
 1.82969E+01    1.53600E-03
 1.82984E+01    1.50745E-03
 1.83000E+01    1.47966E-03
 1.83016E+01    1.45258E-03
 1.83031E+01    1.42621E-03
 1.83046E+01    1.40051E-03
 1.83062E+01    1.37548E-03
 1.83077E+01    1.35108E-03
 1.83092E+01    1.32730E-03
 1.83106E+01    1.30412E-03
 1.83121E+01    1.28152E-03
 1.83136E+01    1.25949E-03
 1.83150E+01    1.23800E-03
 1.83165E+01    1.21704E-03
 1.83179E+01    1.19659E-03
 1.83193E+01    1.17665E-03
 1.83207E+01    1.15719E-03
 1.83221E+01    1.13820E-03
 1.83235E+01    1.11966E-03
 1.83249E+01    1.10157E-03
 1.83262E+01    1.08391E-03
 1.83276E+01    1.06667E-03
 1.83289E+01    1.04983E-03
 1.83302E+01    1.03339E-03
 1.83316E+01    1.01733E-03
 1.83329E+01    1.00164E-03
 1.83342E+01    9.86316E-04
 1.83355E+01    9.71342E-04
 1.83367E+01    9.56709E-04
 1.83380E+01    9.42408E-04
 1.83393E+01    9.28431E-04
 1.83405E+01    9.14767E-04
 1.83418E+01    9.01409E-04
 1.83430E+01    8.88348E-04
 1.83442E+01    8.75576E-04
 1.83454E+01    8.63085E-04
 1.83466E+01    8.50869E-04
 1.83478E+01    8.38918E-04
 1.83502E+01    8.15699E-04
 1.83525E+01    7.93471E-04
 1.83548E+01    7.72182E-04
 1.83571E+01    7.51784E-04
 1.83593E+01    7.32230E-04
 1.83615E+01    7.13479E-04
 1.83636E+01    6.95490E-04
 1.83658E+01    6.78225E-04
 1.83679E+01    6.61648E-04
 1.83699E+01    6.45726E-04
 1.83719E+01    6.30428E-04
 1.83739E+01    6.15722E-04
 1.83759E+01    6.01581E-04
 1.83778E+01    5.87979E-04
 1.83797E+01    5.74889E-04
 1.83816E+01    5.62288E-04
 1.83835E+01    5.50155E-04
 1.83853E+01    5.38466E-04
 1.83871E+01    5.27203E-04
 1.83888E+01    5.16346E-04
 1.83905E+01    5.05877E-04
 1.83923E+01    4.95778E-04
 1.83939E+01    4.86035E-04
 1.83956E+01    4.76631E-04
 1.83972E+01    4.67551E-04
 1.83988E+01    4.58782E-04
 1.84004E+01    4.50311E-04
 1.84019E+01    4.42125E-04
 1.84035E+01    4.34213E-04
 1.84050E+01    4.26562E-04
 1.84065E+01    4.19162E-04
 1.84079E+01    4.12004E-04
 1.84093E+01    4.05077E-04
 1.84108E+01    3.98371E-04
 1.84122E+01    3.91879E-04
 1.84135E+01    3.85592E-04
 1.84149E+01    3.79502E-04
 1.84162E+01    3.73600E-04
 1.84175E+01    3.67881E-04
 1.84188E+01    3.62336E-04
 1.84201E+01    3.56960E-04
 1.84213E+01    3.51745E-04
 1.84225E+01    3.46687E-04
 1.84237E+01    3.41778E-04
 1.84261E+01    3.32317E-04
 1.84284E+01    3.23401E-04
 1.84307E+01    3.14993E-04
 1.84328E+01    3.07055E-04
 1.84349E+01    2.99557E-04
 1.84369E+01    2.92467E-04
 1.84389E+01    2.85759E-04
 1.84408E+01    2.79407E-04
 1.84427E+01    2.73389E-04
 1.84445E+01    2.67682E-04
 1.84462E+01    2.62267E-04
 1.84479E+01    2.57126E-04
 1.84495E+01    2.52242E-04
 1.84511E+01    2.47599E-04
 1.84526E+01    2.43182E-04
 1.84541E+01    2.38979E-04
 1.84555E+01    2.34976E-04
 1.84569E+01    2.31162E-04
 1.84582E+01    2.27527E-04
 1.84595E+01    2.24059E-04
 1.84608E+01    2.20751E-04
 1.84620E+01    2.17592E-04
 1.84644E+01    2.11601E-04
 1.84666E+01    2.06133E-04
 1.84687E+01    2.01136E-04
 1.84707E+01    1.96562E-04
 1.84725E+01    1.92367E-04
 1.84742E+01    1.88517E-04
 1.84758E+01    1.84977E-04
 1.84773E+01    1.81718E-04
 1.84788E+01    1.78716E-04
 1.84801E+01    1.75946E-04
 1.84813E+01    1.73388E-04
 1.84837E+01    1.68692E-04
 1.84857E+01    1.64688E-04
 1.84875E+01    1.61262E-04
 1.84890E+01    1.58323E-04
 1.84904E+01    1.55795E-04
 1.84928E+01    1.51469E-04
 1.84946E+01    1.48303E-04
 1.84960E+01    1.45972E-04
 1.84980E+01    1.42544E-04
 1.85000E+01    1.39197E-04
 1.87483E+01    1.43729E-04
 1.90000E+01    1.48408E-04
 1.91238E+01    1.51564E-04
 1.93110E+01    1.56424E-04
 1.95000E+01    1.61440E-04
 1.95019E+01    1.65082E-04
 1.95038E+01    1.68792E-04
 1.95058E+01    1.72570E-04
 1.95077E+01    1.76418E-04
 1.95096E+01    1.80336E-04
 1.95115E+01    1.84325E-04
 1.95133E+01    1.88386E-04
 1.95152E+01    1.92520E-04
 1.95171E+01    1.96728E-04
 1.95190E+01    2.01011E-04
 1.95208E+01    2.05370E-04
 1.95227E+01    2.09806E-04
 1.95245E+01    2.14321E-04
 1.95263E+01    2.18913E-04
 1.95282E+01    2.23586E-04
 1.95300E+01    2.28340E-04
 1.95318E+01    2.33176E-04
 1.95336E+01    2.38095E-04
 1.95354E+01    2.43097E-04
 1.95372E+01    2.48185E-04
 1.95390E+01    2.53358E-04
 1.95408E+01    2.58618E-04
 1.95425E+01    2.63967E-04
 1.95443E+01    2.69405E-04
 1.95461E+01    2.74932E-04
 1.95478E+01    2.80551E-04
 1.95496E+01    2.86262E-04
 1.95513E+01    2.92066E-04
 1.95530E+01    2.97965E-04
 1.95548E+01    3.03959E-04
 1.95565E+01    3.10050E-04
 1.95582E+01    3.16238E-04
 1.95599E+01    3.22524E-04
 1.95616E+01    3.28911E-04
 1.95633E+01    3.35398E-04
 1.95650E+01    3.41987E-04
 1.95667E+01    3.48678E-04
 1.95683E+01    3.55474E-04
 1.95700E+01    3.62375E-04
 1.95717E+01    3.69383E-04
 1.95733E+01    3.76497E-04
 1.95750E+01    3.83720E-04
 1.95766E+01    3.91053E-04
 1.95783E+01    3.98496E-04
 1.95799E+01    4.06051E-04
 1.95815E+01    4.13719E-04
 1.95831E+01    4.21501E-04
 1.95847E+01    4.29398E-04
 1.95864E+01    4.37411E-04
 1.95879E+01    4.45541E-04
 1.95895E+01    4.53790E-04
 1.95911E+01    4.62159E-04
 1.95927E+01    4.70648E-04
 1.95943E+01    4.79260E-04
 1.95959E+01    4.87994E-04
 1.95974E+01    4.96852E-04
 1.95990E+01    5.05836E-04
 1.96005E+01    5.14946E-04
 1.96021E+01    5.24184E-04
 1.96036E+01    5.33550E-04
 1.96051E+01    5.43046E-04
 1.96067E+01    5.52673E-04
 1.96082E+01    5.62432E-04
 1.96097E+01    5.72324E-04
 1.96112E+01    5.82350E-04
 1.96127E+01    5.92512E-04
 1.96142E+01    6.02810E-04
 1.96157E+01    6.13247E-04
 1.96172E+01    6.23822E-04
 1.96187E+01    6.34537E-04
 1.96202E+01    6.45393E-04
 1.96216E+01    6.56391E-04
 1.96231E+01    6.67533E-04
 1.96245E+01    6.78819E-04
 1.96260E+01    6.90251E-04
 1.96274E+01    7.01830E-04
 1.96289E+01    7.13556E-04
 1.96303E+01    7.25432E-04
 1.96318E+01    7.37457E-04
 1.96332E+01    7.49634E-04
 1.96346E+01    7.61963E-04
 1.96360E+01    7.74445E-04
 1.96374E+01    7.87082E-04
 1.96388E+01    7.99875E-04
 1.96402E+01    8.12824E-04
 1.96416E+01    8.25931E-04
 1.96430E+01    8.39197E-04
 1.96444E+01    8.52624E-04
 1.96458E+01    8.66211E-04
 1.96471E+01    8.79960E-04
 1.96485E+01    8.93873E-04
 1.96499E+01    9.07950E-04
 1.96512E+01    9.22192E-04
 1.96526E+01    9.36601E-04
 1.96539E+01    9.51177E-04
 1.96553E+01    9.65922E-04
 1.96566E+01    9.80836E-04
 1.96579E+01    9.95922E-04
 1.96592E+01    1.01118E-03
 1.96606E+01    1.02661E-03
 1.96619E+01    1.04221E-03
 1.96632E+01    1.05799E-03
 1.96645E+01    1.07394E-03
 1.96658E+01    1.09008E-03
 1.96671E+01    1.10638E-03
 1.96684E+01    1.12287E-03
 1.96697E+01    1.13954E-03
 1.96709E+01    1.15639E-03
 1.96722E+01    1.17342E-03
 1.96735E+01    1.19063E-03
 1.96748E+01    1.20803E-03
 1.96760E+01    1.22561E-03
 1.96773E+01    1.24338E-03
 1.96785E+01    1.26133E-03
 1.96798E+01    1.27947E-03
 1.96810E+01    1.29780E-03
 1.96835E+01    1.33510E-03
 1.96859E+01    1.37317E-03
 1.96884E+01    1.41202E-03
 1.96908E+01    1.45165E-03
 1.96932E+01    1.49206E-03
 1.96956E+01    1.53328E-03
 1.96979E+01    1.57529E-03
 1.97003E+01    1.61812E-03
 1.97026E+01    1.66176E-03
 1.97049E+01    1.70623E-03
 1.97072E+01    1.75152E-03
 1.97095E+01    1.79764E-03
 1.97117E+01    1.84461E-03
 1.97139E+01    1.89242E-03
 1.97162E+01    1.94109E-03
 1.97184E+01    1.99061E-03
 1.97205E+01    2.04099E-03
 1.97227E+01    2.09224E-03
 1.97249E+01    2.14436E-03
 1.97270E+01    2.19736E-03
 1.97291E+01    2.25123E-03
 1.97312E+01    2.30599E-03
 1.97333E+01    2.36164E-03
 1.97354E+01    2.41819E-03
 1.97374E+01    2.47562E-03
 1.97395E+01    2.53396E-03
 1.97415E+01    2.59320E-03
 1.97435E+01    2.65335E-03
 1.97455E+01    2.71440E-03
 1.97475E+01    2.77637E-03
 1.97494E+01    2.83925E-03
 1.97514E+01    2.90305E-03
 1.97533E+01    2.96776E-03
 1.97552E+01    3.03340E-03
 1.97571E+01    3.09995E-03
 1.97590E+01    3.16743E-03
 1.97609E+01    3.23584E-03
 1.97627E+01    3.30517E-03
 1.97646E+01    3.37542E-03
 1.97664E+01    3.44660E-03
 1.97682E+01    3.51871E-03
 1.97700E+01    3.59175E-03
 1.97718E+01    3.66572E-03
 1.97736E+01    3.74061E-03
 1.97753E+01    3.81643E-03
 1.97771E+01    3.89318E-03
 1.97788E+01    3.97085E-03
 1.97805E+01    4.04945E-03
 1.97822E+01    4.12897E-03
 1.97839E+01    4.20941E-03
 1.97856E+01    4.29077E-03
 1.97873E+01    4.37305E-03
 1.97889E+01    4.45625E-03
 1.97906E+01    4.54036E-03
 1.97922E+01    4.62539E-03
 1.97938E+01    4.71132E-03
 1.97954E+01    4.79816E-03
 1.97970E+01    4.88590E-03
 1.97986E+01    4.97455E-03
 1.98001E+01    5.06409E-03
 1.98017E+01    5.15452E-03
 1.98032E+01    5.24584E-03
 1.98048E+01    5.33805E-03
 1.98063E+01    5.43114E-03
 1.98078E+01    5.52511E-03
 1.98093E+01    5.61994E-03
 1.98108E+01    5.71565E-03
 1.98122E+01    5.81222E-03
 1.98137E+01    5.90965E-03
 1.98152E+01    6.00793E-03
 1.98166E+01    6.10706E-03
 1.98180E+01    6.20703E-03
 1.98194E+01    6.30784E-03
 1.98208E+01    6.40947E-03
 1.98222E+01    6.51193E-03
 1.98236E+01    6.61521E-03
 1.98250E+01    6.71931E-03
 1.98263E+01    6.82420E-03
 1.98277E+01    6.92990E-03
 1.98290E+01    7.03639E-03
 1.98304E+01    7.14366E-03
 1.98317E+01    7.25171E-03
 1.98330E+01    7.36053E-03
 1.98343E+01    7.47012E-03
 1.98356E+01    7.58046E-03
 1.98369E+01    7.69155E-03
 1.98381E+01    7.80339E-03
 1.98394E+01    7.91595E-03
 1.98406E+01    8.02924E-03
 1.98431E+01    8.25887E-03
 1.98456E+01    8.49132E-03
 1.98480E+01    8.72653E-03
 1.98503E+01    8.96442E-03
 1.98527E+01    9.20493E-03
 1.98550E+01    9.44799E-03
 1.98572E+01    9.69351E-03
 1.98594E+01    9.94143E-03
 1.98616E+01    1.01917E-02
 1.98638E+01    1.04441E-02
 1.98659E+01    1.06988E-02
 1.98680E+01    1.09555E-02
 1.98701E+01    1.12142E-02
 1.98721E+01    1.14749E-02
 1.98741E+01    1.17374E-02
 1.98760E+01    1.20017E-02
 1.98780E+01    1.22676E-02
 1.98799E+01    1.25351E-02
 1.98817E+01    1.28042E-02
 1.98836E+01    1.30747E-02
 1.98854E+01    1.33465E-02
 1.98872E+01    1.36197E-02
 1.98889E+01    1.38940E-02
 1.98907E+01    1.41694E-02
 1.98924E+01    1.44458E-02
 1.98940E+01    1.47232E-02
 1.98957E+01    1.50015E-02
 1.98973E+01    1.52806E-02
 1.98989E+01    1.55603E-02
 1.99005E+01    1.58407E-02
 1.99021E+01    1.61217E-02
 1.99036E+01    1.64031E-02
 1.99051E+01    1.66849E-02
 1.99066E+01    1.69671E-02
 1.99080E+01    1.72495E-02
 1.99095E+01    1.75320E-02
 1.99109E+01    1.78147E-02
 1.99123E+01    1.80974E-02
 1.99136E+01    1.83801E-02
 1.99150E+01    1.86627E-02
 1.99163E+01    1.89451E-02
 1.99176E+01    1.92273E-02
 1.99189E+01    1.95091E-02
 1.99202E+01    1.97906E-02
 1.99226E+01    2.03567E-02
 1.99251E+01    2.09205E-02
 1.99274E+01    2.14816E-02
 1.99297E+01    2.20396E-02
 1.99319E+01    2.25939E-02
 1.99340E+01    2.31441E-02
 1.99360E+01    2.36900E-02
 1.99380E+01    2.42310E-02
 1.99400E+01    2.47670E-02
 1.99418E+01    2.52974E-02
 1.99437E+01    2.58222E-02
 1.99454E+01    2.63409E-02
 1.99471E+01    2.68534E-02
 1.99488E+01    2.73593E-02
 1.99504E+01    2.78585E-02
 1.99519E+01    2.83508E-02
 1.99534E+01    2.88360E-02
 1.99549E+01    2.93140E-02
 1.99563E+01    2.97846E-02
 1.99576E+01    3.02476E-02
 1.99590E+01    3.07031E-02
 1.99602E+01    3.11509E-02
 1.99627E+01    3.20371E-02
 1.99651E+01    3.28908E-02
 1.99672E+01    3.37118E-02
 1.99693E+01    3.45001E-02
 1.99712E+01    3.52558E-02
 1.99730E+01    3.59793E-02
 1.99747E+01    3.66711E-02
 1.99763E+01    3.73318E-02
 1.99778E+01    3.79619E-02
 1.99791E+01    3.85624E-02
 1.99804E+01    3.91339E-02
 1.99829E+01    4.02284E-02
 1.99850E+01    4.12111E-02
 1.99869E+01    4.20907E-02
 1.99885E+01    4.28757E-02
 1.99900E+01    4.35746E-02
 1.99925E+01    4.48252E-02
 1.99944E+01    4.57866E-02
 1.99958E+01    4.65211E-02
 1.99979E+01    4.76451E-02
 2.00000E+01    4.87961E-02
