# n + Cr 50 : (n,n'02)  
# tendl.2019 A.J. Koning and D. Rochman        EVAL-NOV19
# uncertainties: y
# # energies =    89
#   E(MeV)       xs(mb)       xslow(mb)      xsupp(mb)
 1.91930E+00    0.00000E+00    0.00000E+00    0.00000E+00
 2.00000E+00    1.28782E+01    1.15098E+01    1.42466E+01
 2.20000E+00    3.61460E+01    3.23051E+01    3.99869E+01
 2.40000E+00    6.85159E+01    6.12354E+01    7.57964E+01
 2.60000E+00    1.06504E+02    1.00249E+02    1.12759E+02
 2.80000E+00    1.43876E+02    1.35426E+02    1.52326E+02
 2.98331E+00    1.64895E+02    1.55211E+02    1.74580E+02
 3.00000E+00    1.66809E+02    1.57012E+02    1.76606E+02
 3.20000E+00    1.81918E+02    1.71234E+02    1.92602E+02
 3.22504E+00    1.81563E+02    1.70899E+02    1.92226E+02
 3.22761E+00    1.81526E+02    1.70865E+02    1.92187E+02
 3.39171E+00    1.79197E+02    1.68672E+02    1.89721E+02
 3.40000E+00    1.79079E+02    1.68562E+02    1.89596E+02
 3.60000E+00    1.78802E+02    1.68301E+02    1.89303E+02
 3.66716E+00    1.73314E+02    1.63135E+02    1.83493E+02
 3.68433E+00    1.71911E+02    1.61815E+02    1.82008E+02
 3.70290E+00    1.70394E+02    1.60387E+02    1.80401E+02
 3.76860E+00    1.65026E+02    1.55334E+02    1.74718E+02
 3.77258E+00    1.64701E+02    1.55027E+02    1.74374E+02
 3.80000E+00    1.62460E+02    1.52919E+02    1.72001E+02
 3.86858E+00    1.56680E+02    1.47478E+02    1.65882E+02
 3.90279E+00    1.53796E+02    1.44764E+02    1.62829E+02
 3.92194E+00    1.52182E+02    1.43245E+02    1.61120E+02
 3.92775E+00    1.51693E+02    1.42784E+02    1.60602E+02
 3.95340E+00    1.49531E+02    1.40749E+02    1.58313E+02
 3.97325E+00    1.47858E+02    1.39174E+02    1.56541E+02
 4.00000E+00    1.45603E+02    1.37052E+02    1.54154E+02
 4.01712E+00    1.43705E+02    1.35265E+02    1.52145E+02
 4.12159E+00    1.32125E+02    1.24365E+02    1.39885E+02
 4.13352E+00    1.30803E+02    1.23121E+02    1.38485E+02
 4.15230E+00    1.28721E+02    1.21161E+02    1.36281E+02
 4.20000E+00    1.23434E+02    1.16185E+02    1.30683E+02
 4.21290E+00    1.22304E+02    1.15121E+02    1.29487E+02
 4.27727E+00    1.16663E+02    1.09811E+02    1.23515E+02
 4.29196E+00    1.15376E+02    1.08600E+02    1.22152E+02
 4.36848E+00    1.08671E+02    1.02289E+02    1.15053E+02
 4.40000E+00    1.05909E+02    9.96889E+01    1.12129E+02
 4.43785E+00    1.03930E+02    9.78264E+01    1.10034E+02
 4.45519E+00    1.03024E+02    9.69731E+01    1.09074E+02
 4.60000E+00    9.54536E+01    8.83204E+01    1.02587E+02
 4.61577E+00    9.45120E+01    8.74491E+01    1.01575E+02
 4.63801E+00    9.31840E+01    8.62204E+01    1.00148E+02
 4.74829E+00    8.65990E+01    8.01275E+01    9.30705E+01
 4.80000E+00    8.35113E+01    7.72705E+01    8.97521E+01
 5.00000E+00    7.49200E+01    6.93213E+01    8.05187E+01
 5.20000E+00    6.78013E+01    6.27345E+01    7.28681E+01
 5.40000E+00    6.18674E+01    5.72441E+01    6.64907E+01
 5.60000E+00    5.68319E+01    5.25849E+01    6.10789E+01
 5.80000E+00    5.25133E+01    4.85890E+01    5.64376E+01
 6.00000E+00    4.87064E+01    4.50666E+01    5.23462E+01
 6.20000E+00    4.52583E+01    4.18762E+01    4.86404E+01
 6.40000E+00    4.21272E+01    3.89790E+01    4.52754E+01
 6.60000E+00    3.92154E+01    3.21819E+01    4.62489E+01
 6.80000E+00    3.65039E+01    2.99567E+01    4.30511E+01
 7.00000E+00    3.39891E+01    2.78930E+01    4.00852E+01
 7.20000E+00    3.16275E+01    2.59549E+01    3.73001E+01
 7.40000E+00    2.94619E+01    2.41778E+01    3.47460E+01
 7.60000E+00    2.74547E+01    2.25306E+01    3.23788E+01
 7.80000E+00    2.56215E+01    2.10261E+01    3.02169E+01
 8.00000E+00    2.39491E+01    1.96537E+01    2.82445E+01
 8.50000E+00    2.04058E+01    1.67459E+01    2.40657E+01
 9.00000E+00    1.76563E+01    1.21111E+01    2.32015E+01
 9.50000E+00    1.56015E+01    1.07017E+01    2.05013E+01
 1.00000E+01    1.40602E+01    9.64443E+00    1.84760E+01
 1.05000E+01    1.29062E+01    8.85286E+00    1.69595E+01
 1.10000E+01    1.20387E+01    8.25780E+00    1.58196E+01
 1.15000E+01    1.13819E+01    7.80728E+00    1.49565E+01
 1.20000E+01    1.08787E+01    7.46212E+00    1.42953E+01
 1.25000E+01    1.04877E+01    7.19391E+00    1.37815E+01
 1.30000E+01    1.01775E+01    6.90077E+00    1.34542E+01
 1.35000E+01    9.92389E+00    6.72881E+00    1.31190E+01
 1.40000E+01    9.70910E+00    6.58318E+00    1.28350E+01
 1.45000E+01    9.52033E+00    6.45518E+00    1.25855E+01
 1.50000E+01    9.34886E+00    6.33892E+00    1.23588E+01
 1.60000E+01    9.03555E+00    6.22881E+00    1.18423E+01
 1.70000E+01    8.74816E+00    6.03070E+00    1.14656E+01
 1.80000E+01    8.48472E+00    5.84909E+00    1.11204E+01
 1.90000E+01    8.24934E+00    5.68683E+00    1.08119E+01
 2.00000E+01    8.04512E+00    5.56299E+00    1.05273E+01
 2.10000E+01    7.87117E+00    5.44271E+00    1.02996E+01
 2.20000E+01    7.72285E+00    5.34015E+00    1.01056E+01
 2.30000E+01    7.59311E+00    5.25043E+00    9.93579E+00
 2.40000E+01    7.47472E+00    5.18442E+00    9.76502E+00
 2.50000E+01    7.36174E+00    5.10605E+00    9.61743E+00
 2.60000E+01    7.25032E+00    5.02877E+00    9.47187E+00
 2.70000E+01    7.13878E+00    4.95141E+00    9.32615E+00
 2.80000E+01    7.02708E+00    4.87394E+00    9.18022E+00
 2.90000E+01    6.91574E+00    4.79671E+00    9.03477E+00
 3.00000E+01    6.80579E+00    4.72045E+00    8.89113E+00
