# n + U 233 : (n,tot)   
# tendl.2019 O.Iwamoto,N.Otuka,S.Chiba,et al.  EVAL-JAN10
# uncertainties: y
# # energies =   616
#   E(MeV)       xs(mb)       xslow(mb)      xsupp(mb)
 1.00000E-11    2.87990E+07    2.87990E+07    2.87990E+07
 1.04713E-11    2.81436E+07    2.81436E+07    2.81436E+07
 1.09648E-11    2.75028E+07    2.75028E+07    2.75028E+07
 1.14815E-11    2.68772E+07    2.68772E+07    2.68772E+07
 1.20226E-11    2.62650E+07    2.62650E+07    2.62650E+07
 1.25893E-11    2.56676E+07    2.56676E+07    2.56676E+07
 1.31826E-11    2.50830E+07    2.50830E+07    2.50830E+07
 1.38038E-11    2.45125E+07    2.45125E+07    2.45125E+07
 1.44544E-11    2.39543E+07    2.39543E+07    2.39543E+07
 1.51356E-11    2.34093E+07    2.34093E+07    2.34093E+07
 1.58489E-11    2.28765E+07    2.28765E+07    2.28765E+07
 1.65959E-11    2.23557E+07    2.23557E+07    2.23557E+07
 1.73780E-11    2.18471E+07    2.18471E+07    2.18471E+07
 1.81970E-11    2.13496E+07    2.13496E+07    2.13496E+07
 1.90546E-11    2.08640E+07    2.08640E+07    2.08640E+07
 1.99526E-11    2.03889E+07    2.03889E+07    2.03889E+07
 2.08930E-11    1.99252E+07    1.99252E+07    1.99252E+07
 2.18776E-11    1.94714E+07    1.94714E+07    1.94714E+07
 2.29087E-11    1.90285E+07    1.90285E+07    1.90285E+07
 2.39883E-11    1.85953E+07    1.85953E+07    1.85953E+07
 2.51189E-11    1.81722E+07    1.81722E+07    1.81722E+07
 2.63027E-11    1.77587E+07    1.77587E+07    1.77587E+07
 2.75423E-11    1.73544E+07    1.73544E+07    1.73544E+07
 2.88403E-11    1.69597E+07    1.69597E+07    1.69597E+07
 3.01995E-11    1.65735E+07    1.65735E+07    1.65735E+07
 3.16228E-11    1.61966E+07    1.61966E+07    1.61966E+07
 3.31131E-11    1.58277E+07    1.58277E+07    1.58277E+07
 3.46737E-11    1.54678E+07    1.54678E+07    1.54678E+07
 3.63078E-11    1.51156E+07    1.51156E+07    1.51156E+07
 3.80189E-11    1.47718E+07    1.47718E+07    1.47718E+07
 3.98107E-11    1.44356E+07    1.44356E+07    1.44356E+07
 4.16869E-11    1.41071E+07    1.41071E+07    1.41071E+07
 4.36516E-11    1.37862E+07    1.37862E+07    1.37862E+07
 4.57088E-11    1.34724E+07    1.34724E+07    1.34724E+07
 4.78630E-11    1.31660E+07    1.31660E+07    1.31660E+07
 5.01187E-11    1.28662E+07    1.28662E+07    1.28662E+07
 5.24807E-11    1.25737E+07    1.25737E+07    1.25737E+07
 5.49541E-11    1.22874E+07    1.22874E+07    1.22874E+07
 5.75440E-11    1.20080E+07    1.20080E+07    1.20080E+07
 6.02560E-11    1.17347E+07    1.17347E+07    1.17347E+07
 6.30957E-11    1.14678E+07    1.14678E+07    1.14678E+07
 6.60693E-11    1.12069E+07    1.12069E+07    1.12069E+07
 6.91831E-11    1.09519E+07    1.09519E+07    1.09519E+07
 7.24436E-11    1.07028E+07    1.07028E+07    1.07028E+07
 7.58578E-11    1.04592E+07    1.04592E+07    1.04592E+07
 7.94328E-11    1.02214E+07    1.02214E+07    1.02214E+07
 8.31764E-11    9.98876E+06    9.98876E+06    9.98876E+06
 8.70964E-11    9.76169E+06    9.76169E+06    9.76169E+06
 9.12011E-11    9.53951E+06    9.53951E+06    9.53951E+06
 9.54993E-11    9.32264E+06    9.32264E+06    9.32264E+06
 1.00000E-10    9.11051E+06    9.11051E+06    9.11051E+06
 1.04713E-10    8.90334E+06    8.90334E+06    8.90334E+06
 1.09648E-10    8.70085E+06    8.70085E+06    8.70085E+06
 1.14815E-10    8.50292E+06    8.50292E+06    8.50292E+06
 1.20226E-10    8.30962E+06    8.30962E+06    8.30962E+06
 1.25893E-10    8.12054E+06    8.12054E+06    8.12054E+06
 1.31826E-10    7.93599E+06    7.93599E+06    7.93599E+06
 1.38038E-10    7.75540E+06    7.75540E+06    7.75540E+06
 1.44544E-10    7.57917E+06    7.57917E+06    7.57917E+06
 1.51356E-10    7.40673E+06    7.40673E+06    7.40673E+06
 1.58489E-10    7.23840E+06    7.23840E+06    7.23840E+06
 1.65959E-10    7.07378E+06    7.07378E+06    7.07378E+06
 1.73780E-10    6.91297E+06    6.91297E+06    6.91297E+06
 1.81970E-10    6.75583E+06    6.75583E+06    6.75583E+06
 1.90546E-10    6.60219E+06    6.60219E+06    6.60219E+06
 1.99526E-10    6.45218E+06    6.45218E+06    6.45218E+06
 2.08930E-10    6.30542E+06    6.30542E+06    6.30542E+06
 2.18776E-10    6.16220E+06    6.16220E+06    6.16220E+06
 2.29087E-10    6.02204E+06    6.02204E+06    6.02204E+06
 2.39883E-10    5.88526E+06    5.88526E+06    5.88526E+06
 2.51189E-10    5.75143E+06    5.75143E+06    5.75143E+06
 2.63027E-10    5.62078E+06    5.62078E+06    5.62078E+06
 2.75423E-10    5.49303E+06    5.49303E+06    5.49303E+06
 2.88403E-10    5.36820E+06    5.36820E+06    5.36820E+06
 3.01995E-10    5.24626E+06    5.24626E+06    5.24626E+06
 3.16228E-10    5.12700E+06    5.12700E+06    5.12700E+06
 3.31131E-10    5.01059E+06    5.01059E+06    5.01059E+06
 3.46737E-10    4.89668E+06    4.89668E+06    4.89668E+06
 3.63078E-10    4.78552E+06    4.78552E+06    4.78552E+06
 3.80189E-10    4.67674E+06    4.67674E+06    4.67674E+06
 3.98107E-10    4.57058E+06    4.57058E+06    4.57058E+06
 4.16869E-10    4.46672E+06    4.46672E+06    4.46672E+06
 4.36516E-10    4.36531E+06    4.36531E+06    4.36531E+06
 4.57088E-10    4.26617E+06    4.26617E+06    4.26617E+06
 4.78630E-10    4.16927E+06    4.16927E+06    4.16927E+06
 5.01187E-10    4.07464E+06    4.07464E+06    4.07464E+06
 5.24807E-10    3.98208E+06    3.98208E+06    3.98208E+06
 5.49541E-10    3.89173E+06    3.89173E+06    3.89173E+06
 5.75440E-10    3.80332E+06    3.80332E+06    3.80332E+06
 6.02560E-10    3.71704E+06    3.71704E+06    3.71704E+06
 6.30957E-10    3.63262E+06    3.63262E+06    3.63262E+06
 6.60693E-10    3.55021E+06    3.55021E+06    3.55021E+06
 6.91831E-10    3.46961E+06    3.46961E+06    3.46961E+06
 7.24436E-10    3.39088E+06    3.39088E+06    3.39088E+06
 7.58578E-10    3.31395E+06    3.31395E+06    3.31395E+06
 7.94328E-10    3.23873E+06    3.23873E+06    3.23873E+06
 8.31764E-10    3.16529E+06    3.16529E+06    3.16529E+06
 8.70964E-10    3.09344E+06    3.09344E+06    3.09344E+06
 9.12011E-10    3.02331E+06    3.02331E+06    3.02331E+06
 9.54993E-10    2.95469E+06    2.95469E+06    2.95469E+06
 1.00000E-09    2.88772E+06    2.88772E+06    2.88772E+06
 1.04713E-09    2.82220E+06    2.82220E+06    2.82220E+06
 1.09648E-09    2.75823E+06    2.75823E+06    2.75823E+06
 1.14815E-09    2.69567E+06    2.69567E+06    2.69567E+06
 1.20226E-09    2.63456E+06    2.63456E+06    2.63456E+06
 1.25892E-09    2.57485E+06    2.57485E+06    2.57485E+06
 1.31826E-09    2.51645E+06    2.51645E+06    2.51645E+06
 1.38038E-09    2.45945E+06    2.45945E+06    2.45945E+06
 1.44544E-09    2.40368E+06    2.40368E+06    2.40368E+06
 1.51356E-09    2.34924E+06    2.34924E+06    2.34924E+06
 1.58489E-09    2.29598E+06    2.29598E+06    2.29598E+06
 1.65959E-09    2.24399E+06    2.24399E+06    2.24399E+06
 1.73780E-09    2.19313E+06    2.19313E+06    2.19313E+06
 1.81970E-09    2.14347E+06    2.14347E+06    2.14347E+06
 1.90546E-09    2.09492E+06    2.09492E+06    2.09492E+06
 1.99526E-09    2.04747E+06    2.04747E+06    2.04747E+06
 2.08930E-09    2.00112E+06    2.00112E+06    2.00112E+06
 2.18776E-09    1.95579E+06    1.95579E+06    1.95579E+06
 2.29087E-09    1.91154E+06    1.91154E+06    1.91154E+06
 2.39883E-09    1.86824E+06    1.86824E+06    1.86824E+06
 2.51189E-09    1.82599E+06    1.82599E+06    1.82599E+06
 2.63027E-09    1.78464E+06    1.78464E+06    1.78464E+06
 2.75423E-09    1.74428E+06    1.74428E+06    1.74428E+06
 2.88403E-09    1.70481E+06    1.70481E+06    1.70481E+06
 3.01995E-09    1.66625E+06    1.66625E+06    1.66625E+06
 3.16228E-09    1.62856E+06    1.62856E+06    1.62856E+06
 3.31131E-09    1.59172E+06    1.59172E+06    1.59172E+06
 3.46737E-09    1.55574E+06    1.55574E+06    1.55574E+06
 3.63078E-09    1.52055E+06    1.52055E+06    1.52055E+06
 3.80189E-09    1.48620E+06    1.48620E+06    1.48620E+06
 3.98107E-09    1.45258E+06    1.45258E+06    1.45258E+06
 4.16869E-09    1.41977E+06    1.41977E+06    1.41977E+06
 4.36516E-09    1.38767E+06    1.38767E+06    1.38767E+06
 4.57088E-09    1.35634E+06    1.35634E+06    1.35634E+06
 4.78630E-09    1.32569E+06    1.32569E+06    1.32569E+06
 5.01187E-09    1.29575E+06    1.29575E+06    1.29575E+06
 5.24807E-09    1.26649E+06    1.26649E+06    1.26649E+06
 5.49541E-09    1.23789E+06    1.23789E+06    1.23789E+06
 5.75440E-09    1.20996E+06    1.20996E+06    1.20996E+06
 6.02560E-09    1.18263E+06    1.18263E+06    1.18263E+06
 6.30957E-09    1.15596E+06    1.15596E+06    1.15596E+06
 6.60693E-09    1.12986E+06    1.12986E+06    1.12986E+06
 6.91831E-09    1.10438E+06    1.10438E+06    1.10438E+06
 7.24436E-09    1.07946E+06    1.07946E+06    1.07946E+06
 7.58578E-09    1.05512E+06    1.05512E+06    1.05512E+06
 7.94328E-09    1.03132E+06    1.03132E+06    1.03132E+06
 8.31764E-09    1.00807E+06    1.00807E+06    1.00807E+06
 8.70964E-09    9.85348E+05    9.85348E+05    9.85348E+05
 9.12011E-09    9.63128E+05    9.63128E+05    9.63128E+05
 9.54993E-09    9.41437E+05    9.41437E+05    9.41437E+05
 1.00000E-08    9.20211E+05    9.20211E+05    9.20211E+05
 1.04713E-08    8.99498E+05    8.99498E+05    8.99498E+05
 1.09648E-08    8.79228E+05    8.79228E+05    8.79228E+05
 1.14815E-08    8.59443E+05    8.59443E+05    8.59443E+05
 1.20226E-08    8.40088E+05    8.40088E+05    8.40088E+05
 1.25893E-08    8.21184E+05    8.21184E+05    8.21184E+05
 1.31826E-08    8.02704E+05    8.02704E+05    8.02704E+05
 1.38038E-08    7.84638E+05    7.84638E+05    7.84638E+05
 1.44544E-08    7.66992E+05    7.66992E+05    7.66992E+05
 1.51356E-08    7.49728E+05    7.49728E+05    7.49728E+05
 1.58489E-08    7.32876E+05    7.32876E+05    7.32876E+05
 1.65959E-08    7.16383E+05    7.16383E+05    7.16383E+05
 1.73780E-08    7.00286E+05    7.00286E+05    7.00286E+05
 1.81970E-08    6.84534E+05    6.84534E+05    6.84534E+05
 1.90546E-08    6.69156E+05    6.69156E+05    6.69156E+05
 1.99526E-08    6.54115E+05    6.54115E+05    6.54115E+05
 2.08930E-08    6.39420E+05    6.39420E+05    6.39420E+05
 2.18776E-08    6.25059E+05    6.25059E+05    6.25059E+05
 2.29087E-08    6.11016E+05    6.11016E+05    6.11016E+05
 2.39883E-08    5.97303E+05    5.97303E+05    5.97303E+05
 2.51189E-08    5.83883E+05    5.83883E+05    5.83883E+05
 2.63027E-08    5.70786E+05    5.70786E+05    5.70786E+05
 2.75423E-08    5.57968E+05    5.57968E+05    5.57968E+05
 2.88403E-08    5.45455E+05    5.45455E+05    5.45455E+05
 3.01995E-08    5.33214E+05    5.33214E+05    5.33214E+05
 3.16228E-08    5.21257E+05    5.21257E+05    5.21257E+05
 3.31131E-08    5.09566E+05    5.09566E+05    5.09566E+05
 3.46737E-08    4.98133E+05    4.98133E+05    4.98133E+05
 3.63078E-08    4.86965E+05    4.86965E+05    4.86965E+05
 3.80189E-08    4.76036E+05    4.76036E+05    4.76036E+05
 3.98107E-08    4.65366E+05    4.65366E+05    4.65366E+05
 4.16869E-08    4.54923E+05    4.54923E+05    4.54923E+05
 4.36516E-08    4.44728E+05    4.44728E+05    4.44728E+05
 4.57088E-08    4.34750E+05    4.34750E+05    4.34750E+05
 4.78630E-08    4.25007E+05    4.25007E+05    4.25007E+05
 5.01187E-08    4.15475E+05    4.15475E+05    4.15475E+05
 5.24807E-08    4.06161E+05    4.06161E+05    4.06161E+05
 5.49541E-08    3.97057E+05    3.97057E+05    3.97057E+05
 5.75440E-08    3.88152E+05    3.88152E+05    3.88152E+05
 6.02560E-08    3.79457E+05    3.79457E+05    3.79457E+05
 6.30957E-08    3.70949E+05    3.70949E+05    3.70949E+05
 6.60693E-08    3.62645E+05    3.62645E+05    3.62645E+05
 6.91831E-08    3.54516E+05    3.54516E+05    3.54516E+05
 7.24436E-08    3.46580E+05    3.46580E+05    3.46580E+05
 7.58578E-08    3.38815E+05    3.38815E+05    3.38815E+05
 7.94328E-08    3.31237E+05    3.31237E+05    3.31237E+05
 8.31764E-08    3.23834E+05    3.23834E+05    3.23834E+05
 8.70964E-08    3.16608E+05    3.16608E+05    3.16608E+05
 9.12011E-08    3.09566E+05    3.09566E+05    3.09566E+05
 9.54993E-08    3.02702E+05    3.02702E+05    3.02702E+05
 1.00000E-07    2.96036E+05    2.96036E+05    2.96036E+05
 1.04713E-07    2.89565E+05    2.89565E+05    2.89565E+05
 1.09648E-07    2.83324E+05    2.83324E+05    2.83324E+05
 1.14815E-07    2.77325E+05    2.77325E+05    2.77325E+05
 1.20226E-07    2.71613E+05    2.71613E+05    2.71613E+05
 1.25893E-07    2.66239E+05    2.66239E+05    2.66239E+05
 1.31826E-07    2.61261E+05    2.61261E+05    2.61261E+05
 1.38038E-07    2.56730E+05    2.56730E+05    2.56730E+05
 1.44544E-07    2.52695E+05    2.52695E+05    2.52695E+05
 1.51356E-07    2.49133E+05    2.49133E+05    2.49133E+05
 1.58489E-07    2.45943E+05    2.45943E+05    2.45943E+05
 1.65959E-07    2.42903E+05    2.42903E+05    2.42903E+05
 1.73780E-07    2.39808E+05    2.39808E+05    2.39808E+05
 1.81970E-07    2.36482E+05    2.36482E+05    2.36482E+05
 1.90546E-07    2.32873E+05    2.32873E+05    2.32873E+05
 1.99526E-07    2.29034E+05    2.29034E+05    2.29034E+05
 2.08930E-07    2.25046E+05    2.25046E+05    2.25046E+05
 2.18776E-07    2.20919E+05    2.20919E+05    2.20919E+05
 2.29087E-07    2.16380E+05    2.16380E+05    2.16380E+05
 2.39883E-07    2.11364E+05    2.11364E+05    2.11364E+05
 2.51189E-07    2.06257E+05    2.06257E+05    2.06257E+05
 2.63027E-07    2.01470E+05    2.01470E+05    2.01470E+05
 2.75423E-07    1.97058E+05    1.97058E+05    1.97058E+05
 2.88403E-07    1.92946E+05    1.92946E+05    1.92946E+05
 3.01995E-07    1.89079E+05    1.89079E+05    1.89079E+05
 3.16228E-07    1.85425E+05    1.85425E+05    1.85425E+05
 3.31131E-07    1.81954E+05    1.81954E+05    1.81954E+05
 3.46737E-07    1.78667E+05    1.78667E+05    1.78667E+05
 3.63078E-07    1.75546E+05    1.75546E+05    1.75546E+05
 3.80189E-07    1.72591E+05    1.72591E+05    1.72591E+05
 3.98107E-07    1.69780E+05    1.69780E+05    1.69780E+05
 4.16869E-07    1.67111E+05    1.67111E+05    1.67111E+05
 4.36516E-07    1.64553E+05    1.64553E+05    1.64553E+05
 4.57088E-07    1.62082E+05    1.62082E+05    1.62082E+05
 4.78630E-07    1.59661E+05    1.59661E+05    1.59661E+05
 5.01187E-07    1.57236E+05    1.57236E+05    1.57236E+05
 5.24807E-07    1.54747E+05    1.54747E+05    1.54747E+05
 5.49541E-07    1.52174E+05    1.52174E+05    1.52174E+05
 5.75440E-07    1.49512E+05    1.49512E+05    1.49512E+05
 6.02560E-07    1.46870E+05    1.46870E+05    1.46870E+05
 6.30957E-07    1.44440E+05    1.44440E+05    1.44440E+05
 6.60693E-07    1.42466E+05    1.42466E+05    1.42466E+05
 6.91831E-07    1.41174E+05    1.41174E+05    1.41174E+05
 7.24436E-07    1.40710E+05    1.40710E+05    1.40710E+05
 7.58578E-07    1.41149E+05    1.41149E+05    1.41149E+05
 7.94328E-07    1.42526E+05    1.42526E+05    1.42526E+05
 8.31764E-07    1.44889E+05    1.44889E+05    1.44889E+05
 8.70964E-07    1.48333E+05    1.48333E+05    1.48333E+05
 9.12011E-07    1.53024E+05    1.53024E+05    1.53024E+05
 9.54993E-07    1.59225E+05    1.59225E+05    1.59225E+05
 1.00000E-06    1.67320E+05    1.67320E+05    1.67320E+05
 1.04713E-06    1.77866E+05    1.77866E+05    1.77866E+05
 1.09648E-06    1.91618E+05    1.91618E+05    1.91618E+05
 1.14815E-06    2.09648E+05    2.09648E+05    2.09648E+05
 1.20226E-06    2.33378E+05    2.33378E+05    2.33378E+05
 1.25893E-06    2.64456E+05    2.64456E+05    2.64456E+05
 1.31826E-06    3.04404E+05    3.04404E+05    3.04404E+05
 1.38038E-06    3.53341E+05    3.53341E+05    3.53341E+05
 1.44544E-06    4.09057E+05    4.09057E+05    4.09057E+05
 1.51356E-06    4.74914E+05    4.74914E+05    4.74914E+05
 1.58489E-06    5.90994E+05    5.90994E+05    5.90994E+05
 1.65959E-06    8.39572E+05    8.39572E+05    8.39572E+05
 1.73780E-06    1.02984E+06    1.02984E+06    1.02984E+06
 1.81970E-06    7.89035E+05    7.89035E+05    7.89035E+05
 1.90546E-06    4.94266E+05    4.94266E+05    4.94266E+05
 1.99526E-06    3.53465E+05    3.53465E+05    3.53465E+05
 2.08930E-06    3.48135E+05    3.48135E+05    3.48135E+05
 2.18776E-06    7.28720E+05    7.28720E+05    7.28720E+05
 2.29087E-06    6.98711E+05    6.98711E+05    6.98711E+05
 2.39883E-06    1.46386E+05    1.46386E+05    1.46386E+05
 2.51189E-06    8.34173E+04    8.34173E+04    8.34173E+04
 2.63027E-06    7.12808E+04    7.12808E+04    7.12808E+04
 2.75423E-06    6.92268E+04    6.92268E+04    6.92268E+04
 2.88403E-06    7.25527E+04    7.25527E+04    7.25527E+04
 3.01995E-06    8.15616E+04    8.15616E+04    8.15616E+04
 3.16228E-06    9.88339E+04    9.88339E+04    9.88339E+04
 3.31131E-06    1.27540E+05    1.27540E+05    1.27540E+05
 3.46737E-06    2.03797E+05    2.03797E+05    2.03797E+05
 3.63078E-06    1.95081E+05    1.95081E+05    1.95081E+05
 3.80189E-06    8.67632E+04    8.67632E+04    8.67632E+04
 3.98107E-06    7.24619E+04    7.24619E+04    7.24619E+04
 4.16869E-06    8.16521E+04    8.16521E+04    8.16521E+04
 4.36516E-06    1.05157E+05    1.05157E+05    1.05157E+05
 4.57088E-06    1.27667E+05    1.27667E+05    1.27667E+05
 4.78630E-06    1.23214E+05    1.23214E+05    1.23214E+05
 5.01187E-06    9.81278E+04    9.81278E+04    9.81278E+04
 5.24807E-06    7.81636E+04    7.81636E+04    7.81636E+04
 5.49541E-06    8.58893E+04    8.58893E+04    8.58893E+04
 5.75440E-06    1.36275E+05    1.36275E+05    1.36275E+05
 6.02560E-06    1.20857E+05    1.20857E+05    1.20857E+05
 6.30957E-06    1.67294E+05    1.67294E+05    1.67294E+05
 6.60693E-06    6.36580E+05    6.36580E+05    6.36580E+05
 6.91831E-06    1.82929E+05    1.82929E+05    1.82929E+05
 7.24436E-06    6.62460E+04    6.62460E+04    6.62460E+04
 7.58578E-06    4.62024E+04    4.62024E+04    4.62024E+04
 7.94328E-06    4.00783E+04    4.00783E+04    4.00783E+04
 8.31764E-06    4.79100E+04    4.79100E+04    4.79100E+04
 8.70964E-06    5.22516E+04    5.22516E+04    5.22516E+04
 9.12011E-06    8.90468E+04    8.90468E+04    8.90468E+04
 9.54993E-06    9.07881E+04    9.07881E+04    9.07881E+04
 1.00000E-05    3.98053E+05    3.98053E+05    3.98053E+05
 1.04713E-05    2.33338E+05    2.33338E+05    2.33338E+05
 1.09648E-05    1.03020E+05    1.03020E+05    1.03020E+05
 1.14815E-05    7.33912E+04    7.33912E+04    7.33912E+04
 1.20226E-05    1.05050E+05    1.05050E+05    1.05050E+05
 1.25893E-05    2.99670E+05    2.99670E+05    2.99670E+05
 1.31826E-05    1.08273E+05    1.08273E+05    1.08273E+05
 1.38038E-05    5.73598E+04    5.73598E+04    5.73598E+04
 1.44544E-05    3.18506E+04    3.18506E+04    3.18506E+04
 1.51356E-05    1.88392E+05    1.88392E+05    1.88392E+05
 1.58489E-05    1.80908E+05    1.80908E+05    1.80908E+05
 1.65959E-05    8.15525E+04    8.15525E+04    8.15525E+04
 1.73780E-05    6.68790E+04    6.68790E+04    6.68790E+04
 1.81970E-05    1.73431E+05    1.73431E+05    1.73431E+05
 1.90546E-05    1.13049E+05    1.13049E+05    1.13049E+05
 1.99526E-05    1.04793E+05    1.04793E+05    1.04793E+05
 2.08930E-05    1.24041E+05    1.24041E+05    1.24041E+05
 2.18776E-05    3.42623E+05    3.42623E+05    3.42623E+05
 2.29087E-05    1.06967E+05    1.06967E+05    1.06967E+05
 2.39883E-05    6.83684E+04    6.83684E+04    6.83684E+04
 2.51189E-05    9.63094E+04    9.63094E+04    9.63094E+04
 2.63027E-05    6.56946E+04    6.56946E+04    6.56946E+04
 2.75423E-05    6.82688E+04    6.82688E+04    6.82688E+04
 2.88403E-05    9.25358E+04    9.25358E+04    9.25358E+04
 3.01995E-05    7.35737E+04    7.35737E+04    7.35737E+04
 3.16228E-05    8.87907E+04    8.87907E+04    8.87907E+04
 3.31131E-05    9.42960E+04    9.42960E+04    9.42960E+04
 3.46737E-05    6.86191E+04    6.86191E+04    6.86191E+04
 3.63078E-05    6.83484E+04    6.83484E+04    6.83484E+04
 3.80189E-05    4.01888E+04    4.01888E+04    4.01888E+04
 3.98107E-05    5.41254E+04    5.41254E+04    5.41254E+04
 4.16869E-05    4.53745E+04    4.53745E+04    4.53745E+04
 4.36516E-05    2.63914E+04    2.63914E+04    2.63914E+04
 4.57088E-05    4.17208E+04    4.17208E+04    4.17208E+04
 4.78630E-05    6.57584E+04    6.57584E+04    6.57584E+04
 5.01187E-05    2.80903E+04    2.80903E+04    2.80903E+04
 5.24807E-05    6.59882E+04    6.59882E+04    6.59882E+04
 5.49541E-05    9.51846E+04    9.51846E+04    9.51846E+04
 5.75440E-05    5.97426E+04    5.97426E+04    5.97426E+04
 6.02560E-05    5.95203E+04    5.95203E+04    5.95203E+04
 6.30957E-05    5.31739E+04    5.31739E+04    5.31739E+04
 6.60693E-05    3.47062E+04    3.47062E+04    3.47062E+04
 6.91831E-05    4.82254E+04    4.82254E+04    4.82254E+04
 7.24436E-05    9.60889E+04    9.60889E+04    9.60889E+04
 7.58578E-05    4.66155E+04    4.66155E+04    4.66155E+04
 7.94328E-05    6.36872E+04    6.36872E+04    6.36872E+04
 8.31764E-05    2.88329E+04    2.88329E+04    2.88329E+04
 8.70964E-05    7.22061E+04    7.22061E+04    7.22061E+04
 9.12011E-05    4.42007E+04    4.42007E+04    4.42007E+04
 9.54993E-05    7.61973E+04    7.61973E+04    7.61973E+04
 1.00000E-04    3.14671E+04    3.14671E+04    3.14671E+04
 1.04713E-04    7.11656E+04    7.11656E+04    7.11656E+04
 1.09648E-04    6.97648E+04    6.97648E+04    6.97648E+04
 1.14815E-04    5.53933E+04    5.53933E+04    5.53933E+04
 1.20226E-04    5.04770E+04    5.04770E+04    5.04770E+04
 1.25893E-04    2.63549E+04    2.63549E+04    2.63549E+04
 1.31826E-04    4.67132E+04    4.67132E+04    4.67132E+04
 1.38038E-04    3.33400E+04    3.33400E+04    3.33400E+04
 1.44544E-04    4.12035E+04    4.12035E+04    4.12035E+04
 1.51356E-04    3.39867E+04    3.39867E+04    3.39867E+04
 1.58489E-04    3.72935E+04    3.72935E+04    3.72935E+04
 1.65959E-04    4.01864E+04    4.01864E+04    4.01864E+04
 1.73780E-04    2.77305E+04    2.77305E+04    2.77305E+04
 1.81970E-04    3.21455E+04    3.21455E+04    3.21455E+04
 1.90546E-04    4.27741E+04    4.27741E+04    4.27741E+04
 1.99526E-04    4.26957E+04    4.26957E+04    4.26957E+04
 2.08930E-04    4.35114E+04    4.35114E+04    4.35114E+04
 2.18776E-04    4.02100E+04    4.02100E+04    4.02100E+04
 2.29087E-04    3.72036E+04    3.72036E+04    3.72036E+04
 2.39883E-04    3.56549E+04    3.56549E+04    3.56549E+04
 2.51189E-04    3.52555E+04    3.52555E+04    3.52555E+04
 2.63027E-04    2.73543E+04    2.73543E+04    2.73543E+04
 2.75423E-04    3.94222E+04    3.94222E+04    3.94222E+04
 2.88403E-04    4.63379E+04    4.63379E+04    4.63379E+04
 3.01995E-04    2.66074E+04    2.66074E+04    2.66074E+04
 3.16228E-04    3.63890E+04    3.63890E+04    3.63890E+04
 3.31131E-04    3.46689E+04    3.46689E+04    3.46689E+04
 3.46737E-04    2.23423E+04    2.23423E+04    2.23423E+04
 3.63078E-04    4.35388E+04    4.35388E+04    4.35388E+04
 3.80189E-04    3.45369E+04    3.45369E+04    3.45369E+04
 3.98107E-04    2.21714E+04    2.21714E+04    2.21714E+04
 4.16869E-04    2.30958E+04    2.30958E+04    2.30958E+04
 4.36516E-04    2.12277E+04    2.12277E+04    2.12277E+04
 4.57088E-04    2.62292E+04    2.62292E+04    2.62292E+04
 4.78630E-04    2.77142E+04    2.77142E+04    2.77142E+04
 5.01187E-04    2.84972E+04    2.84972E+04    2.84972E+04
 5.24807E-04    2.83044E+04    2.83044E+04    2.83044E+04
 5.49541E-04    2.60880E+04    2.60880E+04    2.60880E+04
 5.75440E-04    2.73501E+04    2.73501E+04    2.73501E+04
 6.02560E-04    3.15458E+04    2.98234E+04    3.32682E+04
 6.30957E-04    2.99741E+04    2.83375E+04    3.16107E+04
 6.60693E-04    2.84819E+04    2.69268E+04    3.00370E+04
 6.91831E-04    2.74171E+04    2.59201E+04    2.89140E+04
 7.24436E-04    2.72673E+04    2.57785E+04    2.87561E+04
 7.58578E-04    2.71608E+04    2.56779E+04    2.86438E+04
 7.94328E-04    2.70361E+04    2.55600E+04    2.85123E+04
 8.31764E-04    2.68798E+04    2.54122E+04    2.83475E+04
 8.70964E-04    2.66675E+04    2.52115E+04    2.81236E+04
 9.12011E-04    2.55162E+04    2.41230E+04    2.69094E+04
 9.54993E-04    2.40949E+04    2.27793E+04    2.54105E+04
 1.00000E-03    2.34796E+04    2.21976E+04    2.47616E+04
 1.04713E-03    2.36195E+04    2.23299E+04    2.49091E+04
 1.09648E-03    2.37613E+04    2.24639E+04    2.50587E+04
 1.14815E-03    2.39028E+04    2.25977E+04    2.52079E+04
 1.20226E-03    2.37199E+04    2.24248E+04    2.50150E+04
 1.25893E-03    2.32617E+04    2.19916E+04    2.45318E+04
 1.31826E-03    2.28134E+04    2.15678E+04    2.40590E+04
 1.38038E-03    2.23726E+04    2.11511E+04    2.35942E+04
 1.44544E-03    2.19458E+04    2.07476E+04    2.31441E+04
 1.51356E-03    2.16959E+04    2.05113E+04    2.28805E+04
 1.58489E-03    2.15326E+04    2.03570E+04    2.27083E+04
 1.65959E-03    2.13692E+04    2.02024E+04    2.25359E+04
 1.73780E-03    2.12073E+04    2.00493E+04    2.23652E+04
 1.81970E-03    2.10474E+04    1.98982E+04    2.21966E+04
 1.90546E-03    2.08884E+04    1.97479E+04    2.20289E+04
 1.99526E-03    2.08646E+04    1.97254E+04    2.20038E+04
 2.08930E-03    2.10090E+04    1.99964E+04    2.20217E+04
 2.18776E-03    2.09473E+04    1.99377E+04    2.19570E+04
 2.29087E-03    2.05613E+04    1.95703E+04    2.15524E+04
 2.39883E-03    2.01779E+04    1.92053E+04    2.11505E+04
 2.51189E-03    1.98021E+04    1.88476E+04    2.07565E+04
 2.63027E-03    1.94335E+04    1.84968E+04    2.03701E+04
 2.75423E-03    1.90711E+04    1.81519E+04    1.99904E+04
 2.88403E-03    1.87192E+04    1.78169E+04    1.96214E+04
 3.01995E-03    1.85687E+04    1.76736E+04    1.94637E+04
 3.16228E-03    1.85349E+04    1.76415E+04    1.94282E+04
 3.31131E-03    1.85019E+04    1.76101E+04    1.93937E+04
 3.46737E-03    1.84677E+04    1.75776E+04    1.93578E+04
 3.63078E-03    1.84345E+04    1.75460E+04    1.93231E+04
 3.80189E-03    1.84009E+04    1.75140E+04    1.92879E+04
 3.98107E-03    1.81890E+04    1.73123E+04    1.90657E+04
 4.16869E-03    1.77210E+04    1.68668E+04    1.85751E+04
 4.36516E-03    1.72632E+04    1.64311E+04    1.80953E+04
 4.57088E-03    1.68167E+04    1.60062E+04    1.76273E+04
 4.78630E-03    1.63834E+04    1.55937E+04    1.71731E+04
 5.01187E-03    1.63582E+04    1.56989E+04    1.70174E+04
 5.24807E-03    1.66686E+04    1.59968E+04    1.73403E+04
 5.49541E-03    1.69843E+04    1.62998E+04    1.76687E+04
 5.75440E-03    1.73044E+04    1.66070E+04    1.80018E+04
 6.02560E-03    1.73672E+04    1.66673E+04    1.80671E+04
 6.30957E-03    1.72447E+04    1.65498E+04    1.79397E+04
 6.60693E-03    1.71226E+04    1.64326E+04    1.78126E+04
 6.91831E-03    1.69396E+04    1.62570E+04    1.76223E+04
 7.24436E-03    1.66072E+04    1.59379E+04    1.72765E+04
 7.58578E-03    1.62750E+04    1.56192E+04    1.69309E+04
 7.94328E-03    1.60693E+04    1.54217E+04    1.67169E+04
 8.31764E-03    1.60805E+04    1.54935E+04    1.66674E+04
 8.70964E-03    1.60960E+04    1.55085E+04    1.66835E+04
 9.12011E-03    1.61033E+04    1.55156E+04    1.66911E+04
 9.54993E-03    1.61077E+04    1.55198E+04    1.66957E+04
 1.00000E-02    1.60491E+04    1.54922E+04    1.66061E+04
 1.04713E-02    1.59268E+04    1.53741E+04    1.64795E+04
 1.09648E-02    1.58059E+04    1.52575E+04    1.63544E+04
 1.14815E-02    1.56857E+04    1.51414E+04    1.62299E+04
 1.20226E-02    1.55617E+04    1.50217E+04    1.61017E+04
 1.25893E-02    1.54339E+04    1.48983E+04    1.59694E+04
 1.31826E-02    1.53074E+04    1.47762E+04    1.58386E+04
 1.38038E-02    1.51825E+04    1.46556E+04    1.57093E+04
 1.44544E-02    1.50601E+04    1.45375E+04    1.55826E+04
 1.51356E-02    1.50013E+04    1.44808E+04    1.55219E+04
 1.58489E-02    1.49740E+04    1.44544E+04    1.54936E+04
 1.65959E-02    1.49473E+04    1.44286E+04    1.54659E+04
 1.73780E-02    1.49196E+04    1.44019E+04    1.54373E+04
 1.81970E-02    1.48928E+04    1.43760E+04    1.54096E+04
 1.90546E-02    1.48655E+04    1.43497E+04    1.53814E+04
 1.99526E-02    1.48068E+04    1.42930E+04    1.53206E+04
 2.08930E-02    1.47102E+04    1.42836E+04    1.51368E+04
 2.18776E-02    1.46245E+04    1.42004E+04    1.50486E+04
 2.29087E-02    1.45551E+04    1.41330E+04    1.49772E+04
 2.39883E-02    1.44864E+04    1.40663E+04    1.49065E+04
 2.51189E-02    1.44177E+04    1.39996E+04    1.48358E+04
 2.63027E-02    1.43500E+04    1.39339E+04    1.47662E+04
 2.75423E-02    1.42820E+04    1.38678E+04    1.46961E+04
 2.88403E-02    1.42144E+04    1.38022E+04    1.46266E+04
 3.01995E-02    1.41381E+04    1.37761E+04    1.45000E+04
 3.16228E-02    1.40550E+04    1.36952E+04    1.44148E+04
 3.31131E-02    1.39681E+04    1.36105E+04    1.43257E+04
 3.46737E-02    1.38771E+04    1.35218E+04    1.42323E+04
 3.63078E-02    1.37825E+04    1.34297E+04    1.41354E+04
 3.80189E-02    1.36978E+04    1.33472E+04    1.40485E+04
 3.98107E-02    1.36145E+04    1.32660E+04    1.39630E+04
 4.16869E-02    1.35272E+04    1.32161E+04    1.38383E+04
 4.36516E-02    1.34358E+04    1.31268E+04    1.37448E+04
 4.57088E-02    1.33406E+04    1.30337E+04    1.36474E+04
 4.78630E-02    1.32567E+04    1.29518E+04    1.35617E+04
 5.01187E-02    1.31829E+04    1.28797E+04    1.34861E+04
 5.24807E-02    1.31309E+04    1.28289E+04    1.34329E+04
 5.49541E-02    1.30793E+04    1.27785E+04    1.33802E+04
 5.75440E-02    1.30253E+04    1.27258E+04    1.33249E+04
 6.02560E-02    1.29688E+04    1.27185E+04    1.32191E+04
 6.30957E-02    1.29128E+04    1.26636E+04    1.31621E+04
 6.60693E-02    1.28594E+04    1.26112E+04    1.31076E+04
 6.91831E-02    1.27907E+04    1.25439E+04    1.30376E+04
 7.24436E-02    1.26637E+04    1.24193E+04    1.29081E+04
 7.58578E-02    1.25245E+04    1.22827E+04    1.27662E+04
 7.94328E-02    1.24158E+04    1.21761E+04    1.26554E+04
 8.31764E-02    1.23685E+04    1.21620E+04    1.25751E+04
 8.70964E-02    1.23154E+04    1.21097E+04    1.25210E+04
 9.12011E-02    1.21733E+04    1.19700E+04    1.23766E+04
 9.54993E-02    1.19930E+04    1.17927E+04    1.21933E+04
 1.00000E-01    1.18756E+04    1.16987E+04    1.20526E+04
 1.04713E-01    1.18252E+04    1.16490E+04    1.20014E+04
 1.09648E-01    1.17725E+04    1.15971E+04    1.19479E+04
 1.14815E-01    1.17172E+04    1.15427E+04    1.18918E+04
 1.20226E-01    1.16400E+04    1.14666E+04    1.18135E+04
 1.25893E-01    1.15293E+04    1.13575E+04    1.17011E+04
 1.31826E-01    1.14130E+04    1.12429E+04    1.15830E+04
 1.38038E-01    1.12919E+04    1.11237E+04    1.14602E+04
 1.44544E-01    1.11827E+04    1.10161E+04    1.13493E+04
 1.51356E-01    1.10936E+04    1.09283E+04    1.12589E+04
 1.58489E-01    1.10272E+04    1.08629E+04    1.11915E+04
 1.65959E-01    1.09581E+04    1.07948E+04    1.11213E+04
 1.73780E-01    1.08856E+04    1.07234E+04    1.10478E+04
 1.81970E-01    1.08099E+04    1.06488E+04    1.09709E+04
 1.90546E-01    1.07328E+04    1.05728E+04    1.08927E+04
 1.99526E-01    1.06341E+04    1.04756E+04    1.07925E+04
 2.08930E-01    1.04908E+04    1.03565E+04    1.06251E+04
 2.18776E-01    1.03554E+04    1.02229E+04    1.04880E+04
 2.29087E-01    1.02566E+04    1.01253E+04    1.03879E+04
 2.39883E-01    1.01555E+04    1.00255E+04    1.02855E+04
 2.51189E-01    1.00498E+04    9.92112E+03    1.01784E+04
 2.63027E-01    9.94881E+03    9.82147E+03    1.00762E+04
 2.75423E-01    9.84963E+03    9.72355E+03    9.97571E+03
 2.88403E-01    9.74578E+03    9.62103E+03    9.87052E+03
 3.01995E-01    9.63643E+03    9.48899E+03    9.78387E+03
 3.16228E-01    9.51949E+03    9.37385E+03    9.66514E+03
 3.31131E-01    9.39679E+03    9.25302E+03    9.54056E+03
 3.46737E-01    9.27032E+03    9.12849E+03    9.41216E+03
 3.63078E-01    9.15188E+03    9.01185E+03    9.29190E+03
 3.80189E-01    9.03053E+03    8.89236E+03    9.16869E+03
 3.98107E-01    8.89617E+03    8.76006E+03    9.03229E+03
 4.16869E-01    8.73630E+03    8.57905E+03    8.89356E+03
 4.36516E-01    8.56932E+03    8.41507E+03    8.72357E+03
 4.57088E-01    8.41266E+03    8.26123E+03    8.56408E+03
 4.78630E-01    8.25423E+03    8.10566E+03    8.40281E+03
 5.01187E-01    8.11358E+03    7.96754E+03    8.25962E+03
 5.24807E-01    7.98730E+03    7.84353E+03    8.13108E+03
 5.49541E-01    7.85560E+03    7.71420E+03    7.99700E+03
 5.75440E-01    7.73154E+03    7.59237E+03    7.87071E+03
 6.02560E-01    7.62597E+03    7.45362E+03    7.79831E+03
 6.30957E-01    7.53860E+03    7.36822E+03    7.70897E+03
 6.60693E-01    7.44718E+03    7.27888E+03    7.61549E+03
 6.91831E-01    7.35384E+03    7.18764E+03    7.52004E+03
 7.24436E-01    7.26632E+03    7.10210E+03    7.43054E+03
 7.58578E-01    7.17583E+03    7.01366E+03    7.33800E+03
 7.94328E-01    7.07906E+03    6.91907E+03    7.23904E+03
 8.31764E-01    6.96723E+03    6.79375E+03    7.14072E+03
 8.70964E-01    6.85314E+03    6.68250E+03    7.02378E+03
 9.12011E-01    6.81135E+03    6.64175E+03    6.98095E+03
 9.54993E-01    6.79596E+03    6.62674E+03    6.96518E+03
 1.00000E+00    6.77792E+03    6.60644E+03    6.94940E+03
 1.04713E+00    6.74914E+03    6.57838E+03    6.91989E+03
 1.09648E+00    6.71760E+03    6.54764E+03    6.88755E+03
 1.14815E+00    6.68457E+03    6.51545E+03    6.85369E+03
 1.20226E+00    6.66198E+03    6.49942E+03    6.82453E+03
 1.25893E+00    6.65831E+03    6.49585E+03    6.82078E+03
 1.31826E+00    6.67847E+03    6.51552E+03    6.84143E+03
 1.38038E+00    6.70790E+03    6.54423E+03    6.87157E+03
 1.44544E+00    6.74891E+03    6.58424E+03    6.91358E+03
 1.51356E+00    6.79935E+03    6.65113E+03    6.94758E+03
 1.58489E+00    6.85217E+03    6.70279E+03    7.00155E+03
 1.65959E+00    6.90816E+03    6.75756E+03    7.05876E+03
 1.73780E+00    6.97624E+03    6.82415E+03    7.12832E+03
 1.81970E+00    7.05056E+03    6.89686E+03    7.20426E+03
 1.90546E+00    7.12838E+03    6.97298E+03    7.28378E+03
 1.99526E+00    7.20984E+03    7.05266E+03    7.36701E+03
 2.08930E+00    7.29437E+03    7.16891E+03    7.41984E+03
 2.18776E+00    7.38260E+03    7.25562E+03    7.50958E+03
 2.29087E+00    7.47498E+03    7.34641E+03    7.60354E+03
 2.39883E+00    7.56461E+03    7.43450E+03    7.69472E+03
 2.51189E+00    7.64620E+03    7.53304E+03    7.75936E+03
 2.63027E+00    7.73124E+03    7.61681E+03    7.84566E+03
 2.75423E+00    7.80600E+03    7.69047E+03    7.92152E+03
 2.88403E+00    7.87525E+03    7.75870E+03    7.99180E+03
 3.01995E+00    7.93758E+03    7.82487E+03    8.05030E+03
 3.16228E+00    7.98425E+03    7.87087E+03    8.09762E+03
 3.31131E+00    8.03273E+03    7.91867E+03    8.14679E+03
 3.46737E+00    8.06580E+03    7.95126E+03    8.18033E+03
 3.63078E+00    8.06292E+03    7.95004E+03    8.17580E+03
 3.80189E+00    8.05872E+03    7.94589E+03    8.17154E+03
 3.98107E+00    8.03075E+03    7.91832E+03    8.14318E+03
 4.16869E+00    7.96623E+03    7.85789E+03    8.07457E+03
 4.36516E+00    7.89786E+03    7.79045E+03    8.00528E+03
 4.57088E+00    7.80797E+03    7.70178E+03    7.91416E+03
 4.78630E+00    7.70442E+03    7.59964E+03    7.80920E+03
 5.01187E+00    7.59598E+03    7.50483E+03    7.68713E+03
 5.24807E+00    7.48243E+03    7.39264E+03    7.57222E+03
 5.49541E+00    7.35760E+03    7.26931E+03    7.44589E+03
 5.75440E+00    7.21566E+03    7.12907E+03    7.30224E+03
 6.02560E+00    7.06656E+03    6.98741E+03    7.14571E+03
 6.30957E+00    6.90972E+03    6.83233E+03    6.98711E+03
 6.60693E+00    6.74689E+03    6.67132E+03    6.82245E+03
 6.91831E+00    6.59596E+03    6.52209E+03    6.66984E+03
 7.24436E+00    6.46334E+03    6.38190E+03    6.54478E+03
 7.58578E+00    6.33325E+03    6.25345E+03    6.41305E+03
 7.94328E+00    6.21191E+03    6.13364E+03    6.29018E+03
 8.31764E+00    6.08896E+03    6.00554E+03    6.17238E+03
 8.70964E+00    5.98317E+03    5.90120E+03    6.06514E+03
 9.12011E+00    5.90222E+03    5.82195E+03    5.98249E+03
 9.54993E+00    5.83819E+03    5.75879E+03    5.91759E+03
 1.00000E+01    5.78767E+03    5.71243E+03    5.86291E+03
 1.04713E+01    5.74325E+03    5.66859E+03    5.81791E+03
 1.09648E+01    5.70778E+03    5.63358E+03    5.78198E+03
 1.14815E+01    5.68883E+03    5.61487E+03    5.76278E+03
 1.20226E+01    5.69182E+03    5.61897E+03    5.76468E+03
 1.25893E+01    5.71587E+03    5.64271E+03    5.78903E+03
 1.31826E+01    5.75653E+03    5.68285E+03    5.83022E+03
 1.38038E+01    5.80853E+03    5.73418E+03    5.88288E+03
 1.44544E+01    5.86664E+03    5.78744E+03    5.94583E+03
 1.51356E+01    5.92619E+03    5.84560E+03    6.00679E+03
 1.58489E+01    5.98496E+03    5.90357E+03    6.06636E+03
 1.65959E+01    6.04275E+03    5.96298E+03    6.12251E+03
 1.73780E+01    6.09992E+03    6.01940E+03    6.18044E+03
 1.81970E+01    6.15657E+03    6.08269E+03    6.23045E+03
 1.90546E+01    6.21291E+03    6.13835E+03    6.28746E+03
 1.99526E+01    3.21489E+02    3.17631E+02    3.25347E+02
