# n + Hf174 : (n,n'38)  
# endfb8.0   R.Q. Wright, T. Kawano            EVAL-OCT16
# uncertainties: n
# # energies =    53
#   E(MeV)       xs(mb) 
 1.80792E+00    0.00000E+00
 1.90000E+00    1.41910E-02
 2.00000E+00    5.42598E-02
 2.10000E+00    1.10563E-01
 2.20000E+00    1.63526E-01
 2.30000E+00    2.07089E-01
 2.40000E+00    2.40186E-01
 2.50000E+00    2.64134E-01
 2.60000E+00    2.80766E-01
 2.70000E+00    2.91705E-01
 2.80000E+00    2.98177E-01
 2.90000E+00    3.01040E-01
 3.00000E+00    3.00866E-01
 3.10000E+00    2.98013E-01
 3.20000E+00    2.92720E-01
 3.30000E+00    2.85159E-01
 3.40000E+00    2.75502E-01
 3.50000E+00    2.63949E-01
 3.60000E+00    2.50753E-01
 3.80000E+00    2.20687E-01
 4.00000E+00    1.88097E-01
 4.50000E+00    1.12043E-01
 5.00000E+00    5.92164E-02
 5.50000E+00    2.94296E-02
 6.00000E+00    1.44730E-02
 6.50000E+00    7.42423E-03
 7.00000E+00    4.26521E-03
 7.50000E+00    2.85843E-03
 8.00000E+00    2.20935E-03
 8.50000E+00    1.88344E-03
 9.00000E+00    1.69347E-03
 9.50000E+00    1.56453E-03
 1.00000E+01    1.46544E-03
 1.05000E+01    1.38478E-03
 1.10000E+01    1.31745E-03
 1.15000E+01    1.26061E-03
 1.20000E+01    1.21152E-03
 1.25000E+01    1.16499E-03
 1.30000E+01    1.12611E-03
 1.35000E+01    1.08625E-03
 1.40000E+01    1.05129E-03
 1.45000E+01    1.01544E-03
 1.50000E+01    9.78993E-04
 1.55000E+01    9.44125E-04
 1.60000E+01    9.09485E-04
 1.65000E+01    8.76737E-04
 1.70000E+01    8.44706E-04
 1.75000E+01    8.14448E-04
 1.80000E+01    1.28869E-03
 1.85000E+01    1.24540E-03
 1.90000E+01    8.60180E-04
 1.95000E+01    8.33042E-04
 2.00000E+01    8.07605E-04
