# n + Hf174 : (n,n'34)  
# endfb8.0   R.Q. Wright, T. Kawano            EVAL-OCT16
# uncertainties: n
# # energies =    54
#   E(MeV)       xs(mb) 
 1.73242E+00    0.00000E+00
 1.80000E+00    7.92022E-01
 1.90000E+00    2.32648E+00
 2.00000E+00    4.13443E+00
 2.10000E+00    5.60865E+00
 2.20000E+00    6.30359E+00
 2.30000E+00    6.43856E+00
 2.40000E+00    6.21354E+00
 2.50000E+00    5.79707E+00
 2.60000E+00    5.30217E+00
 2.70000E+00    4.79475E+00
 2.80000E+00    4.30864E+00
 2.90000E+00    3.85844E+00
 3.00000E+00    3.44843E+00
 3.10000E+00    3.07736E+00
 3.20000E+00    2.74195E+00
 3.30000E+00    2.43842E+00
 3.40000E+00    2.16325E+00
 3.50000E+00    1.91358E+00
 3.60000E+00    1.68713E+00
 3.80000E+00    1.29712E+00
 4.00000E+00    9.82174E-01
 4.50000E+00    4.60568E-01
 5.00000E+00    2.01623E-01
 5.50000E+00    8.47758E-02
 6.00000E+00    3.52666E-02
 6.50000E+00    1.50950E-02
 7.00000E+00    7.13142E-03
 7.50000E+00    3.95329E-03
 8.00000E+00    2.63546E-03
 8.50000E+00    2.05125E-03
 9.00000E+00    1.75959E-03
 9.50000E+00    1.59013E-03
 1.00000E+01    1.47493E-03
 1.05000E+01    1.38804E-03
 1.10000E+01    1.31852E-03
 1.15000E+01    1.26105E-03
 1.20000E+01    1.21185E-03
 1.25000E+01    1.16530E-03
 1.30000E+01    1.12634E-03
 1.35000E+01    1.08633E-03
 1.40000E+01    1.05118E-03
 1.45000E+01    1.01514E-03
 1.50000E+01    9.78536E-04
 1.55000E+01    9.43556E-04
 1.60000E+01    9.08860E-04
 1.65000E+01    8.76106E-04
 1.70000E+01    8.44115E-04
 1.75000E+01    8.13928E-04
 1.80000E+01    1.28798E-03
 1.85000E+01    1.24485E-03
 1.90000E+01    8.59890E-04
 1.95000E+01    8.32845E-04
 2.00000E+01    8.07484E-04
