# n + Cm243 : (n,tot)   
# endfb8.0   O.Iwamoto,T.Nakagawa,T.Ohsawa,+   EVAL-JAN10
# uncertainties: y
# # energies =   171
#   E(MeV)       xs(mb)       xslow(mb)      xsupp(mb)
 1.00000E-11    7.84470E+06    7.84470E+06    7.84470E+06
 1.00000E-07    2.92320E+05    2.92320E+05    2.92320E+05
 4.13990E-07    2.86342E+05    2.86342E+05    2.86342E+05
 5.31580E-07    3.30489E+05    3.30489E+05    3.30489E+05
 6.82560E-07    3.18744E+05    3.18744E+05    3.18744E+05
 8.76420E-07    3.11837E+05    3.11837E+05    3.11837E+05
 1.12540E-06    3.45463E+05    3.45463E+05    3.45463E+05
 1.44500E-06    4.26822E+05    4.26822E+05    4.26822E+05
 1.85540E-06    1.19725E+06    1.19725E+06    1.19725E+06
 2.37240E-06    9.75765E+05    9.75765E+05    9.75765E+05
 3.05900E-06    7.27234E+05    7.27234E+05    7.27234E+05
 3.92790E-06    1.33288E+05    1.33288E+05    1.33288E+05
 5.04350E-06    3.68774E+05    3.68774E+05    3.68774E+05
 6.47600E-06    4.51304E+05    4.51304E+05    4.51304E+05
 8.31530E-06    2.80537E+05    2.80537E+05    2.80537E+05
 1.06770E-05    1.66386E+05    1.66386E+05    1.66386E+05
 1.37100E-05    1.51055E+05    1.51055E+05    1.51055E+05
 1.76030E-05    1.04912E+05    1.04912E+05    1.04912E+05
 2.26030E-05    1.25714E+05    1.25714E+05    1.25714E+05
 2.92030E-05    8.21725E+04    8.21725E+04    8.21725E+04
 3.72670E-05    4.82067E+04    4.82067E+04    4.82067E+04
 4.78510E-05    5.28808E+04    5.28808E+04    5.28808E+04
 6.14420E-05    9.72758E+04    9.72758E+04    9.72758E+04
 7.88930E-05    6.89330E+04    6.89330E+04    6.89330E+04
 1.01300E-04    5.41157E+04    2.86809E+04    7.95504E+04
 1.30070E-04    4.23848E+04    2.24637E+04    6.23060E+04
 1.67020E-04    3.82533E+04    2.02740E+04    5.62327E+04
 2.14450E-04    4.00188E+04    2.12097E+04    5.88279E+04
 2.75360E-04    3.31845E+04    1.75876E+04    4.87815E+04
 3.53580E-04    3.08289E+04    1.63391E+04    4.53188E+04
 4.54000E-04    2.96912E+04    1.57361E+04    4.36463E+04
 5.82950E-04    2.96754E+04    1.57278E+04    4.36231E+04
 7.48520E-04    2.73987E+04    1.45211E+04    4.02763E+04
 9.61120E-04    2.56597E+04    1.35995E+04    3.77200E+04
 1.23410E-03    2.42231E+04    1.28381E+04    3.56081E+04
 1.58460E-03    2.30259E+04    1.22035E+04    3.38482E+04
 2.03470E-03    2.21230E+04    1.38487E+04    3.03974E+04
 2.24870E-03    2.14888E+04    1.34517E+04    2.95260E+04
 2.48520E-03    2.10254E+04    1.31616E+04    2.88892E+04
 2.61260E-03    2.07215E+04    1.29714E+04    2.84716E+04
 2.74650E-03    2.02755E+04    1.26922E+04    2.78588E+04
 3.03540E-03    1.97105E+04    1.23385E+04    2.70825E+04
 3.35460E-03    1.91721E+04    1.20015E+04    2.63427E+04
 3.70740E-03    1.85550E+04    1.16152E+04    2.54948E+04
 4.30740E-03    1.78669E+04    1.11844E+04    2.45493E+04
 5.53080E-03    1.69726E+04    1.27631E+04    2.11822E+04
 7.10170E-03    1.66299E+04    1.25054E+04    2.07545E+04
 9.11880E-03    1.58852E+04    1.27873E+04    1.89832E+04
 1.17090E-02    1.53194E+04    1.27609E+04    1.78779E+04
 1.50340E-02    1.48528E+04    1.23722E+04    1.73334E+04
 1.93050E-02    1.44820E+04    1.20633E+04    1.69007E+04
 2.18750E-02    1.42714E+04    1.27014E+04    1.58414E+04
 2.35790E-02    1.41788E+04    1.26190E+04    1.57385E+04
 2.41760E-02    1.41317E+04    1.25771E+04    1.56863E+04
 2.47880E-02    1.40626E+04    1.25156E+04    1.56096E+04
 2.60580E-02    1.39839E+04    1.24456E+04    1.55222E+04
 2.70000E-02    1.39024E+04    1.23730E+04    1.54318E+04
 2.85000E-02    1.37578E+04    1.22443E+04    1.52712E+04
 3.18280E-02    1.36120E+04    1.23568E+04    1.48673E+04
 3.43070E-02    1.34226E+04    1.21848E+04    1.46605E+04
 4.08680E-02    1.31821E+04    1.20441E+04    1.43202E+04
 4.63090E-02    1.29520E+04    1.18338E+04    1.40702E+04
 5.24750E-02    1.27820E+04    1.16785E+04    1.38855E+04
 5.65620E-02    1.25796E+04    1.14935E+04    1.36656E+04
 6.73790E-02    1.23886E+04    1.13515E+04    1.34258E+04
 7.20000E-02    1.22589E+04    1.12326E+04    1.32852E+04
 7.95000E-02    1.21448E+04    1.11280E+04    1.31615E+04
 8.25000E-02    1.20751E+04    1.10713E+04    1.30789E+04
 8.65170E-02    1.19300E+04    1.09382E+04    1.29217E+04
 9.80370E-02    1.17154E+04    1.07415E+04    1.26893E+04
 1.11090E-01    1.15885E+04    1.06400E+04    1.25370E+04
 1.16790E-01    1.15129E+04    1.05706E+04    1.24552E+04
 1.22770E-01    1.14334E+04    1.04976E+04    1.23692E+04
 1.29070E-01    1.13502E+04    1.04212E+04    1.22792E+04
 1.35690E-01    1.12631E+04    1.03412E+04    1.21849E+04
 1.42640E-01    1.11715E+04    1.02571E+04    1.20858E+04
 1.49960E-01    1.10751E+04    1.01687E+04    1.19816E+04
 1.57640E-01    1.09739E+04    1.00757E+04    1.18721E+04
 1.65730E-01    1.08674E+04    9.97794E+03    1.17569E+04
 1.74220E-01    1.07555E+04    9.87518E+03    1.16358E+04
 1.83160E-01    1.06378E+04    9.76711E+03    1.15085E+04
 1.92550E-01    1.05143E+04    9.65376E+03    1.13749E+04
 2.02420E-01    1.04096E+04    9.83790E+03    1.09813E+04
 2.12800E-01    1.03170E+04    9.75035E+03    1.08836E+04
 2.23710E-01    1.02196E+04    9.65832E+03    1.07809E+04
 2.35180E-01    1.01178E+04    9.56217E+03    1.06735E+04
 2.47240E-01    9.95916E+03    9.41220E+03    1.05061E+04
 2.73240E-01    9.79025E+03    9.25257E+03    1.03279E+04
 2.87250E-01    9.71018E+03    9.17689E+03    1.02435E+04
 2.94520E-01    9.67640E+03    9.14496E+03    1.02078E+04
 2.97200E-01    9.66291E+03    9.13222E+03    1.01936E+04
 2.98500E-01    9.64678E+03    9.11697E+03    1.01766E+04
 3.01970E-01    9.53634E+03    9.11082E+03    9.96187E+03
 3.33730E-01    9.35212E+03    8.93481E+03    9.76942E+03
 3.68830E-01    9.20614E+03    8.79535E+03    9.61693E+03
 3.87740E-01    9.10696E+03    8.70059E+03    9.51332E+03
 4.07620E-01    8.94089E+03    8.39715E+03    9.48462E+03
 4.50490E-01    8.69930E+03    8.17026E+03    9.22834E+03
 4.97870E-01    8.53268E+03    8.01377E+03    9.05159E+03
 5.23400E-01    8.44471E+03    7.93115E+03    8.95827E+03
 5.50230E-01    8.35452E+03    7.84644E+03    8.86259E+03
 5.78440E-01    8.25969E+03    7.75738E+03    8.76200E+03
 6.08100E-01    8.16000E+03    7.40019E+03    8.91981E+03
 6.39280E-01    8.05519E+03    7.30514E+03    8.80524E+03
 6.72060E-01    7.94601E+03    7.20612E+03    8.68589E+03
 7.06510E-01    7.86895E+03    7.13624E+03    8.60166E+03
 7.42740E-01    7.80750E+03    7.08051E+03    8.53448E+03
 7.80820E-01    7.74290E+03    7.02193E+03    8.46387E+03
 8.20850E-01    7.67499E+03    6.94659E+03    8.40339E+03
 8.62940E-01    7.60360E+03    6.88198E+03    8.32522E+03
 9.07180E-01    7.52209E+03    6.80820E+03    8.23598E+03
 9.61640E-01    7.44308E+03    6.73669E+03    8.14946E+03
 1.00260E+00    7.39976E+03    6.74919E+03    8.05032E+03
 1.10800E+00    7.37964E+03    6.73085E+03    8.02844E+03
 1.16480E+00    7.36530E+03    6.71776E+03    8.01283E+03
 1.22460E+00    7.35023E+03    6.75842E+03    7.94204E+03
 1.28730E+00    7.34818E+03    6.75654E+03    7.93982E+03
 1.35340E+00    7.37451E+03    6.78075E+03    7.96827E+03
 1.42270E+00    7.40303E+03    6.80697E+03    7.99909E+03
 1.49570E+00    7.43303E+03    6.83456E+03    8.03151E+03
 1.57240E+00    7.46570E+03    6.95856E+03    7.97283E+03
 1.65300E+00    7.51231E+03    7.00201E+03    8.02262E+03
 1.73770E+00    7.56469E+03    7.05083E+03    8.07855E+03
 1.82680E+00    7.61978E+03    7.10218E+03    8.13738E+03
 1.92050E+00    7.67771E+03    7.15617E+03    8.19924E+03
 2.01900E+00    7.73858E+03    7.34540E+03    8.13177E+03
 2.12250E+00    7.79669E+03    7.40056E+03    8.19283E+03
 2.23130E+00    7.84084E+03    7.44246E+03    8.23921E+03
 2.30690E+00    7.86820E+03    7.46844E+03    8.26797E+03
 2.34570E+00    7.88215E+03    7.48168E+03    8.28263E+03
 2.36530E+00    7.89000E+03    7.48912E+03    8.29087E+03
 2.38520E+00    7.90591E+03    7.50422E+03    8.30759E+03
 2.46600E+00    7.93868E+03    7.53533E+03    8.34203E+03
 2.59240E+00    7.97951E+03    7.62268E+03    8.33633E+03
 2.72530E+00    8.01097E+03    7.65273E+03    8.36920E+03
 2.86500E+00    8.03800E+03    7.67855E+03    8.39744E+03
 3.01190E+00    8.04160E+03    7.69411E+03    8.38909E+03
 3.16640E+00    8.02671E+03    7.67986E+03    8.37356E+03
 3.32870E+00    8.00284E+03    7.65702E+03    8.34865E+03
 3.67880E+00    7.96674E+03    7.64400E+03    8.28947E+03
 4.06570E+00    7.85290E+03    7.54886E+03    8.15694E+03
 4.49330E+00    7.72910E+03    7.42985E+03    8.02834E+03
 4.72370E+00    7.64089E+03    7.34506E+03    7.93672E+03
 4.96590E+00    7.54259E+03    7.25057E+03    7.83462E+03
 5.22050E+00    7.42403E+03    7.12396E+03    7.72411E+03
 5.48810E+00    7.29854E+03    7.00354E+03    7.59354E+03
 5.76950E+00    7.16660E+03    6.87693E+03    7.45627E+03
 6.06530E+00    7.03136E+03    6.63189E+03    7.43083E+03
 6.37630E+00    6.92300E+03    6.52969E+03    7.31632E+03
 6.59240E+00    6.85634E+03    6.46681E+03    7.24586E+03
 6.70320E+00    6.76442E+03    6.38012E+03    7.14873E+03
 7.04690E+00    6.63731E+03    6.14144E+03    7.13319E+03
 7.40820E+00    6.52068E+03    6.03352E+03    7.00784E+03
 7.78800E+00    6.39999E+03    5.92185E+03    6.87814E+03
 8.18730E+00    6.30022E+03    5.78728E+03    6.81316E+03
 8.60710E+00    6.20414E+03    5.69902E+03    6.70926E+03
 9.04840E+00    6.11927E+03    5.65528E+03    6.58326E+03
 9.51230E+00    6.04875E+03    5.59010E+03    6.50739E+03
 1.00000E+01    5.99282E+03    5.61218E+03    6.37346E+03
 1.05130E+01    5.95271E+03    5.57462E+03    6.33080E+03
 1.10520E+01    5.93097E+03    5.55426E+03    6.30768E+03
 1.16180E+01    5.92445E+03    5.54815E+03    6.30074E+03
 1.22140E+01    5.93880E+03    5.67318E+03    6.20443E+03
 1.28400E+01    5.96559E+03    5.69876E+03    6.23241E+03
 1.34990E+01    5.99650E+03    5.72830E+03    6.26471E+03
 1.38400E+01    6.01890E+03    5.74969E+03    6.28811E+03
 1.41910E+01    6.04541E+03    5.79810E+03    6.29273E+03
 1.45500E+01    6.07306E+03    5.82461E+03    6.32150E+03
 1.49180E+01    6.11616E+03    5.86595E+03    6.36637E+03
 1.56830E+01    6.17515E+03    5.92622E+03    6.42408E+03
 1.64870E+01    6.23126E+03    5.98821E+03    6.47431E+03
