# n + Sr 88 : (n,n')    
# tendl.2019 A.J. Koning and D. Rochman        EVAL-NOV19
# uncertainties: y
# # energies =   120
#   E(MeV)       xs(mb)       xslow(mb)      xsupp(mb)
 1.85715E+00    0.00000E+00    0.00000E+00    0.00000E+00
 2.00000E+00    5.46281E+02    4.23237E+02    6.69325E+02
 2.20000E+00    8.75249E+02    6.78109E+02    1.07239E+03
 2.40000E+00    9.80544E+02    7.59687E+02    1.20140E+03
 2.60000E+00    1.01612E+03    9.30608E+02    1.10163E+03
 2.76551E+00    1.00790E+03    9.23083E+02    1.09272E+03
 2.80000E+00    1.06116E+03    9.71862E+02    1.15047E+03
 3.00000E+00    1.15985E+03    1.06224E+03    1.25745E+03
 3.18817E+00    1.19335E+03    1.09293E+03    1.29378E+03
 3.20000E+00    1.19961E+03    1.09865E+03    1.30056E+03
 3.25544E+00    1.18651E+03    1.08666E+03    1.28636E+03
 3.40000E+00    1.31664E+03    1.20584E+03    1.42744E+03
 3.41686E+00    1.31453E+03    1.20391E+03    1.42515E+03
 3.52657E+00    1.35598E+03    1.24187E+03    1.47009E+03
 3.56336E+00    1.38603E+03    1.26939E+03    1.50267E+03
 3.60000E+00    1.43789E+03    1.31688E+03    1.55889E+03
 3.62592E+00    1.43789E+03    1.31688E+03    1.55889E+03
 3.67683E+00    1.44703E+03    1.32526E+03    1.56881E+03
 3.80000E+00    1.53731E+03    1.40794E+03    1.66669E+03
 3.99799E+00    1.56780E+03    1.43586E+03    1.69974E+03
 4.00000E+00    1.56861E+03    1.43660E+03    1.70061E+03
 4.03882E+00    1.54918E+03    1.41880E+03    1.67955E+03
 4.06576E+00    1.54166E+03    1.41192E+03    1.67139E+03
 4.08191E+00    1.53797E+03    1.40855E+03    1.66740E+03
 4.08542E+00    1.53838E+03    1.40892E+03    1.66785E+03
 4.20000E+00    1.59088E+03    1.45700E+03    1.72476E+03
 4.21828E+00    1.57980E+03    1.44685E+03    1.71275E+03
 4.24571E+00    1.56928E+03    1.43721E+03    1.70134E+03
 4.27257E+00    1.56015E+03    1.42885E+03    1.69144E+03
 4.27510E+00    1.55993E+03    1.42866E+03    1.69121E+03
 4.29673E+00    1.56212E+03    1.43066E+03    1.69358E+03
 4.31771E+00    1.56942E+03    1.43734E+03    1.70149E+03
 4.34899E+00    1.58751E+03    1.45391E+03    1.72111E+03
 4.40000E+00    1.62654E+03    1.48966E+03    1.76342E+03
 4.40497E+00    1.62476E+03    1.48802E+03    1.76149E+03
 4.41801E+00    1.62219E+03    1.48568E+03    1.75871E+03
 4.46461E+00    1.61316E+03    1.47740E+03    1.74891E+03
 4.49175E+00    1.61282E+03    1.47709E+03    1.74854E+03
 4.50310E+00    1.61478E+03    1.47888E+03    1.75067E+03
 4.53646E+00    1.62567E+03    1.48886E+03    1.76248E+03
 4.56582E+00    1.63635E+03    1.49864E+03    1.77406E+03
 4.56981E+00    1.63826E+03    1.50040E+03    1.77613E+03
 4.57327E+00    1.64039E+03    1.50234E+03    1.77844E+03
 4.60000E+00    1.66015E+03    1.50293E+03    1.81737E+03
 4.80000E+00    1.68059E+03    1.52144E+03    1.83974E+03
 5.00000E+00    1.69312E+03    1.53279E+03    1.85346E+03
 5.20000E+00    1.70144E+03    1.54031E+03    1.86257E+03
 5.40000E+00    1.70587E+03    1.54433E+03    1.86742E+03
 5.60000E+00    1.70677E+03    1.54514E+03    1.86840E+03
 5.80000E+00    1.70523E+03    1.54375E+03    1.86672E+03
 6.00000E+00    1.70245E+03    1.54122E+03    1.86367E+03
 6.20000E+00    1.69938E+03    1.53845E+03    1.86031E+03
 6.40000E+00    1.69668E+03    1.53600E+03    1.85736E+03
 6.60000E+00    1.69469E+03    1.57511E+03    1.81428E+03
 6.80000E+00    1.69362E+03    1.57412E+03    1.81313E+03
 7.00000E+00    1.69346E+03    1.57396E+03    1.81295E+03
 7.20000E+00    1.69588E+03    1.57621E+03    1.81554E+03
 7.40000E+00    1.69965E+03    1.57972E+03    1.81958E+03
 7.60000E+00    1.70468E+03    1.58440E+03    1.82497E+03
 7.80000E+00    1.71100E+03    1.59027E+03    1.83173E+03
 8.00000E+00    1.71835E+03    1.59710E+03    1.83960E+03
 8.50000E+00    1.73686E+03    1.61430E+03    1.85942E+03
 9.00000E+00    1.74150E+03    1.57178E+03    1.91122E+03
 9.50000E+00    1.73492E+03    1.56584E+03    1.90399E+03
 1.00000E+01    1.72629E+03    1.55806E+03    1.89453E+03
 1.05000E+01    1.71655E+03    1.54927E+03    1.88384E+03
 1.10000E+01    1.70587E+03    1.53962E+03    1.87211E+03
 1.15000E+01    1.66349E+03    1.50137E+03    1.82560E+03
 1.20000E+01    1.48377E+03    1.33917E+03    1.62837E+03
 1.25000E+01    1.28009E+03    1.15534E+03    1.40484E+03
 1.30000E+01    1.08955E+03    8.74908E+02    1.30419E+03
 1.35000E+01    9.31931E+02    7.48340E+02    1.11552E+03
 1.40000E+01    7.90375E+02    6.34671E+02    9.46079E+02
 1.45000E+01    6.98758E+02    5.61102E+02    8.36413E+02
 1.50000E+01    6.09770E+02    4.89645E+02    7.29895E+02
 1.60000E+01    5.13893E+02    3.87379E+02    6.40407E+02
 1.70000E+01    4.56097E+02    3.43811E+02    5.68382E+02
 1.80000E+01    4.23058E+02    3.18906E+02    5.27209E+02
 1.90000E+01    4.04206E+02    3.04696E+02    5.03716E+02
 2.00000E+01    3.78746E+02    2.88753E+02    4.68738E+02
 2.10000E+01    3.58312E+02    2.73175E+02    4.43449E+02
 2.20000E+01    3.40209E+02    2.59373E+02    4.21045E+02
 2.30000E+01    3.27055E+02    2.49344E+02    4.04765E+02
 2.40000E+01    3.11940E+02    2.40708E+02    3.83172E+02
 2.50000E+01    2.99165E+02    2.30850E+02    3.67480E+02
 2.60000E+01    2.86436E+02    2.21028E+02    3.51844E+02
 2.70000E+01    2.74392E+02    2.11734E+02    3.37050E+02
 2.80000E+01    2.67094E+02    2.06103E+02    3.28085E+02
 2.90000E+01    2.57189E+02    1.98460E+02    3.15919E+02
 3.00000E+01    2.47820E+02    1.91229E+02    3.04410E+02
 3.00000E+01    2.46325E+02    1.90076E+02    3.02574E+02
 3.20000E+01    2.28837E+02    1.76582E+02    2.81092E+02
 3.40000E+01    2.12779E+02    1.64190E+02    2.61367E+02
 3.60000E+01    1.95502E+02    1.50859E+02    2.40145E+02
 3.80000E+01    1.80089E+02    1.38965E+02    2.21213E+02
 4.00000E+01    1.69064E+02    1.30458E+02    2.07670E+02
 4.20000E+01    1.55629E+02    1.20091E+02    1.91167E+02
 4.40000E+01    1.46856E+02    1.13321E+02    1.80391E+02
 4.60000E+01    1.37240E+02    1.05901E+02    1.68579E+02
 4.80000E+01    1.30738E+02    1.00884E+02    1.60592E+02
 5.00000E+01    1.23106E+02    9.49945E+01    1.51218E+02
 5.20000E+01    1.17362E+02    9.05621E+01    1.44162E+02
 5.40000E+01    1.10788E+02    8.54893E+01    1.36087E+02
 5.60000E+01    1.04096E+02    8.03255E+01    1.27867E+02
 5.80000E+01    9.89056E+01    7.63203E+01    1.21491E+02
 6.00000E+01    9.37818E+01    7.23665E+01    1.15197E+02
 6.50000E+01    7.95496E+01    6.13843E+01    9.77149E+01
 7.00000E+01    6.93186E+01    5.34896E+01    8.51477E+01
 7.50000E+01    6.03897E+01    4.65996E+01    7.41798E+01
 8.00000E+01    5.38145E+01    4.15258E+01    6.61032E+01
 9.00000E+01    4.24272E+01    3.27389E+01    5.21155E+01
 1.00000E+02    3.37554E+01    2.60473E+01    4.14635E+01
 1.10000E+02    2.76510E+01    2.13368E+01    3.39652E+01
 1.20000E+02    2.24115E+01    1.72938E+01    2.75292E+01
 1.30000E+02    1.86042E+01    1.43559E+01    2.28525E+01
 1.40000E+02    1.53483E+01    1.18435E+01    1.88531E+01
 1.50000E+02    1.29468E+01    9.99037E+00    1.59032E+01
 1.60000E+02    1.10286E+01    8.51019E+00    1.35470E+01
 1.80000E+02    8.14694E+00    6.28657E+00    1.00073E+01
 2.00000E+02    6.42042E+00    4.95430E+00    7.88654E+00
