# p + Pu242 : (p,n')    
# tendl.2019 A.J. Koning                       EVAL-OCT19
# uncertainties: y
# # energies =    45
#   E(MeV)       xs(mb)       xslow(mb)      xsupp(mb)
 1.53987E+00    0.00000E+00    0.00000E+00    0.00000E+00
 3.00000E+00    3.10831E-08    1.90131E-08    4.31531E-08
 4.00000E+00    2.32930E-05    1.42480E-05    3.23380E-05
 5.00000E+00    1.74016E-03    1.05676E-03    2.42355E-03
 6.00000E+00    3.78475E-02    2.29840E-02    5.27110E-02
 7.00000E+00    3.91169E-01    3.03094E-01    4.79244E-01
 8.00000E+00    1.45438E+00    1.12691E+00    1.78185E+00
 9.00000E+00    2.69936E+00    2.09157E+00    3.30714E+00
 1.00000E+01    4.49249E+00    3.51438E+00    5.47061E+00
 1.10000E+01    7.65921E+00    5.99163E+00    9.32680E+00
 1.20000E+01    1.17728E+01    9.20960E+00    1.43360E+01
 1.30000E+01    1.64008E+01    1.28300E+01    1.99716E+01
 1.40000E+01    2.09822E+01    1.59805E+01    2.59839E+01
 1.50000E+01    2.51283E+01    1.91383E+01    3.11183E+01
 1.60000E+01    2.85064E+01    2.17111E+01    3.53016E+01
 1.70000E+01    3.08841E+01    2.35221E+01    3.82462E+01
 1.80000E+01    3.24626E+01    2.47579E+01    4.01672E+01
 1.90000E+01    3.35406E+01    2.55801E+01    4.15011E+01
 2.00000E+01    3.40141E+01    2.59412E+01    4.20870E+01
 2.20000E+01    3.42874E+01    2.63584E+01    4.22163E+01
 2.40000E+01    3.38896E+01    2.60526E+01    4.17265E+01
 2.60000E+01    3.32138E+01    2.55302E+01    4.08974E+01
 2.80000E+01    3.22444E+01    2.47851E+01    3.97037E+01
 3.00000E+01    3.10704E+01    2.38826E+01    3.82581E+01
 3.00000E+01    7.65064E+00    5.88076E+00    9.42052E+00
 3.50000E+01    8.10478E+00    6.22984E+00    9.97972E+00
 4.00000E+01    6.41849E+00    4.93366E+00    7.90333E+00
 4.50000E+01    5.52846E+00    4.24952E+00    6.80740E+00
 5.00000E+01    4.76450E+00    3.66229E+00    5.86671E+00
 5.50000E+01    4.32371E+00    3.32347E+00    5.32394E+00
 6.00000E+01    3.71479E+00    2.85542E+00    4.57416E+00
 6.50000E+01    3.30343E+00    2.53922E+00    4.06764E+00
 7.00000E+01    2.83728E+00    2.18091E+00    3.49365E+00
 7.50000E+01    2.52372E+00    1.93989E+00    3.10756E+00
 8.00000E+01    2.23248E+00    1.71602E+00    2.74893E+00
 9.00000E+01    1.81388E+00    1.39426E+00    2.23350E+00
 1.00000E+02    1.50857E+00    1.15958E+00    1.85755E+00
 1.10000E+02    1.30305E+00    1.00161E+00    1.60450E+00
 1.20000E+02    1.11170E+00    8.54520E-01    1.36887E+00
 1.30000E+02    9.70627E-01    7.46085E-01    1.19517E+00
 1.40000E+02    8.68906E-01    6.67895E-01    1.06992E+00
 1.50000E+02    7.84745E-01    6.03204E-01    9.66286E-01
 1.60000E+02    7.10517E-01    5.46148E-01    8.74886E-01
 1.80000E+02    6.04667E-01    4.64785E-01    7.44549E-01
 2.00000E+02    5.40545E-01    4.15497E-01    6.65593E-01
