# n + Sn119 : (n,n'18)  
# endfb8.0   JNDC FPND W.G., Mughabghab        EVAL-DEC04
# uncertainties: n
# # energies =   324
#   E(MeV)       xs(mb) 
 1.92116E+00    0.00000E+00
 1.92155E+00    1.13570E-01
 1.92230E+00    3.37157E-01
 1.92377E+00    7.70355E-01
 1.92515E+00    1.17648E+00
 1.92774E+00    1.93796E+00
 1.93001E+00    2.60425E+00
 1.93399E+00    3.77026E+00
 1.93698E+00    4.64477E+00
 1.94147E+00    5.95652E+00
 1.94597E+00    7.26828E+00
 1.95060E+00    8.19208E+00
 1.95525E+00    9.11587E+00
 1.96077E+00    1.01024E+01
 1.97046E+00    1.18289E+01
 1.97776E+00    1.31237E+01
 1.98876E+00    1.50659E+01
 1.99982E+00    1.70082E+01
 2.00000E+00    1.70462E+01
 2.02550E+00    1.75747E+01
 2.05052E+00    1.80867E+01
 2.07505E+00    1.85827E+01
 2.09909E+00    1.90632E+01
 2.12265E+00    1.95287E+01
 2.14572E+00    1.99796E+01
 2.16831E+00    2.04164E+01
 2.19042E+00    2.08396E+01
 2.23390E+00    2.16595E+01
 2.27545E+00    2.24282E+01
 2.31511E+00    2.31488E+01
 2.35291E+00    2.38244E+01
 2.38891E+00    2.44578E+01
 2.42316E+00    2.50516E+01
 2.45572E+00    2.56083E+01
 2.48664E+00    2.61302E+01
 2.51598E+00    2.66194E+01
 2.57193E+00    2.75368E+01
 2.62190E+00    2.83395E+01
 2.66643E+00    2.90419E+01
 2.70601E+00    2.96564E+01
 2.74112E+00    3.01942E+01
 2.80367E+00    3.11352E+01
 2.85151E+00    3.18410E+01
 2.88793E+00    3.23704E+01
 2.94343E+00    3.31644E+01
 3.00000E+00    3.39584E+01
 3.05443E+00    3.26502E+01
 3.10635E+00    3.14238E+01
 3.15583E+00    3.02741E+01
 3.20293E+00    2.91962E+01
 3.24773E+00    2.81857E+01
 3.29029E+00    2.72383E+01
 3.33071E+00    2.63502E+01
 3.36904E+00    2.55175E+01
 3.40539E+00    2.47369E+01
 3.43981E+00    2.40051E+01
 3.47240E+00    2.33190E+01
 3.50324E+00    2.26758E+01
 3.53239E+00    2.20728E+01
 3.55994E+00    2.15075E+01
 3.61219E+00    2.04476E+01
 3.65853E+00    1.95201E+01
 3.69957E+00    1.87086E+01
 3.73585E+00    1.79985E+01
 3.76789E+00    1.73772E+01
 3.79615E+00    1.68335E+01
 3.84612E+00    1.58821E+01
 3.88402E+00    1.51686E+01
 3.91270E+00    1.46334E+01
 3.95611E+00    1.38306E+01
 4.00000E+00    1.30279E+01
 4.05618E+00    1.24434E+01
 4.10956E+00    1.18955E+01
 4.16024E+00    1.13818E+01
 4.20833E+00    1.09002E+01
 4.25391E+00    1.04487E+01
 4.29709E+00    1.00254E+01
 4.33797E+00    9.62856E+00
 4.37665E+00    9.25654E+00
 4.41323E+00    8.90777E+00
 4.44779E+00    8.58080E+00
 4.48044E+00    8.27426E+00
 4.51127E+00    7.98688E+00
 4.54037E+00    7.71746E+00
 4.56782E+00    7.46488E+00
 4.61973E+00    6.99130E+00
 4.66563E+00    6.57691E+00
 4.70617E+00    6.21432E+00
 4.74194E+00    5.89706E+00
 4.77345E+00    5.61945E+00
 4.80120E+00    5.37654E+00
 4.82561E+00    5.16400E+00
 4.86863E+00    4.79205E+00
 4.90114E+00    4.51309E+00
 4.92567E+00    4.30387E+00
 4.96270E+00    3.99003E+00
 5.00000E+00    3.67620E+00
 5.05730E+00    3.50438E+00
 5.11162E+00    3.34330E+00
 5.16307E+00    3.19228E+00
 5.21177E+00    3.05071E+00
 5.25785E+00    2.91798E+00
 5.30142E+00    2.79355E+00
 5.34260E+00    2.67689E+00
 5.38149E+00    2.56753E+00
 5.41820E+00    2.46500E+00
 5.45285E+00    2.36888E+00
 5.48554E+00    2.27877E+00
 5.51636E+00    2.19429E+00
 5.57462E+00    2.03589E+00
 5.62609E+00    1.89729E+00
 5.67153E+00    1.77601E+00
 5.71158E+00    1.66989E+00
 5.74686E+00    1.57704E+00
 5.77791E+00    1.49580E+00
 5.80522E+00    1.42471E+00
 5.85331E+00    1.30030E+00
 5.88964E+00    1.20699E+00
 5.91704E+00    1.13701E+00
 5.95838E+00    1.03205E+00
 6.00000E+00    9.27076E-01
 6.05809E+00    8.81927E-01
 6.11305E+00    8.39599E-01
 6.16504E+00    7.99917E-01
 6.21417E+00    7.62715E-01
 6.26059E+00    7.27838E-01
 6.30443E+00    6.95141E-01
 6.34580E+00    6.64487E-01
 6.38483E+00    6.35750E-01
 6.42165E+00    6.08808E-01
 6.45635E+00    5.83550E-01
 6.48906E+00    5.59871E-01
 6.55083E+00    5.15473E-01
 6.60536E+00    4.76625E-01
 6.65344E+00    4.42632E-01
 6.69581E+00    4.12889E-01
 6.73310E+00    3.86863E-01
 6.76589E+00    3.64091E-01
 6.79472E+00    3.44165E-01
 6.84547E+00    3.09295E-01
 6.88378E+00    2.83143E-01
 6.91265E+00    2.63528E-01
 6.95619E+00    2.34107E-01
 6.97806E+00    2.19396E-01
 7.00000E+00    2.04685E-01
 7.05866E+00    1.93646E-01
 7.11411E+00    1.83297E-01
 7.16648E+00    1.73594E-01
 7.21593E+00    1.64498E-01
 7.26261E+00    1.55971E-01
 7.30663E+00    1.47976E-01
 7.34815E+00    1.40482E-01
 7.38729E+00    1.33455E-01
 7.42417E+00    1.26868E-01
 7.45891E+00    1.20692E-01
 7.49163E+00    1.14903E-01
 7.52244E+00    1.09475E-01
 7.58054E+00    9.92980E-02
 7.63174E+00    9.03931E-02
 7.67683E+00    8.26014E-02
 7.71650E+00    7.57836E-02
 7.75138E+00    6.98180E-02
 7.78203E+00    6.45981E-02
 7.80895E+00    6.00307E-02
 7.83258E+00    5.60343E-02
 7.87410E+00    4.90404E-02
 7.90539E+00    4.37951E-02
 7.92894E+00    3.98611E-02
 7.96439E+00    3.39600E-02
 7.98217E+00    3.10095E-02
 8.00000E+00    2.80590E-02
 8.05911E+00    2.65409E-02
 8.11492E+00    2.51178E-02
 8.16759E+00    2.37835E-02
 8.21729E+00    2.25327E-02
 8.26415E+00    2.13600E-02
 8.30832E+00    2.02606E-02
 8.34995E+00    1.92300E-02
 8.38917E+00    1.82637E-02
 8.42610E+00    1.73579E-02
 8.46087E+00    1.65086E-02
 8.52645E+00    1.49163E-02
 8.58426E+00    1.35230E-02
 8.63516E+00    1.23039E-02
 8.67994E+00    1.12372E-02
 8.71932E+00    1.03038E-02
 8.75392E+00    9.48707E-03
 8.78431E+00    8.77244E-03
 8.81098E+00    8.14714E-03
 8.85786E+00    7.05287E-03
 8.89318E+00    6.23216E-03
 8.91977E+00    5.61664E-03
 8.93976E+00    5.15499E-03
 8.96983E+00    4.46252E-03
 9.00000E+00    3.77005E-03
 9.05946E+00    3.57418E-03
 9.11556E+00    3.39055E-03
 9.16847E+00    3.21840E-03
 9.21836E+00    3.05701E-03
 9.26537E+00    2.90571E-03
 9.30966E+00    2.76386E-03
 9.35137E+00    2.63088E-03
 9.39065E+00    2.50621E-03
 9.46474E+00    2.27245E-03
 9.53005E+00    2.06792E-03
 9.58756E+00    1.88895E-03
 9.63817E+00    1.73235E-03
 9.68268E+00    1.59532E-03
 9.72178E+00    1.47543E-03
 9.75613E+00    1.37052E-03
 9.78629E+00    1.27872E-03
 9.83928E+00    1.11808E-03
 9.87922E+00    9.97599E-04
 9.90928E+00    9.07238E-04
 9.95453E+00    7.71697E-04
 9.97724E+00    7.03926E-04
 1.00000E+01    6.36155E-04
 1.01146E+01    5.98434E-04
 1.02232E+01    5.63070E-04
 1.03261E+01    5.29917E-04
 1.04235E+01    4.98835E-04
 1.05157E+01    4.69697E-04
 1.06028E+01    4.42379E-04
 1.06852E+01    4.16769E-04
 1.07630E+01    3.92759E-04
 1.08364E+01    3.70250E-04
 1.09057E+01    3.49148E-04
 1.09711E+01    3.29365E-04
 1.10327E+01    3.10818E-04
 1.10908E+01    2.93431E-04
 1.11456E+01    2.77130E-04
 1.11971E+01    2.61848E-04
 1.12457E+01    2.47521E-04
 1.12914E+01    2.34089E-04
 1.13345E+01    2.21497E-04
 1.13750E+01    2.09692E-04
 1.14513E+01    1.87557E-04
 1.15185E+01    1.68190E-04
 1.15776E+01    1.51243E-04
 1.16296E+01    1.36415E-04
 1.16752E+01    1.23440E-04
 1.17153E+01    1.12087E-04
 1.17506E+01    1.02153E-04
 1.17815E+01    9.34609E-05
 1.18085E+01    8.58553E-05
 1.18561E+01    7.25455E-05
 1.18919E+01    6.25632E-05
 1.19189E+01    5.50765E-05
 1.19594E+01    4.38464E-05
 1.19797E+01    3.82313E-05
 1.20000E+01    3.26163E-05
 1.21162E+01    3.07411E-05
 1.22261E+01    2.89830E-05
 1.23301E+01    2.73349E-05
 1.24283E+01    2.57897E-05
 1.25212E+01    2.43411E-05
 1.26089E+01    2.29831E-05
 1.26916E+01    2.17099E-05
 1.27697E+01    2.05163E-05
 1.28433E+01    1.93973E-05
 1.29127E+01    1.83483E-05
 1.29781E+01    1.73648E-05
 1.30397E+01    1.64428E-05
 1.30978E+01    1.55784E-05
 1.31524E+01    1.47680E-05
 1.32039E+01    1.40083E-05
 1.33008E+01    1.25838E-05
 1.33863E+01    1.13374E-05
 1.34615E+01    1.02468E-05
 1.35277E+01    9.29248E-06
 1.35858E+01    8.45748E-06
 1.36369E+01    7.72685E-06
 1.36818E+01    7.08755E-06
 1.37212E+01    6.52817E-06
 1.37557E+01    6.03870E-06
 1.38164E+01    5.18214E-06
 1.38621E+01    4.53972E-06
 1.38964E+01    4.05791E-06
 1.39481E+01    3.33519E-06
 1.39740E+01    2.97383E-06
 1.40000E+01    2.61247E-06
 1.41213E+01    2.38371E-06
 1.42282E+01    2.18355E-06
 1.43225E+01    2.00841E-06
 1.44055E+01    1.85516E-06
 1.44785E+01    1.72107E-06
 1.45427E+01    1.60374E-06
 1.45991E+01    1.50108E-06
 1.46486E+01    1.41125E-06
 1.47357E+01    1.25404E-06
 1.48013E+01    1.13614E-06
 1.48507E+01    1.04771E-06
 1.49252E+01    9.15070E-07
 1.50000E+01    7.82430E-07
 1.51215E+01    7.17470E-07
 1.52286E+01    6.60640E-07
 1.53230E+01    6.10910E-07
 1.54060E+01    5.67390E-07
 1.54790E+01    5.29320E-07
 1.55432E+01    4.96000E-07
 1.55996E+01    4.66850E-07
 1.56987E+01    4.15840E-07
 1.57735E+01    3.77580E-07
 1.58298E+01    3.48880E-07
 1.59147E+01    3.05840E-07
 1.59573E+01    2.84320E-07
 1.60000E+01    2.62800E-07
 1.61182E+01    2.48320E-07
 1.62298E+01    2.34750E-07
 1.63352E+01    2.22030E-07
 1.64346E+01    2.10100E-07
 1.65283E+01    1.98920E-07
 1.66166E+01    1.88440E-07
 1.66999E+01    1.78610E-07
 1.67783E+01    1.69400E-07
 1.68522E+01    1.60760E-07
 1.69217E+01    1.52660E-07
 1.69872E+01    1.45070E-07
 1.71106E+01    1.30840E-07
 1.72193E+01    1.18380E-07
 1.73150E+01    1.07490E-07
 1.73992E+01    9.79510E-08
 1.80000E+01    3.12030E-08
 2.00000E+01    4.35130E-09
