# n + Cu 63 : (n,g)     
# tendl.2019 A.J. Koning and D. Rochman        EVAL-NOV19
# uncertainties: y
# # energies =   171
#   E(MeV)       xs(mb)       xslow(mb)      xsupp(mb)
 1.00000E-11    4.87333E+04    4.51751E+04    5.22916E+04
 1.00000E-07    1.62116E+03    1.50267E+03    1.73965E+03
 4.13990E-07    1.04475E+03    9.68554E+02    1.12095E+03
 5.31580E-07    9.21319E+02    8.54012E+02    9.88625E+02
 6.82560E-07    8.12316E+02    7.52973E+02    8.71659E+02
 8.76420E-07    7.16046E+02    6.63878E+02    7.68214E+02
 1.12540E-06    6.31087E+02    5.85111E+02    6.77062E+02
 1.44500E-06    5.56080E+02    5.15569E+02    5.96591E+02
 1.85540E-06    4.90183E+02    4.54473E+02    5.25894E+02
 2.37240E-06    4.31262E+02    3.99874E+02    4.62649E+02
 3.05900E-06    3.78576E+02    3.51065E+02    4.06087E+02
 3.92790E-06    3.32441E+02    3.08282E+02    3.56599E+02
 5.04350E-06    2.91412E+02    2.70332E+02    3.12491E+02
 6.47600E-06    2.54992E+02    2.36544E+02    2.73439E+02
 8.31530E-06    2.22711E+02    2.06656E+02    2.38766E+02
 1.06770E-05    1.93873E+02    1.79967E+02    2.07778E+02
 1.37100E-05    1.68210E+02    1.56145E+02    1.80275E+02
 1.76030E-05    1.45314E+02    1.34991E+02    1.55637E+02
 2.26030E-05    1.24623E+02    1.15867E+02    1.33378E+02
 2.92030E-05    1.06387E+02    9.89127E+01    1.13862E+02
 3.72670E-05    9.03502E+01    8.41001E+01    9.66002E+01
 4.78510E-05    7.59162E+01    7.07720E+01    8.10604E+01
 6.14420E-05    6.31851E+01    5.90054E+01    6.73648E+01
 7.88930E-05    5.21013E+01    4.87057E+01    5.54970E+01
 1.01300E-04    4.25603E+01    4.00420E+01    4.50785E+01
 1.30070E-04    3.45438E+01    3.24999E+01    3.65877E+01
 1.67020E-04    2.80228E+01    2.63647E+01    2.96809E+01
 2.14450E-04    2.30319E+01    2.18246E+01    2.42393E+01
 2.75360E-04    1.99208E+01    1.88766E+01    2.09651E+01
 3.53580E-04    3.95057E+01    2.76544E+01    5.13570E+01
 4.54000E-04    8.02271E+03    6.86929E+03    9.17612E+03
 5.82950E-04    6.01449E+02    5.70633E+02    6.32265E+02
 7.48520E-04    7.44565E+01    0.00000E+00    2.04458E+02
 9.61120E-04    1.38728E+02    1.06406E+02    1.71051E+02
 1.23410E-03    1.15338E+01    0.00000E+00    3.49706E+01
 1.58460E-03    3.46151E+02    2.46664E+02    4.45638E+02
 2.03470E-03    9.52075E+02    9.12409E+02    9.91741E+02
 2.24870E-03    3.61757E+01    3.46686E+01    3.76829E+01
 2.48520E-03    1.16334E+02    1.11487E+02    1.21181E+02
 2.61260E-03    3.79793E+03    3.63970E+03    3.95616E+03
 2.74650E-03    1.65509E+01    1.58614E+01    1.72405E+01
 3.03540E-03    4.59970E+01    4.45857E+01    4.74082E+01
 3.35460E-03    3.33765E+01    3.23525E+01    3.44005E+01
 3.70740E-03    1.00070E+01    9.70001E+00    1.03141E+01
 4.30740E-03    5.74679E+02    5.57047E+02    5.92311E+02
 5.53080E-03    2.23374E+02    2.16482E+02    2.30266E+02
 7.10170E-03    2.72751E+02    2.63386E+02    2.82116E+02
 9.11880E-03    1.91420E+02    1.84847E+02    1.97992E+02
 1.17090E-02    1.13273E+02    1.09978E+02    1.16568E+02
 1.50340E-02    1.01967E+02    9.90004E+01    1.04933E+02
 1.93050E-02    1.34305E+02    1.30398E+02    1.38212E+02
 2.18750E-02    7.44888E+01    7.35421E+01    7.54354E+01
 2.35790E-02    1.16655E+02    1.15173E+02    1.18138E+02
 2.41760E-02    2.65583E+01    2.62208E+01    2.68958E+01
 2.47880E-02    1.17386E+02    1.15894E+02    1.18878E+02
 2.60580E-02    6.10987E+01    6.03222E+01    6.18752E+01
 2.70000E-02    3.94110E+01    3.89101E+01    3.99118E+01
 2.85000E-02    5.77415E+01    5.70076E+01    5.84753E+01
 3.18280E-02    5.95405E+01    5.90602E+01    6.00208E+01
 3.43070E-02    5.48356E+01    5.43933E+01    5.52780E+01
 4.08680E-02    3.98915E+01    3.95697E+01    4.02133E+01
 4.63090E-02    3.67453E+01    3.64489E+01    3.70417E+01
 5.24750E-02    2.53110E+01    2.10606E+01    2.95614E+01
 5.65620E-02    2.85923E+01    2.37909E+01    3.33937E+01
 6.73790E-02    2.91672E+01    2.42692E+01    3.40652E+01
 7.20000E-02    2.93266E+01    2.44018E+01    3.42513E+01
 7.95000E-02    2.94669E+01    2.45186E+01    3.44152E+01
 8.25000E-02    2.95595E+01    2.45956E+01    3.45234E+01
 8.65170E-02    2.97623E+01    2.47644E+01    3.47602E+01
 9.80370E-02    2.97830E+01    2.47816E+01    3.47844E+01
 1.11090E-01    2.94153E+01    2.44757E+01    3.43550E+01
 1.16790E-01    2.91827E+01    2.42821E+01    3.40833E+01
 1.22770E-01    2.89381E+01    2.40786E+01    3.37977E+01
 1.29070E-01    2.86808E+01    2.38645E+01    3.34971E+01
 1.35690E-01    2.84106E+01    2.36396E+01    3.31815E+01
 1.42640E-01    2.81264E+01    2.34032E+01    3.28496E+01
 1.49960E-01    2.78276E+01    2.31546E+01    3.25006E+01
 1.57640E-01    2.75135E+01    2.28932E+01    3.21338E+01
 1.65730E-01    2.71833E+01    2.26185E+01    3.17482E+01
 1.74220E-01    2.68362E+01    2.23296E+01    3.13427E+01
 1.83160E-01    2.64711E+01    2.20259E+01    3.09164E+01
 1.92550E-01    2.60817E+01    2.17019E+01    3.04616E+01
 2.02420E-01    2.55329E+01    2.14618E+01    2.96040E+01
 2.12800E-01    2.48961E+01    2.09265E+01    2.88656E+01
 2.23710E-01    2.42266E+01    2.03638E+01    2.80894E+01
 2.35180E-01    2.35228E+01    1.97722E+01    2.72734E+01
 2.47240E-01    2.23940E+01    1.88234E+01    2.59646E+01
 2.73240E-01    2.11875E+01    1.78092E+01    2.45657E+01
 2.87250E-01    2.05482E+01    1.72719E+01    2.38245E+01
 2.94520E-01    2.02497E+01    1.70210E+01    2.34785E+01
 2.97200E-01    2.01306E+01    1.69208E+01    2.33403E+01
 2.98500E-01    2.00047E+01    1.68150E+01    2.31943E+01
 3.01970E-01    1.94745E+01    1.63694E+01    2.25796E+01
 3.33730E-01    1.84727E+01    1.55273E+01    2.14181E+01
 3.68830E-01    1.76564E+01    1.48412E+01    2.04716E+01
 3.87740E-01    1.70893E+01    1.43645E+01    1.98141E+01
 4.07620E-01    1.64323E+01    1.38123E+01    1.90524E+01
 4.50490E-01    1.55361E+01    1.30589E+01    1.80132E+01
 4.97870E-01    1.49112E+01    1.25337E+01    1.72887E+01
 5.23400E-01    1.46500E+01    1.23141E+01    1.69859E+01
 5.50230E-01    1.43764E+01    1.20842E+01    1.66687E+01
 5.78440E-01    1.40989E+01    1.18509E+01    1.63469E+01
 6.08100E-01    1.40015E+01    1.18004E+01    1.62027E+01
 6.39280E-01    1.39742E+01    1.17773E+01    1.61710E+01
 6.72060E-01    1.39454E+01    1.17531E+01    1.61378E+01
 7.06510E-01    1.39152E+01    1.17276E+01    1.61028E+01
 7.42740E-01    1.38834E+01    1.17008E+01    1.60660E+01
 7.80820E-01    1.38542E+01    1.16762E+01    1.60322E+01
 8.20850E-01    1.38289E+01    1.16549E+01    1.60029E+01
 8.62940E-01    1.38009E+01    1.16313E+01    1.59705E+01
 9.07180E-01    1.36928E+01    1.15402E+01    1.58454E+01
 9.61640E-01    1.35518E+01    1.14213E+01    1.56822E+01
 1.00260E+00    1.27851E+01    1.06985E+01    1.48718E+01
 1.10800E+00    1.17117E+01    9.80027E+00    1.36232E+01
 1.16480E+00    1.09613E+01    9.17231E+00    1.27503E+01
 1.22460E+00    1.03100E+01    8.62733E+00    1.19927E+01
 1.28730E+00    9.65861E+00    8.08224E+00    1.12350E+01
 1.35340E+00    8.97380E+00    7.50920E+00    1.04384E+01
 1.42270E+00    8.24948E+00    6.90310E+00    9.59587E+00
 1.49570E+00    7.47642E+00    6.25620E+00    8.69663E+00
 1.57240E+00    6.79037E+00    5.68213E+00    7.89862E+00
 1.65300E+00    6.51025E+00    5.44772E+00    7.57279E+00
 1.73770E+00    6.25793E+00    5.23658E+00    7.27927E+00
 1.82680E+00    6.07216E+00    5.06400E+00    7.08033E+00
 1.92050E+00    5.90521E+00    4.92477E+00    6.88566E+00
 2.01900E+00    5.72769E+00    4.77672E+00    6.67866E+00
 2.12250E+00    5.52866E+00    4.61074E+00    6.44659E+00
 2.23130E+00    5.29038E+00    4.41202E+00    6.16875E+00
 2.30690E+00    5.12415E+00    4.27338E+00    5.97491E+00
 2.34570E+00    5.03940E+00    4.20270E+00    5.87609E+00
 2.36530E+00    4.98215E+00    4.15497E+00    5.80934E+00
 2.38520E+00    4.80672E+00    4.00866E+00    5.60478E+00
 2.46600E+00    4.39258E+00    3.66328E+00    5.12188E+00
 2.59240E+00    3.90220E+00    3.25431E+00    4.55008E+00
 2.72530E+00    3.44338E+00    2.40476E+00    4.48199E+00
 2.86500E+00    3.08385E+00    2.15368E+00    4.01402E+00
 3.01190E+00    2.81874E+00    1.96853E+00    3.66895E+00
 3.16640E+00    2.61650E+00    1.82729E+00    3.40570E+00
 3.32870E+00    2.37142E+00    1.65613E+00    3.08670E+00
 3.67880E+00    2.12569E+00    1.48453E+00    2.76686E+00
 4.06570E+00    1.86659E+00    1.30357E+00    2.42960E+00
 4.49330E+00    1.67167E+00    1.16745E+00    2.17589E+00
 4.72370E+00    1.55026E+00    4.47042E-01    2.65347E+00
 4.96590E+00    1.44643E+00    4.17101E-01    2.47576E+00
 5.22050E+00    1.33766E+00    3.85735E-01    2.28958E+00
 5.48810E+00    1.24746E+00    3.59724E-01    2.13519E+00
 5.76950E+00    1.15570E+00    3.33265E-01    1.97814E+00
 6.06530E+00    1.06869E+00    3.08174E-01    1.82921E+00
 6.37630E+00    1.00843E+00    2.90796E-01    1.72606E+00
 6.59240E+00    9.76776E-01    2.81669E-01    1.67188E+00
 6.70320E+00    9.22904E-01    0.00000E+00    2.12431E+00
 7.04690E+00    8.63795E-01    0.00000E+00    1.98826E+00
 7.40820E+00    8.08790E-01    0.00000E+00    1.86165E+00
 7.78800E+00    7.62956E-01    0.00000E+00    1.75615E+00
 8.18730E+00    7.26828E-01    0.00000E+00    1.67299E+00
 8.60710E+00    7.01140E-01    0.00000E+00    1.61386E+00
 9.04840E+00    6.87385E-01    0.00000E+00    1.47708E+00
 9.51230E+00    6.85368E-01    0.00000E+00    1.47274E+00
 1.00000E+01    6.88940E-01    0.00000E+00    1.48042E+00
 1.05130E+01    6.98378E-01    0.00000E+00    1.50070E+00
 1.10520E+01    7.06370E-01    0.00000E+00    1.51787E+00
 1.16180E+01    7.10194E-01    0.00000E+00    1.52609E+00
 1.22140E+01    7.21317E-01    0.00000E+00    1.54999E+00
 1.28400E+01    7.14632E-01    0.00000E+00    1.53563E+00
 1.34990E+01    6.97285E-01    0.00000E+00    1.60000E+00
 1.38400E+01    6.90718E-01    0.00000E+00    1.58493E+00
 1.41910E+01    6.75205E-01    0.00000E+00    1.54933E+00
 1.45500E+01    6.60132E-01    0.00000E+00    1.51474E+00
 1.49180E+01    6.35944E-01    0.00000E+00    1.45924E+00
 1.56830E+01    5.95362E-01    0.00000E+00    1.36612E+00
 1.64870E+01    5.37457E-01    0.00000E+00    1.74087E+00
