# n + Ce142 : (n,n'21)  
# tendl.2019 A.J. Koning and D. Rochman        EVAL-NOV19
# uncertainties: n
# # energies =    67
#   E(MeV)       xs(mb) 
 2.41547E+00    0.00000E+00
 2.55777E+00    3.30595E+01
 2.56072E+00    3.37448E+01
 2.57482E+00    3.70206E+01
 2.58835E+00    4.01639E+01
 2.59454E+00    4.16020E+01
 2.60000E+00    4.28704E+01
 2.60942E+00    4.28814E+01
 2.61093E+00    4.28832E+01
 2.61674E+00    4.28900E+01
 2.62105E+00    4.28950E+01
 2.80000E+00    4.31043E+01
 3.00000E+00    4.09056E+01
 3.20000E+00    3.69838E+01
 3.40000E+00    3.14726E+01
 3.60000E+00    2.52601E+01
 3.80000E+00    1.93747E+01
 4.00000E+00    1.44192E+01
 4.20000E+00    1.05482E+01
 4.40000E+00    7.65512E+00
 4.60000E+00    5.54585E+00
 4.80000E+00    4.02693E+00
 5.00000E+00    2.93382E+00
 5.20000E+00    2.14779E+00
 5.40000E+00    1.57968E+00
 5.60000E+00    1.16683E+00
 5.80000E+00    8.64831E-01
 6.00000E+00    6.42756E-01
 6.20000E+00    4.77500E-01
 6.40000E+00    3.55724E-01
 6.60000E+00    2.65511E-01
 6.80000E+00    1.98621E-01
 7.00000E+00    1.48848E-01
 7.20000E+00    1.12055E-01
 7.40000E+00    8.43268E-02
 7.60000E+00    6.39228E-02
 7.80000E+00    4.84947E-02
 8.00000E+00    3.68946E-02
 8.50000E+00    1.89080E-02
 9.00000E+00    9.87509E-03
 9.50000E+00    5.25216E-03
 1.00000E+01    2.83636E-03
 1.05000E+01    1.55205E-03
 1.10000E+01    8.59138E-04
 1.15000E+01    4.80414E-04
 1.20000E+01    2.71249E-04
 1.25000E+01    1.54614E-04
 1.30000E+01    8.89601E-05
 1.35000E+01    5.16651E-05
 1.40000E+01    3.02828E-05
 1.45000E+01    1.79075E-05
 1.50000E+01    1.06762E-05
 1.60000E+01    3.88365E-06
 1.70000E+01    1.45288E-06
 1.80000E+01    5.57140E-07
 1.90000E+01    2.17250E-07
 2.00000E+01    8.72260E-08
 2.10000E+01    3.57620E-08
 2.20000E+01    1.49850E-08
 2.30000E+01    6.39660E-09
 2.40000E+01    2.77470E-09
 2.50000E+01    1.22400E-09
 2.60000E+01    5.49160E-10
 2.70000E+01    2.50250E-10
 2.80000E+01    1.15580E-10
 2.90000E+01    5.40500E-11
 3.00000E+01    2.55510E-11
