# n + Te125 : (n,n'04)  
# jendl4.0   JNDC FP NUCLEAR DATA W.G.         EVAL-MAR90
# uncertainties: n
# # energies =   396
#   E(MeV)       xs(mb) 
 4.47081E-01    0.00000E+00
 4.47234E-01    5.02046E-01
 4.47539E-01    1.49829E+00
 4.47839E-01    2.47897E+00
 4.48430E-01    4.40968E+00
 4.49003E-01    6.28005E+00
 4.49559E-01    8.09197E+00
 4.50098E-01    9.84727E+00
 4.51145E-01    1.32482E+01
 4.52129E-01    1.64365E+01
 4.53053E-01    1.94256E+01
 4.53921E-01    2.22278E+01
 4.55553E-01    2.74820E+01
 4.56985E-01    3.20795E+01
 4.58243E-01    3.61022E+01
 4.59346E-01    3.96221E+01
 4.61283E-01    4.57820E+01
 4.62741E-01    5.04019E+01
 4.64936E-01    5.73317E+01
 4.67142E-01    6.42615E+01
 4.71128E-01    6.99728E+01
 4.74644E-01    7.49702E+01
 4.77742E-01    7.93429E+01
 4.80469E-01    8.31691E+01
 4.85279E-01    8.98648E+01
 4.88918E-01    9.48866E+01
 4.91665E-01    9.86530E+01
 4.95815E-01    1.04302E+02
 5.00000E-01    1.09952E+02
 5.03589E-01    1.13815E+02
 5.09931E-01    1.20576E+02
 5.14740E-01    1.25646E+02
 5.18377E-01    1.29449E+02
 5.23880E-01    1.35153E+02
 5.29441E-01    1.40857E+02
 5.35813E-01    1.44886E+02
 5.41857E-01    1.48664E+02
 5.47584E-01    1.52205E+02
 5.53009E-01    1.55525E+02
 5.63326E-01    1.61750E+02
 5.72510E-01    1.67197E+02
 5.80670E-01    1.71963E+02
 5.87905E-01    1.76133E+02
 5.94309E-01    1.79782E+02
 6.05685E-01    1.86168E+02
 6.14359E-01    1.90957E+02
 6.27605E-01    1.98141E+02
 6.41136E-01    2.05325E+02
 6.47285E-01    2.07347E+02
 6.61889E-01    2.11467E+02
 6.76822E-01    2.15587E+02
 7.00000E-01    2.17805E+02
 7.17379E-01    2.19851E+02
 7.35189E-01    2.21897E+02
 7.66910E-01    2.20063E+02
 8.00000E-01    2.18229E+02
 8.10493E-01    2.18151E+02
 8.47590E-01    2.18166E+02
 9.00000E-01    2.18698E+02
 9.48683E-01    2.19604E+02
 1.00000E+00    2.20509E+02
 1.02521E+00    2.21057E+02
 1.06352E+00    2.21793E+02
 1.14215E+00    2.19954E+02
 1.17136E+00    2.17317E+02
 1.20132E+00    2.14680E+02
 1.25000E+00    2.12135E+02
 1.27522E+00    2.10983E+02
 1.32098E+00    2.06415E+02
 1.36363E+00    2.01684E+02
 1.39651E+00    1.98136E+02
 1.42169E+00    1.95475E+02
 1.46032E+00    1.91483E+02
 1.50000E+00    1.87491E+02
 1.52918E+00    1.83242E+02
 1.55518E+00    1.79524E+02
 1.57830E+00    1.76271E+02
 1.59880E+00    1.73424E+02
 1.63533E+00    1.68443E+02
 1.66327E+00    1.64707E+02
 1.68454E+00    1.61905E+02
 1.71696E+00    1.57702E+02
 1.75000E+00    1.53499E+02
 1.77946E+00    1.49166E+02
 1.80563E+00    1.45375E+02
 1.82886E+00    1.42057E+02
 1.84942E+00    1.39155E+02
 1.88597E+00    1.34075E+02
 1.91385E+00    1.30265E+02
 1.93504E+00    1.27408E+02
 1.96725E+00    1.23122E+02
 2.00000E+00    1.18836E+02
 2.02550E+00    1.16109E+02
 2.05052E+00    1.13467E+02
 2.07505E+00    1.10907E+02
 2.09909E+00    1.08428E+02
 2.12265E+00    1.06026E+02
 2.14572E+00    1.03699E+02
 2.16831E+00    1.01444E+02
 2.19042E+00    9.92605E+01
 2.21205E+00    9.71450E+01
 2.23322E+00    9.50955E+01
 2.27480E+00    9.11247E+01
 2.31448E+00    8.74021E+01
 2.35232E+00    8.39121E+01
 2.38835E+00    8.06402E+01
 2.42263E+00    7.75729E+01
 2.45521E+00    7.46972E+01
 2.48615E+00    7.20013E+01
 2.51552E+00    6.94739E+01
 2.54336E+00    6.71044E+01
 2.56975E+00    6.48831E+01
 2.59473E+00    6.28005E+01
 2.61837E+00    6.08481E+01
 2.64074E+00    5.90178E+01
 2.66187E+00    5.73018E+01
 2.68184E+00    5.56931E+01
 2.71969E+00    5.26768E+01
 2.75324E+00    5.00375E+01
 2.78294E+00    4.77281E+01
 2.80919E+00    4.57074E+01
 2.83236E+00    4.39393E+01
 2.85279E+00    4.23922E+01
 2.87079E+00    4.10385E+01
 2.90256E+00    3.86695E+01
 2.92662E+00    3.68927E+01
 2.94480E+00    3.55602E+01
 2.97227E+00    3.35613E+01
 3.00000E+00    3.15625E+01
 3.02709E+00    3.07935E+01
 3.05357E+00    3.00485E+01
 3.07944E+00    2.93269E+01
 3.13019E+00    2.79286E+01
 3.17853E+00    2.66177E+01
 3.22453E+00    2.53888E+01
 3.26826E+00    2.42367E+01
 3.30979E+00    2.31566E+01
 3.34920E+00    2.21440E+01
 3.38658E+00    2.11946E+01
 3.42200E+00    2.03046E+01
 3.45554E+00    1.94703E+01
 3.48729E+00    1.86881E+01
 3.51731E+00    1.79547E+01
 3.54570E+00    1.72672E+01
 3.57251E+00    1.66227E+01
 3.59784E+00    1.60185E+01
 3.62175E+00    1.54520E+01
 3.64430E+00    1.49209E+01
 3.66558E+00    1.44230E+01
 3.70580E+00    1.34895E+01
 3.74136E+00    1.26727E+01
 3.77275E+00    1.19579E+01
 3.80043E+00    1.13325E+01
 3.82483E+00    1.07853E+01
 3.84630E+00    1.03065E+01
 3.86518E+00    9.88753E+00
 3.89845E+00    9.15435E+00
 3.92360E+00    8.60446E+00
 3.94256E+00    8.19204E+00
 3.97118E+00    7.57342E+00
 4.00000E+00    6.95479E+00
 4.05618E+00    6.60681E+00
 4.10956E+00    6.28057E+00
 4.16024E+00    5.97473E+00
 4.20833E+00    5.68800E+00
 4.25391E+00    5.41919E+00
 4.29709E+00    5.16718E+00
 4.33797E+00    4.93092E+00
 4.37665E+00    4.70943E+00
 4.41323E+00    4.50178E+00
 4.44779E+00    4.30711E+00
 4.48044E+00    4.12461E+00
 4.51127E+00    3.95351E+00
 4.54037E+00    3.79310E+00
 4.56782E+00    3.64273E+00
 4.59370E+00    3.50175E+00
 4.61809E+00    3.36958E+00
 4.66419E+00    3.12176E+00
 4.70490E+00    2.90492E+00
 4.74081E+00    2.71519E+00
 4.77246E+00    2.54917E+00
 4.80033E+00    2.40391E+00
 4.82484E+00    2.27680E+00
 4.84640E+00    2.16558E+00
 4.88435E+00    1.97095E+00
 4.91301E+00    1.82497E+00
 4.93462E+00    1.71549E+00
 4.96720E+00    1.55127E+00
 5.00000E+00    1.38705E+00
 5.05730E+00    1.31625E+00
 5.11162E+00    1.24987E+00
 5.16307E+00    1.18764E+00
 5.21177E+00    1.12930E+00
 5.25785E+00    1.07460E+00
 5.30142E+00    1.02333E+00
 5.34260E+00    9.75258E-01
 5.38149E+00    9.30191E-01
 5.41820E+00    8.87941E-01
 5.45285E+00    8.48332E-01
 5.48554E+00    8.11198E-01
 5.51636E+00    7.76386E-01
 5.54541E+00    7.43749E-01
 5.57278E+00    7.13152E-01
 5.62448E+00    6.55782E-01
 5.67010E+00    6.05583E-01
 5.71033E+00    5.61660E-01
 5.74576E+00    5.23226E-01
 5.77694E+00    4.89597E-01
 5.80436E+00    4.60172E-01
 5.82846E+00    4.34425E-01
 5.87088E+00    3.89367E-01
 5.90290E+00    3.55574E-01
 5.92703E+00    3.30229E-01
 5.96340E+00    2.92211E-01
 5.98167E+00    2.73203E-01
 6.00000E+00    2.54194E-01
 6.05809E+00    2.41029E-01
 6.11305E+00    2.28688E-01
 6.16504E+00    2.17117E-01
 6.21417E+00    2.06270E-01
 6.26059E+00    1.96101E-01
 6.30443E+00    1.86567E-01
 6.34580E+00    1.77629E-01
 6.38483E+00    1.69250E-01
 6.42165E+00    1.61394E-01
 6.45635E+00    1.54030E-01
 6.48906E+00    1.47125E-01
 6.51987E+00    1.40652E-01
 6.54889E+00    1.34584E-01
 6.60365E+00    1.23206E-01
 6.65194E+00    1.13251E-01
 6.69448E+00    1.04539E-01
 6.73193E+00    9.69171E-02
 6.76487E+00    9.02475E-02
 6.79382E+00    8.44117E-02
 6.81926E+00    7.93053E-02
 6.86400E+00    7.03692E-02
 6.89775E+00    6.36671E-02
 6.92317E+00    5.86405E-02
 6.96148E+00    5.11007E-02
 6.98071E+00    4.73307E-02
 7.00000E+00    4.35608E-02
 7.05866E+00    4.11649E-02
 7.11411E+00    3.89188E-02
 7.16648E+00    3.68131E-02
 7.21593E+00    3.48390E-02
 7.26261E+00    3.29882E-02
 7.30663E+00    3.12532E-02
 7.34815E+00    2.96265E-02
 7.38729E+00    2.81016E-02
 7.42417E+00    2.66719E-02
 7.45891E+00    2.53316E-02
 7.49163E+00    2.40751E-02
 7.52244E+00    2.28971E-02
 7.58054E+00    2.06884E-02
 7.63174E+00    1.87557E-02
 7.67683E+00    1.70646E-02
 7.71650E+00    1.55849E-02
 7.75138E+00    1.42902E-02
 7.78203E+00    1.31573E-02
 7.80895E+00    1.21661E-02
 7.83258E+00    1.12987E-02
 7.87410E+00    9.78080E-03
 7.90539E+00    8.64239E-03
 7.92894E+00    7.78858E-03
 7.96439E+00    6.50786E-03
 7.98217E+00    5.86750E-03
 8.00000E+00    5.22714E-03
 8.05911E+00    4.93973E-03
 8.11492E+00    4.67028E-03
 8.16759E+00    4.41767E-03
 8.21729E+00    4.18084E-03
 8.26415E+00    3.95882E-03
 8.30832E+00    3.75068E-03
 8.34995E+00    3.55554E-03
 8.38917E+00    3.37260E-03
 8.42610E+00    3.20110E-03
 8.46087E+00    3.04031E-03
 8.49360E+00    2.88958E-03
 8.55531E+00    2.60694E-03
 8.60967E+00    2.35964E-03
 8.65752E+00    2.14325E-03
 8.69961E+00    1.95391E-03
 8.73660E+00    1.78823E-03
 8.76910E+00    1.64327E-03
 8.79763E+00    1.51643E-03
 8.82268E+00    1.40544E-03
 8.86668E+00    1.21121E-03
 8.89982E+00    1.06553E-03
 8.92476E+00    9.56280E-04
 8.96230E+00    7.92398E-04
 8.98113E+00    7.10458E-04
 9.00000E+00    6.28517E-04
 9.05946E+00    5.95096E-04
 9.11556E+00    5.63764E-04
 9.16847E+00    5.34390E-04
 9.21836E+00    5.06851E-04
 9.26537E+00    4.81034E-04
 9.30966E+00    4.56831E-04
 9.35137E+00    4.34140E-04
 9.39065E+00    4.12868E-04
 9.46474E+00    3.72982E-04
 9.53005E+00    3.38081E-04
 9.58756E+00    3.07543E-04
 9.63817E+00    2.80823E-04
 9.68268E+00    2.57442E-04
 9.72178E+00    2.36984E-04
 9.75613E+00    2.19084E-04
 9.78629E+00    2.03421E-04
 9.83928E+00    1.76010E-04
 9.87922E+00    1.55453E-04
 9.90928E+00    1.40034E-04
 9.93188E+00    1.28470E-04
 9.96588E+00    1.11125E-04
 1.00000E+01    9.37791E-05
 1.01146E+01    8.81613E-05
 1.02232E+01    8.28946E-05
 1.03261E+01    7.79571E-05
 1.04235E+01    7.33282E-05
 1.05157E+01    6.89886E-05
 1.06028E+01    6.49202E-05
 1.06852E+01    6.11061E-05
 1.07630E+01    5.75303E-05
 1.08364E+01    5.41781E-05
 1.09057E+01    5.10354E-05
 1.09711E+01    4.80891E-05
 1.10327E+01    4.53269E-05
 1.10908E+01    4.27374E-05
 1.11456E+01    4.03097E-05
 1.11971E+01    3.80337E-05
 1.12457E+01    3.59000E-05
 1.12914E+01    3.38997E-05
 1.13345E+01    3.20243E-05
 1.13750E+01    3.02662E-05
 1.14513E+01    2.69697E-05
 1.15185E+01    2.40853E-05
 1.15776E+01    2.15615E-05
 1.16296E+01    1.93531E-05
 1.16752E+01    1.74207E-05
 1.17153E+01    1.57300E-05
 1.17506E+01    1.42505E-05
 1.17815E+01    1.29560E-05
 1.18085E+01    1.18233E-05
 1.18561E+01    9.84109E-06
 1.18919E+01    8.35442E-06
 1.19189E+01    7.23943E-06
 1.19391E+01    6.40318E-06
 1.19695E+01    5.14881E-06
 1.20000E+01    3.89445E-06
 1.21162E+01    3.66655E-06
 1.22261E+01    3.45290E-06
 1.23301E+01    3.25260E-06
 1.24283E+01    3.06481E-06
 1.25212E+01    2.88877E-06
 1.26089E+01    2.72372E-06
 1.26916E+01    2.56900E-06
 1.27697E+01    2.42394E-06
 1.28433E+01    2.28795E-06
 1.29127E+01    2.16045E-06
 1.29781E+01    2.04093E-06
 1.30397E+01    1.92888E-06
 1.30978E+01    1.82383E-06
 1.31524E+01    1.72534E-06
 1.32039E+01    1.63301E-06
 1.32523E+01    1.54645E-06
 1.33435E+01    1.38416E-06
 1.34239E+01    1.24215E-06
 1.34946E+01    1.11789E-06
 1.35567E+01    1.00916E-06
 1.36114E+01    9.14030E-07
 1.36593E+01    8.30780E-07
 1.37015E+01    7.57940E-07
 1.37384E+01    6.94210E-07
 1.37709E+01    6.38440E-07
 1.38278E+01    5.40850E-07
 1.38706E+01    4.67660E-07
 1.39029E+01    4.12760E-07
 1.39514E+01    3.30420E-07
 1.39757E+01    2.89250E-07
 1.40000E+01    2.48080E-07
 1.40605E+01    2.37020E-07
 1.41746E+01    2.16280E-07
 1.42753E+01    1.98140E-07
 1.43639E+01    1.82270E-07
 1.44419E+01    1.68370E-07
 1.45105E+01    1.56220E-07
 1.45708E+01    1.45590E-07
 1.46238E+01    1.36280E-07
 1.46703E+01    1.28140E-07
 1.47520E+01    1.13890E-07
 1.48136E+01    1.03200E-07
 1.48600E+01    9.51860E-08
 1.50000E+01    7.11400E-08
 1.60000E+01    2.14180E-08
 1.80000E+01    2.12520E-09
 2.00000E+01    2.09860E-10
