# n + Cu  0 : (n,p)
# tendl.2019 A.J. Koning and D. Rochman        EVAL-NOV19
# uncertainties: y
# # energies =   583
#   E(MeV)          xs(mb) 
 1.00000E-11    1.67001E+00
 1.03223E-11    1.64373E+00
 1.06549E-11    1.61787E+00
 1.09984E-11    1.59241E+00
 1.13527E-11    1.56736E+00
 1.17186E-11    1.54270E+00
 1.20962E-11    1.51843E+00
 1.24861E-11    1.49454E+00
 1.28884E-11    1.47102E+00
 1.33038E-11    1.44787E+00
 1.37325E-11    1.42510E+00
 1.41751E-11    1.40267E+00
 1.46318E-11    1.38061E+00
 1.51034E-11    1.35888E+00
 1.55901E-11    1.33751E+00
 1.60926E-11    1.31646E+00
 1.66111E-11    1.29575E+00
 1.71465E-11    1.27536E+00
 1.76990E-11    1.25530E+00
 1.82694E-11    1.23554E+00
 1.88581E-11    1.21611E+00
 1.94659E-11    1.19697E+00
 2.00931E-11    1.17814E+00
 2.07407E-11    1.15960E+00
 2.14090E-11    1.14135E+00
 2.20991E-11    1.12340E+00
 2.28111E-11    1.10572E+00
 2.35464E-11    1.08832E+00
 2.43051E-11    1.07120E+00
 2.50884E-11    1.05434E+00
 2.58968E-11    1.03776E+00
 2.67315E-11    1.02143E+00
 2.75928E-11    1.00536E+00
 2.84822E-11    9.89539E-01
 2.93999E-11    9.73976E-01
 3.03475E-11    9.58648E-01
 3.13253E-11    9.43569E-01
 3.23350E-11    9.28718E-01
 3.33769E-11    9.14109E-01
 3.44526E-11    8.99722E-01
 3.55627E-11    8.85570E-01
 3.67089E-11    8.71632E-01
 3.78918E-11    8.57922E-01
 3.91130E-11    8.44420E-01
 4.03734E-11    8.31140E-01
 4.16746E-11    8.18060E-01
 4.30174E-11    8.05187E-01
 4.44039E-11    7.92522E-01
 4.58347E-11    7.80051E-01
 4.73119E-11    7.67773E-01
 4.88364E-11    7.55696E-01
 5.04104E-11    7.43806E-01
 5.20348E-11    7.32102E-01
 5.37119E-11    7.20585E-01
 5.54426E-11    7.09248E-01
 5.72295E-11    6.98091E-01
 5.90736E-11    6.87105E-01
 6.09775E-11    6.76293E-01
 6.29424E-11    6.65653E-01
 6.49710E-11    6.55180E-01
 6.70645E-11    6.44872E-01
 6.92260E-11    6.34725E-01
 7.14566E-11    6.24739E-01
 7.37596E-11    6.14908E-01
 7.61364E-11    6.05235E-01
 7.85902E-11    5.95711E-01
 8.11227E-11    5.86339E-01
 8.37372E-11    5.77113E-01
 8.64355E-11    5.68034E-01
 8.92212E-11    5.59096E-01
 9.20962E-11    5.50299E-01
 9.50644E-11    5.41641E-01
 9.81277E-11    5.33119E-01
 1.01291E-10    5.24729E-01
 1.04554E-10    5.16475E-01
 1.07924E-10    5.08347E-01
 1.11402E-10    5.00351E-01
 1.14992E-10    4.92477E-01
 1.18697E-10    4.84729E-01
 1.22523E-10    4.77101E-01
 1.26471E-10    4.69596E-01
 1.30547E-10    4.62206E-01
 1.34754E-10    4.54935E-01
 1.39097E-10    4.47776E-01
 1.43579E-10    4.40733E-01
 1.48207E-10    4.33797E-01
 1.52982E-10    4.26973E-01
 1.57913E-10    4.20253E-01
 1.63001E-10    4.13642E-01
 1.68254E-10    4.07133E-01
 1.73676E-10    4.00729E-01
 1.79274E-10    3.94423E-01
 1.85050E-10    3.88218E-01
 1.91014E-10    3.82109E-01
 1.97169E-10    3.76097E-01
 2.03524E-10    3.70179E-01
 2.10082E-10    3.64356E-01
 2.16853E-10    3.58622E-01
 2.23840E-10    3.52981E-01
 2.31055E-10    3.47426E-01
 2.38500E-10    3.41961E-01
 2.46187E-10    3.36579E-01
 2.54120E-10    3.31284E-01
 2.62310E-10    3.26072E-01
 2.70762E-10    3.20942E-01
 2.79489E-10    3.15891E-01
 2.88494E-10    3.10922E-01
 2.97793E-10    3.06030E-01
 3.07388E-10    3.01215E-01
 3.17295E-10    2.96475E-01
 3.27519E-10    2.91811E-01
 3.38075E-10    2.87219E-01
 3.48969E-10    2.82701E-01
 3.60216E-10    2.78252E-01
 3.71823E-10    2.73874E-01
 3.83807E-10    2.69565E-01
 3.96174E-10    2.65324E-01
 4.08943E-10    2.61149E-01
 4.22120E-10    2.57041E-01
 4.35725E-10    2.52996E-01
 4.49765E-10    2.49016E-01
 4.64261E-10    2.45098E-01
 4.79221E-10    2.41241E-01
 4.94666E-10    2.37445E-01
 5.10605E-10    2.33710E-01
 5.27062E-10    2.30032E-01
 5.44045E-10    2.26413E-01
 5.61580E-10    2.22851E-01
 5.79675E-10    2.19345E-01
 5.98358E-10    2.15893E-01
 6.17639E-10    2.12497E-01
 6.37545E-10    2.09153E-01
 6.58089E-10    2.05862E-01
 6.79298E-10    2.02623E-01
 7.01188E-10    1.99436E-01
 7.23786E-10    1.96298E-01
 7.47109E-10    1.93209E-01
 7.71188E-10    1.90169E-01
 7.96038E-10    1.87177E-01
 8.21693E-10    1.84232E-01
 8.48171E-10    1.81333E-01
 8.75507E-10    1.78480E-01
 9.03719E-10    1.75672E-01
 9.32845E-10    1.72908E-01
 9.62904E-10    1.70188E-01
 9.93937E-10    1.67510E-01
 1.02597E-09    1.64874E-01
 1.05903E-09    1.62280E-01
 1.09316E-09    1.59727E-01
 1.12839E-09    1.57214E-01
 1.16475E-09    1.54740E-01
 1.20229E-09    1.52305E-01
 1.24103E-09    1.49909E-01
 1.28103E-09    1.47551E-01
 1.32231E-09    1.45229E-01
 1.36492E-09    1.42944E-01
 1.40890E-09    1.40695E-01
 1.45431E-09    1.38481E-01
 1.50117E-09    1.36302E-01
 1.54956E-09    1.34158E-01
 1.59949E-09    1.32047E-01
 1.65104E-09    1.29970E-01
 1.70424E-09    1.27924E-01
 1.75917E-09    1.25912E-01
 1.81585E-09    1.23931E-01
 1.87438E-09    1.21981E-01
 1.93477E-09    1.20062E-01
 1.99713E-09    1.18173E-01
 2.06148E-09    1.16314E-01
 2.12792E-09    1.14483E-01
 2.19649E-09    1.12682E-01
 2.26728E-09    1.10909E-01
 2.34034E-09    1.09164E-01
 2.41577E-09    1.07447E-01
 2.49362E-09    1.05756E-01
 2.57398E-09    1.04092E-01
 2.65692E-09    1.02455E-01
 2.74255E-09    1.00842E-01
 2.83093E-09    9.92555E-02
 2.92217E-09    9.76936E-02
 3.01633E-09    9.61567E-02
 3.11354E-09    9.46439E-02
 3.21387E-09    9.31547E-02
 3.31745E-09    9.16890E-02
 3.42435E-09    9.02468E-02
 3.53471E-09    8.88267E-02
 3.64861E-09    8.74288E-02
 3.76620E-09    8.60530E-02
 3.88757E-09    8.46994E-02
 4.01286E-09    8.33664E-02
 4.14217E-09    8.20550E-02
 4.27566E-09    8.07643E-02
 4.41344E-09    7.94936E-02
 4.55568E-09    7.82423E-02
 4.70248E-09    7.70118E-02
 4.85404E-09    7.57999E-02
 5.01045E-09    7.46074E-02
 5.17193E-09    7.34336E-02
 5.33859E-09    7.22778E-02
 5.51065E-09    7.11407E-02
 5.68822E-09    7.00215E-02
 5.87154E-09    6.89197E-02
 6.06075E-09    6.78355E-02
 6.25608E-09    6.67681E-02
 6.45767E-09    6.57177E-02
 6.66579E-09    6.46836E-02
 6.88059E-09    6.36661E-02
 7.10234E-09    6.26643E-02
 7.33121E-09    6.16785E-02
 7.56748E-09    6.07081E-02
 7.81133E-09    5.97531E-02
 8.06308E-09    5.88130E-02
 8.32291E-09    5.78880E-02
 8.59114E-09    5.69774E-02
 8.86798E-09    5.60813E-02
 9.15378E-09    5.51993E-02
 9.44875E-09    5.43315E-02
 9.75327E-09    5.34773E-02
 1.00676E-08    5.26369E-02
 1.03920E-08    5.18099E-02
 1.07269E-08    5.09962E-02
 1.10726E-08    5.01955E-02
 1.14294E-08    4.94079E-02
 1.17978E-08    4.86330E-02
 1.21779E-08    4.78708E-02
 1.25704E-08    4.71211E-02
 1.29755E-08    4.63837E-02
 1.33937E-08    4.56584E-02
 1.38253E-08    4.49451E-02
 1.42708E-08    4.42433E-02
 1.47307E-08    4.35532E-02
 1.52054E-08    4.28741E-02
 1.56954E-08    4.22061E-02
 1.62012E-08    4.15486E-02
 1.67233E-08    4.09015E-02
 1.72623E-08    4.02644E-02
 1.78185E-08    3.96372E-02
 1.83928E-08    3.90194E-02
 1.89855E-08    3.84111E-02
 1.95974E-08    3.78119E-02
 2.02289E-08    3.72220E-02
 2.08808E-08    3.66411E-02
 2.15537E-08    3.60694E-02
 2.22483E-08    3.55065E-02
 2.29652E-08    3.49526E-02
 2.37054E-08    3.44075E-02
 2.44693E-08    3.38711E-02
 2.52522E-08    3.33465E-02
 2.53000E-08    3.33153E-02
 2.61154E-08    3.27955E-02
 2.69569E-08    3.22833E-02
 2.78257E-08    3.17784E-02
 2.87224E-08    3.12804E-02
 2.96480E-08    3.07891E-02
 3.06034E-08    3.03046E-02
 3.15897E-08    2.98267E-02
 3.26077E-08    2.93555E-02
 3.36586E-08    2.88913E-02
 3.47432E-08    2.84342E-02
 3.58629E-08    2.79843E-02
 3.70185E-08    2.75417E-02
 3.82116E-08    2.71064E-02
 3.94429E-08    2.66785E-02
 4.07141E-08    2.62576E-02
 4.20261E-08    2.58437E-02
 4.33805E-08    2.54366E-02
 4.47784E-08    2.50361E-02
 4.62215E-08    2.46420E-02
 4.77110E-08    2.42541E-02
 4.92486E-08    2.38724E-02
 5.08356E-08    2.34968E-02
 5.24740E-08    2.31271E-02
 5.41649E-08    2.27634E-02
 5.59105E-08    2.24053E-02
 5.77122E-08    2.20528E-02
 5.95722E-08    2.17056E-02
 6.14918E-08    2.13638E-02
 6.34736E-08    2.10276E-02
 6.55190E-08    2.06969E-02
 6.76305E-08    2.03715E-02
 6.98099E-08    2.00514E-02
 7.20597E-08    1.97360E-02
 7.43818E-08    1.94252E-02
 7.67790E-08    1.91190E-02
 7.92531E-08    1.88178E-02
 8.18073E-08    1.85217E-02
 8.44435E-08    1.82309E-02
 8.71649E-08    1.79448E-02
 8.99737E-08    1.76629E-02
 9.28735E-08    1.73847E-02
 9.58662E-08    1.71102E-02
 9.89558E-08    1.68399E-02
 1.01929E-07    1.65922E-02
 1.04992E-07    1.63492E-02
 1.08375E-07    1.60934E-02
 1.12104E-07    1.58246E-02
 1.15962E-07    1.55590E-02
 1.19952E-07    1.52964E-02
 1.23818E-07    1.50540E-02
 1.27538E-07    1.48321E-02
 1.31370E-07    1.46150E-02
 1.35603E-07    1.43872E-02
 1.40270E-07    1.41480E-02
 1.45404E-07    1.38959E-02
 1.50408E-07    1.36605E-02
 1.54927E-07    1.34572E-02
 1.59244E-07    1.32723E-02
 1.63683E-07    1.30917E-02
 1.68601E-07    1.29020E-02
 1.74402E-07    1.26889E-02
 1.81168E-07    1.24506E-02
 1.87799E-07    1.22259E-02
 1.93441E-07    1.20427E-02
 1.98833E-07    1.18762E-02
 2.04374E-07    1.17146E-02
 2.10071E-07    1.15575E-02
 2.17299E-07    1.13681E-02
 2.26686E-07    1.11322E-02
 2.35978E-07    1.09067E-02
 2.43069E-07    1.07421E-02
 2.49315E-07    1.06044E-02
 2.55722E-07    1.04711E-02
 2.62850E-07    1.03315E-02
 2.71895E-07    1.01636E-02
 2.85444E-07    9.92168E-03
 2.97146E-07    9.71908E-03
 3.05427E-07    9.58170E-03
 3.13277E-07    9.45851E-03
 3.20649E-07    9.34978E-03
 3.28890E-07    9.23544E-03
 3.40207E-07    9.08666E-03
 3.60958E-07    8.82353E-03
 3.74961E-07    8.65082E-03
 3.84597E-07    8.53710E-03
 3.93647E-07    8.43639E-03
 4.02911E-07    8.34003E-03
 4.13266E-07    8.23905E-03
 4.29298E-07    8.09081E-03
 4.61299E-07    7.80307E-03
 4.76164E-07    7.67379E-03
 4.87370E-07    7.58138E-03
 4.97785E-07    7.50107E-03
 5.09498E-07    7.41689E-03
 5.24807E-07    7.31390E-03
 5.68716E-07    7.03072E-03
 5.92031E-07    6.88326E-03
 6.05962E-07    6.79914E-03
 6.18912E-07    6.72588E-03
 6.32138E-07    6.65655E-03
 6.48383E-07    6.57734E-03
 6.85028E-07    6.40778E-03
 7.37650E-07    6.16775E-03
 7.56607E-07    6.08486E-03
 7.71142E-07    6.02539E-03
 7.85960E-07    5.96943E-03
 8.02756E-07    5.91096E-03
 8.32136E-07    5.81509E-03
 9.54743E-07    5.42403E-03
 9.79278E-07    5.34876E-03
 9.98091E-07    5.29492E-03
 1.01367E-06    5.25367E-03
 1.03517E-06    5.20089E-03
 1.12595E-06    4.99263E-03
 1.19084E-06    4.84721E-03
 1.22468E-06    4.77893E-03
 1.27725E-06    4.68675E-03
 1.50057E-06    4.31808E-03
 1.55402E-06    4.24363E-03
 1.89076E-06    3.84578E-03
 2.01385E-06    3.73347E-03
 2.38253E-06    3.42524E-03
 2.68376E-06    3.23862E-03
 2.98117E-06    3.06180E-03
 3.35809E-06    2.89531E-03
 3.75636E-06    2.72730E-03
 4.66750E-06    2.44664E-03
 5.18449E-06    2.33001E-03
 5.88118E-06    2.17926E-03
 7.35891E-06    1.94827E-03
 1.00154E-05    1.66966E-03
 1.16028E-05    1.55123E-03
 1.45182E-05    1.38673E-03
 1.81661E-05    1.23962E-03
 2.27305E-05    1.10812E-03
 2.84419E-05    9.90590E-04
 3.55883E-05    8.85528E-04
 4.48422E-05    7.89001E-04
 5.61094E-05    7.05306E-04
 7.02077E-05    6.30480E-04
 8.78483E-05    5.63542E-04
 1.00356E-04    5.27375E-04
 1.37541E-04    4.50564E-04
 1.99495E-04    4.18598E-04
 2.00000E-04    4.18928E-04
 2.02822E-04    4.28626E-04
 2.16025E-04    4.77433E-04
 3.00000E-04    8.36888E-04
 3.37947E-04    1.02592E-03
 4.22860E-04    1.50538E-03
 5.30038E-04    2.21513E-03
 6.00000E-04    2.73827E-03
 8.31035E-04    4.78046E-03
 1.00000E-03    5.72921E-03
 1.30497E-03    4.51603E-03
 1.63287E-03    3.69407E-03
 2.00000E-03    3.07895E-03
 2.56573E-03    2.48638E-03
 2.99321E-03    2.17890E-03
 4.01706E-03    1.72455E-03
 5.04144E-03    1.43904E-03
 6.00000E-03    1.25308E-03
 7.90894E-03    1.03406E-03
 1.00000E-02    8.78418E-04
 1.24074E-02    7.82209E-04
 1.55249E-02    6.93457E-04
 1.99778E-02    6.05551E-04
 2.45515E-02    5.66053E-04
 3.00000E-02    5.30020E-04
 4.79039E-02    5.21732E-04
 5.00100E-02    5.21860E-04
 6.00000E-02    5.17811E-04
 1.00000E-01    7.53739E-04
 2.00000E-01    2.27899E-03
 3.00000E-01    6.81351E-03
 4.00000E-01    1.85735E-02
 5.00000E-01    4.57637E-02
 5.99882E-01    1.02560E-01
 7.00000E-01    1.96155E-01
 8.00000E-01    3.56415E-01
 9.06349E-01    6.31994E-01
 1.00000E+00    8.69308E-01
 1.20000E+00    1.75913E+00
 1.40000E+00    3.27777E+00
 1.60000E+00    5.01503E+00
 1.80000E+00    7.85716E+00
 2.00000E+00    1.21207E+01
 2.20000E+00    1.66197E+01
 2.40000E+00    2.18319E+01
 2.60000E+00    2.49021E+01
 2.85953E+00    2.80369E+01
 3.00000E+00    2.96788E+01
 3.20000E+00    3.23893E+01
 3.70230E+00    4.03204E+01
 3.80000E+00    4.18502E+01
 4.00000E+00    4.45665E+01
 4.25925E+00    4.73581E+01
 4.40000E+00    4.87755E+01
 4.60000E+00    5.02040E+01
 5.00000E+00    5.20737E+01
 5.47618E+00    5.32489E+01
 5.67901E+00    5.35174E+01
 5.84091E+00    5.36763E+01
 6.08465E+00    5.40266E+01
 6.20000E+00    5.41149E+01
 6.80000E+00    5.57472E+01
 7.20000E+00    5.74440E+01
 7.45220E+00    5.91214E+01
 7.65361E+00    6.03046E+01
 7.85502E+00    6.17144E+01
 9.06349E+00    7.09907E+01
 9.50000E+00    7.41477E+01
 1.00000E+01    7.64326E+01
 1.01411E+01    7.65774E+01
 1.02842E+01    7.67249E+01
 1.04292E+01    7.68738E+01
 1.05000E+01    7.69464E+01
 1.06481E+01    7.65323E+01
 1.07984E+01    7.61126E+01
 1.09507E+01    7.56872E+01
 1.10000E+01    7.55496E+01
 1.11552E+01    7.46155E+01
 1.13126E+01    7.36686E+01
 1.14722E+01    7.27081E+01
 1.15000E+01    7.25407E+01
 1.16622E+01    7.11430E+01
 1.18268E+01    6.97256E+01
 1.19936E+01    6.82882E+01
 1.20000E+01    6.82334E+01
 1.21693E+01    6.63356E+01
 1.23410E+01    6.44110E+01
 1.25000E+01    6.26285E+01
 1.26764E+01    6.05551E+01
 1.28552E+01    5.84524E+01
 1.30000E+01    5.67498E+01
 1.31834E+01    5.47743E+01
 1.33694E+01    5.27709E+01
 1.35000E+01    5.13641E+01
 1.36905E+01    4.94069E+01
 1.38836E+01    4.74221E+01
 1.40000E+01    4.62261E+01
 1.41975E+01    4.43543E+01
 1.43978E+01    4.24561E+01
 1.45000E+01    4.14878E+01
 1.47046E+01    3.99584E+01
 1.49120E+01    3.84074E+01
 1.50000E+01    3.77497E+01
 1.52116E+01    3.64277E+01
 1.54262E+01    3.50870E+01
 1.56439E+01    3.37276E+01
 1.58646E+01    3.23488E+01
 1.60000E+01    3.15028E+01
 1.62257E+01    3.05652E+01
 1.64546E+01    2.96143E+01
 1.66868E+01    2.86501E+01
 1.69222E+01    2.76723E+01
 1.70000E+01    2.73491E+01
 1.72398E+01    2.66595E+01
 1.74831E+01    2.59602E+01
 1.77297E+01    2.52510E+01
 1.79799E+01    2.45318E+01
 1.80000E+01    2.44739E+01
 1.82539E+01    2.39947E+01
 1.85115E+01    2.35087E+01
 1.87726E+01    2.30159E+01
 1.90000E+01    2.25868E+01
 1.92681E+01    2.22086E+01
 1.95399E+01    2.18252E+01
 1.98156E+01    2.14363E+01
 2.00000E+01    2.11761E+01
 2.02822E+01    2.09334E+01
 2.05683E+01    2.06874E+01
 2.08585E+01    2.04379E+01
 2.10000E+01    2.03162E+01
 2.12963E+01    2.00215E+01
 2.15967E+01    1.97226E+01
 2.19014E+01    1.94195E+01
 2.20000E+01    1.93214E+01
 2.23104E+01    1.91228E+01
 2.26251E+01    1.89215E+01
 2.29443E+01    1.87173E+01
 2.30000E+01    1.86817E+01
 2.33245E+01    1.85026E+01
 2.36536E+01    1.83209E+01
 2.39873E+01    1.81367E+01
 2.40000E+01    1.81297E+01
 2.43386E+01    1.80673E+01
 2.46820E+01    1.80041E+01
 2.50000E+01    1.79456E+01
 2.53527E+01    1.77199E+01
 2.57104E+01    1.74910E+01
 2.60000E+01    1.73057E+01
 2.63668E+01    1.70939E+01
 2.67388E+01    1.68792E+01
 2.70000E+01    1.67285E+01
 2.73809E+01    1.65380E+01
 2.77672E+01    1.63448E+01
 2.80000E+01    1.62284E+01
 2.83950E+01    1.59877E+01
 2.87956E+01    1.57437E+01
 2.90000E+01    1.56191E+01
 2.94091E+01    1.54067E+01
 2.98240E+01    1.51911E+01
 3.00000E+01    1.50998E+01
 3.00000E+01    1.50998E+01
 3.20000E+01    1.41524E+01
 3.40000E+01    1.31275E+01
 3.60000E+01    1.20450E+01
 3.80000E+01    1.11417E+01
 4.00000E+01    1.01708E+01
 4.20000E+01    9.48988E+00
 4.40000E+01    8.71012E+00
 4.60000E+01    7.94070E+00
 4.80000E+01    7.39583E+00
 5.00000E+01    6.79564E+00
 5.20000E+01    6.20870E+00
 5.40000E+01    5.72124E+00
 5.60000E+01    5.27777E+00
 5.80000E+01    4.85916E+00
 6.00000E+01    4.47179E+00
 6.50000E+01    3.89792E+00
 7.00000E+01    3.20762E+00
 7.50000E+01    2.81880E+00
 8.00000E+01    2.43840E+00
 9.00000E+01    1.96654E+00
 1.00000E+02    1.58952E+00
 1.10000E+02    1.27335E+00
 1.20000E+02    1.06898E+00
 1.30000E+02    8.78461E-01
 1.40000E+02    7.44324E-01
 1.50000E+02    6.32941E-01
 1.60000E+02    5.36069E-01
 1.80000E+02    3.96230E-01
 2.00000E+02    3.29474E-01
