# n + Se 79 : (n,n'10)  
# endfb8.0   JNDC FP Nuclear Data W.G.         EVAL-MAR90
# uncertainties: n
# # energies =   388
#   E(MeV)       xs(mb) 
 8.00502E-01    0.00000E+00
 8.00723E-01    2.08921E-01
 8.01161E-01    6.23498E-01
 8.01593E-01    1.03160E+00
 8.02443E-01    1.83504E+00
 8.03268E-01    2.61338E+00
 8.04068E-01    3.36739E+00
 8.05620E-01    4.82830E+00
 8.07078E-01    6.19789E+00
 8.08447E-01    7.48188E+00
 8.09733E-01    8.68563E+00
 8.12149E-01    1.09427E+01
 8.14269E-01    1.29175E+01
 8.16129E-01    1.46456E+01
 8.19393E-01    1.76696E+01
 8.21850E-01    1.99377E+01
 8.25549E-01    2.33397E+01
 8.29265E-01    2.67418E+01
 8.33518E-01    2.85613E+01
 8.37526E-01    3.02672E+01
 8.41300E-01    3.18664E+01
 8.48423E-01    3.48649E+01
 8.54705E-01    3.74886E+01
 8.60240E-01    3.97844E+01
 8.65112E-01    4.17932E+01
 8.73705E-01    4.53085E+01
 8.80206E-01    4.79450E+01
 8.85113E-01    4.99224E+01
 8.92526E-01    5.28885E+01
 9.00000E-01    5.58546E+01
 9.08566E-01    5.83579E+01
 9.18025E-01    6.01984E+01
 9.26383E-01    6.18089E+01
 9.41192E-01    6.46272E+01
 9.52454E-01    6.67409E+01
 9.60989E-01    6.83261E+01
 9.73935E-01    7.07041E+01
 9.87056E-01    7.30820E+01
 9.95463E-01    7.42051E+01
 1.00000E+00    7.45096E+01
 1.02109E+00    7.64459E+01
 1.05295E+00    7.82009E+01
 1.08580E+00    7.99559E+01
 1.09380E+00    8.02377E+01
 1.10272E+00    8.05350E+01
 1.12429E+00    8.11564E+01
 1.15963E+00    8.11472E+01
 1.24704E+00    8.10139E+01
 1.25000E+00    8.09468E+01
 1.26942E+00    8.07647E+01
 1.27276E+00    8.06915E+01
 1.31422E+00    7.97598E+01
 1.35703E+00    7.88282E+01
 1.40270E+00    7.75998E+01
 1.45053E+00    7.61329E+01
 1.50000E+00    7.46661E+01
 1.51006E+00    7.44095E+01
 1.55890E+00    7.32359E+01
 1.60931E+00    7.20623E+01
 1.64834E+00    7.13212E+01
 1.68831E+00    7.05801E+01
 1.75000E+00    6.94834E+01
 1.75991E+00    6.93088E+01
 1.78260E+00    6.89371E+01
 1.80843E+00    6.79570E+01
 1.85453E+00    6.62418E+01
 1.88987E+00    6.49553E+01
 1.91682E+00    6.39905E+01
 1.95797E+00    6.25433E+01
 2.00000E+00    6.10961E+01
 2.02550E+00    5.98215E+01
 2.05052E+00    5.85868E+01
 2.07505E+00    5.73906E+01
 2.09909E+00    5.62319E+01
 2.12265E+00    5.51093E+01
 2.14572E+00    5.40218E+01
 2.16831E+00    5.29683E+01
 2.21276E+00    5.09271E+01
 2.25525E+00    4.90136E+01
 2.29584E+00    4.72196E+01
 2.33454E+00    4.55377E+01
 2.37142E+00    4.39610E+01
 2.40653E+00    4.24828E+01
 2.43991E+00    4.10970E+01
 2.47163E+00    3.97978E+01
 2.50174E+00    3.85798E+01
 2.53030E+00    3.74379E+01
 2.55737E+00    3.63674E+01
 2.58302E+00    3.53638E+01
 2.60729E+00    3.44229E+01
 2.63025E+00    3.35408E+01
 2.65196E+00    3.27139E+01
 2.69316E+00    3.11634E+01
 2.72973E+00    2.98067E+01
 2.76213E+00    2.86196E+01
 2.79080E+00    2.75809E+01
 2.81613E+00    2.66720E+01
 2.83849E+00    2.58767E+01
 2.87803E+00    2.44850E+01
 2.90805E+00    2.34412E+01
 2.93077E+00    2.26583E+01
 2.96518E+00    2.14841E+01
 3.00000E+00    2.03098E+01
 3.05443E+00    1.94699E+01
 3.10635E+00    1.86825E+01
 3.15583E+00    1.79443E+01
 3.20293E+00    1.72522E+01
 3.24773E+00    1.66034E+01
 3.29029E+00    1.59951E+01
 3.33071E+00    1.54249E+01
 3.36904E+00    1.48903E+01
 3.40539E+00    1.43891E+01
 3.43981E+00    1.39192E+01
 3.47240E+00    1.34787E+01
 3.50324E+00    1.30658E+01
 3.53239E+00    1.26786E+01
 3.55994E+00    1.23156E+01
 3.58597E+00    1.19754E+01
 3.63528E+00    1.13373E+01
 3.67899E+00    1.07791E+01
 3.71766E+00    1.02906E+01
 3.75184E+00    9.86318E+00
 3.78199E+00    9.48919E+00
 3.80858E+00    9.16194E+00
 3.85556E+00    8.58926E+00
 3.89117E+00    8.15975E+00
 3.91810E+00    7.83762E+00
 3.95884E+00    7.35443E+00
 4.00000E+00    6.87123E+00
 4.05618E+00    6.59368E+00
 4.10956E+00    6.33347E+00
 4.16024E+00    6.08952E+00
 4.20833E+00    5.86083E+00
 4.25391E+00    5.64642E+00
 4.29709E+00    5.44542E+00
 4.33797E+00    5.25698E+00
 4.37665E+00    5.08031E+00
 4.41323E+00    4.91469E+00
 4.44779E+00    4.75942E+00
 4.48044E+00    4.61385E+00
 4.51127E+00    4.47739E+00
 4.56965E+00    4.22151E+00
 4.62135E+00    3.99761E+00
 4.66707E+00    3.80171E+00
 4.70744E+00    3.63029E+00
 4.74305E+00    3.48030E+00
 4.77443E+00    3.34906E+00
 4.80206E+00    3.23422E+00
 4.85080E+00    3.03325E+00
 4.88768E+00    2.88253E+00
 4.91552E+00    2.76949E+00
 4.95758E+00    2.59992E+00
 5.00000E+00    2.43036E+00
 5.05730E+00    2.33426E+00
 5.11162E+00    2.24417E+00
 5.16307E+00    2.15971E+00
 5.21177E+00    2.08053E+00
 5.25785E+00    2.00629E+00
 5.30142E+00    1.93670E+00
 5.34260E+00    1.87146E+00
 5.38149E+00    1.81029E+00
 5.41820E+00    1.75295E+00
 5.45285E+00    1.69919E+00
 5.51842E+00    1.59839E+00
 5.57644E+00    1.51019E+00
 5.62770E+00    1.43302E+00
 5.67295E+00    1.36549E+00
 5.71283E+00    1.30640E+00
 5.74796E+00    1.25470E+00
 5.77888E+00    1.20946E+00
 5.83338E+00    1.13030E+00
 5.87460E+00    1.07092E+00
 5.90570E+00    1.02639E+00
 5.95266E+00    9.59595E-01
 6.00000E+00    8.92798E-01
 6.05809E+00    8.57584E-01
 6.11305E+00    8.24571E-01
 6.16504E+00    7.93621E-01
 6.21417E+00    7.64605E-01
 6.26059E+00    7.37403E-01
 6.30443E+00    7.11901E-01
 6.34580E+00    6.87993E-01
 6.38483E+00    6.65580E-01
 6.45867E+00    6.23554E-01
 6.52398E+00    5.86781E-01
 6.58166E+00    5.54605E-01
 6.63256E+00    5.26451E-01
 6.67741E+00    5.01816E-01
 6.71691E+00    4.80261E-01
 6.75166E+00    4.61400E-01
 6.81290E+00    4.28393E-01
 6.85920E+00    4.03638E-01
 6.89414E+00    3.85072E-01
 6.94687E+00    3.57222E-01
 7.00000E+00    3.29373E-01
 7.05866E+00    3.13898E-01
 7.11411E+00    2.99389E-01
 7.16648E+00    2.85788E-01
 7.21593E+00    2.73036E-01
 7.26261E+00    2.61082E-01
 7.30663E+00    2.49875E-01
 7.34815E+00    2.39368E-01
 7.38729E+00    2.29518E-01
 7.42417E+00    2.20283E-01
 7.49382E+00    2.02969E-01
 7.55530E+00    1.87818E-01
 7.60950E+00    1.74562E-01
 7.65725E+00    1.62962E-01
 7.69928E+00    1.52813E-01
 7.73624E+00    1.43932E-01
 7.76873E+00    1.36161E-01
 7.82591E+00    1.22562E-01
 7.86908E+00    1.12363E-01
 7.90161E+00    1.04714E-01
 7.95065E+00    9.32399E-02
 7.97529E+00    8.75029E-02
 8.00000E+00    8.17659E-02
 8.05911E+00    7.75247E-02
 8.11492E+00    7.35485E-02
 8.16759E+00    6.98209E-02
 8.21729E+00    6.63263E-02
 8.26415E+00    6.30500E-02
 8.30832E+00    5.99786E-02
 8.34995E+00    5.70991E-02
 8.38917E+00    5.43995E-02
 8.42610E+00    5.18687E-02
 8.49578E+00    4.71234E-02
 8.55723E+00    4.29713E-02
 8.61137E+00    3.93382E-02
 8.65901E+00    3.61592E-02
 8.70092E+00    3.33777E-02
 8.73775E+00    3.09438E-02
 8.77011E+00    2.88141E-02
 8.79852E+00    2.69506E-02
 8.84847E+00    2.36896E-02
 8.88611E+00    2.12438E-02
 8.91445E+00    1.94095E-02
 8.95712E+00    1.66580E-02
 8.97853E+00    1.52822E-02
 9.00000E+00    1.39065E-02
 9.05946E+00    1.31816E-02
 9.11556E+00    1.25020E-02
 9.16847E+00    1.18649E-02
 9.21836E+00    1.12676E-02
 9.26537E+00    1.07077E-02
 9.30966E+00    1.01827E-02
 9.35137E+00    9.69055E-03
 9.39065E+00    9.22916E-03
 9.46474E+00    8.36405E-03
 9.53005E+00    7.60708E-03
 9.58756E+00    6.94472E-03
 9.63817E+00    6.36517E-03
 9.68268E+00    5.85806E-03
 9.72178E+00    5.41433E-03
 9.75613E+00    5.02607E-03
 9.78629E+00    4.68635E-03
 9.83928E+00    4.09183E-03
 9.87922E+00    3.64594E-03
 9.90928E+00    3.31152E-03
 9.95453E+00    2.80990E-03
 9.97724E+00    2.55908E-03
 1.00000E+01    2.30827E-03
 1.01146E+01    2.17121E-03
 1.02232E+01    2.04271E-03
 1.03261E+01    1.92224E-03
 1.04235E+01    1.80930E-03
 1.05157E+01    1.70343E-03
 1.06028E+01    1.60416E-03
 1.06852E+01    1.51111E-03
 1.07630E+01    1.42387E-03
 1.08364E+01    1.34208E-03
 1.09057E+01    1.26540E-03
 1.09711E+01    1.19352E-03
 1.10327E+01    1.12612E-03
 1.10908E+01    1.06294E-03
 1.11456E+01    1.00371E-03
 1.11971E+01    9.48184E-04
 1.12457E+01    8.96125E-04
 1.12914E+01    8.47320E-04
 1.13345E+01    8.01566E-04
 1.13750E+01    7.58671E-04
 1.14513E+01    6.78243E-04
 1.15185E+01    6.07868E-04
 1.15776E+01    5.46291E-04
 1.16296E+01    4.92410E-04
 1.16752E+01    4.45265E-04
 1.17153E+01    4.04013E-04
 1.17506E+01    3.67917E-04
 1.17815E+01    3.36333E-04
 1.18085E+01    3.08698E-04
 1.18561E+01    2.60335E-04
 1.18919E+01    2.24063E-04
 1.19189E+01    1.96859E-04
 1.19594E+01    1.56054E-04
 1.19797E+01    1.35651E-04
 1.20000E+01    1.15248E-04
 1.21162E+01    1.08749E-04
 1.22261E+01    1.02656E-04
 1.23301E+01    9.69442E-05
 1.24283E+01    9.15892E-05
 1.25212E+01    8.65688E-05
 1.26089E+01    8.18623E-05
 1.26916E+01    7.74499E-05
 1.27697E+01    7.33133E-05
 1.28433E+01    6.94352E-05
 1.29127E+01    6.57995E-05
 1.29781E+01    6.23910E-05
 1.30397E+01    5.91956E-05
 1.30978E+01    5.61999E-05
 1.31524E+01    5.33914E-05
 1.32039E+01    5.07584E-05
 1.33008E+01    4.58216E-05
 1.33863E+01    4.15019E-05
 1.34615E+01    3.77222E-05
 1.35277E+01    3.44149E-05
 1.35858E+01    3.15211E-05
 1.36369E+01    2.89889E-05
 1.36818E+01    2.67733E-05
 1.37212E+01    2.48347E-05
 1.37903E+01    2.14420E-05
 1.38425E+01    1.88975E-05
 1.38817E+01    1.69892E-05
 1.39407E+01    1.41266E-05
 1.39703E+01    1.26954E-05
 1.40000E+01    1.12641E-05
 1.41213E+01    1.03694E-05
 1.42282E+01    9.58649E-06
 1.43225E+01    8.90146E-06
 1.44055E+01    8.30206E-06
 1.44785E+01    7.77759E-06
 1.45427E+01    7.31868E-06
 1.45991E+01    6.91713E-06
 1.46983E+01    6.21442E-06
 1.47731E+01    5.68739E-06
 1.48295E+01    5.29211E-06
 1.49145E+01    4.69920E-06
 1.50000E+01    4.10629E-06
 1.51215E+01    3.79031E-06
 1.52286E+01    3.51382E-06
 1.53230E+01    3.27190E-06
 1.54060E+01    3.06022E-06
 1.54790E+01    2.87500E-06
 1.55432E+01    2.71293E-06
 1.56562E+01    2.42930E-06
 1.57414E+01    2.21659E-06
 1.58057E+01    2.05705E-06
 1.59025E+01    1.81775E-06
 1.59512E+01    1.69809E-06
 1.60000E+01    1.57844E-06
 1.61182E+01    1.49576E-06
 1.62298E+01    1.41825E-06
 1.63352E+01    1.34558E-06
 1.64346E+01    1.27746E-06
 1.65283E+01    1.21359E-06
 1.66166E+01    1.15371E-06
 1.66999E+01    1.09758E-06
 1.67783E+01    1.04496E-06
 1.68522E+01    9.95620E-07
 1.69217E+01    9.49370E-07
 1.70529E+01    8.62640E-07
 1.71685E+01    7.86760E-07
 1.72703E+01    7.20360E-07
 1.73599E+01    6.62270E-07
 1.74386E+01    6.11430E-07
 1.75078E+01    5.66950E-07
 1.75686E+01    5.28030E-07
 1.76220E+01    4.93970E-07
 1.77157E+01    4.34370E-07
 1.77864E+01    3.89670E-07
 1.78395E+01    3.56150E-07
 1.79196E+01    3.05870E-07
 1.79597E+01    2.80720E-07
 1.80000E+01    2.55580E-07
 1.81189E+01    2.42120E-07
 1.82311E+01    2.29500E-07
 1.83369E+01    2.17670E-07
 1.84367E+01    2.06580E-07
 1.85307E+01    1.96190E-07
 1.86193E+01    1.86440E-07
 1.87027E+01    1.77300E-07
 1.87813E+01    1.68730E-07
 1.89295E+01    1.52670E-07
 1.90601E+01    1.38610E-07
 1.91751E+01    1.26320E-07
 1.92763E+01    1.15550E-07
 1.93654E+01    1.06140E-07
 1.94436E+01    9.79000E-08
 2.00000E+01    4.02280E-08
