# n + Nb 93 : (n,n'05)  
# tendl.2019 A.J. Koning and D. Rochman        EVAL-NOV19
# uncertainties: n
# # energies =    99
#   E(MeV)       xs(mb) 
 8.19117E-01    0.00000E+00
 8.50000E-01    1.36116E+01
 8.80000E-01    2.06676E+01
 9.00000E-01    2.43422E+01
 9.30000E-01    3.01569E+01
 9.50000E-01    3.30032E+01
 9.60112E-01    3.43666E+01
 9.70000E-01    3.56998E+01
 9.80531E-01    3.71093E+01
 9.89538E-01    3.83148E+01
 1.00000E+00    3.97151E+01
 1.09443E+00    5.05138E+01
 1.10000E+00    5.11508E+01
 1.13933E+00    5.48741E+01
 1.20000E+00    6.06177E+01
 1.29820E+00    6.81975E+01
 1.30000E+00    6.83364E+01
 1.30401E+00    6.82569E+01
 1.31130E+00    6.81123E+01
 1.32978E+00    6.77459E+01
 1.34953E+00    6.73543E+01
 1.38473E+00    6.66563E+01
 1.40000E+00    6.63535E+01
 1.41057E+00    6.47467E+01
 1.47080E+00    5.55905E+01
 1.49969E+00    5.11986E+01
 1.50000E+00    5.11515E+01
 1.50718E+00    5.08672E+01
 1.51622E+00    5.05091E+01
 1.58888E+00    4.76315E+01
 1.60530E+00    4.69813E+01
 1.62065E+00    4.63733E+01
 1.65230E+00    4.51199E+01
 1.68374E+00    4.38748E+01
 1.69773E+00    4.33207E+01
 1.70000E+00    4.32308E+01
 1.70164E+00    4.32318E+01
 1.70465E+00    4.32336E+01
 1.71239E+00    4.32384E+01
 1.80000E+00    4.32918E+01
 1.90000E+00    4.13480E+01
 2.00000E+00    3.80279E+01
 2.10000E+00    3.43814E+01
 2.20000E+00    3.09702E+01
 2.30000E+00    2.80084E+01
 2.40000E+00    2.54951E+01
 2.50000E+00    2.33545E+01
 2.60000E+00    2.15635E+01
 2.70000E+00    2.00404E+01
 2.80000E+00    1.87346E+01
 2.90000E+00    1.75994E+01
 3.00000E+00    1.65994E+01
 3.20000E+00    1.49045E+01
 3.40236E+00    1.34841E+01
 3.50000E+00    1.28770E+01
 3.75000E+00    1.15030E+01
 4.00000E+00    1.03316E+01
 4.50000E+00    8.47497E+00
 5.00000E+00    7.12826E+00
 5.50000E+00    6.18080E+00
 6.00000E+00    5.53664E+00
 6.50000E+00    5.11175E+00
 7.00000E+00    4.82894E+00
 7.50000E+00    4.61913E+00
 8.00000E+00    4.43040E+00
 8.50000E+00    4.18647E+00
 9.00000E+00    3.82424E+00
 9.50000E+00    3.61184E+00
 1.00000E+01    3.43641E+00
 1.05000E+01    3.06597E+00
 1.10000E+01    2.71860E+00
 1.15000E+01    2.41040E+00
 1.20000E+01    2.17166E+00
 1.25000E+01    1.99256E+00
 1.30000E+01    1.85584E+00
 1.35000E+01    1.74974E+00
 1.40000E+01    1.66500E+00
 1.45000E+01    1.59050E+00
 1.50000E+01    1.52230E+00
 1.55000E+01    1.47458E+00
 1.60000E+01    1.42596E+00
 1.65000E+01    1.45086E+00
 1.70000E+01    1.48048E+00
 1.75000E+01    1.51537E+00
 1.80000E+01    1.55604E+00
 1.85000E+01    1.60313E+00
 1.90000E+01    1.65739E+00
 1.95000E+01    1.71983E+00
 2.00000E+01    1.79186E+00
 2.10000E+01    1.71168E+00
 2.20000E+01    1.63712E+00
 2.30000E+01    1.56936E+00
 2.40000E+01    1.50918E+00
 2.50000E+01    1.45670E+00
 2.60000E+01    1.41124E+00
 2.70000E+01    1.37149E+00
 2.80000E+01    1.33591E+00
 2.90000E+01    1.30300E+00
 3.00000E+01    1.27167E+00
