# n + W 180 : (n,n'27)  
# tendl.2019 A.J. Koning and D. Rochman        EVAL-NOV19
# uncertainties: n
# # energies =    65
#   E(MeV)       xs(mb) 
 1.70450E+00    0.00000E+00
 1.71249E+00    1.99405E+00
 1.73521E+00    7.66425E+00
 1.73951E+00    8.73742E+00
 1.80000E+00    2.38338E+01
 2.00000E+00    3.53126E+01
 2.20000E+00    3.60098E+01
 2.40000E+00    3.42512E+01
 2.60000E+00    3.09853E+01
 2.80000E+00    2.64995E+01
 3.00000E+00    2.13292E+01
 3.20000E+00    1.62749E+01
 3.40000E+00    1.16823E+01
 3.60000E+00    8.03709E+00
 3.80000E+00    5.36682E+00
 4.00000E+00    3.51732E+00
 4.20000E+00    2.28434E+00
 4.40000E+00    1.48087E+00
 4.60000E+00    9.66148E-01
 4.80000E+00    6.38213E-01
 5.00000E+00    4.19217E-01
 5.20000E+00    2.78029E-01
 5.40000E+00    1.85924E-01
 5.60000E+00    1.25377E-01
 5.80000E+00    8.46181E-02
 6.00000E+00    5.77321E-02
 6.20000E+00    3.97716E-02
 6.40000E+00    2.76016E-02
 6.60000E+00    1.92920E-02
 6.80000E+00    1.35932E-02
 7.00000E+00    9.62035E-03
 7.20000E+00    6.85952E-03
 7.40000E+00    4.91252E-03
 7.60000E+00    3.53373E-03
 7.80000E+00    2.55684E-03
 8.00000E+00    1.85564E-03
 8.50000E+00    8.49505E-04
 9.00000E+00    3.97401E-04
 9.50000E+00    1.89018E-04
 1.00000E+01    9.13442E-05
 1.05000E+01    4.48655E-05
 1.10000E+01    2.23946E-05
 1.15000E+01    1.13525E-05
 1.20000E+01    5.83788E-06
 1.25000E+01    3.04254E-06
 1.30000E+01    1.60626E-06
 1.35000E+01    8.58250E-07
 1.40000E+01    4.64240E-07
 1.45000E+01    2.53930E-07
 1.50000E+01    1.40480E-07
 1.60000E+01    4.43780E-08
 1.70000E+01    1.45570E-08
 1.80000E+01    4.90510E-09
 1.90000E+01    1.71320E-09
 2.00000E+01    6.15970E-10
 2.10000E+01    2.27410E-10
 2.20000E+01    8.59560E-11
 2.30000E+01    3.33830E-11
 2.40000E+01    1.32810E-11
 2.50000E+01    5.38650E-12
 2.60000E+01    2.22370E-12
 2.70000E+01    9.32050E-13
 2.80000E+01    3.96360E-13
 2.90000E+01    1.71530E-13
 3.00000E+01    7.52950E-14
