# n + Li  0 : (n,el)
# tendl.2019 P.G.Young                         EVAL-AUG88
# uncertainties: y
# # energies =   429
#   E(MeV)          xs(mb) 
 1.00000E-11    2.16066E+03
 1.03223E-11    2.14080E+03
 1.06549E-11    2.12125E+03
 1.09984E-11    2.10201E+03
 1.13527E-11    2.08307E+03
 1.17186E-11    2.06443E+03
 1.20962E-11    2.04609E+03
 1.24861E-11    2.02804E+03
 1.28884E-11    2.01027E+03
 1.33038E-11    1.99278E+03
 1.37325E-11    1.97557E+03
 1.41751E-11    1.95862E+03
 1.46318E-11    1.94195E+03
 1.51034E-11    1.92553E+03
 1.55901E-11    1.90938E+03
 1.60926E-11    1.89348E+03
 1.66111E-11    1.87783E+03
 1.71465E-11    1.86243E+03
 1.76990E-11    1.84728E+03
 1.82694E-11    1.83235E+03
 1.88581E-11    1.81767E+03
 1.94659E-11    1.80322E+03
 2.00931E-11    1.78899E+03
 2.07407E-11    1.77499E+03
 2.14090E-11    1.76121E+03
 2.20991E-11    1.74765E+03
 2.28111E-11    1.73431E+03
 2.35464E-11    1.72117E+03
 2.43051E-11    1.70824E+03
 2.50884E-11    1.69551E+03
 2.58968E-11    1.68300E+03
 2.67315E-11    1.67066E+03
 2.75928E-11    1.65853E+03
 2.84822E-11    1.64660E+03
 2.93999E-11    1.63485E+03
 3.03475E-11    1.62328E+03
 3.13253E-11    1.61190E+03
 3.23350E-11    1.60070E+03
 3.33769E-11    1.58967E+03
 3.44526E-11    1.57882E+03
 3.55627E-11    1.56814E+03
 3.67089E-11    1.55763E+03
 3.78918E-11    1.54729E+03
 3.91130E-11    1.53711E+03
 4.03734E-11    1.52709E+03
 4.16746E-11    1.51723E+03
 4.30174E-11    1.50752E+03
 4.44039E-11    1.49797E+03
 4.58347E-11    1.48858E+03
 4.73119E-11    1.47932E+03
 4.88364E-11    1.47022E+03
 5.04104E-11    1.46126E+03
 5.20348E-11    1.45244E+03
 5.37119E-11    1.44377E+03
 5.54426E-11    1.43523E+03
 5.72295E-11    1.42682E+03
 5.90736E-11    1.41855E+03
 6.09775E-11    1.41041E+03
 6.29424E-11    1.40240E+03
 6.49710E-11    1.39452E+03
 6.70645E-11    1.38676E+03
 6.92260E-11    1.37913E+03
 7.14566E-11    1.37162E+03
 7.37596E-11    1.36422E+03
 7.61364E-11    1.35695E+03
 7.85902E-11    1.34979E+03
 8.11227E-11    1.34274E+03
 8.37372E-11    1.33581E+03
 8.64355E-11    1.32898E+03
 8.92212E-11    1.32227E+03
 9.20962E-11    1.31566E+03
 9.50644E-11    1.30916E+03
 9.81277E-11    1.30276E+03
 1.01291E-10    1.29647E+03
 1.04554E-10    1.29027E+03
 1.07924E-10    1.28418E+03
 1.11402E-10    1.27818E+03
 1.14992E-10    1.27227E+03
 1.18697E-10    1.26647E+03
 1.22523E-10    1.26075E+03
 1.26471E-10    1.25513E+03
 1.30547E-10    1.24959E+03
 1.34754E-10    1.24415E+03
 1.39097E-10    1.23879E+03
 1.43579E-10    1.23352E+03
 1.48207E-10    1.22834E+03
 1.52982E-10    1.22324E+03
 1.57913E-10    1.21821E+03
 1.63001E-10    1.21328E+03
 1.68254E-10    1.20841E+03
 1.73676E-10    1.20363E+03
 1.79274E-10    1.19893E+03
 1.85050E-10    1.19430E+03
 1.91014E-10    1.18975E+03
 1.97169E-10    1.18527E+03
 2.03524E-10    1.18086E+03
 2.10082E-10    1.17653E+03
 2.16853E-10    1.17226E+03
 2.23840E-10    1.16807E+03
 2.31055E-10    1.16394E+03
 2.38500E-10    1.15988E+03
 2.46187E-10    1.15589E+03
 2.54120E-10    1.15196E+03
 2.62310E-10    1.14809E+03
 2.70762E-10    1.14429E+03
 2.79489E-10    1.14055E+03
 2.88494E-10    1.13688E+03
 2.97793E-10    1.13326E+03
 3.07388E-10    1.12970E+03
 3.17295E-10    1.12620E+03
 3.27519E-10    1.12276E+03
 3.38075E-10    1.11938E+03
 3.48969E-10    1.11605E+03
 3.60216E-10    1.11278E+03
 3.71823E-10    1.10956E+03
 3.83807E-10    1.10639E+03
 3.96174E-10    1.10328E+03
 4.08943E-10    1.10022E+03
 4.22120E-10    1.09721E+03
 4.35725E-10    1.09425E+03
 4.49765E-10    1.09134E+03
 4.64261E-10    1.08848E+03
 4.79221E-10    1.08567E+03
 4.94666E-10    1.08290E+03
 5.10605E-10    1.08018E+03
 5.27062E-10    1.07751E+03
 5.44045E-10    1.07489E+03
 5.61580E-10    1.07230E+03
 5.79675E-10    1.06977E+03
 5.98358E-10    1.06727E+03
 6.17639E-10    1.06482E+03
 6.37545E-10    1.06241E+03
 6.58089E-10    1.06004E+03
 6.79298E-10    1.05771E+03
 7.02674E-10    1.05528E+03
 7.26854E-10    1.05288E+03
 7.51866E-10    1.05054E+03
 7.77738E-10    1.04823E+03
 8.04501E-10    1.04597E+03
 8.32185E-10    1.04375E+03
 8.60821E-10    1.04157E+03
 8.90443E-10    1.03944E+03
 9.21084E-10    1.03734E+03
 9.52780E-10    1.03529E+03
 9.85566E-10    1.03327E+03
 1.01948E-09    1.03129E+03
 1.05456E-09    1.02935E+03
 1.09085E-09    1.02745E+03
 1.12839E-09    1.02559E+03
 1.16722E-09    1.02376E+03
 1.20738E-09    1.02197E+03
 1.24893E-09    1.02021E+03
 1.29191E-09    1.01849E+03
 1.33636E-09    1.01680E+03
 1.38235E-09    1.01514E+03
 1.42992E-09    1.01352E+03
 1.47912E-09    1.01193E+03
 1.53002E-09    1.01038E+03
 1.58267E-09    1.00885E+03
 1.63713E-09    1.00736E+03
 1.69347E-09    1.00590E+03
 1.75174E-09    1.00446E+03
 1.81202E-09    1.00306E+03
 1.87438E-09    1.00169E+03
 1.94297E-09    1.00026E+03
 2.01409E-09    9.98867E+02
 2.08781E-09    9.97505E+02
 2.16423E-09    9.96173E+02
 2.24343E-09    9.94871E+02
 2.32555E-09    9.93600E+02
 2.41066E-09    9.92359E+02
 2.49890E-09    9.91146E+02
 2.59036E-09    9.89963E+02
 2.68517E-09    9.88808E+02
 2.78344E-09    9.87681E+02
 2.88533E-09    9.86581E+02
 2.99092E-09    9.85508E+02
 3.10040E-09    9.84461E+02
 3.22068E-09    9.83381E+02
 3.34563E-09    9.82330E+02
 3.47542E-09    9.81307E+02
 3.61025E-09    9.80312E+02
 3.75031E-09    9.79343E+02
 3.89580E-09    9.78401E+02
 4.04694E-09    9.77485E+02
 4.20394E-09    9.76596E+02
 4.36703E-09    9.75730E+02
 4.54605E-09    9.74844E+02
 4.73242E-09    9.73985E+02
 4.92641E-09    9.73151E+02
 5.12837E-09    9.72345E+02
 5.33859E-09    9.71562E+02
 5.55745E-09    9.70805E+02
 5.79752E-09    9.70034E+02
 6.04796E-09    9.69288E+02
 6.30921E-09    9.68569E+02
 6.58176E-09    9.67874E+02
 6.86607E-09    9.67203E+02
 7.17781E-09    9.66524E+02
 7.50374E-09    9.65871E+02
 7.84444E-09    9.65242E+02
 8.20064E-09    9.64637E+02
 8.59114E-09    9.64028E+02
 9.00024E-09    9.63443E+02
 9.42882E-09    9.62883E+02
 9.89869E-09    9.62322E+02
 1.03920E-08    9.61785E+02
 1.09099E-08    9.61272E+02
 1.14778E-08    9.60761E+02
 1.20754E-08    9.60273E+02
 1.27309E-08    9.59789E+02
 1.34220E-08    9.59329E+02
 1.41805E-08    9.58875E+02
 1.49820E-08    9.58444E+02
 1.58623E-08    9.58020E+02
 1.68298E-08    9.57605E+02
 1.78563E-08    9.57213E+02
 1.89855E-08    9.56830E+02
 2.02289E-08    9.56458E+02
 2.15993E-08    9.56097E+02
 2.31114E-08    9.55748E+02
 2.47817E-08    9.55413E+02
 2.52522E-08    9.55326E+02
 2.53000E-08    9.55317E+02
 2.71859E-08    9.55002E+02
 2.92743E-08    9.54699E+02
 3.16565E-08    9.54403E+02
 3.43052E-08    9.54122E+02
 3.73330E-08    9.53849E+02
 4.07141E-08    9.53593E+02
 4.45894E-08    9.53347E+02
 4.90408E-08    9.53112E+02
 5.41649E-08    9.52890E+02
 6.00782E-08    9.52680E+02
 6.70609E-08    9.52481E+02
 7.53315E-08    9.52292E+02
 8.51607E-08    9.52115E+02
 9.70902E-08    9.51949E+02
 1.11631E-07    9.51913E+02
 1.29714E-07    9.51955E+02
 1.52650E-07    9.52057E+02
 1.82321E-07    9.52238E+02
 2.21474E-07    9.52528E+02
 2.74784E-07    9.52974E+02
 3.49688E-07    9.53652E+02
 4.60323E-07    9.54708E+02
 6.32138E-07    9.56403E+02
 9.22982E-07    9.59331E+02
 2.15997E-06    9.62427E+02
 1.12258E-04    1.00648E+03
 2.06896E-03    1.03344E+03
 8.94439E-03    1.03283E+03
 2.23720E-02    1.02375E+03
 3.00000E-02    1.01835E+03
 4.26040E-02    1.00977E+03
 5.21462E-02    1.00264E+03
 6.16928E-02    9.93031E+02
 7.09704E-02    9.85432E+02
 8.05643E-02    9.78154E+02
 9.06349E-02    9.73363E+02
 1.00000E-01    9.69622E+02
 1.10000E-01    9.72332E+02
 1.20000E-01    9.76486E+02
 1.30000E-01    9.86630E+02
 1.40000E-01    9.99147E+02
 1.50000E-01    1.02356E+03
 1.60000E-01    1.06667E+03
 1.70000E-01    1.12334E+03
 1.79799E-01    1.18874E+03
 1.84908E-01    1.28131E+03
 1.90000E-01    1.37984E+03
 1.95000E-01    1.48090E+03
 2.00000E-01    1.58650E+03
 2.05000E-01    1.76128E+03
 2.10000E-01    1.94008E+03
 2.19017E-01    2.31492E+03
 2.25000E-01    2.93218E+03
 2.30000E-01    3.50312E+03
 2.33000E-01    4.04484E+03
 2.36000E-01    4.58315E+03
 2.39000E-01    5.11701E+03
 2.42000E-01    6.01701E+03
 2.44000E-01    6.73801E+03
 2.46000E-01    7.45702E+03
 2.48603E-01    8.38977E+03
 2.50000E-01    8.88936E+03
 2.55000E-01    1.01835E+04
 2.60000E-01    1.14697E+04
 2.65000E-01    1.03235E+04
 2.80000E-01    6.21524E+03
 2.90000E-01    4.51054E+03
 3.00000E-01    3.32325E+03
 3.10000E-01    2.76402E+03
 3.20000E-01    2.30520E+03
 3.30000E-01    1.97162E+03
 3.40000E-01    1.78822E+03
 3.49661E-01    1.69099E+03
 3.60000E-01    1.58874E+03
 3.70000E-01    1.50130E+03
 3.80000E-01    1.41578E+03
 4.00000E-01    1.30937E+03
 4.20000E-01    1.24811E+03
 4.40000E-01    1.18983E+03
 4.60000E-01    1.14316E+03
 4.79745E-01    1.10799E+03
 5.00000E-01    1.07311E+03
 5.23668E-01    1.06147E+03
 5.43809E-01    1.05230E+03
 5.63950E-01    1.03858E+03
 5.84091E-01    1.03033E+03
 6.08465E-01    1.02404E+03
 6.38809E-01    1.02420E+03
 6.74033E-01    1.02891E+03
 7.04938E-01    1.03694E+03
 7.55291E-01    1.06842E+03
 8.05643E-01    1.11493E+03
 8.61992E-01    1.17306E+03
 9.19136E-01    1.24057E+03
 9.76995E-01    1.31711E+03
 1.02842E+00    1.37492E+03
 1.10776E+00    1.43080E+03
 1.20846E+00    1.45881E+03
 1.30000E+00    1.46926E+03
 1.40988E+00    1.47161E+03
 1.52116E+00    1.45921E+03
 1.62257E+00    1.44392E+03
 1.72398E+00    1.43797E+03
 1.84000E+00    1.45539E+03
 2.50000E+00    1.70207E+03
 2.60000E+00    1.73365E+03
 2.66869E+00    1.74943E+03
 2.73809E+00    1.76282E+03
 2.81975E+00    1.77572E+03
 3.02116E+00    1.79740E+03
 3.37016E+00    1.80697E+03
 3.40000E+00    1.80811E+03
 3.52469E+00    1.82115E+03
 3.60000E+00    1.83278E+03
 3.72610E+00    1.86351E+03
 3.85361E+00    1.91472E+03
 4.20000E+00    2.09370E+03
 4.90000E+00    2.07830E+03
 5.30000E+00    1.75085E+03
 6.00000E+00    1.56535E+03
 6.54585E+00    1.46103E+03
 7.15247E+00    1.35730E+03
 7.75361E+00    1.29581E+03
 8.80000E+00    1.25372E+03
 1.00000E+01    1.19098E+03
 1.01411E+01    1.18275E+03
 1.02000E+01    1.17934E+03
 1.03439E+01    1.17097E+03
 1.04000E+01    1.16771E+03
 1.05000E+01    1.16186E+03
 1.05090E+01    1.16128E+03
 1.06000E+01    1.15561E+03
 1.07495E+01    1.14691E+03
 1.08000E+01    1.14397E+03
 1.09524E+01    1.13500E+03
 1.10000E+01    1.13220E+03
 1.10930E+01    1.12729E+03
 1.12000E+01    1.12200E+03
 1.13580E+01    1.11487E+03
 1.14000E+01    1.11298E+03
 1.15000E+01    1.10900E+03
 1.16000E+01    1.10558E+03
 1.16770E+01    1.10295E+03
 1.18000E+01    1.09851E+03
 1.19665E+01    1.09232E+03
 1.20000E+01    1.09108E+03
 1.21693E+01    1.08453E+03
 1.22500E+01    1.08141E+03
 1.22610E+01    1.08098E+03
 1.24340E+01    1.07394E+03
 1.25000E+01    1.07122E+03
 1.26764E+01    1.06441E+03
 1.27500E+01    1.06157E+03
 1.28450E+01    1.05790E+03
 1.30000E+01    1.05095E+03
 1.31834E+01    1.04106E+03
 1.32500E+01    1.03747E+03
 1.34280E+01    1.02788E+03
 1.35000E+01    1.02399E+03
 1.36905E+01    1.01457E+03
 1.37500E+01    1.01163E+03
 1.39440E+01    1.00207E+03
 1.40000E+01    9.99317E+02
 1.40120E+01    9.98844E+02
 1.42097E+01    9.92634E+02
 1.42500E+01    9.91368E+02
 1.44510E+01    9.85105E+02
 1.45000E+01    9.83578E+02
 1.45960E+01    9.80891E+02
 1.47500E+01    9.76516E+02
 1.49581E+01    9.70571E+02
 1.50000E+01    9.69374E+02
 1.51800E+01    9.65106E+02
 1.52500E+01    9.63574E+02
 1.54651E+01    9.58875E+02
 1.55000E+01    9.58112E+02
 1.57187E+01    9.53489E+02
 1.57500E+01    9.52824E+02
 1.57640E+01    9.52527E+02
 1.59864E+01    9.47817E+02
 1.60000E+01    9.47529E+02
 1.62257E+01    9.42424E+02
 1.62500E+01    9.41875E+02
 1.63480E+01    9.39588E+02
 1.65000E+01    9.35931E+02
 1.67328E+01    9.30505E+02
 1.67500E+01    9.30104E+02
 1.69310E+01    9.25852E+02
 1.70000E+01    9.24195E+02
 1.72398E+01    9.17862E+02
 1.72500E+01    9.17592E+02
 1.74934E+01    9.11162E+02
 1.75000E+01    9.10984E+02
 1.75150E+01    9.10542E+02
 1.77500E+01    9.03634E+02
 1.80000E+01    8.96296E+02
 1.80990E+01    8.94078E+02
 1.82500E+01    8.90893E+02
 1.85000E+01    8.85632E+02
 1.87500E+01    8.80988E+02
 1.90000E+01    8.76385E+02
 1.92500E+01    8.70220E+02
 1.95000E+01    8.63747E+02
 1.97500E+01    8.56849E+02
 2.00000E+01    8.49779E+02
