# n + Pd104 : (n,t)m    
# tendl.2019 A.J. Koning and D. Rochman        EVAL-NOV19
# uncertainties: y
# # energies =    25
#   E(MeV)       xs(mb)       xslow(mb)      xsupp(mb)
 9.72448E+00    0.00000E+00    0.00000E+00    0.00000E+00
 1.10000E+01    0.00000E+00    0.00000E+00    0.00000E+00
 1.15000E+01    7.59970E-14    0.00000E+00    0.00000E+00
 1.20000E+01    4.17470E-11    0.00000E+00    0.00000E+00
 1.25000E+01    5.72910E-09    0.00000E+00    0.00000E+00
 1.30000E+01    1.47870E-07    0.00000E+00    0.00000E+00
 1.35000E+01    3.24992E-06    0.00000E+00    0.00000E+00
 1.40000E+01    3.52187E-05    0.00000E+00    0.00000E+00
 1.45000E+01    2.43895E-04    0.00000E+00    0.00000E+00
 1.50000E+01    1.14733E-03    0.00000E+00    0.00000E+00
 1.60000E+01    1.17843E-02    0.00000E+00    0.00000E+00
 1.70000E+01    5.55782E-02    0.00000E+00    0.00000E+00
 1.80000E+01    1.50668E-01    0.00000E+00    0.00000E+00
 1.90000E+01    3.28944E-01    0.00000E+00    0.00000E+00
 2.00000E+01    5.90723E-01    0.00000E+00    0.00000E+00
 2.10000E+01    9.35397E-01    0.00000E+00    0.00000E+00
 2.20000E+01    1.36607E+00    0.00000E+00    0.00000E+00
 2.30000E+01    1.85814E+00    0.00000E+00    0.00000E+00
 2.40000E+01    2.32724E+00    0.00000E+00    0.00000E+00
 2.50000E+01    2.75105E+00    0.00000E+00    0.00000E+00
 2.60000E+01    2.97948E+00    0.00000E+00    0.00000E+00
 2.70000E+01    3.11361E+00    0.00000E+00    0.00000E+00
 2.80000E+01    3.29111E+00    0.00000E+00    0.00000E+00
 2.90000E+01    3.27533E+00    0.00000E+00    0.00000E+00
 3.00000E+01    3.36350E+00    0.00000E+00    0.00000E+00
