# n + Hg199 : (n,3n)    
# endfb8.0   S.Chiba, M.Chadwick,P.Young       EVAL-OCT04
# uncertainties: n
# # energies =    29
#   E(MeV)       xs(mb) 
 1.50252E+01    0.00000E+00
 1.60000E+01    3.16814E+01
 1.80000E+01    5.50155E+02
 2.00000E+01    1.23995E+03
 2.00000E+01    1.18673E+03
 2.20000E+01    1.62618E+03
 2.40000E+01    1.79700E+03
 2.60000E+01    1.79276E+03
 2.80000E+01    1.58183E+03
 3.00000E+01    1.25651E+03
 3.50000E+01    6.04704E+02
 4.00000E+01    3.87816E+02
 4.50000E+01    3.08403E+02
 5.00000E+01    2.62506E+02
 5.50000E+01    2.33408E+02
 6.00000E+01    2.13041E+02
 6.50000E+01    1.97612E+02
 7.00000E+01    1.95573E+02
 7.50000E+01    1.85467E+02
 8.00000E+01    1.77226E+02
 8.50000E+01    1.70115E+02
 9.00000E+01    1.63907E+02
 9.50000E+01    1.58371E+02
 1.00000E+02    1.51583E+02
 1.10000E+02    1.41330E+02
 1.20000E+02    1.33490E+02
 1.30000E+02    1.28238E+02
 1.40000E+02    1.22901E+02
 1.50000E+02    1.18289E+02
