# n + Kr 81 : (n,n'11)  
# tendl.2019 A.J. Koning and D. Rochman        EVAL-NOV19
# uncertainties: n
# # energies =    85
#   E(MeV)       xs(mb) 
 9.31276E-01    0.00000E+00
 9.45774E-01    1.73610E+00
 9.88349E-01    6.83435E+00
 9.91325E-01    7.19072E+00
 9.93826E-01    7.49021E+00
 1.00000E+00    8.22953E+00
 1.00673E+00    8.55266E+00
 1.02748E+00    9.54895E+00
 1.03843E+00    1.00747E+01
 1.10713E+00    1.33733E+01
 1.11374E+00    1.36906E+01
 1.20000E+00    1.78323E+01
 1.22166E+00    1.81408E+01
 1.25450E+00    1.86086E+01
 1.29418E+00    1.91738E+01
 1.29649E+00    1.92067E+01
 1.35498E+00    2.00398E+01
 1.36589E+00    2.01952E+01
 1.36799E+00    2.02252E+01
 1.40000E+00    2.06811E+01
 1.41316E+00    2.06903E+01
 1.46122E+00    2.07239E+01
 1.51023E+00    2.07582E+01
 1.60000E+00    2.08209E+01
 1.80000E+00    1.93725E+01
 2.00000E+00    1.70198E+01
 2.20000E+00    1.44672E+01
 2.40000E+00    1.20864E+01
 2.60000E+00    1.00084E+01
 2.80000E+00    8.23424E+00
 3.00000E+00    6.73699E+00
 3.20000E+00    5.47976E+00
 3.40000E+00    4.43072E+00
 3.60000E+00    3.56324E+00
 3.80000E+00    2.85029E+00
 4.00000E+00    2.27255E+00
 4.20000E+00    1.80770E+00
 4.40000E+00    1.43634E+00
 4.60000E+00    1.14125E+00
 4.80000E+00    9.07597E-01
 5.00000E+00    7.23145E-01
 5.20000E+00    5.77515E-01
 5.40000E+00    4.62266E-01
 5.60000E+00    3.71391E-01
 5.80000E+00    2.98874E-01
 6.00000E+00    2.41819E-01
 6.20000E+00    1.96093E-01
 6.40000E+00    1.59435E-01
 6.60000E+00    1.30261E-01
 6.80000E+00    1.06518E-01
 7.00000E+00    8.75544E-02
 7.20000E+00    7.20922E-02
 7.40000E+00    5.93470E-02
 7.60000E+00    4.90646E-02
 7.80000E+00    4.05717E-02
 8.00000E+00    3.36985E-02
 8.50000E+00    2.13106E-02
 9.00000E+00    1.35760E-02
 9.50000E+00    8.69415E-03
 1.00000E+01    5.59507E-03
 1.05000E+01    3.61955E-03
 1.10000E+01    2.35511E-03
 1.15000E+01    1.54172E-03
 1.20000E+01    1.01519E-03
 1.25000E+01    6.72536E-04
 1.30000E+01    4.47894E-04
 1.35000E+01    2.99929E-04
 1.40000E+01    2.01895E-04
 1.45000E+01    1.36584E-04
 1.50000E+01    9.28493E-05
 1.60000E+01    4.35717E-05
 1.70000E+01    2.09052E-05
 1.80000E+01    1.02009E-05
 1.90000E+01    5.07070E-06
 2.00000E+01    2.56454E-06
 2.10000E+01    1.31868E-06
 2.20000E+01    6.87450E-07
 2.30000E+01    3.58040E-07
 2.40000E+01    1.90540E-07
 2.50000E+01    1.02450E-07
 2.60000E+01    5.56450E-08
 2.70000E+01    3.05200E-08
 2.80000E+01    1.68540E-08
 2.90000E+01    9.42050E-09
 3.00000E+01    5.31540E-09
