# n + Kr 81 : (n,a)     
# tendl.2019 A.J. Koning and D. Rochman        EVAL-NOV19
# uncertainties: y
# # energies =   571
#   E(MeV)       xs(mb)       xslow(mb)      xsupp(mb)
 1.00000E-11    5.07210E-01    0.00000E+00    1.46063E+00
 1.03223E-11    4.99228E-01    0.00000E+00    1.43764E+00
 1.06549E-11    4.91375E-01    0.00000E+00    1.41503E+00
 1.09984E-11    4.83642E-01    0.00000E+00    1.39276E+00
 1.13527E-11    4.76035E-01    0.00000E+00    1.37085E+00
 1.17186E-11    4.68543E-01    0.00000E+00    1.34928E+00
 1.20962E-11    4.61173E-01    0.00000E+00    1.32805E+00
 1.24861E-11    4.53915E-01    0.00000E+00    1.30715E+00
 1.28884E-11    4.46775E-01    0.00000E+00    1.28659E+00
 1.33038E-11    4.39744E-01    0.00000E+00    1.26634E+00
 1.37325E-11    4.32826E-01    0.00000E+00    1.24642E+00
 1.41751E-11    4.26015E-01    0.00000E+00    1.22681E+00
 1.46318E-11    4.19314E-01    0.00000E+00    1.20751E+00
 1.51034E-11    4.12715E-01    0.00000E+00    1.18851E+00
 1.55901E-11    4.06223E-01    0.00000E+00    1.16981E+00
 1.60926E-11    3.99830E-01    0.00000E+00    1.15140E+00
 1.66111E-11    3.93540E-01    0.00000E+00    1.13329E+00
 1.71465E-11    3.87347E-01    0.00000E+00    1.11546E+00
 1.76990E-11    3.81254E-01    0.00000E+00    1.09791E+00
 1.82694E-11    3.75254E-01    0.00000E+00    1.08063E+00
 1.88581E-11    3.69351E-01    0.00000E+00    1.06363E+00
 1.94659E-11    3.63539E-01    0.00000E+00    1.04689E+00
 2.00931E-11    3.57820E-01    0.00000E+00    1.03043E+00
 2.07407E-11    3.52189E-01    0.00000E+00    1.01421E+00
 2.14090E-11    3.46649E-01    0.00000E+00    9.98256E-01
 2.20991E-11    3.41194E-01    0.00000E+00    9.82547E-01
 2.28111E-11    3.35826E-01    0.00000E+00    9.67089E-01
 2.35464E-11    3.30542E-01    0.00000E+00    9.51872E-01
 2.43051E-11    3.25342E-01    0.00000E+00    9.36898E-01
 2.50884E-11    3.20222E-01    0.00000E+00    9.22153E-01
 2.58968E-11    3.15185E-01    0.00000E+00    9.07648E-01
 2.67315E-11    3.10225E-01    0.00000E+00    8.93365E-01
 2.75928E-11    3.05345E-01    0.00000E+00    8.79312E-01
 2.84822E-11    3.00540E-01    0.00000E+00    8.65474E-01
 2.93999E-11    2.95812E-01    0.00000E+00    8.51859E-01
 3.03475E-11    2.91157E-01    0.00000E+00    8.38454E-01
 3.13253E-11    2.86576E-01    0.00000E+00    8.25262E-01
 3.23350E-11    2.82067E-01    0.00000E+00    8.12277E-01
 3.33769E-11    2.77629E-01    0.00000E+00    7.99497E-01
 3.44526E-11    2.73261E-01    0.00000E+00    7.86918E-01
 3.55627E-11    2.68962E-01    0.00000E+00    7.74538E-01
 3.67089E-11    2.64730E-01    0.00000E+00    7.62351E-01
 3.78918E-11    2.60565E-01    0.00000E+00    7.50357E-01
 3.91130E-11    2.56465E-01    0.00000E+00    7.38550E-01
 4.03734E-11    2.52430E-01    0.00000E+00    7.26931E-01
 4.16746E-11    2.48458E-01    0.00000E+00    7.15492E-01
 4.30174E-11    2.44549E-01    0.00000E+00    7.04235E-01
 4.44039E-11    2.40701E-01    0.00000E+00    6.93154E-01
 4.58347E-11    2.36914E-01    0.00000E+00    6.82249E-01
 4.73119E-11    2.33186E-01    0.00000E+00    6.71513E-01
 4.88364E-11    2.29518E-01    0.00000E+00    6.60950E-01
 5.04104E-11    2.25906E-01    0.00000E+00    6.50549E-01
 5.20348E-11    2.22352E-01    0.00000E+00    6.40314E-01
 5.37119E-11    2.18853E-01    0.00000E+00    6.30238E-01
 5.54426E-11    2.15410E-01    0.00000E+00    6.20323E-01
 5.72295E-11    2.12021E-01    0.00000E+00    6.10564E-01
 5.90736E-11    2.08685E-01    0.00000E+00    6.00957E-01
 6.09775E-11    2.05401E-01    0.00000E+00    5.91500E-01
 6.29424E-11    2.02170E-01    0.00000E+00    5.82195E-01
 6.49710E-11    1.98989E-01    0.00000E+00    5.73035E-01
 6.70645E-11    1.95858E-01    0.00000E+00    5.64018E-01
 6.92260E-11    1.92776E-01    0.00000E+00    5.55143E-01
 7.14566E-11    1.89743E-01    0.00000E+00    5.46409E-01
 7.37596E-11    1.86758E-01    0.00000E+00    5.37813E-01
 7.61364E-11    1.83820E-01    0.00000E+00    5.29352E-01
 7.85902E-11    1.80927E-01    0.00000E+00    5.21021E-01
 8.11227E-11    1.78081E-01    0.00000E+00    5.12825E-01
 8.37372E-11    1.75279E-01    0.00000E+00    5.04756E-01
 8.64355E-11    1.72521E-01    0.00000E+00    4.96814E-01
 8.92212E-11    1.69806E-01    0.00000E+00    4.88996E-01
 9.20962E-11    1.67135E-01    0.00000E+00    4.81304E-01
 9.50644E-11    1.64505E-01    0.00000E+00    4.73730E-01
 9.81277E-11    1.61917E-01    0.00000E+00    4.66277E-01
 1.01291E-10    1.59369E-01    0.00000E+00    4.58940E-01
 1.04554E-10    1.56862E-01    0.00000E+00    4.51720E-01
 1.07924E-10    1.54393E-01    0.00000E+00    4.44610E-01
 1.11402E-10    1.51965E-01    0.00000E+00    4.37618E-01
 1.14992E-10    1.49573E-01    0.00000E+00    4.30730E-01
 1.18697E-10    1.47220E-01    0.00000E+00    4.23954E-01
 1.22523E-10    1.44904E-01    0.00000E+00    4.17285E-01
 1.26471E-10    1.42624E-01    0.00000E+00    4.10719E-01
 1.30547E-10    1.40380E-01    0.00000E+00    4.04257E-01
 1.34754E-10    1.38171E-01    0.00000E+00    3.97895E-01
 1.39097E-10    1.35997E-01    0.00000E+00    3.91635E-01
 1.43579E-10    1.33858E-01    0.00000E+00    3.85475E-01
 1.48207E-10    1.31751E-01    0.00000E+00    3.79407E-01
 1.52982E-10    1.29679E-01    0.00000E+00    3.73441E-01
 1.57913E-10    1.27638E-01    0.00000E+00    3.67563E-01
 1.63001E-10    1.25630E-01    0.00000E+00    3.61781E-01
 1.68254E-10    1.23653E-01    0.00000E+00    3.56087E-01
 1.73676E-10    1.21708E-01    0.00000E+00    3.50486E-01
 1.79274E-10    1.19793E-01    0.00000E+00    3.44972E-01
 1.85050E-10    1.17908E-01    0.00000E+00    3.39543E-01
 1.91014E-10    1.16053E-01    0.00000E+00    3.34201E-01
 1.97169E-10    1.14227E-01    0.00000E+00    3.28943E-01
 2.03524E-10    1.12430E-01    0.00000E+00    3.23768E-01
 2.10082E-10    1.10661E-01    0.00000E+00    3.18674E-01
 2.16853E-10    1.08919E-01    0.00000E+00    3.13657E-01
 2.23840E-10    1.07206E-01    0.00000E+00    3.08724E-01
 2.31055E-10    1.05519E-01    0.00000E+00    3.03866E-01
 2.38500E-10    1.03859E-01    0.00000E+00    2.99086E-01
 2.46187E-10    1.02225E-01    0.00000E+00    2.94381E-01
 2.54120E-10    1.00617E-01    0.00000E+00    2.89750E-01
 2.62310E-10    9.90332E-02    0.00000E+00    2.85189E-01
 2.70762E-10    9.74753E-02    0.00000E+00    2.80703E-01
 2.79489E-10    9.59414E-02    0.00000E+00    2.76285E-01
 2.88494E-10    9.44321E-02    0.00000E+00    2.71939E-01
 2.97793E-10    9.29461E-02    0.00000E+00    2.67660E-01
 3.07388E-10    9.14839E-02    0.00000E+00    2.63449E-01
 3.17295E-10    9.00443E-02    0.00000E+00    2.59303E-01
 3.27519E-10    8.86278E-02    0.00000E+00    2.55224E-01
 3.38075E-10    8.72332E-02    0.00000E+00    2.51208E-01
 3.48969E-10    8.58608E-02    0.00000E+00    2.47256E-01
 3.60216E-10    8.45097E-02    0.00000E+00    2.43365E-01
 3.71823E-10    8.31802E-02    0.00000E+00    2.39537E-01
 3.83807E-10    8.18713E-02    0.00000E+00    2.35767E-01
 3.96174E-10    8.05833E-02    0.00000E+00    2.32058E-01
 4.08943E-10    7.93153E-02    0.00000E+00    2.28407E-01
 4.22120E-10    7.80675E-02    0.00000E+00    2.24813E-01
 4.35725E-10    7.68391E-02    0.00000E+00    2.21276E-01
 4.49765E-10    7.56302E-02    0.00000E+00    2.17795E-01
 4.64261E-10    7.44402E-02    0.00000E+00    2.14368E-01
 4.79221E-10    7.32691E-02    0.00000E+00    2.10995E-01
 4.94666E-10    7.21161E-02    0.00000E+00    2.07675E-01
 5.10605E-10    7.09816E-02    0.00000E+00    2.04408E-01
 5.27062E-10    6.98647E-02    0.00000E+00    2.01192E-01
 5.44045E-10    6.87655E-02    0.00000E+00    1.98026E-01
 5.61580E-10    6.76835E-02    0.00000E+00    1.94910E-01
 5.79675E-10    6.66187E-02    0.00000E+00    1.91844E-01
 5.98358E-10    6.55704E-02    0.00000E+00    1.88825E-01
 6.17639E-10    6.45388E-02    0.00000E+00    1.85854E-01
 6.37545E-10    6.35233E-02    0.00000E+00    1.82930E-01
 6.58089E-10    6.25239E-02    0.00000E+00    1.80052E-01
 6.79298E-10    6.15401E-02    0.00000E+00    1.77219E-01
 7.01188E-10    6.05719E-02    0.00000E+00    1.74431E-01
 7.23786E-10    5.96188E-02    0.00000E+00    1.71686E-01
 7.47109E-10    5.86809E-02    0.00000E+00    1.68985E-01
 7.71188E-10    5.77575E-02    0.00000E+00    1.66326E-01
 7.96038E-10    5.68488E-02    0.00000E+00    1.63709E-01
 8.21693E-10    5.59543E-02    0.00000E+00    1.61133E-01
 8.48171E-10    5.50740E-02    0.00000E+00    1.58598E-01
 8.75507E-10    5.42074E-02    0.00000E+00    1.56103E-01
 9.03719E-10    5.33546E-02    0.00000E+00    1.53647E-01
 9.32845E-10    5.25151E-02    0.00000E+00    1.51229E-01
 9.62904E-10    5.16889E-02    0.00000E+00    1.48850E-01
 9.93937E-10    5.08755E-02    0.00000E+00    1.46508E-01
 1.02597E-09    5.00751E-02    0.00000E+00    1.44203E-01
 1.05903E-09    4.92872E-02    0.00000E+00    1.41934E-01
 1.09316E-09    4.85118E-02    0.00000E+00    1.39701E-01
 1.12839E-09    4.77484E-02    0.00000E+00    1.37503E-01
 1.16475E-09    4.69972E-02    0.00000E+00    1.35339E-01
 1.20229E-09    4.62577E-02    0.00000E+00    1.33210E-01
 1.24103E-09    4.55300E-02    0.00000E+00    1.31114E-01
 1.28103E-09    4.48136E-02    0.00000E+00    1.29051E-01
 1.32231E-09    4.41085E-02    0.00000E+00    1.27021E-01
 1.36492E-09    4.34145E-02    0.00000E+00    1.25022E-01
 1.40890E-09    4.27315E-02    0.00000E+00    1.23055E-01
 1.45431E-09    4.20591E-02    0.00000E+00    1.21119E-01
 1.50117E-09    4.13974E-02    0.00000E+00    1.19213E-01
 1.54956E-09    4.07460E-02    0.00000E+00    1.17338E-01
 1.59949E-09    4.01050E-02    0.00000E+00    1.15492E-01
 1.65104E-09    3.94739E-02    0.00000E+00    1.13674E-01
 1.70424E-09    3.88529E-02    0.00000E+00    1.11886E-01
 1.75917E-09    3.82415E-02    0.00000E+00    1.10125E-01
 1.81585E-09    3.76399E-02    0.00000E+00    1.08393E-01
 1.87438E-09    3.70476E-02    0.00000E+00    1.06687E-01
 1.93477E-09    3.64648E-02    0.00000E+00    1.05009E-01
 1.99713E-09    3.58910E-02    0.00000E+00    1.03356E-01
 2.06148E-09    3.53263E-02    0.00000E+00    1.01730E-01
 2.12792E-09    3.47705E-02    0.00000E+00    1.00130E-01
 2.19649E-09    3.42234E-02    0.00000E+00    9.85542E-02
 2.26728E-09    3.36849E-02    0.00000E+00    9.70035E-02
 2.34034E-09    3.31550E-02    0.00000E+00    9.54775E-02
 2.41577E-09    3.26333E-02    0.00000E+00    9.39751E-02
 2.49362E-09    3.21199E-02    0.00000E+00    9.24967E-02
 2.57398E-09    3.16145E-02    0.00000E+00    9.10413E-02
 2.65692E-09    3.11171E-02    0.00000E+00    8.96089E-02
 2.74255E-09    3.06275E-02    0.00000E+00    8.81990E-02
 2.83093E-09    3.01456E-02    0.00000E+00    8.68112E-02
 2.92217E-09    2.96713E-02    0.00000E+00    8.54454E-02
 3.01633E-09    2.92045E-02    0.00000E+00    8.41011E-02
 3.11354E-09    2.87449E-02    0.00000E+00    8.27776E-02
 3.21387E-09    2.82927E-02    0.00000E+00    8.14754E-02
 3.31745E-09    2.78475E-02    0.00000E+00    8.01933E-02
 3.42435E-09    2.74094E-02    0.00000E+00    7.89317E-02
 3.53471E-09    2.69781E-02    0.00000E+00    7.76897E-02
 3.64861E-09    2.65537E-02    0.00000E+00    7.64675E-02
 3.76620E-09    2.61358E-02    0.00000E+00    7.52641E-02
 3.88757E-09    2.57247E-02    0.00000E+00    7.40802E-02
 4.01286E-09    2.53199E-02    0.00000E+00    7.29145E-02
 4.14217E-09    2.49215E-02    0.00000E+00    7.17672E-02
 4.27566E-09    2.45294E-02    0.00000E+00    7.06381E-02
 4.41344E-09    2.41435E-02    0.00000E+00    6.95268E-02
 4.55568E-09    2.37636E-02    0.00000E+00    6.84328E-02
 4.70248E-09    2.33897E-02    0.00000E+00    6.73561E-02
 4.85404E-09    2.30217E-02    0.00000E+00    6.62963E-02
 5.01045E-09    2.26595E-02    0.00000E+00    6.52533E-02
 5.17193E-09    2.23030E-02    0.00000E+00    6.42266E-02
 5.33859E-09    2.19521E-02    0.00000E+00    6.32161E-02
 5.51065E-09    2.16067E-02    0.00000E+00    6.22215E-02
 5.68822E-09    2.12668E-02    0.00000E+00    6.12427E-02
 5.87154E-09    2.09322E-02    0.00000E+00    6.02791E-02
 6.06075E-09    2.06029E-02    0.00000E+00    5.93308E-02
 6.25608E-09    2.02787E-02    0.00000E+00    5.83972E-02
 6.45767E-09    1.99597E-02    0.00000E+00    5.74786E-02
 6.66579E-09    1.96457E-02    0.00000E+00    5.65743E-02
 6.88059E-09    1.93367E-02    0.00000E+00    5.56845E-02
 7.10234E-09    1.90326E-02    0.00000E+00    5.48088E-02
 7.33121E-09    1.87333E-02    0.00000E+00    5.39469E-02
 7.56748E-09    1.84387E-02    0.00000E+00    5.30985E-02
 7.81133E-09    1.81488E-02    0.00000E+00    5.22637E-02
 8.06308E-09    1.78634E-02    0.00000E+00    5.14418E-02
 8.32291E-09    1.75827E-02    0.00000E+00    5.06335E-02
 8.59114E-09    1.73064E-02    0.00000E+00    4.98378E-02
 8.86798E-09    1.70345E-02    0.00000E+00    4.90548E-02
 9.15378E-09    1.67669E-02    0.00000E+00    4.82842E-02
 9.44875E-09    1.65037E-02    0.00000E+00    4.75262E-02
 9.75327E-09    1.62447E-02    0.00000E+00    4.67804E-02
 1.00676E-08    1.59898E-02    0.00000E+00    4.60463E-02
 1.03920E-08    1.57391E-02    0.00000E+00    4.53244E-02
 1.07269E-08    1.54924E-02    0.00000E+00    4.46139E-02
 1.10726E-08    1.52496E-02    0.00000E+00    4.39148E-02
 1.14294E-08    1.50108E-02    0.00000E+00    4.32271E-02
 1.17978E-08    1.47758E-02    0.00000E+00    4.25503E-02
 1.21779E-08    1.45445E-02    0.00000E+00    4.18843E-02
 1.25704E-08    1.43169E-02    0.00000E+00    4.12288E-02
 1.29755E-08    1.40929E-02    0.00000E+00    4.05838E-02
 1.33937E-08    1.38724E-02    0.00000E+00    3.99488E-02
 1.38253E-08    1.36553E-02    0.00000E+00    3.93236E-02
 1.42708E-08    1.34416E-02    0.00000E+00    3.87082E-02
 1.47307E-08    1.32312E-02    0.00000E+00    3.81023E-02
 1.52054E-08    1.30239E-02    0.00000E+00    3.75053E-02
 1.56954E-08    1.28198E-02    0.00000E+00    3.69176E-02
 1.62012E-08    1.26188E-02    0.00000E+00    3.63388E-02
 1.67233E-08    1.24208E-02    0.00000E+00    3.57686E-02
 1.72623E-08    1.22258E-02    0.00000E+00    3.52070E-02
 1.78185E-08    1.20338E-02    0.00000E+00    3.46541E-02
 1.83928E-08    1.18447E-02    0.00000E+00    3.41096E-02
 1.89855E-08    1.16586E-02    0.00000E+00    3.35736E-02
 1.95974E-08    1.14753E-02    0.00000E+00    3.30458E-02
 2.02289E-08    1.12950E-02    0.00000E+00    3.25266E-02
 2.08808E-08    1.11176E-02    0.00000E+00    3.20157E-02
 2.15537E-08    1.09432E-02    0.00000E+00    3.15135E-02
 2.22483E-08    1.07716E-02    0.00000E+00    3.10193E-02
 2.29652E-08    1.06030E-02    0.00000E+00    3.05338E-02
 2.37054E-08    1.04371E-02    0.00000E+00    3.00560E-02
 2.44693E-08    1.02739E-02    0.00000E+00    2.95861E-02
 2.52522E-08    1.01144E-02    0.00000E+00    2.91268E-02
 2.53000E-08    1.01050E-02    0.00000E+00    2.28456E-02
 2.61154E-08    9.94697E-03    0.00000E+00    2.24883E-02
 2.69569E-08    9.79130E-03    0.00000E+00    2.21363E-02
 2.78257E-08    9.63780E-03    0.00000E+00    2.17893E-02
 2.87224E-08    9.48639E-03    0.00000E+00    2.14470E-02
 2.96480E-08    9.33699E-03    0.00000E+00    2.11092E-02
 3.06034E-08    9.18964E-03    0.00000E+00    2.07761E-02
 3.15897E-08    9.04433E-03    0.00000E+00    2.04476E-02
 3.26077E-08    8.90118E-03    0.00000E+00    2.01239E-02
 3.36586E-08    8.76022E-03    0.00000E+00    1.98053E-02
 3.47432E-08    8.62155E-03    0.00000E+00    1.94917E-02
 3.58629E-08    8.48516E-03    0.00000E+00    1.91834E-02
 3.70185E-08    8.35109E-03    0.00000E+00    1.88803E-02
 3.82116E-08    8.21926E-03    0.00000E+00    1.85822E-02
 3.94429E-08    8.08966E-03    0.00000E+00    1.82892E-02
 4.07141E-08    7.96219E-03    0.00000E+00    1.80011E-02
 4.20261E-08    7.83682E-03    0.00000E+00    1.77176E-02
 4.33805E-08    7.71345E-03    0.00000E+00    1.74387E-02
 4.47784E-08    7.59207E-03    0.00000E+00    1.71643E-02
 4.62215E-08    7.47259E-03    0.00000E+00    1.68942E-02
 4.77110E-08    7.35502E-03    0.00000E+00    1.66284E-02
 4.92486E-08    7.23929E-03    0.00000E+00    1.63667E-02
 5.08356E-08    7.12539E-03    0.00000E+00    1.61092E-02
 5.24740E-08    7.01328E-03    0.00000E+00    1.58557E-02
 5.41649E-08    6.90294E-03    0.00000E+00    1.56063E-02
 5.59105E-08    6.79432E-03    0.00000E+00    1.53607E-02
 5.77122E-08    6.68742E-03    0.00000E+00    1.51190E-02
 5.95722E-08    6.58220E-03    0.00000E+00    1.48811E-02
 6.14918E-08    6.47865E-03    0.00000E+00    1.46470E-02
 6.34736E-08    6.37671E-03    0.00000E+00    1.44166E-02
 6.55190E-08    6.27638E-03    0.00000E+00    1.41897E-02
 6.76305E-08    6.17761E-03    0.00000E+00    1.39664E-02
 6.98099E-08    6.08042E-03    0.00000E+00    1.37467E-02
 7.20597E-08    5.98476E-03    0.00000E+00    1.35304E-02
 7.43818E-08    5.89061E-03    0.00000E+00    1.33176E-02
 7.67790E-08    5.79792E-03    0.00000E+00    1.31080E-02
 7.92531E-08    5.70668E-03    0.00000E+00    1.29018E-02
 8.18073E-08    5.61688E-03    0.00000E+00    1.26987E-02
 8.44435E-08    5.52852E-03    0.00000E+00    1.24990E-02
 8.71649E-08    5.44156E-03    0.00000E+00    1.23024E-02
 8.99737E-08    5.35595E-03    0.00000E+00    1.21088E-02
 9.28735E-08    5.27164E-03    0.00000E+00    1.19182E-02
 9.58662E-08    5.18867E-03    0.00000E+00    1.17306E-02
 9.89558E-08    5.10705E-03    0.00000E+00    1.15461E-02
 1.02145E-07    5.02675E-03    0.00000E+00    1.13646E-02
 1.05437E-07    4.94768E-03    0.00000E+00    1.11858E-02
 1.08834E-07    4.86978E-03    0.00000E+00    1.10097E-02
 1.12342E-07    4.79309E-03    0.00000E+00    1.08363E-02
 1.15962E-07    4.71769E-03    0.00000E+00    1.06658E-02
 1.19699E-07    4.64355E-03    0.00000E+00    1.04982E-02
 1.23556E-07    4.57056E-03    0.00000E+00    1.03332E-02
 1.27538E-07    4.49857E-03    0.00000E+00    1.01704E-02
 1.31648E-07    4.42767E-03    0.00000E+00    1.00102E-02
 1.35891E-07    4.35798E-03    0.00000E+00    9.85259E-03
 1.40270E-07    4.28957E-03    0.00000E+00    9.69793E-03
 1.44790E-07    4.22219E-03    0.00000E+00    9.54560E-03
 1.49773E-07    4.15128E-03    0.00000E+00    9.38528E-03
 1.54599E-07    4.08577E-03    0.00000E+00    9.23718E-03
 1.59244E-07    4.02569E-03    0.00000E+00    9.10135E-03
 1.64376E-07    3.96254E-03    0.00000E+00    8.95858E-03
 1.69673E-07    3.90041E-03    0.00000E+00    8.81811E-03
 1.75512E-07    3.83490E-03    0.00000E+00    8.67001E-03
 1.81168E-07    3.77426E-03    0.00000E+00    8.53291E-03
 1.86612E-07    3.71869E-03    0.00000E+00    8.40728E-03
 1.92219E-07    3.66426E-03    0.00000E+00    8.28422E-03
 1.98413E-07    3.60695E-03    0.00000E+00    8.15465E-03
 2.05675E-07    3.54265E-03    0.00000E+00    8.00928E-03
 2.12303E-07    3.48651E-03    0.00000E+00    7.88236E-03
 2.18682E-07    3.43508E-03    0.00000E+00    7.76609E-03
 2.25252E-07    3.38485E-03    0.00000E+00    7.65253E-03
 2.32512E-07    3.33205E-03    0.00000E+00    7.53316E-03
 2.41021E-07    3.27272E-03    0.00000E+00    7.39902E-03
 2.49315E-07    3.21729E-03    0.00000E+00    7.27370E-03
 2.56264E-07    3.17308E-03    0.00000E+00    7.17375E-03
 2.63406E-07    3.12998E-03    0.00000E+00    7.07631E-03
 2.71895E-07    3.08132E-03    0.00000E+00    6.96630E-03
 2.82443E-07    3.02338E-03    0.00000E+00    6.83531E-03
 2.92162E-07    2.97203E-03    0.00000E+00    6.71922E-03
 3.00304E-07    2.93106E-03    0.00000E+00    6.62659E-03
 3.08674E-07    2.89123E-03    0.00000E+00    6.53654E-03
 3.18621E-07    2.84645E-03    0.00000E+00    6.43530E-03
 3.32385E-07    2.78711E-03    0.00000E+00    6.30115E-03
 3.43822E-07    2.73960E-03    0.00000E+00    6.19373E-03
 3.53406E-07    2.70174E-03    0.00000E+00    6.10814E-03
 3.62488E-07    2.66789E-03    0.00000E+00    6.03161E-03
 3.74168E-07    2.62673E-03    0.00000E+00    5.93856E-03
 3.91986E-07    2.56655E-03    0.00000E+00    5.80250E-03
 4.05474E-07    2.52260E-03    0.00000E+00    5.70314E-03
 4.15895E-07    2.49037E-03    0.00000E+00    5.63027E-03
 4.26583E-07    2.45925E-03    0.00000E+00    5.55991E-03
 4.40331E-07    2.42147E-03    0.00000E+00    5.47450E-03
 4.63254E-07    2.36086E-03    0.00000E+00    5.33747E-03
 4.78182E-07    2.32275E-03    0.00000E+00    5.25131E-03
 4.89435E-07    2.29551E-03    0.00000E+00    5.18973E-03
 5.00952E-07    2.26927E-03    0.00000E+00    5.13040E-03
 5.17097E-07    2.23455E-03    0.00000E+00    5.05191E-03
 5.47477E-07    2.17159E-03    0.00000E+00    4.90957E-03
 5.63926E-07    2.13871E-03    0.00000E+00    4.83523E-03
 5.77198E-07    2.11367E-03    0.00000E+00    4.77862E-03
 5.90780E-07    2.08967E-03    0.00000E+00    4.72436E-03
 6.12404E-07    2.05360E-03    0.00000E+00    4.64281E-03
 6.49757E-07    1.99307E-03    0.00000E+00    4.50597E-03
 6.66455E-07    1.96711E-03    0.00000E+00    4.44728E-03
 6.80698E-07    1.94626E-03    0.00000E+00    4.40014E-03
 6.96714E-07    1.92433E-03    0.00000E+00    4.35056E-03
 7.26811E-07    1.88530E-03    0.00000E+00    4.26232E-03
 7.66268E-07    1.83523E-03    0.00000E+00    4.14912E-03
 7.84298E-07    1.81345E-03    0.00000E+00    4.09988E-03
 7.99368E-07    1.79651E-03    0.00000E+00    4.06158E-03
 8.16451E-07    1.77877E-03    0.00000E+00    4.02147E-03
 8.46332E-07    1.74976E-03    0.00000E+00    3.95589E-03
 9.64888E-07    1.63705E-03    0.00000E+00    3.70107E-03
 9.87596E-07    1.61630E-03    0.00000E+00    3.65416E-03
 1.00657E-06    1.60005E-03    0.00000E+00    3.61742E-03
 1.02797E-06    1.58299E-03    0.00000E+00    3.57885E-03
 1.06459E-06    1.55545E-03    0.00000E+00    3.51659E-03
 1.09484E-06    1.53391E-03    0.00000E+00    3.46789E-03
 1.13389E-06    1.50844E-03    0.00000E+00    3.41031E-03
 1.26837E-06    1.42569E-03    0.00000E+00    3.22322E-03
 1.31355E-06    1.40101E-03    0.00000E+00    3.16743E-03
 1.50057E-06    1.31053E-03    0.00000E+00    2.96287E-03
 1.57594E-06    1.27979E-03    0.00000E+00    2.89337E-03
 1.77528E-06    1.20473E-03    0.00000E+00    2.72367E-03
 2.07107E-06    1.11543E-03    0.00000E+00    2.52178E-03
 2.33293E-06    1.05225E-03    0.00000E+00    2.37894E-03
 2.48480E-06    1.01834E-03    0.00000E+00    2.30228E-03
 2.89880E-06    9.42674E-04    0.00000E+00    2.13121E-03
 3.40547E-06    8.69642E-04    0.00000E+00    1.96610E-03
 3.80935E-06    8.22977E-04    0.00000E+00    1.86060E-03
 3.86310E-06    8.19917E-04    0.00000E+00    1.85368E-03
 3.89576E-06    8.22553E-04    0.00000E+00    1.85964E-03
 3.92043E-06    8.28045E-04    0.00000E+00    3.17136E-03
 3.96177E-06    8.43618E-04    0.00000E+00    3.23101E-03
 4.04600E-06    8.86670E-04    0.00000E+00    3.39589E-03
 4.62185E-06    1.19590E-03    0.00000E+00    4.58023E-03
 4.72012E-06    1.25455E-03    0.00000E+00    4.80485E-03
 5.42995E-06    1.72759E-03    0.00000E+00    6.61657E-03
 5.54513E-06    1.81251E-03    0.00000E+00    6.94180E-03
 6.42403E-06    2.53482E-03    0.00000E+00    9.70821E-03
 6.56030E-06    2.66420E-03    0.00000E+00    1.02037E-02
 7.54686E-06    3.66239E-03    0.00000E+00    1.40267E-02
 7.70732E-06    3.85006E-03    0.00000E+00    1.47455E-02
 8.86638E-06    5.29162E-03    0.00000E+00    2.02666E-02
 9.05445E-06    5.55628E-03    0.00000E+00    2.12802E-02
 9.91792E-06    6.83564E-03    0.00000E+00    2.61801E-02
 1.00578E-05    7.06469E-03    0.00000E+00    2.70573E-02
 1.22373E-05    1.10537E-02    0.00000E+00    4.23350E-02
 1.24099E-05    1.14182E-02    0.00000E+00    4.37310E-02
 1.43762E-05    1.59666E-02    0.00000E+00    6.11511E-02
 1.45790E-05    1.64984E-02    0.00000E+00    6.31879E-02
 1.68898E-05    2.30731E-02    0.00000E+00    8.83686E-02
 1.71281E-05    2.38348E-02    0.00000E+00    9.12859E-02
 1.94134E-05    3.16752E-02    0.00000E+00    1.21314E-01
 1.95332E-05    3.19300E-02    0.00000E+00    1.22290E-01
 1.96193E-05    3.19852E-02    0.00000E+00    1.22501E-01
 1.99485E-05    3.17596E-02    0.00000E+00    1.21637E-01
 2.34352E-05    2.87512E-02    0.00000E+00    1.10115E-01
 2.75327E-05    2.60577E-02    0.00000E+00    9.97994E-02
 3.25732E-05    2.35219E-02    0.00000E+00    9.00875E-02
 3.82666E-05    2.13197E-02    0.00000E+00    8.16532E-02
 4.49572E-05    1.93233E-02    0.00000E+00    7.40071E-02
 5.28151E-05    1.75143E-02    0.00000E+00    6.70787E-02
 6.20495E-05    1.58742E-02    0.00000E+00    6.07972E-02
 7.28949E-05    1.43881E-02    0.00000E+00    5.51056E-02
 8.48923E-05    1.31196E-02    0.00000E+00    5.02473E-02
 8.51138E-05    1.31365E-02    0.00000E+00    5.03120E-02
 8.54140E-05    1.32281E-02    0.00000E+00    5.06628E-02
 8.83818E-05    1.45737E-02    0.00000E+00    5.58164E-02
 8.87040E-05    1.46489E-02    0.00000E+00    4.34395E-02
 8.87431E-05    1.46502E-02    0.00000E+00    4.34433E-02
 8.91340E-05    1.45929E-02    0.00000E+00    4.32734E-02
 9.98801E-05    1.18994E-02    0.00000E+00    3.52862E-02
 1.00405E-04    1.18425E-02    0.00000E+00    3.51175E-02
 1.99821E-04    7.59379E-03    0.00000E+00    2.25184E-02
 2.99975E-04    5.81336E-03    0.00000E+00    1.72388E-02
 6.00162E-04    3.68140E-03    0.00000E+00    1.09167E-02
 1.00000E-03    2.65328E-03    0.00000E+00    7.86797E-03
 2.00000E-03    1.77031E-03    0.00000E+00    3.89055E-03
 3.00000E-03    1.45248E-03    0.00000E+00    3.19207E-03
 6.00000E-03    1.13630E-03    5.01538E-04    1.77106E-03
 1.00000E-02    1.01398E-03    4.47549E-04    1.58041E-03
 2.00000E-02    8.91641E-04    3.93551E-04    1.38973E-03
 3.02116E-02    8.45321E-04    3.19053E-04    1.37159E-03
 6.25755E-02    7.71363E-04    2.91139E-04    1.25159E-03
 1.00000E-01    6.96981E-04    2.63065E-04    1.13090E-03
 2.01411E-01    7.92188E-04    2.80669E-04    1.30371E-03
 3.10701E-01    9.41390E-04    3.33530E-04    1.54925E-03
 4.00000E-01    1.07081E-03    3.79383E-04    1.76224E-03
 5.00000E-01    1.13156E-03    4.00907E-04    1.86221E-03
 5.99882E-01    1.43004E-03    5.06657E-04    2.35342E-03
 7.04938E-01    1.87915E-03    5.40645E-04    3.21765E-03
 8.05643E-01    2.27804E-03    6.55408E-04    3.90067E-03
 9.00000E-01    2.62730E-03    7.55893E-04    4.49871E-03
 1.00000E+00    2.85242E-03    8.93113E-04    4.81173E-03
 1.20000E+00    4.04964E-03    1.26797E-03    6.83131E-03
 1.40988E+00    6.19098E-03    1.93844E-03    1.04435E-02
 1.60000E+00    8.23923E-03    2.57976E-03    1.38987E-02
 1.80000E+00    1.22920E-02    2.91704E-03    2.16670E-02
 2.00000E+00    1.58387E-02    3.75871E-03    2.79187E-02
 2.20000E+00    2.06525E-02    4.90109E-03    3.64039E-02
 2.40000E+00    2.70164E-02    6.41132E-03    4.76215E-02
 2.60000E+00    3.27813E-02    4.61416E-04    6.51012E-02
 2.81975E+00    4.40610E-02    6.20184E-04    8.75018E-02
 3.00000E+00    5.29567E-02    7.45396E-04    1.05168E-01
 3.20000E+00    6.41394E-02    9.02799E-04    1.27376E-01
 3.40000E+00    8.07054E-02    1.13598E-03    1.60275E-01
 3.60000E+00    9.43546E-02    1.32810E-03    1.87381E-01
 3.82681E+00    1.17542E-01    1.65447E-03    2.33430E-01
 4.05643E+00    1.40444E-01    1.97683E-03    2.78911E-01
 4.20000E+00    1.55069E-01    2.18269E-03    3.07955E-01
 4.40000E+00    1.87769E-01    2.64296E-03    3.72895E-01
 4.60000E+00    2.07296E-01    5.49844E-02    3.59608E-01
 4.80000E+00    2.49360E-01    6.61416E-02    4.32578E-01
 5.20000E+00    3.14914E-01    8.35296E-02    5.46298E-01
 5.40000E+00    4.21631E-01    1.11836E-01    7.31426E-01
 5.60000E+00    4.35164E-01    1.15425E-01    7.54903E-01
 5.80000E+00    5.59634E-01    1.48440E-01    9.70828E-01
 6.00000E+00    6.91683E-01    1.83466E-01    1.19990E+00
 6.20000E+00    7.07728E-01    1.87722E-01    1.22773E+00
 6.40000E+00    1.02604E+00    2.72152E-01    1.77992E+00
 6.60000E+00    1.07930E+00    4.10650E-01    1.74794E+00
 6.80000E+00    1.18859E+00    4.52235E-01    1.92495E+00
 7.00000E+00    1.70327E+00    6.48058E-01    2.75848E+00
 7.20000E+00    1.74296E+00    6.63160E-01    2.82276E+00
 7.40000E+00    2.23573E+00    8.50650E-01    3.62082E+00
 7.60000E+00    2.53302E+00    9.63762E-01    4.10228E+00
 7.80000E+00    2.77204E+00    1.05470E+00    4.48937E+00
 8.00000E+00    3.63346E+00    1.38246E+00    5.88447E+00
 8.50000E+00    4.95756E+00    1.88625E+00    8.02888E+00
 9.00000E+00    6.51626E+00    2.63555E+00    1.03970E+01
 9.50000E+00    8.29893E+00    3.35656E+00    1.32413E+01
 1.00000E+01    1.02860E+01    4.16025E+00    1.64118E+01
 1.01411E+01    1.08991E+01    4.40820E+00    1.73899E+01
 1.02842E+01    1.15208E+01    4.65966E+00    1.83819E+01
 1.04292E+01    1.21512E+01    4.91466E+00    1.93878E+01
 1.05000E+01    1.24587E+01    5.03901E+00    1.98784E+01
 1.06481E+01    1.31522E+01    5.31952E+00    2.09850E+01
 1.07984E+01    1.38556E+01    5.60399E+00    2.21072E+01
 1.09507E+01    1.45688E+01    5.89247E+00    2.32452E+01
 1.10000E+01    1.47996E+01    5.98581E+00    2.36134E+01
 1.11552E+01    1.55716E+01    6.29806E+00    2.48452E+01
 1.13126E+01    1.63546E+01    6.61473E+00    2.60944E+01
 1.14722E+01    1.71486E+01    6.93586E+00    2.73612E+01
 1.15000E+01    1.72870E+01    6.99185E+00    2.75821E+01
 1.16622E+01    1.81441E+01    7.33850E+00    2.89496E+01
 1.18268E+01    1.90132E+01    7.69004E+00    3.03364E+01
 1.19936E+01    1.98947E+01    8.04654E+00    3.17428E+01
 1.20000E+01    1.99283E+01    8.06015E+00    3.17965E+01
 1.21693E+01    2.08799E+01    8.44504E+00    3.33148E+01
 1.23410E+01    2.18450E+01    8.83536E+00    3.48546E+01
 1.25000E+01    2.27388E+01    9.19688E+00    3.62807E+01
 1.26764E+01    2.38092E+01    9.62980E+00    3.79886E+01
 1.28552E+01    2.48947E+01    1.00688E+01    3.97205E+01
 1.30000E+01    2.57736E+01    1.05986E+01    4.09486E+01
 1.31834E+01    2.69325E+01    1.10752E+01    4.27898E+01
 1.33694E+01    2.81078E+01    1.15585E+01    4.46570E+01
 1.35000E+01    2.89330E+01    1.18979E+01    4.59682E+01
 1.36905E+01    3.00520E+01    1.23580E+01    4.77459E+01
 1.38836E+01    3.11867E+01    1.28246E+01    4.95488E+01
 1.40000E+01    3.18705E+01    1.31058E+01    5.06352E+01
 1.41975E+01    3.29601E+01    1.35539E+01    5.23663E+01
 1.43978E+01    3.40650E+01    1.40082E+01    5.41218E+01
 1.45000E+01    3.46287E+01    1.42400E+01    5.50174E+01
 1.47046E+01    3.56155E+01    1.46458E+01    5.65852E+01
 1.49120E+01    3.66162E+01    1.50573E+01    5.81751E+01
 1.50000E+01    3.70406E+01    1.52319E+01    5.88493E+01
 1.52116E+01    3.75737E+01    1.54511E+01    5.96964E+01
 1.54262E+01    3.81144E+01    1.56734E+01    6.05553E+01
 1.56439E+01    3.86626E+01    1.58989E+01    6.14264E+01
 1.58646E+01    3.92186E+01    1.61275E+01    6.23098E+01
 1.60000E+01    3.95598E+01    1.64087E+01    6.27109E+01
 1.62257E+01    3.96270E+01    1.64366E+01    6.28175E+01
 1.64546E+01    3.96952E+01    1.64648E+01    6.29256E+01
 1.66868E+01    3.97644E+01    1.64935E+01    6.30353E+01
 1.69222E+01    3.98345E+01    1.65226E+01    6.31464E+01
 1.70000E+01    3.98577E+01    1.65322E+01    6.31832E+01
 1.72398E+01    3.95994E+01    1.64251E+01    6.27737E+01
 1.74831E+01    3.93374E+01    1.63164E+01    6.23584E+01
 1.77297E+01    3.90717E+01    1.62062E+01    6.19372E+01
 1.79799E+01    3.88023E+01    1.60945E+01    6.15101E+01
 1.80000E+01    3.87806E+01    1.60855E+01    6.14757E+01
 1.82539E+01    3.81939E+01    1.58421E+01    6.05457E+01
 1.85115E+01    3.75989E+01    1.55953E+01    5.96024E+01
 1.87726E+01    3.69955E+01    1.53450E+01    5.86459E+01
 1.90000E+01    3.64702E+01    1.51272E+01    5.78132E+01
 1.92681E+01    3.57516E+01    1.48291E+01    5.66741E+01
 1.95399E+01    3.50229E+01    1.45268E+01    5.55189E+01
 1.98156E+01    3.42838E+01    1.42203E+01    5.43474E+01
 2.00000E+01    3.37894E+01    1.40988E+01    5.34800E+01
 2.02822E+01    3.31382E+01    1.38271E+01    5.24494E+01
 2.05683E+01    3.24779E+01    1.35515E+01    5.14042E+01
 2.08585E+01    3.18082E+01    1.32721E+01    5.03443E+01
 2.10000E+01    3.14816E+01    1.31358E+01    4.98274E+01
 2.12963E+01    3.05625E+01    1.27523E+01    4.83726E+01
 2.15967E+01    2.96304E+01    1.23634E+01    4.68974E+01
 2.19014E+01    2.86851E+01    1.19690E+01    4.54013E+01
 2.20000E+01    2.83793E+01    1.18414E+01    4.49172E+01
 2.23104E+01    2.76668E+01    1.15441E+01    4.37896E+01
 2.26251E+01    2.69443E+01    1.12426E+01    4.26460E+01
 2.29443E+01    2.62116E+01    1.09369E+01    4.14863E+01
 2.30000E+01    2.60838E+01    1.08836E+01    4.12840E+01
 2.33245E+01    2.51467E+01    1.04926E+01    3.98009E+01
 2.36536E+01    2.41964E+01    1.00960E+01    3.82968E+01
 2.39873E+01    2.32327E+01    9.69393E+00    3.67714E+01
 2.40000E+01    2.31959E+01    9.65329E+00    3.67385E+01
 2.43386E+01    2.25421E+01    9.38122E+00    3.57031E+01
 2.46820E+01    2.18792E+01    9.10531E+00    3.46530E+01
 2.50000E+01    2.12651E+01    8.84976E+00    3.36804E+01
 2.53527E+01    2.03862E+01    8.48398E+00    3.22883E+01
 2.57104E+01    1.94948E+01    8.11303E+00    3.08766E+01
 2.60000E+01    1.87731E+01    7.81268E+00    2.97335E+01
 2.63668E+01    1.81589E+01    7.55708E+00    2.87607E+01
 2.67388E+01    1.75361E+01    7.29787E+00    2.77742E+01
 2.70000E+01    1.70987E+01    7.11586E+00    2.70815E+01
 2.73809E+01    1.63260E+01    6.79430E+00    2.58578E+01
 2.77672E+01    1.55425E+01    6.46821E+00    2.46167E+01
 2.80000E+01    1.50703E+01    6.27171E+00    2.38689E+01
 2.83950E+01    1.45061E+01    6.03692E+00    2.29753E+01
 2.87956E+01    1.39340E+01    5.79881E+00    2.20691E+01
 2.90000E+01    1.36421E+01    5.67734E+00    2.16069E+01
 2.94091E+01    1.31045E+01    5.45360E+00    2.07553E+01
 2.98240E+01    1.25592E+01    5.22669E+00    1.98917E+01
 3.00000E+01    1.23280E+01    5.13046E+00    1.95255E+01
