# p + Ti  0 : (p,xt)
# tendl.2019 A.J. Koning                       EVAL-OCT19
#
# # energies =    56
#   E(MeV)          xs(mb) 
 1.41269E+00    0.00000E+00
 1.50520E+00    0.00000E+00
 1.56877E+00    0.00000E+00
 2.00000E+00    0.00000E+00
 2.17636E+00    0.00000E+00
 2.45534E+00    0.00000E+00
 2.57670E+00    0.00000E+00
 2.59179E+00    0.00000E+00
 2.62004E+00    0.00000E+00
 2.95840E+00    0.00000E+00
 3.00000E+00    0.00000E+00
 3.04836E+00    0.00000E+00
 3.05583E+00    0.00000E+00
 4.00000E+00    0.00000E+00
 5.00000E+00    0.00000E+00
 6.00000E+00    0.00000E+00
 7.00000E+00    0.00000E+00
 8.00000E+00    0.00000E+00
 9.00000E+00    0.00000E+00
 1.00000E+01    0.00000E+00
 1.10000E+01    1.50957E-09
 1.20000E+01    9.60807E-09
 1.30000E+01    1.76454E-05
 1.40000E+01    4.61851E-04
 1.50000E+01    4.13391E-03
 1.60000E+01    1.84164E-02
 1.70000E+01    4.60937E-02
 1.80000E+01    8.07841E-02
 1.90000E+01    1.26234E-01
 2.00000E+01    1.91315E-01
 2.20000E+01    3.49824E-01
 2.40000E+01    5.73200E-01
 2.60000E+01    8.82574E-01
 2.80000E+01    1.24647E+00
 3.00000E+01    1.67580E+00
 3.00000E+01    1.67580E+00
 3.50000E+01    2.89368E+00
 4.00000E+01    4.05664E+00
 4.50000E+01    5.12425E+00
 5.00000E+01    6.02523E+00
 5.50000E+01    6.78252E+00
 6.00000E+01    7.52170E+00
 6.50000E+01    8.17361E+00
 7.00000E+01    8.85468E+00
 7.50000E+01    9.57460E+00
 8.00000E+01    1.04646E+01
 9.00000E+01    1.25010E+01
 1.00000E+02    1.50551E+01
 1.10000E+02    1.71610E+01
 1.20000E+02    1.94227E+01
 1.30000E+02    2.19280E+01
 1.40000E+02    2.47050E+01
 1.50000E+02    2.75908E+01
 1.60000E+02    3.07091E+01
 1.80000E+02    3.79525E+01
 2.00000E+02    4.66152E+01
