# n + Ni 61 : (n,pa)    
# tendl.2019 A.J. Koning and D. Rochman        EVAL-NOV19
# uncertainties: y
# # energies =    23
#   E(MeV)       xs(mb)       xslow(mb)      xsupp(mb)
 8.51691E+00    0.00000E+00    0.00000E+00    0.00000E+00
 1.20000E+01    5.71000E-16    5.71000E-16    5.71000E-16
 1.25000E+01    7.07230E-14    7.07230E-14    7.07230E-14
 1.30000E+01    7.53810E-12    0.00000E+00    2.15568E-11
 1.35000E+01    2.16010E-10    0.00000E+00    6.17726E-10
 1.40000E+01    3.67480E-09    0.00000E+00    1.05089E-08
 1.45000E+01    4.43770E-08    0.00000E+00    1.26905E-07
 1.50000E+01    4.12370E-07    0.00000E+00    1.17926E-06
 1.60000E+01    1.36232E-05    0.00000E+00    4.81328E-05
 1.70000E+01    2.28448E-04    0.00000E+00    8.07140E-04
 1.80000E+01    1.69547E-03    0.00000E+00    5.99034E-03
 1.90000E+01    7.89027E-03    0.00000E+00    2.78775E-02
 2.00000E+01    2.48517E-02    0.00000E+00    1.25021E-01
 2.10000E+01    6.00144E-02    0.00000E+00    3.01914E-01
 2.20000E+01    1.20513E-01    0.00000E+00    6.06264E-01
 2.30000E+01    2.11920E-01    0.00000E+00    1.06610E+00
 2.40000E+01    3.37769E-01    0.00000E+00    1.99257E+00
 2.50000E+01    4.92404E-01    0.00000E+00    2.90479E+00
 2.60000E+01    6.80311E-01    0.00000E+00    4.01329E+00
 2.70000E+01    8.89333E-01    0.00000E+00    5.24636E+00
 2.80000E+01    1.11043E+00    0.00000E+00    6.55065E+00
 2.90000E+01    1.32059E+00    0.00000E+00    7.79043E+00
 3.00000E+01    1.50336E+00    0.00000E+00    8.86863E+00
