# n + Nb 91 : (n,n'13)  
# tendl.2019 A.J. Koning and D. Rochman        EVAL-NOV19
# uncertainties: n
# # energies =    77
#   E(MeV)       xs(mb) 
 2.05699E+00    0.00000E+00
 2.08791E+00    6.70044E+00
 2.14440E+00    1.89419E+01
 2.19408E+00    2.97077E+01
 2.20000E+00    3.09906E+01
 2.30024E+00    3.52519E+01
 2.31618E+00    3.59295E+01
 2.35034E+00    3.73816E+01
 2.35588E+00    3.76171E+01
 2.37138E+00    3.82761E+01
 2.40000E+00    3.94927E+01
 2.41653E+00    3.96486E+01
 2.44027E+00    3.98725E+01
 2.55929E+00    4.09949E+01
 2.60000E+00    4.13788E+01
 2.60816E+00    4.13973E+01
 2.64159E+00    4.14729E+01
 2.66118E+00    4.15172E+01
 2.68977E+00    4.15818E+01
 2.80000E+00    4.18311E+01
 2.82354E+00    4.19301E+01
 2.91388E+00    4.23100E+01
 3.00000E+00    4.26722E+01
 3.20000E+00    4.04661E+01
 3.40000E+00    3.64148E+01
 3.60000E+00    3.23937E+01
 3.80000E+00    2.87457E+01
 4.00000E+00    2.54123E+01
 4.20000E+00    2.23681E+01
 4.40000E+00    1.95881E+01
 4.60000E+00    1.70578E+01
 4.80000E+00    1.47576E+01
 5.00000E+00    1.26930E+01
 5.20000E+00    1.08530E+01
 5.40000E+00    9.23076E+00
 5.60000E+00    7.81675E+00
 5.80000E+00    6.59372E+00
 6.00000E+00    5.54531E+00
 6.20000E+00    4.65131E+00
 6.40000E+00    3.89405E+00
 6.60000E+00    3.25298E+00
 6.80000E+00    2.71312E+00
 7.00000E+00    2.26209E+00
 7.20000E+00    1.87373E+00
 7.40000E+00    1.55698E+00
 7.60000E+00    1.29300E+00
 7.80000E+00    1.07415E+00
 8.00000E+00    8.93817E-01
 8.50000E+00    5.65838E-01
 9.00000E+00    3.63222E-01
 9.50000E+00    2.39411E-01
 1.00000E+01    1.64283E-01
 1.05000E+01    1.18809E-01
 1.10000E+01    9.12279E-02
 1.15000E+01    7.44319E-02
 1.20000E+01    6.41512E-02
 1.25000E+01    5.78030E-02
 1.30000E+01    5.38502E-02
 1.35000E+01    5.13542E-02
 1.40000E+01    4.97535E-02
 1.45000E+01    4.87061E-02
 1.50000E+01    4.80088E-02
 1.60000E+01    4.72008E-02
 1.70000E+01    4.67722E-02
 1.80000E+01    4.64824E-02
 1.90000E+01    4.62068E-02
 2.00000E+01    4.58790E-02
 2.10000E+01    4.54680E-02
 2.20000E+01    4.49678E-02
 2.30000E+01    4.43905E-02
 2.40000E+01    4.37582E-02
 2.50000E+01    4.30947E-02
 2.60000E+01    4.24192E-02
 2.70000E+01    4.17436E-02
 2.80000E+01    4.10728E-02
 2.90000E+01    4.04068E-02
 3.00000E+01    3.97435E-02
