# n + Er164 : (n,tot)   
# jendl4.0   A.K.M. HARUN-AR-RASHID+           EVAL-SEP00
# uncertainties: n
# # energies =    69
#   E(MeV)       xs(mb) 
 1.00000E-10    1.00746E+05
 5.00000E-09    3.36966E+04
 1.00000E-08    2.77081E+04
 1.50000E-08    2.47250E+04
 2.00000E-08    2.28409E+04
 2.50000E-08    2.15098E+04
 3.00000E-08    2.05038E+04
 3.50000E-08    1.95812E+04
 4.20000E-08    1.86828E+04
 5.00000E-08    1.79350E+04
 5.80000E-08    1.73077E+04
 6.70000E-08    1.66700E+04
 8.00000E-08    1.59438E+04
 1.00000E-07    1.50438E+04
 1.40000E-07    1.42156E+04
 1.80000E-07    1.36552E+04
 2.20000E-07    1.32840E+04
 2.50000E-07    1.30298E+04
 2.80000E-07    1.28468E+04
 3.00000E-07    1.27178E+04
 3.20000E-07    1.25739E+04
 3.50000E-07    1.23745E+04
 4.00000E-07    1.20760E+04
 5.00000E-07    1.17325E+04
 6.25000E-07    1.14206E+04
 7.80000E-07    1.12197E+04
 8.50000E-07    1.11237E+04
 9.10000E-07    1.10558E+04
 9.50000E-07    1.10168E+04
 9.72000E-07    1.09882E+04
 9.96000E-07    1.09604E+04
 1.02000E-06    1.09328E+04
 1.04500E-06    1.09040E+04
 1.07100E-06    1.08764E+04
 1.09700E-06    1.08506E+04
 1.12300E-06    1.08244E+04
 1.15000E-06    1.07432E+04
 1.30000E-06    1.06016E+04
 1.50000E-06    1.03621E+04
 2.10000E-06    1.01048E+04
 2.60000E-06    9.91243E+03
 3.30000E-06    9.75939E+03
 4.00000E-06    6.05723E+04
 9.87700E-06    8.94326E+03
 1.59680E-05    7.77870E+03
 2.77000E-05    4.01376E+04
 4.80520E-05    4.79001E+04
 7.55014E-05    7.34416E+04
 1.48728E-04    5.75904E+04
 3.67262E-04    2.46820E+04
 9.06898E-04    3.45486E+04
 1.42510E-03    2.85680E+04
 2.23945E-03    2.40164E+04
 3.51910E-03    2.02205E+04
 5.53000E-03    1.71307E+04
 9.11800E-03    1.48095E+04
 1.50300E-02    1.28022E+04
 2.47800E-02    1.11618E+04
 4.08500E-02    9.92827E+03
 6.73400E-02    8.97745E+03
 1.11000E-01    8.33110E+03
 1.83000E-01    7.72330E+03
 3.02000E-01    7.41785E+03
 5.00000E-01    7.32819E+03
 8.21000E-01    7.23638E+03
 1.35300E+00    6.86194E+03
 2.23100E+00    6.16183E+03
 3.67900E+00    5.46099E+03
 6.06500E+00    5.28675E+03
