# n + Mo 93 : (n,n'29)  
# endfb8.0   A.J. Koning and D. Rochman        EVAL-DEC15
# uncertainties: n
# # energies =    58
#   E(MeV)       xs(mb) 
 2.64743E+00    0.00000E+00
 2.67054E+00    1.53211E+00
 2.80000E+00    1.01148E+01
 3.00000E+00    1.38246E+01
 3.20000E+00    1.31001E+01
 3.40000E+00    1.16987E+01
 3.60000E+00    1.03556E+01
 3.80000E+00    9.17040E+00
 4.00000E+00    8.12073E+00
 4.20000E+00    7.17140E+00
 4.40000E+00    6.29741E+00
 4.60000E+00    5.48951E+00
 4.80000E+00    4.74182E+00
 5.00000E+00    4.06037E+00
 5.20000E+00    3.44661E+00
 5.40000E+00    2.90213E+00
 5.60000E+00    2.42822E+00
 5.80000E+00    2.02056E+00
 6.00000E+00    1.67431E+00
 6.20000E+00    1.38307E+00
 6.40000E+00    1.13968E+00
 6.60000E+00    9.37656E-01
 6.80000E+00    7.71045E-01
 7.00000E+00    6.32463E-01
 7.20000E+00    5.17013E-01
 7.40000E+00    4.22461E-01
 7.60000E+00    3.45778E-01
 7.80000E+00    2.82891E-01
 8.00000E+00    2.31067E-01
 8.50000E+00    1.39639E-01
 9.00000E+00    8.44121E-02
 9.50000E+00    5.10900E-02
 1.00000E+01    3.09916E-02
 1.05000E+01    1.88612E-02
 1.10000E+01    1.15285E-02
 1.15000E+01    7.07930E-03
 1.20000E+01    4.37039E-03
 1.25000E+01    2.71189E-03
 1.30000E+01    1.69298E-03
 1.35000E+01    1.06278E-03
 1.40000E+01    6.71133E-04
 1.45000E+01    4.26230E-04
 1.50000E+01    2.72476E-04
 1.60000E+01    1.13307E-04
 1.70000E+01    4.80469E-05
 1.80000E+01    2.07498E-05
 1.90000E+01    9.10674E-06
 2.00000E+01    4.05697E-06
 2.10000E+01    1.83703E-06
 2.20000E+01    8.31063E-07
 2.30000E+01    3.85578E-07
 2.40000E+01    1.81079E-07
 2.50000E+01    8.60867E-08
 2.60000E+01    4.14859E-08
 2.70000E+01    2.02636E-08
 2.80000E+01    9.99951E-09
 2.90000E+01    4.98776E-09
 3.00000E+01    2.51563E-09
