# n + Ca 40 : (n,g)     
# jendl4.0   K.Shibata                         EVAL-JUN06
# uncertainties: n
# # energies =   616
#   E(MeV)       xs(mb) 
 1.00000E-11    2.02638E+04
 1.04713E-11    1.98026E+04
 1.09648E-11    1.93517E+04
 1.14815E-11    1.89114E+04
 1.20226E-11    1.84807E+04
 1.25893E-11    1.80603E+04
 1.31826E-11    1.76489E+04
 1.38038E-11    1.72474E+04
 1.44544E-11    1.68546E+04
 1.51356E-11    1.64711E+04
 1.58489E-11    1.60961E+04
 1.65959E-11    1.57297E+04
 1.73780E-11    1.53717E+04
 1.81970E-11    1.50217E+04
 1.90546E-11    1.46799E+04
 1.99526E-11    1.43455E+04
 2.08930E-11    1.40192E+04
 2.18776E-11    1.36999E+04
 2.29087E-11    1.33882E+04
 2.39883E-11    1.30834E+04
 2.51189E-11    1.27856E+04
 2.63027E-11    1.24946E+04
 2.75423E-11    1.22101E+04
 2.88403E-11    1.19323E+04
 3.01995E-11    1.16605E+04
 3.16228E-11    1.13953E+04
 3.31131E-11    1.11357E+04
 3.46737E-11    1.08824E+04
 3.63078E-11    1.06345E+04
 3.80189E-11    1.03926E+04
 3.98107E-11    1.01559E+04
 4.16869E-11    9.92477E+03
 4.36516E-11    9.69890E+03
 4.57088E-11    9.47804E+03
 4.78630E-11    9.26241E+03
 5.01187E-11    9.05143E+03
 5.24807E-11    8.84554E+03
 5.49541E-11    8.64405E+03
 5.75440E-11    8.44741E+03
 6.02560E-11    8.25503E+03
 6.30957E-11    8.06719E+03
 6.60693E-11    7.88353E+03
 6.91831E-11    7.70406E+03
 7.24436E-11    7.52875E+03
 7.58578E-11    7.35729E+03
 7.94328E-11    7.18992E+03
 8.31764E-11    7.02615E+03
 8.70964E-11    6.86632E+03
 9.12011E-11    6.70992E+03
 9.54993E-11    6.55727E+03
 1.00000E-10    6.40795E+03
 1.04713E-10    6.26212E+03
 1.09648E-10    6.11958E+03
 1.14815E-10    5.98025E+03
 1.20226E-10    5.84418E+03
 1.25893E-10    5.71107E+03
 1.31826E-10    5.58116E+03
 1.38038E-10    5.45403E+03
 1.44544E-10    5.32996E+03
 1.51356E-10    5.20856E+03
 1.58489E-10    5.09006E+03
 1.65959E-10    4.97416E+03
 1.73780E-10    4.86095E+03
 1.81970E-10    4.75031E+03
 1.90546E-10    4.64214E+03
 1.99526E-10    4.53653E+03
 2.08930E-10    4.43320E+03
 2.18776E-10    4.33236E+03
 2.29087E-10    4.23367E+03
 2.39883E-10    4.13736E+03
 2.51189E-10    4.04314E+03
 2.63027E-10    3.95114E+03
 2.75423E-10    3.86119E+03
 2.88403E-10    3.77329E+03
 3.01995E-10    3.68742E+03
 3.16228E-10    3.60345E+03
 3.31131E-10    3.52147E+03
 3.46737E-10    3.44126E+03
 3.63078E-10    3.36298E+03
 3.80189E-10    3.28638E+03
 3.98107E-10    3.21161E+03
 4.16869E-10    3.13848E+03
 4.36516E-10    3.06706E+03
 4.57088E-10    2.99724E+03
 4.78630E-10    2.92900E+03
 5.01187E-10    2.86235E+03
 5.24807E-10    2.79716E+03
 5.49541E-10    2.73353E+03
 5.75440E-10    2.67127E+03
 6.02560E-10    2.61050E+03
 6.30957E-10    2.55104E+03
 6.60693E-10    2.49300E+03
 6.91831E-10    2.43624E+03
 7.24436E-10    2.38079E+03
 7.58578E-10    2.32660E+03
 7.94328E-10    2.27362E+03
 8.31764E-10    2.22190E+03
 8.70964E-10    2.17129E+03
 9.12011E-10    2.12190E+03
 9.54993E-10    2.07356E+03
 1.00000E-09    2.02639E+03
 1.04713E-09    1.98024E+03
 1.09648E-09    1.93519E+03
 1.14815E-09    1.89113E+03
 1.20226E-09    1.84808E+03
 1.25892E-09    1.80602E+03
 1.31826E-09    1.76489E+03
 1.38038E-09    1.72474E+03
 1.44544E-09    1.68546E+03
 1.51356E-09    1.64712E+03
 1.58489E-09    1.60960E+03
 1.65959E-09    1.57298E+03
 1.73780E-09    1.53716E+03
 1.81970E-09    1.50218E+03
 1.90546E-09    1.46798E+03
 1.99526E-09    1.43456E+03
 2.08930E-09    1.40192E+03
 2.18776E-09    1.36999E+03
 2.29087E-09    1.33883E+03
 2.39883E-09    1.30833E+03
 2.51189E-09    1.27857E+03
 2.63027E-09    1.24945E+03
 2.75423E-09    1.22102E+03
 2.88403E-09    1.19322E+03
 3.01995E-09    1.16606E+03
 3.16228E-09    1.13952E+03
 3.31131E-09    1.11357E+03
 3.46737E-09    1.08824E+03
 3.63078E-09    1.06345E+03
 3.80189E-09    1.03926E+03
 3.98107E-09    1.01559E+03
 4.16869E-09    9.92485E+02
 4.36516E-09    9.69880E+02
 4.57088E-09    9.47813E+02
 4.78630E-09    9.26233E+02
 5.01187E-09    9.05150E+02
 5.24807E-09    8.84550E+02
 5.49541E-09    8.64407E+02
 5.75440E-09    8.44741E+02
 6.02560E-09    8.25500E+02
 6.30957E-09    8.06722E+02
 6.60693E-09    7.88347E+02
 6.91831E-09    7.70413E+02
 7.24436E-09    7.52867E+02
 7.58578E-09    7.35736E+02
 7.94328E-09    7.18987E+02
 8.31764E-09    7.02619E+02
 8.70964E-09    6.86630E+02
 9.12011E-09    6.70993E+02
 9.54993E-09    6.55728E+02
 1.00000E-08    6.40792E+02
 1.04713E-08    6.26216E+02
 1.09648E-08    6.11952E+02
 1.14815E-08    5.98030E+02
 1.20226E-08    5.84412E+02
 1.25893E-08    5.71112E+02
 1.31826E-08    5.58112E+02
 1.38038E-08    5.45405E+02
 1.44544E-08    5.32995E+02
 1.51356E-08    5.20856E+02
 1.58489E-08    5.09008E+02
 1.65959E-08    4.97414E+02
 1.73780E-08    4.86099E+02
 1.81970E-08    4.75028E+02
 1.90546E-08    4.64221E+02
 1.99526E-08    4.53651E+02
 2.08930E-08    4.43327E+02
 2.18776E-08    4.33237E+02
 2.29087E-08    4.23373E+02
 2.39883E-08    4.13741E+02
 2.51189E-08    4.04318E+02
 2.63027E-08    3.95122E+02
 2.75423E-08    3.86124E+02
 2.88403E-08    3.77340E+02
 3.01995E-08    3.68748E+02
 3.16228E-08    3.60357E+02
 3.31131E-08    3.52156E+02
 3.46737E-08    3.44138E+02
 3.63078E-08    3.36309E+02
 3.80189E-08    3.28649E+02
 3.98107E-08    3.21174E+02
 4.16869E-08    3.13858E+02
 4.36516E-08    3.06719E+02
 4.57088E-08    2.99733E+02
 4.78630E-08    2.92912E+02
 5.01187E-08    2.86243E+02
 5.24807E-08    2.79727E+02
 5.49541E-08    2.73360E+02
 5.75440E-08    2.67135E+02
 6.02560E-08    2.61057E+02
 6.30957E-08    2.55111E+02
 6.60693E-08    2.49309E+02
 6.91831E-08    2.43631E+02
 7.24436E-08    2.38089E+02
 7.58578E-08    2.32668E+02
 7.94328E-08    2.27374E+02
 8.31764E-08    2.22197E+02
 8.70964E-08    2.17139E+02
 9.12011E-08    2.12197E+02
 9.54993E-08    2.07364E+02
 1.00000E-07    2.02646E+02
 1.04713E-07    1.98029E+02
 1.09648E-07    1.93524E+02
 1.14815E-07    1.89116E+02
 1.20226E-07    1.84813E+02
 1.25893E-07    1.80605E+02
 1.31826E-07    1.76495E+02
 1.38038E-07    1.72479E+02
 1.44544E-07    1.68552E+02
 1.51356E-07    1.64718E+02
 1.58489E-07    1.60967E+02
 1.65959E-07    1.57305E+02
 1.73780E-07    1.53721E+02
 1.81970E-07    1.50224E+02
 1.90546E-07    1.46802E+02
 1.99526E-07    1.43461E+02
 2.08930E-07    1.40194E+02
 2.18776E-07    1.37003E+02
 2.29087E-07    1.33885E+02
 2.39883E-07    1.30835E+02
 2.51189E-07    1.27859E+02
 2.63027E-07    1.24946E+02
 2.75423E-07    1.22105E+02
 2.88403E-07    1.19325E+02
 3.01995E-07    1.16611E+02
 3.16228E-07    1.13956E+02
 3.31131E-07    1.11363E+02
 3.46737E-07    1.08827E+02
 3.63078E-07    1.06349E+02
 3.80189E-07    1.03928E+02
 3.98107E-07    1.01561E+02
 4.16869E-07    9.92503E+01
 4.36516E-07    9.69892E+01
 4.57088E-07    9.47827E+01
 4.78630E-07    9.26235E+01
 5.01187E-07    9.05161E+01
 5.24807E-07    8.84548E+01
 5.49541E-07    8.64423E+01
 5.75440E-07    8.44757E+01
 6.02560E-07    8.25532E+01
 6.30957E-07    8.06748E+01
 6.60693E-07    7.88370E+01
 6.91831E-07    7.70432E+01
 7.24436E-07    7.52879E+01
 7.58578E-07    7.35749E+01
 7.94328E-07    7.18988E+01
 8.31764E-07    7.02627E+01
 8.70964E-07    6.86625E+01
 9.12011E-07    6.70995E+01
 9.54993E-07    6.55725E+01
 1.00000E-06    6.40807E+01
 1.04713E-06    6.26256E+01
 1.09648E-06    6.12023E+01
 1.14815E-06    5.98097E+01
 1.20226E-06    5.84506E+01
 1.25893E-06    5.71260E+01
 1.31826E-06    5.58331E+01
 1.38038E-06    5.45606E+01
 1.44544E-06    5.33160E+01
 1.51356E-06    5.21138E+01
 1.58489E-06    5.09173E+01
 1.65959E-06    4.97697E+01
 1.73780E-06    4.86480E+01
 1.81970E-06    4.75483E+01
 1.90546E-06    4.64558E+01
 1.99526E-06    4.54111E+01
 2.08930E-06    4.43596E+01
 2.18776E-06    4.33659E+01
 2.29087E-06    4.23578E+01
 2.39883E-06    4.14123E+01
 2.51189E-06    4.04497E+01
 2.63027E-06    3.95464E+01
 2.75423E-06    3.86282E+01
 2.88403E-06    3.77660E+01
 3.01995E-06    3.68959E+01
 3.16228E-06    3.60713E+01
 3.31131E-06    3.52481E+01
 3.46737E-06    3.44396E+01
 3.63078E-06    3.36630E+01
 3.80189E-06    3.28853E+01
 3.98107E-06    3.21437E+01
 4.16869E-06    3.14045E+01
 4.36516E-06    3.06976E+01
 4.57088E-06    2.99848E+01
 4.78630E-06    2.93151E+01
 5.01187E-06    2.86345E+01
 5.24807E-06    2.79948E+01
 5.49541E-06    2.73435E+01
 5.75440E-06    2.67337E+01
 6.02560E-06    2.61153E+01
 6.30957E-06    2.55367E+01
 6.60693E-06    2.49542E+01
 6.91831E-06    2.43771E+01
 7.24436E-06    2.38259E+01
 7.58578E-06    2.32796E+01
 7.94328E-06    2.27526E+01
 8.31764E-06    2.22309E+01
 8.70964E-06    2.17252E+01
 9.12011E-06    2.12282E+01
 9.54993E-06    2.07486E+01
 1.00000E-05    2.02695E+01
 1.04713E-05    1.98138E+01
 1.09648E-05    1.93538E+01
 1.14815E-05    1.89214E+01
 1.20226E-05    1.84831E+01
 1.25893E-05    1.80779E+01
 1.31826E-05    1.76607E+01
 1.38038E-05    1.72537E+01
 1.44544E-05    1.68616E+01
 1.51356E-05    1.64772E+01
 1.58489E-05    1.61024E+01
 1.65959E-05    1.57346E+01
 1.73780E-05    1.53740E+01
 1.81970E-05    1.50275E+01
 1.90546E-05    1.46807E+01
 1.99526E-05    1.43467E+01
 2.08930E-05    1.40205E+01
 2.18776E-05    1.36993E+01
 2.29087E-05    1.33901E+01
 2.39883E-05    1.30822E+01
 2.51189E-05    1.27930E+01
 2.63027E-05    1.24923E+01
 2.75423E-05    1.22114E+01
 2.88403E-05    1.19332E+01
 3.01995E-05    1.16584E+01
 3.16228E-05    1.13923E+01
 3.31131E-05    1.11337E+01
 3.46737E-05    1.08776E+01
 3.63078E-05    1.06320E+01
 3.80189E-05    1.03848E+01
 3.98107E-05    1.01521E+01
 4.16869E-05    9.91791E+00
 4.36516E-05    9.69391E+00
 4.57088E-05    9.47076E+00
 4.78630E-05    9.25538E+00
 5.01187E-05    9.04585E+00
 5.24807E-05    8.83956E+00
 5.49541E-05    8.63558E+00
 5.75440E-05    8.43971E+00
 6.02560E-05    8.24532E+00
 6.30957E-05    8.05728E+00
 6.60693E-05    7.87291E+00
 6.91831E-05    7.69171E+00
 7.24436E-05    7.51785E+00
 7.58578E-05    7.34362E+00
 7.94328E-05    7.17894E+00
 8.31764E-05    7.01104E+00
 8.70964E-05    6.85317E+00
 9.12011E-05    6.69296E+00
 9.54993E-05    6.54204E+00
 1.00000E-04    6.39283E+00
 1.04713E-04    6.24745E+00
 1.09648E-04    6.10255E+00
 1.14815E-04    5.96420E+00
 1.20226E-04    5.82578E+00
 1.25893E-04    5.69274E+00
 1.31826E-04    5.56157E+00
 1.38038E-04    5.43322E+00
 1.44544E-04    5.30976E+00
 1.51356E-04    5.18611E+00
 1.58489E-04    5.06926E+00
 1.65959E-04    4.95017E+00
 1.73780E-04    4.83744E+00
 1.81970E-04    4.72396E+00
 1.90546E-04    4.61703E+00
 1.99526E-04    4.51104E+00
 2.08930E-04    4.40824E+00
 2.18776E-04    4.30494E+00
 2.29087E-04    4.20684E+00
 2.39883E-04    4.10811E+00
 2.51189E-04    4.01316E+00
 2.63027E-04    3.92083E+00
 2.75423E-04    3.82947E+00
 2.88403E-04    3.74150E+00
 3.01995E-04    3.65358E+00
 3.16228E-04    3.57043E+00
 3.31131E-04    3.48583E+00
 3.46737E-04    3.40547E+00
 3.63078E-04    3.32476E+00
 3.80189E-04    3.24852E+00
 3.98107E-04    3.17292E+00
 4.16869E-04    3.09922E+00
 4.36516E-04    3.02598E+00
 4.57088E-04    2.95587E+00
 4.78630E-04    2.88590E+00
 5.01187E-04    2.81841E+00
 5.24807E-04    2.75227E+00
 5.49541E-04    2.68722E+00
 5.75440E-04    2.62413E+00
 6.02560E-04    2.56155E+00
 6.30957E-04    2.50157E+00
 6.60693E-04    2.44107E+00
 6.91831E-04    2.38422E+00
 7.24436E-04    2.32680E+00
 7.58578E-04    2.27214E+00
 7.94328E-04    2.21771E+00
 8.31764E-04    2.16531E+00
 8.70964E-04    2.11255E+00
 9.12011E-04    2.06243E+00
 9.54993E-04    2.01205E+00
 1.00000E-03    1.96374E+00
 1.04713E-03    1.91593E+00
 1.09648E-03    1.86922E+00
 1.14815E-03    1.82403E+00
 1.20226E-03    1.77903E+00
 1.25893E-03    1.73568E+00
 1.31826E-03    1.69268E+00
 1.38038E-03    1.65132E+00
 1.44544E-03    1.61009E+00
 1.51356E-03    1.57032E+00
 1.58489E-03    1.53106E+00
 1.65959E-03    1.49335E+00
 1.73780E-03    1.45511E+00
 1.81970E-03    1.41890E+00
 1.90546E-03    1.38239E+00
 1.99526E-03    1.34747E+00
 2.08930E-03    1.31278E+00
 2.18776E-03    1.27901E+00
 2.29087E-03    1.24623E+00
 2.39883E-03    1.21390E+00
 2.51189E-03    1.18270E+00
 2.63027E-03    1.15494E+00
 2.75423E-03    1.96960E+01
 2.88403E-03    2.69625E+00
 3.01995E-03    4.07008E+00
 3.16228E-03    1.03417E+00
 3.31131E-03    1.00502E+00
 3.46737E-03    9.77357E-01
 3.63078E-03    9.50276E-01
 3.80189E-03    9.23639E-01
 3.98107E-03    8.98036E-01
 4.16869E-03    8.72612E-01
 4.36516E-03    8.50102E-01
 4.57088E-03    5.12072E+00
 4.78630E-03    8.00960E-01
 5.01187E-03    7.76346E-01
 5.24807E-03    7.53453E-01
 5.49541E-03    7.30935E-01
 5.75440E-03    7.09363E-01
 6.02560E-03    6.87946E-01
 6.30957E-03    6.68154E-01
 6.60693E-03    6.79715E-01
 6.91831E-03    2.65513E+01
 7.24436E-03    6.08793E-01
 7.58578E-03    5.87626E-01
 7.94328E-03    5.68732E-01
 8.31764E-03    5.50500E-01
 8.70964E-03    5.33356E-01
 9.12011E-03    5.17601E-01
 9.54993E-03    5.05934E-01
 1.00000E-02    5.17691E-01
 1.04713E-02    2.47594E+02
 1.09648E-02    5.92669E-01
 1.14815E-02    4.46216E-01
 1.20226E-02    4.20646E-01
 1.25893E-02    4.02924E-01
 1.31826E-02    3.87270E-01
 1.38038E-02    3.72842E-01
 1.44544E-02    3.59254E-01
 1.51356E-02    3.46633E-01
 1.58489E-02    3.35438E-01
 1.65959E-02    3.26499E-01
 1.73780E-02    3.22584E-01
 1.81970E-02    3.35965E-01
 1.90546E-02    4.93833E-01
 1.99526E-02    1.36761E+02
 2.08930E-02    4.61782E-01
 2.18776E-02    2.79803E-01
 2.29087E-02    2.46345E-01
 2.39883E-02    2.28756E-01
 2.51189E-02    2.15687E-01
 2.63027E-02    2.04395E-01
 2.75423E-02    1.94232E-01
 2.88403E-02    1.84755E-01
 3.01995E-02    1.75815E-01
 3.16228E-02    1.67381E-01
 3.31131E-02    1.59351E-01
 3.46737E-02    1.51856E-01
 3.63078E-02    1.44963E-01
 3.80189E-02    1.39629E-01
 3.98107E-02    1.55931E-01
 4.16869E-02    3.11990E+01
 4.36516E-02    1.22809E-01
 4.57088E-02    1.79407E+00
 4.78630E-02    1.09094E-01
 5.01187E-02    2.05418E-01
 5.24807E-02    1.33812E+01
 5.49541E-02    9.47419E-02
 5.75440E-02    8.94556E-02
 6.02560E-02    1.90016E+00
 6.30957E-02    1.87908E+00
 6.60693E-02    7.99095E-02
 6.91831E-02    7.77352E-02
 7.24436E-02    7.68575E-02
 7.58578E-02    7.81347E-02
 7.94328E-02    8.62592E-02
 8.31764E-02    4.03517E+00
 8.70964E-02    1.02246E+01
 9.12011E-02    1.26606E-01
 9.54993E-02    9.48937E-02
 1.00000E-01    4.15583E+00
 1.04713E-01    1.02598E-01
 1.09648E-01    1.28012E-01
 1.14815E-01    1.95862E-01
 1.20226E-01    2.82352E+00
 1.25893E-01    4.34026E+00
 1.31826E-01    5.48492E+00
 1.38038E-01    2.70354E+00
 1.44544E-01    1.93257E+00
 1.51356E-01    3.12945E+00
 1.58489E-01    7.85302E+00
 1.65959E-01    8.04484E+00
 1.73780E-01    2.60985E+00
 1.81970E-01    5.11018E+00
 1.90546E-01    1.62539E-01
 1.99526E-01    2.79255E-01
 2.08930E-01    5.84777E+00
 2.18776E-01    5.21257E+00
 2.29087E-01    4.59447E+00
 2.39883E-01    2.96622E+00
 2.51189E-01    2.56955E+00
 2.63027E-01    1.15296E+00
 2.75423E-01    4.76302E+00
 2.88403E-01    4.85836E+00
 3.01995E-01    1.60951E-01
 3.16228E-01    4.77536E-01
 3.31131E-01    1.41429E+00
 3.46737E-01    7.60614E-01
 3.63078E-01    5.58412E-01
 3.80189E-01    6.43061E-01
 3.98107E-01    3.76903E-02
 4.16869E-01    2.85835E-01
 4.36516E-01    1.73698E-01
 4.57088E-01    3.26781E-01
 4.78630E-01    1.61037E-01
 5.01187E-01    1.46322E+00
 5.24807E-01    1.44678E+00
 5.49541E-01    1.42957E+00
 5.75440E-01    1.41161E+00
 6.02560E-01    1.40004E+00
 6.30957E-01    1.39304E+00
 6.60693E-01    1.38570E+00
 6.91831E-01    1.37802E+00
 7.24436E-01    1.36998E+00
 7.58578E-01    1.36156E+00
 7.94328E-01    1.35422E+00
 8.31764E-01    1.35097E+00
 8.70964E-01    1.34788E+00
 9.12011E-01    1.34510E+00
 9.54993E-01    1.34368E+00
 1.00000E+00    1.34815E+00
 1.04713E+00    1.35876E+00
 1.09648E+00    1.36987E+00
 1.14815E+00    1.38150E+00
 1.20226E+00    1.39368E+00
 1.25893E+00    1.40644E+00
 1.31826E+00    1.41980E+00
 1.38038E+00    1.43378E+00
 1.44544E+00    1.44810E+00
 1.51356E+00    1.45172E+00
 1.58489E+00    1.44983E+00
 1.65959E+00    1.44784E+00
 1.73780E+00    1.44576E+00
 1.81970E+00    1.44358E+00
 1.90546E+00    1.44130E+00
 1.99526E+00    1.43891E+00
 2.08930E+00    1.43640E+00
 2.18776E+00    1.43379E+00
 2.29087E+00    1.43104E+00
 2.39883E+00    1.42810E+00
 2.51189E+00    1.41711E+00
 2.63027E+00    1.40016E+00
 2.75423E+00    1.38241E+00
 2.88403E+00    1.36382E+00
 3.01995E+00    1.34115E+00
 3.16228E+00    1.31406E+00
 3.31131E+00    1.28569E+00
 3.46737E+00    1.23993E+00
 3.63078E+00    1.15802E+00
 3.80189E+00    1.07116E+00
 3.98107E+00    9.85553E-01
 4.16869E+00    9.03882E-01
 4.36516E+00    8.21363E-01
 4.57088E+00    7.72364E-01
 4.78630E+00    7.32491E-01
 5.01187E+00    6.85834E-01
 5.24807E+00    6.32897E-01
 5.49541E+00    5.82869E-01
 5.75440E+00    5.36421E-01
 6.02560E+00    4.93825E-01
 6.30957E+00    4.54468E-01
 6.60693E+00    4.24128E-01
 6.91831E+00    4.10484E-01
 7.24436E+00    4.33159E-01
 7.58578E+00    4.39973E-01
 7.94328E+00    4.41467E-01
 8.31764E+00    4.46844E-01
 8.70964E+00    4.51736E-01
 9.12011E+00    4.73156E-01
 9.54993E+00    4.88025E-01
 1.00000E+01    4.97864E-01
 1.04713E+01    5.11610E-01
 1.09648E+01    5.21955E-01
 1.14815E+01    5.27416E-01
 1.20226E+01    5.27600E-01
 1.25893E+01    5.22799E-01
 1.31826E+01    5.14296E-01
 1.38038E+01    5.01945E-01
 1.44544E+01    4.84378E-01
 1.51356E+01    4.66042E-01
 1.58489E+01    4.41537E-01
 1.65959E+01    4.05385E-01
 1.73780E+01    3.56090E-01
 1.81970E+01    2.98320E-01
 1.90546E+01    2.41540E-01
 1.99526E+01    1.09705E-02
