# p + Ba133 : (p,p)     
# tendl.2019 A.J. Koning                       EVAL-OCT19
# uncertainties: y
# # energies =    46
#   E(MeV)       xs(mb)       xslow(mb)      xsupp(mb)
 1.24204E-02    0.00000E+00    0.00000E+00    0.00000E+00
 2.00000E+00    4.95166E-11    9.64630E-12    8.93869E-11
 3.00000E+00    5.09356E-06    0.00000E+00    1.29215E-05
 4.00000E+00    5.43991E-04    0.00000E+00    1.38002E-03
 5.00000E+00    1.64205E-02    0.00000E+00    1.00336E-01
 6.00000E+00    1.45508E-01    0.00000E+00    8.89109E-01
 7.00000E+00    6.93198E-01    0.00000E+00    2.12465E+00
 8.00000E+00    2.61403E+00    0.00000E+00    8.01200E+00
 9.00000E+00    8.08269E+00    0.00000E+00    2.47734E+01
 1.00000E+01    1.89533E+01    0.00000E+00    4.90735E+01
 1.10000E+01    3.39507E+01    0.00000E+00    8.79044E+01
 1.20000E+01    4.98822E+01    0.00000E+00    1.29154E+02
 1.30000E+01    6.45361E+01    0.00000E+00    1.67096E+02
 1.40000E+01    7.74735E+01    0.00000E+00    1.62243E+02
 1.50000E+01    8.92117E+01    0.00000E+00    1.86825E+02
 1.60000E+01    1.00586E+02    0.00000E+00    2.10645E+02
 1.70000E+01    1.11638E+02    0.00000E+00    2.33790E+02
 1.80000E+01    1.21827E+02    1.89361E+01    2.24718E+02
 1.90000E+01    1.30416E+02    2.02711E+01    2.40561E+02
 2.00000E+01    1.36882E+02    2.12762E+01    2.52488E+02
 2.20000E+01    1.44380E+02    3.23804E+01    2.56380E+02
 2.40000E+01    1.46767E+02    3.29157E+01    2.60618E+02
 2.60000E+01    1.46622E+02    3.94102E+01    2.53834E+02
 2.80000E+01    1.44615E+02    3.88708E+01    2.50359E+02
 3.00000E+01    1.41300E+02    3.79797E+01    2.44620E+02
 3.00000E+01    1.41304E+02    3.79808E+01    2.44627E+02
 3.50000E+01    1.31688E+02    3.53961E+01    2.27980E+02
 4.00000E+01    1.23244E+02    3.31265E+01    2.13361E+02
 4.50000E+01    1.17187E+02    3.14984E+01    2.02875E+02
 5.00000E+01    1.07805E+02    2.89768E+01    1.86634E+02
 5.50000E+01    1.08182E+02    2.90779E+01    1.87285E+02
 6.00000E+01    9.40184E+01    2.52710E+01    1.62766E+02
 6.50000E+01    9.45905E+01    2.54248E+01    1.63756E+02
 7.00000E+01    8.05507E+01    2.16511E+01    1.39450E+02
 7.50000E+01    8.05724E+01    2.16569E+01    1.39488E+02
 8.00000E+01    6.82334E+01    1.83403E+01    1.18126E+02
 9.00000E+01    5.73571E+01    1.54169E+01    9.92973E+01
 1.00000E+02    4.78243E+01    1.28546E+01    8.27940E+01
 1.10000E+02    4.00142E+01    1.07553E+01    6.92731E+01
 1.20000E+02    3.33271E+01    8.95792E+00    5.76963E+01
 1.30000E+02    2.77679E+01    7.46368E+00    4.80721E+01
 1.40000E+02    2.31619E+01    6.22563E+00    4.00981E+01
 1.50000E+02    1.94090E+01    5.21692E+00    3.36012E+01
 1.60000E+02    1.63937E+01    4.40643E+00    2.83810E+01
 1.80000E+02    1.17738E+01    3.16466E+00    2.03829E+01
 2.00000E+02    8.89503E+00    2.39088E+00    1.53992E+01
