# n + Ir191 : (n,a34)   
# endfb8.0   Talou,Kawano,Chadwick,Rochman+    EVAL-AUG06
# uncertainties: n
# # energies =    51
#   E(MeV)       xs(mb) 
 6.50000E-01    0.00000E+00
 7.00000E-01    1.61280E-08
 7.50000E-01    1.83800E-08
 8.00000E-01    2.87460E-08
 8.50000E-01    3.21260E-08
 9.00000E-01    3.46370E-08
 1.00000E+00    4.21800E-08
 1.10000E+00    5.12790E-08
 1.20000E+00    6.19920E-08
 1.50000E+00    1.03910E-07
 1.70000E+00    1.40090E-07
 2.00000E+00    2.07110E-07
 2.20000E+00    2.67120E-07
 2.50000E+00    3.65170E-07
 3.00000E+00    5.51030E-07
 3.20000E+00    2.05863E-06
 3.50000E+00    3.73205E-06
 3.70000E+00    4.17557E-06
 4.00000E+00    4.73844E-06
 4.50000E+00    5.58795E-06
 5.00000E+00    6.64447E-06
 5.50000E+00    7.46803E-06
 6.00000E+00    8.67265E-06
 6.50000E+00    9.98111E-06
 7.00000E+00    1.13753E-05
 7.50000E+00    1.28088E-05
 8.00000E+00    1.43355E-05
 8.50000E+00    1.57637E-05
 9.00000E+00    1.70297E-05
 9.50000E+00    1.78452E-05
 1.00000E+01    1.79406E-05
 1.05000E+01    1.70952E-05
 1.10000E+01    1.52916E-05
 1.15000E+01    1.27849E-05
 1.20000E+01    1.00589E-05
 1.25000E+01    7.50472E-06
 1.30000E+01    5.40412E-06
 1.35000E+01    3.77247E-06
 1.40000E+01    2.58742E-06
 1.45000E+01    1.76207E-06
 1.50000E+01    1.19155E-06
 1.55000E+01    8.07400E-07
 1.60000E+01    5.46560E-07
 1.65000E+01    3.71400E-07
 1.70000E+01    2.54010E-07
 1.75000E+01    1.74240E-07
 1.80000E+01    1.20370E-07
 1.85000E+01    8.34510E-08
 1.90000E+01    5.81860E-08
 1.95000E+01    4.08580E-08
 2.00000E+01    2.87360E-08
