# p + Hg200 : (p,np)m   
# tendl.2019 A.J. Koning                       EVAL-OCT19
# uncertainties: y
# # energies =    18
#   E(MeV)       xs(mb)       xslow(mb)      xsupp(mb)
 8.60413E+00    0.00000E+00    0.00000E+00    0.00000E+00
 9.00000E+00    0.00000E+00    0.00000E+00    0.00000E+00
 1.00000E+01    3.54758E-08    0.00000E+00    0.00000E+00
 1.10000E+01    2.99844E-06    0.00000E+00    0.00000E+00
 1.20000E+01    6.37229E-05    0.00000E+00    0.00000E+00
 1.30000E+01    5.73124E-04    0.00000E+00    0.00000E+00
 1.40000E+01    3.40678E-03    0.00000E+00    0.00000E+00
 1.50000E+01    1.49449E-02    0.00000E+00    0.00000E+00
 1.60000E+01    5.65641E-02    0.00000E+00    0.00000E+00
 1.70000E+01    1.80544E-01    0.00000E+00    0.00000E+00
 1.80000E+01    5.05554E-01    0.00000E+00    0.00000E+00
 1.90000E+01    1.23460E+00    0.00000E+00    0.00000E+00
 2.00000E+01    2.69681E+00    0.00000E+00    0.00000E+00
 2.20000E+01    8.59515E+00    0.00000E+00    0.00000E+00
 2.40000E+01    1.97429E+01    0.00000E+00    0.00000E+00
 2.60000E+01    3.55622E+01    0.00000E+00    0.00000E+00
 2.80000E+01    5.39937E+01    0.00000E+00    0.00000E+00
 3.00000E+01    7.31211E+01    0.00000E+00    0.00000E+00
