# n + Hf179 : (n,n'24)  
# tendl.2019 A.J. Koning and D. Rochman        EVAL-NOV19
# uncertainties: n
# # energies =    73
#   E(MeV)       xs(mb) 
 8.53152E-01    0.00000E+00
 8.62384E-01    1.69539E-01
 8.70781E-01    3.23743E-01
 8.75127E-01    4.03554E-01
 8.94112E-01    7.52198E-01
 9.00000E-01    8.60326E-01
 9.01754E-01    8.95827E-01
 1.00000E+00    2.88426E+00
 1.11197E+00    5.94109E+00
 1.20000E+00    8.34435E+00
 1.40000E+00    1.29999E+01
 1.60000E+00    1.55278E+01
 1.80000E+00    1.58020E+01
 2.00000E+00    1.43638E+01
 2.20000E+00    1.20216E+01
 2.40000E+00    9.47437E+00
 2.60000E+00    7.15726E+00
 2.80000E+00    5.25695E+00
 3.00000E+00    3.79836E+00
 3.20000E+00    2.69522E+00
 3.40000E+00    1.92702E+00
 3.60000E+00    1.38287E+00
 3.80000E+00    9.98441E-01
 4.00000E+00    7.28372E-01
 4.20000E+00    5.39855E-01
 4.40000E+00    4.08027E-01
 4.60000E+00    3.16156E-01
 4.80000E+00    2.52631E-01
 5.00000E+00    2.09128E-01
 5.20000E+00    1.79739E-01
 5.40000E+00    1.59893E-01
 5.60000E+00    1.46840E-01
 5.80000E+00    1.37773E-01
 6.00000E+00    1.31780E-01
 6.20000E+00    1.27555E-01
 6.40000E+00    1.24312E-01
 6.60000E+00    1.21638E-01
 6.80000E+00    1.19165E-01
 7.00000E+00    1.16751E-01
 7.20000E+00    1.14308E-01
 7.40000E+00    1.11783E-01
 7.60000E+00    1.09197E-01
 7.80000E+00    1.06547E-01
 8.00000E+00    1.03865E-01
 8.50000E+00    9.72517E-02
 9.00000E+00    9.11157E-02
 9.50000E+00    8.57827E-02
 1.00000E+01    8.13338E-02
 1.05000E+01    7.77174E-02
 1.10000E+01    7.47833E-02
 1.15000E+01    7.23643E-02
 1.20000E+01    7.03146E-02
 1.25000E+01    6.85266E-02
 1.30000E+01    6.69329E-02
 1.35000E+01    6.54975E-02
 1.40000E+01    6.42047E-02
 1.45000E+01    6.30499E-02
 1.50000E+01    6.20300E-02
 1.60000E+01    6.03769E-02
 1.70000E+01    5.91634E-02
 1.80000E+01    5.82435E-02
 1.90000E+01    5.74420E-02
 2.00000E+01    5.65903E-02
 2.10000E+01    5.55791E-02
 2.20000E+01    5.44136E-02
 2.30000E+01    5.32060E-02
 2.40000E+01    5.21018E-02
 2.50000E+01    5.12047E-02
 2.60000E+01    5.05410E-02
 2.70000E+01    5.00582E-02
 2.80000E+01    4.96481E-02
 2.90000E+01    4.91895E-02
 3.00000E+01    4.85957E-02
