# n + Cr 54 : (n,xt)    
# endfb8.0   S.Chiba,M.Chadwick,D.Hetrick      EVAL-OCT97
# 
# # energies =    61
#   E(MeV)        xs(mb) 
 8.50610E-01    0.00000E+00
 9.00000E-01    0.00000E+00
 1.00000E+00    0.00000E+00
 1.25000E+00    0.00000E+00
 1.50000E+00    0.00000E+00
 1.75000E+00    0.00000E+00
 1.85810E+00    0.00000E+00
 2.00000E+00    0.00000E+00
 2.25000E+00    0.00000E+00
 2.50000E+00    0.00000E+00
 2.66899E+00    0.00000E+00
 2.75000E+00    0.00000E+00
 2.88190E+00    0.00000E+00
 3.00000E+00    0.00000E+00
 3.13148E+00    0.00000E+00
 3.50000E+00    0.00000E+00
 4.00000E+00    0.00000E+00
 4.50000E+00    0.00000E+00
 5.00000E+00    0.00000E+00
 5.50000E+00    0.00000E+00
 6.00000E+00    0.00000E+00
 6.50000E+00    0.00000E+00
 7.00000E+00    0.00000E+00
 7.50000E+00    0.00000E+00
 8.00000E+00    0.00000E+00
 8.50000E+00    0.00000E+00
 9.00000E+00    0.00000E+00
 9.50000E+00    0.00000E+00
 1.00000E+01    0.00000E+00
 1.10000E+01    0.00000E+00
 1.20000E+01    0.00000E+00
 1.30000E+01    0.00000E+00
 1.45000E+01    0.00000E+00
 1.60000E+01    0.00000E+00
 1.75000E+01    0.00000E+00
 2.00000E+01    0.00000E+00
 2.00000E+01    5.58007E-01
 2.20000E+01    1.02213E+00
 2.40000E+01    1.57080E+00
 2.60000E+01    2.16285E+00
 2.80000E+01    2.73590E+00
 3.00000E+01    3.24316E+00
 3.50000E+01    4.36287E+00
 4.00000E+01    5.27785E+00
 4.50000E+01    5.98162E+00
 5.00000E+01    6.58709E+00
 5.50000E+01    7.13240E+00
 6.00000E+01    7.64671E+00
 6.50000E+01    8.13835E+00
 7.00000E+01    8.80257E+00
 7.50000E+01    9.48259E+00
 8.00000E+01    1.02134E+01
 8.50000E+01    1.12450E+01
 9.00000E+01    1.21109E+01
 9.50000E+01    1.30230E+01
 1.00000E+02    1.39841E+01
 1.10000E+02    1.62861E+01
 1.20000E+02    1.85234E+01
 1.30000E+02    2.06438E+01
 1.40000E+02    2.31728E+01
 1.50000E+02    2.55132E+01
