# n + Cr 54 : (n,p)     
# endfb8.0   S.Chiba,M.Chadwick,D.Hetrick      EVAL-OCT97
# uncertainties: n
# # energies =    39
#   E(MeV)       xs(mb) 
 6.33020E+00    0.00000E+00
 7.50000E+00    1.48860E-03
 8.00000E+00    2.90900E-02
 8.50000E+00    1.47780E-01
 9.00000E+00    3.75980E-01
 9.50000E+00    1.07250E+00
 1.00000E+01    1.88600E+00
 1.10000E+01    3.54580E+00
 1.20000E+01    6.28280E+00
 1.30000E+01    8.40080E+00
 1.45000E+01    1.40230E+01
 1.60000E+01    2.05280E+01
 1.75000E+01    2.99010E+01
 2.00000E+01    4.71070E+01
 2.00000E+01    2.43379E+01
 2.20000E+01    2.22992E+01
 2.40000E+01    2.02330E+01
 2.60000E+01    1.84020E+01
 2.80000E+01    1.70070E+01
 3.00000E+01    1.57684E+01
 3.50000E+01    1.51079E+01
 4.00000E+01    1.31824E+01
 4.50000E+01    1.14131E+01
 5.00000E+01    9.92872E+00
 5.50000E+01    8.74308E+00
 6.00000E+01    7.78523E+00
 6.50000E+01    7.59555E+00
 7.00000E+01    6.43217E+00
 7.50000E+01    5.72577E+00
 8.00000E+01    5.15929E+00
 8.50000E+01    4.76014E+00
 9.00000E+01    5.45749E+00
 9.50000E+01    4.96518E+00
 1.00000E+02    4.55843E+00
 1.10000E+02    3.86692E+00
 1.20000E+02    3.32696E+00
 1.30000E+02    2.93252E+00
 1.40000E+02    2.71614E+00
 1.50000E+02    3.09839E+00
