# n + Zn 67 : (n,n'02)  
# jendl4.0   N.Iwamoto                         EVAL-Dec09
# uncertainties: n
# # energies =    71
#   E(MeV)       xs(mb) 
 1.87361E-01    0.00000E+00
 1.90000E-01    1.00042E+02
 2.00000E-01    1.61103E+02
 2.25000E-01    2.08087E+02
 2.50000E-01    2.30774E+02
 2.75000E-01    2.47313E+02
 3.00000E-01    2.62107E+02
 3.99462E-01    3.02532E+02
 4.00000E-01    2.97113E+02
 5.00000E-01    3.01109E+02
 6.00000E-01    3.22125E+02
 6.13600E-01    3.24234E+02
 7.00000E-01    3.35443E+02
 8.00000E-01    3.42509E+02
 8.27050E-01    3.43288E+02
 8.84036E-01    3.25566E+02
 9.00000E-01    3.13464E+02
 9.01080E-01    3.13104E+02
 9.94607E-01    2.82526E+02
 1.00000E+00    2.76172E+02
 1.00492E+00    2.73778E+02
 1.07598E+00    2.54022E+02
 1.10000E+00    2.44938E+02
 1.16003E+00    2.33319E+02
 1.20000E+00    2.25363E+02
 1.30000E+00    2.05098E+02
 1.40000E+00    1.85438E+02
 1.50000E+00    1.66408E+02
 1.60000E+00    1.49925E+02
 1.70000E+00    1.35452E+02
 1.80000E+00    1.21502E+02
 1.90000E+00    1.09325E+02
 2.00000E+00    9.87136E+01
 2.25000E+00    8.06091E+01
 2.50000E+00    6.24644E+01
 2.75000E+00    5.18091E+01
 3.00000E+00    4.07683E+01
 3.50000E+00    2.70026E+01
 4.00000E+00    1.79134E+01
 4.50000E+00    1.14672E+01
 5.00000E+00    7.26552E+00
 5.50000E+00    4.58607E+00
 6.00000E+00    2.90461E+00
 6.50000E+00    1.86114E+00
 7.00000E+00    1.21789E+00
 7.50000E+00    8.21794E-01
 8.00000E+00    5.76714E-01
 8.50000E+00    4.23731E-01
 9.00000E+00    3.26876E-01
 9.50000E+00    2.64271E-01
 1.00000E+01    2.22480E-01
 1.05000E+01    1.92920E-01
 1.10000E+01    1.72152E-01
 1.15000E+01    1.55850E-01
 1.20000E+01    1.43412E-01
 1.25000E+01    1.33056E-01
 1.30000E+01    1.24689E-01
 1.35000E+01    1.17413E-01
 1.40000E+01    1.11292E-01
 1.45000E+01    1.05664E-01
 1.50000E+01    1.00691E-01
 1.55000E+01    9.58485E-02
 1.60000E+01    9.14849E-02
 1.65000E+01    8.71162E-02
 1.70000E+01    8.31099E-02
 1.75000E+01    7.91174E-02
 1.80000E+01    7.54305E-02
 1.85000E+01    7.18104E-02
 1.90000E+01    6.84567E-02
 1.95000E+01    6.52263E-02
 2.00000E+01    6.22298E-02
