# p + F  19 : (p,na)    
# tendl.2019 A.J. Koning                       EVAL-OCT19
# uncertainties: y
# # energies =    18
#   E(MeV)       xs(mb)       xslow(mb)      xsupp(mb)
 7.99693E+00    0.00000E+00    0.00000E+00    0.00000E+00
 9.00000E+00    9.47665E-02    2.48539E-02    1.64679E-01
 1.00000E+01    7.07187E+00    4.63941E+00    9.50433E+00
 1.10000E+01    2.04388E+01    1.34086E+01    2.74690E+01
 1.20000E+01    3.81192E+01    2.50076E+01    5.12308E+01
 1.30000E+01    5.77083E+01    3.78588E+01    7.75578E+01
 1.40000E+01    7.20654E+01    5.32621E+01    9.08687E+01
 1.50000E+01    7.93752E+01    5.86647E+01    1.00086E+02
 1.60000E+01    8.13806E+01    6.01468E+01    1.02614E+02
 1.70000E+01    7.87967E+01    5.82371E+01    9.93563E+01
 1.80000E+01    7.53112E+01    5.67877E+01    9.38347E+01
 1.90000E+01    7.15709E+01    5.39674E+01    8.91744E+01
 2.00000E+01    6.68656E+01    5.04194E+01    8.33118E+01
 2.20000E+01    5.58572E+01    4.18304E+01    6.98840E+01
 2.40000E+01    4.60332E+01    3.44734E+01    5.75930E+01
 2.60000E+01    3.79133E+01    2.75601E+01    4.82665E+01
 2.80000E+01    3.11701E+01    2.26583E+01    3.96819E+01
 3.00000E+01    2.61155E+01    1.89840E+01    3.32470E+01
