# p + Dy160 : (p,xn)    
# tendl.2019 A.J. Koning                       EVAL-OCT19
# 
# # energies =    53
#   E(MeV)        xs(mb) 
 4.09800E+00    1.19857E-13
 4.15836E+00    3.12444E-04
 4.16554E+00    7.27272E-04
 4.20595E+00    3.06189E-03
 4.21719E+00    3.71126E-03
 4.26868E+00    6.68605E-03
 4.32764E+00    1.00924E-02
 4.33237E+00    1.03657E-02
 4.34208E+00    1.09266E-02
 4.39687E+00    1.40921E-02
 4.43623E+00    1.63660E-02
 5.00000E+00    7.73444E-01
 6.00000E+00    6.22211E+00
 7.00000E+00    2.84942E+01
 8.00000E+00    8.80040E+01
 9.00000E+00    1.93528E+02
 1.00000E+01    3.22336E+02
 1.10000E+01    4.47368E+02
 1.20000E+01    7.52131E+02
 1.30000E+01    1.14525E+03
 1.40000E+01    1.40929E+03
 1.50000E+01    1.60621E+03
 1.60000E+01    1.76910E+03
 1.70000E+01    1.90320E+03
 1.80000E+01    2.01321E+03
 1.90000E+01    2.10439E+03
 2.00000E+01    2.17917E+03
 2.20000E+01    2.51715E+03
 2.40000E+01    3.09101E+03
 2.60000E+01    3.41984E+03
 2.80000E+01    3.56772E+03
 3.00000E+01    3.80921E+03
 3.00000E+01    3.81479E+03
 3.50000E+01    4.53127E+03
 4.00000E+01    4.76041E+03
 4.50000E+01    5.16984E+03
 5.00000E+01    5.44059E+03
 5.50000E+01    5.66834E+03
 6.00000E+01    5.81223E+03
 6.50000E+01    5.98561E+03
 7.00000E+01    6.13701E+03
 7.50000E+01    6.27946E+03
 8.00000E+01    6.42531E+03
 9.00000E+01    6.77544E+03
 1.00000E+02    7.07984E+03
 1.10000E+02    7.41486E+03
 1.20000E+02    7.73559E+03
 1.30000E+02    8.05628E+03
 1.40000E+02    8.37317E+03
 1.50000E+02    8.72767E+03
 1.60000E+02    9.08646E+03
 1.80000E+02    9.89449E+03
 2.00000E+02    1.03820E+04
