# p + Fe 55 : (p,pa)    
# tendl.2019 A.J. Koning                       EVAL-OCT19
# uncertainties: y
# # energies =    16
#   E(MeV)       xs(mb)       xslow(mb)      xsupp(mb)
 8.60983E+00    0.00000E+00    0.00000E+00    0.00000E+00
 1.10000E+01    2.19495E-14    1.01418E-14    3.37572E-14
 1.20000E+01    4.23039E-10    1.95466E-10    6.50612E-10
 1.30000E+01    4.94163E-07    2.28329E-07    7.59996E-07
 1.40000E+01    2.06307E-04    8.85608E-05    3.24053E-04
 1.50000E+01    1.26507E-02    5.43053E-03    1.98709E-02
 1.60000E+01    1.88508E-01    8.09203E-02    2.96096E-01
 1.70000E+01    1.38321E+00    5.93767E-01    2.17265E+00
 1.80000E+01    5.48641E+00    3.04361E+00    7.92921E+00
 1.90000E+01    1.30890E+01    7.26119E+00    1.89168E+01
 2.00000E+01    2.16187E+01    1.19931E+01    3.12443E+01
 2.20000E+01    3.23607E+01    1.98195E+01    4.49019E+01
 2.40000E+01    3.66153E+01    2.24252E+01    5.08054E+01
 2.60000E+01    3.90425E+01    9.80699E+00    6.82780E+01
 2.80000E+01    4.07682E+01    1.02405E+01    7.12959E+01
 3.00000E+01    4.12891E+01    1.03713E+01    7.22069E+01
