# n + Fe 54 : (n,a05)   
# endfb8.0   Nobre, Brown, Herman, Arcilla+    EVAL-DEC17
# uncertainties: n
# # energies =    74
#   E(MeV)       xs(mb) 
 6.48474E-01    0.00000E+00
 3.50000E+00    1.29649E-06
 3.60000E+00    2.65560E-06
 3.80000E+00    1.01432E-05
 4.00000E+00    3.27685E-05
 4.15000E+00    7.44985E-05
 4.30000E+00    1.58016E-04
 4.40000E+00    2.55038E-04
 4.50000E+00    3.98307E-04
 4.60000E+00    6.14947E-04
 4.70000E+00    9.17313E-04
 4.80000E+00    1.35655E-03
 5.00000E+00    2.97943E-03
 5.20000E+00    6.06197E-03
 5.40000E+00    1.16457E-02
 5.50000E+00    1.59679E-02
 5.70000E+00    2.88209E-02
 6.00000E+00    6.39122E-02
 6.30000E+00    1.30713E-01
 6.50000E+00    1.99552E-01
 6.70000E+00    2.94525E-01
 7.00000E+00    4.95220E-01
 7.25000E+00    7.15454E-01
 7.50000E+00    9.72609E-01
 8.00000E+00    1.53634E+00
 8.50000E+00    1.98860E+00
 9.00000E+00    2.17155E+00
 9.50000E+00    2.08738E+00
 1.00000E+01    1.84153E+00
 1.05000E+01    1.54711E+00
 1.10000E+01    1.25082E+00
 1.12500E+01    1.11489E+00
 1.15000E+01    9.83108E-01
 1.20000E+01    7.52751E-01
 1.25000E+01    5.65338E-01
 1.30000E+01    4.16950E-01
 1.35000E+01    3.00095E-01
 1.40000E+01    2.13612E-01
 1.45000E+01    1.48769E-01
 1.50000E+01    1.02972E-01
 1.56000E+01    6.53233E-02
 1.60000E+01    4.81589E-02
 1.65000E+01    3.33785E-02
 1.72000E+01    1.99464E-02
 1.80000E+01    1.14742E-02
 1.90000E+01    5.78125E-03
 2.00000E+01    2.89460E-03
 2.10000E+01    1.39202E-03
 2.20000E+01    6.18322E-04
 2.40000E+01    1.37482E-04
 2.57000E+01    3.93081E-05
 2.80000E+01    7.10871E-06
 3.00000E+01    1.67396E-06
 3.20000E+01    4.14580E-07
 3.40000E+01    6.46870E-08
 3.60000E+01    1.48770E-08
 3.80000E+01    3.58790E-09
 4.00000E+01    9.57460E-10
 4.50000E+01    3.63760E-11
 5.00000E+01    3.93070E-13
 5.50000E+01    1.98470E-14
 6.00000E+01    1.33250E-15
 6.50000E+01    1.65980E-17
 7.00000E+01    1.22640E-18
 7.50000E+01    1.48790E-19
 8.00000E+01    3.95390E-20
 9.00000E+01    5.11700E-22
 9.60000E+01    7.74600E-22
 1.00000E+02    1.86660E-22
 1.10000E+02    3.82140E-24
 1.20000E+02    4.09190E-23
 1.30000E+02    2.36060E-23
 1.40000E+02    5.62450E-24
 1.50000E+02    4.88190E-25
