# n + Fe 54 : (n,a06)   
# endfb8.0   Nobre, Brown, Herman, Arcilla+    EVAL-DEC17
# uncertainties: n
# # energies =    74
#   E(MeV)       xs(mb) 
 7.27107E-01    0.00000E+00
 3.50000E+00    2.35587E-06
 3.60000E+00    4.99597E-06
 3.80000E+00    1.97600E-05
 4.00000E+00    7.02723E-05
 4.15000E+00    1.62280E-04
 4.30000E+00    3.52071E-04
 4.40000E+00    5.76837E-04
 4.50000E+00    9.04619E-04
 4.60000E+00    1.39917E-03
 4.70000E+00    2.08800E-03
 4.80000E+00    3.10358E-03
 5.00000E+00    6.80288E-03
 5.20000E+00    1.37075E-02
 5.40000E+00    2.60578E-02
 5.50000E+00    3.54358E-02
 5.70000E+00    6.27810E-02
 6.00000E+00    1.34618E-01
 6.30000E+00    2.65506E-01
 6.50000E+00    3.95301E-01
 6.70000E+00    5.66894E-01
 7.00000E+00    9.15847E-01
 7.25000E+00    1.28191E+00
 7.50000E+00    1.68736E+00
 8.00000E+00    2.52185E+00
 8.50000E+00    3.07969E+00
 9.00000E+00    3.16851E+00
 9.50000E+00    2.86653E+00
 1.00000E+01    2.38460E+00
 1.05000E+01    1.89834E+00
 1.10000E+01    1.46428E+00
 1.12500E+01    1.27812E+00
 1.15000E+01    1.10569E+00
 1.20000E+01    8.17658E-01
 1.25000E+01    5.95485E-01
 1.30000E+01    4.27545E-01
 1.35000E+01    3.00604E-01
 1.40000E+01    2.09533E-01
 1.45000E+01    1.43146E-01
 1.50000E+01    9.73242E-02
 1.56000E+01    6.05164E-02
 1.60000E+01    4.40627E-02
 1.65000E+01    3.00938E-02
 1.72000E+01    1.76399E-02
 1.80000E+01    9.93873E-03
 1.90000E+01    4.89026E-03
 2.00000E+01    2.39934E-03
 2.10000E+01    1.13460E-03
 2.20000E+01    4.96966E-04
 2.40000E+01    1.08162E-04
 2.57000E+01    3.05316E-05
 2.80000E+01    5.45365E-06
 3.00000E+01    1.27382E-06
 3.20000E+01    3.13400E-07
 3.40000E+01    4.86290E-08
 3.60000E+01    1.11310E-08
 3.80000E+01    2.67320E-09
 4.00000E+01    7.10740E-10
 4.50000E+01    2.67950E-11
 5.00000E+01    2.87750E-13
 5.50000E+01    1.44530E-14
 6.00000E+01    9.66040E-16
 6.50000E+01    1.19860E-17
 7.00000E+01    8.82550E-19
 7.50000E+01    1.06730E-19
 8.00000E+01    2.82800E-20
 9.00000E+01    3.64090E-22
 9.60000E+01    5.49600E-22
 1.00000E+02    1.32220E-22
 1.10000E+02    2.69600E-24
 1.20000E+02    2.87650E-23
 1.30000E+02    1.65400E-23
 1.40000E+02    3.93000E-24
 1.50000E+02    3.40180E-25
