# n + Fe 56 : (n,n'04)  
# endfb8.0     CIELO Collaboration             EVAL-DEC17
# uncertainties: n
# # energies =    75
#   E(MeV)       xs(mb) 
 2.99454E+00    0.00000E+00
 3.00000E+00    3.61699E+00
 3.20000E+00    3.93186E+01
 3.50000E+00    4.78359E+01
 3.60000E+00    4.74654E+01
 3.80000E+00    4.78135E+01
 4.00000E+00    4.43105E+01
 4.15000E+00    4.33462E+01
 4.30000E+00    4.13846E+01
 4.40000E+00    3.99247E+01
 4.50000E+00    3.78358E+01
 4.60000E+00    3.60760E+01
 4.70000E+00    3.41230E+01
 4.80000E+00    3.20803E+01
 5.00000E+00    2.80998E+01
 5.20000E+00    2.47412E+01
 5.40000E+00    2.19040E+01
 5.50000E+00    2.06650E+01
 5.70000E+00    1.84947E+01
 6.00000E+00    1.58789E+01
 6.30000E+00    1.38397E+01
 6.50000E+00    1.28022E+01
 6.70000E+00    1.18257E+01
 7.00000E+00    1.06109E+01
 7.25000E+00    9.74809E+00
 7.50000E+00    8.99766E+00
 8.00000E+00    7.75302E+00
 8.50000E+00    6.72123E+00
 9.00000E+00    5.89577E+00
 9.50000E+00    5.21654E+00
 1.00000E+01    4.66522E+00
 1.05000E+01    4.22071E+00
 1.10000E+01    3.86080E+00
 1.12500E+01    3.70619E+00
 1.15000E+01    3.56544E+00
 1.20000E+01    3.31796E+00
 1.25000E+01    3.10535E+00
 1.30000E+01    2.92245E+00
 1.35000E+01    2.76216E+00
 1.40000E+01    2.62093E+00
 1.45000E+01    2.49577E+00
 1.50000E+01    2.38416E+00
 1.60000E+01    2.19362E+00
 1.65000E+01    2.11185E+00
 1.80000E+01    1.91060E+00
 1.90000E+01    1.80579E+00
 2.00000E+01    1.71629E+00
 2.20000E+01    1.56169E+00
 2.40000E+01    1.41153E+00
 2.57000E+01    1.29426E+00
 2.80000E+01    1.16402E+00
 3.00000E+01    1.06999E+00
 3.20000E+01    9.86926E-01
 3.40000E+01    9.11877E-01
 3.60000E+01    8.42722E-01
 3.80000E+01    7.79338E-01
 4.00000E+01    7.21953E-01
 4.50000E+01    6.01303E-01
 5.00000E+01    5.07516E-01
 5.25000E+01    4.66104E-01
 5.50000E+01    4.30981E-01
 6.00000E+01    3.68212E-01
 6.50000E+01    3.20728E-01
 7.00000E+01    2.80653E-01
 7.50000E+01    2.47003E-01
 8.00000E+01    2.18976E-01
 9.00000E+01    1.75961E-01
 9.60000E+01    1.55615E-01
 1.00000E+02    1.43785E-01
 1.10000E+02    1.19009E-01
 1.20000E+02    9.95425E-02
 1.25000E+02    9.13492E-02
 1.30000E+02    8.40053E-02
 1.40000E+02    7.14479E-02
 1.50000E+02    6.11975E-02
