# n + Fe 56 : (n,n'18)  
# endfb8.0     CIELO Collaboration             EVAL-DEC17
# uncertainties: n
# # energies =    70
#   E(MeV)       xs(mb) 
 3.89883E+00    0.00000E+00
 4.00000E+00    3.17410E+01
 4.15000E+00    4.04819E+01
 4.30000E+00    4.50770E+01
 4.40000E+00    4.82257E+01
 4.50000E+00    4.96742E+01
 4.60000E+00    5.08531E+01
 4.70000E+00    5.10488E+01
 4.80000E+00    5.04946E+01
 5.00000E+00    4.91299E+01
 5.20000E+00    4.67649E+01
 5.40000E+00    4.35820E+01
 5.50000E+00    4.18139E+01
 5.70000E+00    3.81505E+01
 6.00000E+00    3.28143E+01
 6.30000E+00    2.79990E+01
 6.50000E+00    2.54146E+01
 6.70000E+00    2.28290E+01
 7.00000E+00    1.96000E+01
 7.25000E+00    1.72890E+01
 7.50000E+00    1.53253E+01
 8.00000E+00    1.22695E+01
 8.50000E+00    9.99114E+00
 9.00000E+00    8.40822E+00
 9.50000E+00    7.23857E+00
 1.00000E+01    6.35824E+00
 1.05000E+01    5.68583E+00
 1.10000E+01    5.16491E+00
 1.12500E+01    4.94929E+00
 1.15000E+01    4.75873E+00
 1.20000E+01    4.44094E+00
 1.25000E+01    4.19061E+00
 1.30000E+01    3.99279E+00
 1.35000E+01    3.83079E+00
 1.40000E+01    3.69414E+00
 1.45000E+01    3.57434E+00
 1.50000E+01    3.46627E+00
 1.60000E+01    3.27435E+00
 1.65000E+01    3.18776E+00
 1.80000E+01    2.95877E+00
 1.90000E+01    2.82889E+00
 2.00000E+01    2.71615E+00
 2.20000E+01    2.54245E+00
 2.40000E+01    2.39744E+00
 2.57000E+01    2.28139E+00
 2.80000E+01    2.13498E+00
 3.00000E+01    2.01347E+00
 3.20000E+01    1.90170E+00
 3.40000E+01    1.80348E+00
 3.60000E+01    1.71581E+00
 3.80000E+01    1.63560E+00
 4.00000E+01    1.56097E+00
 4.50000E+01    1.39052E+00
 5.00000E+01    1.24361E+00
 5.25000E+01    1.17211E+00
 5.50000E+01    1.10978E+00
 6.00000E+01    9.87943E-01
 6.50000E+01    8.90544E-01
 7.00000E+01    8.02361E-01
 7.50000E+01    7.24052E-01
 8.00000E+01    6.55597E-01
 9.00000E+01    5.44565E-01
 9.60000E+01    4.89295E-01
 1.00000E+02    4.56371E-01
 1.10000E+02    3.85683E-01
 1.20000E+02    3.28563E-01
 1.25000E+02    3.04141E-01
 1.30000E+02    2.82088E-01
 1.40000E+02    2.44037E-01
 1.50000E+02    2.12725E-01
