# n + Mo 93 : (n,tot)   
# tendl.2019 A.J. Koning and D. Rochman        EVAL-NOV19
# uncertainties: y
# # energies =   666
#   E(MeV)       xs(mb)       xslow(mb)      xsupp(mb)
 1.00000E-11    4.46377E+05    2.78774E+05    6.13981E+05
 1.04713E-11    4.36232E+05    2.72438E+05    6.00027E+05
 1.09648E-11    4.26312E+05    2.66242E+05    5.86382E+05
 1.14815E-11    4.16628E+05    2.60194E+05    5.73061E+05
 1.20226E-11    4.07152E+05    2.54277E+05    5.60028E+05
 1.25893E-11    3.97906E+05    2.48502E+05    5.47310E+05
 1.31826E-11    3.88857E+05    2.42851E+05    5.34864E+05
 1.38038E-11    3.80027E+05    2.37336E+05    5.22718E+05
 1.44544E-11    3.71388E+05    2.31941E+05    5.10835E+05
 1.51356E-11    3.62953E+05    2.26673E+05    4.99233E+05
 1.58489E-11    3.54707E+05    2.21523E+05    4.87891E+05
 1.65959E-11    3.46649E+05    2.16491E+05    4.76807E+05
 1.73780E-11    3.38778E+05    2.11575E+05    4.65981E+05
 1.81970E-11    3.31081E+05    2.06768E+05    4.55393E+05
 1.90546E-11    3.23567E+05    2.02076E+05    4.45059E+05
 1.99526E-11    3.16215E+05    1.97484E+05    4.34947E+05
 2.08930E-11    3.09041E+05    1.93004E+05    4.25079E+05
 2.18776E-11    3.02022E+05    1.88620E+05    4.15424E+05
 2.29087E-11    2.95170E+05    1.84341E+05    4.06000E+05
 2.39883E-11    2.88469E+05    1.80156E+05    3.96783E+05
 2.51189E-11    2.81925E+05    1.76069E+05    3.87781E+05
 2.63027E-11    2.75529E+05    1.72075E+05    3.78984E+05
 2.75423E-11    2.69277E+05    1.68170E+05    3.70384E+05
 2.88403E-11    2.63173E+05    1.64358E+05    3.61988E+05
 3.01995E-11    2.57201E+05    1.60629E+05    3.53774E+05
 3.16228E-11    2.51374E+05    1.56989E+05    3.45759E+05
 3.31131E-11    2.45672E+05    1.53428E+05    3.37916E+05
 3.46737E-11    2.40107E+05    1.49953E+05    3.30262E+05
 3.63078E-11    2.34664E+05    1.46553E+05    3.22774E+05
 3.80189E-11    2.29350E+05    1.43235E+05    3.15465E+05
 3.98107E-11    2.24154E+05    1.39989E+05    3.08318E+05
 4.16869E-11    2.19078E+05    1.36820E+05    3.01337E+05
 4.36516E-11    2.14119E+05    1.33723E+05    2.94516E+05
 4.57088E-11    2.09271E+05    1.30695E+05    2.87847E+05
 4.78630E-11    2.04538E+05    1.27739E+05    2.81337E+05
 5.01187E-11    1.99908E+05    1.24847E+05    2.74969E+05
 5.24807E-11    1.95390E+05    1.22026E+05    2.68754E+05
 5.49541E-11    1.90970E+05    1.19265E+05    2.62674E+05
 5.75440E-11    1.86656E+05    1.16571E+05    2.56741E+05
 6.02560E-11    1.82437E+05    1.13936E+05    2.50937E+05
 6.30957E-11    1.78317E+05    1.11364E+05    2.45271E+05
 6.60693E-11    1.74291E+05    1.08849E+05    2.39733E+05
 6.91831E-11    1.70356E+05    1.06392E+05    2.34321E+05
 7.24436E-11    1.66514E+05    1.03992E+05    2.29036E+05
 7.58578E-11    1.62757E+05    1.01645E+05    2.23868E+05
 7.94328E-11    1.59090E+05    1.00482E+05    2.17698E+05
 8.31764E-11    1.55502E+05    9.82157E+04    2.12789E+05
 8.70964E-11    1.52002E+05    9.60050E+04    2.07999E+05
 9.12011E-11    1.48578E+05    9.38421E+04    2.03313E+05
 9.54993E-11    1.45236E+05    9.17316E+04    1.98740E+05
 1.00000E-10    1.41968E+05    8.96675E+04    1.94269E+05
 1.04713E-10    1.38777E+05    8.76523E+04    1.89903E+05
 1.09648E-10    1.35659E+05    8.56830E+04    1.85636E+05
 1.14815E-10    1.32612E+05    8.37585E+04    1.81466E+05
 1.20226E-10    1.29638E+05    8.18796E+04    1.77396E+05
 1.25893E-10    1.26729E+05    8.00422E+04    1.73415E+05
 1.31826E-10    1.23890E+05    7.82494E+04    1.69531E+05
 1.38038E-10    1.21113E+05    7.64955E+04    1.65731E+05
 1.44544E-10    1.18404E+05    7.47844E+04    1.62024E+05
 1.51356E-10    1.15754E+05    7.31107E+04    1.58398E+05
 1.58489E-10    1.13168E+05    7.14774E+04    1.54859E+05
 1.65959E-10    1.10640E+05    6.98806E+04    1.51399E+05
 1.73780E-10    1.08171E+05    6.83213E+04    1.48021E+05
 1.81970E-10    1.05760E+05    6.67982E+04    1.44721E+05
 1.90546E-10    1.03403E+05    6.53095E+04    1.41496E+05
 1.99526E-10    1.01102E+05    6.38566E+04    1.38348E+05
 2.08930E-10    9.88526E+04    6.24357E+04    1.35270E+05
 2.18776E-10    9.66579E+04    6.10495E+04    1.32266E+05
 2.29087E-10    9.45112E+04    6.05738E+04    1.28449E+05
 2.39883E-10    9.24170E+04    5.92316E+04    1.25602E+05
 2.51189E-10    9.03690E+04    5.79190E+04    1.22819E+05
 2.63027E-10    8.83704E+04    5.66380E+04    1.20103E+05
 2.75423E-10    8.64170E+04    5.53861E+04    1.17448E+05
 2.88403E-10    8.45093E+04    5.41634E+04    1.14855E+05
 3.01995E-10    8.26466E+04    5.29695E+04    1.12324E+05
 3.16228E-10    8.08258E+04    5.18026E+04    1.09849E+05
 3.31131E-10    7.90492E+04    5.06639E+04    1.07434E+05
 3.46737E-10    7.73118E+04    4.95504E+04    1.05073E+05
 3.63078E-10    7.56171E+04    4.84643E+04    1.02770E+05
 3.80189E-10    7.39597E+04    4.74020E+04    1.00517E+05
 3.98107E-10    7.23429E+04    4.63657E+04    9.83200E+04
 4.16869E-10    7.07621E+04    4.53526E+04    9.61716E+04
 4.36516E-10    6.92193E+04    4.43638E+04    9.40748E+04
 4.57088E-10    6.77120E+04    4.33977E+04    9.20263E+04
 4.78630E-10    6.62396E+04    4.24540E+04    9.00251E+04
 5.01187E-10    6.48024E+04    4.15329E+04    8.80719E+04
 5.24807E-10    6.33974E+04    4.06324E+04    8.61623E+04
 5.49541E-10    6.20268E+04    3.97540E+04    8.42996E+04
 5.75440E-10    6.06864E+04    3.88949E+04    8.24779E+04
 6.02560E-10    5.93791E+04    3.80571E+04    8.07012E+04
 6.30957E-10    5.81006E+04    3.72377E+04    7.89636E+04
 6.60693E-10    5.68534E+04    3.70492E+04    7.66577E+04
 6.91831E-10    5.56343E+04    3.62547E+04    7.50139E+04
 7.24436E-10    5.44442E+04    3.54791E+04    7.34092E+04
 7.58578E-10    5.32818E+04    3.47216E+04    7.18419E+04
 7.94328E-10    5.21460E+04    3.39815E+04    7.03104E+04
 8.31764E-10    5.10376E+04    3.32592E+04    6.88160E+04
 8.70964E-10    4.99539E+04    3.25530E+04    6.73548E+04
 9.12011E-10    4.88968E+04    3.18642E+04    6.59295E+04
 9.54993E-10    4.78630E+04    3.11904E+04    6.45355E+04
 1.00000E-09    4.68547E+04    3.05334E+04    6.31761E+04
 1.04713E-09    4.58691E+04    2.98911E+04    6.18470E+04
 1.09648E-09    4.49063E+04    2.92637E+04    6.05489E+04
 1.14815E-09    4.39667E+04    2.86514E+04    5.92820E+04
 1.20226E-09    4.30478E+04    2.80526E+04    5.80430E+04
 1.25892E-09    4.21511E+04    2.98600E+04    5.44423E+04
 1.31826E-09    4.12753E+04    2.92396E+04    5.33111E+04
 1.38038E-09    4.04190E+04    2.86329E+04    5.22051E+04
 1.44544E-09    3.95837E+04    2.80412E+04    5.11262E+04
 1.51356E-09    3.87673E+04    2.74629E+04    5.00718E+04
 1.58489E-09    3.79694E+04    2.68976E+04    4.90412E+04
 1.65959E-09    3.71911E+04    2.63463E+04    4.80359E+04
 1.73780E-09    3.64300E+04    2.58071E+04    4.70529E+04
 1.81970E-09    3.56866E+04    2.52805E+04    4.60927E+04
 1.90546E-09    3.49611E+04    2.47666E+04    4.51557E+04
 1.99526E-09    3.42516E+04    2.42639E+04    4.42393E+04
 2.08930E-09    3.35590E+04    2.37733E+04    4.33447E+04
 2.18776E-09    3.28827E+04    2.32942E+04    4.24712E+04
 2.29087E-09    3.22212E+04    2.28256E+04    4.16168E+04
 2.39883E-09    3.15759E+04    2.23684E+04    4.07833E+04
 2.51189E-09    3.09452E+04    2.19217E+04    3.99687E+04
 2.63027E-09    3.03286E+04    2.14849E+04    3.91724E+04
 2.75423E-09    2.97272E+04    2.10588E+04    3.83955E+04
 2.88403E-09    2.91391E+04    2.06422E+04    3.76359E+04
 3.01995E-09    2.85644E+04    2.02351E+04    3.68937E+04
 3.16228E-09    2.80037E+04    1.98379E+04    3.61695E+04
 3.31131E-09    2.74552E+04    1.94494E+04    3.54611E+04
 3.46737E-09    2.69197E+04    1.90700E+04    3.47694E+04
 3.63078E-09    2.63968E+04    1.86996E+04    3.40940E+04
 3.80189E-09    2.58853E+04    1.83372E+04    3.34334E+04
 3.98107E-09    2.53862E+04    1.79837E+04    3.27888E+04
 4.16869E-09    2.48986E+04    1.76382E+04    3.21589E+04
 4.36516E-09    2.44217E+04    1.73004E+04    3.15430E+04
 4.57088E-09    2.39564E+04    1.69708E+04    3.09421E+04
 4.78630E-09    2.35016E+04    1.66486E+04    3.03546E+04
 5.01187E-09    2.30570E+04    1.63336E+04    2.97803E+04
 5.24807E-09    2.26232E+04    1.60264E+04    2.92201E+04
 5.49541E-09    2.21991E+04    1.57259E+04    2.86724E+04
 5.75440E-09    2.17845E+04    1.54322E+04    2.81368E+04
 6.02560E-09    2.13799E+04    1.51456E+04    2.76143E+04
 6.30957E-09    2.09845E+04    1.48655E+04    2.71035E+04
 6.60693E-09    2.05979E+04    1.45916E+04    2.66042E+04
 6.91831E-09    2.02203E+04    1.43241E+04    2.61165E+04
 7.24436E-09    1.98517E+04    1.40630E+04    2.56404E+04
 7.58578E-09    1.94913E+04    1.38077E+04    2.51749E+04
 7.94328E-09    1.91390E+04    1.35581E+04    2.47198E+04
 8.31764E-09    1.87951E+04    1.33145E+04    2.42757E+04
 8.70964E-09    1.84591E+04    1.30765E+04    2.38418E+04
 9.12011E-09    1.81306E+04    1.28438E+04    2.34175E+04
 9.54993E-09    1.78097E+04    1.26164E+04    2.30030E+04
 1.00000E-08    1.74965E+04    1.23945E+04    2.25984E+04
 1.04713E-08    1.71902E+04    1.21776E+04    2.22028E+04
 1.09648E-08    1.68908E+04    1.19655E+04    2.18161E+04
 1.14815E-08    1.65986E+04    1.17585E+04    2.14387E+04
 1.20226E-08    1.63131E+04    1.15562E+04    2.10699E+04
 1.25893E-08    1.60339E+04    1.13584E+04    2.07093E+04
 1.31826E-08    1.57611E+04    1.11652E+04    2.03570E+04
 1.38038E-08    1.54948E+04    1.09766E+04    2.00131E+04
 1.44544E-08    1.52346E+04    1.07922E+04    1.96770E+04
 1.51356E-08    1.49802E+04    1.06120E+04    1.93484E+04
 1.58489E-08    1.47316E+04    1.04359E+04    1.90273E+04
 1.65959E-08    1.44889E+04    1.02640E+04    1.87138E+04
 1.73780E-08    1.42517E+04    1.00959E+04    1.84075E+04
 1.81970E-08    1.40199E+04    9.93171E+03    1.81080E+04
 1.90546E-08    1.37933E+04    9.77118E+03    1.78153E+04
 1.99526E-08    1.35719E+04    9.61438E+03    1.75295E+04
 2.08930E-08    1.33558E+04    9.46129E+03    1.72503E+04
 2.18776E-08    1.31446E+04    9.31166E+03    1.69775E+04
 2.29087E-08    1.29381E+04    9.16541E+03    1.67109E+04
 2.39883E-08    1.27364E+04    9.02246E+03    1.64502E+04
 2.51189E-08    1.25392E+04    9.34930E+03    1.57292E+04
 2.63027E-08    1.23468E+04    9.25089E+03    1.54427E+04
 2.75423E-08    1.21588E+04    9.11001E+03    1.52075E+04
 2.88403E-08    1.19750E+04    8.97234E+03    1.49777E+04
 3.01995E-08    1.17954E+04    8.94936E+03    1.46415E+04
 3.16228E-08    1.16199E+04    8.81619E+03    1.44237E+04
 3.31131E-08    1.14484E+04    8.68606E+03    1.42108E+04
 3.46737E-08    1.12809E+04    8.55898E+03    1.40029E+04
 3.63078E-08    1.11173E+04    8.43481E+03    1.37997E+04
 3.80189E-08    1.09573E+04    8.31346E+03    1.36012E+04
 3.98107E-08    1.08010E+04    8.19486E+03    1.34071E+04
 4.16869E-08    1.06482E+04    8.18225E+03    1.31142E+04
 4.36516E-08    1.04990E+04    8.06754E+03    1.29304E+04
 4.57088E-08    1.03531E+04    7.95547E+03    1.27508E+04
 4.78630E-08    1.02107E+04    7.84604E+03    1.25754E+04
 5.01187E-08    1.00716E+04    7.82559E+03    1.23176E+04
 5.24807E-08    9.93561E+03    7.71993E+03    1.21513E+04
 5.49541E-08    9.80274E+03    7.61669E+03    1.19888E+04
 5.75440E-08    9.67292E+03    7.51582E+03    1.18300E+04
 6.02560E-08    9.54608E+03    7.48387E+03    1.16083E+04
 6.30957E-08    9.42215E+03    7.38670E+03    1.14576E+04
 6.60693E-08    9.30104E+03    7.29176E+03    1.13103E+04
 6.91831E-08    9.18268E+03    7.19897E+03    1.11664E+04
 7.24436E-08    9.06703E+03    7.16251E+03    1.09715E+04
 7.58578E-08    8.95403E+03    7.07325E+03    1.08348E+04
 7.94328E-08    8.84370E+03    6.98609E+03    1.07013E+04
 8.31764E-08    8.73583E+03    6.94458E+03    1.05271E+04
 8.70964E-08    8.63042E+03    6.86079E+03    1.04001E+04
 9.12011E-08    8.52743E+03    6.80916E+03    1.02457E+04
 9.54993E-08    8.42681E+03    6.72881E+03    1.01248E+04
 1.00000E-07    8.32850E+03    6.78521E+03    9.87178E+03
 1.04713E-07    8.23243E+03    6.70695E+03    9.75792E+03
 1.09648E-07    8.13857E+03    6.63048E+03    9.64667E+03
 1.14815E-07    8.04689E+03    6.55579E+03    9.53800E+03
 1.20226E-07    7.95736E+03    6.48284E+03    9.43187E+03
 1.25893E-07    7.86984E+03    6.41155E+03    9.32814E+03
 1.31826E-07    7.78431E+03    6.34186E+03    9.22675E+03
 1.38038E-07    7.70072E+03    6.27376E+03    9.12767E+03
 1.44544E-07    7.61904E+03    6.20722E+03    9.03087E+03
 1.51356E-07    7.53925E+03    6.14221E+03    8.93629E+03
 1.58489E-07    7.46128E+03    6.07870E+03    8.84387E+03
 1.65959E-07    7.38508E+03    6.01661E+03    8.75355E+03
 1.73780E-07    7.31064E+03    5.95597E+03    8.66532E+03
 1.81970E-07    7.23792E+03    5.89672E+03    8.57912E+03
 1.90546E-07    7.16684E+03    5.83881E+03    8.49487E+03
 1.99526E-07    7.09738E+03    5.78222E+03    8.41254E+03
 2.08930E-07    7.02953E+03    5.84173E+03    8.21734E+03
 2.18776E-07    6.96329E+03    5.78668E+03    8.13990E+03
 2.29087E-07    6.89849E+03    5.73283E+03    8.06416E+03
 2.39883E-07    6.83518E+03    5.68022E+03    7.99015E+03
 2.51189E-07    6.77335E+03    5.62884E+03    7.91787E+03
 2.63027E-07    6.71297E+03    5.57865E+03    7.84728E+03
 2.75423E-07    6.65392E+03    5.52958E+03    7.77825E+03
 2.88403E-07    6.59618E+03    5.48160E+03    7.71076E+03
 3.01995E-07    6.53980E+03    5.49042E+03    7.58918E+03
 3.16228E-07    6.48474E+03    5.44419E+03    7.52529E+03
 3.31131E-07    6.43087E+03    5.39896E+03    7.46277E+03
 3.46737E-07    6.37818E+03    5.35473E+03    7.40163E+03
 3.63078E-07    6.32673E+03    5.31153E+03    7.34192E+03
 3.80189E-07    6.27649E+03    5.26935E+03    7.28362E+03
 3.98107E-07    6.22739E+03    5.22814E+03    7.22665E+03
 4.16869E-07    6.17940E+03    5.21790E+03    7.14090E+03
 4.36516E-07    6.13250E+03    5.17830E+03    7.08671E+03
 4.57088E-07    6.08664E+03    5.13957E+03    7.03371E+03
 4.78630E-07    6.04181E+03    5.10172E+03    6.98190E+03
 5.01187E-07    5.99801E+03    5.09243E+03    6.90359E+03
 5.24807E-07    5.95521E+03    5.05609E+03    6.85433E+03
 5.49541E-07    5.91342E+03    5.02062E+03    6.80623E+03
 5.75440E-07    5.87251E+03    4.98588E+03    6.75914E+03
 6.02560E-07    5.83244E+03    4.95186E+03    6.71302E+03
 6.30957E-07    5.79329E+03    4.91862E+03    6.66796E+03
 6.60693E-07    5.75511E+03    4.88620E+03    6.62401E+03
 6.91831E-07    5.71779E+03    4.85452E+03    6.58106E+03
 7.24436E-07    5.68111E+03    4.84454E+03    6.51767E+03
 7.58578E-07    5.64528E+03    4.81399E+03    6.47657E+03
 7.94328E-07    5.61038E+03    4.78423E+03    6.43653E+03
 8.31764E-07    5.57627E+03    4.75514E+03    6.39740E+03
 8.70964E-07    5.54270E+03    4.72651E+03    6.35889E+03
 9.12011E-07    5.50992E+03    4.69856E+03    6.32128E+03
 9.54993E-07    5.47792E+03    4.67128E+03    6.28457E+03
 1.00000E-06    5.44662E+03    4.66025E+03    6.23298E+03
 1.04713E-06    5.41591E+03    4.63398E+03    6.19784E+03
 1.09648E-06    5.38631E+03    4.60865E+03    6.16397E+03
 1.14815E-06    5.35665E+03    4.58327E+03    6.13003E+03
 1.20226E-06    5.32830E+03    4.55901E+03    6.09758E+03
 1.25893E-06    5.30083E+03    4.53552E+03    6.06615E+03
 1.31826E-06    5.27216E+03    4.51098E+03    6.03333E+03
 1.38038E-06    5.24583E+03    4.48845E+03    6.00321E+03
 1.44544E-06    5.22032E+03    4.46663E+03    5.97402E+03
 1.51356E-06    5.19361E+03    4.44377E+03    5.94345E+03
 1.58489E-06    5.16710E+03    4.42109E+03    5.91311E+03
 1.65959E-06    5.14418E+03    4.40148E+03    5.88688E+03
 1.73780E-06    5.12056E+03    4.38127E+03    5.85985E+03
 1.81970E-06    5.09582E+03    4.36010E+03    5.83154E+03
 1.90546E-06    5.06996E+03    4.33797E+03    5.80194E+03
 1.99526E-06    5.04725E+03    4.31854E+03    5.77596E+03
 2.08930E-06    5.02649E+03    4.30042E+03    5.75257E+03
 2.18776E-06    5.00476E+03    4.28182E+03    5.72770E+03
 2.29087E-06    4.98200E+03    4.26235E+03    5.70165E+03
 2.39883E-06    4.95817E+03    4.24196E+03    5.67438E+03
 2.51189E-06    4.93539E+03    4.22247E+03    5.64831E+03
 2.63027E-06    4.91643E+03    4.20625E+03    5.62661E+03
 2.75423E-06    4.89675E+03    4.18941E+03    5.60409E+03
 2.88403E-06    4.87615E+03    4.17178E+03    5.58051E+03
 3.01995E-06    4.85457E+03    4.14773E+03    5.56140E+03
 3.16228E-06    4.83227E+03    4.12868E+03    5.53586E+03
 3.31131E-06    4.81362E+03    4.11275E+03    5.51450E+03
 3.46737E-06    4.79571E+03    4.09745E+03    5.49398E+03
 3.63078E-06    4.77696E+03    4.08142E+03    5.47250E+03
 3.80189E-06    4.75732E+03    4.06465E+03    5.45000E+03
 3.98107E-06    4.73676E+03    4.04708E+03    5.42645E+03
 4.16869E-06    4.71604E+03    4.02321E+03    5.40887E+03
 4.36516E-06    4.69882E+03    4.00852E+03    5.38912E+03
 4.57088E-06    4.68148E+03    3.99372E+03    5.36923E+03
 4.78630E-06    4.66332E+03    3.97823E+03    5.34841E+03
 5.01187E-06    4.64430E+03    3.95586E+03    5.33275E+03
 5.24807E-06    4.62439E+03    3.93890E+03    5.30988E+03
 5.49541E-06    4.60409E+03    3.92160E+03    5.28657E+03
 5.75440E-06    4.58712E+03    3.90715E+03    5.26709E+03
 6.02560E-06    4.57028E+03    3.88656E+03    5.25399E+03
 6.30957E-06    4.55264E+03    3.87156E+03    5.23371E+03
 6.60693E-06    4.53416E+03    3.85585E+03    5.21248E+03
 6.91831E-06    4.51482E+03    3.83940E+03    5.19024E+03
 7.24436E-06    4.49457E+03    3.81582E+03    5.17333E+03
 7.58578E-06    4.47655E+03    3.80052E+03    5.15259E+03
 7.94328E-06    4.46033E+03    3.78675E+03    5.13392E+03
 8.31764E-06    4.44335E+03    3.76563E+03    5.12107E+03
 8.70964E-06    4.42557E+03    3.75056E+03    5.10057E+03
 9.12011E-06    4.40694E+03    3.72737E+03    5.08651E+03
 9.54993E-06    4.38769E+03    3.71109E+03    5.06430E+03
 1.00000E-05    4.37236E+03    3.66407E+03    5.08065E+03
 1.04713E-05    4.35817E+03    3.65218E+03    5.06416E+03
 1.09648E-05    4.34331E+03    3.63972E+03    5.04689E+03
 1.14815E-05    4.32775E+03    3.62668E+03    5.02881E+03
 1.20226E-05    4.31650E+03    3.61726E+03    5.01574E+03
 1.25893E-05    4.30961E+03    3.61149E+03    5.00774E+03
 1.31826E-05    4.30272E+03    3.60571E+03    4.99973E+03
 1.38038E-05    4.30489E+03    3.60753E+03    5.00225E+03
 1.44544E-05    4.31208E+03    3.61356E+03    5.01061E+03
 1.51356E-05    4.33279E+03    3.42129E+03    5.24428E+03
 1.58489E-05    4.36650E+03    3.44791E+03    5.28508E+03
 1.65959E-05    4.42564E+03    3.49461E+03    5.35667E+03
 1.73780E-05    4.52053E+03    3.56954E+03    5.47152E+03
 1.81970E-05    4.67216E+03    3.68927E+03    5.65505E+03
 1.90546E-05    4.91587E+03    3.88171E+03    5.95003E+03
 1.99526E-05    5.31691E+03    4.19838E+03    6.43543E+03
 2.08930E-05    6.00891E+03    4.41032E+03    7.60751E+03
 2.18776E-05    7.27843E+03    5.34209E+03    9.21477E+03
 2.29087E-05    9.86626E+03    7.24146E+03    1.24911E+04
 2.39883E-05    1.61241E+04    1.18344E+04    2.04137E+04
 2.51189E-05    3.71126E+04    2.72393E+04    4.69860E+04
 2.63027E-05    2.30634E+05    1.69277E+05    2.91992E+05
 2.75423E-05    4.63040E+06    3.39854E+06    5.86226E+06
 2.88403E-05    1.80549E+05    1.32516E+05    2.28582E+05
 3.01995E-05    4.70151E+04    3.14400E+04    6.25902E+04
 3.16228E-05    2.49274E+04    1.66695E+04    3.31854E+04
 3.31131E-05    1.69490E+04    1.13341E+04    2.25638E+04
 3.46737E-05    1.30889E+04    8.75282E+03    1.74250E+04
 3.63078E-05    1.08867E+04    7.28016E+03    1.44932E+04
 3.80189E-05    9.49567E+03    6.34995E+03    1.26414E+04
 3.98107E-05    8.55114E+03    5.71832E+03    1.13840E+04
 4.16869E-05    7.87017E+03    6.43844E+03    9.30190E+03
 4.36516E-05    7.36207E+03    6.02277E+03    8.70137E+03
 4.57088E-05    6.96791E+03    5.70031E+03    8.23550E+03
 4.78630E-05    6.65334E+03    5.44297E+03    7.86371E+03
 5.01187E-05    6.39868E+03    5.36800E+03    7.42937E+03
 5.24807E-05    6.18740E+03    5.19075E+03    7.18405E+03
 5.49541E-05    6.01504E+03    5.04615E+03    6.98393E+03
 5.75440E-05    5.89943E+03    4.94917E+03    6.84970E+03
 6.02560E-05    1.52924E+04    1.34666E+04    1.71182E+04
 6.30957E-05    9.98164E+03    8.78990E+03    1.11734E+04
 6.60693E-05    5.58509E+03    4.91827E+03    6.25191E+03
 6.91831E-05    5.38933E+03    4.74588E+03    6.03278E+03
 7.24436E-05    5.28339E+03    4.45450E+03    6.11228E+03
 7.58578E-05    5.19172E+03    4.37721E+03    6.00623E+03
 7.94328E-05    5.10560E+03    4.30460E+03    5.90659E+03
 8.31764E-05    5.02451E+03    4.22142E+03    5.82760E+03
 8.70964E-05    4.93960E+03    4.15008E+03    5.72911E+03
 9.12011E-05    4.85086E+03    4.07553E+03    5.62619E+03
 9.54993E-05    4.75813E+03    3.99762E+03    5.51865E+03
 1.00000E-04    4.65811E+03    3.91939E+03    5.39684E+03
 1.04713E-04    4.53695E+03    3.81744E+03    5.25646E+03
 1.09648E-04    4.39231E+03    3.69574E+03    5.08888E+03
 1.14815E-04    4.40592E+03    3.70719E+03    5.10465E+03
 1.20226E-04    1.87357E+05    1.57644E+05    2.17070E+05
 1.25893E-04    1.14519E+04    9.63571E+03    1.32680E+04
 1.31826E-04    6.11246E+03    5.14309E+03    7.08183E+03
 1.38038E-04    5.46071E+03    4.59470E+03    6.32672E+03
 1.44544E-04    5.18073E+03    4.35913E+03    6.00234E+03
 1.51356E-04    5.00314E+03    4.20969E+03    5.79658E+03
 1.58489E-04    4.87031E+03    4.09794E+03    5.64269E+03
 1.65959E-04    4.75839E+03    4.00376E+03    5.51302E+03
 1.73780E-04    4.65893E+03    3.92008E+03    5.39779E+03
 1.81970E-04    4.55587E+03    3.83336E+03    5.27838E+03
 1.90546E-04    4.44922E+03    3.74362E+03    5.15482E+03
 1.99526E-04    4.33262E+03    3.64551E+03    5.01972E+03
 2.08930E-04    4.17984E+03    3.75656E+03    4.60313E+03
 2.18776E-04    3.92935E+03    3.53143E+03    4.32727E+03
 2.29087E-04    8.75700E+03    7.87019E+03    9.64381E+03
 2.39883E-04    7.62660E+04    6.85427E+04    8.39894E+04
 2.51189E-04    5.11260E+03    4.59486E+03    5.63035E+03
 2.63027E-04    4.64430E+03    4.17398E+03    5.11462E+03
 2.75423E-04    4.42559E+03    3.97742E+03    4.87377E+03
 2.88403E-04    4.26763E+03    3.83546E+03    4.69981E+03
 3.01995E-04    4.12837E+03    3.35123E+03    4.90552E+03
 3.16228E-04    3.98548E+03    3.23524E+03    4.73573E+03
 3.31131E-04    3.83484E+03    3.11295E+03    4.55673E+03
 3.46737E-04    3.65858E+03    2.96987E+03    4.34728E+03
 3.63078E-04    3.43964E+03    2.79214E+03    4.08713E+03
 3.80189E-04    3.15436E+03    2.56057E+03    3.74816E+03
 3.98107E-04    5.39562E+03    4.37992E+03    6.41131E+03
 4.16869E-04    4.12366E+03    3.49717E+03    4.75015E+03
 4.36516E-04    2.53929E+05    2.15351E+05    2.92507E+05
 4.57088E-04    3.15921E+04    2.67925E+04    3.63918E+04
 4.78630E-04    7.01260E+03    5.94721E+03    8.07799E+03
 5.01187E-04    5.78140E+03    5.05323E+03    6.50958E+03
 5.24807E-04    5.28904E+03    4.62288E+03    5.95520E+03
 5.49541E-04    5.05384E+03    4.41731E+03    5.69038E+03
 5.75440E-04    4.54332E+03    3.97108E+03    5.11556E+03
 6.02560E-04    4.30077E+03    3.63138E+03    4.97017E+03
 6.30957E-04    4.06677E+03    3.43380E+03    4.69975E+03
 6.60693E-04    3.82126E+03    3.22650E+03    4.41602E+03
 6.91831E-04    3.76282E+03    3.17715E+03    4.34848E+03
 7.24436E-04    6.19035E+03    5.50918E+03    6.87152E+03
 7.58578E-04    2.97059E+03    2.64371E+03    3.29746E+03
 7.94328E-04    7.24423E+04    6.44709E+04    8.04137E+04
 8.31764E-04    3.95198E+03    3.41167E+03    4.49228E+03
 8.70964E-04    4.23028E+03    3.65192E+03    4.80863E+03
 9.12011E-04    3.65844E+03    3.15827E+03    4.15861E+03
 9.54993E-04    2.04841E+05    1.76835E+05    2.32846E+05
 1.00000E-03    1.32391E+04    1.14621E+04    1.50161E+04
 1.04713E-03    6.91615E+03    5.98784E+03    7.84447E+03
 1.09648E-03    5.19618E+03    4.49872E+03    5.89363E+03
 1.14815E-03    8.22697E+03    7.12271E+03    9.33123E+03
 1.20226E-03    1.15741E+05    1.00206E+05    1.31277E+05
 1.25893E-03    2.19671E+04    1.90186E+04    2.49156E+04
 1.31826E-03    7.71274E+04    6.67750E+04    8.74797E+04
 1.38038E-03    1.39906E+04    1.21127E+04    1.58685E+04
 1.44544E-03    8.11481E+03    7.02561E+03    9.20402E+03
 1.51356E-03    7.64213E+03    6.52000E+03    8.76425E+03
 1.58489E-03    9.05893E+03    7.72878E+03    1.03891E+04
 1.65959E-03    9.04521E+03    7.71707E+03    1.03733E+04
 1.73780E-03    5.53429E+03    4.72167E+03    6.34691E+03
 1.81970E-03    1.42523E+04    1.21596E+04    1.63450E+04
 1.90546E-03    1.72635E+04    1.47286E+04    1.97983E+04
 1.99526E-03    1.09871E+04    8.95468E+03    1.30196E+04
 2.08930E-03    1.09086E+04    8.89069E+03    1.29265E+04
 2.18776E-03    1.08266E+04    8.82381E+03    1.28293E+04
 2.29087E-03    1.07406E+04    8.75378E+03    1.27275E+04
 2.39883E-03    1.06504E+04    8.68021E+03    1.26205E+04
 2.51189E-03    1.05571E+04    8.60419E+03    1.25100E+04
 2.63027E-03    1.04611E+04    8.52598E+03    1.23963E+04
 2.75423E-03    1.03606E+04    8.44407E+03    1.22772E+04
 2.88403E-03    1.02554E+04    8.35831E+03    1.21525E+04
 3.01995E-03    1.01789E+04    8.29599E+03    1.20619E+04
 3.16228E-03    1.01343E+04    8.25963E+03    1.20090E+04
 3.31131E-03    1.00876E+04    8.22155E+03    1.19536E+04
 3.46737E-03    1.00387E+04    8.18168E+03    1.18957E+04
 3.63078E-03    9.98745E+03    8.13993E+03    1.18350E+04
 3.80189E-03    9.93381E+03    8.09621E+03    1.17714E+04
 3.98107E-03    9.87764E+03    8.05043E+03    1.17049E+04
 4.16869E-03    9.81883E+03    8.00250E+03    1.16352E+04
 4.36516E-03    9.75724E+03    7.95230E+03    1.15622E+04
 4.57088E-03    9.69275E+03    7.89974E+03    1.14858E+04
 4.78630E-03    9.62522E+03    7.84471E+03    1.14057E+04
 5.01187E-03    9.55451E+03    7.78707E+03    1.13219E+04
 5.24807E-03    9.48046E+03    7.72673E+03    1.12342E+04
 5.49541E-03    9.40293E+03    7.66354E+03    1.11423E+04
 5.75440E-03    9.32174E+03    7.59737E+03    1.10461E+04
 6.02560E-03    9.26392E+03    7.92599E+03    1.06018E+04
 6.30957E-03    9.23761E+03    7.90348E+03    1.05717E+04
 6.60693E-03    9.21017E+03    7.88000E+03    1.05403E+04
 6.91831E-03    9.18143E+03    7.85542E+03    1.05075E+04
 7.24436E-03    9.15134E+03    7.82967E+03    1.04730E+04
 7.58578E-03    9.11983E+03    7.80271E+03    1.04370E+04
 7.94328E-03    9.08684E+03    7.77449E+03    1.03992E+04
 8.31764E-03    9.05229E+03    7.74493E+03    1.03597E+04
 8.70964E-03    9.01611E+03    7.71397E+03    1.03183E+04
 9.12011E-03    8.97823E+03    7.68156E+03    1.02749E+04
 9.54993E-03    8.93856E+03    7.64762E+03    1.02295E+04
 1.00000E-02    8.91010E+03    7.62327E+03    1.01969E+04
 1.04713E-02    8.90358E+03    7.61769E+03    1.01895E+04
 1.09648E-02    8.89718E+03    7.61222E+03    1.01821E+04
 1.14815E-02    8.89049E+03    7.60649E+03    1.01745E+04
 1.20226E-02    8.88348E+03    7.60049E+03    1.01665E+04
 1.25893E-02    8.87614E+03    7.59421E+03    1.01581E+04
 1.31826E-02    8.86845E+03    7.58763E+03    1.01493E+04
 1.38038E-02    8.86040E+03    7.58075E+03    1.01400E+04
 1.44544E-02    8.85197E+03    7.57354E+03    1.01304E+04
 1.51356E-02    8.84314E+03    7.56598E+03    1.01203E+04
 1.58489E-02    8.83390E+03    7.55808E+03    1.01097E+04
 1.65959E-02    8.82422E+03    7.54980E+03    1.00986E+04
 1.73780E-02    8.81409E+03    7.54112E+03    1.00871E+04
 1.81970E-02    8.80348E+03    7.53205E+03    1.00749E+04
 1.90546E-02    8.79237E+03    7.52254E+03    1.00622E+04
 1.99526E-02    8.79080E+03    7.52120E+03    1.00604E+04
 2.08930E-02    8.80163E+03    7.53047E+03    1.00728E+04
 2.18776E-02    8.81301E+03    7.54020E+03    1.00858E+04
 2.29087E-02    8.82492E+03    7.55039E+03    1.00994E+04
 2.39883E-02    8.83739E+03    7.56106E+03    1.01137E+04
 2.51189E-02    8.85045E+03    7.57224E+03    1.01287E+04
 2.63027E-02    8.86413E+03    7.58394E+03    1.01443E+04
 2.75423E-02    8.87845E+03    7.59619E+03    1.01607E+04
 2.88403E-02    8.89345E+03    7.60902E+03    1.01779E+04
 3.01995E-02    8.90915E+03    6.71666E+03    1.11016E+04
 3.16228E-02    8.92559E+03    6.72906E+03    1.11221E+04
 3.31131E-02    8.94317E+03    6.74231E+03    1.11440E+04
 3.46737E-02    8.96485E+03    6.75865E+03    1.11711E+04
 3.63078E-02    8.98835E+03    6.77637E+03    1.12003E+04
 3.80189E-02    9.01295E+03    6.79491E+03    1.12310E+04
 3.98107E-02    9.03871E+03    6.81434E+03    1.12631E+04
 4.16869E-02    9.06569E+03    6.83467E+03    1.12967E+04
 4.36516E-02    9.09394E+03    6.85597E+03    1.13319E+04
 4.57088E-02    9.12352E+03    6.87827E+03    1.13688E+04
 4.78630E-02    9.15449E+03    6.90162E+03    1.14074E+04
 5.01187E-02    9.18692E+03    6.92607E+03    1.14478E+04
 5.24807E-02    9.22089E+03    6.95168E+03    1.14901E+04
 5.49541E-02    9.25645E+03    6.97849E+03    1.15344E+04
 5.75440E-02    9.29368E+03    7.00656E+03    1.15808E+04
 6.02560E-02    9.33134E+03    7.03495E+03    1.16277E+04
 6.30957E-02    9.36222E+03    7.05823E+03    1.16662E+04
 6.60693E-02    9.39305E+03    7.08147E+03    1.17046E+04
 6.91831E-02    9.42533E+03    7.10581E+03    1.17448E+04
 7.24436E-02    9.45913E+03    7.13129E+03    1.17870E+04
 7.58578E-02    9.49452E+03    7.15797E+03    1.18311E+04
 7.94328E-02    9.53158E+03    7.18591E+03    1.18772E+04
 8.31764E-02    9.57038E+03    7.21516E+03    1.19256E+04
 8.70964E-02    9.61102E+03    7.24580E+03    1.19762E+04
 9.12011E-02    9.65357E+03    7.27788E+03    1.20293E+04
 9.54993E-02    9.69812E+03    7.31147E+03    1.20848E+04
 1.00000E-01    9.73221E+03    7.33717E+03    1.21273E+04
 1.04713E-01    9.74554E+03    7.34722E+03    1.21439E+04
 1.09648E-01    9.75908E+03    7.35742E+03    1.21607E+04
 1.14815E-01    9.77325E+03    7.36811E+03    1.21784E+04
 1.20226E-01    9.78810E+03    7.37930E+03    1.21969E+04
 1.25893E-01    9.80364E+03    7.39102E+03    1.22163E+04
 1.31826E-01    9.81991E+03    7.40329E+03    1.22365E+04
 1.38038E-01    9.83696E+03    7.41613E+03    1.22578E+04
 1.44544E-01    9.85480E+03    7.42959E+03    1.22800E+04
 1.51356E-01    9.87349E+03    7.44368E+03    1.23033E+04
 1.58489E-01    9.89305E+03    7.45843E+03    1.23277E+04
 1.65959E-01    9.91354E+03    7.47387E+03    1.23532E+04
 1.73780E-01    9.93572E+03    7.49060E+03    1.23808E+04
 1.81970E-01    9.96112E+03    7.50974E+03    1.24125E+04
 1.90546E-01    9.98785E+03    7.52990E+03    1.24458E+04
 1.99526E-01    9.99179E+03    7.53286E+03    1.24507E+04
 2.08930E-01    9.96610E+03    7.85614E+03    1.20761E+04
 2.18776E-01    9.93912E+03    7.83487E+03    1.20434E+04
 2.29087E-01    9.91088E+03    7.81261E+03    1.20092E+04
 2.39883E-01    9.88131E+03    7.78930E+03    1.19733E+04
 2.51189E-01    9.85034E+03    7.76488E+03    1.19358E+04
 2.63027E-01    9.81791E+03    7.73932E+03    1.18965E+04
 2.75423E-01    9.78395E+03    7.71255E+03    1.18553E+04
 2.88403E-01    9.74839E+03    7.68452E+03    1.18123E+04
 3.01995E-01    9.69851E+03    7.64520E+03    1.17518E+04
 3.16228E-01    9.63320E+03    7.59372E+03    1.16727E+04
 3.31131E-01    9.56481E+03    7.53981E+03    1.15898E+04
 3.46737E-01    9.49320E+03    7.48335E+03    1.15030E+04
 3.63078E-01    9.41821E+03    7.42424E+03    1.14122E+04
 3.80189E-01    9.33969E+03    7.36234E+03    1.13170E+04
 3.98107E-01    9.25475E+03    7.29539E+03    1.12141E+04
 4.16869E-01    9.16284E+03    7.22294E+03    1.11027E+04
 4.36516E-01    9.06660E+03    7.14707E+03    1.09861E+04
 4.57088E-01    8.96582E+03    7.06763E+03    1.08640E+04
 4.78630E-01    8.86029E+03    6.98445E+03    1.07361E+04
 5.01187E-01    8.74979E+03    6.89734E+03    1.06022E+04
 5.24807E-01    8.63410E+03    6.80614E+03    1.04621E+04
 5.49541E-01    8.51475E+03    6.71206E+03    1.03174E+04
 5.75440E-01    8.39100E+03    6.61451E+03    1.01675E+04
 6.02560E-01    8.26201E+03    6.64781E+03    9.87621E+03
 6.30957E-01    8.13477E+03    6.54543E+03    9.72410E+03
 6.60693E-01    8.00399E+03    6.44021E+03    9.56778E+03
 6.91831E-01    7.86717E+03    6.33012E+03    9.40423E+03
 7.24436E-01    7.73197E+03    6.22133E+03    9.24261E+03
 7.58578E-01    7.59534E+03    6.11139E+03    9.07928E+03
 7.94328E-01    7.45325E+03    5.99706E+03    8.90943E+03
 8.31764E-01    7.31423E+03    5.88520E+03    8.74325E+03
 8.70964E-01    7.17116E+03    5.77009E+03    8.57224E+03
 9.12011E-01    7.02136E+03    5.64956E+03    8.39317E+03
 9.54993E-01    6.87931E+03    5.53526E+03    8.22336E+03
 1.00000E+00    6.75401E+03    5.49621E+03    8.01182E+03
 1.04713E+00    6.62310E+03    5.38967E+03    7.85652E+03
 1.09648E+00    6.48601E+03    5.27811E+03    7.69390E+03
 1.14815E+00    6.34246E+03    5.16130E+03    7.52361E+03
 1.20226E+00    6.19321E+03    5.03984E+03    7.34657E+03
 1.25893E+00    6.04557E+03    4.91970E+03    7.17144E+03
 1.31826E+00    5.89300E+03    4.79555E+03    6.99046E+03
 1.38038E+00    5.76702E+03    4.69302E+03    6.84101E+03
 1.44544E+00    5.53818E+03    4.50680E+03    6.56956E+03
 1.51356E+00    5.43772E+03    4.42505E+03    6.45038E+03
 1.58489E+00    5.41808E+03    4.40907E+03    6.42709E+03
 1.65959E+00    5.27769E+03    4.29482E+03    6.26056E+03
 1.73780E+00    5.18167E+03    4.21668E+03    6.14665E+03
 1.81970E+00    5.08595E+03    4.49270E+03    5.67921E+03
 1.90546E+00    4.97531E+03    4.39496E+03    5.55566E+03
 1.99526E+00    4.85944E+03    4.29261E+03    5.42628E+03
 2.08930E+00    4.73985E+03    4.18696E+03    5.29273E+03
 2.18776E+00    4.63751E+03    4.09656E+03    5.17846E+03
 2.29087E+00    4.53094E+03    4.00242E+03    5.05945E+03
 2.39883E+00    4.40158E+03    3.88816E+03    4.91501E+03
 2.51189E+00    4.32988E+03    3.82482E+03    4.83495E+03
 2.63027E+00    4.25643E+03    3.99119E+03    4.52167E+03
 2.75423E+00    4.18357E+03    3.92287E+03    4.44427E+03
 2.88403E+00    4.10344E+03    3.84773E+03    4.35915E+03
 3.01995E+00    4.02020E+03    3.76968E+03    4.27072E+03
 3.16228E+00    3.94612E+03    3.70022E+03    4.19203E+03
 3.31131E+00    3.87571E+03    3.63420E+03    4.11723E+03
 3.46737E+00    3.81342E+03    3.57579E+03    4.05106E+03
 3.63078E+00    3.76094E+03    3.52658E+03    3.99531E+03
 3.80189E+00    3.71522E+03    3.48371E+03    3.94674E+03
 3.98107E+00    3.68088E+03    3.45150E+03    3.91026E+03
 4.16869E+00    3.65643E+03    3.42858E+03    3.88428E+03
 4.36516E+00    3.64235E+03    3.41538E+03    3.86932E+03
 4.57088E+00    3.63976E+03    3.41295E+03    3.86657E+03
 4.78630E+00    3.64814E+03    3.46618E+03    3.83010E+03
 5.01187E+00    3.66823E+03    3.48527E+03    3.85119E+03
 5.24807E+00    3.69471E+03    3.51043E+03    3.87899E+03
 5.49541E+00    3.73275E+03    3.54658E+03    3.91893E+03
 5.75440E+00    3.77443E+03    3.58617E+03    3.96268E+03
 6.02560E+00    3.81922E+03    3.62873E+03    4.00971E+03
 6.30957E+00    3.86759E+03    3.67469E+03    4.06050E+03
 6.60693E+00    3.91825E+03    3.79288E+03    4.04363E+03
 6.91831E+00    3.97092E+03    3.84386E+03    4.09798E+03
 7.24436E+00    4.01748E+03    3.88892E+03    4.14603E+03
 7.58578E+00    4.06247E+03    3.93248E+03    4.19246E+03
 7.94328E+00    4.09778E+03    3.96666E+03    4.22890E+03
 8.31764E+00    4.13361E+03    4.00134E+03    4.26588E+03
 8.70964E+00    4.15970E+03    4.02660E+03    4.29280E+03
 9.12011E+00    4.17961E+03    3.92539E+03    4.43383E+03
 9.54993E+00    4.19100E+03    3.93609E+03    4.44592E+03
 1.00000E+01    4.19587E+03    3.94066E+03    4.45108E+03
 1.04713E+01    4.19057E+03    3.93568E+03    4.44546E+03
 1.09648E+01    4.17672E+03    3.92267E+03    4.43076E+03
 1.14815E+01    4.15415E+03    3.90148E+03    4.40682E+03
 1.20226E+01    4.12411E+03    3.87326E+03    4.37496E+03
 1.25893E+01    4.08550E+03    3.83700E+03    4.33399E+03
 1.31826E+01    4.03952E+03    3.66504E+03    4.41400E+03
 1.38038E+01    3.98582E+03    3.61632E+03    4.35532E+03
 1.44544E+01    3.92552E+03    3.56161E+03    4.28943E+03
 1.51356E+01    3.85960E+03    3.50180E+03    4.21740E+03
 1.58489E+01    3.78869E+03    3.43746E+03    4.13991E+03
 1.65959E+01    3.71387E+03    3.34594E+03    4.08180E+03
 1.73780E+01    3.63554E+03    3.27538E+03    3.99571E+03
 1.81970E+01    3.55372E+03    3.20166E+03    3.90578E+03
 1.90546E+01    3.46823E+03    3.12464E+03    3.81183E+03
 1.99526E+01    3.38095E+03    3.04600E+03    3.71589E+03
 2.08930E+01    3.29309E+03    3.01242E+03    3.57376E+03
 2.18776E+01    3.20762E+03    2.93423E+03    3.48100E+03
 2.29087E+01    3.12782E+03    2.86124E+03    3.39441E+03
 2.39883E+01    3.05664E+03    2.79613E+03    3.31716E+03
 2.51189E+01    2.99637E+03    2.79715E+03    3.19559E+03
 2.63027E+01    2.94806E+03    2.75205E+03    3.14406E+03
 2.75423E+01    2.91141E+03    2.71784E+03    3.10498E+03
 2.88403E+01    2.88537E+03    2.71983E+03    3.05092E+03
 3.01995E+01    2.86975E+03    2.70510E+03    3.03439E+03
 3.16228E+01    2.86520E+03    2.70081E+03    3.02958E+03
 3.31131E+01    2.87075E+03    2.70605E+03    3.03545E+03
 3.46737E+01    2.88588E+03    2.72031E+03    3.05145E+03
 3.63078E+01    2.91016E+03    2.74319E+03    3.07712E+03
 3.80189E+01    2.94221E+03    2.77341E+03    3.11101E+03
 3.98107E+01    2.98031E+03    2.80932E+03    3.15130E+03
 4.16869E+01    3.02231E+03    2.84891E+03    3.19571E+03
 4.36516E+01    3.06594E+03    2.89004E+03    3.24184E+03
 4.57088E+01    3.10906E+03    2.93069E+03    3.28744E+03
 4.78630E+01    3.14971E+03    2.96900E+03    3.33041E+03
 5.01187E+01    3.18600E+03    3.00321E+03    3.36879E+03
 5.24807E+01    3.21621E+03    3.03169E+03    3.40073E+03
 5.49541E+01    3.23876E+03    3.05295E+03    3.42458E+03
 5.75440E+01    3.25232E+03    3.06573E+03    3.43892E+03
 6.02560E+01    3.25621E+03    3.06939E+03    3.44303E+03
 6.30957E+01    3.24898E+03    3.06258E+03    3.43539E+03
 6.60693E+01    3.23105E+03    3.04568E+03    3.41643E+03
 6.91831E+01    3.20186E+03    3.01816E+03    3.38556E+03
 7.24436E+01    3.16215E+03    2.98073E+03    3.34358E+03
 7.58578E+01    3.11250E+03    2.93393E+03    3.29107E+03
 7.94328E+01    3.05371E+03    2.87851E+03    3.22891E+03
 8.31764E+01    2.98700E+03    2.81563E+03    3.15838E+03
 8.70964E+01    2.91216E+03    2.74508E+03    3.07924E+03
 9.12011E+01    2.83234E+03    2.66984E+03    2.99484E+03
 9.54993E+01    2.74751E+03    2.58987E+03    2.90514E+03
 1.00000E+02    2.65965E+03    2.50706E+03    2.81224E+03
 1.04713E+02    2.56987E+03    2.42243E+03    2.71731E+03
 1.09648E+02    2.47938E+03    2.33713E+03    2.62163E+03
 1.14815E+02    2.38947E+03    2.25238E+03    2.52656E+03
 1.20226E+02    2.30115E+03    2.16913E+03    2.43318E+03
 1.25893E+02    2.21521E+03    2.08812E+03    2.34230E+03
 1.31826E+02    2.13282E+03    2.01046E+03    2.25519E+03
 1.38038E+02    2.05428E+03    1.93642E+03    2.17214E+03
 1.44544E+02    1.98049E+03    1.86686E+03    2.09412E+03
 1.51356E+02    1.91174E+03    1.80206E+03    2.02142E+03
 1.58489E+02    1.84847E+03    1.74242E+03    1.95453E+03
 1.65959E+02    1.79117E+03    1.68841E+03    1.89394E+03
 1.73780E+02    1.73904E+03    1.63926E+03    1.83881E+03
 1.81970E+02    1.69330E+03    1.59615E+03    1.79045E+03
 1.90546E+02    1.65355E+03    1.55868E+03    1.74841E+03
 1.99526E+02    8.41855E+01    7.93555E+01    8.90154E+01
