# p + Zn 68 : (p,el)    
# tendl.2019 A.J. Koning                       EVAL-OCT19
# uncertainties: y
# # energies =    41
#   E(MeV)       xs(mb)       xslow(mb)      xsupp(mb)
 1.00000E-03   -3.59975E-01    0.00000E+00   -3.59975E-01
 2.00000E+00   -3.59975E-01    0.00000E+00   -5.49939E-01
 3.00000E+00   -4.98284E+00    0.00000E+00   -7.37767E+00
 4.00000E+00   -1.93525E+01    0.00000E+00   -2.86537E+01
 5.00000E+00   -4.04203E+01    0.00000E+00   -5.46817E+01
 6.00000E+00   -6.38386E+01    0.00000E+00   -8.63627E+01
 7.00000E+00   -5.98640E+01    0.00000E+00   -7.88345E+01
 8.00000E+00   -4.74109E+01    0.00000E+00   -6.24351E+01
 9.00000E+00   -5.47776E+01    0.00000E+00   -7.21363E+01
 1.00000E+01   -8.98344E+01    0.00000E+00   -1.14802E+02
 1.10000E+01   -1.43577E+02    0.00000E+00   -1.83480E+02
 1.20000E+01   -2.03410E+02    0.00000E+00   -2.59942E+02
 1.30000E+01   -2.60583E+02    0.00000E+00   -3.33006E+02
 1.40000E+01   -3.10458E+02    0.00000E+00   -3.99798E+02
 1.50000E+01   -3.51150E+02    0.00000E+00   -4.52199E+02
 1.60000E+01   -3.82334E+02    0.00000E+00   -4.92357E+02
 1.70000E+01   -4.04557E+02    0.00000E+00   -5.20975E+02
 1.80000E+01   -4.18897E+02    0.00000E+00   -5.56142E+02
 1.90000E+01   -4.26540E+02    0.00000E+00   -5.66289E+02
 2.00000E+01   -4.28573E+02    0.00000E+00   -5.68988E+02
 2.20000E+01   -4.19203E+02    0.00000E+00   -5.84933E+02
 2.40000E+01   -3.96877E+02    0.00000E+00   -5.53779E+02
 2.60000E+01   -3.67334E+02    0.00000E+00   -5.63129E+02
 2.80000E+01   -3.34944E+02    0.00000E+00   -5.13474E+02
 3.00000E+01   -3.02031E+02    0.00000E+00   -3.02031E+02
 3.50000E+01   -2.23325E+02    0.00000E+00   -2.23325E+02
 4.00000E+01   -1.56224E+02    0.00000E+00   -1.56224E+02
 4.50000E+01   -1.03794E+02    0.00000E+00   -1.03794E+02
 5.00000E+01   -6.46379E+01    0.00000E+00   -6.46379E+01
 5.50000E+01   -3.64833E+01    0.00000E+00   -3.64833E+01
 6.00000E+01   -1.69906E+01    0.00000E+00   -1.69906E+01
 6.50000E+01   -4.04848E+00    0.00000E+00   -4.04848E+00
 7.00000E+01    4.09025E+00    4.09025E+00    4.09025E+00
 7.50000E+01    8.80984E+00    8.80984E+00    8.80984E+00
 8.00000E+01    1.11567E+01    1.11567E+01    1.11567E+01
 9.00000E+01    1.16271E+01    1.16271E+01    1.16271E+01
 1.00000E+02    9.47285E+00    9.47285E+00    9.47285E+00
 1.10000E+02    6.66282E+00    6.66282E+00    6.66282E+00
 1.20000E+02    4.07351E+00    4.07351E+00    4.07351E+00
 1.30000E+02    2.03356E+00    2.03356E+00    2.03356E+00
 1.40000E+02    5.91473E-01    5.91473E-01    5.91473E-01
