# p + Gd148 : (p,a)     
# tendl.2019 A.J. Koning                       EVAL-OCT19
# uncertainties: y
# # energies =    27
#   E(MeV)       xs(mb)       xslow(mb)      xsupp(mb)
 1.00000E-11    0.00000E+00    0.00000E+00    0.00000E+00
 1.00000E-03    1.00000E-17    1.00000E-17    1.00000E-17
 1.00000E+00    1.00000E-17    0.00000E+00    2.30555E-17
 2.00000E+00    5.15864E-11    0.00000E+00    1.18935E-10
 3.00000E+00    7.47831E-07    0.00000E+00    1.75302E-06
 4.00000E+00    2.31441E-04    0.00000E+00    5.42531E-04
 5.00000E+00    1.03818E-02    3.56855E-03    1.71951E-02
 6.00000E+00    1.64802E-01    5.66476E-02    2.72956E-01
 7.00000E+00    2.37366E-01    1.01656E-01    3.73076E-01
 8.00000E+00    1.92102E-01    8.22712E-02    3.01933E-01
 9.00000E+00    4.54421E-01    1.94614E-01    7.14228E-01
 1.00000E+01    9.65718E-01    4.93739E-01    1.43770E+00
 1.10000E+01    1.67798E+00    8.57894E-01    2.49807E+00
 1.20000E+01    2.52118E+00    1.28899E+00    3.75337E+00
 1.30000E+01    3.51758E+00    1.79842E+00    5.23674E+00
 1.40000E+01    4.75828E+00    1.32172E+00    8.19484E+00
 1.50000E+01    6.28718E+00    1.74640E+00    1.08280E+01
 1.60000E+01    8.02564E+00    2.22930E+00    1.38220E+01
 1.70000E+01    9.95014E+00    2.76387E+00    1.71364E+01
 1.80000E+01    1.20986E+01    4.84518E-01    2.37127E+01
 1.90000E+01    1.49146E+01    5.97291E-01    2.92319E+01
 2.00000E+01    2.16772E+01    8.68116E-01    4.24863E+01
 2.20000E+01    3.12351E+01    0.00000E+00    6.54678E+01
 2.40000E+01    1.46750E+01    0.00000E+00    3.07584E+01
 2.60000E+01    1.09113E+01    0.00000E+00    2.34327E+01
 2.80000E+01    8.88423E+00    0.00000E+00    1.90794E+01
 3.00000E+01    7.41214E+00    0.00000E+00    1.59180E+01
