# p + Pt196 : (p,2n)g   
# tendl.2019 A.J. Koning                       EVAL-OCT19
# uncertainties: y
# # energies =    39
#   E(MeV)       xs(mb)       xslow(mb)      xsupp(mb)
 8.97706E+00    0.00000E+00    0.00000E+00    0.00000E+00
 9.00000E+00    9.10573E-01    0.00000E+00    0.00000E+00
 1.00000E+01    5.90989E+01    0.00000E+00    0.00000E+00
 1.10000E+01    1.54361E+02    0.00000E+00    0.00000E+00
 1.20000E+01    2.49660E+02    0.00000E+00    0.00000E+00
 1.30000E+01    3.27534E+02    0.00000E+00    0.00000E+00
 1.40000E+01    3.84257E+02    0.00000E+00    0.00000E+00
 1.50000E+01    4.21275E+02    0.00000E+00    0.00000E+00
 1.60000E+01    4.42760E+02    0.00000E+00    0.00000E+00
 1.70000E+01    4.52590E+02    0.00000E+00    0.00000E+00
 1.80000E+01    4.45021E+02    0.00000E+00    0.00000E+00
 1.90000E+01    3.87669E+02    0.00000E+00    0.00000E+00
 2.00000E+01    2.94274E+02    0.00000E+00    0.00000E+00
 2.20000E+01    1.30847E+02    0.00000E+00    0.00000E+00
 2.40000E+01    5.61609E+01    0.00000E+00    0.00000E+00
 2.60000E+01    3.26473E+01    0.00000E+00    0.00000E+00
 2.80000E+01    2.55967E+01    0.00000E+00    0.00000E+00
 3.00000E+01    2.29598E+01    0.00000E+00    0.00000E+00
 3.00000E+01    2.33028E+01    0.00000E+00    0.00000E+00
 3.50000E+01    1.96579E+01    0.00000E+00    0.00000E+00
 4.00000E+01    1.71096E+01    0.00000E+00    0.00000E+00
 4.50000E+01    1.50261E+01    0.00000E+00    0.00000E+00
 5.00000E+01    1.30910E+01    0.00000E+00    0.00000E+00
 5.50000E+01    1.14425E+01    0.00000E+00    0.00000E+00
 6.00000E+01    1.01347E+01    0.00000E+00    0.00000E+00
 6.50000E+01    8.78390E+00    0.00000E+00    0.00000E+00
 7.00000E+01    7.69179E+00    0.00000E+00    0.00000E+00
 7.50000E+01    6.85854E+00    0.00000E+00    0.00000E+00
 8.00000E+01    6.02187E+00    0.00000E+00    0.00000E+00
 9.00000E+01    4.83652E+00    0.00000E+00    0.00000E+00
 1.00000E+02    4.03911E+00    0.00000E+00    0.00000E+00
 1.10000E+02    3.41873E+00    0.00000E+00    0.00000E+00
 1.20000E+02    2.93872E+00    0.00000E+00    0.00000E+00
 1.30000E+02    2.58577E+00    0.00000E+00    0.00000E+00
 1.40000E+02    2.29457E+00    0.00000E+00    0.00000E+00
 1.50000E+02    2.06189E+00    0.00000E+00    0.00000E+00
 1.60000E+02    1.88291E+00    0.00000E+00    0.00000E+00
 1.80000E+02    1.57893E+00    0.00000E+00    0.00000E+00
 2.00000E+02    1.34332E+00    0.00000E+00    0.00000E+00
