# n + Pd110 : (n,n'29)  
# jendl4.0   N.Iwamoto,K.Shibata               EVAL-Dec09
# uncertainties: n
# # energies =    48
#   E(MeV)       xs(mb) 
 2.21313E+00    0.00000E+00
 2.21414E+00    8.31251E-01
 2.25000E+00    1.47535E+01
 2.27973E+00    2.72100E+01
 2.29699E+00    3.39362E+01
 2.31435E+00    4.01355E+01
 2.31606E+00    4.06837E+01
 2.31707E+00    4.10023E+01
 2.34337E+00    4.89021E+01
 2.35340E+00    5.12726E+01
 2.39145E+00    5.94396E+01
 2.50000E+00    7.14690E+01
 2.75000E+00    7.03857E+01
 3.00000E+00    5.69584E+01
 3.50000E+00    3.73074E+01
 4.00000E+00    2.19447E+01
 4.50000E+00    1.26981E+01
 5.00000E+00    7.28026E+00
 5.50000E+00    4.24325E+00
 6.00000E+00    2.55067E+00
 6.50000E+00    1.59421E+00
 7.00000E+00    1.09738E+00
 7.50000E+00    8.27924E-01
 8.00000E+00    6.71778E-01
 8.50000E+00    5.74692E-01
 9.00000E+00    5.09796E-01
 9.50000E+00    4.62507E-01
 1.00000E+01    4.26346E-01
 1.05000E+01    3.97391E-01
 1.10000E+01    3.72912E-01
 1.15000E+01    3.51575E-01
 1.20000E+01    3.32461E-01
 1.25000E+01    3.15101E-01
 1.30000E+01    2.99197E-01
 1.35000E+01    2.84291E-01
 1.40000E+01    2.70601E-01
 1.45000E+01    2.57545E-01
 1.50000E+01    2.45572E-01
 1.55000E+01    2.33814E-01
 1.60000E+01    2.23575E-01
 1.65000E+01    2.13188E-01
 1.70000E+01    2.03338E-01
 1.75000E+01    1.94237E-01
 1.80000E+01    1.86007E-01
 1.85000E+01    1.77746E-01
 1.90000E+01    1.69938E-01
 1.95000E+01    1.62689E-01
 2.00000E+01    1.56105E-01
