# n + Np237 : (n,n'05)  
# jendl4.0   O.Iwamoto,T.Nakagawa,S.Chiba,+    EVAL-JAN10
# uncertainties: y
# # energies =    76
#   E(MeV)       xs(mb)       xslow(mb)      xsupp(mb)
 1.30553E-01    0.00000E+00    0.00000E+00    0.00000E+00
 1.40000E-01    3.62921E+00    3.13564E+00    4.12278E+00
 1.59184E-01    1.08067E+01    9.33699E+00    1.22764E+01
 1.70000E-01    1.43628E+01    1.24095E+01    1.63161E+01
 1.92275E-01    2.17598E+01    1.88005E+01    2.47191E+01
 2.00000E-01    2.42464E+01    2.09489E+01    2.75439E+01
 2.26922E-01    3.02558E+01    2.61410E+01    3.43706E+01
 2.50000E-01    3.41525E+01    2.95078E+01    3.87972E+01
 2.68678E-01    3.70919E+01    3.20474E+01    4.21364E+01
 2.71048E-01    3.74604E+01    3.23658E+01    4.25550E+01
 2.82547E-01    3.92646E+01    3.39246E+01    4.46046E+01
 3.00000E-01    4.20249E+01    3.67298E+01    4.73200E+01
 3.06358E-01    4.26009E+01    3.72332E+01    4.79686E+01
 3.18148E-01    4.35972E+01    3.81040E+01    4.90904E+01
 3.25800E-01    4.41204E+01    3.85612E+01    4.96796E+01
 3.33774E-01    4.40634E+01    3.85114E+01    4.96154E+01
 3.49983E-01    4.43305E+01    3.87449E+01    4.99161E+01
 3.61231E-01    4.45893E+01    3.89710E+01    5.02076E+01
 3.70158E-01    4.48079E+01    3.91621E+01    5.04537E+01
 3.72508E-01    4.48465E+01    3.91958E+01    5.04972E+01
 3.97203E-01    4.54283E+01    3.97043E+01    5.11523E+01
 4.00000E-01    4.54991E+01    3.84467E+01    5.25515E+01
 5.00000E-01    4.53621E+01    3.83310E+01    5.23932E+01
 6.00000E-01    4.02433E+01    3.11886E+01    4.92980E+01
 7.00000E-01    3.63825E+01    2.81964E+01    4.45686E+01
 8.00000E-01    3.45823E+01    2.54872E+01    4.36774E+01
 9.00000E-01    3.42595E+01    2.52493E+01    4.32698E+01
 1.00000E+00    3.49017E+01    2.46755E+01    4.51279E+01
 1.10000E+00    3.67006E+01    2.59473E+01    4.74539E+01
 1.20000E+00    3.77096E+01    2.63590E+01    4.90602E+01
 1.30000E+00    3.86421E+01    2.70108E+01    5.02734E+01
 1.40000E+00    3.97940E+01    2.78160E+01    5.17720E+01
 1.50000E+00    4.07029E+01    2.91026E+01    5.23032E+01
 1.60000E+00    4.17821E+01    2.98742E+01    5.36900E+01
 1.70000E+00    4.24880E+01    3.03789E+01    5.45971E+01
 1.80000E+00    4.33482E+01    3.09940E+01    5.57024E+01
 1.90000E+00    4.38010E+01    3.13177E+01    5.62843E+01
 2.00000E+00    4.43917E+01    3.36489E+01    5.51345E+01
 2.30000E+00    4.50487E+01    3.41469E+01    5.59505E+01
 2.50000E+00    4.49160E+01    3.50345E+01    5.47975E+01
 2.70000E+00    4.46909E+01    3.48589E+01    5.45229E+01
 3.00000E+00    4.41621E+01    3.45789E+01    5.37453E+01
 3.50000E+00    4.21165E+01    3.28930E+01    5.13400E+01
 4.00000E+00    4.03527E+01    3.14751E+01    4.92303E+01
 4.50000E+00    3.78551E+01    2.95270E+01    4.61832E+01
 5.00000E+00    3.53912E+01    2.76051E+01    4.31773E+01
 5.50000E+00    3.32876E+01    2.59643E+01    4.06109E+01
 6.00000E+00    3.11891E+01    2.43899E+01    3.79883E+01
 6.50000E+00    2.94840E+01    2.30565E+01    3.59115E+01
 7.00000E+00    2.77800E+01    2.15851E+01    3.39749E+01
 7.50000E+00    2.61802E+01    2.03420E+01    3.20184E+01
 8.00000E+00    2.45809E+01    1.89519E+01    3.02099E+01
 8.50000E+00    2.30989E+01    1.78093E+01    2.83885E+01
 9.00000E+00    2.16172E+01    1.66236E+01    2.66108E+01
 9.50000E+00    2.03766E+01    1.56696E+01    2.50836E+01
 1.00000E+01    1.91360E+01    1.47347E+01    2.35373E+01
 1.05000E+01    1.81281E+01    1.39586E+01    2.22976E+01
 1.10000E+01    1.71203E+01    1.31826E+01    2.10580E+01
 1.15000E+01    1.62619E+01    1.25217E+01    2.00021E+01
 1.20000E+01    1.54035E+01    1.19531E+01    1.88539E+01
 1.25000E+01    1.46407E+01    1.13612E+01    1.79202E+01
 1.30000E+01    1.38780E+01    1.07693E+01    1.69867E+01
 1.35000E+01    1.31981E+01    1.02417E+01    1.61545E+01
 1.40000E+01    1.25183E+01    9.85190E+00    1.51847E+01
 1.45000E+01    1.19219E+01    9.38254E+00    1.44613E+01
 1.50000E+01    1.13256E+01    8.96988E+00    1.36813E+01
 1.55000E+01    1.08086E+01    8.56041E+00    1.30568E+01
 1.60000E+01    1.02917E+01    8.20249E+00    1.23809E+01
 1.65000E+01    9.84434E+00    7.84594E+00    1.18427E+01
 1.70000E+01    9.39700E+00    7.48941E+00    1.13046E+01
 1.75000E+01    9.00863E+00    7.17988E+00    1.08374E+01
 1.80000E+01    8.62027E+00    6.94794E+00    1.02926E+01
 1.85000E+01    8.28300E+00    6.67610E+00    9.88990E+00
 1.90000E+01    7.94575E+00    6.40427E+00    9.48723E+00
 1.95000E+01    7.65461E+00    6.16962E+00    9.13960E+00
 2.00000E+01    7.36348E+00    5.93497E+00    8.79200E+00
