# p + Ru 99 : (p,2n)    
# tendl.2019 A.J. Koning                       EVAL-OCT19
# uncertainties: y
# # energies =    34
#   E(MeV)       xs(mb)       xslow(mb)      xsupp(mb)
 1.34393E+01    0.00000E+00    0.00000E+00    0.00000E+00
 1.40000E+01    9.47437E+01    8.23527E+01    1.07135E+02
 1.50000E+01    3.15427E+02    2.74174E+02    3.56680E+02
 1.60000E+01    4.88403E+02    4.24528E+02    5.52279E+02
 1.70000E+01    5.83240E+02    5.06961E+02    6.59519E+02
 1.80000E+01    6.28947E+02    5.26756E+02    7.31138E+02
 1.90000E+01    6.47354E+02    5.42173E+02    7.52535E+02
 2.00000E+01    6.53242E+02    5.47104E+02    7.59380E+02
 2.20000E+01    6.22481E+02    4.83282E+02    7.61680E+02
 2.40000E+01    4.54986E+02    3.53242E+02    5.56730E+02
 2.60000E+01    2.79414E+02    2.10901E+02    3.47927E+02
 2.80000E+01    1.77350E+02    1.33863E+02    2.20837E+02
 3.00000E+01    1.28478E+02    9.69749E+01    1.59981E+02
 3.00000E+01    1.29354E+02    9.76361E+01    1.61072E+02
 3.50000E+01    8.94753E+01    6.75358E+01    1.11415E+02
 4.00000E+01    7.28409E+01    5.49801E+01    9.07017E+01
 4.50000E+01    6.04160E+01    4.56019E+01    7.52302E+01
 5.00000E+01    5.12891E+01    3.87129E+01    6.38653E+01
 5.50000E+01    4.38996E+01    3.31353E+01    5.46639E+01
 6.00000E+01    3.80762E+01    2.87398E+01    4.74125E+01
 6.50000E+01    3.34168E+01    2.52229E+01    4.16107E+01
 7.00000E+01    2.98447E+01    2.25267E+01    3.71627E+01
 7.50000E+01    2.61858E+01    1.97650E+01    3.26067E+01
 8.00000E+01    2.34651E+01    1.77114E+01    2.92187E+01
 9.00000E+01    1.87493E+01    1.41519E+01    2.33466E+01
 1.00000E+02    1.50904E+01    1.13902E+01    1.87906E+01
 1.10000E+02    1.24671E+01    9.41015E+00    1.55241E+01
 1.20000E+02    1.04669E+01    7.90038E+00    1.30334E+01
 1.30000E+02    8.88126E+00    6.70355E+00    1.10590E+01
 1.40000E+02    7.80144E+00    5.88851E+00    9.71437E+00
 1.50000E+02    6.84023E+00    5.16299E+00    8.51747E+00
 1.60000E+02    6.05042E+00    4.56684E+00    7.53400E+00
 1.80000E+02    5.00990E+00    3.78146E+00    6.23834E+00
 2.00000E+02    4.21650E+00    3.18260E+00    5.25039E+00
