# p + Sn124 : (p,na)g   
# tendl.2019 A.J. Koning                       EVAL-OCT19
# uncertainties: y
# # energies =    17
#   E(MeV)       xs(mb)       xslow(mb)      xsupp(mb)
 5.75953E+00    0.00000E+00    0.00000E+00    0.00000E+00
 1.00000E+01    3.00522E-14    0.00000E+00    0.00000E+00
 1.10000E+01    4.19896E-11    0.00000E+00    0.00000E+00
 1.20000E+01    6.25517E-09    0.00000E+00    0.00000E+00
 1.30000E+01    3.44193E-07    0.00000E+00    0.00000E+00
 1.40000E+01    7.19822E-06    0.00000E+00    0.00000E+00
 1.50000E+01    9.46857E-05    0.00000E+00    0.00000E+00
 1.60000E+01    9.25314E-04    0.00000E+00    0.00000E+00
 1.70000E+01    5.65205E-03    0.00000E+00    0.00000E+00
 1.80000E+01    2.55930E-02    0.00000E+00    0.00000E+00
 1.90000E+01    1.34872E-01    0.00000E+00    0.00000E+00
 2.00000E+01    5.70792E-01    0.00000E+00    0.00000E+00
 2.20000E+01    2.07965E+00    0.00000E+00    0.00000E+00
 2.40000E+01    2.36189E+00    0.00000E+00    0.00000E+00
 2.60000E+01    3.05795E+00    0.00000E+00    0.00000E+00
 2.80000E+01    3.52531E+00    0.00000E+00    0.00000E+00
 3.00000E+01    3.76073E+00    0.00000E+00    0.00000E+00
