# n + Fe 55 : (n,h)     
# endfb8.0   A.J. Koning and D. Rochman        EVAL-DEC15
# uncertainties: y
# # energies =    25
#   E(MeV)       xs(mb)       xslow(mb)      xsupp(mb)
 9.22087E+00    0.00000E+00   -0.00000E+00    0.00000E+00
 1.10000E+01    5.85792E-14    0.00000E+00    2.52673E-13
 1.15000E+01    3.52969E-11    0.00000E+00    1.52248E-10
 1.20000E+01    2.47363E-09    0.00000E+00    1.06696E-08
 1.25000E+01    5.40311E-08    0.00000E+00    2.33055E-07
 1.30000E+01    6.18513E-07    0.00000E+00    4.21375E-06
 1.35000E+01    5.22725E-06    0.00000E+00    3.56117E-05
 1.40000E+01    3.83541E-05    0.00000E+00    2.61295E-04
 1.45000E+01    1.71598E-04    0.00000E+00    1.16905E-03
 1.50000E+01    7.30420E-04    0.00000E+00    4.97614E-03
 1.60000E+01    8.10226E-03    0.00000E+00    5.82596E-02
 1.70000E+01    4.48755E-02    0.00000E+00    3.22679E-01
 1.80000E+01    1.69483E-01    0.00000E+00    1.21867E+00
 1.90000E+01    3.17936E-01    0.00000E+00    2.28613E+00
 2.00000E+01    7.16398E-01    0.00000E+00    4.69631E+00
 2.10000E+01    1.31306E+00    0.00000E+00    8.60770E+00
 2.20000E+01    2.09791E+00    0.00000E+00    1.37527E+01
 2.30000E+01    3.04824E+00    0.00000E+00    1.99826E+01
 2.40000E+01    4.12658E+00    0.00000E+00    2.55132E+01
 2.50000E+01    5.27239E+00    0.00000E+00    3.25974E+01
 2.60000E+01    6.43412E+00    0.00000E+00    3.97799E+01
 2.70000E+01    7.44792E+00    0.00000E+00    4.60479E+01
 2.80000E+01    8.26578E+00    0.00000E+00    5.11045E+01
 2.90000E+01    8.85565E+00    0.00000E+00    5.47514E+01
 3.00000E+01    9.23367E+00    0.00000E+00    5.70886E+01
