# n + Pd107 : (n,n'03)  
# endfb8.0   JNDC FP Nuclear Data W.G.         EVAL-MAR90
# uncertainties: n
# # energies =   420
#   E(MeV)       xs(mb) 
 3.05657E-01    0.00000E+00
 3.05730E-01    4.29616E-01
 3.05875E-01    1.28213E+00
 3.06161E-01    2.96051E+00
 3.06437E-01    4.58644E+00
 3.06706E-01    6.16156E+00
 3.07227E-01    9.21335E+00
 3.07716E-01    1.20744E+01
 3.08175E-01    1.47566E+01
 3.08606E-01    1.72712E+01
 3.09416E-01    2.19861E+01
 3.10127E-01    2.61116E+01
 3.10750E-01    2.97214E+01
 3.11843E-01    3.60386E+01
 3.12665E-01    4.07765E+01
 3.13903E-01    4.78833E+01
 3.15146E-01    5.49901E+01
 3.17303E-01    6.13419E+01
 3.19338E-01    6.72967E+01
 3.21258E-01    7.28794E+01
 3.23069E-01    7.81131E+01
 3.24776E-01    8.30197E+01
 3.26384E-01    8.76197E+01
 3.27899E-01    9.19321E+01
 3.30758E-01    1.00018E+02
 3.33281E-01    1.07093E+02
 3.35504E-01    1.13284E+02
 3.37461E-01    1.18701E+02
 3.40914E-01    1.28180E+02
 3.43526E-01    1.35290E+02
 3.45499E-01    1.40622E+02
 3.48479E-01    1.48621E+02
 3.51485E-01    1.56619E+02
 3.55893E-01    1.65956E+02
 3.59236E-01    1.72960E+02
 3.61763E-01    1.78212E+02
 3.65588E-01    1.86090E+02
 3.69453E-01    1.93969E+02
 3.73402E-01    2.00471E+02
 3.79404E-01    2.10223E+02
 3.85503E-01    2.19976E+02
 3.90767E-01    2.25762E+02
 3.96102E-01    2.31547E+02
 4.05874E-01    2.38469E+02
 4.15887E-01    2.45391E+02
 4.30083E-01    2.50295E+02
 4.41047E-01    2.53973E+02
 4.49454E-01    2.56732E+02
 4.62364E-01    2.60870E+02
 4.75646E-01    2.65008E+02
 5.00000E-01    2.64876E+02
 5.35283E-01    2.63178E+02
 5.73056E-01    2.61480E+02
 5.97313E-01    2.56633E+02
 6.16178E-01    2.52999E+02
 6.30716E-01    2.50272E+02
 6.53169E-01    2.46183E+02
 6.76422E-01    2.42094E+02
 6.91463E-01    2.37801E+02
 7.00000E-01    2.34619E+02
 7.04586E-01    2.33303E+02
 7.19500E-01    2.29496E+02
 7.42464E-01    2.23786E+02
 7.54219E-01    2.20931E+02
 7.66161E-01    2.18076E+02
 7.88369E-01    2.12667E+02
 8.00000E-01    2.09599E+02
 8.13605E-01    2.06467E+02
 8.16633E-01    2.05574E+02
 8.36114E-01    2.00520E+02
 8.51028E-01    1.96729E+02
 8.73901E-01    1.91044E+02
 8.85567E-01    1.88201E+02
 8.97388E-01    1.85358E+02
 9.00000E-01    1.84817E+02
 9.24021E-01    1.80933E+02
 9.42457E-01    1.78020E+02
 9.70802E-01    1.73650E+02
 1.00000E+00    1.69280E+02
 1.03265E+00    1.65589E+02
 1.03972E+00    1.64702E+02
 1.06394E+00    1.61388E+02
 1.08559E+00    1.58488E+02
 1.10489E+00    1.55951E+02
 1.12207E+00    1.53731E+02
 1.15277E+00    1.49846E+02
 1.17634E+00    1.46932E+02
 1.19434E+00    1.44747E+02
 1.22185E+00    1.41469E+02
 1.25000E+00    1.38191E+02
 1.27881E+00    1.34386E+02
 1.30457E+00    1.31056E+02
 1.32754E+00    1.28142E+02
 1.34796E+00    1.25593E+02
 1.36609E+00    1.23362E+02
 1.39840E+00    1.19459E+02
 1.42314E+00    1.16531E+02
 1.44198E+00    1.14335E+02
 1.47070E+00    1.11042E+02
 1.50000E+00    1.07748E+02
 1.52918E+00    1.04610E+02
 1.55518E+00    1.01864E+02
 1.57830E+00    9.94611E+01
 1.59880E+00    9.73587E+01
 1.61696E+00    9.55191E+01
 1.64924E+00    9.22999E+01
 1.67388E+00    8.98854E+01
 1.69259E+00    8.80746E+01
 1.72106E+00    8.53584E+01
 1.75000E+00    8.26421E+01
 1.77946E+00    8.01328E+01
 1.80563E+00    7.79372E+01
 1.82886E+00    7.60160E+01
 1.84942E+00    7.43350E+01
 1.88597E+00    7.13932E+01
 1.91385E+00    6.91869E+01
 1.93504E+00    6.75322E+01
 1.96725E+00    6.50500E+01
 2.00000E+00    6.25679E+01
 2.02550E+00    6.11979E+01
 2.05052E+00    5.98707E+01
 2.07505E+00    5.85850E+01
 2.09909E+00    5.73395E+01
 2.12265E+00    5.61328E+01
 2.14572E+00    5.49639E+01
 2.16831E+00    5.38315E+01
 2.19042E+00    5.27346E+01
 2.21205E+00    5.16718E+01
 2.25458E+00    4.96128E+01
 2.29520E+00    4.76825E+01
 2.33393E+00    4.58729E+01
 2.37084E+00    4.41763E+01
 2.40598E+00    4.25858E+01
 2.43939E+00    4.10946E+01
 2.47113E+00    3.96967E+01
 2.50127E+00    3.83862E+01
 2.52985E+00    3.71575E+01
 2.55695E+00    3.60056E+01
 2.58261E+00    3.49258E+01
 2.60691E+00    3.39134E+01
 2.62989E+00    3.29643E+01
 2.65162E+00    3.20745E+01
 2.67216E+00    3.12404E+01
 2.71110E+00    2.96763E+01
 2.74563E+00    2.83077E+01
 2.77621E+00    2.71102E+01
 2.80324E+00    2.60624E+01
 2.82711E+00    2.51456E+01
 2.84817E+00    2.43434E+01
 2.88539E+00    2.29395E+01
 2.91362E+00    2.18866E+01
 2.93498E+00    2.10969E+01
 2.96731E+00    1.99123E+01
 3.00000E+00    1.87278E+01
 3.02709E+00    1.83054E+01
 3.08028E+00    1.74870E+01
 3.13099E+00    1.67197E+01
 3.17929E+00    1.60004E+01
 3.22525E+00    1.53261E+01
 3.26894E+00    1.46939E+01
 3.31044E+00    1.41012E+01
 3.34982E+00    1.35456E+01
 3.38717E+00    1.30246E+01
 3.42255E+00    1.25363E+01
 3.45607E+00    1.20784E+01
 3.48778E+00    1.16492E+01
 3.51778E+00    1.12468E+01
 3.54614E+00    1.08696E+01
 3.57293E+00    1.05159E+01
 3.59824E+00    1.01844E+01
 3.62212E+00    9.87351E+00
 3.66733E+00    9.29068E+00
 3.70735E+00    8.78071E+00
 3.74273E+00    8.33448E+00
 3.77396E+00    7.94404E+00
 3.80150E+00    7.60239E+00
 3.82576E+00    7.30346E+00
 3.84712E+00    7.04189E+00
 3.88478E+00    6.58414E+00
 3.91327E+00    6.24083E+00
 3.93478E+00    5.98335E+00
 3.96725E+00    5.59712E+00
 4.00000E+00    5.21090E+00
 4.05618E+00    4.97160E+00
 4.10956E+00    4.74726E+00
 4.16024E+00    4.53694E+00
 4.20833E+00    4.33977E+00
 4.25391E+00    4.15492E+00
 4.29709E+00    3.98162E+00
 4.33797E+00    3.81916E+00
 4.37665E+00    3.66684E+00
 4.41323E+00    3.52405E+00
 4.44779E+00    3.39018E+00
 4.48044E+00    3.26468E+00
 4.51127E+00    3.14702E+00
 4.54037E+00    3.03672E+00
 4.56782E+00    2.93331E+00
 4.61973E+00    2.73942E+00
 4.66563E+00    2.56976E+00
 4.70617E+00    2.42131E+00
 4.74194E+00    2.29141E+00
 4.77345E+00    2.17776E+00
 4.80120E+00    2.07831E+00
 4.82561E+00    1.99129E+00
 4.86863E+00    1.83901E+00
 4.90114E+00    1.72480E+00
 4.92567E+00    1.63914E+00
 4.96270E+00    1.51065E+00
 5.00000E+00    1.38216E+00
 5.05730E+00    1.31711E+00
 5.11162E+00    1.25612E+00
 5.16307E+00    1.19894E+00
 5.21177E+00    1.14534E+00
 5.25785E+00    1.09509E+00
 5.30142E+00    1.04798E+00
 5.34260E+00    1.00381E+00
 5.38149E+00    9.62407E-01
 5.41820E+00    9.23588E-01
 5.45285E+00    8.87196E-01
 5.48554E+00    8.53078E-01
 5.51636E+00    8.21093E-01
 5.57462E+00    7.61120E-01
 5.62609E+00    7.08645E-01
 5.67153E+00    6.62728E-01
 5.71158E+00    6.22551E-01
 5.74686E+00    5.87396E-01
 5.77791E+00    5.56636E-01
 5.80522E+00    5.29721E-01
 5.85331E+00    4.82619E-01
 5.88964E+00    4.47292E-01
 5.91704E+00    4.20797E-01
 5.95838E+00    3.81055E-01
 6.00000E+00    3.41313E-01
 6.05809E+00    3.24661E-01
 6.11305E+00    3.09049E-01
 6.16504E+00    2.94413E-01
 6.21417E+00    2.80692E-01
 6.26059E+00    2.67828E-01
 6.30443E+00    2.55769E-01
 6.34580E+00    2.44463E-01
 6.38483E+00    2.33863E-01
 6.42165E+00    2.23926E-01
 6.45635E+00    2.14611E-01
 6.48906E+00    2.05877E-01
 6.55083E+00    1.89502E-01
 6.60536E+00    1.75173E-01
 6.65344E+00    1.62636E-01
 6.69581E+00    1.51666E-01
 6.73310E+00    1.42067E-01
 6.76589E+00    1.33668E-01
 6.79472E+00    1.26318E-01
 6.84547E+00    1.13457E-01
 6.88378E+00    1.03811E-01
 6.91265E+00    9.65771E-02
 6.95619E+00    8.57255E-02
 6.97806E+00    8.02998E-02
 7.00000E+00    7.48740E-02
 7.05866E+00    7.07913E-02
 7.11411E+00    6.69638E-02
 7.16648E+00    6.33755E-02
 7.21593E+00    6.00114E-02
 7.26261E+00    5.68577E-02
 7.30663E+00    5.39010E-02
 7.34815E+00    5.11291E-02
 7.38729E+00    4.85305E-02
 7.42417E+00    4.60942E-02
 7.45891E+00    4.38103E-02
 7.49163E+00    4.16691E-02
 7.52244E+00    3.96617E-02
 7.58054E+00    3.58978E-02
 7.63174E+00    3.26045E-02
 7.67683E+00    2.97228E-02
 7.71650E+00    2.72013E-02
 7.75138E+00    2.49950E-02
 7.78203E+00    2.30645E-02
 7.80895E+00    2.13753E-02
 7.83258E+00    1.98972E-02
 7.87410E+00    1.73106E-02
 7.90539E+00    1.53707E-02
 7.92894E+00    1.39157E-02
 7.96439E+00    1.17333E-02
 7.98217E+00    1.06421E-02
 8.00000E+00    9.55089E-03
 8.05911E+00    9.02766E-03
 8.11492E+00    8.53714E-03
 8.16759E+00    8.07727E-03
 8.21729E+00    7.64615E-03
 8.26415E+00    7.24197E-03
 8.30832E+00    6.86305E-03
 8.34995E+00    6.50781E-03
 8.38917E+00    6.17478E-03
 8.42610E+00    5.86256E-03
 8.46087E+00    5.56985E-03
 8.49360E+00    5.29544E-03
 8.55531E+00    4.78092E-03
 8.60967E+00    4.33071E-03
 8.65752E+00    3.93678E-03
 8.69961E+00    3.59209E-03
 8.73660E+00    3.29049E-03
 8.76910E+00    3.02659E-03
 8.79763E+00    2.79567E-03
 8.82268E+00    2.59362E-03
 8.86668E+00    2.24003E-03
 8.89982E+00    1.97484E-03
 8.92476E+00    1.77595E-03
 8.96230E+00    1.47761E-03
 8.98113E+00    1.32844E-03
 9.00000E+00    1.17927E-03
 9.05946E+00    1.11750E-03
 9.11556E+00    1.05959E-03
 9.16847E+00    1.00529E-03
 9.21836E+00    9.54394E-04
 9.26537E+00    9.06676E-04
 9.30966E+00    8.61941E-04
 9.35137E+00    8.20001E-04
 9.39065E+00    7.80683E-04
 9.46474E+00    7.06961E-04
 9.53005E+00    6.42454E-04
 9.58756E+00    5.86011E-04
 9.63817E+00    5.36623E-04
 9.68268E+00    4.93409E-04
 9.72178E+00    4.55596E-04
 9.75613E+00    4.22510E-04
 9.78629E+00    3.93560E-04
 9.83928E+00    3.42897E-04
 9.87922E+00    3.04900E-04
 9.90928E+00    2.76402E-04
 9.95453E+00    2.33655E-04
 9.97724E+00    2.12281E-04
 1.00000E+01    1.90908E-04
 1.01146E+01    1.79575E-04
 1.02232E+01    1.68949E-04
 1.03261E+01    1.58988E-04
 1.04235E+01    1.49650E-04
 1.05157E+01    1.40895E-04
 1.06028E+01    1.32688E-04
 1.06852E+01    1.24993E-04
 1.07630E+01    1.17779E-04
 1.08364E+01    1.11016E-04
 1.09057E+01    1.04676E-04
 1.09711E+01    9.87322E-05
 1.10327E+01    9.31597E-05
 1.10908E+01    8.79355E-05
 1.11456E+01    8.30379E-05
 1.11971E+01    7.84463E-05
 1.12457E+01    7.41418E-05
 1.12914E+01    7.01062E-05
 1.13345E+01    6.63229E-05
 1.13750E+01    6.27760E-05
 1.14513E+01    5.61257E-05
 1.15185E+01    5.03066E-05
 1.15776E+01    4.52149E-05
 1.16296E+01    4.07597E-05
 1.16752E+01    3.68614E-05
 1.17153E+01    3.34504E-05
 1.17506E+01    3.04657E-05
 1.17815E+01    2.78542E-05
 1.18085E+01    2.55690E-05
 1.18561E+01    2.15701E-05
 1.18919E+01    1.85709E-05
 1.19189E+01    1.63215E-05
 1.19594E+01    1.29473E-05
 1.19797E+01    1.12603E-05
 1.20000E+01    9.57324E-06
 1.21162E+01    9.01918E-06
 1.22261E+01    8.49974E-06
 1.23301E+01    8.01277E-06
 1.24283E+01    7.55624E-06
 1.25212E+01    7.12824E-06
 1.26089E+01    6.72699E-06
 1.26916E+01    6.35082E-06
 1.27697E+01    5.99815E-06
 1.28433E+01    5.66753E-06
 1.29127E+01    5.35758E-06
 1.29781E+01    5.06699E-06
 1.30397E+01    4.79457E-06
 1.30978E+01    4.53917E-06
 1.31524E+01    4.29974E-06
 1.32039E+01    4.07527E-06
 1.33008E+01    3.65439E-06
 1.33863E+01    3.28612E-06
 1.34615E+01    2.96388E-06
 1.35277E+01    2.68193E-06
 1.35858E+01    2.43522E-06
 1.36369E+01    2.21934E-06
 1.36818E+01    2.03045E-06
 1.37212E+01    1.86518E-06
 1.37557E+01    1.72056E-06
 1.38164E+01    1.46748E-06
 1.38621E+01    1.27767E-06
 1.38964E+01    1.13531E-06
 1.39481E+01    9.21770E-07
 1.39740E+01    8.15000E-07
 1.40000E+01    7.08240E-07
 1.41213E+01    6.46020E-07
 1.42282E+01    5.91580E-07
 1.43225E+01    5.43940E-07
 1.44055E+01    5.02260E-07
 1.44785E+01    4.65790E-07
 1.45427E+01    4.33870E-07
 1.45991E+01    4.05950E-07
 1.46486E+01    3.81520E-07
 1.47357E+01    3.38760E-07
 1.48013E+01    3.06690E-07
 1.48507E+01    2.82640E-07
 1.49252E+01    2.46560E-07
 1.50000E+01    2.10490E-07
 1.51215E+01    1.92090E-07
 1.52286E+01    1.76000E-07
 1.53230E+01    1.61910E-07
 1.54060E+01    1.49590E-07
 1.54790E+01    1.38810E-07
 1.55432E+01    1.29380E-07
 1.55996E+01    1.21120E-07
 1.56491E+01    1.13900E-07
 1.57361E+01    1.01260E-07
 1.58017E+01    9.17770E-08
 1.60000E+01    6.33360E-08
 1.80000E+01    6.33400E-09
 2.00000E+01    7.07500E-10
