# n + Pd108 : (n,n'02)  
# jendl4.0   N.Iwamoto,K.Shibata               EVAL-Dec09
# uncertainties: n
# # energies =    81
#   E(MeV)       xs(mb) 
 9.39844E-01    0.00000E+00
 1.00000E+00    1.24234E+02
 1.05805E+00    2.14062E+02
 1.06262E+00    2.19918E+02
 1.10000E+00    2.53740E+02
 1.20000E+00    3.05752E+02
 1.30000E+00    3.32784E+02
 1.32650E+00    3.37623E+02
 1.34770E+00    3.38932E+02
 1.40000E+00    3.26450E+02
 1.45465E+00    3.16051E+02
 1.50000E+00    2.96101E+02
 1.55436E+00    2.78296E+02
 1.60000E+00    2.60833E+02
 1.64039E+00    2.48876E+02
 1.70000E+00    2.34496E+02
 1.78772E+00    2.19891E+02
 1.80000E+00    2.18361E+02
 1.90000E+00    2.08577E+02
 1.97529E+00    2.03488E+02
 2.00000E+00    2.01759E+02
 2.00846E+00    2.00969E+02
 2.03384E+00    1.98249E+02
 2.06578E+00    1.92860E+02
 2.11829E+00    1.81477E+02
 2.16101E+00    1.70761E+02
 2.23874E+00    1.55120E+02
 2.25000E+00    1.52590E+02
 2.30253E+00    1.43631E+02
 2.30383E+00    1.43330E+02
 2.34653E+00    1.35896E+02
 2.38408E+00    1.30436E+02
 2.41375E+00    1.25812E+02
 2.41991E+00    1.24681E+02
 2.42657E+00    1.23630E+02
 2.44060E+00    1.21426E+02
 2.44464E+00    1.20740E+02
 2.48905E+00    1.14022E+02
 2.50000E+00    1.12465E+02
 2.50073E+00    1.12356E+02
 2.55466E+00    1.04354E+02
 2.56011E+00    1.03622E+02
 2.56394E+00    1.03099E+02
 2.57222E+00    1.01995E+02
 2.60210E+00    9.82961E+01
 2.75000E+00    8.39650E+01
 3.00000E+00    6.53935E+01
 3.50000E+00    3.52877E+01
 4.00000E+00    1.79411E+01
 4.50000E+00    9.62923E+00
 5.00000E+00    4.93076E+00
 5.50000E+00    2.35861E+00
 6.00000E+00    1.17546E+00
 6.50000E+00    5.75642E-01
 7.00000E+00    2.58753E-01
 7.50000E+00    1.20326E-01
 8.00000E+00    7.38409E-02
 8.50000E+00    5.60213E-02
 9.00000E+00    5.02033E-02
 9.50000E+00    4.89118E-02
 1.00000E+01    4.90402E-02
 1.05000E+01    4.95182E-02
 1.10000E+01    4.95283E-02
 1.15000E+01    4.88808E-02
 1.20000E+01    4.75114E-02
 1.25000E+01    4.54871E-02
 1.30000E+01    4.28951E-02
 1.35000E+01    3.97929E-02
 1.40000E+01    3.62952E-02
 1.45000E+01    3.24086E-02
 1.50000E+01    2.82657E-02
 1.55000E+01    3.29269E-02
 1.60000E+01    1.42531E-02
 1.65000E+01    1.47952E-02
 1.70000E+01    3.05563E-02
 1.75000E+01    2.97478E-02
 1.80000E+01    1.59816E-02
 1.85000E+01    5.16593E-03
 1.90000E+01    2.23218E-02
 1.95000E+01    2.89464E-02
 2.00000E+01    2.71510E-02
