# n + Th229 : (n,n'10)  
# tendl.2019 A.J. Koning and D. Rochman        EVAL-NOV19
# uncertainties: n
# # energies =    94
#   E(MeV)       xs(mb) 
 1.65257E-01    0.00000E+00
 1.74248E-01    1.36746E+01
 1.90827E-01    3.88898E+01
 1.96581E-01    4.76412E+01
 2.00000E-01    5.28412E+01
 2.03291E-01    5.35768E+01
 2.13317E-01    5.58178E+01
 2.18116E-01    5.68905E+01
 2.36163E-01    6.09244E+01
 2.38411E-01    6.14269E+01
 2.42610E-01    6.23654E+01
 2.57084E-01    6.56007E+01
 2.63118E-01    6.69494E+01
 2.74042E-01    6.93911E+01
 2.76211E-01    6.98760E+01
 2.89163E-01    7.27710E+01
 2.97042E-01    7.45321E+01
 3.00000E-01    7.51933E+01
 3.04323E-01    7.47594E+01
 3.18570E-01    7.33294E+01
 3.21960E-01    7.29891E+01
 3.29244E-01    7.22580E+01
 3.49332E-01    7.02417E+01
 4.00000E-01    6.51560E+01
 5.00000E-01    5.51988E+01
 6.00000E-01    4.38871E+01
 7.00000E-01    3.60907E+01
 8.00000E-01    2.93235E+01
 9.00000E-01    2.42581E+01
 1.00000E+00    2.01630E+01
 1.20000E+00    1.44555E+01
 1.40000E+00    1.05280E+01
 1.60000E+00    7.66045E+00
 1.80000E+00    5.53579E+00
 2.00000E+00    3.97975E+00
 2.20000E+00    2.85046E+00
 2.40000E+00    2.04598E+00
 2.60000E+00    1.47452E+00
 2.80000E+00    1.07333E+00
 3.00000E+00    7.91686E-01
 3.20000E+00    5.96527E-01
 3.40000E+00    4.62966E-01
 3.60000E+00    3.70324E-01
 3.80000E+00    3.06415E-01
 4.00000E+00    2.62200E-01
 4.20000E+00    2.31571E-01
 4.40000E+00    2.10335E-01
 4.60000E+00    1.95883E-01
 4.80000E+00    1.85990E-01
 5.00000E+00    1.79019E-01
 5.20000E+00    1.73379E-01
 5.40000E+00    1.71292E-01
 5.60000E+00    1.70249E-01
 5.80000E+00    1.73693E-01
 6.00000E+00    1.81173E-01
 6.20000E+00    1.83541E-01
 6.40000E+00    1.89046E-01
 6.60000E+00    1.91640E-01
 6.80000E+00    1.95755E-01
 7.00000E+00    1.98465E-01
 7.20000E+00    2.00556E-01
 7.40000E+00    2.01882E-01
 7.60000E+00    2.02198E-01
 7.80000E+00    2.02237E-01
 8.00000E+00    2.01280E-01
 8.50000E+00    1.96713E-01
 9.00000E+00    1.92640E-01
 9.50000E+00    1.88579E-01
 1.00000E+01    1.86725E-01
 1.05000E+01    1.83984E-01
 1.10000E+01    1.83341E-01
 1.15000E+01    1.81938E-01
 1.20000E+01    1.80967E-01
 1.25000E+01    1.80538E-01
 1.30000E+01    1.78945E-01
 1.35000E+01    1.77819E-01
 1.40000E+01    1.75524E-01
 1.45000E+01    1.73747E-01
 1.50000E+01    1.71132E-01
 1.60000E+01    1.65439E-01
 1.70000E+01    1.57426E-01
 1.80000E+01    1.51768E-01
 1.90000E+01    1.47588E-01
 2.00000E+01    1.43537E-01
 2.10000E+01    1.41693E-01
 2.20000E+01    1.40708E-01
 2.30000E+01    1.40240E-01
 2.40000E+01    1.40094E-01
 2.50000E+01    1.40201E-01
 2.60000E+01    1.40613E-01
 2.70000E+01    1.41385E-01
 2.80000E+01    1.42524E-01
 2.90000E+01    1.43963E-01
 3.00000E+01    1.45562E-01
