# n + Th229 : (n,n'16)  
# tendl.2019 A.J. Koning and D. Rochman        EVAL-NOV19
# uncertainties: n
# # energies =    87
#   E(MeV)       xs(mb) 
 2.18116E-01    0.00000E+00
 2.36163E-01    1.47008E+01
 2.38411E-01    1.65319E+01
 2.42610E-01    1.99524E+01
 2.57084E-01    3.17427E+01
 2.63118E-01    3.66579E+01
 2.74042E-01    4.55564E+01
 2.76211E-01    4.73232E+01
 2.89163E-01    5.78737E+01
 2.97042E-01    6.42918E+01
 3.00000E-01    6.67013E+01
 3.04323E-01    6.68128E+01
 3.18570E-01    6.71800E+01
 3.21960E-01    6.72674E+01
 3.29244E-01    6.74552E+01
 3.49332E-01    6.79731E+01
 4.00000E-01    6.92793E+01
 5.00000E-01    6.35267E+01
 6.00000E-01    5.25086E+01
 7.00000E-01    4.39310E+01
 8.00000E-01    3.59235E+01
 9.00000E-01    2.97489E+01
 1.00000E+00    2.46982E+01
 1.20000E+00    1.76780E+01
 1.40000E+00    1.29250E+01
 1.60000E+00    9.46463E+00
 1.80000E+00    6.87402E+00
 2.00000E+00    4.95531E+00
 2.20000E+00    3.55051E+00
 2.40000E+00    2.54417E+00
 2.60000E+00    1.82702E+00
 2.80000E+00    1.32299E+00
 3.00000E+00    9.69646E-01
 3.20000E+00    7.24809E-01
 3.40000E+00    5.56646E-01
 3.60000E+00    4.41498E-01
 3.80000E+00    3.62408E-01
 4.00000E+00    3.08275E-01
 4.20000E+00    2.71513E-01
 4.40000E+00    2.46902E-01
 4.60000E+00    2.31158E-01
 4.80000E+00    2.21523E-01
 5.00000E+00    2.15928E-01
 5.20000E+00    2.12348E-01
 5.40000E+00    2.13422E-01
 5.60000E+00    2.16010E-01
 5.80000E+00    2.24443E-01
 6.00000E+00    2.38235E-01
 6.20000E+00    2.45190E-01
 6.40000E+00    2.55933E-01
 6.60000E+00    2.62117E-01
 6.80000E+00    2.69562E-01
 7.00000E+00    2.74141E-01
 7.20000E+00    2.76893E-01
 7.40000E+00    2.77665E-01
 7.60000E+00    2.76243E-01
 7.80000E+00    2.73799E-01
 8.00000E+00    2.69541E-01
 8.50000E+00    2.55091E-01
 9.00000E+00    2.41400E-01
 9.50000E+00    2.28784E-01
 1.00000E+01    2.20136E-01
 1.05000E+01    2.11666E-01
 1.10000E+01    2.06620E-01
 1.15000E+01    2.01453E-01
 1.20000E+01    1.97295E-01
 1.25000E+01    1.94092E-01
 1.30000E+01    1.89923E-01
 1.35000E+01    1.86518E-01
 1.40000E+01    1.82164E-01
 1.45000E+01    1.78642E-01
 1.50000E+01    1.74565E-01
 1.60000E+01    1.66800E-01
 1.70000E+01    1.57496E-01
 1.80000E+01    1.50715E-01
 1.90000E+01    1.44958E-01
 2.00000E+01    1.38591E-01
 2.10000E+01    1.33646E-01
 2.20000E+01    1.29073E-01
 2.30000E+01    1.24887E-01
 2.40000E+01    1.21114E-01
 2.50000E+01    1.17706E-01
 2.60000E+01    1.14592E-01
 2.70000E+01    1.11667E-01
 2.80000E+01    1.08844E-01
 2.90000E+01    1.06071E-01
 3.00000E+01    1.03333E-01
