# n + Th229 : (n,n'13)  
# tendl.2019 A.J. Koning and D. Rochman        EVAL-NOV19
# uncertainties: n
# # energies =    91
#   E(MeV)       xs(mb) 
 1.96581E-01    0.00000E+00
 2.00000E-01    1.38312E+00
 2.03291E-01    1.86424E+00
 2.13317E-01    3.32997E+00
 2.18116E-01    4.03155E+00
 2.36163E-01    6.66989E+00
 2.38411E-01    6.99853E+00
 2.42610E-01    7.61239E+00
 2.57084E-01    9.72839E+00
 2.63118E-01    1.06105E+01
 2.74042E-01    1.22075E+01
 2.76211E-01    1.25246E+01
 2.89163E-01    1.44181E+01
 2.97042E-01    1.55700E+01
 3.00000E-01    1.60024E+01
 3.04323E-01    1.61859E+01
 3.18570E-01    1.67905E+01
 3.21960E-01    1.69343E+01
 3.29244E-01    1.72435E+01
 3.49332E-01    1.80959E+01
 4.00000E-01    2.02462E+01
 5.00000E-01    2.08590E+01
 6.00000E-01    1.96243E+01
 7.00000E-01    1.90246E+01
 8.00000E-01    1.80938E+01
 9.00000E-01    1.72781E+01
 1.00000E+00    1.62569E+01
 1.20000E+00    1.39761E+01
 1.40000E+00    1.12585E+01
 1.60000E+00    8.56368E+00
 1.80000E+00    6.28514E+00
 2.00000E+00    4.54705E+00
 2.20000E+00    3.28517E+00
 2.40000E+00    2.39951E+00
 2.60000E+00    1.78030E+00
 2.80000E+00    1.35029E+00
 3.00000E+00    1.04952E+00
 3.20000E+00    8.41463E-01
 3.40000E+00    6.97909E-01
 3.60000E+00    5.98682E-01
 3.80000E+00    5.30690E-01
 4.00000E+00    4.84444E-01
 4.20000E+00    4.53509E-01
 4.40000E+00    4.33419E-01
 4.60000E+00    4.21814E-01
 4.80000E+00    4.16014E-01
 5.00000E+00    4.14041E-01
 5.20000E+00    4.13211E-01
 5.40000E+00    4.19535E-01
 5.60000E+00    4.27564E-01
 5.80000E+00    4.46308E-01
 6.00000E+00    4.75175E-01
 6.20000E+00    4.90013E-01
 6.40000E+00    5.12113E-01
 6.60000E+00    5.24876E-01
 6.80000E+00    5.40004E-01
 7.00000E+00    5.49283E-01
 7.20000E+00    5.54821E-01
 7.40000E+00    5.56343E-01
 7.60000E+00    5.53440E-01
 7.80000E+00    5.48477E-01
 8.00000E+00    5.39880E-01
 8.50000E+00    5.10795E-01
 9.00000E+00    4.83297E-01
 9.50000E+00    4.57997E-01
 1.00000E+01    4.40675E-01
 1.05000E+01    4.23720E-01
 1.10000E+01    4.13618E-01
 1.15000E+01    4.03269E-01
 1.20000E+01    3.94928E-01
 1.25000E+01    3.88495E-01
 1.30000E+01    3.80125E-01
 1.35000E+01    3.73282E-01
 1.40000E+01    3.64545E-01
 1.45000E+01    3.57478E-01
 1.50000E+01    3.49304E-01
 1.60000E+01    3.33745E-01
 1.70000E+01    3.15116E-01
 1.80000E+01    3.01538E-01
 1.90000E+01    2.90014E-01
 2.00000E+01    2.77268E-01
 2.10000E+01    2.67369E-01
 2.20000E+01    2.58215E-01
 2.30000E+01    2.49839E-01
 2.40000E+01    2.42290E-01
 2.50000E+01    2.35472E-01
 2.60000E+01    2.29240E-01
 2.70000E+01    2.23387E-01
 2.80000E+01    2.17734E-01
 2.90000E+01    2.12182E-01
 3.00000E+01    2.06699E-01
