# p + Sn126 : (p,d)m    
# tendl.2019 A.J. Koning                       EVAL-OCT19
# uncertainties: y
# # energies =    19
#   E(MeV)       xs(mb)       xslow(mb)      xsupp(mb)
 6.04106E+00    0.00000E+00    0.00000E+00    0.00000E+00
 8.00000E+00    1.18468E-11    0.00000E+00    0.00000E+00
 9.00000E+00    1.01978E-07    0.00000E+00    0.00000E+00
 1.00000E+01    2.32262E-05    0.00000E+00    0.00000E+00
 1.10000E+01    4.94691E-04    0.00000E+00    0.00000E+00
 1.20000E+01    8.62652E-03    0.00000E+00    0.00000E+00
 1.30000E+01    7.04401E-02    0.00000E+00    0.00000E+00
 1.40000E+01    3.18768E-01    0.00000E+00    0.00000E+00
 1.50000E+01    8.60191E-01    0.00000E+00    0.00000E+00
 1.60000E+01    1.69385E+00    0.00000E+00    0.00000E+00
 1.70000E+01    2.69445E+00    0.00000E+00    0.00000E+00
 1.80000E+01    4.04272E+00    0.00000E+00    0.00000E+00
 1.90000E+01    5.09553E+00    0.00000E+00    0.00000E+00
 2.00000E+01    5.98974E+00    0.00000E+00    0.00000E+00
 2.20000E+01    7.31834E+00    0.00000E+00    0.00000E+00
 2.40000E+01    7.96288E+00    0.00000E+00    0.00000E+00
 2.60000E+01    8.20907E+00    0.00000E+00    0.00000E+00
 2.80000E+01    7.79904E+00    0.00000E+00    0.00000E+00
 3.00000E+01    7.68981E+00    0.00000E+00    0.00000E+00
