# n + U 235 : (n,n'22)  
# jendl4.0   O.Iwamoto,N.Otuka,S.Chiba,+       EVAL-OCT09
# uncertainties: y
# # energies =    74
#   E(MeV)       xs(mb)       xslow(mb)      xsupp(mb)
 3.94912E-01    0.00000E+00    0.00000E+00    0.00000E+00
 4.00000E-01    1.80408E+00    1.20513E+00    2.40303E+00
 4.16559E-01    4.08196E+00    2.72675E+00    5.43717E+00
 4.28586E-01    5.41265E+00    3.61565E+00    7.20965E+00
 4.40482E-01    6.59141E+00    4.40306E+00    8.77976E+00
 4.47629E-01    7.28671E+00    4.86752E+00    9.70590E+00
 4.56450E-01    8.11286E+00    5.41939E+00    1.08063E+01
 4.73322E-01    9.70580E+00    6.48347E+00    1.29281E+01
 4.76332E-01    9.98393E+00    6.66926E+00    1.32986E+01
 4.87081E-01    1.09558E+01    7.31847E+00    1.45931E+01
 5.00000E-01    1.20905E+01    8.07645E+00    1.61045E+01
 5.12108E-01    1.29945E+01    8.68033E+00    1.73087E+01
 5.34685E-01    1.45580E+01    9.72474E+00    1.93913E+01
 5.35516E-01    1.46141E+01    9.76222E+00    1.94660E+01
 5.52762E-01    1.57211E+01    1.05017E+01    2.09405E+01
 5.70438E-01    1.67905E+01    1.12161E+01    2.23649E+01
 5.90322E-01    1.79707E+01    1.20044E+01    2.39370E+01
 6.00000E-01    1.85031E+01    1.23601E+01    2.46461E+01
 6.10690E-01    1.89916E+01    1.26864E+01    2.52968E+01
 6.19045E-01    1.93670E+01    1.29372E+01    2.57968E+01
 6.35887E-01    2.01108E+01    1.34340E+01    2.67876E+01
 6.40547E-01    2.02881E+01    1.35525E+01    2.70238E+01
 7.00000E-01    2.24712E+01    1.50108E+01    2.99316E+01
 8.00000E-01    2.37062E+01    1.74004E+01    3.00120E+01
 9.00000E-01    2.31101E+01    1.69628E+01    2.92574E+01
 1.00000E+00    2.16255E+01    1.72139E+01    2.60371E+01
 1.10000E+00    1.99482E+01    1.58788E+01    2.40176E+01
 1.20000E+00    1.79840E+01    1.54662E+01    2.05018E+01
 1.30000E+00    1.59601E+01    1.37257E+01    1.81945E+01
 1.40000E+00    1.40084E+01    1.20472E+01    1.59696E+01
 1.50000E+00    1.21405E+01    1.09301E+01    1.33509E+01
 1.60000E+00    1.03762E+01    9.34169E+00    1.14107E+01
 1.70000E+00    8.82425E+00    7.94447E+00    9.70403E+00
 1.80000E+00    7.46447E+00    6.72026E+00    8.20868E+00
 1.90000E+00    6.29180E+00    5.66451E+00    6.91909E+00
 2.00000E+00    5.28309E+00    4.77116E+00    5.79502E+00
 2.30000E+00    3.08064E+00    2.78213E+00    3.37915E+00
 2.50000E+00    2.13911E+00    1.93996E+00    2.33826E+00
 2.70000E+00    1.54847E+00    1.40431E+00    1.69263E+00
 3.00000E+00    1.02405E+00    9.32295E-01    1.11580E+00
 3.50000E+00    6.86328E-01    6.26343E-01    7.46313E-01
 4.00000E+00    6.16540E-01    5.64504E-01    6.68576E-01
 4.50000E+00    6.21859E-01    5.69374E-01    6.74344E-01
 5.00000E+00    6.39593E-01    5.96165E-01    6.83021E-01
 5.50000E+00    6.57414E-01    6.12776E-01    7.02052E-01
 6.00000E+00    6.76147E-01    6.40176E-01    7.12118E-01
 6.50000E+00    6.90210E-01    6.53491E-01    7.26929E-01
 7.00000E+00    6.98525E-01    6.67231E-01    7.29819E-01
 7.50000E+00    6.96445E-01    6.65244E-01    7.27646E-01
 8.00000E+00    6.87890E-01    6.60168E-01    7.15612E-01
 8.50000E+00    6.73494E-01    6.46352E-01    7.00636E-01
 9.00000E+00    6.55401E-01    6.31020E-01    6.79782E-01
 9.50000E+00    6.34178E-01    6.10587E-01    6.57769E-01
 1.00000E+01    6.09987E-01    5.88759E-01    6.31215E-01
 1.05000E+01    5.83242E-01    5.62945E-01    6.03539E-01
 1.10000E+01    5.54645E-01    5.35343E-01    5.73947E-01
 1.15000E+01    5.24940E-01    5.06672E-01    5.43208E-01
 1.20000E+01    4.94960E-01    4.78428E-01    5.11492E-01
 1.25000E+01    4.65310E-01    4.49769E-01    4.80851E-01
 1.30000E+01    4.36342E-01    4.21768E-01    4.50916E-01
 1.35000E+01    4.08436E-01    3.94794E-01    4.22078E-01
 1.40000E+01    3.81718E-01    3.68511E-01    3.94925E-01
 1.45000E+01    3.56429E-01    3.44097E-01    3.68761E-01
 1.50000E+01    3.32631E-01    3.20723E-01    3.44539E-01
 1.55000E+01    3.10492E-01    2.99376E-01    3.21608E-01
 1.60000E+01    2.90022E-01    2.79262E-01    3.00782E-01
 1.65000E+01    2.71333E-01    2.61267E-01    2.81399E-01
 1.70000E+01    2.54366E-01    2.44929E-01    2.63803E-01
 1.75000E+01    2.39105E-01    2.30234E-01    2.47976E-01
 1.80000E+01    2.25435E-01    2.16530E-01    2.34340E-01
 1.85000E+01    2.13264E-01    2.04840E-01    2.21688E-01
 1.90000E+01    2.02463E-01    1.94466E-01    2.10460E-01
 1.95000E+01    1.92920E-01    1.85300E-01    2.00540E-01
 2.00000E+01    1.84502E-01    1.77214E-01    1.91790E-01
