# n + U 235 : (n,n'38)  
# jendl4.0   O.Iwamoto,N.Otuka,S.Chiba,+       EVAL-OCT09
# uncertainties: y
# # energies =    55
#   E(MeV)       xs(mb)       xslow(mb)      xsupp(mb)
 6.19045E-01    0.00000E+00    0.00000E+00    0.00000E+00
 6.35887E-01    2.78926E-01    1.92180E-01    3.65672E-01
 6.40547E-01    3.38895E-01    2.33499E-01    4.44291E-01
 7.00000E-01    1.13977E+00    7.85302E-01    1.49424E+00
 8.00000E-01    2.38286E+00    1.64179E+00    3.12393E+00
 9.00000E-01    3.28578E+00    2.26390E+00    4.30766E+00
 1.00000E+00    4.01727E+00    2.90047E+00    5.13407E+00
 1.10000E+00    4.62176E+00    3.33691E+00    5.90661E+00
 1.20000E+00    4.97171E+00    3.82325E+00    6.12017E+00
 1.30000E+00    5.09466E+00    3.91779E+00    6.27153E+00
 1.40000E+00    5.03770E+00    3.87399E+00    6.20141E+00
 1.50000E+00    4.82189E+00    3.96842E+00    5.67536E+00
 1.60000E+00    4.47966E+00    3.68676E+00    5.27256E+00
 1.70000E+00    4.08914E+00    3.36536E+00    4.81292E+00
 1.80000E+00    3.68702E+00    3.03442E+00    4.33962E+00
 1.90000E+00    3.28273E+00    2.70169E+00    3.86377E+00
 2.00000E+00    2.90172E+00    2.41713E+00    3.38631E+00
 2.30000E+00    1.92370E+00    1.60244E+00    2.24496E+00
 2.50000E+00    1.43627E+00    1.24955E+00    1.62299E+00
 2.70000E+00    1.09516E+00    9.52789E-01    1.23753E+00
 3.00000E+00    7.61336E-01    6.94186E-01    8.28486E-01
 3.50000E+00    5.13839E-01    4.69135E-01    5.58543E-01
 4.00000E+00    4.45745E-01    4.04469E-01    4.87021E-01
 4.50000E+00    4.35785E-01    3.95431E-01    4.76139E-01
 5.00000E+00    4.38948E-01    4.03700E-01    4.74195E-01
 5.50000E+00    4.44441E-01    4.08752E-01    4.80130E-01
 6.00000E+00    4.52266E-01    4.23004E-01    4.81528E-01
 6.50000E+00    4.57842E-01    4.28220E-01    4.87464E-01
 7.00000E+00    4.60894E-01    4.35407E-01    4.86381E-01
 7.50000E+00    4.57869E-01    4.32549E-01    4.83189E-01
 8.00000E+00    4.51327E-01    4.28625E-01    4.74029E-01
 8.50000E+00    4.41279E-01    4.19083E-01    4.63475E-01
 9.00000E+00    4.29005E-01    4.08928E-01    4.49082E-01
 9.50000E+00    4.14812E-01    3.95399E-01    4.34225E-01
 1.00000E+01    3.98805E-01    3.81258E-01    4.16352E-01
 1.05000E+01    3.81249E-01    3.64474E-01    3.98024E-01
 1.10000E+01    3.62614E-01    3.46659E-01    3.78569E-01
 1.15000E+01    3.43360E-01    3.28252E-01    3.58468E-01
 1.20000E+01    3.24005E-01    3.10332E-01    3.37678E-01
 1.25000E+01    3.04931E-01    2.92063E-01    3.17799E-01
 1.30000E+01    2.86333E-01    2.74250E-01    2.98416E-01
 1.35000E+01    2.68454E-01    2.57125E-01    2.79783E-01
 1.40000E+01    2.51304E-01    2.40322E-01    2.62286E-01
 1.45000E+01    2.35088E-01    2.24815E-01    2.45361E-01
 1.50000E+01    2.19820E-01    2.09928E-01    2.29712E-01
 1.55000E+01    2.05627E-01    1.96374E-01    2.14880E-01
 1.60000E+01    1.92498E-01    1.83528E-01    2.01468E-01
 1.65000E+01    1.80575E-01    1.72160E-01    1.88990E-01
 1.70000E+01    1.69667E-01    1.61761E-01    1.77573E-01
 1.75000E+01    1.59716E-01    1.52273E-01    1.67159E-01
 1.80000E+01    1.50843E-01    1.43422E-01    1.58264E-01
 1.85000E+01    1.42916E-01    1.35885E-01    1.49947E-01
 1.90000E+01    1.35850E-01    1.29166E-01    1.42534E-01
 1.95000E+01    1.29580E-01    1.23205E-01    1.35955E-01
 2.00000E+01    1.24019E-01    1.17917E-01    1.30121E-01
