# n + Mo 92 : (n,tot)   
# tendl.2019 A.J. Koning and D. Rochman        EVAL-NOV19
# uncertainties: y
# # energies =   171
#   E(MeV)       xs(mb)       xslow(mb)      xsupp(mb)
 1.00000E-11    1.09962E+04    1.03968E+04    1.15956E+04
 1.00000E-07    5.65679E+03    5.30958E+03    6.00399E+03
 4.13990E-07    5.64408E+03    5.29675E+03    5.99142E+03
 5.31580E-07    5.64116E+03    5.29385E+03    5.98848E+03
 6.82560E-07    5.63912E+03    5.29193E+03    5.98631E+03
 8.76420E-07    5.63692E+03    5.28969E+03    5.98414E+03
 1.12540E-06    5.63555E+03    5.28819E+03    5.98292E+03
 1.44500E-06    5.63524E+03    5.28790E+03    5.98259E+03
 1.85540E-06    5.63485E+03    5.28753E+03    5.98217E+03
 2.37240E-06    5.63434E+03    5.28688E+03    5.98180E+03
 3.05900E-06    5.63368E+03    5.28616E+03    5.98120E+03
 3.92790E-06    5.63284E+03    5.28538E+03    5.98030E+03
 5.04350E-06    5.63176E+03    5.28424E+03    5.97927E+03
 6.47600E-06    5.63037E+03    5.28290E+03    5.97784E+03
 8.31530E-06    5.62859E+03    5.28116E+03    5.97602E+03
 1.06770E-05    5.62630E+03    5.27892E+03    5.97369E+03
 1.37100E-05    5.62336E+03    5.27616E+03    5.97057E+03
 1.76030E-05    5.61959E+03    5.27252E+03    5.96666E+03
 2.26030E-05    5.61573E+03    5.26879E+03    5.96267E+03
 2.92030E-05    5.61369E+03    5.26688E+03    5.96051E+03
 3.72670E-05    5.61128E+03    5.26449E+03    5.95807E+03
 4.78510E-05    5.60814E+03    5.26144E+03    5.95485E+03
 6.14420E-05    5.60412E+03    5.25749E+03    5.95076E+03
 7.88930E-05    5.59895E+03    5.25256E+03    5.94535E+03
 1.01300E-04    5.59232E+03    5.24584E+03    5.93880E+03
 1.30070E-04    5.58380E+03    5.23785E+03    5.92975E+03
 1.67020E-04    5.57286E+03    5.22759E+03    5.91814E+03
 2.14450E-04    5.55882E+03    5.21369E+03    5.90395E+03
 2.75360E-04    6.57051E+03    6.16256E+03    6.97845E+03
 3.53580E-04    5.61313E+03    5.31300E+03    5.91326E+03
 4.54000E-04    5.56217E+03    5.21717E+03    5.90718E+03
 5.82950E-04    5.53613E+03    5.19207E+03    5.88019E+03
 7.48520E-04    5.50626E+03    5.16312E+03    5.84940E+03
 9.61120E-04    5.46883E+03    5.12730E+03    5.81036E+03
 1.23410E-03    5.41510E+03    5.07491E+03    5.75529E+03
 1.58460E-03    5.53022E+03    5.18514E+03    5.87530E+03
 2.03470E-03    5.17939E+03    4.82588E+03    5.53289E+03
 2.24870E-03    5.42053E+03    5.05056E+03    5.79050E+03
 2.48520E-03    4.84262E+03    4.51209E+03    5.17314E+03
 2.61260E-03    4.62440E+03    4.30877E+03    4.94003E+03
 2.74650E-03    3.77394E+03    3.51636E+03    4.03152E+03
 3.03540E-03    3.78544E+04    3.61110E+04    3.95978E+04
 3.35460E-03    7.40247E+03    7.06155E+03    7.74340E+03
 3.70740E-03    7.88947E+03    7.52612E+03    8.25283E+03
 4.30740E-03    5.90589E+03    5.63389E+03    6.17789E+03
 5.53080E-03    6.78194E+03    6.42751E+03    7.13636E+03
 7.10170E-03    6.99276E+03    6.61765E+03    7.36788E+03
 9.11880E-03    6.68083E+03    6.32245E+03    7.03921E+03
 1.17090E-02    8.42433E+03    8.05989E+03    8.78878E+03
 1.50340E-02    1.07316E+04    1.02673E+04    1.11958E+04
 1.93050E-02    8.24784E+03    7.89103E+03    8.60465E+03
 2.18750E-02    6.54220E+03    6.29761E+03    6.78680E+03
 2.35790E-02    1.03566E+04    9.96938E+03    1.07438E+04
 2.41760E-02    5.67956E+03    5.46721E+03    5.89190E+03
 2.47880E-02    1.05682E+04    1.01731E+04    1.09633E+04
 2.60580E-02    1.89425E+04    1.82343E+04    1.96507E+04
 2.70000E-02    7.39929E+03    7.12264E+03    7.67593E+03
 2.85000E-02    1.14495E+04    1.10214E+04    1.18776E+04
 3.18280E-02    9.57541E+03    9.17704E+03    9.97378E+03
 3.43070E-02    9.43750E+03    9.04487E+03    9.83013E+03
 4.08680E-02    8.94257E+03    7.54435E+03    1.03408E+04
 4.63090E-02    8.99393E+03    7.58768E+03    1.04002E+04
 5.24750E-02    9.03969E+03    7.62629E+03    1.04531E+04
 5.65620E-02    9.10432E+03    7.68081E+03    1.05278E+04
 6.73790E-02    9.16900E+03    7.73538E+03    1.06026E+04
 7.20000E-02    9.21538E+03    7.77450E+03    1.06563E+04
 7.95000E-02    9.25620E+03    7.80895E+03    1.07035E+04
 8.25000E-02    9.28317E+03    7.83169E+03    1.07346E+04
 8.65170E-02    9.34217E+03    7.88148E+03    1.08029E+04
 9.80370E-02    9.41744E+03    7.94498E+03    1.08899E+04
 1.11090E-01    9.44061E+03    7.96452E+03    1.09167E+04
 1.16790E-01    9.45331E+03    7.97523E+03    1.09314E+04
 1.22770E-01    9.46665E+03    7.98649E+03    1.09468E+04
 1.29070E-01    9.48070E+03    7.99834E+03    1.09631E+04
 1.35690E-01    9.49545E+03    8.01078E+03    1.09801E+04
 1.42640E-01    9.51096E+03    8.02387E+03    1.09980E+04
 1.49960E-01    9.52726E+03    8.03762E+03    1.10169E+04
 1.57640E-01    9.54440E+03    8.05208E+03    1.10367E+04
 1.65730E-01    9.56321E+03    8.06795E+03    1.10585E+04
 1.74220E-01    9.58611E+03    8.08727E+03    1.10850E+04
 1.83160E-01    9.61052E+03    8.10787E+03    1.11132E+04
 1.92550E-01    9.63472E+03    8.12828E+03    1.11412E+04
 2.02420E-01    9.62513E+03    8.34050E+03    1.09098E+04
 2.12800E-01    9.60001E+03    8.31874E+03    1.08813E+04
 2.23710E-01    9.57361E+03    8.29586E+03    1.08514E+04
 2.35180E-01    9.54585E+03    8.27181E+03    1.08199E+04
 2.47240E-01    9.50133E+03    8.23323E+03    1.07694E+04
 2.73240E-01    9.45375E+03    8.19200E+03    1.07155E+04
 2.87250E-01    9.42854E+03    8.17015E+03    1.06869E+04
 2.94520E-01    9.41677E+03    8.15995E+03    1.06736E+04
 2.97200E-01    9.41207E+03    8.15588E+03    1.06683E+04
 2.98500E-01    9.40645E+03    8.15101E+03    1.06619E+04
 3.01970E-01    9.34152E+03    8.09475E+03    1.05883E+04
 3.33730E-01    9.20349E+03    7.97514E+03    1.04318E+04
 3.68830E-01    9.09090E+03    7.87757E+03    1.03042E+04
 3.87740E-01    9.01068E+03    7.80807E+03    1.02133E+04
 4.07620E-01    8.87751E+03    7.69267E+03    1.00624E+04
 4.50490E-01    8.67528E+03    7.51742E+03    9.83313E+03
 4.97870E-01    8.51014E+03    7.37433E+03    9.64596E+03
 5.23400E-01    8.39251E+03    7.27240E+03    9.51262E+03
 5.50230E-01    8.26885E+03    7.16525E+03    9.37246E+03
 5.78440E-01    8.13884E+03    7.05258E+03    9.22510E+03
 6.08100E-01    8.00395E+03    6.97292E+03    9.03499E+03
 6.39280E-01    7.87062E+03    6.85675E+03    8.88448E+03
 6.72060E-01    7.73154E+03    6.73559E+03    8.72749E+03
 7.06510E-01    7.58791E+03    6.61047E+03    8.56536E+03
 7.42740E-01    7.44678E+03    6.48752E+03    8.40605E+03
 7.80820E-01    7.29940E+03    6.35912E+03    8.23968E+03
 8.20850E-01    7.15162E+03    6.23038E+03    8.07286E+03
 8.62940E-01    7.00498E+03    6.10263E+03    7.90734E+03
 9.07180E-01    6.84155E+03    5.96025E+03    7.72285E+03
 9.61640E-01    6.69408E+03    5.83177E+03    7.55638E+03
 1.00260E+00    6.48968E+03    5.66742E+03    7.31195E+03
 1.10800E+00    6.27381E+03    5.47890E+03    7.06873E+03
 1.16480E+00    6.12116E+03    5.34558E+03    6.89673E+03
 1.22460E+00    5.98240E+03    5.22441E+03    6.74040E+03
 1.28730E+00    5.84509E+03    5.10450E+03    6.58569E+03
 1.35340E+00    5.69515E+03    4.97355E+03    6.41675E+03
 1.42270E+00    5.45879E+03    4.76714E+03    6.15044E+03
 1.49570E+00    5.25694E+03    4.59087E+03    5.92302E+03
 1.57240E+00    5.29832E+03    4.62700E+03    5.96963E+03
 1.65300E+00    5.19647E+03    4.53806E+03    5.85489E+03
 1.73770E+00    5.07513E+03    4.43209E+03    5.71816E+03
 1.82680E+00    4.96267E+03    4.58509E+03    5.34026E+03
 1.92050E+00    4.85051E+03    4.48146E+03    5.21956E+03
 2.01900E+00    4.74457E+03    4.38358E+03    5.10556E+03
 2.12250E+00    4.63610E+03    4.28336E+03    4.98884E+03
 2.23130E+00    4.51224E+03    4.16892E+03    4.85555E+03
 2.30690E+00    4.45203E+03    4.11329E+03    4.79076E+03
 2.34570E+00    4.44862E+03    4.11015E+03    4.78709E+03
 2.36530E+00    4.44633E+03    4.10803E+03    4.78463E+03
 2.38520E+00    4.41819E+03    4.08203E+03    4.75435E+03
 2.46600E+00    4.32655E+03    3.99736E+03    4.65573E+03
 2.59240E+00    4.22741E+03    3.90577E+03    4.54906E+03
 2.72530E+00    4.14502E+03    3.96310E+03    4.32694E+03
 2.86500E+00    4.03648E+03    3.85933E+03    4.21364E+03
 3.01190E+00    3.96754E+03    3.79341E+03    4.14166E+03
 3.16640E+00    3.92692E+03    3.75458E+03    4.09927E+03
 3.32870E+00    3.82551E+03    3.65762E+03    3.99341E+03
 3.67880E+00    3.71759E+03    3.55443E+03    3.88075E+03
 4.06570E+00    3.68353E+03    3.52186E+03    3.84519E+03
 4.49330E+00    3.67027E+03    3.50919E+03    3.83135E+03
 4.72370E+00    3.67959E+03    3.54870E+03    3.81049E+03
 4.96590E+00    3.69945E+03    3.56785E+03    3.83105E+03
 5.22050E+00    3.72979E+03    3.59711E+03    3.86247E+03
 5.48810E+00    3.77007E+03    3.63596E+03    3.90419E+03
 5.76950E+00    3.81679E+03    3.68102E+03    3.95257E+03
 6.06530E+00    3.86591E+03    3.72838E+03    4.00343E+03
 6.37630E+00    3.90869E+03    3.76965E+03    4.04774E+03
 6.59240E+00    3.93523E+03    3.79524E+03    4.07522E+03
 6.70320E+00    3.97182E+03    3.85757E+03    4.08606E+03
 7.04690E+00    4.02387E+03    3.90812E+03    4.13961E+03
 7.40820E+00    4.06983E+03    3.95276E+03    4.18689E+03
 7.78800E+00    4.11215E+03    3.99387E+03    4.23043E+03
 8.18730E+00    4.14554E+03    4.02630E+03    4.26478E+03
 8.60710E+00    4.17319E+03    4.05315E+03    4.29322E+03
 9.04840E+00    4.19293E+03    4.01504E+03    4.37082E+03
 9.51230E+00    4.20370E+03    4.02535E+03    4.38204E+03
 1.00000E+01    4.20610E+03    4.02766E+03    4.38455E+03
 1.05130E+01    4.19704E+03    4.01898E+03    4.37511E+03
 1.10520E+01    4.17795E+03    4.00070E+03    4.35520E+03
 1.16180E+01    4.14871E+03    3.97270E+03    4.32472E+03
 1.22140E+01    4.09861E+03    3.92473E+03    4.27250E+03
 1.28400E+01    4.03489E+03    3.86371E+03    4.20607E+03
 1.34990E+01    3.98723E+03    3.72218E+03    4.25228E+03
 1.38400E+01    3.95342E+03    3.69062E+03    4.21622E+03
 1.41910E+01    3.91790E+03    3.65746E+03    4.17835E+03
 1.45500E+01    3.88231E+03    3.62424E+03    4.14038E+03
 1.49180E+01    3.82740E+03    3.57297E+03    4.08182E+03
 1.56830E+01    3.74900E+03    3.49979E+03    3.99821E+03
 1.64870E+01    3.66589E+03    3.41728E+03    3.91450E+03
