# n + Mo 92 : (n,np)    
# tendl.2019 A.J. Koning and D. Rochman        EVAL-NOV19
# uncertainties: y
# # energies =    31
#   E(MeV)       xs(mb)       xslow(mb)      xsupp(mb)
 7.54141E+00    0.00000E+00    0.00000E+00    0.00000E+00
 8.00000E+00    9.44530E-14    1.59749E-15    1.87309E-13
 8.50000E+00    3.94017E-06    6.66403E-08    7.81370E-06
 9.00000E+00    1.30322E-02    1.06537E-02    1.54107E-02
 9.50000E+00    1.15840E+00    9.46979E-01    1.36982E+00
 1.00000E+01    1.73759E+01    1.42046E+01    2.05472E+01
 1.05000E+01    8.46716E+01    6.92181E+01    1.00125E+02
 1.10000E+01    2.14536E+02    1.75381E+02    2.53691E+02
 1.15000E+01    3.77909E+02    3.08936E+02    4.46882E+02
 1.20000E+01    5.43013E+02    4.43907E+02    6.42119E+02
 1.25000E+01    6.92069E+02    5.65759E+02    8.18379E+02
 1.30000E+01    8.11350E+02    7.14844E+02    9.07856E+02
 1.35000E+01    8.58674E+02    7.56539E+02    9.60809E+02
 1.40000E+01    8.78887E+02    7.74348E+02    9.83426E+02
 1.45000E+01    8.85588E+02    7.80252E+02    9.90924E+02
 1.50000E+01    8.82615E+02    7.77633E+02    9.87597E+02
 1.60000E+01    8.56050E+02    7.66162E+02    9.45938E+02
 1.70000E+01    8.44017E+02    7.55392E+02    9.32642E+02
 1.80000E+01    8.35817E+02    7.48053E+02    9.23581E+02
 1.90000E+01    8.23292E+02    7.36844E+02    9.09740E+02
 2.00000E+01    8.06709E+02    7.37706E+02    8.75712E+02
 2.10000E+01    7.87753E+02    7.20372E+02    8.55134E+02
 2.20000E+01    7.62398E+02    6.97186E+02    8.27611E+02
 2.30000E+01    7.38734E+02    6.75546E+02    8.01922E+02
 2.40000E+01    7.10694E+02    6.09494E+02    8.11894E+02
 2.50000E+01    6.77974E+02    5.81433E+02    7.74515E+02
 2.60000E+01    6.37991E+02    5.47144E+02    7.28839E+02
 2.70000E+01    5.95781E+02    5.10944E+02    6.80618E+02
 2.80000E+01    5.52552E+02    4.73871E+02    6.31233E+02
 2.90000E+01    5.11335E+02    4.38523E+02    5.84147E+02
 3.00000E+01    4.75289E+02    4.07610E+02    5.42968E+02
