# n + Pm145 : (n,p)     
# tendl.2019 A.J. Koning and D. Rochman        EVAL-NOV19
# uncertainties: y
# # energies =   633
#   E(MeV)       xs(mb)       xslow(mb)      xsupp(mb)
 1.00000E-11    4.26940E-09    4.26940E-09    4.26940E-09
 1.03005E-11    4.20670E-09    4.20670E-09    4.20670E-09
 1.06099E-11    4.14490E-09    4.14490E-09    4.14490E-09
 1.09287E-11    4.08400E-09    4.08400E-09    4.08400E-09
 1.12571E-11    4.02400E-09    4.02400E-09    4.02400E-09
 1.15953E-11    3.96480E-09    3.96480E-09    3.96480E-09
 1.19437E-11    3.90660E-09    3.90660E-09    3.90660E-09
 1.23026E-11    3.84920E-09    3.84920E-09    3.84920E-09
 1.26722E-11    3.79260E-09    3.79260E-09    3.79260E-09
 1.30530E-11    3.73690E-09    3.73690E-09    3.73690E-09
 1.34452E-11    3.68200E-09    3.68200E-09    3.68200E-09
 1.38491E-11    3.62790E-09    3.62790E-09    3.62790E-09
 1.42652E-11    3.57460E-09    3.57460E-09    3.57460E-09
 1.46938E-11    3.52210E-09    3.52210E-09    3.52210E-09
 1.51353E-11    3.47030E-09    3.47030E-09    3.47030E-09
 1.55901E-11    3.41930E-09    3.41930E-09    3.41930E-09
 1.60585E-11    3.36910E-09    3.36910E-09    3.36910E-09
 1.65410E-11    3.31960E-09    3.31960E-09    3.31960E-09
 1.70380E-11    3.27080E-09    3.27080E-09    3.27080E-09
 1.75499E-11    3.22280E-09    3.22280E-09    3.22280E-09
 1.80772E-11    3.17540E-09    3.17540E-09    3.17540E-09
 1.86203E-11    3.12880E-09    3.12880E-09    3.12880E-09
 1.91798E-11    3.08280E-09    3.08280E-09    3.08280E-09
 1.97561E-11    3.03750E-09    3.03750E-09    3.03750E-09
 2.03497E-11    2.99290E-09    2.99290E-09    2.99290E-09
 2.09611E-11    2.94890E-09    2.94890E-09    2.94890E-09
 2.15909E-11    2.90560E-09    2.90560E-09    2.90560E-09
 2.22396E-11    2.86290E-09    2.86290E-09    2.86290E-09
 2.29078E-11    2.82080E-09    2.82080E-09    2.82080E-09
 2.35961E-11    2.77940E-09    2.77940E-09    2.77940E-09
 2.43051E-11    2.73850E-09    2.73850E-09    2.73850E-09
 2.50353E-11    2.69830E-09    2.69830E-09    2.69830E-09
 2.57875E-11    2.65870E-09    2.65870E-09    2.65870E-09
 2.65623E-11    2.61960E-09    2.61960E-09    2.61960E-09
 2.73604E-11    2.58110E-09    2.58110E-09    2.58110E-09
 2.81825E-11    2.54320E-09    2.54320E-09    2.54320E-09
 2.90293E-11    2.50580E-09    2.50580E-09    2.50580E-09
 2.99015E-11    2.46900E-09    2.46900E-09    2.46900E-09
 3.07999E-11    2.43270E-09    2.43270E-09    2.43270E-09
 3.17253E-11    2.39700E-09    2.39700E-09    2.39700E-09
 3.26785E-11    2.36180E-09    2.36180E-09    2.36180E-09
 3.36604E-11    2.32710E-09    2.32710E-09    2.32710E-09
 3.46717E-11    2.29290E-09    2.29290E-09    2.29290E-09
 3.57135E-11    2.25920E-09    2.25920E-09    2.25920E-09
 3.67865E-11    2.22600E-09    2.22600E-09    2.22600E-09
 3.78918E-11    2.19330E-09    2.19330E-09    2.19330E-09
 3.90303E-11    2.16110E-09    2.16110E-09    2.16110E-09
 4.02030E-11    2.12930E-09    2.12930E-09    2.12930E-09
 4.14109E-11    2.09800E-09    2.09800E-09    2.09800E-09
 4.26551E-11    2.06720E-09    2.06720E-09    2.06720E-09
 4.39367E-11    2.03680E-09    2.03680E-09    2.03680E-09
 4.52569E-11    2.00690E-09    2.00690E-09    2.00690E-09
 4.66166E-11    1.97740E-09    1.97740E-09    1.97740E-09
 4.80173E-11    1.94840E-09    1.94840E-09    1.94840E-09
 4.94600E-11    1.91970E-09    1.91970E-09    1.91970E-09
 5.09461E-11    1.89150E-09    1.89150E-09    1.89150E-09
 5.24768E-11    1.86370E-09    1.86370E-09    1.86370E-09
 5.40535E-11    1.83630E-09    1.83630E-09    1.83630E-09
 5.56776E-11    1.80940E-09    1.80940E-09    1.80940E-09
 5.73505E-11    1.78280E-09    1.78280E-09    1.78280E-09
 5.90736E-11    1.75660E-09    1.75660E-09    1.75660E-09
 6.08485E-11    1.73080E-09    1.73080E-09    1.73080E-09
 6.26768E-11    1.70540E-09    1.70540E-09    1.70540E-09
 6.45599E-11    1.68030E-09    1.68030E-09    1.68030E-09
 6.64997E-11    1.65560E-09    1.65560E-09    1.65560E-09
 6.84977E-11    1.63130E-09    1.63130E-09    1.63130E-09
 7.05558E-11    1.60730E-09    1.60730E-09    1.60730E-09
 7.26757E-11    1.58370E-09    1.58370E-09    1.58370E-09
 7.48593E-11    1.56040E-09    1.56040E-09    1.56040E-09
 7.71085E-11    1.53750E-09    1.53750E-09    1.53750E-09
 7.94253E-11    1.51490E-09    1.51490E-09    1.51490E-09
 8.18117E-11    1.49270E-09    1.49270E-09    1.49270E-09
 8.42698E-11    1.47070E-09    1.47070E-09    1.47070E-09
 8.68018E-11    1.44910E-09    1.44910E-09    1.44910E-09
 8.94098E-11    1.42780E-09    1.42780E-09    1.42780E-09
 9.20962E-11    1.40680E-09    1.40680E-09    1.40680E-09
 9.48633E-11    1.38620E-09    1.38620E-09    1.38620E-09
 9.77136E-11    1.36580E-09    1.36580E-09    1.36580E-09
 1.00649E-10    1.34570E-09    1.34570E-09    1.34570E-09
 1.03674E-10    1.32600E-09    1.32600E-09    1.32600E-09
 1.06789E-10    1.30650E-09    1.30650E-09    1.30650E-09
 1.09997E-10    1.28730E-09    1.28730E-09    1.28730E-09
 1.13302E-10    1.26840E-09    1.26840E-09    1.26840E-09
 1.16706E-10    1.24970E-09    1.24970E-09    1.24970E-09
 1.20213E-10    1.23140E-09    1.23140E-09    1.23140E-09
 1.23825E-10    1.21330E-09    1.21330E-09    1.21330E-09
 1.27545E-10    1.19550E-09    1.19550E-09    1.19550E-09
 1.31377E-10    1.17790E-09    1.17790E-09    1.17790E-09
 1.35325E-10    1.16060E-09    1.16060E-09    1.16060E-09
 1.39391E-10    1.14350E-09    1.14350E-09    1.14350E-09
 1.43579E-10    1.12670E-09    1.12670E-09    1.12670E-09
 1.47893E-10    1.11020E-09    1.11020E-09    1.11020E-09
 1.52336E-10    1.09390E-09    1.09390E-09    1.09390E-09
 1.56913E-10    1.07780E-09    1.07780E-09    1.07780E-09
 1.61628E-10    1.06200E-09    1.06200E-09    1.06200E-09
 1.66484E-10    1.04640E-09    1.04640E-09    1.04640E-09
 1.71486E-10    1.03100E-09    1.03100E-09    1.03100E-09
 1.76639E-10    1.01580E-09    1.01580E-09    1.01580E-09
 1.81946E-10    1.00090E-09    1.00090E-09    1.00090E-09
 1.87413E-10    9.86210E-10    9.86210E-10    9.86210E-10
 1.93044E-10    9.71720E-10    9.71720E-10    9.71720E-10
 1.98844E-10    9.57440E-10    9.57440E-10    9.57440E-10
 2.04818E-10    9.43370E-10    9.43370E-10    9.43370E-10
 2.10972E-10    9.29510E-10    9.29510E-10    9.29510E-10
 2.17311E-10    9.15850E-10    9.15850E-10    9.15850E-10
 2.23840E-10    9.02400E-10    9.02400E-10    9.02400E-10
 2.30566E-10    8.89140E-10    8.89140E-10    8.89140E-10
 2.37493E-10    8.76070E-10    8.76070E-10    8.76070E-10
 2.44629E-10    8.63200E-10    8.63200E-10    8.63200E-10
 2.51979E-10    8.50520E-10    8.50520E-10    8.50520E-10
 2.59550E-10    8.38020E-10    8.38020E-10    8.38020E-10
 2.67349E-10    8.25710E-10    8.25710E-10    8.25710E-10
 2.75381E-10    8.13580E-10    8.13580E-10    8.13580E-10
 2.83655E-10    8.01630E-10    8.01630E-10    8.01630E-10
 2.92178E-10    7.89850E-10    7.89850E-10    7.89850E-10
 3.00957E-10    7.78240E-10    7.78240E-10    7.78240E-10
 3.09999E-10    7.66810E-10    7.66810E-10    7.66810E-10
 3.19313E-10    7.55540E-10    7.55540E-10    7.55540E-10
 3.28907E-10    7.44440E-10    7.44440E-10    7.44440E-10
 3.38790E-10    7.33500E-10    7.33500E-10    7.33500E-10
 3.48969E-10    7.22730E-10    7.22730E-10    7.22730E-10
 3.59454E-10    7.12110E-10    7.12110E-10    7.12110E-10
 3.70254E-10    7.01640E-10    7.01640E-10    7.01640E-10
 3.81379E-10    6.91330E-10    6.91330E-10    6.91330E-10
 3.92838E-10    6.81180E-10    6.81180E-10    6.81180E-10
 4.04641E-10    6.71170E-10    6.71170E-10    6.71170E-10
 4.16798E-10    6.61310E-10    6.61310E-10    6.61310E-10
 4.29321E-10    6.51590E-10    6.51590E-10    6.51590E-10
 4.42221E-10    6.42020E-10    6.42020E-10    6.42020E-10
 4.55508E-10    6.32580E-10    6.32580E-10    6.32580E-10
 4.69194E-10    6.23290E-10    6.23290E-10    6.23290E-10
 4.83291E-10    6.14130E-10    6.14130E-10    6.14130E-10
 4.97812E-10    6.05110E-10    6.05110E-10    6.05110E-10
 5.12769E-10    5.96220E-10    5.96220E-10    5.96220E-10
 5.28176E-10    5.87460E-10    5.87460E-10    5.87460E-10
 5.44045E-10    5.78830E-10    5.78830E-10    5.78830E-10
 5.60392E-10    5.70320E-10    5.70320E-10    5.70320E-10
 5.77229E-10    5.61940E-10    5.61940E-10    5.61940E-10
 5.94572E-10    5.53690E-10    5.53690E-10    5.53690E-10
 6.12437E-10    5.45550E-10    5.45550E-10    5.45550E-10
 6.30838E-10    5.37540E-10    5.37540E-10    5.37540E-10
 6.49792E-10    5.29640E-10    5.29640E-10    5.29640E-10
 6.69316E-10    5.21860E-10    5.21860E-10    5.21860E-10
 6.89426E-10    5.14190E-10    5.14190E-10    5.14190E-10
 7.10140E-10    5.06630E-10    5.06630E-10    5.06630E-10
 7.31477E-10    4.99190E-10    4.99190E-10    4.99190E-10
 7.53455E-10    4.91860E-10    4.91860E-10    4.91860E-10
 7.76093E-10    4.84630E-10    4.84630E-10    4.84630E-10
 7.99411E-10    4.77510E-10    4.77510E-10    4.77510E-10
 8.23430E-10    4.70490E-10    4.70490E-10    4.70490E-10
 8.48171E-10    4.63580E-10    4.63580E-10    4.63580E-10
 8.73655E-10    4.56770E-10    4.56770E-10    4.56770E-10
 8.99905E-10    4.50060E-10    4.50060E-10    4.50060E-10
 9.26943E-10    4.43450E-10    4.43450E-10    4.43450E-10
 9.54794E-10    4.36930E-10    4.36930E-10    4.36930E-10
 9.83482E-10    4.30510E-10    4.30510E-10    4.30510E-10
 1.01303E-09    4.24180E-10    4.24180E-10    4.24180E-10
 1.04347E-09    4.17950E-10    4.17950E-10    4.17950E-10
 1.07482E-09    4.11810E-10    4.11810E-10    4.11810E-10
 1.10711E-09    4.05760E-10    4.05760E-10    4.05760E-10
 1.14038E-09    3.99800E-10    3.99800E-10    3.99800E-10
 1.17464E-09    3.93930E-10    3.93930E-10    3.93930E-10
 1.20994E-09    3.88140E-10    3.88140E-10    3.88140E-10
 1.24629E-09    3.82430E-10    3.82430E-10    3.82430E-10
 1.28373E-09    3.76820E-10    3.76820E-10    3.76820E-10
 1.32231E-09    3.71280E-10    3.71280E-10    3.71280E-10
 1.36204E-09    3.65820E-10    3.65820E-10    3.65820E-10
 1.40296E-09    3.60450E-10    3.60450E-10    3.60450E-10
 1.44511E-09    3.55150E-10    3.55150E-10    3.55150E-10
 1.48853E-09    3.49930E-10    3.49930E-10    3.49930E-10
 1.53326E-09    3.44790E-10    3.44790E-10    3.44790E-10
 1.57932E-09    3.39730E-10    3.39730E-10    3.39730E-10
 1.62678E-09    3.34740E-10    3.34740E-10    3.34740E-10
 1.67565E-09    3.29820E-10    3.29820E-10    3.29820E-10
 1.72600E-09    3.24970E-10    3.24970E-10    3.24970E-10
 1.77786E-09    3.20200E-10    3.20200E-10    3.20200E-10
 1.83128E-09    3.15490E-10    3.15490E-10    3.15490E-10
 1.88630E-09    3.10860E-10    3.10860E-10    3.10860E-10
 1.94297E-09    3.06290E-10    3.06290E-10    3.06290E-10
 2.00135E-09    3.01790E-10    3.01790E-10    3.01790E-10
 2.06148E-09    2.97350E-10    2.97350E-10    2.97350E-10
 2.12342E-09    2.92990E-10    2.92990E-10    2.92990E-10
 2.18722E-09    2.88680E-10    2.88680E-10    2.88680E-10
 2.25294E-09    2.84440E-10    2.84440E-10    2.84440E-10
 2.32063E-09    2.80260E-10    2.80260E-10    2.80260E-10
 2.39036E-09    2.76140E-10    2.76140E-10    2.76140E-10
 2.46218E-09    2.72080E-10    2.72080E-10    2.72080E-10
 2.53616E-09    2.68090E-10    2.68090E-10    2.68090E-10
 2.61236E-09    2.64150E-10    2.64150E-10    2.64150E-10
 2.69085E-09    2.60270E-10    2.60270E-10    2.60270E-10
 2.77170E-09    2.56440E-10    2.56440E-10    2.56440E-10
 2.85497E-09    2.52670E-10    2.52670E-10    2.52670E-10
 2.94075E-09    2.48960E-10    2.48960E-10    2.48960E-10
 3.02911E-09    2.45300E-10    2.45300E-10    2.45300E-10
 3.12012E-09    2.41700E-10    2.41700E-10    2.41700E-10
 3.21387E-09    2.38150E-10    2.38150E-10    2.38150E-10
 3.31043E-09    2.34650E-10    2.34650E-10    2.34650E-10
 3.40990E-09    2.31200E-10    2.31200E-10    2.31200E-10
 3.51235E-09    2.27810E-10    2.27810E-10    2.27810E-10
 3.61788E-09    2.24460E-10    2.24460E-10    2.24460E-10
 3.72659E-09    2.21160E-10    2.21160E-10    2.21160E-10
 3.83856E-09    2.17920E-10    2.17920E-10    2.17920E-10
 3.95389E-09    2.14720E-10    2.14720E-10    2.14720E-10
 4.07269E-09    2.11560E-10    2.11560E-10    2.11560E-10
 4.19505E-09    2.08460E-10    2.08460E-10    2.08460E-10
 4.32110E-09    2.05400E-10    2.05400E-10    2.05400E-10
 4.45093E-09    2.02380E-10    2.02380E-10    2.02380E-10
 4.58466E-09    1.99410E-10    1.99410E-10    1.99410E-10
 4.72241E-09    1.96490E-10    1.96490E-10    1.96490E-10
 4.86430E-09    1.93610E-10    1.93610E-10    1.93610E-10
 5.01045E-09    1.90770E-10    1.90770E-10    1.90770E-10
 5.16099E-09    1.87970E-10    1.87970E-10    1.87970E-10
 5.31606E-09    1.85220E-10    1.85220E-10    1.85220E-10
 5.47579E-09    1.82510E-10    1.82510E-10    1.82510E-10
 5.64031E-09    1.79840E-10    1.79840E-10    1.79840E-10
 5.80978E-09    1.77210E-10    1.77210E-10    1.77210E-10
 5.98434E-09    1.74620E-10    1.74620E-10    1.74620E-10
 6.16414E-09    1.72070E-10    1.72070E-10    1.72070E-10
 6.34935E-09    1.69560E-10    1.69560E-10    1.69560E-10
 6.54012E-09    1.67080E-10    1.67080E-10    1.67080E-10
 6.73663E-09    1.64640E-10    1.64640E-10    1.64640E-10
 6.93903E-09    1.62240E-10    1.62240E-10    1.62240E-10
 7.14752E-09    1.59870E-10    1.59870E-10    1.59870E-10
 7.36228E-09    1.57540E-10    1.57540E-10    1.57540E-10
 7.58348E-09    1.55240E-10    1.55240E-10    1.55240E-10
 7.81133E-09    1.52970E-10    1.52970E-10    1.52970E-10
 8.04603E-09    1.50730E-10    1.50730E-10    1.50730E-10
 8.28778E-09    1.48530E-10    1.48530E-10    1.48530E-10
 8.53679E-09    1.46360E-10    1.46360E-10    1.46360E-10
 8.79329E-09    1.44210E-10    1.44210E-10    1.44210E-10
 9.05749E-09    1.42100E-10    1.42100E-10    1.42100E-10
 9.32963E-09    1.40020E-10    1.40020E-10    1.40020E-10
 9.60995E-09    1.37970E-10    1.37970E-10    1.37970E-10
 9.89869E-09    1.35940E-10    1.35940E-10    1.35940E-10
 1.01961E-08    1.33950E-10    1.33950E-10    1.33950E-10
 1.05025E-08    1.31980E-10    1.31980E-10    1.31980E-10
 1.08180E-08    1.30050E-10    1.30050E-10    1.30050E-10
 1.11430E-08    1.28140E-10    1.28140E-10    1.28140E-10
 1.14778E-08    1.26250E-10    1.26250E-10    1.26250E-10
 1.18227E-08    1.24400E-10    1.24400E-10    1.24400E-10
 1.21779E-08    1.22570E-10    1.22570E-10    1.22570E-10
 1.25438E-08    1.20770E-10    1.20770E-10    1.20770E-10
 1.29207E-08    1.19000E-10    1.19000E-10    1.19000E-10
 1.33089E-08    1.17250E-10    1.17250E-10    1.17250E-10
 1.37088E-08    1.15530E-10    1.15530E-10    1.15530E-10
 1.41207E-08    1.13830E-10    1.13830E-10    1.13830E-10
 1.45450E-08    1.12160E-10    1.12160E-10    1.12160E-10
 1.49820E-08    1.10510E-10    1.10510E-10    1.10510E-10
 1.54321E-08    1.08890E-10    1.08890E-10    1.08890E-10
 1.58958E-08    1.07300E-10    1.07300E-10    1.07300E-10
 1.63734E-08    1.05730E-10    1.05730E-10    1.05730E-10
 1.68654E-08    1.04190E-10    1.04190E-10    1.04190E-10
 1.73721E-08    1.02670E-10    1.02670E-10    1.02670E-10
 1.78941E-08    1.01180E-10    1.01180E-10    1.01180E-10
 1.84317E-08    9.97090E-11    9.97090E-11    9.97090E-11
 1.89855E-08    9.82650E-11    9.82650E-11    9.82650E-11
 1.95559E-08    9.68420E-11    9.68420E-11    9.68420E-11
 2.01435E-08    9.54390E-11    9.54390E-11    9.54390E-11
 2.08367E-08    9.38550E-11    9.38550E-11    9.38550E-11
 2.15537E-08    9.22890E-11    9.22890E-11    9.22890E-11
 2.22954E-08    9.07390E-11    9.07390E-11    9.07390E-11
 2.30626E-08    8.92040E-11    8.92040E-11    8.92040E-11
 2.38562E-08    8.76850E-11    8.76850E-11    8.76850E-11
 2.45730E-08    8.63720E-11    8.63720E-11    8.63720E-11
 2.52045E-08    8.52610E-11    8.52610E-11    8.52610E-11
 2.53000E-08    8.50960E-11    8.50960E-11    8.50960E-11
 2.60602E-08    8.38230E-11    8.38230E-11    8.38230E-11
 2.68432E-08    8.25730E-11    8.25730E-11    8.25730E-11
 2.76497E-08    8.13460E-11    8.13460E-11    8.13460E-11
 2.84804E-08    8.01440E-11    8.01440E-11    8.01440E-11
 2.93362E-08    7.89630E-11    7.89630E-11    7.89630E-11
 3.02176E-08    7.78030E-11    7.78030E-11    7.78030E-11
 3.11255E-08    7.66610E-11    7.66610E-11    7.66610E-11
 3.20607E-08    7.55370E-11    7.55370E-11    7.55370E-11
 3.30240E-08    7.44280E-11    7.44280E-11    7.44280E-11
 3.40162E-08    7.33360E-11    7.33360E-11    7.33360E-11
 3.50383E-08    7.22590E-11    7.22590E-11    7.22590E-11
 3.60910E-08    7.11980E-11    7.11980E-11    7.11980E-11
 3.71754E-08    7.01520E-11    7.01520E-11    7.01520E-11
 3.82924E-08    6.91210E-11    6.91210E-11    6.91210E-11
 3.94429E-08    6.81060E-11    6.81060E-11    6.81060E-11
 4.06280E-08    6.71050E-11    6.71050E-11    6.71050E-11
 4.18487E-08    6.61200E-11    6.61200E-11    6.61200E-11
 4.31061E-08    6.51480E-11    6.51480E-11    6.51480E-11
 4.44012E-08    6.41900E-11    6.41900E-11    6.41900E-11
 4.57353E-08    6.32470E-11    6.32470E-11    6.32470E-11
 4.71095E-08    6.23180E-11    6.23180E-11    6.23180E-11
 4.85249E-08    6.14030E-11    6.14030E-11    6.14030E-11
 4.99829E-08    6.05010E-11    6.05010E-11    6.05010E-11
 5.14847E-08    5.96120E-11    5.96120E-11    5.96120E-11
 5.30316E-08    5.87350E-11    5.87350E-11    5.87350E-11
 5.46249E-08    5.78720E-11    5.78720E-11    5.78720E-11
 5.62662E-08    5.70220E-11    5.70220E-11    5.70220E-11
 5.79568E-08    5.61860E-11    5.61860E-11    5.61860E-11
 5.96981E-08    5.53610E-11    5.53610E-11    5.53610E-11
 6.14918E-08    5.45460E-11    5.45460E-11    5.45460E-11
 6.33394E-08    5.37430E-11    5.37430E-11    5.37430E-11
 6.52425E-08    5.29530E-11    5.29530E-11    5.29530E-11
 6.72027E-08    5.21770E-11    5.21770E-11    5.21770E-11
 6.92219E-08    5.14120E-11    5.14120E-11    5.14120E-11
 7.16039E-08    5.05500E-11    5.05500E-11    5.05500E-11
 7.37553E-08    4.98050E-11    4.98050E-11    4.98050E-11
 7.59713E-08    4.90710E-11    4.90710E-11    4.90710E-11
 7.82540E-08    4.83500E-11    4.83500E-11    4.83500E-11
 8.06052E-08    4.76420E-11    4.76420E-11    4.76420E-11
 8.33789E-08    4.68460E-11    4.68460E-11    4.68460E-11
 8.62481E-08    4.60590E-11    4.60590E-11    4.60590E-11
 8.88394E-08    4.53780E-11    4.53780E-11    4.53780E-11
 9.15087E-08    4.47090E-11    4.47090E-11    4.47090E-11
 9.42582E-08    4.40540E-11    4.40540E-11    4.40540E-11
 9.70902E-08    4.34120E-11    4.34120E-11    4.34120E-11
 1.00431E-07    4.26860E-11    4.26860E-11    4.26860E-11
 1.03887E-07    4.19660E-11    4.19660E-11    4.19660E-11
 1.07009E-07    4.13440E-11    4.13440E-11    4.13440E-11
 1.10224E-07    4.07360E-11    4.07360E-11    4.07360E-11
 1.13535E-07    4.01420E-11    4.01420E-11    4.01420E-11
 1.17442E-07    3.94750E-11    3.94750E-11    3.94750E-11
 1.21999E-07    3.87290E-11    3.87290E-11    3.87290E-11
 1.25664E-07    3.81530E-11    3.81530E-11    3.81530E-11
 1.28894E-07    3.76680E-11    3.76680E-11    3.76680E-11
 1.32206E-07    3.71950E-11    3.71950E-11    3.71950E-11
 1.36178E-07    3.66560E-11    3.66560E-11    3.66560E-11
 1.41461E-07    3.59700E-11    3.59700E-11    3.59700E-11
 1.46949E-07    3.52850E-11    3.52850E-11    3.52850E-11
 1.51364E-07    3.47590E-11    3.47590E-11    3.47590E-11
 1.55254E-07    3.43200E-11    3.43200E-11    3.43200E-11
 1.59244E-07    3.38930E-11    3.38930E-11    3.38930E-11
 1.64724E-07    3.33340E-11    3.33340E-11    3.33340E-11
 1.71840E-07    3.26350E-11    3.26350E-11    3.26350E-11
 1.77003E-07    3.21460E-11    3.21460E-11    3.21460E-11
 1.81551E-07    3.17350E-11    3.17350E-11    3.17350E-11
 1.86217E-07    3.13360E-11    3.13360E-11    3.13360E-11
 1.91812E-07    3.08860E-11    3.08860E-11    3.08860E-11
 2.00098E-07    3.02480E-11    3.02480E-11    3.02480E-11
 2.07861E-07    2.96680E-11    2.96680E-11    2.96680E-11
 2.13203E-07    2.92850E-11    2.92850E-11    2.92850E-11
 2.17759E-07    2.89740E-11    2.89740E-11    2.89740E-11
 2.23355E-07    2.86140E-11    2.86140E-11    2.86140E-11
 2.31041E-07    2.81470E-11    2.81470E-11    2.81470E-11
 2.44099E-07    2.73820E-11    2.73820E-11    2.73820E-11
 2.51433E-07    2.69680E-11    2.69680E-11    2.69680E-11
 2.56806E-07    2.66790E-11    2.66790E-11    2.66790E-11
 2.62294E-07    2.64010E-11    2.64010E-11    2.64010E-11
 2.69035E-07    2.60770E-11    2.60770E-11    2.60770E-11
 2.83040E-07    2.54360E-11    2.54360E-11    2.54360E-11
 2.95267E-07    2.48900E-11    2.48900E-11    2.48900E-11
 3.02855E-07    2.45670E-11    2.45670E-11    2.45670E-11
 3.09327E-07    2.43070E-11    2.43070E-11    2.43070E-11
 3.17276E-07    2.40090E-11    2.40090E-11    2.40090E-11
 3.30982E-07    2.35230E-11    2.35230E-11    2.35230E-11
 3.49688E-07    2.28730E-11    2.28730E-11    2.28730E-11
 3.58675E-07    2.25730E-11    2.25730E-11    2.25730E-11
 3.66340E-07    2.23340E-11    2.23340E-11    2.23340E-11
 3.74168E-07    2.21050E-11    2.21050E-11    2.21050E-11
 3.87044E-07    2.17490E-11    2.17490E-11    2.17490E-11
 4.15895E-07    2.09730E-11    2.09730E-11    2.09730E-11
 4.26583E-07    2.06970E-11    2.06970E-11    2.06970E-11
 4.35699E-07    2.04780E-11    2.04780E-11    2.04780E-11
 4.45010E-07    2.02690E-11    2.02690E-11    2.02690E-11
 4.64233E-07    1.98630E-11    1.98630E-11    1.98630E-11
 4.96733E-07    1.91880E-11    1.91880E-11    1.91880E-11
 5.07348E-07    1.89770E-11    1.89770E-11    1.89770E-11
 5.16003E-07    1.88160E-11    1.88160E-11    1.88160E-11
 5.27031E-07    1.86240E-11    1.86240E-11    1.86240E-11
 5.47477E-07    1.82900E-11    1.82900E-11    1.82900E-11
 5.90780E-07    1.75940E-11    1.75940E-11    1.75940E-11
 6.03405E-07    1.74000E-11    1.74000E-11    1.74000E-11
 6.13699E-07    1.72520E-11    1.72520E-11    1.72520E-11
 6.26814E-07    1.70770E-11    1.70770E-11    1.70770E-11
 6.62239E-07    1.66330E-11    1.66330E-11    1.66330E-11
 7.05610E-07    1.60960E-11    1.60960E-11    1.60960E-11
 7.20689E-07    1.59190E-11    1.59190E-11    1.59190E-11
 7.32984E-07    1.57860E-11    1.57860E-11    1.57860E-11
 7.48648E-07    1.56280E-11    1.56280E-11    1.56280E-11
 8.35662E-07    1.47920E-11    1.47920E-11    1.47920E-11
 8.53521E-07    1.46270E-11    1.46270E-11    1.46270E-11
 8.68082E-07    1.45030E-11    1.45030E-11    1.45030E-11
 8.86633E-07    1.43560E-11    1.43560E-11    1.43560E-11
 9.73084E-07    1.37030E-11    1.37030E-11    1.37030E-11
 9.89685E-07    1.35830E-11    1.35830E-11    1.35830E-11
 1.00657E-06    1.34700E-11    1.34700E-11    1.34700E-11
 1.02077E-06    1.33830E-11    1.33830E-11    1.33830E-11
 1.17428E-06    1.25000E-11    1.25000E-11    1.25000E-11
 1.19084E-06    1.24070E-11    1.24070E-11    1.24070E-11
 1.20764E-06    1.23280E-11    1.23280E-11    1.23280E-11
 1.22468E-06    1.23170E-11    1.23170E-11    1.23170E-11
 1.24079E-06    1.24540E-11    1.24540E-11    1.24540E-11
 1.25830E-06    1.28110E-11    1.28110E-11    1.28110E-11
 1.27605E-06    1.33310E-11    1.33310E-11    1.33310E-11
 1.29405E-06    1.39200E-11    1.39200E-11    1.39200E-11
 1.40753E-06    1.77260E-11    1.77260E-11    1.77260E-11
 1.42739E-06    1.84260E-11    1.84260E-11    1.84260E-11
 1.44752E-06    1.92050E-11    1.92050E-11    1.92050E-11
 1.46795E-06    2.00780E-11    2.00780E-11    2.00780E-11
 1.53096E-06    2.29520E-11    2.29520E-11    2.29520E-11
 1.66521E-06    2.91190E-11    2.91190E-11    2.91190E-11
 1.68870E-06    3.02300E-11    3.02300E-11    3.02300E-11
 1.71253E-06    3.14580E-11    3.14580E-11    3.14580E-11
 1.73669E-06    3.28610E-11    3.28610E-11    3.28610E-11
 1.83679E-06    3.92370E-11    3.92370E-11    3.92370E-11
 1.99786E-06    4.95880E-11    4.95880E-11    4.95880E-11
 2.02604E-06    5.15390E-11    5.15390E-11    5.15390E-11
 2.05463E-06    5.37850E-11    5.37850E-11    5.37850E-11
 2.14282E-06    6.15860E-11    6.15860E-11    6.15860E-11
 2.36361E-06    8.13650E-11    8.13650E-11    8.13650E-11
 2.39696E-06    8.44810E-11    8.44810E-11    8.44810E-11
 2.43077E-06    8.80460E-11    8.80460E-11    8.80460E-11
 2.49984E-06    9.64570E-11    9.64570E-11    9.64570E-11
 2.83577E-06    1.38550E-10    1.38550E-10    1.38550E-10
 2.87578E-06    1.44180E-10    1.44180E-10    1.44180E-10
 2.91635E-06    1.50770E-10    1.50770E-10    1.50770E-10
 3.35493E-06    2.27340E-10    2.27340E-10    2.27340E-10
 3.40226E-06    2.36210E-10    2.36210E-10    2.36210E-10
 3.45026E-06    2.46750E-10    2.46750E-10    2.46750E-10
 3.96912E-06    3.73130E-10    3.73130E-10    3.73130E-10
 4.02512E-06    3.87250E-10    3.87250E-10    3.87250E-10
 4.08191E-06    4.03870E-10    4.03870E-10    4.03870E-10
 4.69576E-06    6.12440E-10    6.12440E-10    6.12440E-10
 4.76201E-06    6.35340E-10    6.35340E-10    6.35340E-10
 4.82920E-06    6.62310E-10    6.62310E-10    6.62310E-10
 4.89733E-06    6.95980E-10    6.95980E-10    6.95980E-10
 6.12785E-06    1.33540E-09    1.33540E-09    1.33540E-09
 6.20397E-06    1.36330E-09    1.36330E-09    1.36330E-09
 6.29150E-06    1.36300E-09    1.36300E-09    1.36300E-09
 6.84321E-06    1.28940E-09    1.28940E-09    1.28940E-09
 8.09602E-06    1.15280E-09    1.15280E-09    1.15280E-09
 9.98932E-06    1.00220E-09    1.00220E-09    1.00220E-09
 1.13317E-05    9.15200E-10    9.15200E-10    9.15200E-10
 1.34062E-05    8.11070E-10    8.11070E-10    8.11070E-10
 1.37871E-05    7.95410E-10    7.95410E-10    7.95410E-10
 1.60843E-05    7.10790E-10    7.10790E-10    7.10790E-10
 1.90289E-05    6.29660E-10    6.29660E-10    6.29660E-10
 2.25126E-05    5.57930E-10    5.57930E-10    5.57930E-10
 2.31523E-05    5.47340E-10    5.47340E-10    5.47340E-10
 2.70098E-05    4.89040E-10    4.89040E-10    4.89040E-10
 3.19545E-05    4.33160E-10    4.33160E-10    4.33160E-10
 3.78045E-05    3.83800E-10    3.83800E-10    3.83800E-10
 4.16998E-05    3.59010E-10    3.59010E-10    3.59010E-10
 4.53565E-05    3.36490E-10    3.36490E-10    3.36490E-10
 5.36600E-05    2.97990E-10    2.97990E-10    2.97990E-10
 6.34837E-05    2.64010E-10    2.64010E-10    2.64010E-10
 7.51059E-05    2.33950E-10    2.33950E-10    2.33950E-10
 7.72401E-05    2.29500E-10    2.29500E-10    2.29500E-10
 9.01094E-05    2.05020E-10    2.05020E-10    2.05020E-10
 9.93940E-05    1.91060E-10    1.91060E-10    1.91060E-10
 1.26123E-04    1.58900E-10    1.58900E-10    1.58900E-10
 1.29706E-04    1.55660E-10    1.55660E-10    1.55660E-10
 1.51317E-04    1.37840E-10    1.37840E-10    1.37840E-10
 1.78982E-04    1.20920E-10    1.20920E-10    1.20920E-10
 2.00000E-04    1.10910E-10    1.10910E-10    1.10910E-10
 2.52552E-04    9.21380E-11    9.21380E-11    9.21380E-11
 2.94631E-04    8.18700E-11    8.18700E-11    8.18700E-11
 2.98787E-04    8.07090E-11    8.07090E-11    8.07090E-11
 3.03003E-04    7.99940E-11    7.99940E-11    7.99940E-11
 6.00000E-04    4.58830E-11    4.58830E-11    4.58830E-11
 1.00000E-03    3.02080E-11    3.02080E-11    3.02080E-11
 2.00000E-03    1.71360E-11    1.71360E-11    1.71360E-11
 3.00000E-03    1.23590E-11    1.23590E-11    1.23590E-11
 6.00000E-03    7.23630E-12    7.23630E-12    7.23630E-12
 1.00000E-02    5.05480E-12    5.05480E-12    5.05480E-12
 2.00000E-02    3.39240E-12    3.39240E-12    3.39240E-12
 3.00000E-02    3.14250E-12    3.14250E-12    3.14250E-12
 6.00000E-02    4.50630E-12    4.50630E-12    4.50630E-12
 1.00000E-01    8.32250E-12    8.32250E-12    8.32250E-12
 2.00000E-01    5.85690E-11    1.39551E-12    1.15742E-10
 3.00000E-01    3.92640E-10    9.35537E-12    7.75925E-10
 4.00000E-01    2.25010E-09    5.36128E-11    4.44659E-09
 5.00000E-01    1.05940E-08    2.52422E-10    2.09356E-08
 6.00000E-01    4.29040E-08    2.19788E-08    6.38292E-08
 6.99969E-01    1.39290E-07    7.13553E-08    2.07225E-07
 8.00000E-01    3.68850E-07    1.88954E-07    5.48746E-07
 9.00000E-01    9.27500E-07    4.75139E-07    1.37986E-06
 1.00000E+00    2.28831E-06    6.92813E-07    3.88381E-06
 1.20000E+00    1.28171E-05    3.88053E-06    2.17537E-05
 1.40000E+00    4.70323E-05    1.42396E-05    7.98250E-05
 1.60000E+00    1.35989E-04    4.11723E-05    2.30806E-04
 1.80000E+00    3.39288E-04    7.84009E-05    6.00175E-04
 2.00000E+00    7.51895E-04    1.73744E-04    1.33005E-03
 2.20000E+00    1.50028E-03    3.46677E-04    2.65388E-03
 2.40000E+00    2.72956E-03    6.30732E-04    4.82839E-03
 2.60000E+00    4.58424E-03    1.78500E-03    7.38348E-03
 2.80000E+00    7.18611E-03    2.79811E-03    1.15741E-02
 3.00000E+00    1.06179E-02    4.13437E-03    1.71014E-02
 3.20000E+00    1.52069E-02    5.92122E-03    2.44926E-02
 3.40000E+00    2.05323E-02    7.99481E-03    3.30698E-02
 3.60000E+00    2.55078E-02    9.93216E-03    4.10834E-02
 3.80000E+00    3.28362E-02    1.27857E-02    5.28867E-02
 4.00000E+00    3.98787E-02    1.55279E-02    6.42295E-02
 4.20000E+00    4.78832E-02    1.86446E-02    7.71218E-02
 4.40000E+00    5.48182E-02    2.13450E-02    8.82914E-02
 4.60000E+00    6.43715E-02    5.77968E-03    1.22963E-01
 4.80000E+00    7.70059E-02    6.91407E-03    1.47098E-01
 5.00000E+00    9.02530E-02    8.10348E-03    1.72403E-01
 5.20000E+00    1.06559E-01    9.56754E-03    2.03550E-01
 5.40000E+00    1.17498E-01    1.05497E-02    2.24446E-01
 5.60000E+00    1.40188E-01    1.25870E-02    2.67789E-01
 5.80000E+00    1.71355E-01    1.53853E-02    3.27325E-01
 6.00000E+00    2.03725E-01    1.82917E-02    3.89158E-01
 6.20000E+00    2.42027E-01    2.17307E-02    4.62323E-01
 6.40000E+00    2.72156E-01    2.44359E-02    5.19876E-01
 6.60000E+00    3.26990E-01    0.00000E+00    8.24431E-01
 6.80000E+00    3.84463E-01    0.00000E+00    9.69336E-01
 7.00000E+00    4.75554E-01    0.00000E+00    1.19900E+00
 7.20000E+00    5.59043E-01    0.00000E+00    1.40950E+00
 7.40000E+00    6.38215E-01    0.00000E+00    1.60911E+00
 7.60000E+00    7.41608E-01    0.00000E+00    1.86980E+00
 7.80000E+00    8.66767E-01    0.00000E+00    2.18536E+00
 8.48055E+00    1.44432E+00    0.00000E+00    3.64152E+00
 8.50000E+00    1.46078E+00    0.00000E+00    3.68303E+00
 9.00000E+00    1.98665E+00    0.00000E+00    4.02206E+00
 9.50000E+00    2.62889E+00    0.00000E+00    5.32228E+00
 1.00000E+01    3.39124E+00    0.00000E+00    6.86569E+00
 1.01411E+01    3.64242E+00    0.00000E+00    7.37422E+00
 1.02842E+01    3.89715E+00    0.00000E+00    7.88993E+00
 1.04292E+01    4.15548E+00    0.00000E+00    8.41292E+00
 1.05000E+01    4.28145E+00    0.00000E+00    8.66796E+00
 1.06481E+01    4.58519E+00    0.00000E+00    9.28290E+00
 1.07984E+01    4.89322E+00    0.00000E+00    9.90652E+00
 1.09507E+01    5.20560E+00    0.00000E+00    1.05389E+01
 1.10000E+01    5.30667E+00    0.00000E+00    1.07436E+01
 1.11552E+01    5.66697E+00    0.00000E+00    1.14730E+01
 1.13126E+01    6.03235E+00    0.00000E+00    1.22127E+01
 1.14722E+01    6.40289E+00    0.00000E+00    1.29629E+01
 1.15000E+01    6.46750E+00    0.00000E+00    1.30937E+01
 1.16622E+01    6.87014E+00    0.00000E+00    1.39089E+01
 1.18268E+01    7.27845E+00    0.00000E+00    1.47355E+01
 1.19936E+01    7.69253E+00    0.00000E+00    1.55738E+01
 1.20000E+01    7.70833E+00    0.00000E+00    1.56058E+01
 1.21693E+01    8.18550E+00    0.00000E+00    1.65719E+01
 1.23410E+01    8.66940E+00    0.00000E+00    1.75515E+01
 1.25000E+01    9.11758E+00    0.00000E+00    1.84589E+01
 1.26764E+01    9.64721E+00    0.00000E+00    1.95312E+01
 1.28552E+01    1.01843E+01    0.00000E+00    2.06185E+01
 1.30000E+01    1.06192E+01    2.48028E+00    1.87581E+01
 1.31834E+01    1.11892E+01    2.61342E+00    1.97650E+01
 1.33694E+01    1.17673E+01    2.74843E+00    2.07862E+01
 1.35000E+01    1.21732E+01    2.84324E+00    2.15032E+01
 1.36905E+01    1.27670E+01    2.98193E+00    2.25521E+01
 1.38836E+01    1.33692E+01    3.12259E+00    2.36158E+01
 1.40000E+01    1.37321E+01    3.20734E+00    2.42569E+01
 1.41975E+01    1.43433E+01    3.35010E+00    2.53365E+01
 1.43978E+01    1.49631E+01    3.49486E+00    2.64313E+01
 1.45000E+01    1.52793E+01    3.56872E+00    2.69899E+01
 1.47046E+01    1.58822E+01    3.70954E+00    2.80550E+01
 1.49120E+01    1.64937E+01    3.85236E+00    2.91350E+01
 1.50000E+01    1.67530E+01    3.91292E+00    2.95931E+01
 1.52116E+01    1.73108E+01    4.04319E+00    3.05783E+01
 1.54262E+01    1.78764E+01    4.17530E+00    3.15774E+01
 1.56439E+01    1.84500E+01    4.30928E+00    3.25907E+01
 1.58646E+01    1.90317E+01    4.44514E+00    3.36182E+01
 1.60000E+01    1.93886E+01    4.16293E+00    3.46143E+01
 1.62257E+01    1.98604E+01    4.26424E+00    3.54567E+01
 1.64546E+01    2.03389E+01    4.36698E+00    3.63109E+01
 1.66868E+01    2.08242E+01    4.47117E+00    3.71772E+01
 1.69222E+01    2.13163E+01    4.57683E+00    3.80558E+01
 1.70000E+01    2.14789E+01    4.61174E+00    3.83461E+01
 1.72398E+01    2.18467E+01    4.69072E+00    3.90028E+01
 1.74831E+01    2.22198E+01    4.77081E+00    3.96687E+01
 1.77297E+01    2.25981E+01    4.85204E+00    4.03441E+01
 1.79799E+01    2.29817E+01    4.93441E+00    4.10290E+01
 1.80000E+01    2.30126E+01    4.94104E+00    4.10842E+01
 1.82539E+01    2.34297E+01    5.03059E+00    4.18288E+01
 1.85115E+01    2.38526E+01    5.12141E+00    4.25839E+01
 1.87726E+01    2.42816E+01    5.21351E+00    4.33497E+01
 1.90000E+01    2.46550E+01    5.29368E+00    4.40163E+01
 1.92681E+01    2.47939E+01    5.32351E+00    4.42643E+01
 1.95399E+01    2.49348E+01    5.35375E+00    4.45158E+01
 1.98156E+01    2.50776E+01    5.38442E+00    4.47708E+01
 2.00000E+01    2.51732E+01    6.40837E+00    4.39380E+01
 2.02822E+01    2.52238E+01    6.42125E+00    4.40263E+01
 2.05683E+01    2.52751E+01    6.43431E+00    4.41159E+01
 2.08585E+01    2.53271E+01    6.44756E+00    4.42067E+01
 2.10000E+01    2.53525E+01    6.45402E+00    4.42510E+01
 2.12963E+01    2.54293E+01    6.47356E+00    4.43850E+01
 2.15967E+01    2.55071E+01    6.49338E+00    4.45208E+01
 2.19014E+01    2.55861E+01    6.51347E+00    4.46586E+01
 2.20000E+01    2.56116E+01    6.51998E+00    4.47032E+01
 2.23104E+01    2.56313E+01    6.52499E+00    4.47376E+01
 2.26251E+01    2.56512E+01    6.53007E+00    4.47724E+01
 2.29443E+01    2.56715E+01    6.53522E+00    4.48077E+01
 2.30000E+01    2.56750E+01    6.53612E+00    4.48139E+01
 2.33245E+01    2.56351E+01    6.52596E+00    4.47442E+01
 2.36536E+01    2.55946E+01    6.51565E+00    4.46736E+01
 2.39873E+01    2.55536E+01    6.50520E+00    4.46019E+01
 2.40000E+01    2.55520E+01    6.65829E+00    4.44457E+01
 2.43386E+01    2.54414E+01    6.62947E+00    4.42534E+01
 2.46820E+01    2.53293E+01    6.60025E+00    4.40583E+01
 2.50000E+01    2.52254E+01    6.57318E+00    4.38776E+01
 2.53527E+01    2.50961E+01    6.53949E+00    4.36527E+01
 2.57104E+01    2.49650E+01    6.50532E+00    4.34246E+01
 2.60000E+01    2.48588E+01    6.47765E+00    4.32399E+01
 2.63668E+01    2.46398E+01    6.42059E+00    4.28590E+01
 2.67388E+01    2.44177E+01    6.36272E+00    4.24727E+01
 2.70000E+01    2.42618E+01    6.32209E+00    4.22015E+01
 2.73809E+01    2.40466E+01    6.26602E+00    4.18272E+01
 2.77672E+01    2.38284E+01    6.20915E+00    4.14476E+01
 2.80000E+01    2.36969E+01    6.17489E+00    4.12189E+01
 2.83950E+01    2.34057E+01    6.09900E+00    4.07124E+01
 2.87956E+01    2.31104E+01    6.02205E+00    4.01987E+01
 2.90000E+01    2.29597E+01    5.98279E+00    3.99366E+01
 2.94091E+01    2.26457E+01    5.90098E+00    3.93905E+01
 2.98240E+01    2.23273E+01    5.81801E+00    3.88366E+01
 3.00000E+01    2.21923E+01    5.78282E+00    3.86018E+01
 3.00000E+01    2.21925E+01    5.78288E+00    3.86021E+01
 3.20000E+01    2.07211E+01    5.39946E+00    3.60428E+01
 3.40000E+01    1.91941E+01    5.00156E+00    3.33866E+01
 3.60000E+01    1.77214E+01    4.61781E+00    3.08250E+01
 3.80000E+01    1.65778E+01    4.31981E+00    2.88358E+01
 4.00000E+01    1.52288E+01    3.96829E+00    2.64893E+01
 4.20000E+01    1.42212E+01    3.70573E+00    2.47367E+01
 4.40000E+01    1.30505E+01    3.40067E+00    2.27003E+01
 4.60000E+01    1.19736E+01    3.12006E+00    2.08271E+01
 4.80000E+01    1.11453E+01    2.90422E+00    1.93864E+01
 5.00000E+01    1.02876E+01    2.68072E+00    1.78945E+01
 5.20000E+01    9.52342E+00    2.48159E+00    1.65652E+01
 5.40000E+01    8.88399E+00    2.31497E+00    1.54530E+01
 5.60000E+01    8.31558E+00    2.16686E+00    1.44643E+01
 5.80000E+01    7.75814E+00    2.02160E+00    1.34947E+01
 6.00000E+01    7.26368E+00    1.89275E+00    1.26346E+01
 6.50000E+01    6.19490E+00    1.61425E+00    1.07755E+01
 7.00000E+01    5.39316E+00    1.40534E+00    9.38098E+00
 7.50000E+01    4.71912E+00    1.22970E+00    8.20854E+00
 8.00000E+01    4.19516E+00    1.09317E+00    7.29715E+00
 9.00000E+01    3.40518E+00    8.87315E-01    5.92304E+00
 1.00000E+02    2.83811E+00    7.39549E-01    4.93667E+00
 1.10000E+02    2.42545E+00    6.32019E-01    4.21888E+00
 1.20000E+02    2.01538E+00    5.25163E-01    3.50560E+00
 1.30000E+02    1.70658E+00    4.44697E-01    2.96846E+00
 1.40000E+02    1.46790E+00    3.82502E-01    2.55330E+00
 1.50000E+02    1.27742E+00    3.32867E-01    2.22197E+00
 1.60000E+02    1.12656E+00    2.93557E-01    1.95956E+00
 1.80000E+02    8.81397E-01    2.29673E-01    1.53312E+00
 2.00000E+02    7.16116E-01    1.86604E-01    1.24563E+00
