# n + Ne 21 : (n,a)     
# endfb8.0   A.J. Koning and D. Rochman        EVAL-DEC15
# uncertainties: y
# # energies =   171
#   E(MeV)       xs(mb)       xslow(mb)      xsupp(mb)
 1.00000E-11    9.05383E+00    9.05383E+00    9.05383E+00
 1.62945E-11    7.09270E+00    7.09270E+00    7.09270E+00
 2.07999E-11    6.27771E+00    6.27771E+00    6.27771E+00
 2.65511E-11    5.55637E+00    5.55637E+00    5.55637E+00
 3.38925E-11    4.91791E+00    4.91791E+00    4.91791E+00
 4.32637E-11    4.35282E+00    4.35282E+00    4.35282E+00
 5.52261E-11    3.85266E+00    3.85266E+00    3.85266E+00
 7.04961E-11    3.40996E+00    3.40996E+00    3.40996E+00
 8.99883E-11    3.01814E+00    3.01814E+00    3.01814E+00
 1.14870E-10    2.67134E+00    2.67134E+00    2.67134E+00
 1.46631E-10    2.36439E+00    2.36439E+00    2.36439E+00
 1.87175E-10    2.09271E+00    2.09271E+00    2.09271E+00
 2.38928E-10    1.85225E+00    1.85225E+00    1.85225E+00
 3.04992E-10    1.63941E+00    1.63941E+00    1.63941E+00
 3.89322E-10    1.45104E+00    1.45104E+00    1.45104E+00
 4.96969E-10    1.28430E+00    1.28430E+00    1.28430E+00
 6.34381E-10    1.13673E+00    1.13673E+00    1.13673E+00
 8.09787E-10    1.00611E+00    1.00611E+00    1.00611E+00
 1.03369E-09    8.90506E-01    8.90506E-01    8.90506E-01
 1.31951E-09    7.88182E-01    7.88182E-01    7.88182E-01
 1.68435E-09    6.97616E-01    6.97616E-01    6.97616E-01
 2.15007E-09    6.17456E-01    6.17456E-01    6.17456E-01
 2.74457E-09    5.46507E-01    5.46507E-01    5.46507E-01
 3.50344E-09    4.83710E-01    4.83710E-01    4.83710E-01
 4.47214E-09    4.28129E-01    4.28129E-01    4.28129E-01
 5.70868E-09    3.78935E-01    3.78935E-01    3.78935E-01
 7.28713E-09    3.35393E-01    3.35393E-01    3.35393E-01
 9.30202E-09    2.96855E-01    2.96855E-01    2.96855E-01
 1.18740E-08    2.62744E-01    2.62744E-01    2.62744E-01
 1.51572E-08    2.32554E-01    2.32554E-01    2.32554E-01
 1.93481E-08    2.05832E-01    2.05832E-01    2.05832E-01
 2.53000E-08    1.80000E-01    1.80000E-01    1.80000E-01
 3.15268E-08    1.61247E-01    1.61247E-01    1.61247E-01
 4.02440E-08    1.42719E-01    1.42719E-01    1.42719E-01
 5.13713E-08    1.26320E-01    1.26320E-01    1.26320E-01
 6.55756E-08    1.11805E-01    1.11805E-01    1.11805E-01
 8.37071E-08    9.89581E-02    9.89581E-02    9.89581E-02
 1.06852E-07    8.75873E-02    8.75873E-02    8.75873E-02
 1.36397E-07    7.75230E-02    7.75230E-02    7.75230E-02
 1.74110E-07    6.86152E-02    6.86152E-02    6.86152E-02
 2.22252E-07    6.07309E-02    6.07309E-02    6.07309E-02
 2.83704E-07    5.37526E-02    5.37526E-02    5.37526E-02
 3.62148E-07    4.75761E-02    4.75761E-02    4.75761E-02
 4.62282E-07    4.21094E-02    4.21094E-02    4.21094E-02
 5.90102E-07    3.72708E-02    3.72708E-02    3.72708E-02
 7.53265E-07    3.29881E-02    3.29881E-02    3.29881E-02
 1.00000E-06    2.86307E-02    2.86307E-02    2.86307E-02
 1.22741E-06    2.58427E-02    2.58427E-02    2.58427E-02
 1.56678E-06    2.28732E-02    2.28732E-02    2.28732E-02
 2.00000E-06    2.02450E-02    2.02450E-02    2.02450E-02
 2.55300E-06    1.79187E-02    1.79187E-02    1.79187E-02
 3.25890E-06    1.58598E-02    1.58598E-02    1.58598E-02
 4.15998E-06    1.40374E-02    1.40374E-02    1.40374E-02
 5.31022E-06    1.24244E-02    1.24244E-02    1.24244E-02
 6.77850E-06    1.09968E-02    1.09968E-02    1.09968E-02
 8.65274E-06    9.73320E-03    9.73320E-03    9.73320E-03
 1.00000E-05    9.05383E-03    9.05383E-03    9.05383E-03
 1.40992E-05    7.62491E-03    7.62491E-03    7.62491E-03
 1.79976E-05    6.74877E-03    6.74877E-03    6.74877E-03
 2.29740E-05    5.97330E-03    5.97330E-03    5.97330E-03
 2.93263E-05    5.28693E-03    5.28693E-03    5.28693E-03
 3.74350E-05    4.67944E-03    4.67944E-03    4.67944E-03
 4.77857E-05    4.14174E-03    4.14174E-03    4.14174E-03
 6.09984E-05    3.66584E-03    3.66584E-03    3.66584E-03
 7.78644E-05    3.24461E-03    3.24461E-03    3.24461E-03
 1.00000E-04    2.86307E-03    2.86307E-03    2.86307E-03
 1.26876E-04    2.54180E-03    2.54180E-03    2.54180E-03
 1.61958E-04    2.24974E-03    2.24974E-03    2.24974E-03
 2.00000E-04    2.02450E-03    2.02450E-03    2.02450E-03
 3.00000E-04    1.65300E-03    1.65300E-03    1.65300E-03
 3.36870E-04    1.55992E-03    1.55992E-03    1.55992E-03
 4.30015E-04    1.38067E-03    1.38067E-03    1.38067E-03
 6.00000E-04    1.16884E-03    1.16884E-03    1.16884E-03
 7.00687E-04    1.08161E-03    1.08161E-03    1.08161E-03
 1.00000E-03    9.05383E-04    9.05383E-04    9.05383E-04
 1.14174E-03    8.47324E-04    8.47324E-04    8.47324E-04
 1.45743E-03    7.49962E-04    7.49962E-04    7.49962E-04
 2.00000E-03    6.40202E-04    6.40202E-04    6.40202E-04
 2.37480E-03    5.87514E-04    5.87514E-04    5.87514E-04
 3.00000E-03    5.22723E-04    5.22723E-04    5.22723E-04
 3.86962E-03    4.60254E-04    4.60254E-04    4.60254E-04
 4.93957E-03    4.07369E-04    4.07369E-04    4.07369E-04
 6.00000E-03    3.69621E-04    3.69621E-04    3.69621E-04
 8.04878E-03    3.19130E-04    3.19130E-04    3.19130E-04
 1.00000E-02    2.86307E-04    2.86307E-04    2.86307E-04
 1.31151E-02    2.50004E-04    2.50004E-04    2.50004E-04
 1.57692E-02    2.27996E-04    2.27996E-04    2.27996E-04
 2.00000E-02    3.99294E-04    3.99294E-04    3.99294E-04
 3.00000E-02    1.03864E-03    1.03864E-03    1.03864E-03
 3.48220E-02    1.47600E-03    1.47600E-03    1.47600E-03
 4.44504E-02    2.62456E-03    2.62456E-03    2.62456E-03
 6.00000E-02    5.32367E-03    5.32367E-03    5.32367E-03
 7.88460E-02    1.01369E-02    1.01369E-02    1.01369E-02
 1.00000E-01    1.09598E-02    1.09598E-02    1.09598E-02
 1.18020E-01    1.32373E-02    1.32373E-02    1.32373E-02
 1.50653E-01    1.74830E-02    1.74830E-02    1.74830E-02
 2.00000E-01    2.41456E-02    9.50401E-03    3.87872E-02
 2.45482E-01    3.70921E-02    1.45999E-02    5.95843E-02
 3.00000E-01    5.64641E-02    2.22250E-02    9.07032E-02
 3.47220E-01    8.39100E-02    3.30280E-02    1.34792E-01
 4.00000E-01    1.14588E-01    4.51032E-02    1.84073E-01
 5.00000E-01    2.16531E-01    8.52293E-02    3.47833E-01
 6.00000E-01    3.94156E-01    1.78404E-01    6.09908E-01
 7.00000E-01    6.83428E-01    3.09335E-01    1.05752E+00
 8.00000E-01    1.12923E+00    5.11115E-01    1.74734E+00
 9.00000E-01    1.78395E+00    8.07456E-01    2.76044E+00
 1.00000E+00    2.70522E+00    1.66262E+00    3.74782E+00
 1.20000E+00    5.58005E+00    3.42949E+00    7.73061E+00
 1.40000E+00    1.02160E+01    6.27873E+00    1.41533E+01
 1.60000E+00    1.66212E+01    1.02154E+01    2.30271E+01
 1.80000E+00    2.45539E+01    1.86019E+01    3.05059E+01
 2.00000E+00    3.30757E+01    2.50580E+01    4.10934E+01
 2.20000E+00    4.15002E+01    3.14404E+01    5.15600E+01
 2.40000E+00    4.91893E+01    3.72656E+01    6.11130E+01
 2.60000E+00    5.58713E+01    4.48050E+01    6.69376E+01
 2.80000E+00    6.16781E+01    4.94617E+01    7.38945E+01
 3.00000E+00    6.53886E+01    5.24373E+01    7.83399E+01
 3.20000E+00    6.79250E+01    5.44713E+01    8.13787E+01
 3.40000E+00    7.20026E+01    5.77412E+01    8.62639E+01
 3.60000E+00    7.83223E+01    6.28092E+01    9.38354E+01
 3.80000E+00    8.72133E+01    6.99392E+01    1.04487E+02
 4.00000E+00    9.52805E+01    7.64086E+01    1.14152E+02
 4.20000E+00    1.02291E+02    8.20305E+01    1.22551E+02
 4.40000E+00    1.09165E+02    8.75430E+01    1.30787E+02
 4.60000E+00    1.16053E+02    9.71112E+01    1.34995E+02
 4.80000E+00    1.22221E+02    1.02272E+02    1.42170E+02
 5.00000E+00    1.26682E+02    1.06005E+02    1.47359E+02
 5.20000E+00    1.31048E+02    1.09659E+02    1.52437E+02
 5.40000E+00    1.36987E+02    1.14628E+02    1.59346E+02
 5.60000E+00    1.44709E+02    1.21090E+02    1.68328E+02
 5.80000E+00    1.52595E+02    1.27689E+02    1.77501E+02
 6.00000E+00    1.59832E+02    1.33745E+02    1.85919E+02
 6.20000E+00    1.65057E+02    1.38117E+02    1.91997E+02
 6.40000E+00    1.69227E+02    1.41606E+02    1.96848E+02
 6.60000E+00    1.72697E+02    1.37876E+02    2.07518E+02
 6.80000E+00    1.87488E+02    1.49684E+02    2.25292E+02
 7.00000E+00    1.91083E+02    1.52555E+02    2.29611E+02
 7.20000E+00    1.95242E+02    1.55875E+02    2.34609E+02
 7.40000E+00    1.99766E+02    1.59487E+02    2.40045E+02
 7.60000E+00    2.04444E+02    1.63222E+02    2.45666E+02
 7.80000E+00    2.12457E+02    1.69619E+02    2.55295E+02
 8.00000E+00    2.12130E+02    1.69358E+02    2.54902E+02
 8.50000E+00    2.15612E+02    1.72138E+02    2.59086E+02
 9.00000E+00    2.15292E+02    1.41775E+02    2.88809E+02
 9.50000E+00    2.10100E+02    1.38356E+02    2.81844E+02
 1.00000E+01    2.02145E+02    1.33117E+02    2.71173E+02
 1.05000E+01    1.90910E+02    1.25719E+02    2.56101E+02
 1.10000E+01    1.78534E+02    1.17569E+02    2.39499E+02
 1.15000E+01    1.63431E+02    1.07623E+02    2.19239E+02
 1.20000E+01    1.47252E+02    9.69689E+01    1.97535E+02
 1.25000E+01    1.24188E+02    8.17808E+01    1.66595E+02
 1.30000E+01    1.16173E+02    6.69202E+01    1.65426E+02
 1.35000E+01    1.01270E+02    5.83355E+01    1.44205E+02
 1.40000E+01    9.02818E+01    5.20058E+01    1.28558E+02
 1.45000E+01    7.92417E+01    4.56463E+01    1.12837E+02
 1.50000E+01    7.00471E+01    4.03499E+01    9.97444E+01
 1.60000E+01    5.59513E+01    2.53309E+01    8.65717E+01
 1.70000E+01    4.33467E+01    1.96244E+01    6.70690E+01
 1.80000E+01    3.55376E+01    1.60890E+01    5.49862E+01
 1.90000E+01    2.92117E+01    1.32251E+01    4.51983E+01
 2.00000E+01    2.28190E+01    1.06806E+01    3.49574E+01
 2.10000E+01    1.91960E+01    8.98479E+00    2.94072E+01
 2.20000E+01    1.66364E+01    7.78676E+00    2.54860E+01
 2.30000E+01    1.40465E+01    6.57454E+00    2.15185E+01
 2.40000E+01    1.22009E+01    5.61889E+00    1.87829E+01
 2.50000E+01    1.13342E+01    5.21975E+00    1.74487E+01
 2.60000E+01    1.04875E+01    4.82982E+00    1.61452E+01
 2.70000E+01    8.93898E+00    4.11668E+00    1.37613E+01
 2.80000E+01    7.01813E+00    3.23206E+00    1.08042E+01
 2.90000E+01    6.06569E+00    2.79344E+00    9.33794E+00
 3.00000E+01    5.36753E+00    2.47191E+00    8.26315E+00
