# n + Sn116 : (n,n'26)  
# tendl.2019 A.J. Koning and D. Rochman        EVAL-NOV19
# uncertainties: n
# # energies =    59
#   E(MeV)       xs(mb) 
 3.18521E+00    0.00000E+00
 3.20000E+00    2.94880E+00
 3.20735E+00    3.96023E+00
 3.21171E+00    4.56020E+00
 3.22212E+00    5.99273E+00
 3.23794E+00    8.16973E+00
 3.40000E+00    3.04708E+01
 3.60000E+00    3.62231E+01
 3.80000E+00    3.43770E+01
 4.00000E+00    3.03030E+01
 4.20000E+00    2.57119E+01
 4.40000E+00    2.12442E+01
 4.60000E+00    1.71902E+01
 4.80000E+00    1.36828E+01
 5.00000E+00    1.07548E+01
 5.20000E+00    8.37762E+00
 5.40000E+00    6.49233E+00
 5.60000E+00    5.01239E+00
 5.80000E+00    3.86661E+00
 6.00000E+00    2.98525E+00
 6.20000E+00    2.31023E+00
 6.40000E+00    1.79336E+00
 6.60000E+00    1.39402E+00
 6.80000E+00    1.08825E+00
 7.00000E+00    8.52898E-01
 7.20000E+00    6.70537E-01
 7.40000E+00    5.29229E-01
 7.60000E+00    4.17598E-01
 7.80000E+00    3.31074E-01
 8.00000E+00    2.61270E-01
 8.50000E+00    1.46563E-01
 9.00000E+00    8.28031E-02
 9.50000E+00    4.71535E-02
 1.00000E+01    2.70782E-02
 1.05000E+01    1.56557E-02
 1.10000E+01    9.10964E-03
 1.15000E+01    5.33968E-03
 1.20000E+01    3.15277E-03
 1.25000E+01    1.87513E-03
 1.30000E+01    1.12295E-03
 1.35000E+01    6.76846E-04
 1.40000E+01    4.10394E-04
 1.45000E+01    2.50157E-04
 1.50000E+01    1.53348E-04
 1.60000E+01    5.85508E-05
 1.70000E+01    2.28536E-05
 1.80000E+01    9.10949E-06
 1.90000E+01    3.70430E-06
 2.00000E+01    1.53701E-06
 2.10000E+01    6.43460E-07
 2.20000E+01    2.76620E-07
 2.30000E+01    1.21630E-07
 2.40000E+01    5.38650E-08
 2.50000E+01    2.42300E-08
 2.60000E+01    1.10220E-08
 2.70000E+01    5.07280E-09
 2.80000E+01    2.35560E-09
 2.90000E+01    1.10910E-09
 3.00000E+01    5.26010E-10
