# n + Sn116 : (n,el)    
# tendl.2019 A.J. Koning and D. Rochman        EVAL-NOV19
# uncertainties: y
# # energies =    69
#   E(MeV)       xs(mb)       xslow(mb)      xsupp(mb)
 1.00000E-10    5.57882E+03    5.23704E+03    5.92059E+03
 5.00000E-09    4.51327E+03    4.23678E+03    4.78977E+03
 1.00000E-08    4.48296E+03    4.20832E+03    4.75760E+03
 1.50000E-08    4.47110E+03    4.19719E+03    4.74502E+03
 2.00000E-08    4.46463E+03    4.19112E+03    4.73815E+03
 2.50000E-08    4.46063E+03    4.18736E+03    4.73390E+03
 3.00000E-08    4.45786E+03    4.18476E+03    4.73096E+03
 3.50000E-08    4.45550E+03    4.18254E+03    4.72846E+03
 4.20000E-08    4.45348E+03    4.18065E+03    4.72632E+03
 5.00000E-08    4.45166E+03    4.17894E+03    4.72439E+03
 5.80000E-08    4.45066E+03    4.17800E+03    4.72333E+03
 6.70000E-08    4.44944E+03    4.17685E+03    4.72203E+03
 8.00000E-08    4.44800E+03    4.17550E+03    4.72051E+03
 1.00000E-07    4.44687E+03    4.17443E+03    4.71930E+03
 1.40000E-07    4.44546E+03    4.17311E+03    4.71781E+03
 1.80000E-07    4.44490E+03    4.17259E+03    4.71722E+03
 2.20000E-07    4.44459E+03    4.17229E+03    4.71690E+03
 2.50000E-07    4.44432E+03    4.17204E+03    4.71661E+03
 2.80000E-07    4.44410E+03    4.17183E+03    4.71637E+03
 3.00000E-07    4.44392E+03    4.17165E+03    4.71619E+03
 3.20000E-07    4.44370E+03    4.17144E+03    4.71596E+03
 3.50000E-07    4.44335E+03    4.17111E+03    4.71559E+03
 4.00000E-07    4.44284E+03    4.17063E+03    4.71505E+03
 5.00000E-07    4.44255E+03    4.17035E+03    4.71476E+03
 6.25000E-07    4.44223E+03    4.17005E+03    4.71442E+03
 7.80000E-07    4.44197E+03    4.16978E+03    4.71416E+03
 8.50000E-07    4.44182E+03    4.16964E+03    4.71400E+03
 9.10000E-07    4.44170E+03    4.16953E+03    4.71388E+03
 9.50000E-07    4.44163E+03    4.16947E+03    4.71380E+03
 9.72000E-07    4.44158E+03    4.16942E+03    4.71374E+03
 9.96000E-07    4.44153E+03    4.16937E+03    4.71369E+03
 1.02000E-06    4.44147E+03    4.16927E+03    4.71367E+03
 1.04500E-06    4.44141E+03    4.16921E+03    4.71361E+03
 1.07100E-06    4.44135E+03    4.16916E+03    4.71355E+03
 1.09700E-06    4.44129E+03    4.16910E+03    4.71349E+03
 1.12300E-06    4.44123E+03    4.16904E+03    4.71342E+03
 1.15000E-06    4.44103E+03    4.16885E+03    4.71321E+03
 1.30000E-06    4.44063E+03    4.16848E+03    4.71279E+03
 1.50000E-06    4.43975E+03    4.16765E+03    4.71185E+03
 2.10000E-06    4.43847E+03    4.16638E+03    4.71057E+03
 2.60000E-06    4.43711E+03    4.16510E+03    4.70912E+03
 3.30000E-06    4.43548E+03    4.16349E+03    4.70746E+03
 4.00000E-06    4.42797E+03    4.15636E+03    4.69957E+03
 9.87700E-06    4.41168E+03    4.14066E+03    4.68269E+03
 1.59680E-05    4.38895E+03    4.11857E+03    4.65933E+03
 2.77000E-05    4.33516E+03    4.06727E+03    4.60306E+03
 4.80520E-05    4.18488E+03    3.92315E+03    4.44661E+03
 7.55014E-05    2.30435E+04    2.15284E+04    2.45585E+04
 1.48728E-04    4.84263E+03    4.62848E+03    5.05678E+03
 3.67262E-04    4.60904E+03    4.33506E+03    4.88302E+03
 9.06898E-04    4.60532E+03    4.32484E+03    4.88579E+03
 1.42510E-03    1.33497E+04    1.25863E+04    1.41130E+04
 2.23945E-03    7.14092E+03    6.73587E+03    7.54596E+03
 3.51910E-03    6.17924E+03    5.95682E+03    6.40166E+03
 5.53000E-03    6.55577E+03    6.27800E+03    6.83353E+03
 9.11800E-03    5.85563E+03    5.58477E+03    6.12649E+03
 1.50300E-02    6.47246E+03    6.17580E+03    6.76912E+03
 2.47800E-02    6.69055E+03    6.41450E+03    6.96660E+03
 4.08500E-02    6.53692E+03    5.94667E+03    7.12716E+03
 6.73400E-02    6.47816E+03    5.89323E+03    7.06310E+03
 1.11000E-01    6.49150E+03    5.90536E+03    7.07764E+03
 1.83000E-01    6.55925E+03    5.96699E+03    7.15151E+03
 3.02000E-01    6.67622E+03    6.36439E+03    6.98805E+03
 5.00000E-01    6.74847E+03    6.43326E+03    7.06367E+03
 8.21000E-01    6.52583E+03    6.35061E+03    6.70106E+03
 1.35300E+00    5.21528E+03    5.06219E+03    5.36836E+03
 2.23100E+00    3.17285E+03    3.05393E+03    3.29178E+03
 3.67900E+00    1.92249E+03    1.87747E+03    1.96751E+03
 6.06500E+00    2.07146E+03    2.00681E+03    2.13611E+03
