# p + Eu  0 : (p,3n)
# tendl.2019 A.J. Koning                       EVAL-OCT19
# uncertainties: y
# # energies =    31
#   E(MeV)          xs(mb) 
 1.65606E+01    1.11483E+01
 1.70000E+01    2.93906E+01
 1.80000E+01    1.84554E+02
 1.90000E+01    4.07330E+02
 2.00000E+01    6.07880E+02
 2.20000E+01    8.56164E+02
 2.40000E+01    9.58874E+02
 2.60000E+01    9.19993E+02
 2.80000E+01    6.99364E+02
 3.00000E+01    4.58113E+02
 3.00000E+01    4.58113E+02
 3.50000E+01    1.84892E+02
 4.00000E+01    1.24214E+02
 4.50000E+01    9.98037E+01
 5.00000E+01    8.24213E+01
 5.50000E+01    7.05844E+01
 6.00000E+01    6.12015E+01
 6.50000E+01    5.33878E+01
 7.00000E+01    4.72166E+01
 7.50000E+01    4.15098E+01
 8.00000E+01    3.68608E+01
 9.00000E+01    2.95895E+01
 1.00000E+02    2.45970E+01
 1.10000E+02    2.07137E+01
 1.20000E+02    1.79116E+01
 1.30000E+02    1.56451E+01
 1.40000E+02    1.39959E+01
 1.50000E+02    1.24520E+01
 1.60000E+02    1.12819E+01
 1.80000E+02    9.31292E+00
 2.00000E+02    7.94594E+00
