# n + Cd109 : (n,n'03)  
# endfb8.0   A.J. Koning and D. Rochman        EVAL-DEC15
# uncertainties: y
# # energies =    99
#   E(MeV)       xs(mb)       xslow(mb)      xsupp(mb)
 3.50718E-01    0.00000E+00    0.00000E+00    0.00000E+00
 4.00000E-01    1.80722E+02    1.30442E+02    2.31002E+02
 4.30329E-01    2.28376E+02    1.64838E+02    2.91914E+02
 4.67793E-01    2.87241E+02    2.07326E+02    3.67156E+02
 5.00000E-01    3.37846E+02    2.43852E+02    4.31840E+02
 6.00000E-01    3.71917E+02    2.97908E+02    4.45926E+02
 6.29608E-01    3.66105E+02    2.93252E+02    4.38958E+02
 6.79728E-01    3.56267E+02    2.85372E+02    4.27162E+02
 7.00000E-01    3.52288E+02    2.82185E+02    4.22391E+02
 7.28526E-01    3.38028E+02    2.70763E+02    4.05294E+02
 8.00000E-01    3.02300E+02    2.42144E+02    3.62456E+02
 8.25576E-01    2.91496E+02    2.33490E+02    3.49502E+02
 8.29916E-01    2.89663E+02    2.32021E+02    3.47304E+02
 8.99414E-01    2.60305E+02    2.08505E+02    3.12104E+02
 9.00000E-01    2.60057E+02    2.08307E+02    3.11807E+02
 9.38058E-01    2.45681E+02    1.96792E+02    2.94570E+02
 9.94951E-01    2.24191E+02    1.79578E+02    2.68804E+02
 1.00000E+00    2.22284E+02    1.30207E+02    3.14361E+02
 1.00669E+00    2.20739E+02    1.29302E+02    3.12176E+02
 1.07597E+00    2.04740E+02    1.19930E+02    2.89549E+02
 1.11523E+00    1.95673E+02    1.14619E+02    2.76727E+02
 1.12364E+00    1.93731E+02    1.13481E+02    2.73980E+02
 1.13155E+00    1.91904E+02    1.12411E+02    2.71397E+02
 1.14411E+00    1.89003E+02    1.10712E+02    2.67295E+02
 1.18432E+00    1.79717E+02    1.05272E+02    2.54162E+02
 1.20000E+00    1.76096E+02    1.03151E+02    2.49041E+02
 1.23041E+00    1.71360E+02    1.00377E+02    2.42343E+02
 1.33047E+00    1.55776E+02    9.12484E+01    2.20304E+02
 1.36471E+00    1.50443E+02    8.81247E+01    2.12762E+02
 1.40000E+00    1.44947E+02    8.49052E+01    2.04989E+02
 1.40136E+00    1.44770E+02    8.48014E+01    2.04738E+02
 1.43100E+00    1.40908E+02    8.25394E+01    1.99277E+02
 1.43860E+00    1.39918E+02    8.19595E+01    1.97877E+02
 1.44304E+00    1.39340E+02    8.16207E+01    1.97059E+02
 1.47223E+00    1.35537E+02    7.93930E+01    1.91681E+02
 1.48940E+00    1.33300E+02    7.80827E+01    1.88517E+02
 1.49339E+00    1.32780E+02    7.77783E+01    1.87782E+02
 1.60000E+00    1.18891E+02    6.96424E+01    1.68140E+02
 1.80000E+00    9.65315E+01    3.15997E+01    1.61463E+02
 2.00000E+00    7.78580E+01    2.54869E+01    1.30229E+02
 2.20000E+00    6.19730E+01    2.02869E+01    1.03659E+02
 2.40000E+00    4.88499E+01    1.59911E+01    8.17087E+01
 2.60000E+00    3.80987E+01    9.43695E+00    6.67604E+01
 2.80000E+00    2.95865E+01    7.32850E+00    5.18445E+01
 3.00000E+00    2.29138E+01    5.67569E+00    4.01519E+01
 3.20000E+00    1.77277E+01    4.39111E+00    3.10643E+01
 3.40000E+00    1.37247E+01    3.39957E+00    2.40498E+01
 3.60000E+00    1.06449E+01    2.63672E+00    1.86531E+01
 3.80000E+00    8.28019E+00    2.05098E+00    1.45094E+01
 4.00000E+00    6.46058E+00    1.60027E+00    1.13209E+01
 4.20000E+00    5.05626E+00    1.25242E+00    8.86010E+00
 4.40000E+00    3.96707E+00    9.82633E-01    6.95151E+00
 4.60000E+00    3.11735E+00    1.33884E+00    4.89586E+00
 4.80000E+00    2.45324E+00    1.05362E+00    3.85286E+00
 5.00000E+00    1.93173E+00    8.29638E-01    3.03382E+00
 5.20000E+00    1.52205E+00    6.53689E-01    2.39041E+00
 5.40000E+00    1.20193E+00    5.16204E-01    1.88766E+00
 5.60000E+00    9.51169E-01    4.08507E-01    1.49383E+00
 5.80000E+00    7.54883E-01    3.24207E-01    1.18556E+00
 6.00000E+00    6.03662E-01    2.59260E-01    9.48064E-01
 6.20000E+00    4.86224E-01    2.08823E-01    7.63625E-01
 6.40000E+00    3.96339E-01    1.70219E-01    6.22459E-01
 6.60000E+00    3.27549E-01    1.82300E-01    4.72798E-01
 6.80000E+00    2.73967E-01    1.52479E-01    3.95455E-01
 7.00000E+00    2.33772E-01    1.30108E-01    3.37436E-01
 7.20000E+00    2.02934E-01    1.12945E-01    2.92923E-01
 7.40000E+00    1.79229E-01    9.97515E-02    2.58707E-01
 7.60000E+00    1.60852E-01    8.95236E-02    2.32180E-01
 7.80000E+00    1.46411E-01    8.14863E-02    2.11336E-01
 8.00000E+00    1.35058E-01    7.51677E-02    1.94948E-01
 8.50000E+00    1.15438E-01    6.42480E-02    1.66628E-01
 9.00000E+00    1.03383E-01    6.30293E-02    1.43737E-01
 9.50000E+00    9.53801E-02    5.81502E-02    1.32610E-01
 1.00000E+01    8.96601E-02    5.46629E-02    1.24657E-01
 1.05000E+01    8.52769E-02    5.19906E-02    1.18563E-01
 1.10000E+01    8.16909E-02    4.98043E-02    1.13577E-01
 1.15000E+01    7.85860E-02    4.79114E-02    1.09261E-01
 1.20000E+01    7.57813E-02    4.62014E-02    1.05361E-01
 1.25000E+01    7.31846E-02    4.46183E-02    1.01751E-01
 1.30000E+01    7.07553E-02    4.44037E-02    9.71069E-02
 1.35000E+01    6.84798E-02    4.29757E-02    9.39839E-02
 1.40000E+01    6.63546E-02    4.16420E-02    9.10672E-02
 1.45000E+01    6.43717E-02    4.03976E-02    8.83458E-02
 1.50000E+01    6.25242E-02    3.92382E-02    8.58102E-02
 1.60000E+01    5.92026E-02    3.98574E-02    7.85478E-02
 1.70000E+01    5.63349E-02    3.79267E-02    7.47431E-02
 1.80000E+01    5.38828E-02    3.62759E-02    7.14897E-02
 1.90000E+01    5.18037E-02    3.48762E-02    6.87312E-02
 2.00000E+01    5.00517E-02    3.57586E-02    6.43448E-02
 2.10000E+01    4.85843E-02    3.47102E-02    6.24584E-02
 2.20000E+01    4.73536E-02    3.38310E-02    6.08762E-02
 2.30000E+01    4.62940E-02    3.30739E-02    5.95141E-02
 2.40000E+01    4.53255E-02    3.27801E-02    5.78710E-02
 2.50000E+01    4.43791E-02    3.20956E-02    5.66626E-02
 2.60000E+01    4.34216E-02    3.14031E-02    5.54401E-02
 2.70000E+01    4.24569E-02    3.07054E-02    5.42084E-02
 2.80000E+01    4.15151E-02    3.00243E-02    5.30059E-02
 2.90000E+01    4.06291E-02    2.93835E-02    5.18746E-02
 3.00000E+01    3.98204E-02    2.87987E-02    5.08421E-02
