# p + Hg194 : (p,n')g   
# tendl.2019 A.J. Koning                       EVAL-OCT19
# uncertainties: y
# # energies =    41
#   E(MeV)       xs(mb)       xslow(mb)      xsupp(mb)
 6.06011E+00    0.00000E+00    0.00000E+00    0.00000E+00
 7.00000E+00    3.28034E+00    0.00000E+00    0.00000E+00
 8.00000E+00    1.87277E+01    0.00000E+00    0.00000E+00
 9.00000E+00    5.82189E+01    0.00000E+00    0.00000E+00
 1.00000E+01    1.27338E+02    0.00000E+00    0.00000E+00
 1.10000E+01    2.16896E+02    0.00000E+00    0.00000E+00
 1.20000E+01    3.13987E+02    0.00000E+00    0.00000E+00
 1.30000E+01    4.08810E+02    0.00000E+00    0.00000E+00
 1.40000E+01    4.80952E+02    0.00000E+00    0.00000E+00
 1.50000E+01    4.16273E+02    0.00000E+00    0.00000E+00
 1.60000E+01    2.80562E+02    0.00000E+00    0.00000E+00
 1.70000E+01    1.82106E+02    0.00000E+00    0.00000E+00
 1.80000E+01    1.22212E+02    0.00000E+00    0.00000E+00
 1.90000E+01    8.67791E+01    0.00000E+00    0.00000E+00
 2.00000E+01    6.57209E+01    0.00000E+00    0.00000E+00
 2.20000E+01    4.69373E+01    0.00000E+00    0.00000E+00
 2.40000E+01    4.09124E+01    0.00000E+00    0.00000E+00
 2.60000E+01    3.83941E+01    0.00000E+00    0.00000E+00
 2.80000E+01    3.68548E+01    0.00000E+00    0.00000E+00
 3.00000E+01    3.50768E+01    0.00000E+00    0.00000E+00
 3.00000E+01    3.60303E+01    0.00000E+00    0.00000E+00
 3.50000E+01    3.10030E+01    0.00000E+00    0.00000E+00
 4.00000E+01    2.67382E+01    0.00000E+00    0.00000E+00
 4.50000E+01    2.31652E+01    0.00000E+00    0.00000E+00
 5.00000E+01    2.06443E+01    0.00000E+00    0.00000E+00
 5.50000E+01    1.73289E+01    0.00000E+00    0.00000E+00
 6.00000E+01    1.56010E+01    0.00000E+00    0.00000E+00
 6.50000E+01    1.32901E+01    0.00000E+00    0.00000E+00
 7.00000E+01    1.18617E+01    0.00000E+00    0.00000E+00
 7.50000E+01    1.01576E+01    0.00000E+00    0.00000E+00
 8.00000E+01    9.18888E+00    0.00000E+00    0.00000E+00
 9.00000E+01    7.33124E+00    0.00000E+00    0.00000E+00
 1.00000E+02    6.02132E+00    0.00000E+00    0.00000E+00
 1.10000E+02    5.07342E+00    0.00000E+00    0.00000E+00
 1.20000E+02    4.37082E+00    0.00000E+00    0.00000E+00
 1.30000E+02    3.81900E+00    0.00000E+00    0.00000E+00
 1.40000E+02    3.39330E+00    0.00000E+00    0.00000E+00
 1.50000E+02    3.02628E+00    0.00000E+00    0.00000E+00
 1.60000E+02    2.73628E+00    0.00000E+00    0.00000E+00
 1.80000E+02    2.27166E+00    0.00000E+00    0.00000E+00
 2.00000E+02    1.95067E+00    0.00000E+00    0.00000E+00
