# n + Hg196 : (n,el)    
# endfb8.0   S.Chiba, M.Chadwick,P.Young       EVAL-FEB98
# uncertainties: n
# # energies =   659
#   E(MeV)       xs(mb) 
 1.00000E-11    4.60907E+05
 1.04713E-11    4.50950E+05
 1.09648E-11    4.41225E+05
 1.14815E-11    4.31743E+05
 1.20226E-11    4.22478E+05
 1.25893E-11    4.13449E+05
 1.31826E-11    4.04626E+05
 1.38038E-11    3.96029E+05
 1.44544E-11    3.87631E+05
 1.51356E-11    3.79446E+05
 1.58489E-11    3.71457E+05
 1.65959E-11    3.63664E+05
 1.73780E-11    3.56067E+05
 1.81970E-11    3.48651E+05
 1.90546E-11    3.41428E+05
 1.99526E-11    3.34376E+05
 2.08930E-11    3.27511E+05
 2.18776E-11    3.20810E+05
 2.29087E-11    3.14278E+05
 2.39883E-11    3.07918E+05
 2.51189E-11    3.01712E+05
 2.63027E-11    2.95668E+05
 2.75423E-11    2.89782E+05
 2.88403E-11    2.84041E+05
 3.01995E-11    2.78456E+05
 3.16228E-11    2.73014E+05
 3.31131E-11    2.67711E+05
 3.46737E-11    2.62555E+05
 3.63078E-11    2.57532E+05
 3.80189E-11    2.52641E+05
 3.98107E-11    2.47887E+05
 4.16869E-11    2.43257E+05
 4.36516E-11    2.38754E+05
 4.57088E-11    2.34378E+05
 4.78630E-11    2.30117E+05
 5.01187E-11    2.25980E+05
 5.24807E-11    2.21958E+05
 5.49541E-11    2.18045E+05
 5.75440E-11    2.14252E+05
 6.02560E-11    2.10563E+05
 6.30957E-11    2.06979E+05
 6.60693E-11    2.03502E+05
 6.91831E-11    2.00130E+05
 7.24436E-11    1.96855E+05
 7.58578E-11    1.93677E+05
 7.94328E-11    1.90599E+05
 8.31764E-11    1.87615E+05
 8.70964E-11    1.84721E+05
 9.12011E-11    1.81918E+05
 9.54993E-11    1.79206E+05
 1.00000E-10    1.76580E+05
 1.04713E-10    1.74036E+05
 1.09648E-10    1.71575E+05
 1.14815E-10    1.69197E+05
 1.20226E-10    1.66898E+05
 1.25893E-10    1.64676E+05
 1.31826E-10    1.62529E+05
 1.38038E-10    1.60455E+05
 1.44544E-10    1.58455E+05
 1.51356E-10    1.56525E+05
 1.58489E-10    1.54664E+05
 1.65959E-10    1.52869E+05
 1.73780E-10    1.51140E+05
 1.81970E-10    1.49473E+05
 1.90546E-10    1.47869E+05
 1.99526E-10    1.46325E+05
 2.08930E-10    1.44841E+05
 2.18776E-10    1.43412E+05
 2.29087E-10    1.42039E+05
 2.39883E-10    1.40720E+05
 2.51189E-10    1.39454E+05
 2.63027E-10    1.38237E+05
 2.75423E-10    1.37069E+05
 2.88403E-10    1.35950E+05
 3.01995E-10    1.34876E+05
 3.16228E-10    1.33846E+05
 3.31131E-10    1.32859E+05
 3.46737E-10    1.31913E+05
 3.63078E-10    1.31007E+05
 3.80189E-10    1.30139E+05
 3.98107E-10    1.29309E+05
 4.16869E-10    1.28515E+05
 4.36516E-10    1.27755E+05
 4.57088E-10    1.27029E+05
 4.78630E-10    1.26332E+05
 5.01187E-10    1.25666E+05
 5.24807E-10    1.25030E+05
 5.49541E-10    1.24424E+05
 5.75440E-10    1.23842E+05
 6.02560E-10    1.23284E+05
 6.30957E-10    1.22754E+05
 6.60693E-10    1.22249E+05
 6.91831E-10    1.21760E+05
 7.24436E-10    1.21298E+05
 7.58578E-10    1.20857E+05
 7.94328E-10    1.20429E+05
 8.31764E-10    1.20027E+05
 8.70964E-10    1.19640E+05
 9.12011E-10    1.19268E+05
 9.54993E-10    1.18919E+05
 1.00000E-09    1.18576E+05
 1.04713E-09    1.18257E+05
 1.09648E-09    1.17945E+05
 1.14815E-09    1.17651E+05
 1.20226E-09    1.17369E+05
 1.25892E-09    1.17098E+05
 1.31826E-09    1.16841E+05
 1.38038E-09    1.16592E+05
 1.44544E-09    1.16356E+05
 1.51356E-09    1.16130E+05
 1.58489E-09    1.15911E+05
 1.65959E-09    1.15707E+05
 1.73780E-09    1.15503E+05
 1.81970E-09    1.15319E+05
 1.90546E-09    1.15130E+05
 1.99526E-09    1.14960E+05
 2.08930E-09    1.14790E+05
 2.18776E-09    1.14627E+05
 2.29087E-09    1.14478E+05
 2.39883E-09    1.14323E+05
 2.51189E-09    1.14185E+05
 2.63027E-09    1.14049E+05
 2.75423E-09    1.13911E+05
 2.88403E-09    1.13791E+05
 3.01995E-09    1.13668E+05
 3.16228E-09    1.13545E+05
 3.31131E-09    1.13438E+05
 3.46737E-09    1.13328E+05
 3.63078E-09    1.13216E+05
 3.80189E-09    1.13119E+05
 3.98107E-09    1.13023E+05
 4.16869E-09    1.12921E+05
 4.36516E-09    1.12829E+05
 4.57088E-09    1.12744E+05
 4.78630E-09    1.12655E+05
 5.01187E-09    1.12563E+05
 5.24807E-09    1.12483E+05
 5.49541E-09    1.12406E+05
 5.75440E-09    1.12325E+05
 6.02560E-09    1.12240E+05
 6.30957E-09    1.12167E+05
 6.60693E-09    1.12096E+05
 6.91831E-09    1.12022E+05
 7.24436E-09    1.11944E+05
 7.58578E-09    1.11869E+05
 7.94328E-09    1.11803E+05
 8.31764E-09    1.11734E+05
 8.70964E-09    1.11662E+05
 9.12011E-09    1.11587E+05
 9.54993E-09    1.11514E+05
 1.00000E-08    1.11449E+05
 1.04713E-08    1.11380E+05
 1.09648E-08    1.11309E+05
 1.14815E-08    1.11234E+05
 1.20226E-08    1.11157E+05
 1.25893E-08    1.11086E+05
 1.31826E-08    1.11016E+05
 1.38038E-08    1.10943E+05
 1.44544E-08    1.10866E+05
 1.51356E-08    1.10786E+05
 1.58489E-08    1.10701E+05
 1.65959E-08    1.10620E+05
 1.73780E-08    1.10541E+05
 1.81970E-08    1.10458E+05
 1.90546E-08    1.10372E+05
 1.99526E-08    1.10282E+05
 2.08930E-08    1.10187E+05
 2.18776E-08    1.10088E+05
 2.29087E-08    1.09986E+05
 2.39883E-08    1.09885E+05
 2.51189E-08    1.09781E+05
 2.63027E-08    1.09677E+05
 2.75423E-08    1.09568E+05
 2.88403E-08    1.09454E+05
 3.01995E-08    1.09334E+05
 3.16228E-08    1.09209E+05
 3.31131E-08    1.09078E+05
 3.46737E-08    1.08941E+05
 3.63078E-08    1.08798E+05
 3.80189E-08    1.08656E+05
 3.98107E-08    1.08509E+05
 4.16869E-08    1.08355E+05
 4.36516E-08    1.08194E+05
 4.57088E-08    1.08025E+05
 4.78630E-08    1.07849E+05
 5.01187E-08    1.07664E+05
 5.24807E-08    1.07470E+05
 5.49541E-08    1.07270E+05
 5.75440E-08    1.07068E+05
 6.02560E-08    1.06857E+05
 6.30957E-08    1.06636E+05
 6.60693E-08    1.06404E+05
 6.91831E-08    1.06162E+05
 7.24436E-08    1.05908E+05
 7.58578E-08    1.05642E+05
 7.94328E-08    1.05371E+05
 8.31764E-08    1.05092E+05
 8.70964E-08    1.04800E+05
 9.12011E-08    1.04494E+05
 9.54993E-08    1.04174E+05
 1.00000E-07    1.03839E+05
 1.04713E-07    1.03492E+05
 1.09648E-07    1.03138E+05
 1.14815E-07    1.02769E+05
 1.20226E-07    1.02382E+05
 1.25893E-07    1.01977E+05
 1.31826E-07    1.01557E+05
 1.38038E-07    1.01129E+05
 1.44544E-07    1.00682E+05
 1.51356E-07    1.00215E+05
 1.58489E-07    9.97260E+04
 1.65959E-07    9.92286E+04
 1.73780E-07    9.87129E+04
 1.81970E-07    9.81728E+04
 1.90546E-07    9.76117E+04
 1.99526E-07    9.70411E+04
 2.08930E-07    9.64452E+04
 2.18776E-07    9.58234E+04
 2.29087E-07    9.51912E+04
 2.39883E-07    9.45338E+04
 2.51189E-07    9.38497E+04
 2.63027E-07    9.31543E+04
 2.75423E-07    9.24288E+04
 2.88403E-07    9.16841E+04
 3.01995E-07    9.09197E+04
 3.16228E-07    9.01261E+04
 3.31131E-07    8.93186E+04
 3.46737E-07    8.84799E+04
 3.63078E-07    8.76272E+04
 3.80189E-07    8.67435E+04
 3.98107E-07    8.58451E+04
 4.16869E-07    8.49176E+04
 4.36516E-07    8.39730E+04
 4.57088E-07    8.30044E+04
 4.78630E-07    8.20130E+04
 5.01187E-07    8.10048E+04
 5.24807E-07    7.99709E+04
 5.49541E-07    7.89192E+04
 5.75440E-07    7.78497E+04
 6.02560E-07    7.67592E+04
 6.30957E-07    7.56507E+04
 6.60693E-07    7.45261E+04
 6.91831E-07    7.33858E+04
 7.24436E-07    7.22299E+04
 7.58578E-07    7.10588E+04
 7.94328E-07    6.98749E+04
 8.31764E-07    6.86795E+04
 8.70964E-07    6.74739E+04
 9.12011E-07    6.62587E+04
 9.54993E-07    6.50351E+04
 1.00000E-06    6.38056E+04
 1.04713E-06    6.25713E+04
 1.09648E-06    6.13335E+04
 1.14815E-06    6.00971E+04
 1.20226E-06    5.88562E+04
 1.25893E-06    5.76133E+04
 1.31826E-06    5.63837E+04
 1.38038E-06    5.51424E+04
 1.44544E-06    5.39210E+04
 1.51356E-06    5.26937E+04
 1.58489E-06    5.14826E+04
 1.65959E-06    5.02869E+04
 1.73780E-06    4.90931E+04
 1.81970E-06    4.79062E+04
 1.90546E-06    4.67476E+04
 1.99526E-06    4.55820E+04
 2.08930E-06    4.44607E+04
 2.18776E-06    4.33230E+04
 2.29087E-06    4.22409E+04
 2.39883E-06    4.11380E+04
 2.51189E-06    4.00966E+04
 2.63027E-06    3.90344E+04
 2.75423E-06    3.80297E+04
 2.88403E-06    3.70159E+04
 3.01995E-06    3.60570E+04
 3.16228E-06    3.50894E+04
 3.31131E-06    3.41783E+04
 3.46737E-06    3.32595E+04
 3.63078E-06    3.23949E+04
 3.80189E-06    3.15232E+04
 3.98107E-06    3.07065E+04
 4.16869E-06    2.98836E+04
 4.36516E-06    2.91113E+04
 4.57088E-06    2.83425E+04
 4.78630E-06    2.76150E+04
 5.01187E-06    2.68981E+04
 5.24807E-06    2.62125E+04
 5.49541E-06    2.55498E+04
 5.75440E-06    2.49042E+04
 6.02560E-06    2.42951E+04
 6.30957E-06    2.36904E+04
 6.60693E-06    2.31201E+04
 6.91831E-06    2.25570E+04
 7.24436E-06    2.20336E+04
 7.58578E-06    2.15090E+04
 7.94328E-06    2.10242E+04
 8.31764E-06    2.05388E+04
 8.70964E-06    2.00904E+04
 9.12011E-06    1.96412E+04
 9.54993E-06    1.92267E+04
 1.00000E-05    1.88116E+04
 1.04713E-05    1.84293E+04
 1.09648E-05    1.80469E+04
 1.14815E-05    1.76963E+04
 1.20226E-05    1.73417E+04
 1.25893E-05    1.70174E+04
 1.31826E-05    1.66914E+04
 1.38038E-05    1.63908E+04
 1.44544E-05    1.60922E+04
 1.51356E-05    1.58133E+04
 1.58489E-05    1.55414E+04
 1.65959E-05    1.52758E+04
 1.73780E-05    1.50299E+04
 1.81970E-05    1.47809E+04
 1.90546E-05    1.45558E+04
 1.99526E-05    1.43249E+04
 2.08930E-05    1.41105E+04
 2.18776E-05    1.39022E+04
 2.29087E-05    1.36942E+04
 2.39883E-05    1.35048E+04
 2.51189E-05    1.33085E+04
 2.63027E-05    1.31254E+04
 2.75423E-05    1.29479E+04
 2.88403E-05    1.27645E+04
 3.01995E-05    1.25973E+04
 3.16228E-05    1.24286E+04
 3.31131E-05    1.22537E+04
 3.46737E-05    1.20922E+04
 3.63078E-05    1.19295E+04
 3.80189E-05    1.17592E+04
 3.98107E-05    1.15849E+04
 4.16869E-05    1.14145E+04
 4.36516E-05    1.12368E+04
 4.57088E-05    1.10508E+04
 4.78630E-05    1.08561E+04
 5.01187E-05    1.06521E+04
 5.24807E-05    1.04382E+04
 5.49541E-05    1.01949E+04
 5.75440E-05    9.92825E+03
 6.02560E-05    9.61981E+03
 6.30957E-05    9.26199E+03
 6.60693E-05    8.82920E+03
 6.91831E-05    8.28547E+03
 7.24436E-05    7.57377E+03
 7.58578E-05    6.58945E+03
 7.94328E-05    5.12606E+03
 8.31764E-05    2.79632E+03
 8.70964E-05    1.50053E+03
 9.12011E-05    8.12763E+05
 9.54993E-05    5.93068E+04
 1.00000E-04    5.53345E+04
 1.04713E-04    9.36692E+04
 1.09648E-04    9.17372E+04
 1.14815E-04    8.98090E+04
 1.20226E-04    8.79841E+04
 1.25893E-04    8.61190E+04
 1.31826E-04    8.43728E+04
 1.38038E-04    8.25860E+04
 1.44544E-04    8.09035E+04
 1.51356E-04    7.92061E+04
 1.58489E-04    7.75653E+04
 1.65959E-04    7.59721E+04
 1.73780E-04    7.43597E+04
 1.81970E-04    7.28509E+04
 1.90546E-04    7.13023E+04
 1.99526E-04    6.98561E+04
 2.08930E-04    6.83867E+04
 2.18776E-04    6.69715E+04
 2.29087E-04    6.55893E+04
 2.39883E-04    6.41975E+04
 2.51189E-04    6.28943E+04
 2.63027E-04    6.15551E+04
 2.75423E-04    6.03040E+04
 2.88403E-04    5.90315E+04
 3.01995E-04    5.78090E+04
 3.16228E-04    5.66097E+04
 3.31131E-04    5.54181E+04
 3.46737E-04    5.42900E+04
 3.63078E-04    5.31305E+04
 3.80189E-04    5.20528E+04
 3.98107E-04    5.09515E+04
 4.16869E-04    4.98956E+04
 4.36516E-04    4.88645E+04
 4.57088E-04    4.78273E+04
 4.78630E-04    4.68579E+04
 5.01187E-04    4.58562E+04
 5.24807E-04    4.49178E+04
 5.49541E-04    4.39737E+04
 5.75440E-04    4.30555E+04
 6.02560E-04    4.21705E+04
 6.30957E-04    4.12728E+04
 6.60693E-04    4.04312E+04
 6.91831E-04    3.95696E+04
 7.24436E-04    3.87619E+04
 7.58578E-04    3.79400E+04
 7.94328E-04    3.71599E+04
 8.31764E-04    3.63772E+04
 8.70964E-04    3.56226E+04
 9.12011E-04    3.48849E+04
 9.54993E-04    3.41334E+04
 1.00000E-03    3.35835E+04
 1.04713E-03    3.31943E+04
 1.09648E-03    3.27867E+04
 1.14815E-03    3.23755E+04
 1.20226E-03    3.20026E+04
 1.25893E-03    3.16176E+04
 1.31826E-03    3.12182E+04
 1.38038E-03    3.08532E+04
 1.44544E-03    3.04885E+04
 1.51356E-03    3.01066E+04
 1.58489E-03    2.97421E+04
 1.65959E-03    2.93957E+04
 1.73780E-03    2.90330E+04
 1.81970E-03    2.86737E+04
 1.90546E-03    2.83430E+04
 1.99526E-03    2.79983E+04
 2.08930E-03    2.76448E+04
 2.18776E-03    2.73242E+04
 2.29087E-03    2.69975E+04
 2.39883E-03    2.66565E+04
 2.51189E-03    2.63405E+04
 2.63027E-03    2.60314E+04
 2.75423E-03    2.57076E+04
 2.88403E-03    2.53924E+04
 3.01995E-03    2.50984E+04
 3.16228E-03    2.47909E+04
 3.31131E-03    2.44793E+04
 3.46737E-03    2.41963E+04
 3.63078E-03    2.39048E+04
 3.80189E-03    2.36032E+04
 3.98107E-03    2.33269E+04
 4.16869E-03    2.30487E+04
 4.36516E-03    2.27583E+04
 4.57088E-03    2.24894E+04
 4.78630E-03    2.22257E+04
 5.01187E-03    2.19496E+04
 5.24807E-03    2.16766E+04
 5.49541E-03    2.14266E+04
 5.75440E-03    2.11660E+04
 6.02560E-03    2.08990E+04
 6.30957E-03    2.06561E+04
 6.60693E-03    2.04081E+04
 6.91831E-03    2.01505E+04
 7.24436E-03    1.99137E+04
 7.58578E-03    1.96774E+04
 7.94328E-03    1.94301E+04
 8.31764E-03    1.91968E+04
 8.70964E-03    1.89713E+04
 9.12011E-03    1.87352E+04
 9.54993E-03    1.85064E+04
 1.00000E-02    1.83118E+04
 1.04713E-02    1.81595E+04
 1.09648E-02    1.80033E+04
 1.14815E-02    1.78398E+04
 1.20226E-02    1.76752E+04
 1.25893E-02    1.75290E+04
 1.31826E-02    1.73786E+04
 1.38038E-02    1.72211E+04
 1.44544E-02    1.70635E+04
 1.51356E-02    1.69223E+04
 1.58489E-02    1.67762E+04
 1.65959E-02    1.66232E+04
 1.73780E-02    1.64738E+04
 1.81970E-02    1.63374E+04
 1.90546E-02    1.61950E+04
 1.99526E-02    1.60459E+04
 2.08930E-02    1.59038E+04
 2.18776E-02    1.57722E+04
 2.29087E-02    1.56345E+04
 2.39883E-02    1.54903E+04
 2.51189E-02    1.53522E+04
 2.63027E-02    1.52251E+04
 2.75423E-02    1.50922E+04
 2.88403E-02    1.49529E+04
 3.01995E-02    1.48204E+04
 3.16228E-02    1.46971E+04
 3.31131E-02    1.45680E+04
 3.46737E-02    1.44330E+04
 3.63078E-02    1.43084E+04
 3.80189E-02    1.41884E+04
 3.98107E-02    1.40626E+04
 4.16869E-02    1.39317E+04
 4.36516E-02    1.38128E+04
 4.57088E-02    1.36964E+04
 4.78630E-02    1.35745E+04
 5.01187E-02    1.34482E+04
 5.24807E-02    1.33345E+04
 5.49541E-02    1.32217E+04
 5.75440E-02    1.31035E+04
 6.02560E-02    1.29815E+04
 6.30957E-02    1.28723E+04
 6.60693E-02    1.27630E+04
 6.91831E-02    1.26486E+04
 7.24436E-02    1.25311E+04
 7.58578E-02    1.24264E+04
 7.94328E-02    1.23208E+04
 8.31764E-02    1.22102E+04
 8.70964E-02    1.20958E+04
 9.12011E-02    1.19879E+04
 9.54993E-02    1.18776E+04
 1.00000E-01    1.17467E+04
 1.04713E-01    1.15820E+04
 1.09648E-01    1.14090E+04
 1.14815E-01    1.12383E+04
 1.20226E-01    1.10796E+04
 1.25893E-01    1.09138E+04
 1.31826E-01    1.07523E+04
 1.38038E-01    1.05997E+04
 1.44544E-01    1.04400E+04
 1.51356E-01    1.02876E+04
 1.58489E-01    1.01408E+04
 1.65959E-01    9.98745E+03
 1.73780E-01    9.84317E+03
 1.81970E-01    9.70154E+03
 1.90546E-01    9.55408E+03
 1.99526E-01    9.41692E+03
 2.08930E-01    9.28012E+03
 2.18776E-01    9.13961E+03
 2.29087E-01    9.01003E+03
 2.39883E-01    8.87747E+03
 2.51189E-01    8.74373E+03
 2.63027E-01    8.62015E+03
 2.75423E-01    8.49200E+03
 2.88403E-01    8.36499E+03
 3.01995E-01    8.24672E+03
 3.16228E-01    8.12332E+03
 3.31131E-01    8.00399E+03
 3.46737E-01    7.89023E+03
 3.63078E-01    7.77115E+03
 3.80189E-01    7.65591E+03
 3.98107E-01    7.54337E+03
 4.16869E-01    7.41849E+03
 4.36516E-01    7.21231E+03
 4.57088E-01    6.97663E+03
 4.78630E-01    6.74865E+03
 5.01187E-01    6.53854E+03
 5.24807E-01    6.34891E+03
 5.49541E-01    6.16580E+03
 5.75440E-01    5.98573E+03
 6.02560E-01    5.82320E+03
 6.30957E-01    5.66788E+03
 6.60693E-01    5.52182E+03
 6.91831E-01    5.37139E+03
 7.24436E-01    5.22646E+03
 7.58578E-01    5.07951E+03
 7.94328E-01    4.95556E+03
 8.31764E-01    4.86331E+03
 8.70964E-01    4.76845E+03
 9.12011E-01    4.67977E+03
 9.54993E-01    4.58970E+03
 1.00000E+00    4.55421E+03
 1.04713E+00    4.54367E+03
 1.09648E+00    4.50275E+03
 1.14815E+00    4.45764E+03
 1.20226E+00    4.41039E+03
 1.25893E+00    4.36097E+03
 1.31826E+00    4.30495E+03
 1.38038E+00    4.21733E+03
 1.44544E+00    4.08354E+03
 1.51356E+00    4.08438E+03
 1.58489E+00    4.15694E+03
 1.65959E+00    4.23293E+03
 1.73780E+00    4.30577E+03
 1.81970E+00    4.31790E+03
 1.90546E+00    4.26472E+03
 1.99526E+00    4.23317E+03
 2.08930E+00    4.29621E+03
 2.18776E+00    4.35572E+03
 2.29087E+00    4.41708E+03
 2.39883E+00    4.47890E+03
 2.51189E+00    4.52961E+03
 2.63027E+00    4.56946E+03
 2.75423E+00    4.61119E+03
 2.88403E+00    4.65438E+03
 3.01995E+00    4.66883E+03
 3.16228E+00    4.66558E+03
 3.31131E+00    4.66218E+03
 3.46737E+00    4.65862E+03
 3.63078E+00    4.65489E+03
 3.80189E+00    4.65099E+03
 3.98107E+00    4.62258E+03
 4.16869E+00    4.55645E+03
 4.36516E+00    4.48689E+03
 4.57088E+00    4.41816E+03
 4.78630E+00    4.35166E+03
 5.01187E+00    4.25576E+03
 5.24807E+00    4.13398E+03
 5.49541E+00    4.01744E+03
 5.75440E+00    3.90031E+03
 6.02560E+00    3.75424E+03
 6.30957E+00    3.58618E+03
 6.60693E+00    3.42518E+03
 6.91831E+00    3.26950E+03
 7.24436E+00    3.11882E+03
 7.58578E+00    2.97281E+03
 7.94328E+00    2.89863E+03
 8.31764E+00    2.94622E+03
 8.70964E+00    2.92440E+03
 9.12011E+00    2.74791E+03
 9.54993E+00    2.57622E+03
 1.00000E+01    2.49897E+03
 1.04713E+01    2.51031E+03
 1.09648E+01    2.52168E+03
 1.14815E+01    2.53318E+03
 1.20226E+01    2.57023E+03
 1.25893E+01    2.62987E+03
 1.31826E+01    2.69088E+03
 1.38038E+01    2.75487E+03
 1.44544E+01    2.82477E+03
 1.51356E+01    2.89681E+03
 1.58489E+01    2.96209E+03
 1.65959E+01    3.01360E+03
 1.73780E+01    3.06454E+03
 1.81970E+01    3.08687E+03
 1.90546E+01    3.09699E+03
 1.99526E+01    3.07405E+03
 2.08930E+01    3.04877E+03
 2.18776E+01    3.00293E+03
 2.29087E+01    2.93645E+03
 2.39883E+01    2.85400E+03
 2.51189E+01    2.75762E+03
 2.63027E+01    2.64884E+03
 2.75423E+01    2.53451E+03
 2.88403E+01    2.41685E+03
 3.01995E+01    2.30456E+03
 3.16228E+01    2.19962E+03
 3.31131E+01    2.10185E+03
 3.46737E+01    2.01354E+03
 3.63078E+01    1.94654E+03
 3.80189E+01    1.90280E+03
 3.98107E+01    1.87729E+03
 4.16869E+01    1.87394E+03
 4.36516E+01    1.89412E+03
 4.57088E+01    1.93143E+03
 4.78630E+01    1.98109E+03
 5.01187E+01    2.04689E+03
 5.24807E+01    2.11663E+03
 5.49541E+01    2.18745E+03
 5.75440E+01    2.25906E+03
 6.02560E+01    2.32727E+03
 6.30957E+01    2.38616E+03
 6.60693E+01    2.43483E+03
 6.91831E+01    2.47010E+03
 7.24436E+01    2.49144E+03
 7.58578E+01    2.49810E+03
 7.94328E+01    2.48998E+03
 8.31764E+01    2.46762E+03
 8.70964E+01    2.43178E+03
 9.12011E+01    2.38353E+03
 9.54993E+01    2.32460E+03
 1.00000E+02    2.25526E+03
 1.04713E+02    2.17818E+03
 1.09648E+02    2.09432E+03
 1.14815E+02    2.00523E+03
 1.20226E+02    1.91184E+03
 1.25893E+02    1.81646E+03
 1.31826E+02    1.71959E+03
 1.38038E+02    1.62347E+03
 1.44544E+02    1.23736E+03
