# n + Hg196 : (n,n'14)  
# endfb8.0   S.Chiba, M.Chadwick,P.Young       EVAL-FEB98
# uncertainties: n
# # energies =   316
#   E(MeV)       xs(mb) 
 2.02266E+00    0.00000E+00
 2.02308E+00    6.86614E-02
 2.02392E+00    2.05848E-01
 2.02559E+00    4.79685E-01
 2.02725E+00    7.52452E-01
 2.02891E+00    1.02415E+00
 2.03222E+00    1.56543E+00
 2.03552E+00    2.10248E+00
 2.03879E+00    2.63534E+00
 2.04204E+00    3.16403E+00
 2.04527E+00    3.68859E+00
 2.05169E+00    4.72951E+00
 2.05804E+00    5.75417E+00
 2.06431E+00    6.76282E+00
 2.07049E+00    7.75571E+00
 2.07660E+00    8.73308E+00
 2.08263E+00    9.69519E+00
 2.08858E+00    1.06423E+01
 2.09446E+00    1.15745E+01
 2.10026E+00    1.24922E+01
 2.11172E+00    1.42990E+01
 2.12289E+00    1.60492E+01
 2.13377E+00    1.77448E+01
 2.14436E+00    1.93874E+01
 2.15466E+00    2.09787E+01
 2.16470E+00    2.25202E+01
 2.17446E+00    2.40135E+01
 2.18396E+00    2.54602E+01
 2.19320E+00    2.68617E+01
 2.21122E+00    2.95771E+01
 2.22825E+00    3.21227E+01
 2.24434E+00    3.45093E+01
 2.25952E+00    3.67467E+01
 2.27385E+00    3.88443E+01
 2.28736E+00    4.08107E+01
 2.30011E+00    4.26543E+01
 2.31212E+00    4.43826E+01
 2.33481E+00    4.76232E+01
 2.35484E+00    5.04588E+01
 2.37252E+00    5.29399E+01
 2.38809E+00    5.51109E+01
 2.41559E+00    5.89100E+01
 2.43642E+00    6.17594E+01
 2.45216E+00    6.38965E+01
 2.47597E+00    6.71020E+01
 2.50000E+00    7.03076E+01
 2.61659E+00    6.91681E+01
 2.70758E+00    6.83134E+01
 2.77790E+00    6.76724E+01
 2.88682E+00    6.67109E+01
 3.00000E+00    6.57494E+01
 3.05443E+00    6.29869E+01
 3.10635E+00    6.03972E+01
 3.15583E+00    5.79692E+01
 3.20293E+00    5.56930E+01
 3.24773E+00    5.35591E+01
 3.29029E+00    5.15585E+01
 3.33071E+00    4.96830E+01
 3.36904E+00    4.79247E+01
 3.40539E+00    4.62763E+01
 3.43981E+00    4.47309E+01
 3.47240E+00    4.32821E+01
 3.50324E+00    4.19239E+01
 3.53239E+00    4.06505E+01
 3.55994E+00    3.94568E+01
 3.58597E+00    3.83376E+01
 3.63528E+00    3.62392E+01
 3.67899E+00    3.44031E+01
 3.71766E+00    3.27964E+01
 3.75184E+00    3.13907E+01
 3.78199E+00    3.01606E+01
 3.80858E+00    2.90843E+01
 3.83200E+00    2.81425E+01
 3.87333E+00    2.64945E+01
 3.90461E+00    2.52584E+01
 3.92824E+00    2.43313E+01
 3.96396E+00    2.29408E+01
 4.00000E+00    2.15502E+01
 4.05618E+00    2.04401E+01
 4.10956E+00    1.93994E+01
 4.16024E+00    1.84237E+01
 4.20833E+00    1.75090E+01
 4.25391E+00    1.66515E+01
 4.29709E+00    1.58475E+01
 4.33797E+00    1.50938E+01
 4.37665E+00    1.43873E+01
 4.41323E+00    1.37248E+01
 4.44779E+00    1.31038E+01
 4.48044E+00    1.25216E+01
 4.51127E+00    1.19758E+01
 4.54037E+00    1.14641E+01
 4.56782E+00    1.09844E+01
 4.59370E+00    1.05346E+01
 4.61809E+00    1.01130E+01
 4.64109E+00    9.71771E+00
 4.68450E+00    8.97656E+00
 4.72282E+00    8.32805E+00
 4.75661E+00    7.76061E+00
 4.78638E+00    7.26410E+00
 4.81257E+00    6.82965E+00
 4.83561E+00    6.44951E+00
 4.85586E+00    6.11688E+00
 4.89150E+00    5.53479E+00
 4.91840E+00    5.09822E+00
 4.93868E+00    4.77079E+00
 4.96924E+00    4.27965E+00
 5.00000E+00    3.78851E+00
 5.05730E+00    3.58788E+00
 5.11162E+00    3.39979E+00
 5.16307E+00    3.22345E+00
 5.21177E+00    3.05814E+00
 5.25785E+00    2.90316E+00
 5.30142E+00    2.75786E+00
 5.34260E+00    2.62165E+00
 5.38149E+00    2.49395E+00
 5.41820E+00    2.37423E+00
 5.45285E+00    2.26199E+00
 5.48554E+00    2.15677E+00
 5.51636E+00    2.05812E+00
 5.54541E+00    1.96564E+00
 5.57278E+00    1.87894E+00
 5.59857E+00    1.79766E+00
 5.64724E+00    1.64526E+00
 5.69018E+00    1.51190E+00
 5.72801E+00    1.39522E+00
 5.76133E+00    1.29312E+00
 5.79063E+00    1.20378E+00
 5.81640E+00    1.12562E+00
 5.83904E+00    1.05722E+00
 5.85892E+00    9.97370E-01
 5.89388E+00    8.92636E-01
 5.92023E+00    8.14085E-01
 5.94007E+00    7.55172E-01
 5.96996E+00    6.66802E-01
 6.00000E+00    5.78433E-01
 6.05418E+00    5.60911E-01
 6.10714E+00    5.43936E-01
 6.15888E+00    5.27492E-01
 6.20943E+00    5.11561E-01
 6.25879E+00    4.96128E-01
 6.30698E+00    4.81178E-01
 6.35402E+00    4.66695E-01
 6.39993E+00    4.52664E-01
 6.44471E+00    4.39072E-01
 6.48840E+00    4.25905E-01
 6.53100E+00    4.13149E-01
 6.61434E+00    3.88435E-01
 6.69344E+00    3.65265E-01
 6.76845E+00    3.43543E-01
 6.83954E+00    3.23179E-01
 6.90686E+00    3.04088E-01
 6.97058E+00    2.86190E-01
 7.03085E+00    2.69410E-01
 7.08782E+00    2.53679E-01
 7.14166E+00    2.38932E-01
 7.19250E+00    2.25106E-01
 7.24049E+00    2.12144E-01
 7.28577E+00    1.99992E-01
 7.32848E+00    1.88600E-01
 7.36875E+00    1.77920E-01
 7.40670E+00    1.67907E-01
 7.44246E+00    1.58521E-01
 7.47613E+00    1.49720E-01
 7.50785E+00    1.41470E-01
 7.53770E+00    1.33736E-01
 7.56579E+00    1.26485E-01
 7.61875E+00    1.12889E-01
 7.66540E+00    1.00992E-01
 7.70645E+00    9.05830E-02
 7.74254E+00    8.14748E-02
 7.77427E+00    7.35052E-02
 7.80213E+00    6.65318E-02
 7.82659E+00    6.04300E-02
 7.84806E+00    5.50910E-02
 7.86690E+00    5.04193E-02
 7.89996E+00    4.22439E-02
 7.92485E+00    3.61123E-02
 7.94357E+00    3.15137E-02
 7.95764E+00    2.80647E-02
 7.97879E+00    2.28912E-02
 8.00000E+00    1.77177E-02
 8.05598E+00    1.71823E-02
 8.11059E+00    1.66637E-02
 8.16384E+00    1.61612E-02
 8.26801E+00    1.51878E-02
 8.36688E+00    1.42751E-02
 8.46064E+00    1.34195E-02
 8.54949E+00    1.26174E-02
 8.63365E+00    1.18654E-02
 8.71329E+00    1.11605E-02
 8.78862E+00    1.04995E-02
 8.85983E+00    9.87992E-03
 8.92712E+00    9.29903E-03
 8.99067E+00    8.75445E-03
 9.05066E+00    8.24390E-03
 9.10726E+00    7.76526E-03
 9.16064E+00    7.31654E-03
 9.21097E+00    6.89586E-03
 9.25841E+00    6.50147E-03
 9.30310E+00    6.13174E-03
 9.34520E+00    5.78511E-03
 9.38484E+00    5.46014E-03
 9.42215E+00    5.15549E-03
 9.45727E+00    4.86988E-03
 9.49031E+00    4.60212E-03
 9.55257E+00    4.10006E-03
 9.60739E+00    3.66076E-03
 9.65561E+00    3.27638E-03
 9.69800E+00    2.94004E-03
 9.73525E+00    2.64575E-03
 9.76795E+00    2.38824E-03
 9.79666E+00    2.16292E-03
 9.82185E+00    1.96577E-03
 9.84394E+00    1.79325E-03
 9.88273E+00    1.49136E-03
 9.91192E+00    1.26494E-03
 9.93386E+00    1.09513E-03
 9.95036E+00    9.67767E-04
 9.97515E+00    7.76725E-04
 1.00000E+01    5.85684E-04
 1.01146E+01    5.50211E-04
 1.02232E+01    5.16955E-04
 1.03261E+01    4.85778E-04
 1.04235E+01    4.56549E-04
 1.05157E+01    4.29147E-04
 1.06028E+01    4.03457E-04
 1.06852E+01    3.79374E-04
 1.07630E+01    3.56795E-04
 1.08364E+01    3.35628E-04
 1.09057E+01    3.15783E-04
 1.09711E+01    2.97179E-04
 1.10327E+01    2.79737E-04
 1.10908E+01    2.63386E-04
 1.11456E+01    2.48057E-04
 1.11971E+01    2.33685E-04
 1.12457E+01    2.20212E-04
 1.12914E+01    2.07581E-04
 1.13345E+01    1.95740E-04
 1.13750E+01    1.84638E-04
 1.14513E+01    1.63823E-04
 1.15185E+01    1.45610E-04
 1.15776E+01    1.29673E-04
 1.16296E+01    1.15729E-04
 1.16752E+01    1.03527E-04
 1.17153E+01    9.28507E-05
 1.17506E+01    8.35089E-05
 1.17815E+01    7.53348E-05
 1.18085E+01    6.81825E-05
 1.18323E+01    6.19243E-05
 1.18740E+01    5.09723E-05
 1.19054E+01    4.27584E-05
 1.19290E+01    3.65979E-05
 1.19467E+01    3.19776E-05
 1.19733E+01    2.50471E-05
 1.20000E+01    1.81166E-05
 1.21162E+01    1.70347E-05
 1.22261E+01    1.60204E-05
 1.23301E+01    1.50695E-05
 1.24283E+01    1.41780E-05
 1.25212E+01    1.33422E-05
 1.26089E+01    1.25587E-05
 1.26916E+01    1.18241E-05
 1.27697E+01    1.11355E-05
 1.28433E+01    1.04899E-05
 1.29127E+01    9.88462E-06
 1.29781E+01    9.31720E-06
 1.30397E+01    8.78523E-06
 1.30978E+01    8.28652E-06
 1.31524E+01    7.81897E-06
 1.32039E+01    7.38065E-06
 1.32523E+01    6.96972E-06
 1.32978E+01    6.58447E-06
 1.33836E+01    5.86214E-06
 1.34592E+01    5.23009E-06
 1.35256E+01    4.67706E-06
 1.35840E+01    4.19315E-06
 1.36353E+01    3.76973E-06
 1.36804E+01    3.39924E-06
 1.37199E+01    3.07506E-06
 1.37546E+01    2.79140E-06
 1.37851E+01    2.54320E-06
 1.38385E+01    2.10885E-06
 1.38787E+01    1.78308E-06
 1.39089E+01    1.53876E-06
 1.39316E+01    1.35552E-06
 1.39658E+01    1.08066E-06
 1.40000E+01    8.05800E-07
 1.41173E+01    7.58800E-07
 1.42282E+01    7.14740E-07
 1.43330E+01    6.73440E-07
 1.44319E+01    6.34720E-07
 1.45252E+01    5.98410E-07
 1.46133E+01    5.64380E-07
 1.46963E+01    5.32470E-07
 1.47746E+01    5.02560E-07
 1.48483E+01    4.74520E-07
 1.49178E+01    4.48230E-07
 1.49833E+01    4.23580E-07
 1.50449E+01    4.00480E-07
 1.51029E+01    3.78810E-07
 1.51574E+01    3.58500E-07
 1.52603E+01    3.20430E-07
 1.53508E+01    2.87110E-07
 1.54305E+01    2.57950E-07
 1.55006E+01    2.32440E-07
 1.55621E+01    2.10120E-07
 1.56162E+01    1.90590E-07
 1.56637E+01    1.73500E-07
 1.57053E+01    1.58550E-07
 1.57419E+01    1.45460E-07
 1.58060E+01    1.22570E-07
 1.58543E+01    1.05390E-07
 1.58906E+01    9.25140E-08
 1.60000E+01    5.38750E-08
 1.80000E+01    4.93630E-09
 2.00000E+01    5.39610E-10
