# p + Am243 : (p,na)    
# tendl.2019 A.J. Koning                       EVAL-OCT19
# uncertainties: y
# # energies =    25
#   E(MeV)       xs(mb)       xslow(mb)      xsupp(mb)
 1.00000E-11    0.00000E+00    0.00000E+00    0.00000E+00
 1.00000E-03    1.00000E-17    1.00000E-17    1.00000E-17
 3.00000E+00    1.00000E-17    1.00000E-17    1.00000E-17
 4.00000E+00    5.56893E-17    5.56893E-17    5.56893E-17
 5.00000E+00    2.83127E-14    2.83127E-14    2.83127E-14
 6.00000E+00    3.52610E-11    3.52610E-11    3.52610E-11
 7.00000E+00    8.96485E-10    0.00000E+00    2.50426E-09
 8.00000E+00    6.46938E-09    0.00000E+00    1.80717E-08
 9.00000E+00    9.20758E-08    0.00000E+00    2.57206E-07
 1.00000E+01    1.39808E-06    0.00000E+00    3.85605E-06
 1.10000E+01    1.30370E-05    0.00000E+00    3.59574E-05
 1.20000E+01    8.72920E-05    0.00000E+00    2.40760E-04
 1.30000E+01    4.38619E-04    0.00000E+00    1.20976E-03
 1.40000E+01    1.87701E-03    0.00000E+00    4.36850E-03
 1.50000E+01    7.07628E-03    0.00000E+00    1.64691E-02
 1.60000E+01    2.34742E-02    0.00000E+00    5.46332E-02
 1.70000E+01    6.89569E-02    0.00000E+00    1.60488E-01
 1.80000E+01    1.72904E-01    4.20721E-02    3.03736E-01
 1.90000E+01    3.83382E-01    9.32869E-02    6.73477E-01
 2.00000E+01    7.91989E-01    1.92712E-01    1.39127E+00
 2.20000E+01    5.30085E+00    2.16744E+00    8.43426E+00
 2.40000E+01    1.18354E+01    4.83933E+00    1.88315E+01
 2.60000E+01    5.28983E+00    2.70028E+00    7.87938E+00
 2.80000E+01    3.82439E+00    1.95222E+00    5.69656E+00
 3.00000E+01    3.25037E+00    1.65920E+00    4.84154E+00
