# n + Re  0 : (n,t)
# endfb8.0   I.J. Thompson and N.C. Summers    EVAL-Jan11
# uncertainties: n
# # energies =    51
#   E(MeV)          xs(mb) 
 4.35725E+00    0.00000E+00
 1.02000E+01    1.20538E-07
 1.04000E+01    1.22663E-07
 1.06000E+01    4.11017E-07
 1.08000E+01    5.59827E-07
 1.10000E+01    2.93420E-07
 1.12000E+01    1.96683E-06
 1.14000E+01    2.22566E-06
 1.16000E+01    6.87990E-06
 1.18000E+01    9.19935E-06
 1.20000E+01    4.75330E-04
 1.22000E+01    1.37746E-03
 1.24000E+01    2.17158E-03
 1.26000E+01    3.16437E-03
 1.28000E+01    5.67631E-03
 1.30000E+01    8.01569E-03
 1.32000E+01    1.24918E-02
 1.34000E+01    1.78176E-02
 1.36000E+01    2.38508E-02
 1.38000E+01    3.73488E-02
 1.40000E+01    4.87910E-02
 1.42000E+01    6.78082E-02
 1.44000E+01    8.83296E-02
 1.46000E+01    1.09549E-01
 1.48000E+01    1.51033E-01
 1.50000E+01    1.83345E-01
 1.52000E+01    2.31263E-01
 1.54000E+01    2.79522E-01
 1.56000E+01    3.26880E-01
 1.58000E+01    4.10695E-01
 1.60000E+01    4.70503E-01
 1.62000E+01    5.54856E-01
 1.64000E+01    6.37309E-01
 1.66000E+01    7.16406E-01
 1.68000E+01    8.42994E-01
 1.70000E+01    9.34113E-01
 1.72000E+01    1.05433E+00
 1.74000E+01    1.17087E+00
 1.76000E+01    1.28144E+00
 1.78000E+01    1.44624E+00
 1.80000E+01    1.56237E+00
 1.82000E+01    1.71621E+00
 1.84000E+01    1.86192E+00
 1.86000E+01    1.99892E+00
 1.88000E+01    2.19174E+00
 1.90000E+01    2.33009E+00
 1.92000E+01    2.50428E+00
 1.94000E+01    2.66882E+00
 1.96000E+01    2.82133E+00
 1.98000E+01    3.02772E+00
 2.00000E+01    3.17463E+00
