# n + Tc 99 : (n,p06)   
# endfb8.0   Herman,Oblozinsky,Mughabghab+     EVAL-MAY06
# uncertainties: n
# # energies =    35
#   E(MeV)       xs(mb) 
 2.70000E+00    0.00000E+00
 3.00000E+00    8.45100E-07
 3.20000E+00    2.87832E-06
 3.50000E+00    2.53786E-05
 3.70000E+00    5.64162E-05
 4.00000E+00    1.59690E-04
 4.50000E+00    4.84482E-04
 4.75000E+00    6.85334E-04
 5.00000E+00    9.31532E-04
 5.50000E+00    1.05042E-03
 6.00000E+00    1.39252E-03
 6.50000E+00    1.59237E-03
 7.00000E+00    1.65152E-03
 7.50000E+00    1.58646E-03
 8.00000E+00    1.43110E-03
 9.00000E+00    1.04588E-03
 9.50000E+00    8.64314E-04
 1.00000E+01    7.03100E-04
 1.05000E+01    5.65237E-04
 1.10000E+01    4.51227E-04
 1.15000E+01    3.58254E-04
 1.20000E+01    2.83559E-04
 1.25000E+01    2.23664E-04
 1.30000E+01    1.60413E-04
 1.35000E+01    1.21360E-04
 1.40000E+01    9.14730E-05
 1.50000E+01    5.60745E-05
 1.55000E+01    4.36997E-05
 1.60000E+01    3.40131E-05
 1.65000E+01    2.78371E-05
 1.70000E+01    2.26736E-05
 1.80000E+01    1.38815E-05
 1.90000E+01    8.47018E-06
 1.95000E+01    6.54429E-06
 2.00000E+01    5.05577E-06
