# p + Se 78 : (p,p)     
# tendl.2019 A.J. Koning                       EVAL-OCT19
# uncertainties: y
# # energies =    46
#   E(MeV)       xs(mb)       xslow(mb)      xsupp(mb)
 6.21661E-01    0.00000E+00    0.00000E+00    0.00000E+00
 2.00000E+00    2.08844E-04    6.17896E-05    3.55898E-04
 3.00000E+00    5.22358E-01    0.00000E+00    1.27993E+00
 4.00000E+00    1.06855E+01    0.00000E+00    2.61826E+01
 5.00000E+00    6.97087E+00    0.00000E+00    2.25689E+01
 6.00000E+00    1.18418E+01    0.00000E+00    3.83390E+01
 7.00000E+00    2.72277E+01    0.00000E+00    5.77153E+01
 8.00000E+00    4.77899E+01    0.00000E+00    1.01302E+02
 9.00000E+00    6.90835E+01    0.00000E+00    1.46438E+02
 1.00000E+01    8.76345E+01    1.06077E+01    1.64661E+02
 1.10000E+01    1.02544E+02    1.24124E+01    1.92676E+02
 1.20000E+01    1.15724E+02    1.40078E+01    2.17440E+02
 1.30000E+01    1.29312E+02    1.56526E+01    2.42971E+02
 1.40000E+01    1.43272E+02    5.22668E+01    2.34277E+02
 1.50000E+01    1.55233E+02    5.66302E+01    2.53836E+02
 1.60000E+01    1.64462E+02    5.99970E+01    2.68927E+02
 1.70000E+01    1.70525E+02    6.22089E+01    2.78841E+02
 1.80000E+01    1.75617E+02    7.41825E+01    2.77051E+02
 1.90000E+01    1.77860E+02    7.51300E+01    2.80590E+02
 2.00000E+01    1.78336E+02    7.53311E+01    2.81341E+02
 2.20000E+01    1.76432E+02    7.65885E+01    2.76276E+02
 2.40000E+01    1.70710E+02    7.41046E+01    2.67315E+02
 2.60000E+01    1.64931E+02    7.08154E+01    2.59047E+02
 2.80000E+01    1.59524E+02    6.84938E+01    2.50554E+02
 3.00000E+01    1.54735E+02    6.64376E+01    2.43032E+02
 3.00000E+01    1.54771E+02    6.64530E+01    2.43089E+02
 3.50000E+01    1.40576E+02    6.03582E+01    2.20794E+02
 4.00000E+01    1.27718E+02    5.48374E+01    2.00598E+02
 4.50000E+01    1.14976E+02    4.93665E+01    1.80586E+02
 5.00000E+01    1.10884E+02    4.76096E+01    1.74158E+02
 5.50000E+01    1.03809E+02    4.45718E+01    1.63046E+02
 6.00000E+01    9.52522E+01    4.08978E+01    1.49607E+02
 6.50000E+01    8.74901E+01    3.75651E+01    1.37415E+02
 7.00000E+01    7.91049E+01    3.39648E+01    1.24245E+02
 7.50000E+01    7.27533E+01    3.12376E+01    1.14269E+02
 8.00000E+01    6.57588E+01    2.82344E+01    1.03283E+02
 9.00000E+01    5.41828E+01    2.32641E+01    8.51015E+01
 1.00000E+02    4.46410E+01    1.91672E+01    7.01148E+01
 1.10000E+02    3.62700E+01    1.55730E+01    5.69670E+01
 1.20000E+02    2.99521E+01    1.28603E+01    4.70439E+01
 1.30000E+02    2.43608E+01    1.04596E+01    3.82620E+01
 1.40000E+02    2.03578E+01    8.74090E+00    3.19747E+01
 1.50000E+02    1.67922E+01    7.20996E+00    2.63744E+01
 1.60000E+02    1.40800E+01    6.04544E+00    2.21146E+01
 1.80000E+02    1.03240E+01    4.43275E+00    1.62153E+01
 2.00000E+02    7.85198E+00    3.37135E+00    1.23326E+01
