# p + Kr 85 : (p,2n)    
# tendl.2019 A.J. Koning                       EVAL-OCT19
# uncertainties: y
# # energies =    37
#   E(MeV)       xs(mb)       xslow(mb)      xsupp(mb)
 1.07005E+01    0.00000E+00    0.00000E+00    0.00000E+00
 1.10000E+01    1.83740E+01    1.61010E+01    2.06470E+01
 1.20000E+01    2.90321E+02    2.54406E+02    3.26236E+02
 1.30000E+01    5.70720E+02    5.00117E+02    6.41323E+02
 1.40000E+01    7.63248E+02    6.24305E+02    9.02192E+02
 1.50000E+01    8.63299E+02    7.06142E+02    1.02046E+03
 1.60000E+01    9.23567E+02    7.55439E+02    1.09170E+03
 1.70000E+01    9.48839E+02    7.76110E+02    1.12157E+03
 1.80000E+01    9.60395E+02    6.92098E+02    1.22869E+03
 1.90000E+01    9.65340E+02    6.95662E+02    1.23502E+03
 2.00000E+01    9.59753E+02    6.91635E+02    1.22787E+03
 2.20000E+01    7.78700E+02    5.40033E+02    1.01737E+03
 2.40000E+01    5.00155E+02    3.46860E+02    6.53450E+02
 2.60000E+01    3.02881E+02    2.15544E+02    3.90218E+02
 2.80000E+01    2.07956E+02    1.47991E+02    2.67921E+02
 3.00000E+01    1.56516E+02    1.11384E+02    2.01648E+02
 3.00000E+01    1.57128E+02    1.11820E+02    2.02437E+02
 3.50000E+01    1.09254E+02    7.77505E+01    1.40758E+02
 4.00000E+01    8.87831E+01    6.31823E+01    1.14384E+02
 4.50000E+01    7.34892E+01    5.22984E+01    9.46800E+01
 5.00000E+01    6.25376E+01    4.45047E+01    8.05705E+01
 5.50000E+01    5.36863E+01    3.82057E+01    6.91669E+01
 6.00000E+01    4.67189E+01    3.32474E+01    6.01904E+01
 6.50000E+01    4.08744E+01    2.90882E+01    5.26607E+01
 7.00000E+01    3.66875E+01    2.61086E+01    4.72664E+01
 7.50000E+01    3.29151E+01    2.34240E+01    4.24063E+01
 8.00000E+01    2.90733E+01    2.06899E+01    3.74566E+01
 9.00000E+01    2.33518E+01    1.66183E+01    3.00854E+01
 1.00000E+02    1.94278E+01    1.38257E+01    2.50299E+01
 1.10000E+02    1.58565E+01    1.12842E+01    2.04288E+01
 1.20000E+02    1.31050E+01    9.32617E+00    1.68839E+01
 1.30000E+02    1.13752E+01    8.09515E+00    1.46553E+01
 1.40000E+02    9.73339E+00    6.92674E+00    1.25400E+01
 1.50000E+02    8.64313E+00    6.15086E+00    1.11354E+01
 1.60000E+02    7.82990E+00    5.57213E+00    1.00877E+01
 1.80000E+02    6.28676E+00    4.47396E+00    8.09956E+00
 2.00000E+02    5.24156E+00    3.73014E+00    6.75298E+00
