# n + Er167 : (n,el)    
# jendl4.0   A.K.M.HARUN-AR-RASHID+            EVAL-SEP00
# uncertainties: n
# # energies =   616
#   E(MeV)       xs(mb) 
 1.00000E-11    6.25482E+03
 1.04713E-11    6.11867E+03
 1.09648E-11    5.98566E+03
 1.14815E-11    5.85595E+03
 1.20226E-11    5.72919E+03
 1.25893E-11    5.60563E+03
 1.31826E-11    5.48487E+03
 1.38038E-11    5.36716E+03
 1.44544E-11    5.25217E+03
 1.51356E-11    5.14004E+03
 1.58489E-11    5.03060E+03
 1.65959E-11    4.92380E+03
 1.73780E-11    4.81966E+03
 1.81970E-11    4.71797E+03
 1.90546E-11    4.61890E+03
 1.99526E-11    4.52213E+03
 2.08930E-11    4.42788E+03
 2.18776E-11    4.33585E+03
 2.29087E-11    4.24621E+03
 2.39883E-11    4.15873E+03
 2.51189E-11    4.07351E+03
 2.63027E-11    3.99043E+03
 2.75423E-11    3.90936E+03
 2.88403E-11    3.83045E+03
 3.01995E-11    3.75351E+03
 3.16228E-11    3.67849E+03
 3.31131E-11    3.60550E+03
 3.46737E-11    3.53434E+03
 3.63078E-11    3.46501E+03
 3.80189E-11    3.39757E+03
 3.98107E-11    3.33183E+03
 4.16869E-11    3.26786E+03
 4.36516E-11    3.20563E+03
 4.57088E-11    3.14498E+03
 4.78630E-11    3.08605E+03
 5.01187E-11    3.02869E+03
 5.24807E-11    2.97286E+03
 5.49541E-11    2.91864E+03
 5.75440E-11    2.86588E+03
 6.02560E-11    2.81457E+03
 6.30957E-11    2.76477E+03
 6.60693E-11    2.71633E+03
 6.91831E-11    2.66930E+03
 7.24436E-11    2.62365E+03
 7.58578E-11    2.57930E+03
 7.94328E-11    2.53622E+03
 8.31764E-11    2.49447E+03
 8.70964E-11    2.45396E+03
 9.12011E-11    2.41464E+03
 9.54993E-11    2.37653E+03
 1.00000E-10    2.33963E+03
 1.04713E-10    2.30384E+03
 1.09648E-10    2.26916E+03
 1.14815E-10    2.23562E+03
 1.20226E-10    2.20315E+03
 1.25893E-10    2.17172E+03
 1.31826E-10    2.14130E+03
 1.38038E-10    2.11189E+03
 1.44544E-10    2.08349E+03
 1.51356E-10    2.05604E+03
 1.58489E-10    2.02953E+03
 1.65959E-10    2.00393E+03
 1.73780E-10    1.97921E+03
 1.81970E-10    1.95537E+03
 1.90546E-10    1.93239E+03
 1.99526E-10    1.91025E+03
 2.08930E-10    1.88891E+03
 2.18776E-10    1.86835E+03
 2.29087E-10    1.84856E+03
 2.39883E-10    1.82952E+03
 2.51189E-10    1.81120E+03
 2.63027E-10    1.79358E+03
 2.75423E-10    1.77665E+03
 2.88403E-10    1.76039E+03
 3.01995E-10    1.74476E+03
 3.16228E-10    1.72976E+03
 3.31131E-10    1.71537E+03
 3.46737E-10    1.70155E+03
 3.63078E-10    1.68830E+03
 3.80189E-10    1.67560E+03
 3.98107E-10    1.66343E+03
 4.16869E-10    1.65177E+03
 4.36516E-10    1.64060E+03
 4.57088E-10    1.62990E+03
 4.78630E-10    1.61967E+03
 5.01187E-10    1.60985E+03
 5.24807E-10    1.60045E+03
 5.49541E-10    1.59146E+03
 5.75440E-10    1.58286E+03
 6.02560E-10    1.57466E+03
 6.30957E-10    1.56678E+03
 6.60693E-10    1.55923E+03
 6.91831E-10    1.55204E+03
 7.24436E-10    1.54518E+03
 7.58578E-10    1.53856E+03
 7.94328E-10    1.53224E+03
 8.31764E-10    1.52624E+03
 8.70964E-10    1.52046E+03
 9.12011E-10    1.51491E+03
 9.54993E-10    1.50968E+03
 1.00000E-09    1.50458E+03
 1.04713E-09    1.49973E+03
 1.09648E-09    1.49513E+03
 1.14815E-09    1.49063E+03
 1.20226E-09    1.48644E+03
 1.25892E-09    1.48230E+03
 1.31826E-09    1.47844E+03
 1.38038E-09    1.47465E+03
 1.44544E-09    1.47108E+03
 1.51356E-09    1.46760E+03
 1.58489E-09    1.46431E+03
 1.65959E-09    1.46110E+03
 1.73780E-09    1.45808E+03
 1.81970E-09    1.45508E+03
 1.90546E-09    1.45231E+03
 1.99526E-09    1.44951E+03
 2.08930E-09    1.44695E+03
 2.18776E-09    1.44435E+03
 2.29087E-09    1.44196E+03
 2.39883E-09    1.43958E+03
 2.51189E-09    1.43726E+03
 2.63027E-09    1.43511E+03
 2.75423E-09    1.43289E+03
 2.88403E-09    1.43086E+03
 3.01995E-09    1.42886E+03
 3.16228E-09    1.42681E+03
 3.31131E-09    1.42498E+03
 3.46737E-09    1.42310E+03
 3.63078E-09    1.42120E+03
 3.80189E-09    1.41950E+03
 3.98107E-09    1.41774E+03
 4.16869E-09    1.41594E+03
 4.36516E-09    1.41432E+03
 4.57088E-09    1.41267E+03
 4.78630E-09    1.41095E+03
 5.01187E-09    1.40934E+03
 5.24807E-09    1.40778E+03
 5.49541E-09    1.40615E+03
 5.75440E-09    1.40448E+03
 6.02560E-09    1.40294E+03
 6.30957E-09    1.40138E+03
 6.60693E-09    1.39975E+03
 6.91831E-09    1.39806E+03
 7.24436E-09    1.39650E+03
 7.58578E-09    1.39491E+03
 7.94328E-09    1.39324E+03
 8.31764E-09    1.39150E+03
 8.70964E-09    1.38979E+03
 9.12011E-09    1.38813E+03
 9.54993E-09    1.38639E+03
 1.00000E-08    1.38456E+03
 1.04713E-08    1.38265E+03
 1.09648E-08    1.38077E+03
 1.14815E-08    1.37889E+03
 1.20226E-08    1.37692E+03
 1.25893E-08    1.37486E+03
 1.31826E-08    1.37271E+03
 1.38038E-08    1.37046E+03
 1.44544E-08    1.36825E+03
 1.51356E-08    1.36596E+03
 1.58489E-08    1.36356E+03
 1.65959E-08    1.36106E+03
 1.73780E-08    1.35843E+03
 1.81970E-08    1.35568E+03
 1.90546E-08    1.35281E+03
 1.99526E-08    1.34989E+03
 2.08930E-08    1.34685E+03
 2.18776E-08    1.34366E+03
 2.29087E-08    1.34033E+03
 2.39883E-08    1.33684E+03
 2.51189E-08    1.33319E+03
 2.63027E-08    1.32938E+03
 2.75423E-08    1.32540E+03
 2.88403E-08    1.32122E+03
 3.01995E-08    1.31685E+03
 3.16228E-08    1.31227E+03
 3.31131E-08    1.30748E+03
 3.46737E-08    1.30246E+03
 3.63078E-08    1.29720E+03
 3.80189E-08    1.29170E+03
 3.98107E-08    1.28593E+03
 4.16869E-08    1.27989E+03
 4.36516E-08    1.27344E+03
 4.57088E-08    1.26666E+03
 4.78630E-08    1.25955E+03
 5.01187E-08    1.25211E+03
 5.24807E-08    1.24432E+03
 5.49541E-08    1.23600E+03
 5.75440E-08    1.22722E+03
 6.02560E-08    1.21803E+03
 6.30957E-08    1.20838E+03
 6.60693E-08    1.19808E+03
 6.91831E-08    1.18723E+03
 7.24436E-08    1.17585E+03
 7.58578E-08    1.16372E+03
 7.94328E-08    1.15091E+03
 8.31764E-08    1.13744E+03
 8.70964E-08    1.12304E+03
 9.12011E-08    1.10791E+03
 9.54993E-08    1.09177E+03
 1.00000E-07    1.07474E+03
 1.04713E-07    1.05657E+03
 1.09648E-07    1.03738E+03
 1.14815E-07    1.01691E+03
 1.20226E-07    9.95186E+02
 1.25893E-07    9.72089E+02
 1.31826E-07    9.47484E+02
 1.38038E-07    9.21291E+02
 1.44544E-07    8.93415E+02
 1.51356E-07    8.63727E+02
 1.58489E-07    8.32101E+02
 1.65959E-07    7.98430E+02
 1.73780E-07    7.62610E+02
 1.81970E-07    7.24556E+02
 1.90546E-07    6.84219E+02
 1.99526E-07    6.41585E+02
 2.08930E-07    5.96864E+02
 2.18776E-07    5.50229E+02
 2.29087E-07    5.02218E+02
 2.39883E-07    4.53873E+02
 2.51189E-07    4.06898E+02
 2.63027E-07    3.64252E+02
 2.75423E-07    3.30991E+02
 2.88403E-07    3.15896E+02
 3.01995E-07    3.34514E+02
 3.16228E-07    4.15246E+02
 3.31131E-07    6.12172E+02
 3.46737E-07    1.03330E+03
 3.63078E-07    1.90663E+03
 3.80189E-07    3.73519E+03
 3.98107E-07    7.60239E+03
 4.16869E-07    1.52367E+04
 4.36516E-07    2.64986E+04
 4.57088E-07    3.46501E+04
 4.78630E-07    3.36193E+04
 5.01187E-07    2.83965E+04
 5.24807E-07    2.55921E+04
 5.49541E-07    2.65948E+04
 5.75440E-07    2.66145E+04
 6.02560E-07    2.13688E+04
 6.30957E-07    1.54368E+04
 6.60693E-07    1.17236E+04
 6.91831E-07    9.56817E+03
 7.24436E-07    8.21239E+03
 7.58578E-07    7.28505E+03
 7.94328E-07    6.60879E+03
 8.31764E-07    6.09251E+03
 8.70964E-07    5.68418E+03
 9.12011E-07    5.35265E+03
 9.54993E-07    5.07765E+03
 1.00000E-06    4.84565E+03
 1.04713E-06    4.64725E+03
 1.09648E-06    4.47540E+03
 1.14815E-06    4.32514E+03
 1.20226E-06    4.19259E+03
 1.25893E-06    4.07466E+03
 1.31826E-06    3.96919E+03
 1.38038E-06    3.87411E+03
 1.44544E-06    3.78856E+03
 1.51356E-06    3.71099E+03
 1.58489E-06    3.64020E+03
 1.65959E-06    3.57588E+03
 1.73780E-06    3.51820E+03
 1.81970E-06    3.46532E+03
 1.90546E-06    3.41787E+03
 1.99526E-06    3.37612E+03
 2.08930E-06    3.33879E+03
 2.18776E-06    3.30909E+03
 2.29087E-06    3.28313E+03
 2.39883E-06    3.26637E+03
 2.51189E-06    3.25567E+03
 2.63027E-06    3.25872E+03
 2.75423E-06    3.27235E+03
 2.88403E-06    3.30277E+03
 3.01995E-06    3.35453E+03
 3.16228E-06    3.43453E+03
 3.31131E-06    3.55345E+03
 3.46737E-06    3.72718E+03
 3.63078E-06    3.97886E+03
 3.80189E-06    4.34876E+03
 3.98107E-06    4.89838E+03
 4.16869E-06    5.74249E+03
 4.36516E-06    7.08857E+03
 4.57088E-06    9.37635E+03
 4.78630E-06    1.36133E+04
 5.01187E-06    2.26012E+04
 5.24807E-06    4.67689E+04
 5.49541E-06    1.57832E+05
 5.75440E-06    1.99986E+06
 6.02560E-06    1.19294E+06
 6.30957E-06    1.24658E+05
 6.60693E-06    4.68025E+04
 6.91831E-06    2.50241E+04
 7.24436E-06    1.54529E+04
 7.58578E-06    9.96100E+03
 7.94328E-06    7.43731E+03
 8.31764E-06    4.24608E+03
 8.70964E-06    5.48398E+03
 9.12011E-06    3.22111E+05
 9.54993E-06    6.04121E+04
 1.00000E-05    1.97287E+04
 1.04713E-05    1.31956E+04
 1.09648E-05    1.03537E+04
 1.14815E-05    8.69053E+03
 1.20226E-05    7.55378E+03
 1.25893E-05    6.69718E+03
 1.31826E-05    6.00438E+03
 1.38038E-05    5.41200E+03
 1.44544E-05    4.87757E+03
 1.51356E-05    4.37544E+03
 1.58489E-05    3.87470E+03
 1.65959E-05    3.35508E+03
 1.73780E-05    2.77170E+03
 1.81970E-05    2.02085E+03
 1.90546E-05    9.54854E+02
 1.99526E-05    3.24591E+04
 2.08930E-05    4.38964E+03
 2.18776E-05    4.10321E+03
 2.29087E-05    4.29142E+03
 2.39883E-05    1.84151E+04
 2.51189E-05    1.56024E+06
 2.63027E-05    1.01402E+06
 2.75423E-05    7.45312E+04
 2.88403E-05    2.75905E+04
 3.01995E-05    1.76049E+04
 3.16228E-05    3.06950E+04
 3.31131E-05    1.64024E+04
 3.46737E-05    9.89898E+03
 3.63078E-05    2.61588E+04
 3.80189E-05    3.26479E+04
 3.98107E-05    1.30091E+04
 4.16869E-05    1.39251E+04
 4.36516E-05    8.85205E+03
 4.57088E-05    7.08469E+03
 4.78630E-05    8.26370E+03
 5.01187E-05    1.26484E+04
 5.24807E-05    3.63957E+05
 5.49541E-05    1.91993E+04
 5.75440E-05    2.87962E+04
 6.02560E-05    2.26521E+04
 6.30957E-05    1.36016E+04
 6.60693E-05    9.53579E+03
 6.91831E-05    9.74802E+03
 7.24436E-05    1.07853E+04
 7.58578E-05    1.21436E+04
 7.94328E-05    1.17226E+04
 8.31764E-05    7.93805E+03
 8.70964E-05    6.79098E+03
 9.12011E-05    2.27342E+04
 9.54993E-05    9.02463E+03
 1.00000E-04    6.15563E+03
 1.04713E-04    7.48700E+04
 1.09648E-04    9.45766E+03
 1.14815E-04    7.98871E+03
 1.20226E-04    5.92363E+03
 1.25893E-04    7.86691E+04
 1.31826E-04    3.86153E+04
 1.38038E-04    1.25882E+04
 1.44544E-04    6.85875E+03
 1.51356E-04    4.87443E+04
 1.58489E-04    2.41221E+04
 1.65959E-04    6.86665E+04
 1.73780E-04    2.24159E+04
 1.81970E-04    1.08728E+04
 1.90546E-04    5.69994E+04
 1.99526E-04    8.90736E+03
 2.08930E-04    2.28441E+04
 2.18776E-04    1.82953E+04
 2.29087E-04    2.07276E+04
 2.39883E-04    1.08296E+04
 2.51189E-04    2.70802E+04
 2.63027E-04    1.30596E+04
 2.75423E-04    6.73919E+04
 2.88403E-04    1.08673E+04
 3.01995E-04    1.10644E+04
 3.16228E-04    1.36488E+04
 3.31131E-04    5.16576E+04
 3.46737E-04    2.13216E+04
 3.63078E-04    3.01371E+04
 3.80189E-04    2.84592E+04
 3.98107E-04    1.64743E+04
 4.16869E-04    1.30540E+04
 4.36516E-04    2.72029E+04
 4.57088E-04    1.76670E+04
 4.78630E-04    5.76063E+04
 5.01187E-04    1.89137E+04
 5.24807E-04    3.97807E+04
 5.49541E-04    2.21483E+04
 5.75440E-04    2.73780E+04
 6.02560E-04    2.17633E+04
 6.30957E-04    2.16053E+04
 6.60693E-04    2.14399E+04
 6.91831E-04    2.12744E+04
 7.24436E-04    2.11235E+04
 7.58578E-04    2.09669E+04
 7.94328E-04    2.08029E+04
 8.31764E-04    2.06367E+04
 8.70964E-04    2.04878E+04
 9.12011E-04    2.03350E+04
 9.54993E-04    2.01750E+04
 1.00000E-03    2.00091E+04
 1.04713E-03    1.98596E+04
 1.09648E-03    1.97112E+04
 1.14815E-03    1.95558E+04
 1.20226E-03    1.93933E+04
 1.25893E-03    1.92415E+04
 1.31826E-03    1.90949E+04
 1.38038E-03    1.89415E+04
 1.44544E-03    1.87858E+04
 1.51356E-03    1.86447E+04
 1.58489E-03    1.84995E+04
 1.65959E-03    1.83474E+04
 1.73780E-03    1.81939E+04
 1.81970E-03    1.80542E+04
 1.90546E-03    1.79098E+04
 1.99526E-03    1.77598E+04
 2.08930E-03    1.76231E+04
 2.18776E-03    1.74873E+04
 2.29087E-03    1.73452E+04
 2.39883E-03    1.71964E+04
 2.51189E-03    1.70574E+04
 2.63027E-03    1.69245E+04
 2.75423E-03    1.67852E+04
 2.88403E-03    1.66437E+04
 3.01995E-03    1.65162E+04
 3.16228E-03    1.63855E+04
 3.31131E-03    1.62486E+04
 3.46737E-03    1.61100E+04
 3.63078E-03    1.59847E+04
 3.80189E-03    1.58557E+04
 3.98107E-03    1.57214E+04
 4.16869E-03    1.55992E+04
 4.36516E-03    1.54787E+04
 4.57088E-03    1.53526E+04
 4.78630E-03    1.52205E+04
 5.01187E-03    1.50968E+04
 5.24807E-03    1.49797E+04
 5.49541E-03    1.48571E+04
 5.75440E-03    1.47320E+04
 6.02560E-03    1.46200E+04
 6.30957E-03    1.45056E+04
 6.60693E-03    1.43859E+04
 6.91831E-03    1.42643E+04
 7.24436E-03    1.41551E+04
 7.58578E-03    1.40430E+04
 7.94328E-03    1.39262E+04
 8.31764E-03    1.38200E+04
 8.70964E-03    1.37162E+04
 9.12011E-03    1.36075E+04
 9.54993E-03    1.34937E+04
 1.00000E-02    1.34928E+04
 1.04713E-02    1.29054E+04
 1.09648E-02    1.25016E+04
 1.14815E-02    1.23588E+04
 1.20226E-02    1.22224E+04
 1.25893E-02    1.20900E+04
 1.31826E-02    1.19514E+04
 1.38038E-02    1.18113E+04
 1.44544E-02    1.16802E+04
 1.51356E-02    1.15567E+04
 1.58489E-02    1.14338E+04
 1.65959E-02    1.13051E+04
 1.73780E-02    1.11792E+04
 1.81970E-02    1.10632E+04
 1.90546E-02    1.09419E+04
 1.99526E-02    1.08242E+04
 2.08930E-02    1.07123E+04
 2.18776E-02    1.05964E+04
 2.29087E-02    1.04885E+04
 2.39883E-02    1.03789E+04
 2.51189E-02    1.02743E+04
 2.63027E-02    1.01717E+04
 2.75423E-02    1.00680E+04
 2.88403E-02    9.97313E+03
 3.01995E-02    9.87499E+03
 3.16228E-02    9.77388E+03
 3.31131E-02    9.68314E+03
 3.46737E-02    9.59179E+03
 3.63078E-02    9.49691E+03
 3.80189E-02    9.41013E+03
 3.98107E-02    9.32369E+03
 4.16869E-02    9.23610E+03
 4.36516E-02    9.15747E+03
 4.57088E-02    9.07671E+03
 4.78630E-02    8.99216E+03
 5.01187E-02    8.91201E+03
 5.24807E-02    8.83504E+03
 5.49541E-02    8.76114E+03
 5.75440E-02    8.69106E+03
 6.02560E-02    8.61768E+03
 6.30957E-02    8.54183E+03
 6.60693E-02    8.47404E+03
 6.91831E-02    8.40645E+03
 7.24436E-02    8.33624E+03
 7.58578E-02    8.27584E+03
 7.94328E-02    8.20531E+03
 8.31764E-02    8.10854E+03
 8.70964E-02    8.00676E+03
 9.12011E-02    7.90018E+03
 9.54993E-02    7.78858E+03
 1.00000E-01    7.70260E+03
 1.04713E-01    7.64415E+03
 1.09648E-01    7.58295E+03
 1.14815E-01    7.51886E+03
 1.20226E-01    7.45223E+03
 1.25893E-01    7.39098E+03
 1.31826E-01    7.32999E+03
 1.38038E-01    7.26613E+03
 1.44544E-01    7.20414E+03
 1.51356E-01    7.14552E+03
 1.58489E-01    7.08415E+03
 1.65959E-01    7.01990E+03
 1.73780E-01    6.95292E+03
 1.81970E-01    6.88326E+03
 1.90546E-01    6.80916E+03
 1.99526E-01    6.74404E+03
 2.08930E-01    6.70371E+03
 2.18776E-01    6.66236E+03
 2.29087E-01    6.61907E+03
 2.39883E-01    6.57429E+03
 2.51189E-01    6.53307E+03
 2.63027E-01    6.49137E+03
 2.75423E-01    6.44771E+03
 2.88403E-01    6.39630E+03
 3.01995E-01    6.32969E+03
 3.16228E-01    6.25946E+03
 3.31131E-01    6.18592E+03
 3.46737E-01    6.10292E+03
 3.63078E-01    5.99466E+03
 3.80189E-01    5.87942E+03
 3.98107E-01    5.81016E+03
 4.16869E-01    5.79971E+03
 4.36516E-01    5.76554E+03
 4.57088E-01    5.70692E+03
 4.78630E-01    5.64496E+03
 5.01187E-01    5.58006E+03
 5.24807E-01    5.50696E+03
 5.49541E-01    5.39602E+03
 5.75440E-01    5.25267E+03
 6.02560E-01    5.20161E+03
 6.30957E-01    5.23761E+03
 6.60693E-01    5.25620E+03
 6.91831E-01    5.25515E+03
 7.24436E-01    5.21763E+03
 7.58578E-01    5.03293E+03
 7.94328E-01    4.84111E+03
 8.31764E-01    4.80138E+03
 8.70964E-01    4.76288E+03
 9.12011E-01    4.71980E+03
 9.54993E-01    4.66948E+03
 1.00000E+00    4.62267E+03
 1.04713E+00    4.58433E+03
 1.09648E+00    4.54438E+03
 1.14815E+00    4.50232E+03
 1.20226E+00    4.45876E+03
 1.25893E+00    4.41887E+03
 1.31826E+00    4.37836E+03
 1.38038E+00    4.33594E+03
 1.44544E+00    4.29152E+03
 1.51356E+00    4.24501E+03
 1.58489E+00    4.19631E+03
 1.65959E+00    4.14531E+03
 1.73780E+00    4.09191E+03
 1.81970E+00    4.03599E+03
 1.90546E+00    3.97743E+03
 1.99526E+00    3.91612E+03
 2.08930E+00    3.85192E+03
 2.18776E+00    3.78492E+03
 2.29087E+00    3.71738E+03
 2.39883E+00    3.64737E+03
 2.51189E+00    3.57407E+03
 2.63027E+00    3.49861E+03
 2.75423E+00    3.42428E+03
 2.88403E+00    3.34685E+03
 3.01995E+00    3.26951E+03
 3.16228E+00    3.19536E+03
 3.31131E+00    3.12028E+03
 3.46737E+00    3.04695E+03
 3.63078E+00    2.97563E+03
 3.80189E+00    2.90551E+03
 3.98107E+00    2.83935E+03
 4.16869E+00    2.77791E+03
 4.36516E+00    2.72098E+03
 4.57088E+00    2.66901E+03
 4.78630E+00    2.62269E+03
 5.01187E+00    2.58268E+03
 5.24807E+00    2.54758E+03
 5.49541E+00    2.52007E+03
 5.75440E+00    2.49689E+03
 6.02560E+00    2.50377E+03
 6.30957E+00    2.52380E+03
 6.60693E+00    2.49928E+03
 6.91831E+00    2.47713E+03
 7.24436E+00    2.48728E+03
 7.58578E+00    2.49969E+03
 7.94328E+00    2.51755E+03
 8.31764E+00    2.53841E+03
 8.70964E+00    2.56025E+03
 9.12011E+00    2.58313E+03
 9.54993E+00    2.60708E+03
 1.00000E+01    2.63243E+03
 1.04713E+01    2.65670E+03
 1.09648E+01    2.67772E+03
 1.14815E+01    2.69278E+03
 1.20226E+01    2.70699E+03
 1.25893E+01    2.71647E+03
 1.31826E+01    2.72262E+03
 1.38038E+01    2.72122E+03
 1.44544E+01    2.71616E+03
 1.51356E+01    2.70403E+03
 1.58489E+01    2.68790E+03
 1.65959E+01    2.66766E+03
 1.73780E+01    2.63945E+03
 1.81970E+01    2.60969E+03
 1.90546E+01    2.57852E+03
 1.99526E+01    1.31922E+02
