# n + Pt196 : (n,n'20)  
# tendl.2019 A.J. Koning and D. Rochman        EVAL-NOV19
# uncertainties: n
# # energies =    71
#   E(MeV)       xs(mb) 
 1.80433E+00    0.00000E+00
 1.81158E+00    1.24937E+00
 1.81409E+00    1.68192E+00
 1.83006E+00    4.43399E+00
 1.83261E+00    4.87342E+00
 1.83511E+00    5.30423E+00
 1.84142E+00    6.39163E+00
 1.85686E+00    9.05237E+00
 1.86320E+00    1.01449E+01
 1.89303E+00    1.52854E+01
 1.89786E+00    1.61178E+01
 2.00000E+00    3.37193E+01
 2.20000E+00    3.72880E+01
 2.40000E+00    3.33820E+01
 2.60000E+00    2.71646E+01
 2.80000E+00    2.11303E+01
 3.00000E+00    1.61088E+01
 3.20000E+00    1.22008E+01
 3.40000E+00    9.25636E+00
 3.60000E+00    7.06798E+00
 3.80000E+00    5.44913E+00
 4.00000E+00    4.25138E+00
 4.20000E+00    3.36482E+00
 4.40000E+00    2.70746E+00
 4.60000E+00    2.21942E+00
 4.80000E+00    1.85669E+00
 5.00000E+00    1.58694E+00
 5.20000E+00    1.38615E+00
 5.40000E+00    1.23665E+00
 5.60000E+00    1.12389E+00
 5.80000E+00    1.04116E+00
 6.00000E+00    9.80508E-01
 6.20000E+00    9.36277E-01
 6.40000E+00    9.04871E-01
 6.60000E+00    8.82980E-01
 6.80000E+00    8.68547E-01
 7.00000E+00    8.59755E-01
 7.20000E+00    8.55163E-01
 7.40000E+00    8.53718E-01
 7.60000E+00    8.54387E-01
 7.80000E+00    8.56439E-01
 8.00000E+00    8.59259E-01
 8.50000E+00    8.66891E-01
 9.00000E+00    8.72655E-01
 9.50000E+00    8.75771E-01
 1.00000E+01    8.76948E-01
 1.05000E+01    8.77009E-01
 1.10000E+01    8.76211E-01
 1.15000E+01    8.74225E-01
 1.20000E+01    8.70528E-01
 1.25000E+01    8.64718E-01
 1.30000E+01    8.56737E-01
 1.35000E+01    8.46867E-01
 1.40000E+01    8.35658E-01
 1.45000E+01    8.23823E-01
 1.50000E+01    8.12130E-01
 1.60000E+01    7.91906E-01
 1.70000E+01    7.78567E-01
 1.80000E+01    7.72059E-01
 1.90000E+01    7.69605E-01
 2.00000E+01    7.67973E-01
 2.10000E+01    7.65244E-01
 2.20000E+01    7.61375E-01
 2.30000E+01    7.57650E-01
 2.40000E+01    7.55691E-01
 2.50000E+01    7.56636E-01
 2.60000E+01    7.60753E-01
 2.70000E+01    7.67421E-01
 2.80000E+01    7.75429E-01
 2.90000E+01    7.83506E-01
 3.00000E+01    7.90770E-01
