# n + Sn115 : (n,tot)   
# jendl4.0   N.Iwamoto,K.Shibata               EVAL-Dec09
# uncertainties: n
# # energies =   616
#   E(MeV)       xs(mb) 
 1.00000E-11    2.96972E+06
 1.04713E-11    2.90218E+06
 1.09648E-11    2.83613E+06
 1.14815E-11    2.77165E+06
 1.20226E-11    2.70856E+06
 1.25893E-11    2.64699E+06
 1.31826E-11    2.58674E+06
 1.38038E-11    2.52793E+06
 1.44544E-11    2.47041E+06
 1.51356E-11    2.41424E+06
 1.58489E-11    2.35933E+06
 1.65959E-11    2.30566E+06
 1.73780E-11    2.25325E+06
 1.81970E-11    2.20198E+06
 1.90546E-11    2.15194E+06
 1.99526E-11    2.10297E+06
 2.08930E-11    2.05519E+06
 2.18776E-11    2.00843E+06
 2.29087E-11    1.96280E+06
 2.39883E-11    1.91816E+06
 2.51189E-11    1.87456E+06
 2.63027E-11    1.83195E+06
 2.75423E-11    1.79030E+06
 2.88403E-11    1.74963E+06
 3.01995E-11    1.70985E+06
 3.16228E-11    1.67102E+06
 3.31131E-11    1.63302E+06
 3.46737E-11    1.59594E+06
 3.63078E-11    1.55966E+06
 3.80189E-11    1.52425E+06
 3.98107E-11    1.48961E+06
 4.16869E-11    1.45578E+06
 4.36516E-11    1.42273E+06
 4.57088E-11    1.39041E+06
 4.78630E-11    1.35885E+06
 5.01187E-11    1.32798E+06
 5.24807E-11    1.29786E+06
 5.49541E-11    1.26838E+06
 5.75440E-11    1.23961E+06
 6.02560E-11    1.21147E+06
 6.30957E-11    1.18399E+06
 6.60693E-11    1.15713E+06
 6.91831E-11    1.13088E+06
 7.24436E-11    1.10524E+06
 7.58578E-11    1.08017E+06
 7.94328E-11    1.05570E+06
 8.31764E-11    1.03175E+06
 8.70964E-11    1.00838E+06
 9.12011E-11    9.85522E+05
 9.54993E-11    9.63209E+05
 1.00000E-10    9.41384E+05
 1.04713E-10    9.20073E+05
 1.09648E-10    8.99243E+05
 1.14815E-10    8.78885E+05
 1.20226E-10    8.59006E+05
 1.25893E-10    8.39562E+05
 1.31826E-10    8.20586E+05
 1.38038E-10    8.02020E+05
 1.44544E-10    7.83903E+05
 1.51356E-10    7.66178E+05
 1.58489E-10    7.48878E+05
 1.65959E-10    7.31961E+05
 1.73780E-10    7.15437E+05
 1.81970E-10    6.99293E+05
 1.90546E-10    6.83510E+05
 1.99526E-10    6.68103E+05
 2.08930E-10    6.53031E+05
 2.18776E-10    6.38325E+05
 2.29087E-10    6.23935E+05
 2.39883E-10    6.09894E+05
 2.51189E-10    5.96159E+05
 2.63027E-10    5.82751E+05
 2.75423E-10    5.69644E+05
 2.88403E-10    5.56838E+05
 3.01995E-10    5.44330E+05
 3.16228E-10    5.32100E+05
 3.31131E-10    5.20164E+05
 3.46737E-10    5.08486E+05
 3.63078E-10    4.97092E+05
 3.80189E-10    4.85945E+05
 3.98107E-10    4.75067E+05
 4.16869E-10    4.64427E+05
 4.36516E-10    4.54039E+05
 4.57088E-10    4.43887E+05
 4.78630E-10    4.33966E+05
 5.01187E-10    4.24278E+05
 5.24807E-10    4.14804E+05
 5.49541E-10    4.05558E+05
 5.75440E-10    3.96513E+05
 6.02560E-10    3.87687E+05
 6.30957E-10    3.79052E+05
 6.60693E-10    3.70626E+05
 6.91831E-10    3.62385E+05
 7.24436E-10    3.54338E+05
 7.58578E-10    3.46474E+05
 7.94328E-10    3.38788E+05
 8.31764E-10    3.31284E+05
 8.70964E-10    3.23945E+05
 9.12011E-10    3.16783E+05
 9.54993E-10    3.09775E+05
 1.00000E-09    3.02937E+05
 1.04713E-09    2.96248E+05
 1.09648E-09    2.89719E+05
 1.14815E-09    2.83335E+05
 1.20226E-09    2.77099E+05
 1.25892E-09    2.71007E+05
 1.31826E-09    2.65050E+05
 1.38038E-09    2.59236E+05
 1.44544E-09    2.53548E+05
 1.51356E-09    2.47998E+05
 1.58489E-09    2.42567E+05
 1.65959E-09    2.37267E+05
 1.73780E-09    2.32083E+05
 1.81970E-09    2.27022E+05
 1.90546E-09    2.22074E+05
 1.99526E-09    2.17239E+05
 2.08930E-09    2.12517E+05
 2.18776E-09    2.07899E+05
 2.29087E-09    2.03391E+05
 2.39883E-09    1.98981E+05
 2.51189E-09    1.94678E+05
 2.63027E-09    1.90467E+05
 2.75423E-09    1.86357E+05
 2.88403E-09    1.82338E+05
 3.01995E-09    1.78412E+05
 3.16228E-09    1.74575E+05
 3.31131E-09    1.70825E+05
 3.46737E-09    1.67163E+05
 3.63078E-09    1.63581E+05
 3.80189E-09    1.60085E+05
 3.98107E-09    1.56664E+05
 4.16869E-09    1.53325E+05
 4.36516E-09    1.50059E+05
 4.57088E-09    1.46870E+05
 4.78630E-09    1.43753E+05
 5.01187E-09    1.40706E+05
 5.24807E-09    1.37731E+05
 5.49541E-09    1.34820E+05
 5.75440E-09    1.31977E+05
 6.02560E-09    1.29200E+05
 6.30957E-09    1.26483E+05
 6.60693E-09    1.23831E+05
 6.91831E-09    1.21238E+05
 7.24436E-09    1.18703E+05
 7.58578E-09    1.16228E+05
 7.94328E-09    1.13807E+05
 8.31764E-09    1.11441E+05
 8.70964E-09    1.09131E+05
 9.12011E-09    1.06871E+05
 9.54993E-09    1.04664E+05
 1.00000E-08    1.02507E+05
 1.04713E-08    1.00397E+05
 1.09648E-08    9.83372E+04
 1.14815E-08    9.63237E+04
 1.20226E-08    9.43540E+04
 1.25893E-08    9.24316E+04
 1.31826E-08    9.05512E+04
 1.38038E-08    8.87125E+04
 1.44544E-08    8.69177E+04
 1.51356E-08    8.51614E+04
 1.58489E-08    8.34452E+04
 1.65959E-08    8.17690E+04
 1.73780E-08    8.01286E+04
 1.81970E-08    7.85268E+04
 1.90546E-08    7.69611E+04
 1.99526E-08    7.54292E+04
 2.08930E-08    7.39340E+04
 2.18776E-08    7.24715E+04
 2.29087E-08    7.10411E+04
 2.39883E-08    6.96439E+04
 2.51189E-08    6.82776E+04
 2.63027E-08    6.69433E+04
 2.75423E-08    6.56378E+04
 2.88403E-08    6.43608E+04
 3.01995E-08    6.31140E+04
 3.16228E-08    6.18938E+04
 3.31131E-08    6.07010E+04
 3.46737E-08    5.95359E+04
 3.63078E-08    5.83954E+04
 3.80189E-08    5.72814E+04
 3.98107E-08    5.61927E+04
 4.16869E-08    5.51271E+04
 4.36516E-08    5.40857E+04
 4.57088E-08    5.30679E+04
 4.78630E-08    5.20718E+04
 5.01187E-08    5.10971E+04
 5.24807E-08    5.01451E+04
 5.49541E-08    4.92137E+04
 5.75440E-08    4.83022E+04
 6.02560E-08    4.74109E+04
 6.30957E-08    4.65400E+04
 6.60693E-08    4.56875E+04
 6.91831E-08    4.48532E+04
 7.24436E-08    4.40380E+04
 7.58578E-08    4.32405E+04
 7.94328E-08    4.24598E+04
 8.31764E-08    4.16962E+04
 8.70964E-08    4.09499E+04
 9.12011E-08    4.02191E+04
 9.54993E-08    3.95034E+04
 1.00000E-07    3.88036E+04
 1.04713E-07    3.81188E+04
 1.09648E-07    3.74480E+04
 1.14815E-07    3.67914E+04
 1.20226E-07    3.61494E+04
 1.25893E-07    3.55206E+04
 1.31826E-07    3.49046E+04
 1.38038E-07    3.43021E+04
 1.44544E-07    3.37122E+04
 1.51356E-07    3.31342E+04
 1.58489E-07    3.25681E+04
 1.65959E-07    3.20135E+04
 1.73780E-07    3.14709E+04
 1.81970E-07    3.09394E+04
 1.90546E-07    3.04182E+04
 1.99526E-07    2.99072E+04
 2.08930E-07    2.94063E+04
 2.18776E-07    2.89159E+04
 2.29087E-07    2.84350E+04
 2.39883E-07    2.79634E+04
 2.51189E-07    2.75009E+04
 2.63027E-07    2.70474E+04
 2.75423E-07    2.66030E+04
 2.88403E-07    2.61669E+04
 3.01995E-07    2.57389E+04
 3.16228E-07    2.53188E+04
 3.31131E-07    2.49068E+04
 3.46737E-07    2.45027E+04
 3.63078E-07    2.41061E+04
 3.80189E-07    2.37164E+04
 3.98107E-07    2.33334E+04
 4.16869E-07    2.29572E+04
 4.36516E-07    2.25878E+04
 4.57088E-07    2.22249E+04
 4.78630E-07    2.18682E+04
 5.01187E-07    2.15176E+04
 5.24807E-07    2.11729E+04
 5.49541E-07    2.08339E+04
 5.75440E-07    2.05004E+04
 6.02560E-07    2.01726E+04
 6.30957E-07    1.98502E+04
 6.60693E-07    1.95328E+04
 6.91831E-07    1.92205E+04
 7.24436E-07    1.89130E+04
 7.58578E-07    1.86104E+04
 7.94328E-07    1.83125E+04
 8.31764E-07    1.80191E+04
 8.70964E-07    1.77301E+04
 9.12011E-07    1.74453E+04
 9.54993E-07    1.71647E+04
 1.00000E-06    1.68883E+04
 1.04713E-06    1.66164E+04
 1.09648E-06    1.63488E+04
 1.14815E-06    1.60845E+04
 1.20226E-06    1.58253E+04
 1.25893E-06    1.55675E+04
 1.31826E-06    1.53141E+04
 1.38038E-06    1.50665E+04
 1.44544E-06    1.48187E+04
 1.51356E-06    1.45802E+04
 1.58489E-06    1.43376E+04
 1.65959E-06    1.41056E+04
 1.73780E-06    1.38731E+04
 1.81970E-06    1.36405E+04
 1.90546E-06    1.34218E+04
 1.99526E-06    1.31938E+04
 2.08930E-06    1.29750E+04
 2.18776E-06    1.27635E+04
 2.29087E-06    1.25436E+04
 2.39883E-06    1.23390E+04
 2.51189E-06    1.21339E+04
 2.63027E-06    1.19274E+04
 2.75423E-06    1.17345E+04
 2.88403E-06    1.15340E+04
 3.01995E-06    1.13398E+04
 3.16228E-06    1.11540E+04
 3.31131E-06    1.09618E+04
 3.46737E-06    1.07838E+04
 3.63078E-06    1.06032E+04
 3.80189E-06    1.04239E+04
 3.98107E-06    1.02566E+04
 4.16869E-06    1.00827E+04
 4.36516E-06    9.92014E+03
 4.57088E-06    9.75901E+03
 4.78630E-06    9.59592E+03
 5.01187E-06    9.44602E+03
 5.24807E-06    9.29104E+03
 5.49541E-06    9.14362E+03
 5.75440E-06    9.00182E+03
 6.02560E-06    8.85608E+03
 6.30957E-06    8.72314E+03
 6.60693E-06    8.58780E+03
 6.91831E-06    8.45597E+03
 7.24436E-06    8.33385E+03
 7.58578E-06    8.20640E+03
 7.94328E-06    8.08786E+03
 8.31764E-06    7.97281E+03
 8.70964E-06    7.85571E+03
 9.12011E-06    7.74990E+03
 9.54993E-06    7.64140E+03
 1.00000E-05    7.53785E+03
 1.04713E-05    7.44106E+03
 1.09648E-05    7.34026E+03
 1.14815E-05    7.24884E+03
 1.20226E-05    7.15941E+03
 1.25893E-05    7.06806E+03
 1.31826E-05    6.98691E+03
 1.38038E-05    6.90448E+03
 1.44544E-05    6.82331E+03
 1.51356E-05    6.75094E+03
 1.58489E-05    6.67573E+03
 1.65959E-05    6.60336E+03
 1.73780E-05    6.53836E+03
 1.81970E-05    6.47047E+03
 1.90546E-05    6.40684E+03
 1.99526E-05    6.34864E+03
 2.08930E-05    6.28771E+03
 2.18776E-05    6.23042E+03
 2.29087E-05    6.17907E+03
 2.39883E-05    6.12533E+03
 2.51189E-05    6.07286E+03
 2.63027E-05    6.02782E+03
 2.75423E-05    5.98117E+03
 2.88403E-05    5.93331E+03
 3.01995E-05    5.89303E+03
 3.16228E-05    5.85337E+03
 3.31131E-05    5.81184E+03
 3.46737E-05    5.77170E+03
 3.63078E-05    5.73828E+03
 3.80189E-05    5.70372E+03
 3.98107E-05    5.66752E+03
 4.16869E-05    5.63454E+03
 4.36516E-05    5.60635E+03
 4.57088E-05    5.57686E+03
 4.78630E-05    5.54598E+03
 5.01187E-05    5.51714E+03
 5.24807E-05    5.49357E+03
 5.49541E-05    5.46903E+03
 5.75440E-05    5.44335E+03
 6.02560E-05    5.41725E+03
 6.30957E-05    5.39682E+03
 6.60693E-05    5.37703E+03
 6.91831E-05    5.35631E+03
 7.24436E-05    5.33460E+03
 7.58578E-05    5.31312E+03
 7.94328E-05    5.29683E+03
 8.31764E-05    5.28063E+03
 8.70964E-05    5.26366E+03
 9.12011E-05    5.24590E+03
 9.54993E-05    5.22748E+03
 1.00000E-04    5.21305E+03
 1.04713E-04    5.20014E+03
 1.09648E-04    5.18661E+03
 1.14815E-04    5.17245E+03
 1.20226E-04    5.15762E+03
 1.25893E-04    5.14215E+03
 1.31826E-04    5.12973E+03
 1.38038E-04    5.11899E+03
 1.44544E-04    5.10774E+03
 1.51356E-04    5.09597E+03
 1.58489E-04    5.08364E+03
 1.65959E-04    5.07072E+03
 1.73780E-04    5.05720E+03
 1.81970E-04    5.04304E+03
 1.90546E-04    5.02835E+03
 1.99526E-04    5.01312E+03
 2.08930E-04    4.99718E+03
 2.18776E-04    4.98048E+03
 2.29087E-04    4.96299E+03
 2.39883E-04    4.93946E+03
 2.51189E-04    4.90476E+03
 2.63027E-04    4.84537E+03
 2.75423E-04    4.65863E+03
 2.88403E-04    2.24293E+04
 3.01995E-04    5.20999E+03
 3.16228E-04    5.06410E+03
 3.31131E-04    5.00142E+03
 3.46737E-04    4.95421E+03
 3.63078E-04    4.90738E+03
 3.80189E-04    4.85540E+03
 3.98107E-04    4.77276E+03
 4.16869E-04    4.58902E+03
 4.36516E-04    2.47993E+04
 4.57088E-04    5.11498E+03
 4.78630E-04    2.68470E+04
 5.01187E-04    5.88354E+03
 5.24807E-04    5.35727E+03
 5.49541E-04    5.22667E+03
 5.75440E-04    5.15879E+03
 6.02560E-04    5.11471E+03
 6.30957E-04    5.07729E+03
 6.60693E-04    5.04029E+03
 6.91831E-04    5.00364E+03
 7.24436E-04    4.96353E+03
 7.58578E-04    4.89777E+03
 7.94328E-04    4.75185E+03
 8.31764E-04    2.08645E+04
 8.70964E-04    6.15827E+03
 9.12011E-04    6.39958E+03
 9.54993E-04    1.44168E+04
 1.00000E-03    1.42041E+04
 1.04713E-03    1.40422E+04
 1.09648E-03    1.38821E+04
 1.14815E-03    1.37239E+04
 1.20226E-03    1.35673E+04
 1.25893E-03    1.34128E+04
 1.31826E-03    1.32600E+04
 1.38038E-03    1.31093E+04
 1.44544E-03    1.29597E+04
 1.51356E-03    1.28119E+04
 1.58489E-03    1.26658E+04
 1.65959E-03    1.25220E+04
 1.73780E-03    1.23789E+04
 1.81970E-03    1.22380E+04
 1.90546E-03    1.20985E+04
 1.99526E-03    1.19607E+04
 2.08930E-03    1.18243E+04
 2.18776E-03    1.16896E+04
 2.29087E-03    1.15563E+04
 2.39883E-03    1.14245E+04
 2.51189E-03    1.12943E+04
 2.63027E-03    1.11656E+04
 2.75423E-03    1.10388E+04
 2.88403E-03    1.09129E+04
 3.01995E-03    1.07884E+04
 3.16228E-03    1.06653E+04
 3.31131E-03    1.05442E+04
 3.46737E-03    1.04238E+04
 3.63078E-03    1.03051E+04
 3.80189E-03    1.01877E+04
 3.98107E-03    1.00714E+04
 4.16869E-03    9.95666E+03
 4.36516E-03    9.84310E+03
 4.57088E-03    9.73118E+03
 4.78630E-03    9.62042E+03
 5.01187E-03    9.51068E+03
 5.24807E-03    9.40218E+03
 5.49541E-03    9.29491E+03
 5.75440E-03    9.18924E+03
 6.02560E-03    9.08440E+03
 6.30957E-03    8.98080E+03
 6.60693E-03    8.87860E+03
 6.91831E-03    8.77751E+03
 7.24436E-03    8.67739E+03
 7.58578E-03    8.57840E+03
 7.94328E-03    8.48061E+03
 8.31764E-03    8.38424E+03
 8.70964E-03    8.28847E+03
 9.12011E-03    8.19410E+03
 9.54993E-03    8.10073E+03
 1.00000E-02    8.03469E+03
 1.04713E-02    7.99613E+03
 1.09648E-02    7.95711E+03
 1.14815E-02    7.91861E+03
 1.20226E-02    7.87995E+03
 1.25893E-02    7.84167E+03
 1.31826E-02    7.80358E+03
 1.38038E-02    7.76566E+03
 1.44544E-02    7.72795E+03
 1.51356E-02    7.69080E+03
 1.58489E-02    7.65318E+03
 1.65959E-02    7.61608E+03
 1.73780E-02    7.57949E+03
 1.81970E-02    7.54243E+03
 1.90546E-02    7.50600E+03
 1.99526E-02    7.47353E+03
 2.08930E-02    7.44712E+03
 2.18776E-02    7.42077E+03
 2.29087E-02    7.39416E+03
 2.39883E-02    7.36778E+03
 2.51189E-02    7.34158E+03
 2.63027E-02    7.31569E+03
 2.75423E-02    7.28954E+03
 2.88403E-02    7.26376E+03
 3.01995E-02    7.24516E+03
 3.16228E-02    7.23089E+03
 3.31131E-02    7.21697E+03
 3.46737E-02    7.20255E+03
 3.63078E-02    7.18856E+03
 3.80189E-02    7.17439E+03
 3.98107E-02    7.16021E+03
 4.16869E-02    7.14634E+03
 4.36516E-02    7.13201E+03
 4.57088E-02    7.11826E+03
 4.78630E-02    7.10411E+03
 5.01187E-02    7.09526E+03
 5.24807E-02    7.09101E+03
 5.49541E-02    7.08686E+03
 5.75440E-02    7.08256E+03
 6.02560E-02    7.07840E+03
 6.30957E-02    7.07428E+03
 6.60693E-02    7.06997E+03
 6.91831E-02    7.06613E+03
 7.24436E-02    7.06381E+03
 7.58578E-02    7.06146E+03
 7.94328E-02    7.05980E+03
 8.31764E-02    7.05950E+03
 8.70964E-02    7.05921E+03
 9.12011E-02    7.05894E+03
 9.54993E-02    7.05866E+03
 1.00000E-01    7.06016E+03
 1.04713E-01    7.06350E+03
 1.09648E-01    7.06680E+03
 1.14815E-01    7.07013E+03
 1.20226E-01    7.07348E+03
 1.25893E-01    7.07683E+03
 1.31826E-01    7.08016E+03
 1.38038E-01    7.08351E+03
 1.44544E-01    7.08686E+03
 1.51356E-01    7.09020E+03
 1.58489E-01    7.09355E+03
 1.65959E-01    7.09691E+03
 1.73780E-01    7.10026E+03
 1.81970E-01    7.10361E+03
 1.90546E-01    7.10696E+03
 1.99526E-01    7.11068E+03
 2.08930E-01    7.11505E+03
 2.18776E-01    7.11963E+03
 2.29087E-01    7.12443E+03
 2.39883E-01    7.12945E+03
 2.51189E-01    7.13471E+03
 2.63027E-01    7.14022E+03
 2.75423E-01    7.14599E+03
 2.88403E-01    7.15203E+03
 3.01995E-01    7.15836E+03
 3.16228E-01    7.16498E+03
 3.31131E-01    7.17192E+03
 3.46737E-01    7.17918E+03
 3.63078E-01    7.18429E+03
 3.80189E-01    7.18678E+03
 3.98107E-01    7.18938E+03
 4.16869E-01    7.19211E+03
 4.36516E-01    7.19496E+03
 4.57088E-01    7.19795E+03
 4.78630E-01    7.20106E+03
 5.01187E-01    7.19955E+03
 5.24807E-01    7.19398E+03
 5.49541E-01    7.18816E+03
 5.75440E-01    7.18205E+03
 6.02560E-01    7.17567E+03
 6.30957E-01    7.16715E+03
 6.60693E-01    7.15253E+03
 6.91831E-01    7.13682E+03
 7.24436E-01    7.12037E+03
 7.58578E-01    7.10252E+03
 7.94328E-01    7.07658E+03
 8.31764E-01    7.04734E+03
 8.70964E-01    7.01672E+03
 9.12011E-01    6.98459E+03
 9.54993E-01    6.94510E+03
 1.00000E+00    6.89599E+03
 1.04713E+00    6.83329E+03
 1.09648E+00    6.76698E+03
 1.14815E+00    6.69754E+03
 1.20226E+00    6.63089E+03
 1.25893E+00    6.56907E+03
 1.31826E+00    6.50437E+03
 1.38038E+00    6.43688E+03
 1.44544E+00    6.37132E+03
 1.51356E+00    6.27356E+03
 1.58489E+00    6.15536E+03
 1.65959E+00    6.03640E+03
 1.73780E+00    5.92528E+03
 1.81970E+00    5.80997E+03
 1.90546E+00    5.69664E+03
 1.99526E+00    5.57698E+03
 2.08930E+00    5.44219E+03
 2.18776E+00    5.30525E+03
 2.29087E+00    5.17665E+03
 2.39883E+00    5.04563E+03
 2.51189E+00    4.91976E+03
 2.63027E+00    4.79059E+03
 2.75423E+00    4.66827E+03
 2.88403E+00    4.54602E+03
 3.01995E+00    4.44039E+03
 3.16228E+00    4.34696E+03
 3.31131E+00    4.25084E+03
 3.46737E+00    4.17145E+03
 3.63078E+00    4.12020E+03
 3.80189E+00    4.06750E+03
 3.98107E+00    4.03020E+03
 4.16869E+00    4.01789E+03
 4.36516E+00    4.00679E+03
 4.57088E+00    4.01499E+03
 4.78630E+00    4.02964E+03
 5.01187E+00    4.04669E+03
 5.24807E+00    4.07179E+03
 5.49541E+00    4.09890E+03
 5.75440E+00    4.12729E+03
 6.02560E+00    4.15701E+03
 6.30957E+00    4.18814E+03
 6.60693E+00    4.22073E+03
 6.91831E+00    4.25486E+03
 7.24436E+00    4.29233E+03
 7.58578E+00    4.33416E+03
 7.94328E+00    4.37799E+03
 8.31764E+00    4.42389E+03
 8.70964E+00    4.47195E+03
 9.12011E+00    4.52227E+03
 9.54993E+00    4.57084E+03
 1.00000E+01    4.60994E+03
 1.04713E+01    4.64299E+03
 1.09648E+01    4.66789E+03
 1.14815E+01    4.68168E+03
 1.20226E+01    4.68570E+03
 1.25893E+01    4.68054E+03
 1.31826E+01    4.66334E+03
 1.38038E+01    4.63751E+03
 1.44544E+01    4.59785E+03
 1.51356E+01    4.54387E+03
 1.58489E+01    4.47721E+03
 1.65959E+01    4.39647E+03
 1.73780E+01    4.30370E+03
 1.81970E+01    4.20236E+03
 1.90546E+01    4.09597E+03
 1.99526E+01    2.08019E+02
