# p + Mo 98 : (p,xp)    
# tendl.2019 A.J. Koning                       EVAL-OCT19
# 
# # energies =    55
#   E(MeV)        xs(mb) 
 2.49149E+00    2.99023E-06
 2.51352E+00    3.12406E-06
 2.55760E+00    3.39183E-06
 2.56553E+00    3.44000E-06
 2.57401E+00    3.49152E-06
 2.58319E+00    3.54728E-06
 2.59902E+00    3.64345E-06
 2.63147E+00    3.84057E-06
 2.63495E+00    3.86171E-06
 2.64515E+00    3.92367E-06
 2.68366E+00    4.15761E-06
 3.00000E+00    6.07927E-06
 4.00000E+00    1.26428E-03
 5.00000E+00    6.71379E-02
 6.00000E+00    9.74614E-01
 7.00000E+00    4.85082E+00
 8.00000E+00    1.18614E+01
 9.00000E+00    2.07301E+01
 1.00000E+01    3.08184E+01
 1.10000E+01    4.18722E+01
 1.20000E+01    5.42672E+01
 1.30000E+01    6.83458E+01
 1.40000E+01    8.37010E+01
 1.50000E+01    9.96747E+01
 1.60000E+01    1.15812E+02
 1.70000E+01    1.31884E+02
 1.80000E+01    1.47989E+02
 1.90000E+01    1.65476E+02
 2.00000E+01    1.87230E+02
 2.20000E+01    2.23133E+02
 2.40000E+01    2.58293E+02
 2.60000E+01    2.96898E+02
 2.80000E+01    3.35850E+02
 3.00000E+01    3.74902E+02
 3.00000E+01    3.78927E+02
 3.50000E+01    4.78693E+02
 4.00000E+01    5.81758E+02
 4.50000E+01    6.69321E+02
 5.00000E+01    7.38385E+02
 5.50000E+01    7.97181E+02
 6.00000E+01    8.55827E+02
 6.50000E+01    9.12989E+02
 7.00000E+01    9.60730E+02
 7.50000E+01    9.98320E+02
 8.00000E+01    1.03544E+03
 9.00000E+01    1.09578E+03
 1.00000E+02    1.14233E+03
 1.10000E+02    1.19690E+03
 1.20000E+02    1.25482E+03
 1.30000E+02    1.31553E+03
 1.40000E+02    1.37761E+03
 1.50000E+02    1.44710E+03
 1.60000E+02    1.52485E+03
 1.80000E+02    1.70883E+03
 2.00000E+02    1.93316E+03
