# p + Pt194 : (p,p)     
# tendl.2019 A.J. Koning                       EVAL-OCT19
# uncertainties: y
# # energies =    44
#   E(MeV)       xs(mb)       xslow(mb)      xsupp(mb)
 3.30170E-01    0.00000E+00    0.00000E+00    0.00000E+00
 4.00000E+00    1.54887E-09    0.00000E+00    5.26785E-09
 5.00000E+00    6.20166E-07    0.00000E+00    2.41292E-06
 6.00000E+00    4.74203E-05    0.00000E+00    1.84501E-04
 7.00000E+00    1.85532E-03    0.00000E+00    9.64004E-03
 8.00000E+00    3.16000E-02    0.00000E+00    1.64190E-01
 9.00000E+00    2.43395E-01    0.00000E+00    1.26465E+00
 1.00000E+01    1.00379E+00    0.00000E+00    3.10925E+00
 1.10000E+01    2.81487E+00    0.00000E+00    8.71909E+00
 1.20000E+01    6.27033E+00    0.00000E+00    1.94224E+01
 1.30000E+01    1.16370E+01    0.00000E+00    3.60457E+01
 1.40000E+01    1.84393E+01    0.00000E+00    4.09697E+01
 1.50000E+01    2.58664E+01    0.00000E+00    5.74717E+01
 1.60000E+01    3.33462E+01    0.00000E+00    7.40908E+01
 1.70000E+01    4.07097E+01    0.00000E+00    9.04516E+01
 1.80000E+01    4.80442E+01    1.17168E+01    8.43716E+01
 1.90000E+01    5.54033E+01    1.35115E+01    9.72951E+01
 2.00000E+01    6.26038E+01    1.52675E+01    1.09940E+02
 2.20000E+01    7.53386E+01    2.91121E+01    1.21565E+02
 2.40000E+01    8.41646E+01    3.25226E+01    1.35807E+02
 2.60000E+01    8.98382E+01    3.86064E+01    1.41070E+02
 2.80000E+01    9.28763E+01    3.99120E+01    1.45841E+02
 3.00000E+01    9.38233E+01    4.03189E+01    1.47328E+02
 3.00000E+01    9.38234E+01    4.03190E+01    1.47328E+02
 3.50000E+01    9.08950E+01    3.90605E+01    1.42729E+02
 4.00000E+01    8.57937E+01    3.68683E+01    1.34719E+02
 4.50000E+01    8.21417E+01    3.52989E+01    1.28984E+02
 5.00000E+01    7.93349E+01    3.40928E+01    1.24577E+02
 5.50000E+01    7.64072E+01    3.28347E+01    1.19980E+02
 6.00000E+01    7.13374E+01    3.06560E+01    1.12019E+02
 6.50000E+01    6.79585E+01    2.92040E+01    1.06713E+02
 7.00000E+01    6.28463E+01    2.70071E+01    9.86855E+01
 7.50000E+01    5.94311E+01    2.55395E+01    9.33227E+01
 8.00000E+01    5.45944E+01    2.34610E+01    8.57277E+01
 9.00000E+01    4.67964E+01    2.01099E+01    7.34829E+01
 1.00000E+02    3.97161E+01    1.70673E+01    6.23649E+01
 1.10000E+02    3.34444E+01    1.43721E+01    5.25166E+01
 1.20000E+02    2.80322E+01    1.20463E+01    4.40180E+01
 1.30000E+02    2.34401E+01    1.00730E+01    3.68072E+01
 1.40000E+02    1.95981E+01    8.42196E+00    3.07743E+01
 1.50000E+02    1.63861E+01    7.04164E+00    2.57306E+01
 1.60000E+02    1.38508E+01    5.95215E+00    2.17495E+01
 1.80000E+02    1.00744E+01    4.32931E+00    1.58195E+01
 2.00000E+02    7.74243E+00    3.32717E+00    1.21577E+01
