# n + Be  9 : (n,tot)   
# endfb8.0   G.HALE,PERKINS ET AL,FRANKLE      EVAL-OCT09
# uncertainties: y
# # energies =   616
#   E(MeV)       xs(mb)       xslow(mb)      xsupp(mb)
 1.00000E-11    1.16135E+05    1.15517E+05    1.16753E+05
 1.04713E-11    1.13498E+05    1.12895E+05    1.14102E+05
 1.09648E-11    1.10920E+05    1.10330E+05    1.11510E+05
 1.14815E-11    1.08404E+05    1.07827E+05    1.08980E+05
 1.20226E-11    1.05941E+05    1.05378E+05    1.06505E+05
 1.25893E-11    1.03538E+05    1.02988E+05    1.04089E+05
 1.31826E-11    1.01187E+05    1.00649E+05    1.01726E+05
 1.38038E-11    9.88927E+04    9.83667E+04    9.94187E+04
 1.44544E-11    9.66481E+04    9.61341E+04    9.71622E+04
 1.51356E-11    9.44565E+04    9.39541E+04    9.49589E+04
 1.58489E-11    9.23141E+04    9.18231E+04    9.28051E+04
 1.65959E-11    9.02205E+04    8.97407E+04    9.07004E+04
 1.73780E-11    8.81758E+04    8.77069E+04    8.86448E+04
 1.81970E-11    8.61761E+04    8.57178E+04    8.66345E+04
 1.90546E-11    8.42244E+04    8.37764E+04    8.46723E+04
 1.99526E-11    8.23147E+04    8.18769E+04    8.27525E+04
 2.08930E-11    8.04513E+04    8.00234E+04    8.08792E+04
 2.18776E-11    7.86281E+04    7.82099E+04    7.90463E+04
 2.29087E-11    7.68488E+04    7.64400E+04    7.72575E+04
 2.39883E-11    7.51085E+04    7.47090E+04    7.55080E+04
 2.51189E-11    7.34091E+04    7.30186E+04    7.37995E+04
 2.63027E-11    7.17483E+04    7.13667E+04    7.21299E+04
 2.75423E-11    7.01250E+04    6.97520E+04    7.04980E+04
 2.88403E-11    6.85401E+04    6.81756E+04    6.89047E+04
 3.01995E-11    6.69899E+04    6.66336E+04    6.73462E+04
 3.16228E-11    6.54771E+04    6.51289E+04    6.58254E+04
 3.31131E-11    6.39971E+04    6.36567E+04    6.43374E+04
 3.46737E-11    6.25529E+04    6.22202E+04    6.28856E+04
 3.63078E-11    6.11401E+04    6.08149E+04    6.14653E+04
 3.80189E-11    5.97612E+04    5.94434E+04    6.00791E+04
 3.98107E-11    5.84130E+04    5.81023E+04    5.87237E+04
 4.16869E-11    5.70962E+04    5.67925E+04    5.73999E+04
 4.36516E-11    5.58098E+04    5.55129E+04    5.61066E+04
 4.57088E-11    5.45523E+04    5.42621E+04    5.48424E+04
 4.78630E-11    5.33248E+04    5.30412E+04    5.36084E+04
 5.01187E-11    5.21242E+04    5.18470E+04    5.24014E+04
 5.24807E-11    5.09528E+04    5.06818E+04    5.12238E+04
 5.49541E-11    4.98068E+04    4.95419E+04    5.00718E+04
 5.75440E-11    4.86888E+04    4.84298E+04    4.89477E+04
 6.02560E-11    4.75952E+04    4.73421E+04    4.78484E+04
 6.30957E-11    4.65279E+04    4.62804E+04    4.67754E+04
 6.60693E-11    4.54847E+04    4.52428E+04    4.57266E+04
 6.91831E-11    4.44656E+04    4.42291E+04    4.47021E+04
 7.24436E-11    4.34705E+04    4.32393E+04    4.37018E+04
 7.58578E-11    4.24977E+04    4.22717E+04    4.27238E+04
 7.94328E-11    4.15485E+04    4.13275E+04    4.17695E+04
 8.31764E-11    4.06201E+04    4.04040E+04    4.08361E+04
 8.70964E-11    3.97144E+04    3.95032E+04    3.99257E+04
 9.12011E-11    3.88287E+04    3.86221E+04    3.90352E+04
 9.54993E-11    3.79645E+04    3.77626E+04    3.81665E+04
 1.00000E-10    3.71197E+04    3.69223E+04    3.73171E+04
 1.04713E-10    3.62951E+04    3.61020E+04    3.64881E+04
 1.09648E-10    3.54895E+04    3.53007E+04    3.56782E+04
 1.14815E-10    3.47025E+04    3.45179E+04    3.48871E+04
 1.20226E-10    3.39344E+04    3.37540E+04    3.41149E+04
 1.25893E-10    3.31836E+04    3.30071E+04    3.33601E+04
 1.31826E-10    3.24513E+04    3.22787E+04    3.26239E+04
 1.38038E-10    3.17352E+04    3.15664E+04    3.19039E+04
 1.44544E-10    3.10368E+04    3.08717E+04    3.12019E+04
 1.51356E-10    3.03541E+04    3.01926E+04    3.05155E+04
 1.58489E-10    2.96881E+04    2.95302E+04    2.98460E+04
 1.65959E-10    2.90374E+04    2.88829E+04    2.91918E+04
 1.73780E-10    2.84022E+04    2.82512E+04    2.85533E+04
 1.81970E-10    2.77822E+04    2.76344E+04    2.79300E+04
 1.90546E-10    2.71766E+04    2.70320E+04    2.73211E+04
 1.99526E-10    2.65859E+04    2.64445E+04    2.67273E+04
 2.08930E-10    2.60086E+04    2.58702E+04    2.61469E+04
 2.18776E-10    2.54458E+04    2.53104E+04    2.55811E+04
 2.29087E-10    2.48957E+04    2.47633E+04    2.50281E+04
 2.39883E-10    2.43595E+04    2.42300E+04    2.44891E+04
 2.51189E-10    2.38356E+04    2.37088E+04    2.39624E+04
 2.63027E-10    2.33248E+04    2.32007E+04    2.34489E+04
 2.75423E-10    2.28260E+04    2.27046E+04    2.29474E+04
 2.88403E-10    2.23394E+04    2.22206E+04    2.24582E+04
 3.01995E-10    2.18647E+04    2.17484E+04    2.19810E+04
 3.16228E-10    2.14013E+04    2.12874E+04    2.15151E+04
 3.31131E-10    2.09496E+04    2.08382E+04    2.10610E+04
 3.46737E-10    2.05085E+04    2.03994E+04    2.06175E+04
 3.63078E-10    2.00787E+04    1.99719E+04    2.01855E+04
 3.80189E-10    1.96590E+04    1.95545E+04    1.97636E+04
 3.98107E-10    1.92502E+04    1.91479E+04    1.93526E+04
 4.16869E-10    1.88512E+04    1.87509E+04    1.89514E+04
 4.36516E-10    1.84623E+04    1.83641E+04    1.85605E+04
 4.57088E-10    1.80832E+04    1.79871E+04    1.81794E+04
 4.78630E-10    1.77134E+04    1.76192E+04    1.78076E+04
 5.01187E-10    1.73533E+04    1.72610E+04    1.74456E+04
 5.24807E-10    1.70019E+04    1.69115E+04    1.70923E+04
 5.49541E-10    1.66596E+04    1.65710E+04    1.67482E+04
 5.75440E-10    1.63262E+04    1.62394E+04    1.64131E+04
 6.02560E-10    1.60010E+04    1.59159E+04    1.60861E+04
 6.30957E-10    1.56846E+04    1.56011E+04    1.57680E+04
 6.60693E-10    1.53763E+04    1.52945E+04    1.54581E+04
 6.91831E-10    1.50757E+04    1.49955E+04    1.51559E+04
 7.24436E-10    1.47835E+04    1.47049E+04    1.48621E+04
 7.58578E-10    1.44988E+04    1.44217E+04    1.45759E+04
 7.94328E-10    1.42215E+04    1.41458E+04    1.42971E+04
 8.31764E-10    1.39519E+04    1.38777E+04    1.40261E+04
 8.70964E-10    1.36893E+04    1.36165E+04    1.37622E+04
 9.12011E-10    1.34339E+04    1.33624E+04    1.35053E+04
 9.54993E-10    1.31856E+04    1.31155E+04    1.32558E+04
 1.00000E-09    1.29439E+04    1.28750E+04    1.30127E+04
 1.04713E-09    1.27090E+04    1.26414E+04    1.27766E+04
 1.09648E-09    1.24807E+04    1.24143E+04    1.25471E+04
 1.14815E-09    1.22586E+04    1.21934E+04    1.23238E+04
 1.20226E-09    1.20430E+04    1.19790E+04    1.21071E+04
 1.25892E-09    1.18335E+04    1.17706E+04    1.18965E+04
 1.31826E-09    1.16299E+04    1.15680E+04    1.16918E+04
 1.38038E-09    1.14324E+04    1.13716E+04    1.14932E+04
 1.44544E-09    1.12406E+04    1.11808E+04    1.13004E+04
 1.51356E-09    1.10544E+04    1.09956E+04    1.11131E+04
 1.58489E-09    1.08736E+04    1.08158E+04    1.09315E+04
 1.65959E-09    1.06986E+04    1.06417E+04    1.07555E+04
 1.73780E-09    1.05287E+04    1.04727E+04    1.05847E+04
 1.81970E-09    1.03639E+04    1.03087E+04    1.04190E+04
 1.90546E-09    1.02043E+04    1.01500E+04    1.02586E+04
 1.99526E-09    1.00498E+04    9.99633E+03    1.01032E+04
 2.08930E-09    9.90008E+03    9.84742E+03    9.95273E+03
 2.18776E-09    9.75505E+03    9.70316E+03    9.80693E+03
 2.29087E-09    9.61481E+03    9.56367E+03    9.66595E+03
 2.39883E-09    9.47916E+03    9.42874E+03    9.52958E+03
 2.51189E-09    9.34792E+03    9.29820E+03    9.39764E+03
 2.63027E-09    9.22099E+03    9.17194E+03    9.27003E+03
 2.75423E-09    9.09831E+03    9.04992E+03    9.14670E+03
 2.88403E-09    8.97998E+03    8.93222E+03    9.02774E+03
 3.01995E-09    8.86564E+03    8.81848E+03    8.91279E+03
 3.16228E-09    8.75525E+03    8.70869E+03    8.80182E+03
 3.31131E-09    8.64873E+03    8.60273E+03    8.69473E+03
 3.46737E-09    8.54597E+03    8.50052E+03    8.59143E+03
 3.63078E-09    8.44689E+03    8.40196E+03    8.49182E+03
 3.80189E-09    8.35149E+03    8.30707E+03    8.39592E+03
 3.98107E-09    8.25957E+03    8.21564E+03    8.30350E+03
 4.16869E-09    8.17106E+03    8.12760E+03    8.21452E+03
 4.36516E-09    8.08587E+03    8.04286E+03    8.12887E+03
 4.57088E-09    8.00393E+03    7.96135E+03    8.04650E+03
 4.78630E-09    7.92508E+03    7.88293E+03    7.96724E+03
 5.01187E-09    7.84929E+03    7.80754E+03    7.89104E+03
 5.24807E-09    7.77648E+03    7.73511E+03    7.81784E+03
 5.49541E-09    7.70654E+03    7.66555E+03    7.74753E+03
 5.75440E-09    7.63937E+03    7.59873E+03    7.68000E+03
 6.02560E-09    7.57490E+03    7.53461E+03    7.61519E+03
 6.30957E-09    7.51307E+03    7.47310E+03    7.55303E+03
 6.60693E-09    7.45374E+03    7.41409E+03    7.49338E+03
 6.91831E-09    7.39686E+03    7.35751E+03    7.43620E+03
 7.24436E-09    7.34238E+03    7.30332E+03    7.38143E+03
 7.58578E-09    7.29015E+03    7.25138E+03    7.32893E+03
 7.94328E-09    7.24017E+03    7.20166E+03    7.27868E+03
 8.31764E-09    7.19221E+03    7.15395E+03    7.23046E+03
 8.70964E-09    7.14632E+03    7.10831E+03    7.18433E+03
 9.12011E-09    7.10240E+03    7.06462E+03    7.14017E+03
 9.54993E-09    7.06039E+03    7.02284E+03    7.09795E+03
 1.00000E-08    7.02027E+03    6.98293E+03    7.05761E+03
 1.04713E-08    6.98189E+03    6.94475E+03    7.01902E+03
 1.09648E-08    6.94508E+03    6.90814E+03    6.98202E+03
 1.14815E-08    6.90987E+03    6.87312E+03    6.94663E+03
 1.20226E-08    6.87631E+03    6.83973E+03    6.91288E+03
 1.25893E-08    6.84435E+03    6.80794E+03    6.88075E+03
 1.31826E-08    6.81353E+03    6.77729E+03    6.84977E+03
 1.38038E-08    6.78413E+03    6.74805E+03    6.82021E+03
 1.44544E-08    6.75620E+03    6.72026E+03    6.79213E+03
 1.51356E-08    6.72950E+03    6.69371E+03    6.76529E+03
 1.58489E-08    6.70374E+03    6.66809E+03    6.73940E+03
 1.65959E-08    6.67938E+03    6.64386E+03    6.71491E+03
 1.73780E-08    6.65613E+03    6.62073E+03    6.69153E+03
 1.81970E-08    6.63363E+03    6.59835E+03    6.66892E+03
 1.90546E-08    6.61254E+03    6.57737E+03    6.64771E+03
 1.99526E-08    6.59205E+03    6.55699E+03    6.62712E+03
 2.08930E-08    6.57258E+03    6.53762E+03    6.60754E+03
 2.18776E-08    6.55418E+03    6.51932E+03    6.58904E+03
 2.29087E-08    6.53618E+03    6.50141E+03    6.57094E+03
 2.39883E-08    6.51934E+03    6.48467E+03    6.55402E+03
 2.51189E-08    6.50312E+03    6.46853E+03    6.53771E+03
 2.63027E-08    6.48777E+03    6.45326E+03    6.52228E+03
 2.75423E-08    6.47295E+03    6.43852E+03    6.50738E+03
 2.88403E-08    6.45887E+03    6.42452E+03    6.49323E+03
 3.01995E-08    6.44537E+03    6.41109E+03    6.47965E+03
 3.16228E-08    6.43255E+03    6.39834E+03    6.46677E+03
 3.31131E-08    6.42015E+03    6.38600E+03    6.45430E+03
 3.46737E-08    6.40856E+03    6.37448E+03    6.44265E+03
 3.63078E-08    6.39710E+03    6.36308E+03    6.43113E+03
 3.80189E-08    6.38669E+03    6.35272E+03    6.42066E+03
 3.98107E-08    6.37608E+03    6.34217E+03    6.41000E+03
 4.16869E-08    6.36662E+03    6.33276E+03    6.40048E+03
 4.36516E-08    6.35704E+03    6.32322E+03    6.39085E+03
 4.57088E-08    6.34817E+03    6.31441E+03    6.38194E+03
 4.78630E-08    6.33977E+03    6.30605E+03    6.37349E+03
 5.01187E-08    6.33127E+03    6.29759E+03    6.36494E+03
 5.24807E-08    6.32383E+03    6.29019E+03    6.35746E+03
 5.49541E-08    6.31623E+03    6.28264E+03    6.34983E+03
 5.75440E-08    6.30892E+03    6.27537E+03    6.34248E+03
 6.02560E-08    6.30244E+03    6.26892E+03    6.33596E+03
 6.30957E-08    6.29567E+03    6.26218E+03    6.32916E+03
 6.60693E-08    6.28943E+03    6.25598E+03    6.32288E+03
 6.91831E-08    6.28376E+03    6.25034E+03    6.31719E+03
 7.24436E-08    6.27783E+03    6.24444E+03    6.31122E+03
 7.58578E-08    6.27229E+03    6.23893E+03    6.30565E+03
 7.94328E-08    6.26742E+03    6.23408E+03    6.30075E+03
 8.31764E-08    6.26232E+03    6.22901E+03    6.29563E+03
 8.70964E-08    6.25730E+03    6.22402E+03    6.29058E+03
 9.12011E-08    6.25313E+03    6.21987E+03    6.28639E+03
 9.54993E-08    6.24885E+03    6.21561E+03    6.28209E+03
 1.00000E-07    6.24438E+03    6.21116E+03    6.27759E+03
 1.04713E-07    6.24053E+03    6.20734E+03    6.27372E+03
 1.09648E-07    6.23704E+03    6.20386E+03    6.27021E+03
 1.14815E-07    6.23338E+03    6.20022E+03    6.26653E+03
 1.20226E-07    6.22960E+03    6.19647E+03    6.26274E+03
 1.25893E-07    6.22655E+03    6.19343E+03    6.25967E+03
 1.31826E-07    6.22365E+03    6.19055E+03    6.25675E+03
 1.38038E-07    6.22061E+03    6.18753E+03    6.25370E+03
 1.44544E-07    6.21744E+03    6.18437E+03    6.25051E+03
 1.51356E-07    6.21477E+03    6.18171E+03    6.24783E+03
 1.58489E-07    6.21245E+03    6.17940E+03    6.24549E+03
 1.65959E-07    6.21001E+03    6.17698E+03    6.24304E+03
 1.73780E-07    6.20747E+03    6.17445E+03    6.24048E+03
 1.81970E-07    6.20488E+03    6.17188E+03    6.23789E+03
 1.90546E-07    6.20293E+03    6.16994E+03    6.23593E+03
 1.99526E-07    6.20107E+03    6.16809E+03    6.23406E+03
 2.08930E-07    6.19913E+03    6.16615E+03    6.23210E+03
 2.18776E-07    6.19709E+03    6.16413E+03    6.23005E+03
 2.29087E-07    6.19496E+03    6.16202E+03    6.22792E+03
 2.39883E-07    6.19332E+03    6.16038E+03    6.22626E+03
 2.51189E-07    6.19191E+03    6.15898E+03    6.22484E+03
 2.63027E-07    6.19043E+03    6.15751E+03    6.22336E+03
 2.75423E-07    6.18889E+03    6.15597E+03    6.22181E+03
 2.88403E-07    6.18727E+03    6.15436E+03    6.22018E+03
 3.01995E-07    6.18558E+03    6.15269E+03    6.21849E+03
 3.16228E-07    6.18431E+03    6.15142E+03    6.21721E+03
 3.31131E-07    6.18326E+03    6.15038E+03    6.21615E+03
 3.46737E-07    6.18216E+03    6.14928E+03    6.21505E+03
 3.63078E-07    6.18101E+03    6.14814E+03    6.21389E+03
 3.80189E-07    6.17981E+03    6.14694E+03    6.21268E+03
 3.98107E-07    6.17854E+03    6.14568E+03    6.21141E+03
 4.16869E-07    6.17726E+03    6.14441E+03    6.21012E+03
 4.36516E-07    6.17643E+03    6.14357E+03    6.20928E+03
 4.57088E-07    6.17569E+03    6.14284E+03    6.20854E+03
 4.78630E-07    6.17492E+03    6.14207E+03    6.20776E+03
 5.01187E-07    6.17411E+03    6.14127E+03    6.20695E+03
 5.24807E-07    6.17326E+03    6.14042E+03    6.20609E+03
 5.49541E-07    6.17237E+03    6.13954E+03    6.20520E+03
 5.75440E-07    6.17144E+03    6.13862E+03    6.20427E+03
 6.02560E-07    6.17048E+03    6.13766E+03    6.20330E+03
 6.30957E-07    6.16981E+03    6.13699E+03    6.20262E+03
 6.60693E-07    6.16931E+03    6.13650E+03    6.20213E+03
 6.91831E-07    6.16879E+03    6.13598E+03    6.20160E+03
 7.24436E-07    6.16825E+03    6.13544E+03    6.20106E+03
 7.58578E-07    6.16768E+03    6.13488E+03    6.20049E+03
 7.94328E-07    6.16708E+03    6.13428E+03    6.19989E+03
 8.31764E-07    6.16646E+03    6.13366E+03    6.19926E+03
 8.70964E-07    6.16581E+03    6.13301E+03    6.19860E+03
 9.12011E-07    6.16512E+03    6.13233E+03    6.19792E+03
 9.54993E-07    6.16452E+03    6.13173E+03    6.19730E+03
 1.00000E-06    6.16442E+03    6.13163E+03    6.19721E+03
 1.04713E-06    6.16440E+03    6.13161E+03    6.19719E+03
 1.09648E-06    6.16437E+03    6.13159E+03    6.19716E+03
 1.14815E-06    6.16435E+03    6.13156E+03    6.19714E+03
 1.20226E-06    6.16432E+03    6.13154E+03    6.19711E+03
 1.25893E-06    6.16430E+03    6.13151E+03    6.19708E+03
 1.31826E-06    6.16427E+03    6.13148E+03    6.19705E+03
 1.38038E-06    6.16424E+03    6.13145E+03    6.19702E+03
 1.44544E-06    6.16421E+03    6.13142E+03    6.19699E+03
 1.51356E-06    6.16417E+03    6.13139E+03    6.19696E+03
 1.58489E-06    6.16414E+03    6.13135E+03    6.19692E+03
 1.65959E-06    6.16410E+03    6.13132E+03    6.19689E+03
 1.73780E-06    6.16406E+03    6.13128E+03    6.19685E+03
 1.81970E-06    6.16402E+03    6.13124E+03    6.19681E+03
 1.90546E-06    6.16398E+03    6.13120E+03    6.19677E+03
 1.99526E-06    6.16394E+03    6.13115E+03    6.19672E+03
 2.08930E-06    6.16389E+03    6.13111E+03    6.19668E+03
 2.18776E-06    6.16385E+03    6.13106E+03    6.19663E+03
 2.29087E-06    6.16380E+03    6.13101E+03    6.19658E+03
 2.39883E-06    6.16374E+03    6.13096E+03    6.19653E+03
 2.51189E-06    6.16369E+03    6.13091E+03    6.19647E+03
 2.63027E-06    6.16363E+03    6.13085E+03    6.19642E+03
 2.75423E-06    6.16357E+03    6.13079E+03    6.19635E+03
 2.88403E-06    6.16351E+03    6.13073E+03    6.19629E+03
 3.01995E-06    6.16344E+03    6.13066E+03    6.19623E+03
 3.16228E-06    6.16337E+03    6.13059E+03    6.19616E+03
 3.31131E-06    6.16330E+03    6.13052E+03    6.19608E+03
 3.46737E-06    6.16323E+03    6.13045E+03    6.19601E+03
 3.63078E-06    6.16315E+03    6.13037E+03    6.19593E+03
 3.80189E-06    6.16306E+03    6.13028E+03    6.19585E+03
 3.98107E-06    6.16298E+03    6.13020E+03    6.19576E+03
 4.16869E-06    6.16289E+03    6.13011E+03    6.19567E+03
 4.36516E-06    6.16279E+03    6.13001E+03    6.19557E+03
 4.57088E-06    6.16269E+03    6.12991E+03    6.19547E+03
 4.78630E-06    6.16259E+03    6.12981E+03    6.19537E+03
 5.01187E-06    6.16248E+03    6.12970E+03    6.19526E+03
 5.24807E-06    6.16236E+03    6.12959E+03    6.19514E+03
 5.49541E-06    6.16224E+03    6.12947E+03    6.19502E+03
 5.75440E-06    6.16212E+03    6.12934E+03    6.19490E+03
 6.02560E-06    6.16199E+03    6.12921E+03    6.19476E+03
 6.30957E-06    6.16185E+03    6.12908E+03    6.19462E+03
 6.60693E-06    6.16171E+03    6.12893E+03    6.19448E+03
 6.91831E-06    6.16156E+03    6.12878E+03    6.19433E+03
 7.24436E-06    6.16140E+03    6.12863E+03    6.19417E+03
 7.58578E-06    6.16123E+03    6.12846E+03    6.19400E+03
 7.94328E-06    6.16106E+03    6.12829E+03    6.19383E+03
 8.31764E-06    6.16088E+03    6.12811E+03    6.19365E+03
 8.70964E-06    6.16069E+03    6.12792E+03    6.19346E+03
 9.12011E-06    6.16049E+03    6.12772E+03    6.19326E+03
 9.54993E-06    6.16028E+03    6.12752E+03    6.19305E+03
 1.00000E-05    6.16006E+03    6.12730E+03    6.19283E+03
 1.04713E-05    6.15984E+03    6.12707E+03    6.19260E+03
 1.09648E-05    6.15960E+03    6.12684E+03    6.19236E+03
 1.14815E-05    6.15935E+03    6.12659E+03    6.19211E+03
 1.20226E-05    6.15909E+03    6.12633E+03    6.19184E+03
 1.25893E-05    6.15881E+03    6.12605E+03    6.19157E+03
 1.31826E-05    6.15852E+03    6.12577E+03    6.19128E+03
 1.38038E-05    6.15822E+03    6.12547E+03    6.19098E+03
 1.44544E-05    6.15791E+03    6.12516E+03    6.19066E+03
 1.51356E-05    6.15758E+03    6.12483E+03    6.19033E+03
 1.58489E-05    6.15723E+03    6.12448E+03    6.18998E+03
 1.65959E-05    6.15687E+03    6.12412E+03    6.18962E+03
 1.73780E-05    6.15649E+03    6.12375E+03    6.18924E+03
 1.81970E-05    6.15610E+03    6.12335E+03    6.18884E+03
 1.90546E-05    6.15568E+03    6.12294E+03    6.18842E+03
 1.99526E-05    6.15525E+03    6.12251E+03    6.18799E+03
 2.08930E-05    6.15479E+03    6.12206E+03    6.18753E+03
 2.18776E-05    6.15434E+03    6.12161E+03    6.18707E+03
 2.29087E-05    6.15422E+03    6.12149E+03    6.18695E+03
 2.39883E-05    6.15421E+03    6.12148E+03    6.18694E+03
 2.51189E-05    6.15420E+03    6.12147E+03    6.18693E+03
 2.63027E-05    6.15419E+03    6.12145E+03    6.18692E+03
 2.75423E-05    6.15417E+03    6.12144E+03    6.18691E+03
 2.88403E-05    6.15416E+03    6.12143E+03    6.18690E+03
 3.01995E-05    6.15415E+03    6.12142E+03    6.18688E+03
 3.16228E-05    6.15413E+03    6.12140E+03    6.18687E+03
 3.31131E-05    6.15412E+03    6.12139E+03    6.18685E+03
 3.46737E-05    6.15410E+03    6.12137E+03    6.18684E+03
 3.63078E-05    6.15409E+03    6.12136E+03    6.18682E+03
 3.80189E-05    6.15407E+03    6.12134E+03    6.18680E+03
 3.98107E-05    6.15405E+03    6.12132E+03    6.18679E+03
 4.16869E-05    6.15404E+03    6.12130E+03    6.18677E+03
 4.36516E-05    6.15402E+03    6.12128E+03    6.18675E+03
 4.57088E-05    6.15400E+03    6.12126E+03    6.18673E+03
 4.78630E-05    6.15398E+03    6.12124E+03    6.18671E+03
 5.01187E-05    6.15395E+03    6.12122E+03    6.18668E+03
 5.24807E-05    6.15393E+03    6.12120E+03    6.18666E+03
 5.49541E-05    6.15390E+03    6.12117E+03    6.18664E+03
 5.75440E-05    6.15388E+03    6.12115E+03    6.18661E+03
 6.02560E-05    6.15385E+03    6.12112E+03    6.18658E+03
 6.30957E-05    6.15382E+03    6.12109E+03    6.18656E+03
 6.60693E-05    6.15380E+03    6.12106E+03    6.18653E+03
 6.91831E-05    6.15377E+03    6.12103E+03    6.18650E+03
 7.24436E-05    6.15373E+03    6.12100E+03    6.18646E+03
 7.58578E-05    6.15370E+03    6.12097E+03    6.18643E+03
 7.94328E-05    6.15366E+03    6.12093E+03    6.18639E+03
 8.31764E-05    6.15363E+03    6.12090E+03    6.18636E+03
 8.70964E-05    6.15359E+03    6.12086E+03    6.18632E+03
 9.12011E-05    6.15355E+03    6.12082E+03    6.18628E+03
 9.54993E-05    6.15351E+03    6.12078E+03    6.18624E+03
 1.00000E-04    6.15346E+03    6.12126E+03    6.18567E+03
 1.04713E-04    6.15342E+03    6.12121E+03    6.18562E+03
 1.09648E-04    6.15337E+03    6.12116E+03    6.18557E+03
 1.14815E-04    6.15332E+03    6.12111E+03    6.18552E+03
 1.20226E-04    6.15326E+03    6.12106E+03    6.18547E+03
 1.25893E-04    6.15321E+03    6.12100E+03    6.18541E+03
 1.31826E-04    6.15315E+03    6.12095E+03    6.18535E+03
 1.38038E-04    6.15309E+03    6.12088E+03    6.18529E+03
 1.44544E-04    6.15302E+03    6.12082E+03    6.18523E+03
 1.51356E-04    6.15296E+03    6.12075E+03    6.18516E+03
 1.58489E-04    6.15289E+03    6.12068E+03    6.18509E+03
 1.65959E-04    6.15281E+03    6.12061E+03    6.18501E+03
 1.73780E-04    6.15274E+03    6.12054E+03    6.18494E+03
 1.81970E-04    6.15266E+03    6.12046E+03    6.18486E+03
 1.90546E-04    6.15257E+03    6.12037E+03    6.18477E+03
 1.99526E-04    6.15248E+03    6.12028E+03    6.18468E+03
 2.08930E-04    6.15239E+03    6.12019E+03    6.18459E+03
 2.18776E-04    6.15229E+03    6.12009E+03    6.18449E+03
 2.29087E-04    6.15219E+03    6.11999E+03    6.18439E+03
 2.39883E-04    6.15209E+03    6.11989E+03    6.18428E+03
 2.51189E-04    6.15197E+03    6.11978E+03    6.18417E+03
 2.63027E-04    6.15186E+03    6.11966E+03    6.18405E+03
 2.75423E-04    6.15174E+03    6.11954E+03    6.18393E+03
 2.88403E-04    6.15161E+03    6.11941E+03    6.18380E+03
 3.01995E-04    6.15147E+03    6.11928E+03    6.18367E+03
 3.16228E-04    6.15133E+03    6.11914E+03    6.18353E+03
 3.31131E-04    6.15119E+03    6.11900E+03    6.18338E+03
 3.46737E-04    6.15103E+03    6.11884E+03    6.18323E+03
 3.63078E-04    6.15087E+03    6.11868E+03    6.18306E+03
 3.80189E-04    6.15071E+03    6.11852E+03    6.18290E+03
 3.98107E-04    6.15053E+03    6.11834E+03    6.18272E+03
 4.16869E-04    6.15034E+03    6.11816E+03    6.18253E+03
 4.36516E-04    6.15015E+03    6.11796E+03    6.18234E+03
 4.57088E-04    6.14995E+03    6.11776E+03    6.18214E+03
 4.78630E-04    6.14974E+03    6.11755E+03    6.18192E+03
 5.01187E-04    6.14952E+03    6.11733E+03    6.18170E+03
 5.24807E-04    6.14928E+03    6.11710E+03    6.18147E+03
 5.49541E-04    6.14904E+03    6.11686E+03    6.18122E+03
 5.75440E-04    6.14878E+03    6.11660E+03    6.18097E+03
 6.02560E-04    6.14852E+03    6.11634E+03    6.18070E+03
 6.30957E-04    6.14824E+03    6.11606E+03    6.18042E+03
 6.60693E-04    6.14795E+03    6.11577E+03    6.18012E+03
 6.91831E-04    6.14764E+03    6.11546E+03    6.17981E+03
 7.24436E-04    6.14732E+03    6.11515E+03    6.17949E+03
 7.58578E-04    6.14698E+03    6.11481E+03    6.17915E+03
 7.94328E-04    6.14663E+03    6.11446E+03    6.17880E+03
 8.31764E-04    6.14626E+03    6.11410E+03    6.17843E+03
 8.70964E-04    6.14588E+03    6.11371E+03    6.17804E+03
 9.12011E-04    6.14547E+03    6.11331E+03    6.17764E+03
 9.54993E-04    6.14505E+03    6.11289E+03    6.17721E+03
 1.00000E-03    6.14461E+03    6.02163E+03    6.26759E+03
 1.04713E-03    6.14414E+03    6.02117E+03    6.26712E+03
 1.09648E-03    6.14366E+03    6.02070E+03    6.26662E+03
 1.14815E-03    6.14315E+03    6.02020E+03    6.26610E+03
 1.20226E-03    6.14262E+03    6.01968E+03    6.26556E+03
 1.25893E-03    6.14206E+03    6.01913E+03    6.26499E+03
 1.31826E-03    6.14148E+03    6.01856E+03    6.26440E+03
 1.38038E-03    6.14087E+03    6.01796E+03    6.26377E+03
 1.44544E-03    6.14023E+03    6.01733E+03    6.26312E+03
 1.51356E-03    6.13956E+03    6.01667E+03    6.26244E+03
 1.58489E-03    6.13885E+03    6.01599E+03    6.26172E+03
 1.65959E-03    6.13812E+03    6.01527E+03    6.26097E+03
 1.73780E-03    6.13735E+03    6.01451E+03    6.26019E+03
 1.81970E-03    6.13654E+03    6.01372E+03    6.25936E+03
 1.90546E-03    6.13570E+03    6.01290E+03    6.25850E+03
 1.99526E-03    6.13482E+03    6.01203E+03    6.25760E+03
 2.08930E-03    6.13389E+03    6.01112E+03    6.25666E+03
 2.18776E-03    6.13292E+03    6.01017E+03    6.25567E+03
 2.29087E-03    6.13191E+03    6.00918E+03    6.25464E+03
 2.39883E-03    6.13085E+03    6.00814E+03    6.25355E+03
 2.51189E-03    6.12973E+03    6.00705E+03    6.25242E+03
 2.63027E-03    6.12857E+03    6.00591E+03    6.25123E+03
 2.75423E-03    6.12735E+03    6.00471E+03    6.24999E+03
 2.88403E-03    6.12607E+03    6.00346E+03    6.24868E+03
 3.01995E-03    6.12473E+03    6.00215E+03    6.24732E+03
 3.16228E-03    6.12333E+03    6.00078E+03    6.24589E+03
 3.31131E-03    6.12187E+03    5.99934E+03    6.24440E+03
 3.46737E-03    6.12033E+03    5.99784E+03    6.24283E+03
 3.63078E-03    6.11873E+03    5.99626E+03    6.24119E+03
 3.80189E-03    6.11704E+03    5.99461E+03    6.23947E+03
 3.98107E-03    6.11528E+03    5.99288E+03    6.23767E+03
 4.16869E-03    6.11343E+03    5.99107E+03    6.23579E+03
 4.36516E-03    6.11150E+03    5.98918E+03    6.23382E+03
 4.57088E-03    6.10948E+03    5.98720E+03    6.23175E+03
 4.78630E-03    6.10736E+03    5.98512E+03    6.22959E+03
 5.01187E-03    6.10514E+03    5.98294E+03    6.22733E+03
 5.24807E-03    6.10281E+03    5.98067E+03    6.22496E+03
 5.49541E-03    6.10038E+03    5.97828E+03    6.22248E+03
 5.75440E-03    6.09783E+03    5.97579E+03    6.21988E+03
 6.02560E-03    6.09516E+03    5.97317E+03    6.21716E+03
 6.30957E-03    6.09237E+03    5.97043E+03    6.21431E+03
 6.60693E-03    6.08944E+03    5.96757E+03    6.21132E+03
 6.91831E-03    6.08638E+03    5.96456E+03    6.20820E+03
 7.24436E-03    6.08317E+03    5.96142E+03    6.20493E+03
 7.58578E-03    6.07981E+03    5.95813E+03    6.20150E+03
 7.94328E-03    6.07630E+03    5.95468E+03    6.19791E+03
 8.31764E-03    6.07261E+03    5.95107E+03    6.19416E+03
 8.70964E-03    6.06876E+03    5.94729E+03    6.19022E+03
 9.12011E-03    6.06472E+03    5.94334E+03    6.18610E+03
 9.54993E-03    6.06049E+03    5.93919E+03    6.18179E+03
 1.00000E-02    6.05606E+03    5.93485E+03    6.17727E+03
 1.04713E-02    6.05143E+03    5.93031E+03    6.17254E+03
 1.09648E-02    6.04657E+03    5.92555E+03    6.16759E+03
 1.14815E-02    6.04149E+03    5.92057E+03    6.16241E+03
 1.20226E-02    6.03616E+03    5.91535E+03    6.15697E+03
 1.25893E-02    6.03059E+03    5.90989E+03    6.15129E+03
 1.31826E-02    6.02475E+03    5.90417E+03    6.14533E+03
 1.38038E-02    6.01864E+03    5.89818E+03    6.13910E+03
 1.44544E-02    6.01224E+03    5.89191E+03    6.13257E+03
 1.51356E-02    6.00554E+03    5.88534E+03    6.12574E+03
 1.58489E-02    5.99852E+03    5.87846E+03    6.11858E+03
 1.65959E-02    5.99117E+03    5.87126E+03    6.11108E+03
 1.73780E-02    5.98348E+03    5.86372E+03    6.10323E+03
 1.81970E-02    5.97542E+03    5.85582E+03    6.09501E+03
 1.90546E-02    5.96698E+03    5.84755E+03    6.08641E+03
 1.99526E-02    5.95815E+03    5.83890E+03    6.07740E+03
 2.08930E-02    5.94890E+03    5.82983E+03    6.06796E+03
 2.18776E-02    5.93921E+03    5.82034E+03    6.05808E+03
 2.29087E-02    5.92906E+03    5.81040E+03    6.04773E+03
 2.39883E-02    5.91844E+03    5.79999E+03    6.03690E+03
 2.51189E-02    5.90732E+03    5.78909E+03    6.02555E+03
 2.63027E-02    5.89567E+03    5.77767E+03    6.01367E+03
 2.75423E-02    5.88348E+03    5.76572E+03    6.00123E+03
 2.88403E-02    5.87071E+03    5.75321E+03    5.98821E+03
 3.01995E-02    5.85733E+03    5.74010E+03    5.97457E+03
 3.16228E-02    5.84333E+03    5.72638E+03    5.96028E+03
 3.31131E-02    5.82867E+03    5.71201E+03    5.94533E+03
 3.46737E-02    5.81332E+03    5.69696E+03    5.92967E+03
 3.63078E-02    5.79724E+03    5.68121E+03    5.91327E+03
 3.80189E-02    5.78040E+03    5.66471E+03    5.89610E+03
 3.98107E-02    5.76278E+03    5.64744E+03    5.87812E+03
 4.16869E-02    5.74458E+03    5.62960E+03    5.85955E+03
 4.36516E-02    5.72696E+03    5.61233E+03    5.84158E+03
 4.57088E-02    5.70872E+03    5.59446E+03    5.82298E+03
 4.78630E-02    5.68962E+03    5.57574E+03    5.80350E+03
 5.01187E-02    5.66962E+03    5.55615E+03    5.78310E+03
 5.24807E-02    5.64868E+03    5.53563E+03    5.76174E+03
 5.49541E-02    5.62675E+03    5.51414E+03    5.73937E+03
 5.75440E-02    5.60379E+03    5.49164E+03    5.71595E+03
 6.02560E-02    5.57975E+03    5.46808E+03    5.69143E+03
 6.30957E-02    5.55484E+03    5.44366E+03    5.66602E+03
 6.60693E-02    5.52994E+03    5.41926E+03    5.64062E+03
 6.91831E-02    5.50402E+03    5.39386E+03    5.61418E+03
 7.24436E-02    5.47688E+03    5.36726E+03    5.58650E+03
 7.58578E-02    5.44846E+03    5.33941E+03    5.55750E+03
 7.94328E-02    5.41869E+03    5.31024E+03    5.52715E+03
 8.31764E-02    5.38753E+03    5.27970E+03    5.49536E+03
 8.70964E-02    5.35490E+03    5.24772E+03    5.46207E+03
 9.12011E-02    5.32072E+03    5.21423E+03    5.42722E+03
 9.54993E-02    5.28494E+03    5.17917E+03    5.39072E+03
 1.00000E-01    5.24747E+03    5.14239E+03    5.35256E+03
 1.04713E-01    5.21048E+03    5.10613E+03    5.31483E+03
 1.09648E-01    5.17466E+03    5.07103E+03    5.27829E+03
 1.14815E-01    5.13717E+03    5.03429E+03    5.24004E+03
 1.20226E-01    5.09790E+03    4.99581E+03    5.20000E+03
 1.25893E-01    5.05679E+03    4.95552E+03    5.15806E+03
 1.31826E-01    5.01374E+03    4.91333E+03    5.11415E+03
 1.38038E-01    4.96866E+03    4.86916E+03    5.06816E+03
 1.44544E-01    4.92146E+03    4.82290E+03    5.02002E+03
 1.51356E-01    4.87264E+03    4.77506E+03    4.97022E+03
 1.58489E-01    4.82646E+03    4.72980E+03    4.92311E+03
 1.65959E-01    4.77917E+03    4.68346E+03    4.87487E+03
 1.73780E-01    4.72965E+03    4.63493E+03    4.82436E+03
 1.81970E-01    4.67779E+03    4.58412E+03    4.77147E+03
 1.90546E-01    4.62350E+03    4.53091E+03    4.71609E+03
 1.99526E-01    4.56708E+03    4.47562E+03    4.65854E+03
 2.08930E-01    4.51356E+03    4.42317E+03    4.60395E+03
 2.18776E-01    4.45921E+03    4.36990E+03    4.54851E+03
 2.29087E-01    4.40229E+03    4.31413E+03    4.49045E+03
 2.39883E-01    4.34270E+03    4.25573E+03    4.42967E+03
 2.51189E-01    4.28128E+03    4.19555E+03    4.36702E+03
 2.63027E-01    4.22315E+03    4.13858E+03    4.30772E+03
 2.75423E-01    4.16334E+03    4.07996E+03    4.24672E+03
 2.88403E-01    4.10071E+03    4.01859E+03    4.18283E+03
 3.01995E-01    4.03731E+03    3.95646E+03    4.11816E+03
 3.16228E-01    3.97751E+03    3.89786E+03    4.05717E+03
 3.31131E-01    3.91534E+03    3.83693E+03    3.99375E+03
 3.46737E-01    3.85082E+03    3.77371E+03    3.92794E+03
 3.63078E-01    3.79041E+03    3.71451E+03    3.86632E+03
 3.80189E-01    3.72930E+03    3.65462E+03    3.80399E+03
 3.98107E-01    3.66611E+03    3.59269E+03    3.73953E+03
 4.16869E-01    3.60906E+03    3.53679E+03    3.68134E+03
 4.36516E-01    3.55214E+03    3.48101E+03    3.62328E+03
 4.57088E-01    3.50108E+03    3.43097E+03    3.57119E+03
 4.78630E-01    3.45422E+03    3.38504E+03    3.52340E+03
 5.01187E-01    3.41979E+03    3.38556E+03    3.45402E+03
 5.24807E-01    3.40867E+03    3.37455E+03    3.44279E+03
 5.49541E-01    3.47486E+03    3.44008E+03    3.50965E+03
 5.75440E-01    4.03561E+03    3.99521E+03    4.07600E+03
 6.02560E-01    6.64671E+03    6.58018E+03    6.71324E+03
 6.30957E-01    4.62194E+03    4.57567E+03    4.66820E+03
 6.60693E-01    3.59952E+03    3.56349E+03    3.63555E+03
 6.91831E-01    3.40865E+03    3.37453E+03    3.44277E+03
 7.24436E-01    3.35784E+03    3.32423E+03    3.39145E+03
 7.58578E-01    3.38172E+03    3.34787E+03    3.41557E+03
 7.94328E-01    4.12930E+03    4.08797E+03    4.17064E+03
 8.31764E-01    3.44377E+03    3.40930E+03    3.47824E+03
 8.70964E-01    3.41878E+03    3.38456E+03    3.45300E+03
 9.12011E-01    3.40591E+03    3.37182E+03    3.44000E+03
 9.54993E-01    3.36746E+03    3.33375E+03    3.40116E+03
 1.00000E+00    3.29529E+03    3.22939E+03    3.36120E+03
 1.04713E+00    3.18807E+03    3.12431E+03    3.25183E+03
 1.09648E+00    3.05427E+03    2.99318E+03    3.11535E+03
 1.14815E+00    2.90382E+03    2.84575E+03    2.96190E+03
 1.20226E+00    2.74605E+03    2.69113E+03    2.80097E+03
 1.25893E+00    2.58453E+03    2.53284E+03    2.63622E+03
 1.31826E+00    2.43269E+03    2.38403E+03    2.48134E+03
 1.38038E+00    2.28582E+03    2.24010E+03    2.33153E+03
 1.44544E+00    2.15203E+03    2.10899E+03    2.19507E+03
 1.51356E+00    2.03068E+03    1.99007E+03    2.07129E+03
 1.58489E+00    1.92207E+03    1.88363E+03    1.96051E+03
 1.65959E+00    1.82914E+03    1.79256E+03    1.86572E+03
 1.73780E+00    1.74284E+03    1.70798E+03    1.77770E+03
 1.81970E+00    1.68447E+03    1.65078E+03    1.71816E+03
 1.90546E+00    1.65316E+03    1.62010E+03    1.68622E+03
 1.99526E+00    1.66562E+03    1.63231E+03    1.69893E+03
 2.08930E+00    1.74095E+03    1.70613E+03    1.77577E+03
 2.18776E+00    1.88606E+03    1.84834E+03    1.92378E+03
 2.29087E+00    2.08764E+03    2.04589E+03    2.12939E+03
 2.39883E+00    2.37284E+03    2.32538E+03    2.42030E+03
 2.51189E+00    2.78004E+03    2.75224E+03    2.80785E+03
 2.63027E+00    3.82945E+03    3.79115E+03    3.86775E+03
 2.75423E+00    3.75279E+03    3.71526E+03    3.79032E+03
 2.88403E+00    3.30083E+03    3.26781E+03    3.33384E+03
 3.01995E+00    2.92731E+03    2.89804E+03    2.95659E+03
 3.16228E+00    2.63914E+03    2.61275E+03    2.66554E+03
 3.31131E+00    2.44370E+03    2.41926E+03    2.46814E+03
 3.46737E+00    2.30447E+03    2.28142E+03    2.32752E+03
 3.63078E+00    2.19486E+03    2.17291E+03    2.21681E+03
 3.80189E+00    2.08946E+03    2.06856E+03    2.11036E+03
 3.98107E+00    1.93906E+03    1.91966E+03    1.95845E+03
 4.16869E+00    1.92477E+03    1.90552E+03    1.94402E+03
 4.36516E+00    1.96118E+03    1.94156E+03    1.98079E+03
 4.57088E+00    1.93275E+03    1.91342E+03    1.95208E+03
 4.78630E+00    1.90015E+03    1.88114E+03    1.91915E+03
 5.01187E+00    1.87172E+03    1.83428E+03    1.90915E+03
 5.24807E+00    1.84440E+03    1.80751E+03    1.88129E+03
 5.49541E+00    1.82063E+03    1.78422E+03    1.85704E+03
 5.75440E+00    1.80584E+03    1.76973E+03    1.84196E+03
 6.02560E+00    1.78606E+03    1.75034E+03    1.82178E+03
 6.30957E+00    1.76386E+03    1.72858E+03    1.79914E+03
 6.60693E+00    1.74359E+03    1.70872E+03    1.77846E+03
 6.91831E+00    1.72511E+03    1.69061E+03    1.75962E+03
 7.24436E+00    1.71130E+03    1.67707E+03    1.74552E+03
 7.58578E+00    1.71503E+03    1.68073E+03    1.74933E+03
 7.94328E+00    1.72609E+03    1.69157E+03    1.76061E+03
 8.31764E+00    1.73068E+03    1.69607E+03    1.76529E+03
 8.70964E+00    1.71523E+03    1.68092E+03    1.74953E+03
 9.12011E+00    1.71029E+03    1.67608E+03    1.74449E+03
 9.54993E+00    1.70329E+03    1.66922E+03    1.73735E+03
 1.00000E+01    1.68330E+03    1.59913E+03    1.76746E+03
 1.04713E+01    1.65744E+03    1.57457E+03    1.74031E+03
 1.09648E+01    1.62963E+03    1.54815E+03    1.71111E+03
 1.14815E+01    1.60149E+03    1.52141E+03    1.68156E+03
 1.20226E+01    1.57974E+03    1.50076E+03    1.65873E+03
 1.25893E+01    1.56403E+03    1.48583E+03    1.64223E+03
 1.31826E+01    1.54540E+03    1.46813E+03    1.62267E+03
 1.38038E+01    1.51973E+03    1.44374E+03    1.59571E+03
 1.44544E+01    1.48315E+03    1.40900E+03    1.55731E+03
 1.51356E+01    1.44213E+03    1.37002E+03    1.51423E+03
 1.58489E+01    1.39620E+03    1.32639E+03    1.46601E+03
 1.65959E+01    1.37565E+03    1.30687E+03    1.44443E+03
 1.73780E+01    1.38218E+03    1.31307E+03    1.45129E+03
 1.81970E+01    1.36448E+03    1.29625E+03    1.43270E+03
 1.90546E+01    1.33263E+03    1.26599E+03    1.39926E+03
 1.99526E+01    6.77546E+01    6.43668E+01    7.11423E+01
