# n + Gd152 : (n,2a)    
# jendl4.0   N.Iwamoto,A.Zukeran,K.Shibata     EVAL-Dec09
# uncertainties: n
# # energies =   699
#   E(MeV)       xs(mb) 
 1.00000E-11    1.90470E-12
 1.03005E-11    1.87670E-12
 1.06099E-11    1.84910E-12
 1.09287E-11    1.82200E-12
 1.12571E-11    1.79520E-12
 1.15953E-11    1.76880E-12
 1.19437E-11    1.74280E-12
 1.23026E-11    1.71720E-12
 1.26722E-11    1.69200E-12
 1.30530E-11    1.66710E-12
 1.34452E-11    1.64260E-12
 1.38491E-11    1.61850E-12
 1.42652E-11    1.59470E-12
 1.46938E-11    1.57130E-12
 1.51353E-11    1.54820E-12
 1.55901E-11    1.52550E-12
 1.60585E-11    1.50300E-12
 1.65410E-11    1.48100E-12
 1.70380E-11    1.45920E-12
 1.75499E-11    1.43780E-12
 1.80772E-11    1.41660E-12
 1.86203E-11    1.39580E-12
 1.91798E-11    1.37530E-12
 1.97561E-11    1.35510E-12
 2.03497E-11    1.33520E-12
 2.09611E-11    1.31560E-12
 2.15909E-11    1.29620E-12
 2.22396E-11    1.27720E-12
 2.29078E-11    1.25840E-12
 2.35961E-11    1.23990E-12
 2.43051E-11    1.22170E-12
 2.50353E-11    1.20380E-12
 2.57875E-11    1.18610E-12
 2.65623E-11    1.16870E-12
 2.73604E-11    1.15150E-12
 2.81825E-11    1.13460E-12
 2.90293E-11    1.11790E-12
 2.99015E-11    1.10150E-12
 3.07999E-11    1.08530E-12
 3.17253E-11    1.06940E-12
 3.26785E-11    1.05360E-12
 3.36604E-11    1.03820E-12
 3.46717E-11    1.02290E-12
 3.57135E-11    1.00790E-12
 3.67865E-11    9.93070E-13
 3.78918E-11    9.78480E-13
 3.90303E-11    9.64100E-13
 4.02030E-11    9.49940E-13
 4.14109E-11    9.35980E-13
 4.26551E-11    9.22230E-13
 4.39367E-11    9.08680E-13
 4.52569E-11    8.95330E-13
 4.66166E-11    8.82170E-13
 4.80173E-11    8.69210E-13
 4.94600E-11    8.56440E-13
 5.09461E-11    8.43860E-13
 5.24768E-11    8.31460E-13
 5.40535E-11    8.19240E-13
 5.56776E-11    8.07200E-13
 5.73505E-11    7.95340E-13
 5.90736E-11    7.83660E-13
 6.08485E-11    7.72140E-13
 6.26768E-11    7.60800E-13
 6.45599E-11    7.49620E-13
 6.64997E-11    7.38610E-13
 6.84977E-11    7.27760E-13
 7.05558E-11    7.17060E-13
 7.26757E-11    7.06530E-13
 7.48593E-11    6.96150E-13
 7.71085E-11    6.85920E-13
 7.94253E-11    6.75840E-13
 8.18117E-11    6.65910E-13
 8.42698E-11    6.56130E-13
 8.68018E-11    6.46490E-13
 8.94098E-11    6.36990E-13
 9.20962E-11    6.27630E-13
 9.48633E-11    6.18410E-13
 9.77136E-11    6.09320E-13
 1.00649E-10    6.00370E-13
 1.03674E-10    5.91550E-13
 1.06789E-10    5.82860E-13
 1.09997E-10    5.74290E-13
 1.13302E-10    5.65850E-13
 1.16706E-10    5.57540E-13
 1.20213E-10    5.49350E-13
 1.23825E-10    5.41280E-13
 1.27545E-10    5.33320E-13
 1.31377E-10    5.25490E-13
 1.35325E-10    5.17770E-13
 1.39391E-10    5.10160E-13
 1.43579E-10    5.02660E-13
 1.47893E-10    4.95280E-13
 1.52336E-10    4.88000E-13
 1.56913E-10    4.80830E-13
 1.61628E-10    4.73770E-13
 1.66484E-10    4.66810E-13
 1.71486E-10    4.59950E-13
 1.76639E-10    4.53190E-13
 1.81946E-10    4.46530E-13
 1.87413E-10    4.39970E-13
 1.93044E-10    4.33510E-13
 1.98844E-10    4.27140E-13
 2.04818E-10    4.20860E-13
 2.10972E-10    4.14680E-13
 2.17311E-10    4.08590E-13
 2.23840E-10    4.02580E-13
 2.30566E-10    3.96670E-13
 2.37493E-10    3.90840E-13
 2.44629E-10    3.85100E-13
 2.51979E-10    3.79440E-13
 2.59550E-10    3.73860E-13
 2.67349E-10    3.68370E-13
 2.75381E-10    3.62960E-13
 2.83655E-10    3.57630E-13
 2.92178E-10    3.52370E-13
 3.00957E-10    3.47190E-13
 3.09999E-10    3.42090E-13
 3.19313E-10    3.37070E-13
 3.28907E-10    3.32110E-13
 3.38790E-10    3.27230E-13
 3.48969E-10    3.22430E-13
 3.59454E-10    3.17690E-13
 3.70254E-10    3.13020E-13
 3.81379E-10    3.08420E-13
 3.92838E-10    3.03890E-13
 4.04641E-10    2.99430E-13
 4.16798E-10    2.95030E-13
 4.29321E-10    2.90690E-13
 4.42221E-10    2.86420E-13
 4.55508E-10    2.82210E-13
 4.69194E-10    2.78070E-13
 4.83291E-10    2.73980E-13
 4.97812E-10    2.69950E-13
 5.12769E-10    2.65990E-13
 5.28176E-10    2.62080E-13
 5.44045E-10    2.58230E-13
 5.60392E-10    2.54440E-13
 5.77229E-10    2.50700E-13
 5.94572E-10    2.47010E-13
 6.12437E-10    2.43380E-13
 6.30838E-10    2.39810E-13
 6.49792E-10    2.36280E-13
 6.69316E-10    2.32810E-13
 6.89426E-10    2.29390E-13
 7.10140E-10    2.26020E-13
 7.31477E-10    2.22700E-13
 7.53455E-10    2.19430E-13
 7.76093E-10    2.16200E-13
 7.99411E-10    2.13030E-13
 8.23430E-10    2.09900E-13
 8.48171E-10    2.06810E-13
 8.73655E-10    2.03780E-13
 8.99905E-10    2.00780E-13
 9.26943E-10    1.97830E-13
 9.54794E-10    1.94920E-13
 9.83482E-10    1.92060E-13
 1.01303E-09    1.89240E-13
 1.04347E-09    1.86460E-13
 1.07482E-09    1.83720E-13
 1.10711E-09    1.81020E-13
 1.14038E-09    1.78360E-13
 1.17464E-09    1.75740E-13
 1.20994E-09    1.73160E-13
 1.24629E-09    1.70610E-13
 1.28373E-09    1.68110E-13
 1.32231E-09    1.65640E-13
 1.36204E-09    1.63200E-13
 1.40296E-09    1.60800E-13
 1.44511E-09    1.58440E-13
 1.48853E-09    1.56110E-13
 1.53326E-09    1.53820E-13
 1.57932E-09    1.51560E-13
 1.62678E-09    1.49330E-13
 1.67565E-09    1.47140E-13
 1.72600E-09    1.44980E-13
 1.77786E-09    1.42850E-13
 1.83128E-09    1.40750E-13
 1.88630E-09    1.38680E-13
 1.94297E-09    1.36640E-13
 2.00135E-09    1.34630E-13
 2.06148E-09    1.32660E-13
 2.12342E-09    1.30710E-13
 2.18722E-09    1.28790E-13
 2.25294E-09    1.26890E-13
 2.32063E-09    1.25030E-13
 2.39036E-09    1.23190E-13
 2.46218E-09    1.21380E-13
 2.53616E-09    1.19600E-13
 2.61236E-09    1.17840E-13
 2.69085E-09    1.16110E-13
 2.77170E-09    1.14410E-13
 2.85497E-09    1.12730E-13
 2.94075E-09    1.11070E-13
 3.02911E-09    1.09440E-13
 3.12012E-09    1.07830E-13
 3.21387E-09    1.06250E-13
 3.31043E-09    1.04690E-13
 3.40990E-09    1.03150E-13
 3.51235E-09    1.01640E-13
 3.61788E-09    1.00150E-13
 3.72659E-09    9.86800E-14
 3.83856E-09    9.72340E-14
 3.95389E-09    9.58110E-14
 4.07269E-09    9.44100E-14
 4.19505E-09    9.30310E-14
 4.32110E-09    9.16730E-14
 4.45093E-09    9.03380E-14
 4.58466E-09    8.90250E-14
 4.72241E-09    8.77340E-14
 4.86430E-09    8.64650E-14
 5.01045E-09    8.52180E-14
 5.16099E-09    8.39920E-14
 5.31606E-09    8.27890E-14
 5.47579E-09    8.16070E-14
 5.64031E-09    8.04460E-14
 5.80978E-09    7.93060E-14
 5.98434E-09    7.81860E-14
 6.16414E-09    7.70860E-14
 6.34935E-09    7.60040E-14
 6.54012E-09    7.49400E-14
 6.73663E-09    7.38920E-14
 6.93903E-09    7.28600E-14
 7.17781E-09    7.16970E-14
 7.42481E-09    7.05510E-14
 7.68031E-09    6.94210E-14
 7.94460E-09    6.83070E-14
 8.21798E-09    6.72080E-14
 8.46489E-09    6.62600E-14
 8.71923E-09    6.53260E-14
 8.98121E-09    6.44080E-14
 9.25105E-09    6.35070E-14
 9.52901E-09    6.26260E-14
 9.81532E-09    6.17660E-14
 1.01102E-08    6.09280E-14
 1.04140E-08    6.01140E-14
 1.07269E-08    5.93210E-14
 1.10492E-08    5.85510E-14
 1.13812E-08    5.77990E-14
 1.17231E-08    5.70640E-14
 1.21265E-08    5.62390E-14
 1.25970E-08    5.53210E-14
 1.31411E-08    5.43030E-14
 1.38253E-08    5.30680E-14
 1.47307E-08    5.14780E-14
 1.57619E-08    4.97070E-14
 1.65825E-08    4.83310E-14
 1.72988E-08    4.71630E-14
 1.78941E-08    4.62240E-14
 1.84317E-08    4.54060E-14
 1.89054E-08    4.47130E-14
 1.93912E-08    4.40320E-14
 1.98896E-08    4.33680E-14
 2.03146E-08    4.28290E-14
 2.07487E-08    4.23050E-14
 2.11921E-08    4.17980E-14
 2.16450E-08    4.13090E-14
 2.21076E-08    4.08380E-14
 2.25800E-08    4.03850E-14
 2.30626E-08    3.99510E-14
 2.35554E-08    3.95350E-14
 2.40588E-08    3.91370E-14
 2.45730E-08    3.87560E-14
 2.50981E-08    3.83910E-14
 2.52045E-08    3.83200E-14
 2.53000E-08    3.82570E-14
 2.59502E-08    3.78460E-14
 2.66171E-08    3.74530E-14
 2.73011E-08    3.70750E-14
 2.81214E-08    3.66500E-14
 2.90891E-08    3.61760E-14
 3.03457E-08    3.55890E-14
 3.24700E-08    3.46330E-14
 3.96101E-08    3.14780E-14
 4.25626E-08    3.01870E-14
 4.42139E-08    2.94810E-14
 4.55423E-08    2.89330E-14
 4.65156E-08    2.85470E-14
 4.75096E-08    2.81730E-14
 4.83201E-08    2.78840E-14
 4.91445E-08    2.76080E-14
 4.99829E-08    2.73450E-14
 5.08356E-08    2.70990E-14
 5.17029E-08    2.68670E-14
 5.25849E-08    2.66520E-14
 5.34820E-08    2.64510E-14
 5.43944E-08    2.62620E-14
 5.55568E-08    2.60400E-14
 5.69846E-08    2.57870E-14
 5.89455E-08    2.54630E-14
 6.28059E-08    2.48530E-14
 8.73493E-08    2.10370E-14
 9.11225E-08    2.04600E-14
 9.34643E-08    2.01130E-14
 9.54616E-08    1.98310E-14
 9.70902E-08    1.96140E-14
 9.83299E-08    1.94590E-14
 9.95853E-08    1.93120E-14
 1.00857E-07    1.91750E-14
 1.02145E-07    1.90460E-14
 1.03449E-07    1.89270E-14
 1.04770E-07    1.88180E-14
 1.06107E-07    1.87160E-14
 1.07917E-07    1.85900E-14
 1.10224E-07    1.84450E-14
 1.13535E-07    1.82520E-14
 1.24080E-07    1.76690E-14
 1.83870E-07    1.43880E-14
 1.89394E-07    1.40910E-14
 1.92625E-07    1.39250E-14
 1.95085E-07    1.38040E-14
 1.97575E-07    1.36890E-14
 2.00098E-07    1.35830E-14
 2.02653E-07    1.34860E-14
 2.05240E-07    1.33980E-14
 2.07861E-07    1.33210E-14
 2.10515E-07    1.32510E-14
 2.14106E-07    1.31680E-14
 2.19608E-07    1.30530E-14
 2.45133E-07    1.25560E-14
 3.80552E-07    9.93160E-15
 3.88684E-07    9.77880E-15
 3.93647E-07    9.69060E-15
 3.96991E-07    9.63510E-15
 4.00363E-07    9.58300E-15
 4.03763E-07    9.53510E-15
 4.07193E-07    9.49190E-15
 4.10652E-07    9.45310E-15
 4.14140E-07    9.41850E-15
 4.19427E-07    9.37260E-15
 4.26583E-07    9.31830E-15
 4.50692E-07    9.15130E-15
 7.74410E-07    6.93340E-15
 7.87622E-07    6.84570E-15
 7.94312E-07    6.80390E-15
 8.01059E-07    6.76500E-15
 8.07863E-07    6.73010E-15
 8.14725E-07    6.69990E-15
 8.21645E-07    6.67410E-15
 8.28624E-07    6.65200E-15
 8.39204E-07    6.62310E-15
 8.90391E-07    6.49800E-15
 1.57594E-06    4.83790E-15
 1.59818E-06    4.78730E-15
 1.62073E-06    4.74510E-15
 1.64359E-06    4.71510E-15
 3.17509E-06    3.40160E-15
 3.21988E-06    3.45090E-15
 3.26531E-06    5.68190E-15
 3.31000E-06    1.63220E-14
 3.35670E-06    2.69830E-14
 3.40406E-06    2.88440E-14
 3.45208E-06    2.87630E-14
 6.57595E-06    1.93530E-14
 6.66872E-06    1.91580E-14
 9.87195E-06    1.51400E-14
 1.00112E-05    1.49860E-14
 1.98892E-05    9.47160E-15
 2.01698E-05    9.37930E-15
 3.95137E-05    5.99480E-15
 4.00712E-05    5.90730E-15
 6.92022E-05    4.02340E-15
 7.01785E-05    3.96680E-15
 9.96120E-05    3.07400E-15
 1.01017E-04    3.04940E-15
 2.00000E-04    1.80780E-15
 4.00000E-04    1.06660E-15
 7.00000E-04    6.85410E-16
 1.00000E-03    5.15070E-16
 2.00000E-03    2.97510E-16
 4.00000E-03    1.71840E-16
 7.00000E-03    1.14700E-16
 1.00000E-02    9.09290E-17
 2.00000E-02    6.35100E-17
 3.00000E-02    5.32930E-17
 4.00000E-02    5.13200E-17
 5.00000E-02    5.08240E-17
 5.99882E-02    5.19720E-17
 8.70153E-02    5.93100E-17
 1.02842E-01    6.37530E-17
 1.20000E-01    6.83560E-17
 1.30000E-01    6.88770E-17
 1.50000E-01    7.93220E-17
 1.60000E-01    8.55500E-17
 1.72398E-01    9.57320E-17
 1.85115E-01    1.05710E-16
 2.00000E-01    1.16870E-16
 2.25000E-01    1.28270E-16
 2.50000E-01    1.54780E-16
 2.75000E-01    1.92630E-16
 3.00000E-01    2.31940E-16
 3.46565E-01    3.01230E-16
 4.00000E-01    3.49950E-16
 5.00000E-01    6.28060E-16
 6.00000E-01    1.15920E-15
 6.19485E-01    1.28830E-15
 7.00000E-01    2.07930E-15
 7.60411E-01    2.86880E-15
 8.00000E-01    3.83480E-15
 9.00000E-01    7.01880E-15
 9.36723E-01    8.24250E-15
 1.00000E+00    1.17370E-14
 1.05481E+00    1.52970E-14
 1.10000E+00    2.04730E-14
 1.11653E+00    2.23130E-14
 1.13065E+00    2.22880E-14
 1.20000E+00    3.29010E-14
 1.23553E+00    3.75070E-14
 1.29077E+00    5.32120E-14
 1.30000E+00    5.59470E-14
 1.32338E+00    6.26380E-14
 1.32717E+00    6.29500E-14
 1.40000E+00    8.92140E-14
 1.44354E+00    1.06540E-13
 1.47023E+00    1.22990E-13
 1.50000E+00    1.45510E-13
 1.56050E+00    1.89740E-13
 1.60000E+00    2.40480E-13
 1.61626E+00    2.60360E-13
 1.65432E+00    3.00720E-13
 1.67914E+00    3.44490E-13
 1.70365E+00    3.94370E-13
 1.75838E+00    4.93470E-13
 1.76764E+00    5.16880E-13
 1.78333E+00    5.69040E-13
 1.81966E+00    6.77560E-13
 1.85183E+00    7.65170E-13
 1.87441E+00    8.59270E-13
 1.90000E+00    9.84720E-13
 1.92814E+00    1.11400E-12
 1.95405E+00    1.22000E-12
 1.97503E+00    1.35710E-12
 1.98879E+00    1.46820E-12
 2.01116E+00    1.63070E-12
 2.02499E+00    1.72760E-12
 2.25000E+00    4.62150E-12
 2.50000E+00    1.42870E-11
 2.75000E+00    3.76790E-11
 3.00000E+00    1.02770E-10
 3.50000E+00    5.87740E-10
 4.00000E+00    2.73680E-09
 4.50000E+00    1.06130E-08
 5.00000E+00    3.49080E-08
 5.50000E+00    9.87030E-08
 5.54365E+00    1.07120E-07
 5.58992E+00    1.16760E-07
 5.63731E+00    1.27440E-07
 5.68434E+00    1.38880E-07
 5.73374E+00    1.51910E-07
 5.78317E+00    1.66030E-07
 5.83181E+00    1.81070E-07
 5.87772E+00    1.96420E-07
 5.92802E+00    2.14530E-07
 5.97866E+00    2.34300E-07
 6.05755E+00    2.66610E-07
 6.11463E+00    2.91950E-07
 6.16973E+00    3.18420E-07
 6.22182E+00    3.45420E-07
 6.27719E+00    3.76310E-07
 6.33787E+00    4.13020E-07
 6.39770E+00    4.52320E-07
 6.46126E+00    4.97740E-07
 6.57109E+00    5.81420E-07
 6.63796E+00    6.36720E-07
 6.70496E+00    6.96730E-07
 6.77097E+00    7.60740E-07
 6.83339E+00    8.26090E-07
 6.90185E+00    9.03310E-07
 6.97088E+00    9.87710E-07
 7.07776E+00    1.12455E-06
 7.15574E+00    1.23245E-06
 7.23265E+00    1.34772E-06
 7.30543E+00    1.46558E-06
 7.38533E+00    1.60506E-06
 7.46596E+00    1.75772E-06
 7.58527E+00    1.99546E-06
 7.67770E+00    2.19483E-06
 7.76527E+00    2.39954E-06
 7.85177E+00    2.61802E-06
 7.94861E+00    2.88279E-06
 8.09847E+00    3.32209E-06
 8.19800E+00    3.63826E-06
 8.29558E+00    3.97343E-06
 8.39667E+00    4.34852E-06
 8.53042E+00    4.88678E-06
 8.63506E+00    5.33307E-06
 8.75168E+00    5.87137E-06
 8.85360E+00    6.37945E-06
 8.96892E+00    6.99954E-06
 9.11140E+00    7.81027E-06
 9.23558E+00    8.57478E-06
 9.35443E+00    9.36507E-06
 9.48235E+00    1.02840E-05
 9.62344E+00    1.13584E-05
 9.75315E+00    1.24259E-05
 9.88348E+00    1.35830E-05
 1.00305E+01    1.49914E-05
 1.00863E+01    1.55489E-05
 1.01116E+01    1.58085E-05
 1.01355E+01    1.60559E-05
 1.01803E+01    1.65302E-05
 1.02198E+01    1.69567E-05
 1.02544E+01    1.73389E-05
 1.02848E+01    1.76803E-05
 1.03114E+01    1.79847E-05
 1.03582E+01    1.85298E-05
 1.03935E+01    1.89496E-05
 1.04200E+01    1.92706E-05
 1.04599E+01    1.97623E-05
 1.05000E+01    2.02666E-05
 1.05306E+01    2.06557E-05
 1.05593E+01    2.10273E-05
 1.05863E+01    2.13817E-05
 1.06117E+01    2.17194E-05
 1.06595E+01    2.23669E-05
 1.07015E+01    2.29494E-05
 1.07383E+01    2.34715E-05
 1.07707E+01    2.39381E-05
 1.07991E+01    2.43539E-05
 1.08490E+01    2.50991E-05
 1.08865E+01    2.56729E-05
 1.09148E+01    2.61118E-05
 1.09573E+01    2.67843E-05
 1.10000E+01    2.74742E-05
 1.10306E+01    2.79795E-05
 1.10594E+01    2.84617E-05
 1.10864E+01    2.89213E-05
 1.11373E+01    2.98031E-05
 1.11820E+01    3.05968E-05
 1.12213E+01    3.13085E-05
 1.12557E+01    3.19449E-05
 1.12860E+01    3.25123E-05
 1.13125E+01    3.30170E-05
 1.13591E+01    3.39192E-05
 1.13942E+01    3.46120E-05
 1.14470E+01    3.56779E-05
 1.15000E+01    3.67765E-05
 1.15306E+01    3.74320E-05
 1.15594E+01    3.80571E-05
 1.15865E+01    3.86526E-05
 1.16374E+01    3.97945E-05
 1.16821E+01    4.08212E-05
 1.17214E+01    4.17413E-05
 1.17558E+01    4.25634E-05
 1.17861E+01    4.32960E-05
 1.18392E+01    4.46085E-05
 1.18792E+01    4.56190E-05
 1.19093E+01    4.63918E-05
 1.19546E+01    4.75756E-05
 1.20000E+01    4.87897E-05
 1.20307E+01    4.96269E-05
 1.20595E+01    5.04248E-05
 1.21137E+01    5.19556E-05
 1.21613E+01    5.33331E-05
 1.22031E+01    5.45683E-05
 1.22399E+01    5.56726E-05
 1.22721E+01    5.66572E-05
 1.23003E+01    5.75330E-05
 1.23499E+01    5.90983E-05
 1.23873E+01    6.03002E-05
 1.24435E+01    6.21489E-05
 1.25000E+01    6.40544E-05
 1.25307E+01    6.51220E-05
 1.25595E+01    6.61391E-05
 1.26137E+01    6.80891E-05
 1.26614E+01    6.98425E-05
 1.27032E+01    7.14137E-05
 1.27400E+01    7.28175E-05
 1.27722E+01    7.40684E-05
 1.28288E+01    7.63094E-05
 1.28714E+01    7.80346E-05
 1.29034E+01    7.93540E-05
 1.29516E+01    8.13751E-05
 1.30000E+01    8.34476E-05
 1.30307E+01    8.47971E-05
 1.30885E+01    8.73864E-05
 1.31392E+01    8.97168E-05
 1.31838E+01    9.18069E-05
 1.32229E+01    9.36756E-05
 1.32572E+01    9.53419E-05
 1.32873E+01    9.68242E-05
 1.33402E+01    9.94739E-05
 1.33800E+01    1.01509E-04
 1.34398E+01    1.04639E-04
 1.35000E+01    1.07866E-04
 1.35307E+01    1.09551E-04
 1.35885E+01    1.12782E-04
 1.36393E+01    1.15687E-04
 1.36839E+01    1.18291E-04
 1.37230E+01    1.20616E-04
 1.37573E+01    1.22689E-04
 1.38176E+01    1.26402E-04
 1.38630E+01    1.29261E-04
 1.38971E+01    1.31447E-04
 1.39485E+01    1.34796E-04
 1.40000E+01    1.38230E-04
 1.40615E+01    1.42415E-04
 1.41156E+01    1.46180E-04
 1.41631E+01    1.49556E-04
 1.42048E+01    1.52574E-04
 1.42414E+01    1.55265E-04
 1.43056E+01    1.60088E-04
 1.43539E+01    1.63804E-04
 1.43903E+01    1.66647E-04
 1.44451E+01    1.71004E-04
 1.45000E+01    1.75476E-04
 1.45616E+01    1.80517E-04
 1.46157E+01    1.85047E-04
 1.46632E+01    1.89104E-04
 1.47049E+01    1.92727E-04
 1.47414E+01    1.95954E-04
 1.48057E+01    2.01731E-04
 1.48540E+01    2.06175E-04
 1.48904E+01    2.09573E-04
 1.49451E+01    2.14774E-04
 1.50000E+01    2.20105E-04
 1.50616E+01    2.26257E-04
 1.51157E+01    2.31781E-04
 1.51632E+01    2.36725E-04
 1.52049E+01    2.41137E-04
 1.52415E+01    2.45066E-04
 1.53057E+01    2.52095E-04
 1.53541E+01    2.57499E-04
 1.53904E+01    2.61627E-04
 1.54451E+01    2.67945E-04
 1.55000E+01    2.74415E-04
 1.55616E+01    2.81155E-04
 1.56158E+01    2.87188E-04
 1.56633E+01    2.92573E-04
 1.57050E+01    2.97368E-04
 1.57782E+01    3.05948E-04
 1.58334E+01    3.12546E-04
 1.58749E+01    3.17587E-04
 1.59373E+01    3.25302E-04
 1.60000E+01    3.33204E-04
 1.60617E+01    3.41504E-04
 1.61158E+01    3.48935E-04
 1.61633E+01    3.55570E-04
 1.62050E+01    3.61480E-04
 1.62783E+01    3.72058E-04
 1.63334E+01    3.80194E-04
 1.63749E+01    3.86413E-04
 1.64373E+01    3.95933E-04
 1.65000E+01    4.05687E-04
 1.65617E+01    4.15777E-04
 1.66159E+01    4.24811E-04
 1.66634E+01    4.32877E-04
 1.67051E+01    4.40061E-04
 1.67783E+01    4.52919E-04
 1.68335E+01    4.62809E-04
 1.68750E+01    4.70368E-04
 1.69374E+01    4.81939E-04
 1.70000E+01    4.93794E-04
 1.70617E+01    5.04712E-04
 1.71159E+01    5.14463E-04
 1.71634E+01    5.23150E-04
 1.72470E+01    5.38706E-04
 1.73099E+01    5.50675E-04
 1.73572E+01    5.59827E-04
 1.74285E+01    5.73840E-04
 1.75000E+01    5.88204E-04
 1.75617E+01    6.02853E-04
 1.76159E+01    6.15970E-04
 1.76635E+01    6.27682E-04
 1.77052E+01    6.38111E-04
 1.77784E+01    6.56783E-04
 1.78336E+01    6.71144E-04
 1.78750E+01    6.82120E-04
 1.79374E+01    6.98922E-04
 1.80000E+01    7.16138E-04
 1.80618E+01    7.29549E-04
 1.81160E+01    7.41490E-04
 1.82112E+01    7.62859E-04
 1.82830E+01    7.79289E-04
 1.83370E+01    7.91843E-04
 1.84183E+01    8.11055E-04
 1.85000E+01    8.30732E-04
 1.85618E+01    8.48295E-04
 1.86160E+01    8.63967E-04
 1.86636E+01    8.77918E-04
 1.87471E+01    9.02875E-04
 1.88100E+01    9.22057E-04
 1.88573E+01    9.36711E-04
 1.89285E+01    9.59130E-04
 1.90000E+01    9.82085E-04
 1.90618E+01    1.00345E-03
 1.91160E+01    1.02252E-03
 1.91636E+01    1.03951E-03
 1.92472E+01    1.06992E-03
 1.93101E+01    1.09331E-03
 1.93574E+01    1.11119E-03
 1.94286E+01    1.13855E-03
 1.95000E+01    1.16659E-03
 1.95618E+01    1.18878E-03
 1.96161E+01    1.20854E-03
 1.97113E+01    1.24391E-03
 1.97831E+01    1.27112E-03
 1.98371E+01    1.29192E-03
 1.99184E+01    1.32375E-03
 2.00000E+01    1.35637E-03
