# n + Hg202 : (n,n'27)  
# tendl.2019 A.J. Koning and D. Rochman        EVAL-NOV19
# uncertainties: n
# # energies =    64
#   E(MeV)       xs(mb) 
 1.97544E+00    0.00000E+00
 1.98727E+00    9.44207E-01
 1.99852E+00    1.84213E+00
 2.00000E+00    1.96025E+00
 2.00135E+00    2.01029E+00
 2.20000E+00    9.37414E+00
 2.40000E+00    1.55227E+01
 2.60000E+00    1.81623E+01
 2.80000E+00    1.81709E+01
 3.00000E+00    1.68540E+01
 3.20000E+00    1.50641E+01
 3.40000E+00    1.32249E+01
 3.60000E+00    1.15010E+01
 3.80000E+00    9.93509E+00
 4.00000E+00    8.52942E+00
 4.20000E+00    7.28217E+00
 4.40000E+00    6.19005E+00
 4.60000E+00    5.25098E+00
 4.80000E+00    4.45695E+00
 5.00000E+00    3.79581E+00
 5.20000E+00    3.25275E+00
 5.40000E+00    2.81211E+00
 5.60000E+00    2.45343E+00
 5.80000E+00    2.17183E+00
 6.00000E+00    1.95092E+00
 6.20000E+00    1.77889E+00
 6.40000E+00    1.64655E+00
 6.60000E+00    1.54557E+00
 6.80000E+00    1.46895E+00
 7.00000E+00    1.41293E+00
 7.20000E+00    1.37181E+00
 7.40000E+00    1.34284E+00
 7.60000E+00    1.32307E+00
 7.80000E+00    1.30991E+00
 8.00000E+00    1.30178E+00
 8.50000E+00    1.29313E+00
 9.00000E+00    1.29027E+00
 9.50000E+00    1.28599E+00
 1.00000E+01    1.27747E+00
 1.05000E+01    1.26394E+00
 1.10000E+01    1.24573E+00
 1.15000E+01    1.22386E+00
 1.20000E+01    1.19971E+00
 1.25000E+01    1.17459E+00
 1.30000E+01    1.14943E+00
 1.35000E+01    1.12481E+00
 1.40000E+01    1.10090E+00
 1.45000E+01    1.07775E+00
 1.50000E+01    1.05528E+00
 1.60000E+01    1.01207E+00
 1.70000E+01    9.70794E-01
 1.80000E+01    9.31309E-01
 1.90000E+01    8.93728E-01
 2.00000E+01    8.58232E-01
 2.10000E+01    8.24890E-01
 2.20000E+01    7.93599E-01
 2.30000E+01    7.64125E-01
 2.40000E+01    7.36234E-01
 2.50000E+01    7.09753E-01
 2.60000E+01    6.84606E-01
 2.70000E+01    6.60820E-01
 2.80000E+01    6.38457E-01
 2.90000E+01    6.17578E-01
 3.00000E+01    5.98172E-01
