# n + Bi209 : (n,n'25)  
# tendl.2019 A.J. Koning and D. Rochman        EVAL-NOV19
# uncertainties: n
# # energies =    60
#   E(MeV)       xs(mb) 
 3.18437E+00    0.00000E+00
 3.20000E+00    5.08527E+00
 3.21287E+00    6.45812E+00
 3.22734E+00    8.00167E+00
 3.23713E+00    9.04598E+00
 3.28538E+00    1.41929E+01
 3.32713E+00    1.86464E+01
 3.40000E+00    2.64196E+01
 3.60000E+00    3.95523E+01
 3.80000E+00    4.45131E+01
 4.00000E+00    4.36122E+01
 4.20000E+00    3.97573E+01
 4.40000E+00    3.49497E+01
 4.60000E+00    3.01988E+01
 4.80000E+00    2.58602E+01
 5.00000E+00    2.19651E+01
 5.20000E+00    1.84877E+01
 5.40000E+00    1.54146E+01
 5.60000E+00    1.28035E+01
 5.80000E+00    1.06473E+01
 6.00000E+00    8.90680E+00
 6.20000E+00    7.52436E+00
 6.40000E+00    6.43823E+00
 6.60000E+00    5.58896E+00
 6.80000E+00    4.92462E+00
 7.00000E+00    4.40150E+00
 7.20000E+00    3.98487E+00
 7.40000E+00    3.64896E+00
 7.60000E+00    3.37278E+00
 7.80000E+00    3.14770E+00
 8.00000E+00    2.95705E+00
 8.50000E+00    2.60044E+00
 9.00000E+00    2.35706E+00
 9.50000E+00    2.18462E+00
 1.00000E+01    2.05972E+00
 1.05000E+01    1.96787E+00
 1.10000E+01    1.89814E+00
 1.15000E+01    1.84159E+00
 1.20000E+01    1.79164E+00
 1.25000E+01    1.74433E+00
 1.30000E+01    1.69793E+00
 1.35000E+01    1.65210E+00
 1.40000E+01    1.60726E+00
 1.45000E+01    1.56406E+00
 1.50000E+01    1.52312E+00
 1.60000E+01    1.44913E+00
 1.70000E+01    1.38454E+00
 1.80000E+01    1.32565E+00
 1.90000E+01    1.26932E+00
 2.00000E+01    1.21446E+00
 2.10000E+01    1.16157E+00
 2.20000E+01    1.11166E+00
 2.30000E+01    1.06542E+00
 2.40000E+01    1.02303E+00
 2.50000E+01    9.84180E-01
 2.60000E+01    9.48233E-01
 2.70000E+01    9.14569E-01
 2.80000E+01    8.82806E-01
 2.90000E+01    8.52837E-01
 3.00000E+01    8.24708E-01
