# n + Dy163 : (n,el)    
# tendl.2019 A.J. Koning and D. Rochman        EVAL-NOV19
# uncertainties: y
# # energies =   171
#   E(MeV)       xs(mb)       xslow(mb)      xsupp(mb)
 1.00000E-11    5.92882E+03    5.12401E+03    6.73363E+03
 1.00000E-07    3.68649E+03    3.18156E+03    4.19142E+03
 4.13990E-07    3.47033E+03    2.98774E+03    3.95292E+03
 5.31580E-07    3.34489E+03    2.87840E+03    3.81139E+03
 6.82560E-07    3.17878E+03    2.73545E+03    3.62211E+03
 8.76420E-07    3.00054E+03    2.59069E+03    3.41038E+03
 1.12540E-06    3.63990E+03    3.27905E+03    4.00075E+03
 1.44500E-06    7.84983E+04    7.07162E+04    8.62805E+04
 1.85540E-06    1.78069E+04    1.60416E+04    1.95723E+04
 2.37240E-06    7.20896E+03    6.52021E+03    7.89770E+03
 3.05900E-06    5.56199E+03    4.90780E+03    6.21619E+03
 3.92790E-06    4.84703E+03    4.27693E+03    5.41713E+03
 5.04350E-06    4.37844E+03    3.80679E+03    4.95010E+03
 6.47600E-06    3.96614E+03    3.43173E+03    4.50056E+03
 8.31530E-06    3.48174E+03    2.98490E+03    3.97857E+03
 1.06770E-05    2.64863E+03    2.22503E+03    3.07224E+03
 1.37100E-05    9.93641E+04    8.34725E+04    1.15256E+05
 1.76030E-05    8.19635E+03    7.24372E+03    9.14898E+03
 2.26030E-05    5.04091E+03    4.46668E+03    5.61514E+03
 2.92030E-05    8.20848E+03    7.27342E+03    9.14354E+03
 3.72670E-05    3.69888E+03    3.32259E+03    4.07517E+03
 4.78510E-05    1.04883E+05    8.85800E+04    1.21186E+05
 6.14420E-05    9.23611E+03    8.56492E+03    9.90730E+03
 7.88930E-05    9.33035E+03    8.67912E+03    9.98158E+03
 1.01300E-04    2.94716E+04    2.70614E+04    3.18819E+04
 1.30070E-04    2.66406E+04    2.44619E+04    2.88192E+04
 1.67020E-04    8.97228E+03    8.23851E+03    9.70604E+03
 2.14450E-04    3.78693E+04    3.56455E+04    4.00931E+04
 2.75360E-04    5.95061E+04    5.60117E+04    6.30004E+04
 3.53580E-04    3.71670E+04    3.37165E+04    4.06175E+04
 4.54000E-04    2.39789E+04    2.18285E+04    2.61293E+04
 5.82950E-04    2.31138E+04    2.15227E+04    2.47048E+04
 7.48520E-04    1.84952E+04    1.71502E+04    1.98402E+04
 9.61120E-04    2.16236E+04    2.01255E+04    2.31217E+04
 1.23410E-03    2.05217E+04    1.83040E+04    2.27394E+04
 1.58460E-03    1.88334E+04    1.67982E+04    2.08687E+04
 2.03470E-03    1.76867E+04    1.57754E+04    1.95981E+04
 2.24870E-03    1.72102E+04    1.53503E+04    1.90700E+04
 2.48520E-03    1.68219E+04    1.50040E+04    1.86398E+04
 2.61260E-03    1.65453E+04    1.47573E+04    1.83333E+04
 2.74650E-03    1.61039E+04    1.43636E+04    1.78442E+04
 3.03540E-03    1.56718E+04    1.39782E+04    1.73654E+04
 3.35460E-03    1.53335E+04    1.36764E+04    1.69905E+04
 3.70740E-03    1.48579E+04    1.32523E+04    1.64636E+04
 4.30740E-03    1.39573E+04    1.24489E+04    1.54656E+04
 5.53080E-03    1.27607E+04    1.13817E+04    1.41397E+04
 7.10170E-03    1.19259E+04    1.11571E+04    1.26947E+04
 9.11880E-03    1.10462E+04    1.03341E+04    1.17582E+04
 1.17090E-02    1.04630E+04    9.78851E+03    1.11375E+04
 1.50340E-02    9.76924E+03    9.13946E+03    1.03990E+04
 1.93050E-02    9.19807E+03    8.60512E+03    9.79102E+03
 2.18750E-02    9.01465E+03    8.43352E+03    9.59578E+03
 2.35790E-02    8.92134E+03    8.34622E+03    9.49645E+03
 2.41760E-02    8.87271E+03    8.30073E+03    9.44469E+03
 2.47880E-02    8.79733E+03    8.23021E+03    9.36445E+03
 2.60580E-02    8.70815E+03    8.14678E+03    9.26952E+03
 2.70000E-02    8.61025E+03    8.05519E+03    9.16531E+03
 2.85000E-02    8.44023E+03    7.89613E+03    8.98433E+03
 3.18280E-02    8.32335E+03    7.05741E+03    9.58929E+03
 3.43070E-02    8.17011E+03    6.92748E+03    9.41274E+03
 4.08680E-02    7.96163E+03    6.75071E+03    9.17255E+03
 4.63090E-02    7.76238E+03    6.58176E+03    8.94300E+03
 5.24750E-02    7.59283E+03    6.43800E+03    8.74766E+03
 5.65620E-02    7.38006E+03    6.25759E+03    8.50253E+03
 6.73790E-02    7.20403E+03    6.10833E+03    8.29972E+03
 7.20000E-02    7.07502E+03    5.99895E+03    8.15109E+03
 7.95000E-02    6.96147E+03    5.90266E+03    8.02027E+03
 8.25000E-02    6.88862E+03    5.84090E+03    7.93635E+03
 8.65170E-02    6.73442E+03    5.71015E+03    7.75869E+03
 9.80370E-02    6.54633E+03    5.55067E+03    7.54199E+03
 1.11090E-01    6.47507E+03    5.49024E+03    7.45989E+03
 1.16790E-01    6.43244E+03    5.45410E+03    7.41079E+03
 1.22770E-01    6.38764E+03    5.41611E+03    7.35916E+03
 1.29070E-01    6.34049E+03    5.37613E+03    7.30484E+03
 1.35690E-01    6.29097E+03    5.33415E+03    7.24780E+03
 1.42640E-01    6.23890E+03    5.29000E+03    7.18780E+03
 1.49960E-01    6.18416E+03    5.24359E+03    7.12474E+03
 1.57640E-01    6.12988E+03    5.19756E+03    7.06220E+03
 1.65730E-01    6.07811E+03    5.15366E+03    7.00256E+03
 1.74220E-01    6.02376E+03    5.10758E+03    6.93994E+03
 1.83160E-01    5.96660E+03    5.05911E+03    6.87409E+03
 1.92550E-01    5.90655E+03    5.00819E+03    6.80490E+03
 2.02420E-01    5.85257E+03    5.33023E+03    6.37492E+03
 2.12800E-01    5.80671E+03    5.28846E+03    6.32496E+03
 2.23710E-01    5.75851E+03    5.24456E+03    6.27246E+03
 2.35180E-01    5.70784E+03    5.19841E+03    6.21726E+03
 2.47240E-01    5.62657E+03    5.12439E+03    6.12874E+03
 2.73240E-01    5.53970E+03    5.04528E+03    6.03413E+03
 2.87250E-01    5.49368E+03    5.00336E+03    5.98399E+03
 2.94520E-01    5.47219E+03    4.98379E+03    5.96058E+03
 2.97200E-01    5.46361E+03    4.97598E+03    5.95124E+03
 2.98500E-01    5.45335E+03    4.96663E+03    5.94006E+03
 3.01970E-01    5.40216E+03    4.92001E+03    5.88430E+03
 3.33730E-01    5.30916E+03    4.83531E+03    5.78300E+03
 3.68830E-01    5.23337E+03    4.76629E+03    5.70046E+03
 3.87740E-01    5.17938E+03    4.71712E+03    5.64165E+03
 4.07620E-01    5.09279E+03    4.63826E+03    5.54733E+03
 4.50490E-01    4.96726E+03    4.52393E+03    5.41059E+03
 4.97870E-01    4.88396E+03    4.44807E+03    5.31986E+03
 5.23400E-01    4.85815E+03    4.42456E+03    5.29175E+03
 5.50230E-01    4.83121E+03    4.40002E+03    5.26240E+03
 5.78440E-01    4.80304E+03    4.37436E+03    5.23171E+03
 6.08100E-01    4.78506E+03    4.59724E+03    4.97288E+03
 6.39280E-01    4.77345E+03    4.58609E+03    4.96082E+03
 6.72060E-01    4.76125E+03    4.57437E+03    4.94814E+03
 7.06510E-01    4.74843E+03    4.56205E+03    4.93481E+03
 7.42740E-01    4.73494E+03    4.54909E+03    4.92079E+03
 7.80820E-01    4.71984E+03    4.53458E+03    4.90509E+03
 8.20850E-01    4.70216E+03    4.51759E+03    4.88672E+03
 8.62940E-01    4.68353E+03    4.49969E+03    4.86736E+03
 9.07180E-01    4.66226E+03    4.47926E+03    4.84526E+03
 9.61640E-01    4.64161E+03    4.45942E+03    4.82380E+03
 1.00260E+00    4.60969E+03    4.24021E+03    4.97917E+03
 1.10800E+00    4.57170E+03    4.20527E+03    4.93813E+03
 1.16480E+00    4.54436E+03    4.18012E+03    4.90860E+03
 1.22460E+00    4.51563E+03    4.15369E+03    4.87757E+03
 1.28730E+00    4.48543E+03    4.12591E+03    4.84495E+03
 1.35340E+00    4.45248E+03    4.09560E+03    4.80936E+03
 1.42270E+00    4.41320E+03    4.05947E+03    4.76693E+03
 1.49570E+00    4.37142E+03    4.02104E+03    4.72180E+03
 1.57240E+00    4.32746E+03    3.98060E+03    4.67432E+03
 1.65300E+00    4.27661E+03    3.93383E+03    4.61939E+03
 1.73770E+00    4.22015E+03    3.88189E+03    4.55840E+03
 1.82680E+00    4.16076E+03    3.70783E+03    4.61369E+03
 1.92050E+00    4.09831E+03    3.65218E+03    4.54444E+03
 2.01900E+00    4.02930E+03    3.59069E+03    4.46792E+03
 2.12250E+00    3.95394E+03    3.52352E+03    4.38435E+03
 2.23130E+00    3.88829E+03    3.46502E+03    4.31156E+03
 2.30690E+00    3.84756E+03    3.42873E+03    4.26639E+03
 2.34570E+00    3.82679E+03    3.41022E+03    4.24337E+03
 2.36530E+00    3.81277E+03    3.39772E+03    4.22781E+03
 2.38520E+00    3.77716E+03    3.36599E+03    4.18833E+03
 2.46600E+00    3.70381E+03    3.30062E+03    4.10699E+03
 2.59240E+00    3.61175E+03    3.21859E+03    4.00492E+03
 2.72530E+00    3.51498E+03    3.17391E+03    3.85605E+03
 2.86500E+00    3.41357E+03    3.08234E+03    3.74480E+03
 3.01190E+00    3.28535E+03    2.96657E+03    3.60414E+03
 3.16640E+00    3.18066E+03    2.87203E+03    3.48929E+03
 3.32870E+00    3.03586E+03    2.74128E+03    3.33044E+03
 3.67880E+00    2.84902E+03    2.57257E+03    3.12548E+03
 4.06570E+00    2.67577E+03    2.41614E+03    2.93541E+03
 4.49330E+00    2.55593E+03    2.30792E+03    2.80394E+03
 4.72370E+00    2.48411E+03    2.39480E+03    2.57342E+03
 4.96590E+00    2.41771E+03    2.33078E+03    2.50463E+03
 5.22050E+00    2.35879E+03    2.27398E+03    2.44360E+03
 5.48810E+00    2.30777E+03    2.22479E+03    2.39074E+03
 5.76950E+00    2.26378E+03    2.18239E+03    2.34517E+03
 6.06530E+00    2.22952E+03    2.14935E+03    2.30968E+03
 6.37630E+00    2.20874E+03    2.12932E+03    2.28815E+03
 6.59240E+00    2.19807E+03    2.11904E+03    2.27710E+03
 6.70320E+00    2.19001E+03    2.13110E+03    2.24893E+03
 7.04690E+00    2.18449E+03    2.12573E+03    2.24325E+03
 7.40820E+00    2.19002E+03    2.13111E+03    2.24893E+03
 7.78800E+00    2.20491E+03    2.14560E+03    2.26423E+03
 8.18730E+00    2.22972E+03    2.16974E+03    2.28970E+03
 8.60710E+00    2.26203E+03    2.20118E+03    2.32287E+03
 9.04840E+00    2.30354E+03    2.23091E+03    2.37617E+03
 9.51230E+00    2.34884E+03    2.27478E+03    2.42290E+03
 1.00000E+01    2.40044E+03    2.32476E+03    2.47612E+03
 1.05130E+01    2.45623E+03    2.37879E+03    2.53367E+03
 1.10520E+01    2.51386E+03    2.43460E+03    2.59312E+03
 1.16180E+01    2.57179E+03    2.49070E+03    2.65287E+03
 1.22140E+01    2.62799E+03    2.54514E+03    2.71085E+03
 1.28400E+01    2.68023E+03    2.59573E+03    2.76474E+03
 1.34990E+01    2.71579E+03    2.56711E+03    2.86447E+03
 1.38400E+01    2.73677E+03    2.58694E+03    2.88660E+03
 1.41910E+01    2.75558E+03    2.60472E+03    2.90643E+03
 1.45500E+01    2.77163E+03    2.61989E+03    2.92336E+03
 1.49180E+01    2.78952E+03    2.63680E+03    2.94224E+03
 1.56830E+01    2.80237E+03    2.64895E+03    2.95579E+03
 1.64870E+01    2.80056E+03    2.59080E+03    3.01032E+03
