# n + Xe124 : (n,n'30)  
# tendl.2019 A.J. Koning and D. Rochman        EVAL-NOV19
# uncertainties: n
# # energies =    58
#   E(MeV)       xs(mb) 
 2.40148E+00    0.00000E+00
 2.60000E+00    2.00802E+01
 2.80000E+00    2.30754E+01
 3.00000E+00    2.16344E+01
 3.20000E+00    1.88351E+01
 3.40000E+00    1.57247E+01
 3.60000E+00    1.27315E+01
 3.80000E+00    1.00598E+01
 4.00000E+00    7.80007E+00
 4.20000E+00    5.96596E+00
 4.40000E+00    4.52367E+00
 4.60000E+00    3.41529E+00
 4.80000E+00    2.57530E+00
 5.00000E+00    1.94445E+00
 5.20000E+00    1.47214E+00
 5.40000E+00    1.11821E+00
 5.60000E+00    8.52028E-01
 5.80000E+00    6.50833E-01
 6.00000E+00    4.98054E-01
 6.20000E+00    3.81565E-01
 6.40000E+00    2.91984E-01
 6.60000E+00    2.23497E-01
 6.80000E+00    1.71289E-01
 7.00000E+00    1.31420E-01
 7.20000E+00    1.00722E-01
 7.40000E+00    7.74465E-02
 7.60000E+00    5.95323E-02
 7.80000E+00    4.58376E-02
 8.00000E+00    3.53708E-02
 8.50000E+00    1.86601E-02
 9.00000E+00    1.00066E-02
 9.50000E+00    5.46459E-03
 1.00000E+01    3.04011E-03
 1.05000E+01    1.72138E-03
 1.10000E+01    9.89430E-04
 1.15000E+01    5.74716E-04
 1.20000E+01    3.36489E-04
 1.25000E+01    1.98452E-04
 1.30000E+01    1.17831E-04
 1.35000E+01    7.04850E-05
 1.40000E+01    4.24843E-05
 1.45000E+01    2.57988E-05
 1.50000E+01    1.57900E-05
 1.60000E+01    6.04985E-06
 1.70000E+01    2.38425E-06
 1.80000E+01    9.65010E-07
 1.90000E+01    4.00400E-07
 2.00000E+01    1.69000E-07
 2.10000E+01    7.35860E-08
 2.20000E+01    3.26280E-08
 2.30000E+01    1.47190E-08
 2.40000E+01    6.74470E-09
 2.50000E+01    3.13460E-09
 2.60000E+01    1.47750E-09
 2.70000E+01    7.05690E-10
 2.80000E+01    3.41810E-10
 2.90000E+01    1.67820E-10
 3.00000E+01    8.35010E-11
