# n + Xe124 : (n,tot)   
# tendl.2019 A.J. Koning and D. Rochman        EVAL-NOV19
# uncertainties: y
# # energies =   171
#   E(MeV)       xs(mb)       xslow(mb)      xsupp(mb)
 1.00000E-11    1.60238E+06    1.44649E+06    1.75826E+06
 1.00000E-07    5.68916E+04    5.15251E+04    6.22581E+04
 4.13990E-07    3.99105E+04    3.61736E+04    4.36473E+04
 5.31580E-07    3.67988E+04    3.33207E+04    4.02769E+04
 6.82560E-07    3.44303E+04    3.11760E+04    3.76845E+04
 8.76420E-07    3.28913E+04    2.97255E+04    3.60571E+04
 1.12540E-06    3.24009E+04    2.90739E+04    3.57280E+04
 1.44500E-06    3.34705E+04    3.00336E+04    3.69073E+04
 1.85540E-06    3.73410E+04    3.35067E+04    4.11753E+04
 2.37240E-06    4.82473E+04    4.26468E+04    5.38479E+04
 3.05900E-06    8.77194E+04    7.62029E+04    9.92360E+04
 3.92790E-06    1.24232E+06    1.07922E+06    1.40542E+06
 5.04350E-06    6.23439E+06    5.52291E+06    6.94586E+06
 6.47600E-06    9.13367E+04    8.11370E+04    1.01536E+05
 8.31530E-06    6.36259E+06    5.19641E+06    7.52877E+06
 1.06770E-05    1.63237E+05    1.49545E+05    1.76930E+05
 1.37100E-05    6.46092E+05    5.91898E+05    7.00286E+05
 1.76030E-05    1.96295E+04    1.79138E+04    2.13453E+04
 2.26030E-05    1.19291E+04    1.09077E+04    1.29505E+04
 2.92030E-05    8.95790E+03    8.19089E+03    9.72492E+03
 3.72670E-05    7.27862E+03    6.62535E+03    7.93190E+03
 4.78510E-05    5.91482E+03    5.35690E+03    6.47273E+03
 6.14420E-05    1.04503E+05    9.32687E+04    1.15738E+05
 7.88930E-05    2.60000E+04    2.36534E+04    2.83467E+04
 1.01300E-04    1.55054E+04    1.47625E+04    1.62482E+04
 1.30070E-04    2.64260E+04    2.51600E+04    2.76920E+04
 1.67020E-04    6.19284E+03    5.89615E+03    6.48953E+03
 2.14450E-04    1.07591E+04    1.00777E+04    1.14404E+04
 2.75360E-04    9.17543E+03    8.59437E+03    9.75649E+03
 3.53580E-04    8.43316E+04    7.60720E+04    9.25911E+04
 4.54000E-04    2.08523E+04    1.93909E+04    2.23137E+04
 5.82950E-04    3.42634E+04    3.23809E+04    3.61460E+04
 7.48520E-04    1.49579E+04    1.40450E+04    1.58707E+04
 9.61120E-04    1.97867E+04    1.82512E+04    2.13222E+04
 1.23410E-03    1.55837E+04    1.49132E+04    1.62542E+04
 1.58460E-03    1.60945E+04    1.53070E+04    1.68820E+04
 2.03470E-03    1.34956E+04    8.77226E+03    1.82190E+04
 2.24870E-03    1.30638E+04    8.49156E+03    1.76360E+04
 2.48520E-03    1.27137E+04    8.26400E+03    1.71634E+04
 2.61260E-03    1.24643E+04    8.10191E+03    1.68268E+04
 2.74650E-03    1.20666E+04    7.84336E+03    1.62898E+04
 3.03540E-03    1.16937E+04    7.60099E+03    1.57864E+04
 3.35460E-03    1.14182E+04    7.42191E+03    1.54145E+04
 3.70740E-03    1.10310E+04    7.17021E+03    1.48917E+04
 4.30740E-03    1.02975E+04    6.69347E+03    1.39016E+04
 5.53080E-03    9.33536E+03    6.06805E+03    1.26027E+04
 7.10170E-03    8.71303E+03    5.81387E+03    1.16122E+04
 9.11880E-03    8.06807E+03    5.38351E+03    1.07526E+04
 1.17090E-02    7.66200E+03    5.11256E+03    1.02115E+04
 1.50340E-02    7.18310E+03    4.79300E+03    9.57319E+03
 1.93050E-02    6.79053E+03    4.53106E+03    9.05000E+03
 2.18750E-02    6.66922E+03    4.45011E+03    8.88833E+03
 2.35790E-02    6.60780E+03    4.40913E+03    8.80647E+03
 2.41760E-02    6.57579E+03    4.38777E+03    8.76381E+03
 2.47880E-02    6.52618E+03    4.35467E+03    8.69769E+03
 2.60580E-02    6.46748E+03    4.31550E+03    8.61946E+03
 2.70000E-02    6.40304E+03    4.27250E+03    8.53357E+03
 2.85000E-02    6.29197E+03    4.19839E+03    8.38556E+03
 3.18280E-02    6.21952E+03    2.54176E+03    9.89728E+03
 3.43070E-02    6.12640E+03    2.50370E+03    9.74909E+03
 4.08680E-02    5.99971E+03    2.45193E+03    9.54749E+03
 4.63090E-02    5.87814E+03    2.40225E+03    9.35404E+03
 5.24750E-02    5.77023E+03    2.35815E+03    9.18232E+03
 5.65620E-02    5.65475E+03    2.31095E+03    8.99856E+03
 6.73790E-02    5.59236E+03    2.28545E+03    8.89927E+03
 7.20000E-02    5.55143E+03    2.26873E+03    8.83414E+03
 7.95000E-02    5.51540E+03    2.25400E+03    8.77680E+03
 8.25000E-02    5.49161E+03    2.24428E+03    8.73894E+03
 8.65170E-02    5.44034E+03    2.22333E+03    8.65735E+03
 9.80370E-02    5.38604E+03    2.20114E+03    8.57095E+03
 1.11090E-01    5.37365E+03    2.19607E+03    8.55122E+03
 1.16790E-01    5.36682E+03    2.19328E+03    8.54035E+03
 1.22770E-01    5.35963E+03    2.19035E+03    8.52892E+03
 1.29070E-01    5.35208E+03    2.18726E+03    8.51690E+03
 1.35690E-01    5.34414E+03    2.18401E+03    8.50427E+03
 1.42640E-01    5.33580E+03    2.18060E+03    8.49100E+03
 1.49960E-01    5.32703E+03    2.17702E+03    8.47704E+03
 1.57640E-01    5.31894E+03    2.17372E+03    8.46417E+03
 1.65730E-01    5.31344E+03    2.17147E+03    8.45541E+03
 1.74220E-01    5.30781E+03    2.16917E+03    8.44645E+03
 1.83160E-01    5.30189E+03    2.16675E+03    8.43703E+03
 1.92550E-01    5.29618E+03    2.16441E+03    8.42794E+03
 2.02420E-01    5.30236E+03    3.39300E+03    7.21172E+03
 2.12800E-01    5.31411E+03    3.40052E+03    7.22769E+03
 2.23710E-01    5.32645E+03    3.40842E+03    7.24448E+03
 2.35180E-01    5.33943E+03    3.41672E+03    7.26213E+03
 2.47240E-01    5.36024E+03    3.43004E+03    7.29044E+03
 2.73240E-01    5.38248E+03    3.44427E+03    7.32069E+03
 2.87250E-01    5.39427E+03    3.45182E+03    7.33673E+03
 2.94520E-01    5.39977E+03    3.45534E+03    7.34421E+03
 2.97200E-01    5.40197E+03    3.45674E+03    7.34720E+03
 2.98500E-01    5.40460E+03    3.45843E+03    7.35077E+03
 3.01970E-01    5.41100E+03    3.46252E+03    7.35948E+03
 3.33730E-01    5.42281E+03    3.47008E+03    7.37554E+03
 3.68830E-01    5.49090E+03    3.51365E+03    7.46815E+03
 3.87740E-01    5.55687E+03    3.55586E+03    7.55788E+03
 4.07620E-01    5.61862E+03    3.59538E+03    7.64186E+03
 4.50490E-01    5.69299E+03    3.64297E+03    7.74301E+03
 4.97870E-01    5.75359E+03    3.68175E+03    7.82543E+03
 5.23400E-01    5.79676E+03    3.70937E+03    7.88415E+03
 5.50230E-01    5.83801E+03    3.73577E+03    7.94026E+03
 5.78440E-01    5.87733E+03    3.76093E+03    7.99373E+03
 6.08100E-01    5.91866E+03    4.83937E+03    6.99794E+03
 6.39280E-01    5.96211E+03    4.87490E+03    7.04932E+03
 6.72060E-01    6.00701E+03    4.91161E+03    7.10240E+03
 7.06510E-01    6.04713E+03    4.94442E+03    7.14984E+03
 7.42740E-01    6.08759E+03    4.97750E+03    7.19768E+03
 7.80820E-01    6.12394E+03    5.00723E+03    7.24066E+03
 8.20850E-01    6.12862E+03    5.01104E+03    7.24619E+03
 8.62940E-01    6.18410E+03    5.05642E+03    7.31180E+03
 9.07180E-01    6.23223E+03    5.09577E+03    7.36870E+03
 9.61640E-01    6.25883E+03    5.11751E+03    7.40014E+03
 1.00260E+00    6.29120E+03    6.05733E+03    6.52507E+03
 1.10800E+00    6.31539E+03    6.08062E+03    6.55016E+03
 1.16480E+00    6.32460E+03    6.08949E+03    6.55971E+03
 1.22460E+00    6.30281E+03    6.06851E+03    6.53711E+03
 1.28730E+00    6.29590E+03    6.06186E+03    6.52995E+03
 1.35340E+00    6.30064E+03    6.06642E+03    6.53486E+03
 1.42270E+00    6.27833E+03    6.04494E+03    6.51173E+03
 1.49570E+00    6.24600E+03    6.01381E+03    6.47819E+03
 1.57240E+00    6.20248E+03    5.97190E+03    6.43305E+03
 1.65300E+00    6.13964E+03    5.91140E+03    6.36788E+03
 1.73770E+00    6.08715E+03    5.86087E+03    6.31344E+03
 1.82680E+00    6.01392E+03    5.32312E+03    6.70472E+03
 1.92050E+00    5.93441E+03    5.25274E+03    6.61608E+03
 2.01900E+00    5.85497E+03    5.18243E+03    6.52752E+03
 2.12250E+00    5.75839E+03    5.09694E+03    6.41984E+03
 2.23130E+00    5.67152E+03    5.02005E+03    6.32298E+03
 2.30690E+00    5.62484E+03    4.97873E+03    6.27095E+03
 2.34570E+00    5.61048E+03    4.96603E+03    6.25494E+03
 2.36530E+00    5.60081E+03    4.95746E+03    6.24416E+03
 2.38520E+00    5.56809E+03    4.92850E+03    6.20768E+03
 2.46600E+00    5.48504E+03    4.85499E+03    6.11509E+03
 2.59240E+00    5.38016E+03    4.76216E+03    5.99816E+03
 2.72530E+00    5.27327E+03    4.68015E+03    5.86639E+03
 2.86500E+00    5.17372E+03    4.59180E+03    5.75565E+03
 3.01190E+00    5.07198E+03    4.50150E+03    5.64246E+03
 3.16640E+00    4.97941E+03    4.41934E+03    5.53948E+03
 3.32870E+00    4.84499E+03    4.30004E+03    5.38994E+03
 3.67880E+00    4.67961E+03    4.15326E+03    5.20595E+03
 4.06570E+00    4.52552E+03    4.01650E+03    5.03454E+03
 4.49330E+00    4.41778E+03    3.92088E+03    4.91468E+03
 4.72370E+00    4.34641E+03    4.20631E+03    4.48650E+03
 4.96590E+00    4.28352E+03    4.14545E+03    4.42158E+03
 5.22050E+00    4.22271E+03    4.08660E+03    4.35882E+03
 5.48810E+00    4.17118E+03    4.03674E+03    4.30563E+03
 5.76950E+00    4.12789E+03    3.99484E+03    4.26094E+03
 6.06530E+00    4.09472E+03    3.96274E+03    4.22670E+03
 6.37630E+00    4.07846E+03    3.94701E+03    4.20992E+03
 6.59240E+00    4.07015E+03    3.93896E+03    4.20133E+03
 6.70320E+00    4.07002E+03    3.86766E+03    4.27239E+03
 7.04690E+00    4.08068E+03    3.87779E+03    4.28357E+03
 7.40820E+00    4.10672E+03    3.90254E+03    4.31091E+03
 7.78800E+00    4.14574E+03    3.93961E+03    4.35187E+03
 8.18730E+00    4.19909E+03    3.99031E+03    4.40787E+03
 8.60710E+00    4.25620E+03    4.04458E+03    4.46782E+03
 9.04840E+00    4.31985E+03    4.18512E+03    4.45457E+03
 9.51230E+00    4.38724E+03    4.25042E+03    4.52406E+03
 1.00000E+01    4.45354E+03    4.31465E+03    4.59243E+03
 1.05130E+01    4.51063E+03    4.36996E+03    4.65131E+03
 1.10520E+01    4.56413E+03    4.42179E+03    4.70647E+03
 1.16180E+01    4.60506E+03    4.46145E+03    4.74868E+03
 1.22140E+01    4.63434E+03    4.48981E+03    4.77887E+03
 1.28400E+01    4.65094E+03    4.50589E+03    4.79598E+03
 1.34990E+01    4.65473E+03    4.44445E+03    4.86502E+03
 1.38400E+01    4.65332E+03    4.44310E+03    4.86353E+03
 1.41910E+01    4.64818E+03    4.43819E+03    4.85817E+03
 1.45500E+01    4.64028E+03    4.43065E+03    4.84991E+03
 1.49180E+01    4.62201E+03    4.41320E+03    4.83081E+03
 1.56830E+01    4.58688E+03    4.37966E+03    4.79410E+03
 1.64870E+01    4.54027E+03    4.16683E+03    4.91372E+03
