# n + Xe124 : (n,np)    
# tendl.2019 A.J. Koning and D. Rochman        EVAL-NOV19
# uncertainties: y
# # energies =    32
#   E(MeV)       xs(mb)       xslow(mb)      xsupp(mb)
 7.06370E+00    0.00000E+00   -0.00000E+00    0.00000E+00
 7.80000E+00    6.11370E-16    0.00000E+00    3.40808E-15
 8.00000E+00    1.90590E-12    0.00000E+00    1.06244E-11
 8.50000E+00    7.35380E-08    0.00000E+00    4.09937E-07
 9.00000E+00    3.90356E-05    2.82840E-05    4.97872E-05
 9.50000E+00    2.37090E-03    1.71788E-03    3.02392E-03
 1.00000E+01    3.37513E-02    2.44551E-02    4.30475E-02
 1.05000E+01    2.46188E-01    1.78380E-01    3.13996E-01
 1.10000E+01    9.44080E-01    6.84051E-01    1.20411E+00
 1.15000E+01    1.88765E+00    1.36773E+00    2.40757E+00
 1.20000E+01    3.75110E+00    2.71793E+00    4.78427E+00
 1.25000E+01    6.12096E+00    4.43506E+00    7.80687E+00
 1.30000E+01    1.01432E+01    7.77325E+00    1.25132E+01
 1.35000E+01    1.44585E+01    1.10803E+01    1.78367E+01
 1.40000E+01    2.02338E+01    1.55062E+01    2.49614E+01
 1.45000E+01    2.56746E+01    1.96757E+01    3.16735E+01
 1.50000E+01    3.20987E+01    2.45989E+01    3.95985E+01
 1.60000E+01    4.40704E+01    3.57957E+01    5.23451E+01
 1.70000E+01    5.61673E+01    4.56212E+01    6.67134E+01
 1.80000E+01    6.80314E+01    5.52577E+01    8.08051E+01
 1.90000E+01    7.95806E+01    6.46384E+01    9.45228E+01
 2.00000E+01    9.22995E+01    7.81937E+01    1.06405E+02
 2.10000E+01    1.04231E+02    8.83017E+01    1.20160E+02
 2.20000E+01    1.15907E+02    9.81933E+01    1.33621E+02
 2.30000E+01    1.25101E+02    1.05982E+02    1.44220E+02
 2.40000E+01    1.31935E+02    1.03354E+02    1.60516E+02
 2.50000E+01    1.33449E+02    1.04540E+02    1.62358E+02
 2.60000E+01    1.31467E+02    1.02987E+02    1.59947E+02
 2.70000E+01    1.27860E+02    1.00162E+02    1.55558E+02
 2.80000E+01    1.23032E+02    9.63795E+01    1.49684E+02
 2.90000E+01    1.18710E+02    9.29938E+01    1.44426E+02
 3.00000E+01    1.15832E+02    9.07393E+01    1.40925E+02
