# n + Np236 : (n,tot)   
# endfb8.0   O.Iwamoto,T.Nakagawa,K.Furutaka,+ EVAL-FEB10
# uncertainties: y
# # energies =    69
#   E(MeV)       xs(mb)       xslow(mb)      xsupp(mb)
 1.00000E-10    1.97422E+07    1.97422E+07    1.97422E+07
 5.00000E-09    5.42997E+06    5.42997E+06    5.42997E+06
 1.00000E-08    4.14514E+06    4.14514E+06    4.14514E+06
 1.50000E-08    3.51002E+06    3.51002E+06    3.51002E+06
 2.00000E-08    3.11251E+06    3.11251E+06    3.11251E+06
 2.50000E-08    2.83440E+06    2.83440E+06    2.83440E+06
 3.00000E-08    2.62643E+06    2.62643E+06    2.62643E+06
 3.50000E-08    2.43806E+06    2.43806E+06    2.43806E+06
 4.20000E-08    2.25748E+06    2.25748E+06    2.25748E+06
 5.00000E-08    2.11011E+06    2.11011E+06    2.11011E+06
 5.80000E-08    1.98901E+06    1.98901E+06    1.98901E+06
 6.70000E-08    1.86878E+06    1.86878E+06    1.86878E+06
 8.00000E-08    1.73551E+06    1.73551E+06    1.73551E+06
 1.00000E-07    1.57092E+06    1.57092E+06    1.57092E+06
 1.40000E-07    1.39877E+06    1.39877E+06    1.39877E+06
 1.80000E-07    1.23907E+06    1.23907E+06    1.23907E+06
 2.20000E-07    1.10032E+06    1.10032E+06    1.10032E+06
 2.50000E-07    9.91325E+05    9.91325E+05    9.91325E+05
 2.80000E-07    9.10262E+05    9.10262E+05    9.10262E+05
 3.00000E-07    8.54023E+05    8.54023E+05    8.54023E+05
 3.20000E-07    7.94133E+05    7.94133E+05    7.94133E+05
 3.50000E-07    7.19158E+05    7.19158E+05    7.19158E+05
 4.00000E-07    6.34396E+05    6.34396E+05    6.34396E+05
 5.00000E-07    6.30162E+05    6.30162E+05    6.30162E+05
 6.25000E-07    8.17704E+05    8.17704E+05    8.17704E+05
 7.80000E-07    5.42515E+05    5.42515E+05    5.42515E+05
 8.50000E-07    4.27608E+05    4.27608E+05    4.27608E+05
 9.10000E-07    3.82095E+05    3.82095E+05    3.82095E+05
 9.50000E-07    3.62849E+05    3.62849E+05    3.62849E+05
 9.72000E-07    3.51391E+05    3.51391E+05    3.51391E+05
 9.96000E-07    3.41127E+05    3.41127E+05    3.41127E+05
 1.02000E-06    3.32044E+05    3.32044E+05    3.32044E+05
 1.04500E-06    3.23760E+05    3.23760E+05    3.23760E+05
 1.07100E-06    3.16287E+05    3.16287E+05    3.16287E+05
 1.09700E-06    3.09634E+05    3.09634E+05    3.09634E+05
 1.12300E-06    3.03553E+05    3.03553E+05    3.03553E+05
 1.15000E-06    2.87873E+05    2.87873E+05    2.87873E+05
 1.30000E-06    2.68511E+05    2.68511E+05    2.68511E+05
 1.50000E-06    3.27390E+05    3.27390E+05    3.27390E+05
 2.10000E-06    3.49201E+05    3.49201E+05    3.49201E+05
 2.60000E-06    3.41983E+05    3.41983E+05    3.41983E+05
 3.30000E-06    1.80901E+05    1.80901E+05    1.80901E+05
 4.00000E-06    1.54188E+05    1.54188E+05    1.54188E+05
 9.87700E-06    2.16171E+05    2.16171E+05    2.16171E+05
 1.59680E-05    1.18515E+05    1.18515E+05    1.18515E+05
 2.77000E-05    7.36808E+04    5.88708E+04    8.84908E+04
 4.80520E-05    5.97872E+04    4.77698E+04    7.18045E+04
 7.55014E-05    4.80178E+04    3.83661E+04    5.76695E+04
 1.48728E-04    3.61491E+04    2.88830E+04    4.34151E+04
 3.67262E-04    2.71733E+04    2.17114E+04    3.26352E+04
 9.06898E-04    2.26427E+04    1.80915E+04    2.71940E+04
 1.42510E-03    2.04221E+04    1.63172E+04    2.45270E+04
 2.23945E-03    1.86440E+04    1.51015E+04    2.21865E+04
 3.51910E-03    1.72635E+04    1.39833E+04    2.05437E+04
 5.53000E-03    1.61129E+04    1.32445E+04    1.89814E+04
 9.11800E-03    1.52017E+04    1.25867E+04    1.78167E+04
 1.50300E-02    1.44639E+04    1.20192E+04    1.69086E+04
 2.47800E-02    1.38418E+04    1.16961E+04    1.59875E+04
 4.08500E-02    1.32634E+04    1.14990E+04    1.50277E+04
 6.73400E-02    1.26134E+04    1.11501E+04    1.40767E+04
 1.11000E-01    1.17512E+04    1.07110E+04    1.27913E+04
 1.83000E-01    1.07218E+04    9.77276E+03    1.16709E+04
 3.02000E-01    9.38186E+03    8.93420E+03    9.82951E+03
 5.00000E-01    8.02557E+03    7.50629E+03    8.54486E+03
 8.21000E-01    7.08657E+03    6.29275E+03    7.88039E+03
 1.35300E+00    7.16929E+03    6.35187E+03    7.98670E+03
 2.23100E+00    7.81572E+03    7.23411E+03    8.39734E+03
 3.67900E+00    7.62055E+03    7.28971E+03    7.95140E+03
 6.06500E+00    6.34949E+03    5.97924E+03    6.71974E+03
