# n + Nd142 : (n,tot)   
# endfb8.0   Kim,Mughabghab,Herman,Oblozinsky  EVAL-FEB06
# uncertainties: n
# # energies =    69
#   E(MeV)       xs(mb) 
 1.00000E-10    1.40500E+05
 5.00000E-09    4.36525E+04
 1.00000E-08    3.49514E+04
 1.50000E-08    3.06128E+04
 2.00000E-08    2.78710E+04
 2.50000E-08    2.59324E+04
 3.00000E-08    2.44666E+04
 3.50000E-08    2.31215E+04
 4.20000E-08    2.18109E+04
 5.00000E-08    2.07191E+04
 5.80000E-08    1.98024E+04
 6.70000E-08    1.88695E+04
 8.00000E-08    1.78059E+04
 1.00000E-07    1.64847E+04
 1.40000E-07    1.52648E+04
 1.80000E-07    1.44359E+04
 2.20000E-07    1.38846E+04
 2.50000E-07    1.35060E+04
 2.80000E-07    1.32323E+04
 3.00000E-07    1.30392E+04
 3.20000E-07    1.28231E+04
 3.50000E-07    1.25225E+04
 4.00000E-07    1.20699E+04
 5.00000E-07    1.15443E+04
 6.25000E-07    1.10609E+04
 7.80000E-07    1.07455E+04
 8.50000E-07    1.05931E+04
 9.10000E-07    1.04854E+04
 9.50000E-07    1.04219E+04
 9.72000E-07    1.03775E+04
 9.96000E-07    1.03314E+04
 1.02000E-06    1.02869E+04
 1.04500E-06    1.02417E+04
 1.07100E-06    1.01959E+04
 1.09700E-06    1.01530E+04
 1.12300E-06    1.01102E+04
 1.15000E-06    9.97735E+03
 1.30000E-06    9.74193E+03
 1.50000E-06    9.33120E+03
 2.10000E-06    8.86903E+03
 2.60000E-06    8.49423E+03
 3.30000E-06    8.13902E+03
 4.00000E-06    7.22796E+03
 9.87700E-06    6.08638E+03
 1.59680E-05    5.30450E+03
 2.77000E-05    4.60250E+03
 4.80520E-05    4.11073E+03
 7.55014E-05    3.72529E+03
 1.48728E-04    3.54391E+03
 3.67262E-04    3.16643E+03
 9.06898E-04    2.96062E+03
 1.42510E-03    2.60485E+03
 2.23945E-03    1.74351E+04
 3.51910E-03    8.25169E+03
 5.53000E-03    4.42623E+03
 9.11800E-03    8.77521E+03
 1.50300E-02    9.34876E+03
 2.47800E-02    7.82393E+03
 4.08500E-02    6.91796E+03
 6.73400E-02    6.19735E+03
 1.11000E-01    5.62613E+03
 1.83000E-01    5.22992E+03
 3.02000E-01    5.29345E+03
 5.00000E-01    6.04678E+03
 8.21000E-01    7.11953E+03
 1.35300E+00    7.37254E+03
 2.23100E+00    6.41183E+03
 3.67900E+00    4.96713E+03
 6.06500E+00    4.45245E+03
