# p + Zr 94 : (p,n')g   
# tendl.2019 A.J. Koning                       EVAL-OCT19
# uncertainties: y
# # energies =    46
#   E(MeV)       xs(mb)       xslow(mb)      xsupp(mb)
 1.70066E+00    0.00000E+00    0.00000E+00    0.00000E+00
 2.00000E+00    5.76630E-05    0.00000E+00    0.00000E+00
 3.00000E+00    1.33459E-02    0.00000E+00    0.00000E+00
 4.00000E+00    3.25264E-01    0.00000E+00    0.00000E+00
 5.00000E+00    2.56902E+00    0.00000E+00    0.00000E+00
 6.00000E+00    1.05757E+01    0.00000E+00    0.00000E+00
 7.00000E+00    2.72923E+01    0.00000E+00    0.00000E+00
 8.00000E+00    5.19343E+01    0.00000E+00    0.00000E+00
 9.00000E+00    8.16103E+01    0.00000E+00    0.00000E+00
 1.00000E+01    7.67003E+01    0.00000E+00    0.00000E+00
 1.10000E+01    6.32946E+01    0.00000E+00    0.00000E+00
 1.20000E+01    4.78799E+01    0.00000E+00    0.00000E+00
 1.30000E+01    3.79076E+01    0.00000E+00    0.00000E+00
 1.40000E+01    3.36877E+01    0.00000E+00    0.00000E+00
 1.50000E+01    3.08274E+01    0.00000E+00    0.00000E+00
 1.60000E+01    2.84785E+01    0.00000E+00    0.00000E+00
 1.70000E+01    2.66107E+01    0.00000E+00    0.00000E+00
 1.80000E+01    2.49471E+01    0.00000E+00    0.00000E+00
 1.90000E+01    2.33461E+01    0.00000E+00    0.00000E+00
 2.00000E+01    2.24122E+01    0.00000E+00    0.00000E+00
 2.20000E+01    2.01829E+01    0.00000E+00    0.00000E+00
 2.40000E+01    1.87567E+01    0.00000E+00    0.00000E+00
 2.60000E+01    1.71212E+01    0.00000E+00    0.00000E+00
 2.80000E+01    1.58549E+01    0.00000E+00    0.00000E+00
 3.00000E+01    1.39823E+01    0.00000E+00    0.00000E+00
 3.00000E+01    1.42330E+01    0.00000E+00    0.00000E+00
 3.50000E+01    1.12764E+01    0.00000E+00    0.00000E+00
 4.00000E+01    9.00676E+00    0.00000E+00    0.00000E+00
 4.50000E+01    7.38171E+00    0.00000E+00    0.00000E+00
 5.00000E+01    6.22771E+00    0.00000E+00    0.00000E+00
 5.50000E+01    5.37099E+00    0.00000E+00    0.00000E+00
 6.00000E+01    4.67258E+00    0.00000E+00    0.00000E+00
 6.50000E+01    3.85091E+00    0.00000E+00    0.00000E+00
 7.00000E+01    3.54027E+00    0.00000E+00    0.00000E+00
 7.50000E+01    2.97641E+00    0.00000E+00    0.00000E+00
 8.00000E+01    2.74438E+00    0.00000E+00    0.00000E+00
 9.00000E+01    2.11201E+00    0.00000E+00    0.00000E+00
 1.00000E+02    1.71117E+00    0.00000E+00    0.00000E+00
 1.10000E+02    1.41163E+00    0.00000E+00    0.00000E+00
 1.20000E+02    1.13794E+00    0.00000E+00    0.00000E+00
 1.30000E+02    1.00442E+00    0.00000E+00    0.00000E+00
 1.40000E+02    8.53747E-01    0.00000E+00    0.00000E+00
 1.50000E+02    7.39280E-01    0.00000E+00    0.00000E+00
 1.60000E+02    6.80655E-01    0.00000E+00    0.00000E+00
 1.80000E+02    5.27036E-01    0.00000E+00    0.00000E+00
 2.00000E+02    4.60010E-01    0.00000E+00    0.00000E+00
