# p + Se 82 : (p,p)     
# tendl.2019 A.J. Koning                       EVAL-OCT19
# uncertainties: y
# # energies =    46
#   E(MeV)       xs(mb)       xslow(mb)      xsupp(mb)
 6.62801E-01    0.00000E+00   -0.00000E+00    0.00000E+00
 2.00000E+00    4.24868E-08    0.00000E+00    1.64910E-07
 3.00000E+00    3.55173E-04    0.00000E+00    1.30862E-03
 4.00000E+00    4.11314E-02    0.00000E+00    1.51547E-01
 5.00000E+00    7.78651E-01    0.00000E+00    1.75401E+00
 6.00000E+00    4.69392E+00    0.00000E+00    1.05736E+01
 7.00000E+00    1.26221E+01    0.00000E+00    2.59278E+01
 8.00000E+00    2.16583E+01    0.00000E+00    4.44896E+01
 9.00000E+00    2.98325E+01    0.00000E+00    6.12807E+01
 1.00000E+01    3.67439E+01    1.43868E+01    5.91010E+01
 1.10000E+01    4.33639E+01    1.69789E+01    6.97489E+01
 1.20000E+01    5.12460E+01    2.00651E+01    8.24269E+01
 1.30000E+01    6.10063E+01    2.38866E+01    9.81260E+01
 1.40000E+01    7.17323E+01    4.08992E+01    1.02565E+02
 1.50000E+01    8.15748E+01    4.65110E+01    1.16639E+02
 1.60000E+01    8.96267E+01    5.11019E+01    1.28152E+02
 1.70000E+01    9.55961E+01    5.45055E+01    1.36687E+02
 1.80000E+01    9.94940E+01    6.04697E+01    1.38518E+02
 1.90000E+01    1.01834E+02    6.18918E+01    1.41776E+02
 2.00000E+01    1.03177E+02    6.27081E+01    1.43646E+02
 2.20000E+01    1.03712E+02    6.42056E+01    1.43218E+02
 2.40000E+01    1.03118E+02    6.38379E+01    1.42398E+02
 2.60000E+01    1.00579E+02    6.15719E+01    1.39586E+02
 2.80000E+01    9.89364E+01    6.05663E+01    1.37307E+02
 3.00000E+01    9.69396E+01    5.93439E+01    1.34535E+02
 3.00000E+01    9.69406E+01    5.93445E+01    1.34537E+02
 3.50000E+01    9.03888E+01    5.53337E+01    1.25444E+02
 4.00000E+01    8.36163E+01    5.11877E+01    1.16045E+02
 4.50000E+01    7.74218E+01    4.73956E+01    1.07448E+02
 5.00000E+01    7.60342E+01    4.65462E+01    1.05522E+02
 5.50000E+01    7.11024E+01    4.35270E+01    9.86777E+01
 6.00000E+01    6.56315E+01    4.01779E+01    9.10851E+01
 6.50000E+01    6.00845E+01    3.67822E+01    8.33868E+01
 7.00000E+01    5.53975E+01    3.39129E+01    7.68821E+01
 7.50000E+01    5.03758E+01    3.08388E+01    6.99128E+01
 8.00000E+01    4.62470E+01    2.83112E+01    6.41828E+01
 9.00000E+01    3.78819E+01    2.31903E+01    5.25735E+01
 1.00000E+02    3.13562E+01    1.91954E+01    4.35169E+01
 1.10000E+02    2.55023E+01    1.56118E+01    3.53928E+01
 1.20000E+02    2.09988E+01    1.28549E+01    2.91427E+01
 1.30000E+02    1.72934E+01    1.05866E+01    2.40002E+01
 1.40000E+02    1.41230E+01    8.64574E+00    1.96003E+01
 1.50000E+02    1.17941E+01    7.22004E+00    1.63682E+01
 1.60000E+02    9.94572E+00    6.08851E+00    1.38029E+01
 1.80000E+02    7.16703E+00    4.38747E+00    9.94659E+00
 2.00000E+02    5.49555E+00    3.36423E+00    7.62687E+00
