# n + Hf177 : (n,n'03)  
# endfb8.0   R.Q. Wright, T. Kawano            EVAL-OCT16
# uncertainties: n
# # energies =    70
#   E(MeV)       xs(mb) 
 3.23148E-01    0.00000E+00
 3.50000E-01    2.08500E+02
 4.00000E-01    2.28799E+02
 4.50000E-01    2.46404E+02
 5.00000E-01    2.52489E+02
 6.00000E-01    2.77065E+02
 7.00000E-01    2.74277E+02
 8.00000E-01    2.44779E+02
 9.00000E-01    2.13560E+02
 1.00000E+00    1.89162E+02
 1.10000E+00    1.61239E+02
 1.20000E+00    1.36154E+02
 1.30000E+00    1.14140E+02
 1.40000E+00    9.52628E+01
 1.50000E+00    7.94315E+01
 1.60000E+00    6.63409E+01
 1.70000E+00    5.55696E+01
 1.80000E+00    4.66945E+01
 1.90000E+00    3.93484E+01
 2.00000E+00    3.32351E+01
 2.10000E+00    2.79176E+01
 2.20000E+00    2.36915E+01
 2.30000E+00    2.01199E+01
 2.40000E+00    1.70953E+01
 2.50000E+00    1.45295E+01
 2.60000E+00    1.23503E+01
 2.70000E+00    1.04983E+01
 2.80000E+00    8.92353E+00
 2.90000E+00    7.58411E+00
 3.00000E+00    6.44485E+00
 3.10000E+00    5.47618E+00
 3.20000E+00    4.65191E+00
 3.30000E+00    3.95030E+00
 3.40000E+00    3.35307E+00
 3.50000E+00    2.84474E+00
 3.60000E+00    2.41240E+00
 3.80000E+00    1.73277E+00
 4.00000E+00    1.24309E+00
 4.50000E+00    5.40797E-01
 5.00000E+00    2.35159E-01
 5.50000E+00    1.01936E-01
 6.00000E+00    4.37971E-02
 6.50000E+00    1.85893E-02
 7.00000E+00    7.88532E-03
 7.50000E+00    3.38402E-03
 8.00000E+00    1.47818E-03
 8.50000E+00    6.58812E-04
 9.00000E+00    2.99718E-04
 9.50000E+00    1.87552E-04
 1.00000E+01    1.09259E-04
 1.05000E+01    7.06655E-05
 1.10000E+01    5.03269E-05
 1.15000E+01    3.87421E-05
 1.20000E+01    3.13407E-05
 1.25000E+01    2.59604E-05
 1.30000E+01    2.18048E-05
 1.35000E+01    1.82989E-05
 1.40000E+01    1.51687E-05
 1.45000E+01    1.23502E-05
 1.50000E+01    9.73748E-06
 1.55000E+01    7.34435E-06
 1.60000E+01    5.11794E-06
 1.65000E+01    3.04369E-06
 1.70000E+01    1.09538E-06
 1.75000E+01    3.87450E-09
 1.80000E+01    2.16160E-09
 1.85000E+01    1.22460E-09
 1.90000E+01    6.99200E-10
 1.95000E+01    4.01410E-10
 2.00000E+01    2.31970E-10
