# n + Re186m: (n,n'26)  
# endfb8.0      G. Nobre, D. Brown, M. Herman  EVAL-Jul17
# uncertainties: n
# # energies =    40
#   E(MeV)       xs(mb) 
 3.53630E-01    0.00000E+00
 4.00000E-01    5.27380E-01
 5.00000E-01    2.16313E+00
 7.00000E-01    5.21496E+00
 8.50000E-01    5.02538E+00
 1.00000E+00    4.34359E+00
 1.30000E+00    2.60464E+00
 1.50000E+00    1.84403E+00
 1.80000E+00    1.16094E+00
 2.00000E+00    8.61775E-01
 2.25000E+00    6.05326E-01
 2.50000E+00    4.26408E-01
 2.75000E+00    2.99603E-01
 3.00000E+00    2.07686E-01
 3.20000E+00    1.54398E-01
 3.40000E+00    1.15554E-01
 3.60000E+00    8.75269E-02
 3.80000E+00    6.71572E-02
 4.00000E+00    5.20473E-02
 4.20000E+00    4.06242E-02
 4.40000E+00    3.17918E-02
 4.60000E+00    2.48783E-02
 4.80000E+00    1.94274E-02
 5.00000E+00    1.51122E-02
 5.50000E+00    7.92480E-03
 6.00000E+00    4.07514E-03
 7.00000E+00    1.05757E-03
 8.00000E+00    2.86516E-04
 9.00000E+00    8.53722E-05
 1.00000E+01    2.77546E-05
 1.10000E+01    9.59157E-06
 1.20000E+01    3.48230E-06
 1.30000E+01    1.33047E-06
 1.40000E+01    5.37060E-07
 1.50000E+01    2.28490E-07
 1.60000E+01    1.01860E-07
 1.70000E+01    4.71620E-08
 1.80000E+01    2.24830E-08
 1.90000E+01    1.09470E-08
 2.00000E+01    5.44060E-09
