# n + Ti 48 : (n,n'22)  
# tendl.2019 A.J. Koning and D. Rochman        EVAL-NOV19
# uncertainties: n
# # energies =    58
#   E(MeV)       xs(mb) 
 4.12005E+00    0.00000E+00
 4.13110E+00    3.36787E+00
 4.16024E+00    1.22491E+01
 4.16277E+00    1.30201E+01
 4.18829E+00    2.07981E+01
 4.20000E+00    2.43670E+01
 4.28518E+00    2.60829E+01
 4.29377E+00    2.62560E+01
 4.29856E+00    2.63524E+01
 4.34400E+00    2.72678E+01
 4.40000E+00    2.83959E+01
 4.60000E+00    2.80748E+01
 4.80000E+00    2.76344E+01
 5.00000E+00    2.75285E+01
 5.20000E+00    2.75832E+01
 5.40000E+00    2.74583E+01
 5.60000E+00    2.68918E+01
 5.80000E+00    2.57915E+01
 6.00000E+00    2.42269E+01
 6.20000E+00    2.23445E+01
 6.40000E+00    2.03076E+01
 6.60000E+00    1.82421E+01
 6.80000E+00    1.62406E+01
 7.00000E+00    1.43685E+01
 7.20000E+00    1.26571E+01
 7.40000E+00    1.11175E+01
 7.60000E+00    9.74935E+00
 7.80000E+00    8.54361E+00
 8.00000E+00    7.48772E+00
 8.50000E+00    5.40989E+00
 9.00000E+00    3.92821E+00
 9.50000E+00    2.90440E+00
 1.00000E+01    2.19108E+00
 1.05000E+01    1.68855E+00
 1.10000E+01    1.33157E+00
 1.15000E+01    1.07476E+00
 1.20000E+01    8.87362E-01
 1.25000E+01    7.48486E-01
 1.30000E+01    6.44711E-01
 1.35000E+01    5.66586E-01
 1.40000E+01    5.07519E-01
 1.45000E+01    4.62645E-01
 1.50000E+01    4.28412E-01
 1.60000E+01    3.81688E-01
 1.70000E+01    3.52618E-01
 1.80000E+01    3.32597E-01
 1.90000E+01    3.16880E-01
 2.00000E+01    3.03235E-01
 2.10000E+01    2.90923E-01
 2.20000E+01    2.79781E-01
 2.30000E+01    2.69830E-01
 2.40000E+01    2.61053E-01
 2.50000E+01    2.53331E-01
 2.60000E+01    2.46462E-01
 2.70000E+01    2.40211E-01
 2.80000E+01    2.34366E-01
 2.90000E+01    2.28757E-01
 3.00000E+01    2.23279E-01
