# n + Ti 48 : (n,n'11)  
# tendl.2019 A.J. Koning and D. Rochman        EVAL-NOV19
# uncertainties: n
# # energies =    72
#   E(MeV)       xs(mb) 
 3.44178E+00    0.00000E+00
 3.58236E+00    5.64138E+01
 3.60000E+00    6.34926E+01
 3.69291E+00    6.30374E+01
 3.70943E+00    6.29565E+01
 3.77732E+00    6.26238E+01
 3.78907E+00    6.25662E+01
 3.80000E+00    6.25127E+01
 3.81722E+00    6.23177E+01
 3.86203E+00    6.18103E+01
 3.88280E+00    6.15751E+01
 3.93303E+00    6.10063E+01
 4.00000E+00    6.02480E+01
 4.02667E+00    5.98831E+01
 4.12005E+00    5.86056E+01
 4.13110E+00    5.84544E+01
 4.16024E+00    5.80558E+01
 4.16277E+00    5.80211E+01
 4.18829E+00    5.76720E+01
 4.20000E+00    5.75118E+01
 4.28518E+00    5.64623E+01
 4.29377E+00    5.63565E+01
 4.29856E+00    5.62975E+01
 4.34400E+00    5.57376E+01
 4.40000E+00    5.50477E+01
 4.60000E+00    5.35934E+01
 4.80000E+00    5.18160E+01
 5.00000E+00    4.92600E+01
 5.20000E+00    4.59486E+01
 5.40000E+00    4.21246E+01
 5.60000E+00    3.80814E+01
 5.80000E+00    3.40560E+01
 6.00000E+00    3.02129E+01
 6.20000E+00    2.66468E+01
 6.40000E+00    2.34078E+01
 6.60000E+00    2.05013E+01
 6.80000E+00    1.79173E+01
 7.00000E+00    1.56426E+01
 7.20000E+00    1.36517E+01
 7.40000E+00    1.19155E+01
 7.60000E+00    1.04067E+01
 7.80000E+00    9.09846E+00
 8.00000E+00    7.96378E+00
 8.50000E+00    5.75571E+00
 9.00000E+00    4.19183E+00
 9.50000E+00    3.11026E+00
 1.00000E+01    2.35245E+00
 1.05000E+01    1.81440E+00
 1.10000E+01    1.42925E+00
 1.15000E+01    1.15072E+00
 1.20000E+01    9.47165E-01
 1.25000E+01    7.96681E-01
 1.30000E+01    6.84809E-01
 1.35000E+01    6.01129E-01
 1.40000E+01    5.38251E-01
 1.45000E+01    4.90693E-01
 1.50000E+01    4.54447E-01
 1.60000E+01    4.04542E-01
 1.70000E+01    3.72420E-01
 1.80000E+01    3.49225E-01
 1.90000E+01    3.30510E-01
 2.00000E+01    3.14368E-01
 2.10000E+01    3.00188E-01
 2.20000E+01    2.87744E-01
 2.30000E+01    2.76914E-01
 2.40000E+01    2.67526E-01
 2.50000E+01    2.59330E-01
 2.60000E+01    2.52030E-01
 2.70000E+01    2.45345E-01
 2.80000E+01    2.39048E-01
 2.90000E+01    2.32979E-01
 3.00000E+01    2.27049E-01
