# n + Nd144 : (n,2na)   
# tendl.2019 A.J. Koning and D. Rochman        EVAL-NOV19
# uncertainties: y
# # energies =    23
#   E(MeV)       xs(mb)       xslow(mb)      xsupp(mb)
 7.34747E+00    0.00000E+00    0.00000E+00    0.00000E+00
 1.20000E+01    6.66980E-14    6.66980E-14    6.66980E-14
 1.25000E+01    1.03330E-11    1.03330E-11    1.03330E-11
 1.30000E+01    2.42560E-10    0.00000E+00    1.47821E-09
 1.35000E+01    3.23780E-09    0.00000E+00    1.97317E-08
 1.40000E+01    3.03840E-08    0.00000E+00    1.85166E-07
 1.45000E+01    1.75360E-07    0.00000E+00    1.06868E-06
 1.50000E+01    6.96490E-07    0.00000E+00    4.24454E-06
 1.60000E+01    7.66569E-06    0.00000E+00    4.20289E-05
 1.70000E+01    4.97549E-05    0.00000E+00    2.72793E-04
 1.80000E+01    1.98499E-04    0.00000E+00    1.08832E-03
 1.90000E+01    9.16638E-04    0.00000E+00    5.02568E-03
 2.00000E+01    4.19467E-03    0.00000E+00    1.56188E-02
 2.10000E+01    1.72665E-02    0.00000E+00    6.42916E-02
 2.20000E+01    6.05492E-02    0.00000E+00    2.25454E-01
 2.30000E+01    1.91871E-01    0.00000E+00    7.14429E-01
 2.40000E+01    4.57742E-01    0.00000E+00    1.13157E+00
 2.50000E+01    9.35717E-01    0.00000E+00    2.31315E+00
 2.60000E+01    1.61235E+00    0.00000E+00    3.98584E+00
 2.70000E+01    2.54397E+00    0.00000E+00    6.28886E+00
 2.80000E+01    3.61430E+00    0.00000E+00    8.93479E+00
 2.90000E+01    4.91361E+00    0.00000E+00    1.21468E+01
 3.00000E+01    6.30473E+00    0.00000E+00    1.55857E+01
