# p + Ar 40 : (p,xt)    
# tendl.2019 A.J. Koning                       EVAL-OCT19
# 
# # energies =    55
#   E(MeV)        xs(mb) 
 2.43520E+00    0.00000E+00
 2.46578E+00    0.00000E+00
 3.00000E+00    0.00000E+00
 3.25551E+00    0.00000E+00
 3.34906E+00    0.00000E+00
 4.00000E+00    0.00000E+00
 4.12026E+00    0.00000E+00
 4.44364E+00    0.00000E+00
 4.53416E+00    0.00000E+00
 4.55718E+00    0.00000E+00
 4.59189E+00    0.00000E+00
 4.75257E+00    0.00000E+00
 4.78279E+00    0.00000E+00
 5.00000E+00    0.00000E+00
 6.00000E+00    0.00000E+00
 7.00000E+00    0.00000E+00
 8.00000E+00    0.00000E+00
 9.00000E+00    8.30189E-08
 1.00000E+01    5.52990E-03
 1.10000E+01    1.25673E-01
 1.20000E+01    3.14307E-01
 1.30000E+01    4.76301E-01
 1.40000E+01    5.94815E-01
 1.50000E+01    7.08995E-01
 1.60000E+01    8.52954E-01
 1.70000E+01    1.01676E+00
 1.80000E+01    1.17865E+00
 1.90000E+01    1.37028E+00
 2.00000E+01    1.59671E+00
 2.20000E+01    2.08641E+00
 2.40000E+01    2.51177E+00
 2.60000E+01    3.09875E+00
 2.80000E+01    3.75464E+00
 3.00000E+01    4.38138E+00
 3.00000E+01    5.10776E+00
 3.50000E+01    6.73237E+00
 4.00000E+01    7.93077E+00
 4.50000E+01    8.67905E+00
 5.00000E+01    9.09778E+00
 5.50000E+01    9.36789E+00
 6.00000E+01    9.51581E+00
 6.50000E+01    9.81065E+00
 7.00000E+01    1.03566E+01
 7.50000E+01    1.09858E+01
 8.00000E+01    1.17331E+01
 9.00000E+01    1.36709E+01
 1.00000E+02    1.61670E+01
 1.10000E+02    1.82787E+01
 1.20000E+02    2.08115E+01
 1.30000E+02    2.38667E+01
 1.40000E+02    2.74136E+01
 1.50000E+02    3.14414E+01
 1.60000E+02    3.61957E+01
 1.80000E+02    4.67945E+01
 2.00000E+02    5.87663E+01
