# p + Ar 40 : (p,non)   
# tendl.2019 A.J. Koning                       EVAL-OCT19
# uncertainties: y
# # energies =    47
#   E(MeV)       xs(mb)       xslow(mb)      xsupp(mb)
 2.00000E-01    1.37852E-09    9.44446E-10    1.81259E-09
 5.00000E-01    1.19667E-03    8.19857E-04    1.57348E-03
 1.00000E+00    1.72283E-01    1.04909E-01    2.39657E-01
 2.00000E+00    2.41280E+00    1.46923E+00    3.35637E+00
 3.00000E+00    5.89687E+01    4.64667E+01    7.14707E+01
 4.00000E+00    2.40892E+02    1.89820E+02    2.91964E+02
 5.00000E+00    4.55975E+02    3.98912E+02    5.13038E+02
 6.00000E+00    6.26305E+02    5.47926E+02    7.04684E+02
 7.00000E+00    7.38914E+02    6.55330E+02    8.22498E+02
 8.00000E+00    8.07505E+02    7.16162E+02    8.98848E+02
 9.00000E+00    8.53620E+02    7.57061E+02    9.50180E+02
 1.00000E+01    8.90252E+02    7.97730E+02    9.82774E+02
 1.10000E+01    9.20738E+02    8.25048E+02    1.01643E+03
 1.20000E+01    9.44583E+02    8.46415E+02    1.04275E+03
 1.30000E+01    9.61788E+02    8.61832E+02    1.06174E+03
 1.40000E+01    9.72837E+02    8.68206E+02    1.07747E+03
 1.50000E+01    9.79974E+02    8.74576E+02    1.08537E+03
 1.60000E+01    9.85025E+02    8.79083E+02    1.09097E+03
 1.70000E+01    9.89224E+02    8.82831E+02    1.09562E+03
 1.80000E+01    9.93010E+02    8.84292E+02    1.10173E+03
 1.90000E+01    9.96200E+02    8.87133E+02    1.10527E+03
 2.00000E+01    9.98323E+02    8.89024E+02    1.10762E+03
 2.20000E+01    9.97922E+02    8.81163E+02    1.11468E+03
 2.40000E+01    9.91313E+02    8.75327E+02    1.10730E+03
 2.60000E+01    9.80692E+02    8.57244E+02    1.10414E+03
 2.80000E+01    9.68321E+02    8.46430E+02    1.09021E+03
 3.00000E+01    9.55347E+02    8.35089E+02    1.07560E+03
 3.50000E+01    9.21612E+02    8.05600E+02    1.03762E+03
 4.00000E+01    8.86856E+02    7.75220E+02    9.98493E+02
 4.50000E+01    8.53137E+02    7.45745E+02    9.60529E+02
 5.00000E+01    8.21574E+02    7.18155E+02    9.24993E+02
 5.50000E+01    7.92445E+02    6.92693E+02    8.92197E+02
 6.00000E+01    7.65780E+02    6.69385E+02    8.62176E+02
 6.50000E+01    7.41490E+02    6.48152E+02    8.34828E+02
 7.00000E+01    7.19419E+02    6.28859E+02    8.09979E+02
 7.50000E+01    6.99378E+02    6.11341E+02    7.87415E+02
 8.00000E+01    6.81176E+02    5.95430E+02    7.66922E+02
 9.00000E+01    6.49623E+02    5.67849E+02    7.31397E+02
 1.00000E+02    6.23428E+02    5.44952E+02    7.01904E+02
 1.10000E+02    6.01514E+02    5.25796E+02    6.77232E+02
 1.20000E+02    5.83020E+02    5.09630E+02    6.56410E+02
 1.30000E+02    5.67264E+02    4.95857E+02    6.38671E+02
 1.40000E+02    5.53708E+02    4.84008E+02    6.23408E+02
 1.50000E+02    5.41924E+02    4.73707E+02    6.10141E+02
 1.60000E+02    5.31577E+02    4.64663E+02    5.98491E+02
 1.80000E+02    5.14177E+02    4.49453E+02    5.78901E+02
 2.00000E+02    4.99960E+02    4.37026E+02    5.62894E+02
