# n + Zn 66 : (n,n'14)  
# tendl.2019 A.J. Koning and D. Rochman        EVAL-NOV19
# uncertainties: n
# # energies =    70
#   E(MeV)       xs(mb) 
 3.26173E+00    0.00000E+00
 3.27556E+00    3.86462E+00
 3.27829E+00    4.62752E+00
 3.29079E+00    8.12052E+00
 3.38241E+00    3.37227E+01
 3.40000E+00    3.86380E+01
 3.43267E+00    4.09337E+01
 3.47985E+00    4.42489E+01
 3.48492E+00    4.46052E+01
 3.56091E+00    4.99448E+01
 3.57751E+00    5.11113E+01
 3.58573E+00    5.16889E+01
 3.60000E+00    5.26916E+01
 3.63109E+00    5.36717E+01
 3.72688E+00    5.66915E+01
 3.74545E+00    5.72769E+01
 3.76615E+00    5.79295E+01
 3.78230E+00    5.84386E+01
 3.78869E+00    5.86401E+01
 3.80000E+00    5.89966E+01
 4.00000E+00    5.86553E+01
 4.20000E+00    5.49697E+01
 4.40000E+00    4.95143E+01
 4.60000E+00    4.31829E+01
 4.80000E+00    3.69689E+01
 5.00000E+00    3.13203E+01
 5.20000E+00    2.63797E+01
 5.40000E+00    2.21263E+01
 5.60000E+00    1.85575E+01
 5.80000E+00    1.55738E+01
 6.00000E+00    1.30966E+01
 6.20000E+00    1.10432E+01
 6.40000E+00    9.33855E+00
 6.60000E+00    7.92177E+00
 6.80000E+00    6.73969E+00
 7.00000E+00    5.75162E+00
 7.20000E+00    4.92725E+00
 7.40000E+00    4.23568E+00
 7.60000E+00    3.65678E+00
 7.80000E+00    3.17368E+00
 8.00000E+00    2.76959E+00
 8.50000E+00    2.01968E+00
 9.00000E+00    1.53341E+00
 9.50000E+00    1.21521E+00
 1.00000E+01    1.00466E+00
 1.05000E+01    8.63307E-01
 1.10000E+01    7.66694E-01
 1.15000E+01    6.99180E-01
 1.20000E+01    6.50690E-01
 1.25000E+01    6.14889E-01
 1.30000E+01    5.87573E-01
 1.35000E+01    5.66045E-01
 1.40000E+01    5.48421E-01
 1.45000E+01    5.33477E-01
 1.50000E+01    5.20411E-01
 1.60000E+01    4.98179E-01
 1.70000E+01    4.79815E-01
 1.80000E+01    4.64382E-01
 1.90000E+01    4.50803E-01
 2.00000E+01    4.37895E-01
 2.10000E+01    4.24841E-01
 2.20000E+01    4.11454E-01
 2.30000E+01    3.98070E-01
 2.40000E+01    3.85211E-01
 2.50000E+01    3.73314E-01
 2.60000E+01    3.62593E-01
 2.70000E+01    3.53037E-01
 2.80000E+01    3.44464E-01
 2.90000E+01    3.36603E-01
 3.00000E+01    3.29177E-01
