# n + Te125 : (n,h)m    
# tendl.2019 A.J. Koning and D. Rochman        EVAL-NOV19
# uncertainties: y
# # energies =    22
#   E(MeV)       xs(mb)       xslow(mb)      xsupp(mb)
 8.15662E+00    0.00000E+00    0.00000E+00    0.00000E+00
 1.25000E+01    3.32900E-16    0.00000E+00    0.00000E+00
 1.30000E+01    1.64950E-14    0.00000E+00    0.00000E+00
 1.35000E+01    1.32550E-12    0.00000E+00    0.00000E+00
 1.40000E+01    2.22880E-11    0.00000E+00    0.00000E+00
 1.45000E+01    2.51370E-10    0.00000E+00    0.00000E+00
 1.50000E+01    2.07410E-09    0.00000E+00    0.00000E+00
 1.60000E+01    6.95510E-08    0.00000E+00    0.00000E+00
 1.70000E+01    1.17245E-06    0.00000E+00    0.00000E+00
 1.80000E+01    4.71333E-06    0.00000E+00    0.00000E+00
 1.90000E+01    4.00952E-05    0.00000E+00    0.00000E+00
 2.00000E+01    2.42813E-04    0.00000E+00    0.00000E+00
 2.10000E+01    1.11402E-03    0.00000E+00    0.00000E+00
 2.20000E+01    4.00163E-03    0.00000E+00    0.00000E+00
 2.30000E+01    1.13872E-02    0.00000E+00    0.00000E+00
 2.40000E+01    2.64947E-02    0.00000E+00    0.00000E+00
 2.50000E+01    5.00275E-02    0.00000E+00    0.00000E+00
 2.60000E+01    8.11550E-02    0.00000E+00    0.00000E+00
 2.70000E+01    1.17550E-01    0.00000E+00    0.00000E+00
 2.80000E+01    1.55287E-01    0.00000E+00    0.00000E+00
 2.90000E+01    2.02661E-01    0.00000E+00    0.00000E+00
 3.00000E+01    2.34103E-01    0.00000E+00    0.00000E+00
