# n + Pm147 : (n,n'05)  
# jendl4.0   N.Iwamoto                         EVAL-Dec09
# uncertainties: n
# # energies =    66
#   E(MeV)       xs(mb) 
 4.13328E-01    0.00000E+00
 4.92609E-01    6.12082E+01
 5.00000E-01    6.29395E+01
 5.03433E-01    6.38058E+01
 5.34656E-01    6.54650E+01
 6.00000E-01    7.14490E+01
 6.24257E-01    7.50611E+01
 6.37145E-01    7.45456E+01
 6.45703E-01    7.32996E+01
 6.53758E-01    7.20006E+01
 6.64531E-01    7.23891E+01
 6.71781E-01    7.23454E+01
 6.85132E-01    7.27746E+01
 6.90599E-01    7.18767E+01
 7.00000E-01    7.05861E+01
 8.00000E-01    7.38927E+01
 9.00000E-01    7.38014E+01
 1.00000E+00    7.23881E+01
 1.10000E+00    6.82785E+01
 1.20000E+00    6.29355E+01
 1.30000E+00    5.77843E+01
 1.40000E+00    5.31856E+01
 1.50000E+00    4.77866E+01
 1.60000E+00    4.25664E+01
 1.70000E+00    3.77719E+01
 1.80000E+00    3.34858E+01
 1.90000E+00    2.96368E+01
 2.00000E+00    2.62014E+01
 2.25000E+00    1.95204E+01
 2.50000E+00    1.44140E+01
 2.75000E+00    1.03405E+01
 3.00000E+00    7.66178E+00
 3.50000E+00    4.02711E+00
 4.00000E+00    2.10877E+00
 4.50000E+00    1.12341E+00
 5.00000E+00    6.32093E-01
 5.50000E+00    3.89265E-01
 6.00000E+00    2.68627E-01
 6.50000E+00    2.06751E-01
 7.00000E+00    1.73170E-01
 7.50000E+00    1.53162E-01
 8.00000E+00    1.39568E-01
 8.50000E+00    1.29010E-01
 9.00000E+00    1.20038E-01
 9.50000E+00    1.12069E-01
 1.00000E+01    1.04890E-01
 1.05000E+01    9.84313E-02
 1.10000E+01    9.26393E-02
 1.15000E+01    8.74555E-02
 1.20000E+01    8.28093E-02
 1.25000E+01    7.86220E-02
 1.30000E+01    7.48182E-02
 1.35000E+01    7.13259E-02
 1.40000E+01    6.81002E-02
 1.45000E+01    6.51021E-02
 1.50000E+01    6.22986E-02
 1.55000E+01    5.96821E-02
 1.60000E+01    5.71891E-02
 1.65000E+01    5.48223E-02
 1.70000E+01    5.25598E-02
 1.75000E+01    5.03911E-02
 1.80000E+01    4.83099E-02
 1.85000E+01    4.63127E-02
 1.90000E+01    4.44058E-02
 1.95000E+01    4.25805E-02
 2.00000E+01    4.08469E-02
