# n + Al 27 : (n,np)    
# tendl.2019 A.J. Koning and D. Rochman        EVAL-NOV19
# uncertainties: y
# # energies =    80
#   E(MeV)       xs(mb)       xslow(mb)      xsupp(mb)
 8.58050E+00    0.00000E+00    0.00000E+00    0.00000E+00
 8.95000E+00    9.13508E-03    5.54317E-03    1.27270E-02
 9.20000E+00    9.27779E-01    5.62977E-01    1.29258E+00
 9.50000E+00    7.06832E+00    4.28906E+00    9.84758E+00
 9.70000E+00    1.52328E+01    9.24327E+00    2.12223E+01
 9.80000E+00    2.03248E+01    1.23331E+01    2.83165E+01
 1.00000E+01    3.24293E+01    1.96781E+01    4.51805E+01
 1.02000E+01    4.65668E+01    2.82567E+01    6.48768E+01
 1.02500E+01    5.04413E+01    3.06078E+01    7.02748E+01
 1.03500E+01    5.80782E+01    3.52419E+01    8.09145E+01
 1.04000E+01    6.20524E+01    3.76534E+01    8.64514E+01
 1.05000E+01    7.08247E+01    4.29765E+01    9.86730E+01
 1.05500E+01    7.55222E+01    4.58269E+01    1.05218E+02
 1.06000E+01    7.94734E+01    4.82245E+01    1.10722E+02
 1.08000E+01    9.69891E+01    5.88530E+01    1.35125E+02
 1.09000E+01    1.06477E+02    6.46103E+01    1.48344E+02
 1.10000E+01    1.16583E+02    7.07426E+01    1.62423E+02
 1.11500E+01    1.30769E+02    7.93507E+01    1.82187E+02
 1.12000E+01    1.35328E+02    8.21171E+01    1.88539E+02
 1.12500E+01    1.40353E+02    8.51662E+01    1.95540E+02
 1.14000E+01    1.53611E+02    9.32112E+01    2.14011E+02
 1.15000E+01    1.63192E+02    9.90250E+01    2.27359E+02
 1.16000E+01    1.74023E+02    1.35776E+02    2.12270E+02
 1.18000E+01    1.93062E+02    1.50631E+02    2.35493E+02
 1.20000E+01    2.11001E+02    1.64627E+02    2.57375E+02
 1.22000E+01    2.31151E+02    1.80348E+02    2.81954E+02
 1.24000E+01    2.50409E+02    1.95374E+02    3.05444E+02
 1.25000E+01    2.58569E+02    2.01740E+02    3.15398E+02
 1.26000E+01    2.69365E+02    2.10164E+02    3.28566E+02
 1.28000E+01    2.87151E+02    2.24041E+02    3.50261E+02
 1.30000E+01    3.02359E+02    2.35906E+02    3.68812E+02
 1.32000E+01    3.19061E+02    2.48937E+02    3.89185E+02
 1.34000E+01    3.32650E+02    2.59540E+02    4.05760E+02
 1.35000E+01    3.37887E+02    2.63626E+02    4.12148E+02
 1.36000E+01    3.44965E+02    2.69148E+02    4.20782E+02
 1.37500E+01    3.52433E+02    2.74975E+02    4.29891E+02
 1.38000E+01    3.54418E+02    2.76523E+02    4.32313E+02
 1.40000E+01    3.59014E+02    2.80109E+02    4.37919E+02
 1.42000E+01    3.65362E+02    2.85062E+02    4.45662E+02
 1.42500E+01    3.65259E+02    2.84982E+02    4.45536E+02
 1.44000E+01    3.67427E+02    2.86673E+02    4.48181E+02
 1.44801E+01    3.66441E+02    2.85904E+02    4.46978E+02
 1.45000E+01    3.65292E+02    2.85008E+02    4.45576E+02
 1.46000E+01    3.65199E+02    2.84935E+02    4.45463E+02
 1.47500E+01    3.66195E+02    2.85712E+02    4.46678E+02
 1.48000E+01    3.66221E+02    2.85732E+02    4.46710E+02
 1.50000E+01    3.65169E+02    2.84912E+02    4.45426E+02
 1.52000E+01    3.65112E+02    2.84867E+02    4.45357E+02
 1.54000E+01    3.64243E+02    2.84189E+02    4.44297E+02
 1.55000E+01    3.62868E+02    2.83116E+02    4.42620E+02
 1.56000E+01    3.62311E+02    3.16668E+02    4.07954E+02
 1.58000E+01    3.61229E+02    3.15722E+02    4.06736E+02
 1.60000E+01    3.60764E+02    3.15316E+02    4.06212E+02
 1.62000E+01    3.59789E+02    3.14464E+02    4.05114E+02
 1.65000E+01    3.57976E+02    3.12879E+02    4.03073E+02
 1.68000E+01    3.56268E+02    3.11386E+02    4.01150E+02
 1.70000E+01    3.54912E+02    3.10201E+02    3.99623E+02
 1.72000E+01    3.51225E+02    3.06979E+02    3.95471E+02
 1.75000E+01    3.50546E+02    3.06385E+02    3.94707E+02
 1.76000E+01    3.48176E+02    3.04314E+02    3.92038E+02
 1.78000E+01    3.46746E+02    3.03064E+02    3.90428E+02
 1.80000E+01    3.45300E+02    3.01800E+02    3.88800E+02
 1.84000E+01    3.40752E+02    2.97825E+02    3.83679E+02
 1.85000E+01    3.40582E+02    2.97676E+02    3.83488E+02
 1.86000E+01    3.39348E+02    2.96598E+02    3.82098E+02
 1.90000E+01    3.36129E+02    2.93784E+02    3.78474E+02
 1.94000E+01    3.33030E+02    2.91076E+02    3.74984E+02
 1.95000E+01    3.32083E+02    3.00249E+02    3.63917E+02
 1.96000E+01    3.32719E+02    3.00824E+02    3.64614E+02
 2.00000E+01    3.28858E+02    2.97333E+02    3.60383E+02
 2.10000E+01    3.22801E+02    2.91857E+02    3.53745E+02
 2.20000E+01    3.17850E+02    2.88932E+02    3.46768E+02
 2.30000E+01    3.12215E+02    2.83809E+02    3.40621E+02
 2.40000E+01    3.05035E+02    2.77283E+02    3.32787E+02
 2.50000E+01    2.95217E+02    2.68358E+02    3.22076E+02
 2.60000E+01    2.85439E+02    2.58646E+02    3.12232E+02
 2.70000E+01    2.73599E+02    2.47917E+02    2.99281E+02
 2.80000E+01    2.61914E+02    2.37329E+02    2.86499E+02
 2.90000E+01    2.51368E+02    2.27773E+02    2.74963E+02
 3.00000E+01    2.41886E+02    2.19181E+02    2.64591E+02
