# n + Al 27 : (n,3n)    
# tendl.2019 A.J. Koning and D. Rochman        EVAL-NOV19
# uncertainties: y
# # energies =    36
#   E(MeV)       xs(mb)       xslow(mb)      xsupp(mb)
 2.53366E+01    0.00000E+00    0.00000E+00    0.00000E+00
 2.60000E+01    2.94525E-03    1.64819E-03    4.24231E-03
 2.70000E+01    5.27988E-02    2.95468E-02    7.60508E-02
 2.80000E+01    2.03463E-01    1.13860E-01    2.93066E-01
 2.90000E+01    4.64025E-01    2.59673E-01    6.68377E-01
 3.00000E+01    8.12310E-01    4.54577E-01    1.17004E+00
 3.00000E+01    8.12310E-01    4.54577E-01    1.17004E+00
 3.20000E+01    1.58858E+00    8.88986E-01    2.28817E+00
 3.40000E+01    2.34757E+00    1.31372E+00    3.38142E+00
 3.60000E+01    2.98327E+00    1.66947E+00    4.29707E+00
 3.80000E+01    3.41873E+00    1.91316E+00    4.92430E+00
 4.00000E+01    3.71817E+00    2.08073E+00    5.35561E+00
 4.20000E+01    3.83817E+00    2.14788E+00    5.52846E+00
 4.40000E+01    3.91525E+00    2.19101E+00    5.63949E+00
 4.60000E+01    3.91107E+00    2.18868E+00    5.63347E+00
 4.80000E+01    3.80728E+00    2.13059E+00    5.48397E+00
 5.00000E+01    3.72074E+00    2.08217E+00    5.35932E+00
 5.20000E+01    3.59722E+00    2.01304E+00    5.18140E+00
 5.40000E+01    3.46268E+00    1.93775E+00    4.98761E+00
 5.60000E+01    3.30897E+00    1.85173E+00    4.76621E+00
 5.80000E+01    3.21073E+00    1.79676E+00    4.62470E+00
 6.00000E+01    3.13566E+00    1.75475E+00    4.51657E+00
 6.50000E+01    2.92804E+00    1.63856E+00    4.21752E+00
 7.00000E+01    2.74837E+00    1.53802E+00    3.95872E+00
 7.50000E+01    2.56764E+00    1.43688E+00    3.69840E+00
 8.00000E+01    2.43424E+00    1.36223E+00    3.50625E+00
 9.00000E+01    2.20652E+00    1.23479E+00    3.17825E+00
 1.00000E+02    1.93143E+00    1.08085E+00    2.78201E+00
 1.10000E+02    1.69184E+00    9.46771E-01    2.43691E+00
 1.20000E+02    1.49251E+00    8.35224E-01    2.14980E+00
 1.30000E+02    1.32687E+00    7.42530E-01    1.91121E+00
 1.40000E+02    1.24136E+00    6.94678E-01    1.78804E+00
 1.50000E+02    1.16568E+00    6.52327E-01    1.67903E+00
 1.60000E+02    1.09569E+00    6.13159E-01    1.57822E+00
 1.80000E+02    9.80144E-01    5.48499E-01    1.41179E+00
 2.00000E+02    8.90872E-01    4.98541E-01    1.28320E+00
