# n + Ar 39 : (n,n'23)  
# tendl.2019 A.J. Koning and D. Rochman        EVAL-NOV19
# uncertainties: n
# # energies =    60
#   E(MeV)       xs(mb) 
 3.53828E+00    0.00000E+00
 3.60000E+00    1.89576E+01
 3.61523E+00    2.10651E+01
 3.65482E+00    2.65434E+01
 3.71987E+00    3.55448E+01
 3.77629E+00    4.33519E+01
 3.80000E+00    4.66328E+01
 3.83682E+00    4.91050E+01
 3.93633E+00    5.57865E+01
 3.99378E+00    5.96439E+01
 4.00000E+00    6.00615E+01
 4.20000E+00    6.60825E+01
 4.40000E+00    6.79233E+01
 4.60000E+00    6.76737E+01
 4.80000E+00    6.62518E+01
 5.00000E+00    6.41173E+01
 5.20000E+00    6.14594E+01
 5.40000E+00    5.84547E+01
 5.60000E+00    5.52039E+01
 5.80000E+00    5.17436E+01
 6.00000E+00    4.81770E+01
 6.20000E+00    4.46971E+01
 6.40000E+00    4.12166E+01
 6.60000E+00    3.88189E+01
 6.80000E+00    3.54649E+01
 7.00000E+00    3.23147E+01
 7.20000E+00    2.94372E+01
 7.40000E+00    2.67757E+01
 7.60000E+00    2.43612E+01
 7.80000E+00    2.22212E+01
 8.00000E+00    2.03028E+01
 8.50000E+00    1.64148E+01
 9.00000E+00    1.35541E+01
 9.50000E+00    1.14259E+01
 1.00000E+01    9.95991E+00
 1.05000E+01    8.96423E+00
 1.10000E+01    8.28537E+00
 1.15000E+01    7.84342E+00
 1.20000E+01    7.53363E+00
 1.25000E+01    7.32929E+00
 1.30000E+01    7.22016E+00
 1.35000E+01    7.16142E+00
 1.40000E+01    7.14534E+00
 1.45000E+01    7.15903E+00
 1.50000E+01    7.18776E+00
 1.60000E+01    7.26558E+00
 1.70000E+01    7.34878E+00
 1.80000E+01    7.42349E+00
 1.90000E+01    7.48551E+00
 2.00000E+01    7.53375E+00
 2.10000E+01    7.56755E+00
 2.20000E+01    7.58640E+00
 2.30000E+01    7.59017E+00
 2.40000E+01    7.57940E+00
 2.50000E+01    7.55505E+00
 2.60000E+01    7.51841E+00
 2.70000E+01    7.47090E+00
 2.80000E+01    7.41393E+00
 2.90000E+01    7.34875E+00
 3.00000E+01    7.27650E+00
