# n + Se 82 : (n,n'24)  
# tendl.2019 A.J. Koning and D. Rochman        EVAL-NOV19
# uncertainties: n
# # energies =    57
#   E(MeV)       xs(mb) 
 3.96614E+00    0.00000E+00
 4.00000E+00    8.90699E+00
 4.08590E+00    2.25598E+01
 4.14471E+00    3.19070E+01
 4.18490E+00    3.82946E+01
 4.20000E+00    4.06946E+01
 4.40000E+00    5.76512E+01
 4.44547E+00    5.91551E+01
 4.52099E+00    6.16528E+01
 4.59084E+00    6.39629E+01
 4.60000E+00    6.42659E+01
 4.80000E+00    5.96724E+01
 5.00000E+00    4.90946E+01
 5.20000E+00    3.90284E+01
 5.40000E+00    3.11670E+01
 5.60000E+00    2.51248E+01
 5.80000E+00    2.03605E+01
 6.00000E+00    1.64625E+01
 6.20000E+00    1.32493E+01
 6.40000E+00    1.06461E+01
 6.60000E+00    8.56767E+00
 6.80000E+00    6.92903E+00
 7.00000E+00    5.63577E+00
 7.20000E+00    4.62385E+00
 7.40000E+00    3.82591E+00
 7.60000E+00    3.20493E+00
 7.80000E+00    2.71958E+00
 8.00000E+00    2.33817E+00
 8.50000E+00    1.69308E+00
 9.00000E+00    1.32476E+00
 9.50000E+00    1.10412E+00
 1.00000E+01    9.68216E-01
 1.05000E+01    8.82039E-01
 1.10000E+01    8.25801E-01
 1.15000E+01    7.87706E-01
 1.20000E+01    7.60425E-01
 1.25000E+01    7.39293E-01
 1.30000E+01    7.21477E-01
 1.35000E+01    7.05443E-01
 1.40000E+01    6.90547E-01
 1.45000E+01    6.76639E-01
 1.50000E+01    6.63724E-01
 1.60000E+01    6.40640E-01
 1.70000E+01    6.19847E-01
 1.80000E+01    5.99688E-01
 1.90000E+01    5.79856E-01
 2.00000E+01    5.61026E-01
 2.10000E+01    5.43898E-01
 2.20000E+01    5.28802E-01
 2.30000E+01    5.15608E-01
 2.40000E+01    5.03779E-01
 2.50000E+01    4.92554E-01
 2.60000E+01    4.81233E-01
 2.70000E+01    4.69419E-01
 2.80000E+01    4.57124E-01
 2.90000E+01    4.44659E-01
 3.00000E+01    4.32450E-01
