# p + Yb172 : (p,xd)    
# tendl.2019 A.J. Koning                       EVAL-OCT19
# 
# # energies =    54
#   E(MeV)        xs(mb) 
 3.32116E+00    0.00000E+00
 3.36327E+00    0.00000E+00
 3.38734E+00    0.00000E+00
 3.38956E+00    0.00000E+00
 3.41044E+00    0.00000E+00
 3.43121E+00    0.00000E+00
 3.43230E+00    0.00000E+00
 3.43294E+00    0.00000E+00
 3.45394E+00    0.00000E+00
 3.47003E+00    0.00000E+00
 3.49015E+00    0.00000E+00
 4.00000E+00    0.00000E+00
 5.00000E+00    2.59559E-18
 6.00000E+00    1.62644E-17
 7.00000E+00    7.92956E-17
 8.00000E+00    1.42327E-16
 9.00000E+00    1.99160E-11
 1.00000E+01    2.35734E-08
 1.10000E+01    3.58625E-06
 1.20000E+01    1.81593E-04
 1.30000E+01    3.59540E-03
 1.40000E+01    3.54680E-02
 1.50000E+01    2.00252E-01
 1.60000E+01    7.13442E-01
 1.70000E+01    1.78150E+00
 1.80000E+01    3.47103E+00
 1.90000E+01    5.69552E+00
 2.00000E+01    8.30768E+00
 2.20000E+01    1.41711E+01
 2.40000E+01    1.83186E+01
 2.60000E+01    2.42600E+01
 2.80000E+01    2.88669E+01
 3.00000E+01    3.43035E+01
 3.00000E+01    3.43902E+01
 3.50000E+01    4.65264E+01
 4.00000E+01    5.69579E+01
 4.50000E+01    6.58765E+01
 5.00000E+01    7.50558E+01
 5.50000E+01    7.89765E+01
 6.00000E+01    8.72313E+01
 6.50000E+01    9.02699E+01
 7.00000E+01    9.70339E+01
 7.50000E+01    9.98505E+01
 8.00000E+01    1.05936E+02
 9.00000E+01    1.04360E+02
 1.00000E+02    1.03476E+02
 1.10000E+02    1.01037E+02
 1.20000E+02    9.86272E+01
 1.30000E+02    9.80591E+01
 1.40000E+02    1.01826E+02
 1.50000E+02    1.12427E+02
 1.60000E+02    1.28458E+02
 1.80000E+02    1.78675E+02
 2.00000E+02    3.11193E+02
