# n + Sn118 : (n,n'02)  
# tendl.2019 A.J. Koning and D. Rochman        EVAL-NOV19
# uncertainties: y
# # energies =    90
#   E(MeV)       xs(mb)       xslow(mb)      xsupp(mb)
 1.77335E+00    0.00000E+00    0.00000E+00    0.00000E+00
 1.80000E+00    2.01588E+01    1.71235E+01    2.31941E+01
 2.00000E+00    8.17064E+01    6.94041E+01    9.40087E+01
 2.06036E+00    8.42132E+01    7.15334E+01    9.68929E+01
 2.07451E+00    8.48008E+01    7.20326E+01    9.75691E+01
 2.13814E+00    8.74434E+01    7.42772E+01    1.00609E+02
 2.20000E+00    9.00124E+01    7.64594E+01    1.03565E+02
 2.29985E+00    8.87234E+01    7.53645E+01    1.02082E+02
 2.34109E+00    8.81910E+01    7.49123E+01    1.01470E+02
 2.34474E+00    8.81439E+01    7.48723E+01    1.01415E+02
 2.34794E+00    8.81026E+01    7.48372E+01    1.01368E+02
 2.40000E+00    8.74305E+01    7.42663E+01    1.00595E+02
 2.42378E+00    8.61394E+01    7.31696E+01    9.91092E+01
 2.42860E+00    8.58777E+01    7.29473E+01    9.88081E+01
 2.51016E+00    8.14495E+01    6.91858E+01    9.37131E+01
 2.51824E+00    8.10108E+01    6.88132E+01    9.32084E+01
 2.55164E+00    7.91974E+01    6.72728E+01    9.11219E+01
 2.59694E+00    7.67378E+01    6.51836E+01    8.82921E+01
 2.59905E+00    7.66233E+01    6.50863E+01    8.81603E+01
 2.60000E+00    7.65717E+01    1.59188E+01    1.37225E+02
 2.70026E+00    7.03823E+01    1.46321E+01    1.26132E+02
 2.74831E+00    6.74160E+01    1.40154E+01    1.20817E+02
 2.75718E+00    6.68684E+01    1.39016E+01    1.19835E+02
 2.76143E+00    6.66061E+01    1.38470E+01    1.19365E+02
 2.79767E+00    6.43688E+01    1.33819E+01    1.15356E+02
 2.80000E+00    6.42250E+01    1.33520E+01    1.15098E+02
 2.84110E+00    6.20446E+01    1.28987E+01    1.11190E+02
 2.87230E+00    6.03894E+01    1.25546E+01    1.08224E+02
 2.90333E+00    5.87432E+01    1.22124E+01    1.05274E+02
 2.91372E+00    5.81920E+01    1.20978E+01    1.04286E+02
 2.92871E+00    5.73968E+01    1.19325E+01    1.02861E+02
 2.95478E+00    5.60138E+01    1.16450E+01    1.00383E+02
 2.95910E+00    5.57846E+01    1.15973E+01    9.99719E+01
 2.98879E+00    5.42095E+01    1.12699E+01    9.71491E+01
 2.99743E+00    5.37511E+01    1.11746E+01    9.63277E+01
 3.00000E+00    5.36148E+01    1.11462E+01    9.60834E+01
 3.20000E+00    4.18843E+01    8.70752E+00    7.50611E+01
 3.40000E+00    3.11918E+01    6.48461E+00    5.58990E+01
 3.60000E+00    2.28466E+01    4.74968E+00    4.09435E+01
 3.80000E+00    1.66523E+01    3.46192E+00    2.98427E+01
 4.00000E+00    1.21452E+01    2.52492E+00    2.17655E+01
 4.20000E+00    8.89583E+00    1.84939E+00    1.59423E+01
 4.40000E+00    6.55941E+00    1.36367E+00    1.17552E+01
 4.60000E+00    4.87584E+00    0.00000E+00    1.02372E+01
 4.80000E+00    3.65503E+00    0.00000E+00    7.67402E+00
 5.00000E+00    2.76168E+00    0.00000E+00    5.79836E+00
 5.20000E+00    2.10103E+00    0.00000E+00    4.41127E+00
 5.40000E+00    1.60601E+00    0.00000E+00    3.37194E+00
 5.60000E+00    1.23175E+00    0.00000E+00    2.58615E+00
 5.80000E+00    9.46379E-01    0.00000E+00    1.98700E+00
 6.00000E+00    7.27313E-01    0.00000E+00    1.52705E+00
 6.20000E+00    5.59296E-01    0.00000E+00    1.17429E+00
 6.40000E+00    4.30143E-01    0.00000E+00    9.03118E-01
 6.60000E+00    3.29628E-01    0.00000E+00    8.82854E-01
 6.80000E+00    2.53139E-01    0.00000E+00    6.77991E-01
 7.00000E+00    1.94589E-01    0.00000E+00    5.21175E-01
 7.20000E+00    1.49743E-01    0.00000E+00    4.01062E-01
 7.40000E+00    1.15404E-01    0.00000E+00    3.09091E-01
 7.60000E+00    8.91205E-02    0.00000E+00    2.38695E-01
 7.80000E+00    6.87906E-02    0.00000E+00    1.84244E-01
 8.00000E+00    5.33991E-02    0.00000E+00    1.43021E-01
 8.50000E+00    2.85450E-02    0.00000E+00    7.64531E-02
 9.00000E+00    1.55402E-02    0.00000E+00    5.54946E-02
 9.50000E+00    8.62646E-03    0.00000E+00    3.08054E-02
 1.00000E+01    4.87281E-03    0.00000E+00    1.74010E-02
 1.05000E+01    2.78918E-03    0.00000E+00    9.96026E-03
 1.10000E+01    1.61497E-03    0.00000E+00    5.76711E-03
 1.15000E+01    9.44646E-04    0.00000E+00    3.37336E-03
 1.20000E+01    5.57612E-04    0.00000E+00    1.99125E-03
 1.25000E+01    3.31963E-04    0.00000E+00    1.18545E-03
 1.30000E+01    1.99230E-04    0.00000E+00    8.58738E-04
 1.35000E+01    1.20530E-04    0.00000E+00    5.19519E-04
 1.40000E+01    7.34877E-05    0.00000E+00    3.16753E-04
 1.45000E+01    4.51517E-05    0.00000E+00    1.94617E-04
 1.50000E+01    2.79499E-05    0.00000E+00    1.20472E-04
 1.60000E+01    1.09485E-05    0.00000E+00    5.87049E-05
 1.70000E+01    4.41331E-06    0.00000E+00    2.36638E-05
 1.80000E+01    1.82832E-06    0.00000E+00    9.80330E-06
 1.90000E+01    7.77020E-07    0.00000E+00    4.16631E-06
 2.00000E+01    3.37990E-07    0.00000E+00    2.26255E-06
 2.10000E+01    1.49230E-07    0.00000E+00    9.98964E-07
 2.20000E+01    6.76510E-08    0.00000E+00    4.52864E-07
 2.30000E+01    3.12070E-08    0.00000E+00    2.08903E-07
 2.40000E+01    1.46370E-08    1.46370E-08    1.46370E-08
 2.50000E+01    6.92860E-09    6.92860E-09    6.92860E-09
 2.60000E+01    3.31940E-09    3.31940E-09    3.31940E-09
 2.70000E+01    1.60980E-09    1.60980E-09    1.60980E-09
 2.80000E+01    7.91030E-10    7.91030E-10    7.91030E-10
 2.90000E+01    3.94040E-10    3.94040E-10    3.94040E-10
 3.00000E+01    1.98810E-10    1.98810E-10    1.98810E-10
