# n + Ho165 : (n,n'05)  
# endfb8.0   P.G.Young+, Mughabghab            EVAL-JAN05
# uncertainties: n
# # energies =    37
#   E(MeV)       xs(mb) 
 4.22070E-01    0.00000E+00
 4.25000E-01    1.69872E+01
 4.32030E-01    5.03545E+01
 4.50000E-01    9.95000E+01
 4.51950E-01    1.02667E+02
 4.75000E-01    1.34324E+02
 4.94000E-01    1.51556E+02
 5.00000E-01    1.55160E+02
 5.02250E-01    1.56349E+02
 5.18650E-01    1.65225E+02
 5.42300E-01    1.75371E+02
 5.50000E-01    1.77050E+02
 5.70270E-01    1.79718E+02
 5.93410E-01    1.81206E+02
 6.00000E-01    1.81140E+02
 6.50000E-01    1.77750E+02
 7.00000E-01    1.80330E+02
 7.50000E-01    1.63750E+02
 8.00000E-01    1.66840E+02
 9.00000E-01    1.50170E+02
 1.00000E+00    1.31670E+02
 1.25000E+00    8.52260E+01
 1.50000E+00    6.20640E+01
 1.75000E+00    4.45570E+01
 2.00000E+00    2.96070E+01
 2.50000E+00    1.47430E+01
 3.00000E+00    7.46780E+00
 3.50000E+00    3.90070E+00
 4.00000E+00    2.12010E+00
 4.50000E+00    1.23830E+00
 5.00000E+00    7.86320E-01
 5.50000E+00    4.32020E-01
 6.00000E+00    3.55760E-01
 6.50000E+00    2.85060E-01
 7.00000E+00    2.38860E-01
 7.50000E+00    2.06180E-01
 8.00000E+00    1.81350E-01
