# n + Nd143 : (n,n'04)  
# tendl.2019 A.J. Koning and D. Rochman        EVAL-NOV19
# uncertainties: y
# # energies =    89
#   E(MeV)       xs(mb)       xslow(mb)      xsupp(mb)
 1.41701E+00    0.00000E+00    0.00000E+00    0.00000E+00
 1.44133E+00    2.60089E+01    2.25221E+01    2.94957E+01
 1.51663E+00    1.06538E+02    9.22556E+01    1.20821E+02
 1.56652E+00    1.59893E+02    1.38457E+02    1.81328E+02
 1.56861E+00    1.62128E+02    1.40393E+02    1.83863E+02
 1.56980E+00    1.63401E+02    1.41495E+02    1.85306E+02
 1.60000E+00    1.95698E+02    1.69462E+02    2.21934E+02
 1.61973E+00    1.97823E+02    1.71303E+02    2.24344E+02
 1.70193E+00    2.06678E+02    1.78971E+02    2.34386E+02
 1.75149E+00    2.12017E+02    1.83594E+02    2.40441E+02
 1.78738E+00    2.15883E+02    1.86942E+02    2.44825E+02
 1.80000E+00    2.17243E+02    1.88119E+02    2.46367E+02
 1.81222E+00    2.18091E+02    1.88853E+02    2.47328E+02
 1.86457E+00    2.21722E+02    1.91997E+02    2.51446E+02
 1.86564E+00    2.21796E+02    1.92061E+02    2.51530E+02
 1.91371E+00    2.25130E+02    1.94949E+02    2.55311E+02
 1.92430E+00    2.25865E+02    1.95585E+02    2.56144E+02
 1.93416E+00    2.26548E+02    1.96177E+02    2.56920E+02
 1.97988E+00    2.29719E+02    1.98923E+02    2.60516E+02
 2.00000E+00    2.31115E+02    2.00131E+02    2.62099E+02
 2.00225E+00    2.30750E+02    1.99815E+02    2.61684E+02
 2.01049E+00    2.29411E+02    1.98656E+02    2.60167E+02
 2.01882E+00    2.28059E+02    1.97485E+02    2.58633E+02
 2.02550E+00    2.26974E+02    1.96545E+02    2.57402E+02
 2.03312E+00    2.25736E+02    1.95474E+02    2.55999E+02
 2.04171E+00    2.24341E+02    1.94266E+02    2.54417E+02
 2.04997E+00    2.23000E+02    1.93104E+02    2.52896E+02
 2.07842E+00    2.18380E+02    1.89103E+02    2.47656E+02
 2.08143E+00    2.17891E+02    1.88680E+02    2.47102E+02
 2.08864E+00    2.16720E+02    1.87666E+02    2.45774E+02
 2.20000E+00    1.98635E+02    1.72006E+02    2.25264E+02
 2.40000E+00    1.68213E+02    1.45662E+02    1.90764E+02
 2.60000E+00    1.32051E+02    0.00000E+00    3.49339E+02
 2.80000E+00    9.83471E+01    0.00000E+00    2.60175E+02
 3.00000E+00    7.10979E+01    0.00000E+00    1.88088E+02
 3.20000E+00    5.05537E+01    0.00000E+00    1.33739E+02
 3.40000E+00    3.55978E+01    0.00000E+00    9.41733E+01
 3.60000E+00    2.49531E+01    0.00000E+00    6.60130E+01
 3.80000E+00    1.74846E+01    0.00000E+00    4.62552E+01
 4.00000E+00    1.22863E+01    0.00000E+00    3.25032E+01
 4.20000E+00    8.67317E+00    0.00000E+00    2.29447E+01
 4.40000E+00    6.16466E+00    0.00000E+00    1.63085E+01
 4.60000E+00    4.41109E+00    0.00000E+00    1.51166E+01
 4.80000E+00    3.17817E+00    0.00000E+00    1.08915E+01
 5.00000E+00    2.30545E+00    0.00000E+00    7.90069E+00
 5.20000E+00    1.68472E+00    0.00000E+00    5.77347E+00
 5.40000E+00    1.24176E+00    0.00000E+00    4.25547E+00
 5.60000E+00    9.24374E-01    0.00000E+00    3.16780E+00
 5.80000E+00    6.96158E-01    0.00000E+00    2.38571E+00
 6.00000E+00    5.31281E-01    0.00000E+00    1.82068E+00
 6.20000E+00    4.11300E-01    0.00000E+00    1.40951E+00
 6.40000E+00    3.23473E-01    0.00000E+00    1.10853E+00
 6.60000E+00    2.59688E-01    1.39876E-01    3.79501E-01
 6.80000E+00    2.12163E-01    1.14277E-01    3.10049E-01
 7.00000E+00    1.77100E-01    9.53912E-02    2.58809E-01
 7.20000E+00    1.51027E-01    8.13475E-02    2.20706E-01
 7.40000E+00    1.31448E-01    7.08017E-02    1.92094E-01
 7.60000E+00    1.16974E-01    6.30056E-02    1.70942E-01
 7.80000E+00    1.06018E-01    5.71044E-02    1.54932E-01
 8.00000E+00    9.78198E-02    5.26886E-02    1.42951E-01
 8.50000E+00    8.49915E-02    4.57789E-02    1.24204E-01
 9.00000E+00    7.83175E-02    4.10548E-02    1.15580E-01
 9.50000E+00    7.44514E-02    3.90282E-02    1.09875E-01
 1.00000E+01    7.17946E-02    3.76355E-02    1.05954E-01
 1.05000E+01    6.96268E-02    3.64991E-02    1.02755E-01
 1.10000E+01    6.76660E-02    3.54712E-02    9.98608E-02
 1.15000E+01    6.58251E-02    3.45062E-02    9.71440E-02
 1.20000E+01    6.40968E-02    3.36002E-02    9.45934E-02
 1.25000E+01    6.24919E-02    3.27589E-02    9.22249E-02
 1.30000E+01    6.10144E-02    3.33850E-02    8.86438E-02
 1.35000E+01    5.96565E-02    3.26420E-02    8.66710E-02
 1.40000E+01    5.83997E-02    3.19543E-02    8.48451E-02
 1.45000E+01    5.72198E-02    3.13087E-02    8.31309E-02
 1.50000E+01    5.60942E-02    3.06928E-02    8.14956E-02
 1.60000E+01    5.39471E-02    3.13216E-02    7.65726E-02
 1.70000E+01    5.19038E-02    3.01352E-02    7.36723E-02
 1.80000E+01    4.99726E-02    2.90140E-02    7.09312E-02
 1.90000E+01    4.81783E-02    2.79722E-02    6.83844E-02
 2.00000E+01    4.65576E-02    2.78017E-02    6.53135E-02
 2.10000E+01    4.51469E-02    2.69593E-02    6.33345E-02
 2.20000E+01    4.39597E-02    2.62504E-02    6.16690E-02
 2.30000E+01    4.29820E-02    2.56665E-02    6.02975E-02
 2.40000E+01    4.21746E-02    2.53816E-02    5.89676E-02
 2.50000E+01    4.14775E-02    2.49621E-02    5.79929E-02
 2.60000E+01    4.08163E-02    2.45641E-02    5.70685E-02
 2.70000E+01    4.01233E-02    2.41471E-02    5.60995E-02
 2.80000E+01    3.93613E-02    2.36885E-02    5.50341E-02
 2.90000E+01    3.85347E-02    2.31910E-02    5.38784E-02
 3.00000E+01    3.76783E-02    2.26756E-02    5.26810E-02
