# n + Nd143 : (n,n'14)  
# tendl.2019 A.J. Koning and D. Rochman        EVAL-NOV19
# uncertainties: n
# # energies =    77
#   E(MeV)       xs(mb) 
 1.81222E+00    0.00000E+00
 1.86457E+00    4.82321E+00
 1.86564E+00    4.92180E+00
 1.91371E+00    9.35067E+00
 1.92430E+00    1.03264E+01
 1.93416E+00    1.12348E+01
 1.97988E+00    1.54472E+01
 2.00000E+00    1.73009E+01
 2.00225E+00    1.73496E+01
 2.01049E+00    1.75282E+01
 2.01882E+00    1.77087E+01
 2.02550E+00    1.78535E+01
 2.03312E+00    1.80186E+01
 2.04171E+00    1.82047E+01
 2.04997E+00    1.83837E+01
 2.07842E+00    1.90001E+01
 2.08143E+00    1.90654E+01
 2.08864E+00    1.92216E+01
 2.20000E+00    2.16346E+01
 2.40000E+00    2.34058E+01
 2.60000E+00    2.30631E+01
 2.80000E+00    2.12673E+01
 3.00000E+00    1.88599E+01
 3.20000E+00    1.64528E+01
 3.40000E+00    1.43274E+01
 3.60000E+00    1.25592E+01
 3.80000E+00    1.11274E+01
 4.00000E+00    9.98093E+00
 4.20000E+00    9.06503E+00
 4.40000E+00    8.33374E+00
 4.60000E+00    7.74430E+00
 4.80000E+00    7.26282E+00
 5.00000E+00    6.86159E+00
 5.20000E+00    6.51940E+00
 5.40000E+00    6.22070E+00
 5.60000E+00    5.95436E+00
 5.80000E+00    5.71368E+00
 6.00000E+00    5.49474E+00
 6.20000E+00    5.29509E+00
 6.40000E+00    5.11400E+00
 6.60000E+00    4.95130E+00
 6.80000E+00    4.80579E+00
 7.00000E+00    4.67722E+00
 7.20000E+00    4.56446E+00
 7.40000E+00    4.46618E+00
 7.60000E+00    4.38110E+00
 7.80000E+00    4.30732E+00
 8.00000E+00    4.24312E+00
 8.50000E+00    4.11248E+00
 9.00000E+00    4.00403E+00
 9.50000E+00    3.89887E+00
 1.00000E+01    3.78758E+00
 1.05000E+01    3.66877E+00
 1.10000E+01    3.54578E+00
 1.15000E+01    3.42326E+00
 1.20000E+01    3.30553E+00
 1.25000E+01    3.19541E+00
 1.30000E+01    3.09412E+00
 1.35000E+01    3.00147E+00
 1.40000E+01    2.91638E+00
 1.45000E+01    2.83716E+00
 1.50000E+01    2.76206E+00
 1.60000E+01    2.61869E+00
 1.70000E+01    2.47976E+00
 1.80000E+01    2.34531E+00
 1.90000E+01    2.21837E+00
 2.00000E+01    2.10262E+00
 2.10000E+01    2.00089E+00
 2.20000E+01    1.91401E+00
 2.30000E+01    1.84086E+00
 2.40000E+01    1.77912E+00
 2.50000E+01    1.72583E+00
 2.60000E+01    1.67763E+00
 2.70000E+01    1.63134E+00
 2.80000E+01    1.58485E+00
 2.90000E+01    1.53778E+00
 3.00000E+01    1.49131E+00
