# n + Yb174 : (n,n'28)  
# tendl.2019 A.J. Koning and D. Rochman        EVAL-NOV19
# uncertainties: n
# # energies =    63
#   E(MeV)       xs(mb) 
 1.86214E+00    0.00000E+00
 1.87001E+00    2.24853E+00
 1.87179E+00    2.75710E+00
 2.00000E+00    3.93880E+01
 2.20000E+00    4.69383E+01
 2.40000E+00    4.08705E+01
 2.60000E+00    3.22551E+01
 2.80000E+00    2.44851E+01
 3.00000E+00    1.82593E+01
 3.20000E+00    1.38387E+01
 3.40000E+00    1.02516E+01
 3.60000E+00    7.66682E+00
 3.80000E+00    5.82682E+00
 4.00000E+00    4.52542E+00
 4.20000E+00    3.60905E+00
 4.40000E+00    2.96470E+00
 4.60000E+00    2.51297E+00
 4.80000E+00    2.20745E+00
 5.00000E+00    1.99303E+00
 5.20000E+00    1.83197E+00
 5.40000E+00    1.71938E+00
 5.60000E+00    1.63852E+00
 5.80000E+00    1.57791E+00
 6.00000E+00    1.53347E+00
 6.20000E+00    1.49951E+00
 6.40000E+00    1.47366E+00
 6.60000E+00    1.45356E+00
 6.80000E+00    1.43795E+00
 7.00000E+00    1.42561E+00
 7.20000E+00    1.41568E+00
 7.40000E+00    1.40753E+00
 7.60000E+00    1.40060E+00
 7.80000E+00    1.39460E+00
 8.00000E+00    1.38931E+00
 8.50000E+00    1.37874E+00
 9.00000E+00    1.37166E+00
 9.50000E+00    1.36737E+00
 1.00000E+01    1.36455E+00
 1.05000E+01    1.36166E+00
 1.10000E+01    1.35743E+00
 1.15000E+01    1.35109E+00
 1.20000E+01    1.34238E+00
 1.25000E+01    1.33127E+00
 1.30000E+01    1.31805E+00
 1.35000E+01    1.30312E+00
 1.40000E+01    1.28693E+00
 1.45000E+01    1.27001E+00
 1.50000E+01    1.25281E+00
 1.60000E+01    1.21899E+00
 1.70000E+01    1.18740E+00
 1.80000E+01    1.15877E+00
 1.90000E+01    1.13288E+00
 2.00000E+01    1.10868E+00
 2.10000E+01    1.08490E+00
 2.20000E+01    1.06068E+00
 2.30000E+01    1.03581E+00
 2.40000E+01    1.01059E+00
 2.50000E+01    9.85719E-01
 2.60000E+01    9.61830E-01
 2.70000E+01    9.39205E-01
 2.80000E+01    9.17683E-01
 2.90000E+01    8.96851E-01
 3.00000E+01    8.76245E-01
