# n + Cd109 : (n,p)m    
# tendl.2019 A.J. Koning and D. Rochman        EVAL-NOV19
# uncertainties: y
# # energies =   571
#   E(MeV)       xs(mb)       xslow(mb)      xsupp(mb)
 1.00000E-11    9.99993E-18    0.00000E+00    0.00000E+00
 1.03223E-11    9.84873E-18    0.00000E+00    0.00000E+00
 1.06549E-11    9.70012E-18    0.00000E+00    0.00000E+00
 1.09984E-11    9.55383E-18    0.00000E+00    0.00000E+00
 1.13527E-11    9.41002E-18    0.00000E+00    0.00000E+00
 1.17186E-11    9.26855E-18    0.00000E+00    0.00000E+00
 1.20962E-11    9.12943E-18    0.00000E+00    0.00000E+00
 1.24861E-11    8.99255E-18    0.00000E+00    0.00000E+00
 1.28884E-11    8.85799E-18    0.00000E+00    0.00000E+00
 1.33038E-11    8.72562E-18    0.00000E+00    0.00000E+00
 1.37325E-11    8.59551E-18    0.00000E+00    0.00000E+00
 1.41751E-11    8.46748E-18    0.00000E+00    0.00000E+00
 1.46318E-11    8.34164E-18    0.00000E+00    0.00000E+00
 1.51034E-11    8.21784E-18    0.00000E+00    0.00000E+00
 1.55901E-11    8.09616E-18    0.00000E+00    0.00000E+00
 1.60926E-11    7.97649E-18    0.00000E+00    0.00000E+00
 1.66111E-11    7.85887E-18    0.00000E+00    0.00000E+00
 1.71465E-11    7.74314E-18    0.00000E+00    0.00000E+00
 1.76990E-11    7.62943E-18    0.00000E+00    0.00000E+00
 1.82694E-11    7.51762E-18    0.00000E+00    0.00000E+00
 1.88581E-11    7.40771E-18    0.00000E+00    0.00000E+00
 1.94659E-11    7.29964E-18    0.00000E+00    0.00000E+00
 2.00931E-11    7.19343E-18    0.00000E+00    0.00000E+00
 2.07407E-11    7.08898E-18    0.00000E+00    0.00000E+00
 2.14090E-11    6.98637E-18    0.00000E+00    0.00000E+00
 2.20991E-11    6.88548E-18    0.00000E+00    0.00000E+00
 2.28111E-11    6.78635E-18    0.00000E+00    0.00000E+00
 2.35464E-11    6.68892E-18    0.00000E+00    0.00000E+00
 2.43051E-11    6.59317E-18    0.00000E+00    0.00000E+00
 2.50884E-11    6.49905E-18    0.00000E+00    0.00000E+00
 2.58968E-11    6.40658E-18    0.00000E+00    0.00000E+00
 2.67315E-11    6.31574E-18    0.00000E+00    0.00000E+00
 2.75928E-11    6.22648E-18    0.00000E+00    0.00000E+00
 2.84822E-11    6.13877E-18    0.00000E+00    0.00000E+00
 2.93999E-11    6.05266E-18    0.00000E+00    0.00000E+00
 3.03475E-11    5.96798E-18    0.00000E+00    0.00000E+00
 3.13253E-11    5.88486E-18    0.00000E+00    0.00000E+00
 3.23350E-11    5.80323E-18    0.00000E+00    0.00000E+00
 3.33769E-11    5.72304E-18    0.00000E+00    0.00000E+00
 3.44526E-11    5.64430E-18    0.00000E+00    0.00000E+00
 3.55627E-11    5.56698E-18    0.00000E+00    0.00000E+00
 3.67089E-11    5.49103E-18    0.00000E+00    0.00000E+00
 3.78918E-11    5.41650E-18    0.00000E+00    0.00000E+00
 3.91130E-11    5.34327E-18    0.00000E+00    0.00000E+00
 4.03734E-11    5.27147E-18    0.00000E+00    0.00000E+00
 4.16746E-11    5.20095E-18    0.00000E+00    0.00000E+00
 4.30174E-11    5.13173E-18    0.00000E+00    0.00000E+00
 4.44039E-11    5.06383E-18    0.00000E+00    0.00000E+00
 4.58347E-11    4.99717E-18    0.00000E+00    0.00000E+00
 4.73119E-11    4.93179E-18    0.00000E+00    0.00000E+00
 4.88364E-11    4.86766E-18    0.00000E+00    0.00000E+00
 5.04104E-11    4.80469E-18    0.00000E+00    0.00000E+00
 5.20348E-11    4.74302E-18    0.00000E+00    0.00000E+00
 5.37119E-11    4.68249E-18    0.00000E+00    0.00000E+00
 5.54426E-11    4.62313E-18    0.00000E+00    0.00000E+00
 5.72295E-11    4.56496E-18    0.00000E+00    0.00000E+00
 5.90736E-11    4.50793E-18    0.00000E+00    0.00000E+00
 6.09775E-11    4.45202E-18    0.00000E+00    0.00000E+00
 6.29424E-11    4.39725E-18    0.00000E+00    0.00000E+00
 6.49710E-11    4.34356E-18    0.00000E+00    0.00000E+00
 6.70645E-11    4.29099E-18    0.00000E+00    0.00000E+00
 6.92260E-11    4.23947E-18    0.00000E+00    0.00000E+00
 7.14566E-11    4.18906E-18    0.00000E+00    0.00000E+00
 7.37596E-11    4.13967E-18    0.00000E+00    0.00000E+00
 7.61364E-11    4.09133E-18    0.00000E+00    0.00000E+00
 7.85902E-11    4.04402E-18    0.00000E+00    0.00000E+00
 8.11227E-11    3.99773E-18    0.00000E+00    0.00000E+00
 8.37372E-11    3.95243E-18    0.00000E+00    0.00000E+00
 8.64355E-11    3.90815E-18    0.00000E+00    0.00000E+00
 8.92212E-11    3.86483E-18    0.00000E+00    0.00000E+00
 9.20962E-11    3.82249E-18    0.00000E+00    0.00000E+00
 9.50644E-11    3.78111E-18    0.00000E+00    0.00000E+00
 9.81277E-11    3.74069E-18    0.00000E+00    0.00000E+00
 1.01291E-10    3.70119E-18    0.00000E+00    0.00000E+00
 1.04554E-10    3.66265E-18    0.00000E+00    0.00000E+00
 1.07924E-10    3.62500E-18    0.00000E+00    0.00000E+00
 1.11402E-10    3.58829E-18    0.00000E+00    0.00000E+00
 1.14992E-10    3.55246E-18    0.00000E+00    0.00000E+00
 1.18697E-10    3.51754E-18    0.00000E+00    0.00000E+00
 1.22523E-10    3.48349E-18    0.00000E+00    0.00000E+00
 1.26471E-10    3.45034E-18    0.00000E+00    0.00000E+00
 1.30547E-10    3.41803E-18    0.00000E+00    0.00000E+00
 1.34754E-10    3.38660E-18    0.00000E+00    0.00000E+00
 1.39097E-10    3.35601E-18    0.00000E+00    0.00000E+00
 1.43579E-10    3.32627E-18    0.00000E+00    0.00000E+00
 1.48207E-10    3.29736E-18    0.00000E+00    0.00000E+00
 1.52982E-10    3.26929E-18    0.00000E+00    0.00000E+00
 1.57913E-10    3.24203E-18    0.00000E+00    0.00000E+00
 1.63001E-10    3.21559E-18    0.00000E+00    0.00000E+00
 1.68254E-10    3.18996E-18    0.00000E+00    0.00000E+00
 1.73676E-10    3.16513E-18    0.00000E+00    0.00000E+00
 1.79274E-10    3.14110E-18    0.00000E+00    0.00000E+00
 1.85050E-10    3.11786E-18    0.00000E+00    0.00000E+00
 1.91014E-10    3.09540E-18    0.00000E+00    0.00000E+00
 1.97169E-10    3.07372E-18    0.00000E+00    0.00000E+00
 2.03524E-10    3.05281E-18    0.00000E+00    0.00000E+00
 2.10082E-10    3.03268E-18    0.00000E+00    0.00000E+00
 2.16853E-10    3.01330E-18    0.00000E+00    0.00000E+00
 2.23840E-10    2.99468E-18    0.00000E+00    0.00000E+00
 2.31055E-10    2.97682E-18    0.00000E+00    0.00000E+00
 2.38500E-10    2.95970E-18    0.00000E+00    0.00000E+00
 2.46187E-10    2.94333E-18    0.00000E+00    0.00000E+00
 2.54120E-10    2.92770E-18    0.00000E+00    0.00000E+00
 2.62310E-10    2.91281E-18    0.00000E+00    0.00000E+00
 2.70762E-10    2.89865E-18    0.00000E+00    0.00000E+00
 2.79489E-10    2.88521E-18    0.00000E+00    0.00000E+00
 2.88494E-10    2.87250E-18    0.00000E+00    0.00000E+00
 2.97793E-10    2.86052E-18    0.00000E+00    0.00000E+00
 3.07388E-10    2.84925E-18    0.00000E+00    0.00000E+00
 3.17295E-10    2.83871E-18    0.00000E+00    0.00000E+00
 3.27519E-10    2.82887E-18    0.00000E+00    0.00000E+00
 3.38075E-10    2.81975E-18    0.00000E+00    0.00000E+00
 3.48969E-10    2.81133E-18    0.00000E+00    0.00000E+00
 3.60216E-10    2.80362E-18    0.00000E+00    0.00000E+00
 3.71823E-10    2.79662E-18    0.00000E+00    0.00000E+00
 3.83807E-10    2.79032E-18    0.00000E+00    0.00000E+00
 3.96174E-10    2.78472E-18    0.00000E+00    0.00000E+00
 4.08943E-10    2.77983E-18    0.00000E+00    0.00000E+00
 4.22120E-10    2.77564E-18    0.00000E+00    0.00000E+00
 4.35725E-10    2.77213E-18    0.00000E+00    0.00000E+00
 4.49765E-10    2.76933E-18    0.00000E+00    0.00000E+00
 4.64261E-10    2.76723E-18    0.00000E+00    0.00000E+00
 4.79221E-10    2.76582E-18    0.00000E+00    0.00000E+00
 4.94666E-10    2.76510E-18    0.00000E+00    0.00000E+00
 5.10605E-10    2.76509E-18    0.00000E+00    0.00000E+00
 5.27062E-10    2.76576E-18    0.00000E+00    0.00000E+00
 5.44045E-10    2.76713E-18    0.00000E+00    0.00000E+00
 5.61580E-10    2.76920E-18    0.00000E+00    0.00000E+00
 5.79675E-10    2.77197E-18    0.00000E+00    0.00000E+00
 5.98358E-10    2.77543E-18    0.00000E+00    0.00000E+00
 6.17639E-10    2.77959E-18    0.00000E+00    0.00000E+00
 6.37545E-10    2.78445E-18    0.00000E+00    0.00000E+00
 6.58089E-10    2.79001E-18    0.00000E+00    0.00000E+00
 6.79298E-10    2.79627E-18    0.00000E+00    0.00000E+00
 7.01188E-10    2.80323E-18    0.00000E+00    0.00000E+00
 7.23786E-10    2.81091E-18    0.00000E+00    0.00000E+00
 7.47109E-10    2.81929E-18    0.00000E+00    0.00000E+00
 7.71188E-10    2.82837E-18    0.00000E+00    0.00000E+00
 7.96038E-10    2.83817E-18    0.00000E+00    0.00000E+00
 8.21693E-10    2.84868E-18    0.00000E+00    0.00000E+00
 8.48171E-10    2.85991E-18    0.00000E+00    0.00000E+00
 8.75507E-10    2.87185E-18    0.00000E+00    0.00000E+00
 9.03719E-10    2.88452E-18    0.00000E+00    0.00000E+00
 9.32845E-10    2.89792E-18    0.00000E+00    0.00000E+00
 9.62904E-10    2.91204E-18    0.00000E+00    0.00000E+00
 9.93937E-10    2.92690E-18    0.00000E+00    0.00000E+00
 1.02597E-09    2.94248E-18    0.00000E+00    0.00000E+00
 1.05903E-09    2.95882E-18    0.00000E+00    0.00000E+00
 1.09316E-09    2.97590E-18    0.00000E+00    0.00000E+00
 1.12839E-09    2.99372E-18    0.00000E+00    0.00000E+00
 1.16475E-09    3.01229E-18    0.00000E+00    0.00000E+00
 1.20229E-09    3.03163E-18    0.00000E+00    0.00000E+00
 1.24103E-09    3.05172E-18    0.00000E+00    0.00000E+00
 1.28103E-09    3.07260E-18    0.00000E+00    0.00000E+00
 1.32231E-09    3.09424E-18    0.00000E+00    0.00000E+00
 1.36492E-09    3.11665E-18    0.00000E+00    0.00000E+00
 1.40890E-09    3.13985E-18    0.00000E+00    0.00000E+00
 1.45431E-09    3.16385E-18    0.00000E+00    0.00000E+00
 1.50117E-09    3.18862E-18    0.00000E+00    0.00000E+00
 1.54956E-09    3.21422E-18    0.00000E+00    0.00000E+00
 1.59949E-09    3.24061E-18    0.00000E+00    0.00000E+00
 1.65104E-09    3.26782E-18    0.00000E+00    0.00000E+00
 1.70424E-09    3.29585E-18    0.00000E+00    0.00000E+00
 1.75917E-09    3.32472E-18    0.00000E+00    0.00000E+00
 1.81585E-09    3.35441E-18    0.00000E+00    0.00000E+00
 1.87438E-09    3.38495E-18    0.00000E+00    0.00000E+00
 1.93477E-09    3.41635E-18    0.00000E+00    0.00000E+00
 1.99713E-09    3.44861E-18    0.00000E+00    0.00000E+00
 2.06148E-09    3.48172E-18    0.00000E+00    0.00000E+00
 2.12792E-09    3.51571E-18    0.00000E+00    0.00000E+00
 2.19649E-09    3.55059E-18    0.00000E+00    0.00000E+00
 2.26728E-09    3.58637E-18    0.00000E+00    0.00000E+00
 2.34034E-09    3.62305E-18    0.00000E+00    0.00000E+00
 2.41577E-09    3.66064E-18    0.00000E+00    0.00000E+00
 2.49362E-09    3.69913E-18    0.00000E+00    0.00000E+00
 2.57398E-09    3.73857E-18    0.00000E+00    0.00000E+00
 2.65692E-09    3.77894E-18    0.00000E+00    0.00000E+00
 2.74255E-09    3.82027E-18    0.00000E+00    0.00000E+00
 2.83093E-09    3.86256E-18    0.00000E+00    0.00000E+00
 2.92217E-09    3.90582E-18    0.00000E+00    0.00000E+00
 3.01633E-09    3.95006E-18    0.00000E+00    0.00000E+00
 3.11354E-09    3.99529E-18    0.00000E+00    0.00000E+00
 3.21387E-09    4.04154E-18    0.00000E+00    0.00000E+00
 3.31745E-09    4.08881E-18    0.00000E+00    0.00000E+00
 3.42435E-09    4.13710E-18    0.00000E+00    0.00000E+00
 3.53471E-09    4.18640E-18    0.00000E+00    0.00000E+00
 3.64861E-09    4.23678E-18    0.00000E+00    0.00000E+00
 3.76620E-09    4.28824E-18    0.00000E+00    0.00000E+00
 3.88757E-09    4.34077E-18    0.00000E+00    0.00000E+00
 4.01286E-09    4.39438E-18    0.00000E+00    0.00000E+00
 4.14217E-09    4.44909E-18    0.00000E+00    0.00000E+00
 4.27566E-09    4.50494E-18    0.00000E+00    0.00000E+00
 4.41344E-09    4.56193E-18    0.00000E+00    0.00000E+00
 4.55568E-09    4.62004E-18    0.00000E+00    0.00000E+00
 4.70248E-09    4.67932E-18    0.00000E+00    0.00000E+00
 4.85404E-09    4.73980E-18    0.00000E+00    0.00000E+00
 5.01045E-09    4.80147E-18    0.00000E+00    0.00000E+00
 5.17193E-09    4.86434E-18    0.00000E+00    0.00000E+00
 5.33859E-09    4.92846E-18    0.00000E+00    0.00000E+00
 5.51065E-09    4.99381E-18    0.00000E+00    0.00000E+00
 5.68822E-09    5.06045E-18    0.00000E+00    0.00000E+00
 5.87154E-09    5.12834E-18    0.00000E+00    0.00000E+00
 6.06075E-09    5.19756E-18    0.00000E+00    0.00000E+00
 6.25608E-09    5.26811E-18    0.00000E+00    0.00000E+00
 6.45767E-09    5.34002E-18    0.00000E+00    0.00000E+00
 6.66579E-09    5.41328E-18    0.00000E+00    0.00000E+00
 6.88059E-09    5.48794E-18    0.00000E+00    0.00000E+00
 7.10234E-09    5.56404E-18    0.00000E+00    0.00000E+00
 7.33121E-09    5.64158E-18    0.00000E+00    0.00000E+00
 7.56748E-09    5.72059E-18    0.00000E+00    0.00000E+00
 7.81133E-09    5.80109E-18    0.00000E+00    0.00000E+00
 8.06308E-09    5.88312E-18    0.00000E+00    0.00000E+00
 8.32291E-09    5.96667E-18    0.00000E+00    0.00000E+00
 8.59114E-09    6.05180E-18    0.00000E+00    0.00000E+00
 8.86798E-09    6.13849E-18    0.00000E+00    0.00000E+00
 9.15378E-09    6.22680E-18    0.00000E+00    0.00000E+00
 9.44875E-09    6.31670E-18    0.00000E+00    0.00000E+00
 9.75327E-09    6.40824E-18    0.00000E+00    0.00000E+00
 1.00676E-08    6.50139E-18    0.00000E+00    0.00000E+00
 1.03920E-08    6.59619E-18    0.00000E+00    0.00000E+00
 1.07269E-08    6.69263E-18    0.00000E+00    0.00000E+00
 1.10726E-08    6.79074E-18    0.00000E+00    0.00000E+00
 1.14294E-08    6.89051E-18    0.00000E+00    0.00000E+00
 1.17978E-08    6.99198E-18    0.00000E+00    0.00000E+00
 1.21779E-08    7.09514E-18    0.00000E+00    0.00000E+00
 1.25704E-08    7.20006E-18    0.00000E+00    0.00000E+00
 1.29755E-08    7.30672E-18    0.00000E+00    0.00000E+00
 1.33937E-08    7.41520E-18    0.00000E+00    0.00000E+00
 1.38253E-08    7.52553E-18    0.00000E+00    0.00000E+00
 1.42708E-08    7.63778E-18    0.00000E+00    0.00000E+00
 1.47307E-08    7.75197E-18    0.00000E+00    0.00000E+00
 1.52054E-08    7.86821E-18    0.00000E+00    0.00000E+00
 1.56954E-08    7.98653E-18    0.00000E+00    0.00000E+00
 1.62012E-08    8.10703E-18    0.00000E+00    0.00000E+00
 1.67233E-08    8.22976E-18    0.00000E+00    0.00000E+00
 1.72623E-08    8.35479E-18    0.00000E+00    0.00000E+00
 1.78185E-08    8.48212E-18    0.00000E+00    0.00000E+00
 1.83928E-08    8.61178E-18    0.00000E+00    0.00000E+00
 1.89855E-08    8.74370E-18    0.00000E+00    0.00000E+00
 1.95974E-08    8.87783E-18    0.00000E+00    0.00000E+00
 2.02289E-08    9.01399E-18    0.00000E+00    0.00000E+00
 2.09250E-08    9.16136E-18    0.00000E+00    0.00000E+00
 2.16450E-08    9.31074E-18    0.00000E+00    0.00000E+00
 2.23899E-08    9.46204E-18    0.00000E+00    0.00000E+00
 2.31603E-08    9.61524E-18    0.00000E+00    0.00000E+00
 2.39067E-08    9.76071E-18    0.00000E+00    0.00000E+00
 2.46771E-08    9.90814E-18    0.00000E+00    0.00000E+00
 2.52522E-08    1.00167E-17    0.00000E+00    0.00000E+00
 2.53000E-08    1.00256E-17    0.00000E+00    0.00000E+00
 2.61154E-08    9.90924E-18    0.00000E+00    0.00000E+00
 2.69000E-08    9.80317E-18    0.00000E+00    0.00000E+00
 2.77083E-08    9.69967E-18    0.00000E+00    0.00000E+00
 2.85408E-08    9.59876E-18    0.00000E+00    0.00000E+00
 2.94605E-08    9.49340E-18    0.00000E+00    0.00000E+00
 3.04100E-08    9.39081E-18    0.00000E+00    0.00000E+00
 3.13899E-08    9.29084E-18    0.00000E+00    0.00000E+00
 3.24015E-08    9.19331E-18    0.00000E+00    0.00000E+00
 3.34456E-08    9.09814E-18    0.00000E+00    0.00000E+00
 3.45235E-08    9.00522E-18    0.00000E+00    0.00000E+00
 3.56360E-08    8.91456E-18    0.00000E+00    0.00000E+00
 3.67845E-08    8.82609E-18    0.00000E+00    0.00000E+00
 3.79699E-08    8.73984E-18    0.00000E+00    0.00000E+00
 3.91936E-08    8.65577E-18    0.00000E+00    0.00000E+00
 4.04565E-08    8.57388E-18    0.00000E+00    0.00000E+00
 4.17604E-08    8.49412E-18    0.00000E+00    0.00000E+00
 4.31061E-08    8.41651E-18    0.00000E+00    0.00000E+00
 4.44953E-08    8.34100E-18    0.00000E+00    0.00000E+00
 4.59291E-08    8.26759E-18    0.00000E+00    0.00000E+00
 4.74094E-08    8.19630E-18    0.00000E+00    0.00000E+00
 4.89371E-08    8.12704E-18    0.00000E+00    0.00000E+00
 5.05143E-08    8.05981E-18    0.00000E+00    0.00000E+00
 5.21420E-08    7.99461E-18    0.00000E+00    0.00000E+00
 5.38225E-08    7.93140E-18    0.00000E+00    0.00000E+00
 5.55568E-08    7.87026E-18    0.00000E+00    0.00000E+00
 5.73474E-08    7.81109E-18    0.00000E+00    0.00000E+00
 5.91953E-08    7.75387E-18    0.00000E+00    0.00000E+00
 6.11031E-08    7.69852E-18    0.00000E+00    0.00000E+00
 6.30721E-08    7.64511E-18    0.00000E+00    0.00000E+00
 6.51048E-08    7.59367E-18    0.00000E+00    0.00000E+00
 6.72027E-08    7.54423E-18    0.00000E+00    0.00000E+00
 6.93686E-08    7.49669E-18    0.00000E+00    0.00000E+00
 7.16039E-08    7.45094E-18    0.00000E+00    0.00000E+00
 7.39116E-08    7.40694E-18    0.00000E+00    0.00000E+00
 7.62933E-08    7.36484E-18    0.00000E+00    0.00000E+00
 7.87521E-08    7.32476E-18    0.00000E+00    0.00000E+00
 8.12898E-08    7.28665E-18    0.00000E+00    0.00000E+00
 8.39097E-08    7.25028E-18    0.00000E+00    0.00000E+00
 8.66136E-08    7.21545E-18    0.00000E+00    0.00000E+00
 8.94050E-08    7.18237E-18    0.00000E+00    0.00000E+00
 9.22860E-08    7.15130E-18    0.00000E+00    0.00000E+00
 9.52602E-08    7.12233E-18    0.00000E+00    0.00000E+00
 9.83299E-08    7.09520E-18    0.00000E+00    0.00000E+00
 1.01714E-07    7.06784E-18    0.00000E+00    0.00000E+00
 1.04992E-07    7.04365E-18    0.00000E+00    0.00000E+00
 1.08146E-07    7.02279E-18    0.00000E+00    0.00000E+00
 1.11395E-07    7.00393E-18    0.00000E+00    0.00000E+00
 1.14985E-07    6.98577E-18    0.00000E+00    0.00000E+00
 1.18942E-07    6.96806E-18    0.00000E+00    0.00000E+00
 1.23035E-07    6.95160E-18    0.00000E+00    0.00000E+00
 1.27000E-07    6.93772E-18    0.00000E+00    0.00000E+00
 1.30816E-07    6.92689E-18    0.00000E+00    0.00000E+00
 1.34746E-07    6.91830E-18    0.00000E+00    0.00000E+00
 1.39383E-07    6.91041E-18    0.00000E+00    0.00000E+00
 1.44484E-07    6.90310E-18    0.00000E+00    0.00000E+00
 1.49141E-07    6.89767E-18    0.00000E+00    0.00000E+00
 1.53622E-07    6.89461E-18    0.00000E+00    0.00000E+00
 1.57903E-07    6.89407E-18    0.00000E+00    0.00000E+00
 1.62992E-07    6.89577E-18    0.00000E+00    0.00000E+00
 1.69315E-07    6.89910E-18    0.00000E+00    0.00000E+00
 1.75142E-07    6.90254E-18    0.00000E+00    0.00000E+00
 1.80404E-07    6.90701E-18    0.00000E+00    0.00000E+00
 1.85431E-07    6.91368E-18    0.00000E+00    0.00000E+00
 1.91003E-07    6.92360E-18    0.00000E+00    0.00000E+00
 1.97994E-07    6.93755E-18    0.00000E+00    0.00000E+00
 2.06110E-07    6.95308E-18    0.00000E+00    0.00000E+00
 2.12303E-07    6.96534E-18    0.00000E+00    0.00000E+00
 2.17759E-07    6.97795E-18    0.00000E+00    0.00000E+00
 2.23828E-07    6.99459E-18    0.00000E+00    0.00000E+00
 2.31531E-07    7.01790E-18    0.00000E+00    0.00000E+00
 2.42043E-07    7.04861E-18    0.00000E+00    0.00000E+00
 2.50372E-07    7.07171E-18    0.00000E+00    0.00000E+00
 2.56806E-07    7.09100E-18    0.00000E+00    0.00000E+00
 2.63406E-07    7.11335E-18    0.00000E+00    0.00000E+00
 2.71320E-07    7.14260E-18    0.00000E+00    0.00000E+00
 2.84240E-07    7.18965E-18    0.00000E+00    0.00000E+00
 2.95267E-07    7.22650E-18    0.00000E+00    0.00000E+00
 3.02855E-07    7.25246E-18    0.00000E+00    0.00000E+00
 3.09982E-07    7.27916E-18    0.00000E+00    0.00000E+00
 3.17949E-07    7.31154E-18    0.00000E+00    0.00000E+00
 3.30982E-07    7.36563E-18    0.00000E+00    0.00000E+00
 3.48212E-07    7.43086E-18    0.00000E+00    0.00000E+00
 3.57918E-07    7.46648E-18    0.00000E+00    0.00000E+00
 3.66340E-07    7.49969E-18    0.00000E+00    0.00000E+00
 3.74961E-07    7.53650E-18    0.00000E+00    0.00000E+00
 3.88684E-07    7.59695E-18    0.00000E+00    0.00000E+00
 4.13266E-07    7.69593E-18    0.00000E+00    0.00000E+00
 4.24783E-07    7.73984E-18    0.00000E+00    0.00000E+00
 4.33860E-07    7.77646E-18    0.00000E+00    0.00000E+00
 4.44071E-07    7.82079E-18    0.00000E+00    0.00000E+00
 4.59352E-07    7.88958E-18    0.00000E+00    0.00000E+00
 4.92549E-07    8.02551E-18    0.00000E+00    0.00000E+00
 5.05207E-07    8.07411E-18    0.00000E+00    0.00000E+00
 5.16003E-07    8.11797E-18    0.00000E+00    0.00000E+00
 5.28147E-07    8.17092E-18    0.00000E+00    0.00000E+00
 5.48637E-07    8.26238E-18    0.00000E+00    0.00000E+00
 5.88286E-07    8.42142E-18    0.00000E+00    0.00000E+00
 6.02131E-07    8.47401E-18    0.00000E+00    0.00000E+00
 6.13699E-07    8.52046E-18    0.00000E+00    0.00000E+00
 6.26814E-07    8.57669E-18    0.00000E+00    0.00000E+00
 6.52511E-07    8.68879E-18    0.00000E+00    0.00000E+00
 7.01150E-07    8.87806E-18    0.00000E+00    0.00000E+00
 7.17648E-07    8.93907E-18    0.00000E+00    0.00000E+00
 7.31438E-07    8.99346E-18    0.00000E+00    0.00000E+00
 7.48648E-07    9.06556E-18    0.00000E+00    0.00000E+00
 8.16451E-07    9.33522E-18    0.00000E+00    0.00000E+00
 8.44546E-07    9.43396E-18    0.00000E+00    0.00000E+00
 8.60770E-07    9.49274E-18    0.00000E+00    0.00000E+00
 8.77310E-07    9.55642E-18    0.00000E+00    0.00000E+00
 9.07500E-07    9.67636E-18    0.00000E+00    0.00000E+00
 9.73084E-07    9.91441E-18    0.00000E+00    0.00000E+00
 9.93879E-07    9.98713E-18    0.00000E+00    0.00000E+00
 1.00657E-06    1.00069E-17    0.00000E+00    0.00000E+00
 1.02797E-06    1.00032E-17    0.00000E+00    0.00000E+00
 1.19084E-06    9.96200E-18    0.00000E+00    0.00000E+00
 1.22468E-06    9.95780E-18    0.00000E+00    0.00000E+00
 1.28626E-06    9.98133E-18    0.00000E+00    0.00000E+00
 1.47970E-06    1.00098E-17    0.00000E+00    0.00000E+00
 1.51108E-06    1.00304E-17    0.00000E+00    0.00000E+00
 1.53240E-06    5.51473E-10    0.00000E+00    0.00000E+00
 1.57594E-06    2.14329E-09    0.00000E+00    0.00000E+00
 2.93970E-06    5.13897E-08    0.00000E+00    0.00000E+00
 5.44517E-06    1.40184E-07    0.00000E+00    0.00000E+00
 7.56801E-06    2.14342E-07    0.00000E+00    0.00000E+00
 7.78306E-06    2.12793E-07    0.00000E+00    0.00000E+00
 1.00154E-05    1.85798E-07    0.00000E+00    0.00000E+00
 1.14414E-05    1.72615E-07    0.00000E+00    0.00000E+00
 1.35360E-05    1.57285E-07    0.00000E+00    0.00000E+00
 1.61263E-05    1.42781E-07    0.00000E+00    0.00000E+00
 1.92131E-05    1.29633E-07    0.00000E+00    0.00000E+00
 2.27305E-05    1.18123E-07    0.00000E+00    0.00000E+00
 2.70802E-05    1.07267E-07    0.00000E+00    0.00000E+00
 3.20379E-05    9.77607E-08    0.00000E+00    0.00000E+00
 3.81706E-05    8.87894E-08    0.00000E+00    0.00000E+00
 4.54749E-05    8.06603E-08    0.00000E+00    0.00000E+00
 5.38001E-05    7.35370E-08    0.00000E+00    0.00000E+00
 6.40984E-05    6.68266E-08    0.00000E+00    0.00000E+00
 7.58331E-05    6.09504E-08    0.00000E+00    0.00000E+00
 9.03446E-05    5.54100E-08    0.00000E+00    0.00000E+00
 1.00356E-04    5.23386E-08    0.00000E+00    0.00000E+00
 1.27344E-04    4.56228E-08    0.00000E+00    0.00000E+00
 1.50657E-04    4.14097E-08    0.00000E+00    0.00000E+00
 1.79487E-04    3.74573E-08    0.00000E+00    0.00000E+00
 2.00000E-04    3.52101E-08    0.00000E+00    0.00000E+00
 2.99029E-04    2.79090E-08    0.00000E+00    0.00000E+00
 3.07527E-04    2.76104E-08    0.00000E+00    0.00000E+00
 6.00000E-04    1.87020E-08    0.00000E+00    0.00000E+00
 1.00000E-03    1.41225E-08    0.00000E+00    0.00000E+00
 2.00000E-03    1.00676E-08    0.00000E+00    0.00000E+00
 3.00000E-03    8.58429E-09    0.00000E+00    0.00000E+00
 6.00000E-03    7.16643E-09    0.00000E+00    0.00000E+00
 1.00000E-02    6.77954E-09    0.00000E+00    0.00000E+00
 2.00000E-02    6.87223E-09    0.00000E+00    0.00000E+00
 3.00000E-02    7.22994E-09    0.00000E+00    0.00000E+00
 6.25755E-02    9.59081E-09    0.00000E+00    0.00000E+00
 1.00000E-01    1.45895E-08    0.00000E+00    0.00000E+00
 2.00000E-01    6.90088E-08    0.00000E+00    0.00000E+00
 3.00000E-01    2.32562E-07    0.00000E+00    0.00000E+00
 4.00000E-01    7.98446E-07    0.00000E+00    0.00000E+00
 5.00000E-01    2.43471E-06    0.00000E+00    0.00000E+00
 5.99882E-01    6.88103E-06    0.00000E+00    0.00000E+00
 6.99969E-01    1.70960E-05    0.00000E+00    0.00000E+00
 8.00000E-01    3.87243E-05    0.00000E+00    0.00000E+00
 9.00000E-01    8.07026E-05    0.00000E+00    0.00000E+00
 1.00000E+00    1.60022E-04    0.00000E+00    0.00000E+00
 1.20000E+00    5.60076E-04    0.00000E+00    0.00000E+00
 1.40000E+00    1.64182E-03    0.00000E+00    0.00000E+00
 1.60000E+00    3.95476E-03    0.00000E+00    0.00000E+00
 1.80000E+00    8.40133E-03    0.00000E+00    0.00000E+00
 2.00000E+00    1.63559E-02    0.00000E+00    0.00000E+00
 2.20000E+00    2.93628E-02    0.00000E+00    0.00000E+00
 2.40000E+00    4.93277E-02    0.00000E+00    0.00000E+00
 2.60000E+00    7.81442E-02    0.00000E+00    0.00000E+00
 2.80000E+00    1.18236E-01    0.00000E+00    0.00000E+00
 3.00000E+00    1.71928E-01    0.00000E+00    0.00000E+00
 3.20000E+00    2.42914E-01    0.00000E+00    0.00000E+00
 3.40000E+00    3.33016E-01    0.00000E+00    0.00000E+00
 3.60000E+00    4.35712E-01    0.00000E+00    0.00000E+00
 3.80000E+00    5.70018E-01    0.00000E+00    0.00000E+00
 4.00000E+00    7.17794E-01    0.00000E+00    0.00000E+00
 4.20000E+00    8.94240E-01    0.00000E+00    0.00000E+00
 4.40000E+00    1.08474E+00    0.00000E+00    0.00000E+00
 4.60000E+00    1.29159E+00    0.00000E+00    0.00000E+00
 4.83386E+00    1.56779E+00    0.00000E+00    0.00000E+00
 5.23668E+00    2.04392E+00    0.00000E+00    0.00000E+00
 5.60000E+00    2.45686E+00    0.00000E+00    0.00000E+00
 5.80000E+00    2.69754E+00    0.00000E+00    0.00000E+00
 6.00000E+00    2.91100E+00    0.00000E+00    0.00000E+00
 6.49029E+00    3.35767E+00    0.00000E+00    0.00000E+00
 6.64656E+00    3.48873E+00    0.00000E+00    0.00000E+00
 6.80000E+00    3.60972E+00    0.00000E+00    0.00000E+00
 7.00000E+00    3.80478E+00    0.00000E+00    0.00000E+00
 7.20000E+00    3.94504E+00    0.00000E+00    0.00000E+00
 7.40000E+00    4.10903E+00    0.00000E+00    0.00000E+00
 7.60000E+00    4.32280E+00    0.00000E+00    0.00000E+00
 7.80000E+00    4.48613E+00    0.00000E+00    0.00000E+00
 8.00000E+00    4.75661E+00    0.00000E+00    0.00000E+00
 8.50000E+00    5.39175E+00    0.00000E+00    0.00000E+00
 9.00000E+00    6.17449E+00    0.00000E+00    0.00000E+00
 9.50000E+00    7.14953E+00    0.00000E+00    0.00000E+00
 1.00000E+01    8.30793E+00    0.00000E+00    0.00000E+00
 1.01411E+01    8.69239E+00    0.00000E+00    0.00000E+00
 1.02842E+01    9.08526E+00    0.00000E+00    0.00000E+00
 1.04292E+01    9.48674E+00    0.00000E+00    0.00000E+00
 1.05000E+01    9.68364E+00    0.00000E+00    0.00000E+00
 1.06481E+01    1.01497E+01    0.00000E+00    0.00000E+00
 1.07984E+01    1.06258E+01    0.00000E+00    0.00000E+00
 1.09507E+01    1.11125E+01    0.00000E+00    0.00000E+00
 1.10000E+01    1.12707E+01    0.00000E+00    0.00000E+00
 1.11552E+01    1.18175E+01    0.00000E+00    0.00000E+00
 1.13126E+01    1.23760E+01    0.00000E+00    0.00000E+00
 1.14722E+01    1.29467E+01    0.00000E+00    0.00000E+00
 1.15000E+01    1.30466E+01    0.00000E+00    0.00000E+00
 1.16622E+01    1.36638E+01    0.00000E+00    0.00000E+00
 1.18268E+01    1.42940E+01    0.00000E+00    0.00000E+00
 1.19936E+01    1.49376E+01    0.00000E+00    0.00000E+00
 1.20000E+01    1.49623E+01    0.00000E+00    0.00000E+00
 1.21693E+01    1.56267E+01    0.00000E+00    0.00000E+00
 1.23410E+01    1.63046E+01    0.00000E+00    0.00000E+00
 1.25000E+01    1.69360E+01    0.00000E+00    0.00000E+00
 1.26764E+01    1.76541E+01    0.00000E+00    0.00000E+00
 1.28552E+01    1.83870E+01    0.00000E+00    0.00000E+00
 1.30000E+01    1.89837E+01    0.00000E+00    0.00000E+00
 1.31834E+01    1.96568E+01    0.00000E+00    0.00000E+00
 1.33694E+01    2.03428E+01    0.00000E+00    0.00000E+00
 1.35000E+01    2.08265E+01    0.00000E+00    0.00000E+00
 1.36905E+01    2.14521E+01    0.00000E+00    0.00000E+00
 1.38836E+01    2.20898E+01    0.00000E+00    0.00000E+00
 1.40000E+01    2.24757E+01    0.00000E+00    0.00000E+00
 1.41975E+01    2.30545E+01    0.00000E+00    0.00000E+00
 1.43978E+01    2.36437E+01    0.00000E+00    0.00000E+00
 1.45000E+01    2.39451E+01    0.00000E+00    0.00000E+00
 1.47046E+01    2.43857E+01    0.00000E+00    0.00000E+00
 1.49120E+01    2.48343E+01    0.00000E+00    0.00000E+00
 1.50000E+01    2.50251E+01    0.00000E+00    0.00000E+00
 1.52116E+01    2.54253E+01    0.00000E+00    0.00000E+00
 1.54262E+01    2.58324E+01    0.00000E+00    0.00000E+00
 1.56439E+01    2.62465E+01    0.00000E+00    0.00000E+00
 1.58646E+01    2.66678E+01    0.00000E+00    0.00000E+00
 1.60000E+01    2.69270E+01    0.00000E+00    0.00000E+00
 1.62257E+01    2.72873E+01    0.00000E+00    0.00000E+00
 1.64546E+01    2.76537E+01    0.00000E+00    0.00000E+00
 1.66868E+01    2.80263E+01    0.00000E+00    0.00000E+00
 1.69222E+01    2.84052E+01    0.00000E+00    0.00000E+00
 1.70000E+01    2.85306E+01    0.00000E+00    0.00000E+00
 1.72398E+01    2.88593E+01    0.00000E+00    0.00000E+00
 1.74831E+01    2.91935E+01    0.00000E+00    0.00000E+00
 1.77297E+01    2.95332E+01    0.00000E+00    0.00000E+00
 1.79799E+01    2.98785E+01    0.00000E+00    0.00000E+00
 1.80000E+01    2.99064E+01    0.00000E+00    0.00000E+00
 1.82539E+01    3.00927E+01    0.00000E+00    0.00000E+00
 1.85115E+01    3.02819E+01    0.00000E+00    0.00000E+00
 1.87726E+01    3.04740E+01    0.00000E+00    0.00000E+00
 1.90000E+01    3.06415E+01    0.00000E+00    0.00000E+00
 1.92681E+01    3.07587E+01    0.00000E+00    0.00000E+00
 1.95399E+01    3.08778E+01    0.00000E+00    0.00000E+00
 1.98156E+01    3.09987E+01    0.00000E+00    0.00000E+00
 2.00000E+01    3.10798E+01    0.00000E+00    0.00000E+00
 2.02822E+01    3.14336E+01    0.00000E+00    0.00000E+00
 2.05683E+01    3.17933E+01    0.00000E+00    0.00000E+00
 2.08585E+01    3.21588E+01    0.00000E+00    0.00000E+00
 2.10000E+01    3.23374E+01    0.00000E+00    0.00000E+00
 2.12963E+01    3.22641E+01    0.00000E+00    0.00000E+00
 2.15967E+01    3.21897E+01    0.00000E+00    0.00000E+00
 2.19014E+01    3.21142E+01    0.00000E+00    0.00000E+00
 2.20000E+01    3.20898E+01    0.00000E+00    0.00000E+00
 2.23104E+01    3.20777E+01    0.00000E+00    0.00000E+00
 2.26251E+01    3.20653E+01    0.00000E+00    0.00000E+00
 2.29443E+01    3.20525E+01    0.00000E+00    0.00000E+00
 2.30000E+01    3.20503E+01    0.00000E+00    0.00000E+00
 2.33245E+01    3.17897E+01    0.00000E+00    0.00000E+00
 2.36536E+01    3.15258E+01    0.00000E+00    0.00000E+00
 2.39873E+01    3.12585E+01    0.00000E+00    0.00000E+00
 2.40000E+01    3.12483E+01    0.00000E+00    0.00000E+00
 2.43386E+01    3.11212E+01    0.00000E+00    0.00000E+00
 2.46820E+01    3.09919E+01    0.00000E+00    0.00000E+00
 2.50000E+01    3.08718E+01    0.00000E+00    0.00000E+00
 2.53527E+01    3.05040E+01    0.00000E+00    0.00000E+00
 2.57104E+01    3.01310E+01    0.00000E+00    0.00000E+00
 2.60000E+01    2.98288E+01    0.00000E+00    0.00000E+00
 2.63668E+01    2.96445E+01    0.00000E+00    0.00000E+00
 2.67388E+01    2.94573E+01    0.00000E+00    0.00000E+00
 2.70000E+01    2.93256E+01    0.00000E+00    0.00000E+00
 2.73809E+01    2.88406E+01    0.00000E+00    0.00000E+00
 2.77672E+01    2.83488E+01    0.00000E+00    0.00000E+00
 2.80000E+01    2.80526E+01    0.00000E+00    0.00000E+00
 2.83950E+01    2.77085E+01    0.00000E+00    0.00000E+00
 2.87956E+01    2.73596E+01    0.00000E+00    0.00000E+00
 2.90000E+01    2.71816E+01    0.00000E+00    0.00000E+00
 2.94091E+01    2.68293E+01    0.00000E+00    0.00000E+00
 2.98240E+01    2.64713E+01    0.00000E+00    0.00000E+00
 3.00000E+01    2.63192E+01    0.00000E+00    0.00000E+00
 3.00000E+01    2.63220E+01    0.00000E+00    0.00000E+00
 3.20000E+01    2.42411E+01    0.00000E+00    0.00000E+00
 3.40000E+01    2.21659E+01    0.00000E+00    0.00000E+00
 3.60000E+01    2.06069E+01    0.00000E+00    0.00000E+00
 3.80000E+01    1.85257E+01    0.00000E+00    0.00000E+00
 4.00000E+01    1.73738E+01    0.00000E+00    0.00000E+00
 4.20000E+01    1.55800E+01    0.00000E+00    0.00000E+00
 4.40000E+01    1.43093E+01    0.00000E+00    0.00000E+00
 4.60000E+01    1.29923E+01    0.00000E+00    0.00000E+00
 4.80000E+01    1.17426E+01    0.00000E+00    0.00000E+00
 5.00000E+01    1.09024E+01    0.00000E+00    0.00000E+00
 5.20000E+01    1.00041E+01    0.00000E+00    0.00000E+00
 5.40000E+01    9.12495E+00    0.00000E+00    0.00000E+00
 5.60000E+01    8.51973E+00    0.00000E+00    0.00000E+00
 5.80000E+01    7.89076E+00    0.00000E+00    0.00000E+00
 6.00000E+01    7.25540E+00    0.00000E+00    0.00000E+00
 6.50000E+01    6.30910E+00    0.00000E+00    0.00000E+00
 7.00000E+01    5.20292E+00    0.00000E+00    0.00000E+00
 7.50000E+01    4.69231E+00    0.00000E+00    0.00000E+00
 8.00000E+01    3.99468E+00    0.00000E+00    0.00000E+00
 9.00000E+01    3.20176E+00    0.00000E+00    0.00000E+00
 1.00000E+02    2.57413E+00    0.00000E+00    0.00000E+00
 1.10000E+02    2.04217E+00    0.00000E+00    0.00000E+00
 1.20000E+02    1.75032E+00    0.00000E+00    0.00000E+00
 1.30000E+02    1.43872E+00    0.00000E+00    0.00000E+00
 1.40000E+02    1.26418E+00    0.00000E+00    0.00000E+00
 1.50000E+02    1.06348E+00    0.00000E+00    0.00000E+00
 1.60000E+02    9.19742E-01    0.00000E+00    0.00000E+00
 1.80000E+02    7.15368E-01    0.00000E+00    0.00000E+00
 2.00000E+02    5.68205E-01    0.00000E+00    0.00000E+00
