# n + Cd109 : (n,pa)g   
# tendl.2019 A.J. Koning and D. Rochman        EVAL-NOV19
# uncertainties: y
# # energies =    30
#   E(MeV)       xs(mb)       xslow(mb)      xsupp(mb)
 2.31690E+00    0.00000E+00    0.00000E+00    0.00000E+00
 8.50000E+00    1.97170E-16    0.00000E+00    0.00000E+00
 9.00000E+00    6.63390E-15    0.00000E+00    0.00000E+00
 9.50000E+00    1.34220E-13    0.00000E+00    0.00000E+00
 1.00000E+01    2.97120E-12    0.00000E+00    0.00000E+00
 1.05000E+01    2.74060E-11    0.00000E+00    0.00000E+00
 1.10000E+01    1.50590E-10    0.00000E+00    0.00000E+00
 1.15000E+01    7.21330E-10    0.00000E+00    0.00000E+00
 1.20000E+01    2.25850E-09    0.00000E+00    0.00000E+00
 1.25000E+01    5.22660E-09    0.00000E+00    0.00000E+00
 1.30000E+01    1.57990E-08    0.00000E+00    0.00000E+00
 1.35000E+01    3.76210E-08    0.00000E+00    0.00000E+00
 1.40000E+01    1.03740E-07    0.00000E+00    0.00000E+00
 1.45000E+01    2.96260E-07    0.00000E+00    0.00000E+00
 1.50000E+01    8.10810E-07    0.00000E+00    0.00000E+00
 1.60000E+01    5.27249E-06    0.00000E+00    0.00000E+00
 1.70000E+01    2.54586E-05    0.00000E+00    0.00000E+00
 1.80000E+01    9.50025E-05    0.00000E+00    0.00000E+00
 1.90000E+01    2.87549E-04    0.00000E+00    0.00000E+00
 2.00000E+01    7.23282E-04    0.00000E+00    0.00000E+00
 2.10000E+01    1.54060E-03    0.00000E+00    0.00000E+00
 2.20000E+01    2.85254E-03    0.00000E+00    0.00000E+00
 2.30000E+01    4.72967E-03    0.00000E+00    0.00000E+00
 2.40000E+01    7.15434E-03    0.00000E+00    0.00000E+00
 2.50000E+01    1.02015E-02    0.00000E+00    0.00000E+00
 2.60000E+01    1.39625E-02    0.00000E+00    0.00000E+00
 2.70000E+01    1.85755E-02    0.00000E+00    0.00000E+00
 2.80000E+01    2.40842E-02    0.00000E+00    0.00000E+00
 2.90000E+01    3.00368E-02    0.00000E+00    0.00000E+00
 3.00000E+01    3.63438E-02    0.00000E+00    0.00000E+00
