# n + Pa231 : (n,tot)   
# tendl.2019 A.J. Koning and D. Rochman        EVAL-NOV19
# uncertainties: y
# # energies =   666
#   E(MeV)       xs(mb)       xslow(mb)      xsupp(mb)
 1.00000E-11    1.01889E+07    9.65063E+06    1.07272E+07
 1.04713E-11    9.95708E+06    9.43105E+06    1.04831E+07
 1.09648E-11    9.73038E+06    9.21632E+06    1.02444E+07
 1.14815E-11    9.50906E+06    9.00670E+06    1.00114E+07
 1.20226E-11    9.29252E+06    8.80160E+06    9.78344E+06
 1.25893E-11    9.08119E+06    8.60143E+06    9.56094E+06
 1.31826E-11    8.87439E+06    8.40556E+06    9.34322E+06
 1.38038E-11    8.67256E+06    8.21440E+06    9.13073E+06
 1.44544E-11    8.47511E+06    8.02738E+06    8.92285E+06
 1.51356E-11    8.28231E+06    7.84476E+06    8.71986E+06
 1.58489E-11    8.09383E+06    7.66624E+06    8.52142E+06
 1.65959E-11    7.90962E+06    7.49176E+06    8.32748E+06
 1.73780E-11    7.72970E+06    7.32134E+06    8.13806E+06
 1.81970E-11    7.55372E+06    7.15466E+06    7.95278E+06
 1.90546E-11    7.38195E+06    6.99196E+06    7.77193E+06
 1.99526E-11    7.21386E+06    6.83276E+06    7.59497E+06
 2.08930E-11    7.04983E+06    6.67739E+06    7.42227E+06
 2.18776E-11    6.88933E+06    6.52537E+06    7.25328E+06
 2.29087E-11    6.73266E+06    6.37698E+06    7.08834E+06
 2.39883E-11    6.57942E+06    6.23183E+06    6.92701E+06
 2.51189E-11    6.42975E+06    6.09007E+06    6.76943E+06
 2.63027E-11    6.28347E+06    5.95152E+06    6.61543E+06
 2.75423E-11    6.14048E+06    5.81608E+06    6.46488E+06
 2.88403E-11    6.00084E+06    5.68382E+06    6.31786E+06
 3.01995E-11    5.86424E+06    5.55444E+06    6.17405E+06
 3.16228E-11    5.73093E+06    5.42816E+06    6.03369E+06
 3.31131E-11    5.60047E+06    5.30460E+06    5.89634E+06
 3.46737E-11    5.47315E+06    5.18401E+06    5.76229E+06
 3.63078E-11    5.34858E+06    5.06602E+06    5.63114E+06
 3.80189E-11    5.22697E+06    4.95083E+06    5.50311E+06
 3.98107E-11    5.10805E+06    4.83819E+06    5.37790E+06
 4.16869E-11    4.99187E+06    4.72815E+06    5.25559E+06
 4.36516E-11    4.87835E+06    4.62063E+06    5.13608E+06
 4.57088E-11    4.76736E+06    4.51550E+06    5.01922E+06
 4.78630E-11    4.65899E+06    4.41286E+06    4.90512E+06
 5.01187E-11    4.55297E+06    4.31244E+06    4.79350E+06
 5.24807E-11    4.44950E+06    4.21444E+06    4.68457E+06
 5.49541E-11    4.34825E+06    4.11853E+06    4.57797E+06
 5.75440E-11    4.24944E+06    4.02494E+06    4.47393E+06
 6.02560E-11    4.15276E+06    3.93337E+06    4.37215E+06
 6.30957E-11    4.05837E+06    3.84397E+06    4.27278E+06
 6.60693E-11    3.96609E+06    3.75656E+06    4.17562E+06
 6.91831E-11    3.87591E+06    3.67115E+06    4.08067E+06
 7.24436E-11    3.78782E+06    3.58771E+06    3.98793E+06
 7.58578E-11    3.70167E+06    3.50612E+06    3.89723E+06
 7.94328E-11    3.61758E+06    3.42684E+06    3.80832E+06
 8.31764E-11    3.53529E+06    3.34889E+06    3.72170E+06
 8.70964E-11    3.45500E+06    3.27282E+06    3.63717E+06
 9.12011E-11    3.37642E+06    3.19839E+06    3.55445E+06
 9.54993E-11    3.29973E+06    3.12575E+06    3.47372E+06
 1.00000E-10    3.22472E+06    3.05469E+06    3.39474E+06
 1.04713E-10    3.15146E+06    2.98529E+06    3.31762E+06
 1.09648E-10    3.07985E+06    2.91746E+06    3.24224E+06
 1.14815E-10    3.00986E+06    2.85116E+06    3.16856E+06
 1.20226E-10    2.94151E+06    2.78641E+06    3.09660E+06
 1.25893E-10    2.87465E+06    2.72307E+06    3.02622E+06
 1.31826E-10    2.80939E+06    2.66126E+06    2.95752E+06
 1.38038E-10    2.74554E+06    2.60077E+06    2.89030E+06
 1.44544E-10    2.68322E+06    2.54174E+06    2.82470E+06
 1.51356E-10    2.62225E+06    2.48399E+06    2.76051E+06
 1.58489E-10    2.56273E+06    2.42761E+06    2.69786E+06
 1.65959E-10    2.50452E+06    2.37247E+06    2.63658E+06
 1.73780E-10    2.44767E+06    2.31861E+06    2.57672E+06
 1.81970E-10    2.39211E+06    2.26598E+06    2.51824E+06
 1.90546E-10    2.33779E+06    2.21452E+06    2.46105E+06
 1.99526E-10    2.28475E+06    2.16428E+06    2.40522E+06
 2.08930E-10    2.23286E+06    2.11513E+06    2.35060E+06
 2.18776E-10    2.18223E+06    2.06717E+06    2.29729E+06
 2.29087E-10    2.13268E+06    2.02057E+06    2.24479E+06
 2.39883E-10    2.08432E+06    1.97475E+06    2.19389E+06
 2.51189E-10    2.03701E+06    1.92993E+06    2.14409E+06
 2.63027E-10    1.99082E+06    1.88617E+06    2.09547E+06
 2.75423E-10    1.94565E+06    1.84338E+06    2.04793E+06
 2.88403E-10    1.90153E+06    1.80157E+06    2.00148E+06
 3.01995E-10    1.85842E+06    1.76072E+06    1.95611E+06
 3.16228E-10    1.81626E+06    1.72078E+06    1.91173E+06
 3.31131E-10    1.77510E+06    1.68179E+06    1.86842E+06
 3.46737E-10    1.73484E+06    1.64364E+06    1.82603E+06
 3.63078E-10    1.69554E+06    1.60641E+06    1.78467E+06
 3.80189E-10    1.65709E+06    1.56998E+06    1.74420E+06
 3.98107E-10    1.61956E+06    1.53442E+06    1.70469E+06
 4.16869E-10    1.58284E+06    1.49964E+06    1.66605E+06
 4.36516E-10    1.54699E+06    1.46567E+06    1.62832E+06
 4.57088E-10    1.51195E+06    1.43247E+06    1.59143E+06
 4.78630E-10    1.47769E+06    1.40002E+06    1.55537E+06
 5.01187E-10    1.44424E+06    1.36832E+06    1.52016E+06
 5.24807E-10    1.41152E+06    1.33732E+06    1.48572E+06
 5.49541E-10    1.37958E+06    1.30706E+06    1.45210E+06
 5.75440E-10    1.34833E+06    1.27745E+06    1.41920E+06
 6.02560E-10    1.31783E+06    1.24855E+06    1.38710E+06
 6.30957E-10    1.28798E+06    1.22027E+06    1.35569E+06
 6.60693E-10    1.25885E+06    1.19295E+06    1.32474E+06
 6.91831E-10    1.23035E+06    1.16595E+06    1.29476E+06
 7.24436E-10    1.20252E+06    1.13957E+06    1.26547E+06
 7.58578E-10    1.17532E+06    1.11380E+06    1.23685E+06
 7.94328E-10    1.14873E+06    1.08860E+06    1.20886E+06
 8.31764E-10    1.12276E+06    1.06399E+06    1.18153E+06
 8.70964E-10    1.09736E+06    1.03992E+06    1.15480E+06
 9.12011E-10    1.07256E+06    1.01642E+06    1.12871E+06
 9.54993E-10    1.04830E+06    9.93426E+05    1.10318E+06
 1.00000E-09    1.02462E+06    9.70986E+05    1.07826E+06
 1.04713E-09    1.00145E+06    9.49030E+05    1.05387E+06
 1.09648E-09    9.78831E+05    9.27593E+05    1.03007E+06
 1.14815E-09    9.56711E+05    9.06631E+05    1.00679E+06
 1.20226E-09    9.35098E+05    8.86149E+05    9.84047E+05
 1.25892E-09    9.13980E+05    8.68315E+05    9.59646E+05
 1.31826E-09    8.93329E+05    8.48696E+05    9.37963E+05
 1.38038E-09    8.73168E+05    8.29541E+05    9.16794E+05
 1.44544E-09    8.53440E+05    8.10799E+05    8.96081E+05
 1.51356E-09    8.34186E+05    7.92507E+05    8.75865E+05
 1.58489E-09    8.15344E+05    7.74606E+05    8.56081E+05
 1.65959E-09    7.96953E+05    7.57134E+05    8.36771E+05
 1.73780E-09    7.78960E+05    7.40040E+05    8.17879E+05
 1.81970E-09    7.61389E+05    7.23348E+05    7.99431E+05
 1.90546E-09    7.44211E+05    7.07027E+05    7.81394E+05
 1.99526E-09    7.27420E+05    6.91076E+05    7.63765E+05
 2.08930E-09    7.11020E+05    6.75495E+05    7.46545E+05
 2.18776E-09    6.94977E+05    6.60253E+05    7.29700E+05
 2.29087E-09    6.79316E+05    6.45375E+05    7.13257E+05
 2.39883E-09    6.63990E+05    6.30815E+05    6.97165E+05
 2.51189E-09    6.49032E+05    6.16604E+05    6.81460E+05
 2.63027E-09    6.34394E+05    6.02698E+05    6.66091E+05
 2.75423E-09    6.20105E+05    5.89122E+05    6.51087E+05
 2.88403E-09    6.06126E+05    5.75842E+05    6.36410E+05
 3.01995E-09    5.92472E+05    5.62870E+05    6.22074E+05
 3.16228E-09    5.79126E+05    5.50190E+05    6.08061E+05
 3.31131E-09    5.66076E+05    5.37793E+05    5.94360E+05
 3.46737E-09    5.53332E+05    5.25686E+05    5.80979E+05
 3.63078E-09    5.40864E+05    5.13840E+05    5.67887E+05
 3.80189E-09    5.28692E+05    5.02277E+05    5.55108E+05
 3.98107E-09    5.16780E+05    4.90960E+05    5.42600E+05
 4.16869E-09    5.05154E+05    4.79914E+05    5.30393E+05
 4.36516E-09    4.93776E+05    4.69105E+05    5.18447E+05
 4.57088E-09    4.82667E+05    4.58552E+05    5.06783E+05
 4.78630E-09    4.71802E+05    4.48229E+05    4.95375E+05
 5.01187E-09    4.61186E+05    4.38144E+05    4.84229E+05
 5.24807E-09    4.50812E+05    4.28288E+05    4.73336E+05
 5.49541E-09    4.40667E+05    4.18650E+05    4.62684E+05
 5.75440E-09    4.30760E+05    4.09238E+05    4.52283E+05
 6.02560E-09    4.21067E+05    4.00029E+05    4.42104E+05
 6.30957E-09    4.11605E+05    3.91039E+05    4.32170E+05
 6.60693E-09    4.02344E+05    3.82241E+05    4.22446E+05
 6.91831E-09    3.93304E+05    3.73653E+05    4.12955E+05
 7.24436E-09    3.84458E+05    3.65250E+05    4.03667E+05
 7.58578E-09    3.75820E+05    3.57043E+05    3.94598E+05
 7.94328E-09    3.67373E+05    3.49018E+05    3.85729E+05
 8.31764E-09    3.59118E+05    3.41175E+05    3.77061E+05
 8.70964E-09    3.51053E+05    3.33513E+05    3.68592E+05
 9.12011E-09    3.43164E+05    3.26018E+05    3.60310E+05
 9.54993E-09    3.35463E+05    3.18702E+05    3.52224E+05
 1.00000E-08    3.27928E+05    3.11543E+05    3.44312E+05
 1.04713E-08    3.20574E+05    3.04557E+05    3.36590E+05
 1.09648E-08    3.13378E+05    2.97720E+05    3.29035E+05
 1.14815E-08    3.06354E+05    2.91048E+05    3.21661E+05
 1.20226E-08    2.99484E+05    2.84521E+05    3.14448E+05
 1.25893E-08    2.92775E+05    2.78147E+05    3.07403E+05
 1.31826E-08    2.86218E+05    2.71918E+05    3.00519E+05
 1.38038E-08    2.79809E+05    2.65829E+05    2.93789E+05
 1.44544E-08    2.73551E+05    2.59884E+05    2.87219E+05
 1.51356E-08    2.67431E+05    2.54069E+05    2.80793E+05
 1.58489E-08    2.61459E+05    2.48396E+05    2.74523E+05
 1.65959E-08    2.55618E+05    2.42846E+05    2.68389E+05
 1.73780E-08    2.49920E+05    2.37433E+05    2.62407E+05
 1.81970E-08    2.44348E+05    2.32140E+05    2.56557E+05
 1.90546E-08    2.38913E+05    2.26976E+05    2.50850E+05
 1.99526E-08    2.33602E+05    2.21930E+05    2.45273E+05
 2.08930E-08    2.28418E+05    2.17006E+05    2.39831E+05
 2.18776E-08    2.23359E+05    2.12199E+05    2.34519E+05
 2.29087E-08    2.18419E+05    2.07506E+05    2.29332E+05
 2.39883E-08    2.13603E+05    2.02931E+05    2.24276E+05
 2.51189E-08    2.08899E+05    1.99080E+05    2.18719E+05
 2.63027E-08    2.04318E+05    1.94828E+05    2.13809E+05
 2.75423E-08    1.99844E+05    1.90561E+05    2.09127E+05
 2.88403E-08    1.95488E+05    1.86407E+05    2.04568E+05
 3.01995E-08    1.91238E+05    1.82598E+05    1.99877E+05
 3.16228E-08    1.87099E+05    1.78646E+05    1.95552E+05
 3.31131E-08    1.83069E+05    1.74798E+05    1.91340E+05
 3.46737E-08    1.79145E+05    1.71051E+05    1.87238E+05
 3.63078E-08    1.75330E+05    1.67409E+05    1.83251E+05
 3.80189E-08    1.71617E+05    1.63864E+05    1.79371E+05
 3.98107E-08    1.68015E+05    1.60424E+05    1.75606E+05
 4.16869E-08    1.64512E+05    1.57345E+05    1.71679E+05
 4.36516E-08    1.61119E+05    1.54100E+05    1.68138E+05
 4.57088E-08    1.57827E+05    1.50951E+05    1.64702E+05
 4.78630E-08    1.54643E+05    1.47906E+05    1.61380E+05
 5.01187E-08    1.51563E+05    1.45163E+05    1.57963E+05
 5.24807E-08    1.48589E+05    1.42315E+05    1.54864E+05
 5.49541E-08    1.45722E+05    1.39569E+05    1.51876E+05
 5.75440E-08    1.42960E+05    1.36923E+05    1.48997E+05
 6.02560E-08    1.40311E+05    1.34597E+05    1.46025E+05
 6.30957E-08    1.37769E+05    1.32159E+05    1.43379E+05
 6.60693E-08    1.35346E+05    1.29834E+05    1.40857E+05
 6.91831E-08    1.33036E+05    1.27618E+05    1.38453E+05
 7.24436E-08    1.30849E+05    1.25634E+05    1.36065E+05
 7.58578E-08    1.28783E+05    1.23650E+05    1.33916E+05
 7.94328E-08    1.26849E+05    1.21793E+05    1.31905E+05
 8.31764E-08    1.25046E+05    1.20283E+05    1.29809E+05
 8.70964E-08    1.23388E+05    1.18688E+05    1.28087E+05
 9.12011E-08    1.21875E+05    1.17303E+05    1.26447E+05
 9.54993E-08    1.20521E+05    1.16000E+05    1.25042E+05
 1.00000E-07    1.19333E+05    1.15064E+05    1.23602E+05
 1.04713E-07    1.18323E+05    1.14091E+05    1.22556E+05
 1.09648E-07    1.17511E+05    1.13307E+05    1.21715E+05
 1.14815E-07    1.16908E+05    1.12726E+05    1.21091E+05
 1.20226E-07    1.16537E+05    1.12368E+05    1.20706E+05
 1.25893E-07    1.16423E+05    1.12258E+05    1.20587E+05
 1.31826E-07    1.16596E+05    1.12425E+05    1.20767E+05
 1.38038E-07    1.17090E+05    1.12901E+05    1.21279E+05
 1.44544E-07    1.17950E+05    1.13730E+05    1.22169E+05
 1.51356E-07    1.19230E+05    1.14964E+05    1.23495E+05
 1.58489E-07    1.20998E+05    1.16669E+05    1.25326E+05
 1.65959E-07    1.23337E+05    1.18925E+05    1.27749E+05
 1.73780E-07    1.26357E+05    1.21837E+05    1.30877E+05
 1.81970E-07    1.30198E+05    1.25540E+05    1.34856E+05
 1.90546E-07    1.35042E+05    1.30211E+05    1.39873E+05
 1.99526E-07    1.41132E+05    1.36083E+05    1.46181E+05
 2.08930E-07    1.48800E+05    1.40859E+05    1.56740E+05
 2.18776E-07    1.58501E+05    1.50044E+05    1.66959E+05
 2.29087E-07    1.70885E+05    1.61766E+05    1.80004E+05
 2.39883E-07    1.86913E+05    1.76939E+05    1.96887E+05
 2.51189E-07    2.08017E+05    1.96917E+05    2.19117E+05
 2.63027E-07    2.36467E+05    2.23849E+05    2.49085E+05
 2.75423E-07    2.75983E+05    2.61256E+05    2.90710E+05
 2.88403E-07    3.33110E+05    3.15335E+05    3.50886E+05
 3.01995E-07    4.20115E+05    3.74035E+05    4.66196E+05
 3.16228E-07    5.62265E+05    5.00593E+05    6.23937E+05
 3.31131E-07    8.17464E+05    7.27800E+05    9.07128E+05
 3.46737E-07    1.33191E+06    1.18582E+06    1.47800E+06
 3.63078E-07    2.42284E+06    2.15709E+06    2.68859E+06
 3.80189E-07    4.01821E+06    3.57747E+06    4.45895E+06
 3.98107E-07    4.15264E+06    3.69716E+06    4.60813E+06
 4.16869E-07    2.47661E+06    2.23551E+06    2.71771E+06
 4.36516E-07    1.27217E+06    1.14833E+06    1.39602E+06
 4.57088E-07    9.25589E+05    8.35483E+05    1.01570E+06
 4.78630E-07    1.04769E+06    9.45696E+05    1.14968E+06
 5.01187E-07    7.79385E+05    7.26590E+05    8.32181E+05
 5.24807E-07    3.55404E+05    3.31329E+05    3.79479E+05
 5.49541E-07    1.92003E+05    1.78997E+05    2.05010E+05
 5.75440E-07    1.29304E+05    1.20545E+05    1.38063E+05
 6.02560E-07    9.94238E+04    9.26888E+04    1.06159E+05
 6.30957E-07    8.68259E+04    8.09443E+04    9.27074E+04
 6.60693E-07    9.49253E+04    8.84951E+04    1.01356E+05
 6.91831E-07    1.75089E+05    1.63228E+05    1.86949E+05
 7.24436E-07    3.30250E+05    3.22071E+05    3.38428E+05
 7.58578E-07    1.79460E+05    1.75016E+05    1.83904E+05
 7.94328E-07    6.78162E+04    6.61368E+04    6.94956E+04
 8.31764E-07    4.20938E+04    4.10514E+04    4.31362E+04
 8.70964E-07    3.30740E+04    3.22550E+04    3.38931E+04
 9.12011E-07    2.89174E+04    2.82013E+04    2.96336E+04
 9.54993E-07    2.71593E+04    2.64867E+04    2.78318E+04
 1.00000E-06    2.74629E+04    2.71596E+04    2.77662E+04
 1.04713E-06    3.10949E+04    3.07515E+04    3.14383E+04
 1.09648E-06    4.46780E+04    4.41846E+04    4.51715E+04
 1.14815E-06    1.26879E+05    1.25478E+05    1.28281E+05
 1.20226E-06    4.71177E+05    4.65973E+05    4.76381E+05
 1.25893E-06    1.88531E+05    1.86449E+05    1.90614E+05
 1.31826E-06    4.39659E+04    4.34803E+04    4.44515E+04
 1.38038E-06    2.45573E+04    2.42861E+04    2.48285E+04
 1.44544E-06    1.86651E+04    1.84589E+04    1.88712E+04
 1.51356E-06    1.61024E+04    1.59246E+04    1.62803E+04
 1.58489E-06    1.48512E+04    1.46871E+04    1.50152E+04
 1.65959E-06    1.44280E+04    1.42686E+04    1.45873E+04
 1.73780E-06    1.52652E+04    1.50966E+04    1.54338E+04
 1.81970E-06    2.41909E+04    2.39237E+04    2.44581E+04
 1.90546E-06    9.17329E+04    9.07197E+04    9.27460E+04
 1.99526E-06    3.14059E+04    3.10590E+04    3.17528E+04
 2.08930E-06    1.41733E+04    1.35858E+04    1.47609E+04
 2.18776E-06    1.22611E+04    1.17528E+04    1.27694E+04
 2.29087E-06    1.17110E+04    1.12255E+04    1.21965E+04
 2.39883E-06    1.16673E+04    1.11836E+04    1.21509E+04
 2.51189E-06    1.24593E+04    1.19428E+04    1.29758E+04
 2.63027E-06    2.55445E+04    2.44855E+04    2.66034E+04
 2.75423E-06    7.85578E+04    7.53012E+04    8.18144E+04
 2.88403E-06    1.50907E+04    1.44651E+04    1.57162E+04
 3.01995E-06    1.23419E+04    1.21591E+04    1.25247E+04
 3.16228E-06    1.36894E+04    1.34867E+04    1.38921E+04
 3.31131E-06    6.25627E+04    6.16362E+04    6.34892E+04
 3.46737E-06    1.23793E+05    1.21959E+05    1.25626E+05
 3.63078E-06    1.62540E+04    1.60133E+04    1.64947E+04
 3.80189E-06    1.81430E+04    1.78743E+04    1.84117E+04
 3.98107E-06    2.01716E+05    1.98729E+05    2.04704E+05
 4.16869E-06    1.36674E+05    1.34566E+05    1.38782E+05
 4.36516E-06    1.17833E+05    1.16015E+05    1.19650E+05
 4.57088E-06    3.45479E+04    3.40150E+04    3.50809E+04
 4.78630E-06    1.32697E+05    1.30650E+05    1.34744E+05
 5.01187E-06    7.87652E+05    7.77996E+05    7.97307E+05
 5.24807E-06    1.64928E+05    1.62906E+05    1.66950E+05
 5.49541E-06    1.08023E+05    1.06699E+05    1.09347E+05
 5.75440E-06    8.88202E+04    8.77314E+04    8.99090E+04
 6.02560E-06    1.54781E+04    1.49106E+04    1.60456E+04
 6.30957E-06    6.05449E+04    5.83251E+04    6.27646E+04
 6.60693E-06    1.96996E+05    1.89774E+05    2.04218E+05
 6.91831E-06    7.07871E+04    6.81918E+04    7.33824E+04
 7.24436E-06    5.76194E+04    5.58151E+04    5.94237E+04
 7.58578E-06    1.79865E+05    1.74232E+05    1.85497E+05
 7.94328E-06    2.25104E+04    2.18055E+04    2.32153E+04
 8.31764E-06    1.51038E+05    1.49072E+05    1.53004E+05
 8.70964E-06    3.30323E+05    3.26024E+05    3.34622E+05
 9.12011E-06    5.23574E+04    5.07806E+04    5.39343E+04
 9.54993E-06    1.32973E+05    1.28968E+05    1.36977E+05
 1.00000E-05    3.53933E+05    3.48803E+05    3.59064E+05
 1.04713E-05    1.68550E+05    1.66107E+05    1.70993E+05
 1.09648E-05    1.55644E+05    1.53388E+05    1.57901E+05
 1.14815E-05    2.48222E+05    2.44624E+05    2.51821E+05
 1.20226E-05    2.32638E+04    2.29266E+04    2.36011E+04
 1.25893E-05    3.64986E+04    3.59695E+04    3.70277E+04
 1.31826E-05    3.94420E+05    3.88702E+05    4.00137E+05
 1.38038E-05    1.46252E+05    1.44132E+05    1.48372E+05
 1.44544E-05    3.69062E+04    3.63712E+04    3.74412E+04
 1.51356E-05    6.29920E+04    5.09400E+04    7.50440E+04
 1.58489E-05    8.74525E+04    7.07205E+04    1.04184E+05
 1.65959E-05    6.78628E+04    5.48789E+04    8.08467E+04
 1.73780E-05    2.25383E+04    1.82261E+04    2.68504E+04
 1.81970E-05    2.81979E+05    2.28029E+05    3.35929E+05
 1.90546E-05    5.48186E+04    4.43304E+04    6.53068E+04
 1.99526E-05    1.26312E+05    1.02145E+05    1.50478E+05
 2.08930E-05    1.31486E+05    1.30137E+05    1.32835E+05
 2.18776E-05    6.64340E+04    6.57523E+04    6.71157E+04
 2.29087E-05    1.12874E+04    1.11716E+04    1.14032E+04
 2.39883E-05    3.63034E+04    3.59309E+04    3.66758E+04
 2.51189E-05    1.01076E+05    1.00039E+05    1.02113E+05
 2.63027E-05    6.67160E+04    6.60315E+04    6.74006E+04
 2.75423E-05    5.08889E+04    5.03668E+04    5.14111E+04
 2.88403E-05    1.14589E+05    1.13413E+05    1.15764E+05
 3.01995E-05    3.41212E+04    3.36332E+04    3.46093E+04
 3.16228E-05    1.67754E+05    1.65355E+05    1.70153E+05
 3.31131E-05    1.71104E+04    1.68657E+04    1.73551E+04
 3.46737E-05    3.55268E+04    3.50186E+04    3.60349E+04
 3.63078E-05    1.09228E+05    1.07666E+05    1.10790E+05
 3.80189E-05    4.45366E+04    4.38996E+04    4.51736E+04
 3.98107E-05    3.66780E+04    3.61534E+04    3.72026E+04
 4.16869E-05    5.36310E+04    5.24784E+04    5.47835E+04
 4.36516E-05    4.21953E+04    4.12885E+04    4.31021E+04
 4.57088E-05    4.86914E+04    4.76450E+04    4.97378E+04
 4.78630E-05    1.68504E+04    1.64883E+04    1.72125E+04
 5.01187E-05    6.45798E+04    6.36639E+04    6.54957E+04
 5.24807E-05    8.90801E+04    8.78167E+04    9.03436E+04
 5.49541E-05    1.93381E+05    1.90638E+05    1.96124E+05
 5.75440E-05    1.87420E+04    1.84762E+04    1.90078E+04
 6.02560E-05    5.85066E+04    5.71847E+04    5.98286E+04
 6.30957E-05    4.35575E+04    4.25734E+04    4.45417E+04
 6.60693E-05    4.44608E+04    4.34562E+04    4.54654E+04
 6.91831E-05    5.29823E+04    5.17851E+04    5.41794E+04
 7.24436E-05    3.30004E+04    2.96109E+04    3.63899E+04
 7.58578E-05    3.59912E+04    3.22946E+04    3.96879E+04
 7.94328E-05    3.06831E+04    2.75317E+04    3.38346E+04
 8.31764E-05    4.94905E+04    4.81533E+04    5.08278E+04
 8.70964E-05    3.48013E+04    3.38610E+04    3.57417E+04
 9.12011E-05    2.76431E+04    2.68962E+04    2.83900E+04
 9.54993E-05    3.95761E+04    3.85067E+04    4.06454E+04
 1.00000E-04    5.12794E+04    5.04998E+04    5.20591E+04
 1.04713E-04    3.03865E+04    2.99245E+04    3.08485E+04
 1.09648E-04    4.25277E+04    4.18811E+04    4.31743E+04
 1.14815E-04    5.74458E+04    5.65724E+04    5.83192E+04
 1.20226E-04    5.49494E+04    5.49494E+04    5.49494E+04
 1.25893E-04    5.41609E+04    5.41609E+04    5.41609E+04
 1.31826E-04    5.33351E+04    5.33351E+04    5.33351E+04
 1.38038E-04    5.24704E+04    5.24704E+04    5.24704E+04
 1.44544E-04    5.15650E+04    5.15650E+04    5.15650E+04
 1.51356E-04    5.06169E+04    5.06169E+04    5.06169E+04
 1.58489E-04    4.96242E+04    4.96242E+04    4.96242E+04
 1.65959E-04    4.85846E+04    4.85846E+04    4.85846E+04
 1.73780E-04    4.74960E+04    4.74960E+04    4.74960E+04
 1.81970E-04    4.63562E+04    4.63562E+04    4.63562E+04
 1.90546E-04    4.51626E+04    4.51626E+04    4.51626E+04
 1.99526E-04    4.42307E+04    4.42307E+04    4.42307E+04
 2.08930E-04    4.36487E+04    4.36487E+04    4.36487E+04
 2.18776E-04    4.30403E+04    4.30403E+04    4.30403E+04
 2.29087E-04    4.24032E+04    4.24032E+04    4.24032E+04
 2.39883E-04    4.17361E+04    4.17361E+04    4.17361E+04
 2.51189E-04    4.10375E+04    4.10375E+04    4.10375E+04
 2.63027E-04    4.03060E+04    4.03060E+04    4.03060E+04
 2.75423E-04    3.95401E+04    3.95401E+04    3.95401E+04
 2.88403E-04    3.87416E+04    3.87416E+04    3.87416E+04
 3.01995E-04    3.81219E+04    3.81219E+04    3.81219E+04
 3.16228E-04    3.76022E+04    3.76022E+04    3.76022E+04
 3.31131E-04    3.70580E+04    3.70580E+04    3.70580E+04
 3.46737E-04    3.64882E+04    3.64882E+04    3.64882E+04
 3.63078E-04    3.58915E+04    3.58915E+04    3.58915E+04
 3.80189E-04    3.52667E+04    3.52667E+04    3.52667E+04
 3.98107E-04    3.46714E+04    3.46714E+04    3.46714E+04
 4.16869E-04    3.41974E+04    3.41974E+04    3.41974E+04
 4.36516E-04    3.37083E+04    3.37083E+04    3.37083E+04
 4.57088E-04    3.31961E+04    3.31961E+04    3.31961E+04
 4.78630E-04    3.26597E+04    3.26597E+04    3.26597E+04
 5.01187E-04    3.21585E+04    3.21585E+04    3.21585E+04
 5.24807E-04    3.17234E+04    3.17234E+04    3.17234E+04
 5.49541E-04    3.12685E+04    3.12685E+04    3.12685E+04
 5.75440E-04    3.07922E+04    3.07922E+04    3.07922E+04
 6.02560E-04    3.03454E+04    3.03454E+04    3.03454E+04
 6.30957E-04    2.99428E+04    2.99428E+04    2.99428E+04
 6.60693E-04    2.95215E+04    2.95215E+04    2.95215E+04
 6.91831E-04    2.90894E+04    2.90894E+04    2.90894E+04
 7.24436E-04    2.87062E+04    2.87062E+04    2.87062E+04
 7.58578E-04    2.83195E+04    2.83195E+04    2.83195E+04
 7.94328E-04    2.79276E+04    2.79276E+04    2.79276E+04
 8.31764E-04    2.75855E+04    2.75855E+04    2.75855E+04
 8.70964E-04    2.72370E+04    2.72370E+04    2.72370E+04
 9.12011E-04    2.68721E+04    2.68721E+04    2.68721E+04
 9.54993E-04    2.64900E+04    2.64900E+04    2.64900E+04
 1.00000E-03    2.61919E+04    2.61919E+04    2.61919E+04
 1.04713E-03    2.59834E+04    2.59834E+04    2.59834E+04
 1.09648E-03    2.57650E+04    2.57650E+04    2.57650E+04
 1.14815E-03    2.55363E+04    2.55363E+04    2.55363E+04
 1.20226E-03    2.52969E+04    2.52969E+04    2.52969E+04
 1.25893E-03    2.50462E+04    2.50462E+04    2.50462E+04
 1.31826E-03    2.47836E+04    2.47836E+04    2.47836E+04
 1.38038E-03    2.45087E+04    2.45087E+04    2.45087E+04
 1.44544E-03    2.42209E+04    2.42209E+04    2.42209E+04
 1.51356E-03    2.39194E+04    2.39194E+04    2.39194E+04
 1.58489E-03    2.36038E+04    2.36038E+04    2.36038E+04
 1.65959E-03    2.32733E+04    2.32733E+04    2.32733E+04
 1.73780E-03    2.29272E+04    2.29272E+04    2.29272E+04
 1.81970E-03    2.25648E+04    2.25648E+04    2.25648E+04
 1.90546E-03    2.21853E+04    2.21853E+04    2.21853E+04
 1.99526E-03    2.19154E+04    2.19154E+04    2.19154E+04
 2.08930E-03    2.17907E+04    2.17907E+04    2.17907E+04
 2.18776E-03    2.16605E+04    2.16605E+04    2.16605E+04
 2.29087E-03    2.15242E+04    2.15242E+04    2.15242E+04
 2.39883E-03    2.13815E+04    2.13815E+04    2.13815E+04
 2.51189E-03    2.12321E+04    2.12321E+04    2.12321E+04
 2.63027E-03    2.10756E+04    2.10756E+04    2.10756E+04
 2.75423E-03    2.09117E+04    2.09117E+04    2.09117E+04
 2.88403E-03    2.07401E+04    2.07401E+04    2.07401E+04
 3.01995E-03    2.05604E+04    2.05604E+04    2.05604E+04
 3.16228E-03    2.03723E+04    2.03723E+04    2.03723E+04
 3.31131E-03    2.01753E+04    2.01753E+04    2.01753E+04
 3.46737E-03    1.99690E+04    1.99690E+04    1.99690E+04
 3.63078E-03    1.97529E+04    1.97529E+04    1.97529E+04
 3.80189E-03    1.95267E+04    1.95267E+04    1.95267E+04
 3.98107E-03    1.92899E+04    1.92899E+04    1.92899E+04
 4.16869E-03    1.90418E+04    1.90418E+04    1.90418E+04
 4.36516E-03    1.87821E+04    1.87821E+04    1.87821E+04
 4.57088E-03    1.85102E+04    1.85102E+04    1.85102E+04
 4.78630E-03    1.82257E+04    1.82257E+04    1.82257E+04
 5.01187E-03    1.80422E+04    1.80422E+04    1.80422E+04
 5.24807E-03    1.79454E+04    1.79454E+04    1.79454E+04
 5.49541E-03    1.78440E+04    1.78440E+04    1.78440E+04
 5.75440E-03    1.77379E+04    1.77379E+04    1.77379E+04
 6.02560E-03    1.76267E+04    1.76267E+04    1.76267E+04
 6.30957E-03    1.75103E+04    1.75103E+04    1.75103E+04
 6.60693E-03    1.73884E+04    1.73884E+04    1.73884E+04
 6.91831E-03    1.72608E+04    1.72608E+04    1.72608E+04
 7.24436E-03    1.71271E+04    1.71271E+04    1.71271E+04
 7.58578E-03    1.69872E+04    1.69872E+04    1.69872E+04
 7.94328E-03    1.68406E+04    1.68406E+04    1.68406E+04
 8.31764E-03    1.66872E+04    1.66872E+04    1.66872E+04
 8.70964E-03    1.65265E+04    1.65265E+04    1.65265E+04
 9.12011E-03    1.63583E+04    1.63583E+04    1.63583E+04
 9.54993E-03    1.61821E+04    1.61821E+04    1.61821E+04
 1.00000E-02    1.60291E+04    1.60291E+04    1.60291E+04
 1.04713E-02    1.59251E+04    1.59251E+04    1.59251E+04
 1.09648E-02    1.58173E+04    1.58173E+04    1.58173E+04
 1.14815E-02    1.57044E+04    1.57044E+04    1.57044E+04
 1.20226E-02    1.55983E+04    1.55983E+04    1.55983E+04
 1.25893E-02    1.55182E+04    1.55182E+04    1.55182E+04
 1.31826E-02    1.54360E+04    1.54360E+04    1.54360E+04
 1.38038E-02    1.53498E+04    1.53498E+04    1.53498E+04
 1.44544E-02    1.52596E+04    1.52596E+04    1.52596E+04
 1.51356E-02    1.51652E+04    1.51652E+04    1.51652E+04
 1.58489E-02    1.50663E+04    1.50663E+04    1.50663E+04
 1.65959E-02    1.49627E+04    1.49627E+04    1.49627E+04
 1.73780E-02    1.48542E+04    1.48542E+04    1.48542E+04
 1.81970E-02    1.47407E+04    1.47407E+04    1.47407E+04
 1.90546E-02    1.46218E+04    1.46218E+04    1.46218E+04
 1.99526E-02    1.45204E+04    1.45204E+04    1.45204E+04
 2.08930E-02    1.44635E+04    1.44635E+04    1.44635E+04
 2.18776E-02    1.44055E+04    1.44055E+04    1.44055E+04
 2.29087E-02    1.43447E+04    1.43447E+04    1.43447E+04
 2.39883E-02    1.42811E+04    1.42811E+04    1.42811E+04
 2.51189E-02    1.42145E+04    1.42145E+04    1.42145E+04
 2.63027E-02    1.41447E+04    1.41447E+04    1.41447E+04
 2.75423E-02    1.40717E+04    1.40717E+04    1.40717E+04
 2.88403E-02    1.39952E+04    1.39952E+04    1.39952E+04
 3.01995E-02    1.39151E+04    1.39151E+04    1.39151E+04
 3.16228E-02    1.38313E+04    1.38313E+04    1.38313E+04
 3.31131E-02    1.37434E+04    1.37434E+04    1.37434E+04
 3.46737E-02    1.36515E+04    1.36515E+04    1.36515E+04
 3.63078E-02    1.35552E+04    1.35552E+04    1.35552E+04
 3.80189E-02    1.34554E+04    1.34554E+04    1.34554E+04
 3.98107E-02    1.33566E+04    1.33566E+04    1.33566E+04
 4.16869E-02    1.32542E+04    1.32542E+04    1.32542E+04
 4.36516E-02    1.31469E+04    1.31469E+04    1.31469E+04
 4.57088E-02    1.30346E+04    1.30346E+04    1.30346E+04
 4.78630E-02    1.29169E+04    1.29169E+04    1.29169E+04
 5.01187E-02    1.28192E+04    1.28192E+04    1.28192E+04
 5.24807E-02    1.27548E+04    1.27548E+04    1.27548E+04
 5.49541E-02    1.26876E+04    1.26876E+04    1.26876E+04
 5.75440E-02    1.26173E+04    1.26173E+04    1.26173E+04
 6.02560E-02    1.25436E+04    1.25436E+04    1.25436E+04
 6.30957E-02    1.24665E+04    1.24665E+04    1.24665E+04
 6.60693E-02    1.23857E+04    1.23857E+04    1.23857E+04
 6.91831E-02    1.23013E+04    1.23013E+04    1.23013E+04
 7.24436E-02    1.22205E+04    1.22205E+04    1.22205E+04
 7.58578E-02    1.21406E+04    1.21406E+04    1.21406E+04
 7.94328E-02    1.20634E+04    1.20634E+04    1.20634E+04
 8.31764E-02    1.20023E+04    1.20023E+04    1.20023E+04
 8.70964E-02    1.19454E+04    1.19454E+04    1.19454E+04
 9.12011E-02    1.18950E+04    1.18950E+04    1.18950E+04
 9.54993E-02    1.18424E+04    1.18424E+04    1.18424E+04
 1.00000E-01    1.17739E+04    1.17739E+04    1.17739E+04
 1.04713E-01    1.16783E+04    1.16783E+04    1.16783E+04
 1.09648E-01    1.15777E+04    1.15777E+04    1.15777E+04
 1.14815E-01    1.14736E+04    1.14736E+04    1.14736E+04
 1.20226E-01    1.13737E+04    1.13737E+04    1.13737E+04
 1.25893E-01    1.12711E+04    1.12711E+04    1.12711E+04
 1.31826E-01    1.11636E+04    1.11636E+04    1.11636E+04
 1.38038E-01    1.10510E+04    1.10510E+04    1.10510E+04
 1.44544E-01    1.09331E+04    1.09331E+04    1.09331E+04
 1.51356E-01    1.08152E+04    1.08152E+04    1.08152E+04
 1.58489E-01    1.07003E+04    1.07003E+04    1.07003E+04
 1.65959E-01    1.05799E+04    1.05799E+04    1.05799E+04
 1.73780E-01    1.04569E+04    1.04569E+04    1.04569E+04
 1.81970E-01    1.03551E+04    1.03551E+04    1.03551E+04
 1.90546E-01    1.02626E+04    1.02626E+04    1.02626E+04
 1.99526E-01    1.01695E+04    1.01695E+04    1.01695E+04
 2.08930E-01    1.00618E+04    1.00618E+04    1.00618E+04
 2.18776E-01    9.94725E+03    9.94725E+03    9.94725E+03
 2.29087E-01    9.82870E+03    9.82870E+03    9.82870E+03
 2.39883E-01    9.71549E+03    9.71549E+03    9.71549E+03
 2.51189E-01    9.59931E+03    9.59931E+03    9.59931E+03
 2.63027E-01    9.48674E+03    9.48674E+03    9.48674E+03
 2.75423E-01    9.37845E+03    9.37845E+03    9.37845E+03
 2.88403E-01    9.27488E+03    9.27488E+03    9.27488E+03
 3.01995E-01    9.15413E+03    9.15413E+03    9.15413E+03
 3.16228E-01    9.01677E+03    9.01677E+03    9.01677E+03
 3.31131E-01    8.90030E+03    8.90030E+03    8.90030E+03
 3.46737E-01    8.78441E+03    8.78441E+03    8.78441E+03
 3.63078E-01    8.66624E+03    8.66624E+03    8.66624E+03
 3.80189E-01    8.56858E+03    8.56858E+03    8.56858E+03
 3.98107E-01    8.49746E+03    8.49746E+03    8.49746E+03
 4.16869E-01    8.43672E+03    8.43672E+03    8.43672E+03
 4.36516E-01    8.37312E+03    8.37312E+03    8.37312E+03
 4.57088E-01    8.31173E+03    8.31173E+03    8.31173E+03
 4.78630E-01    8.25564E+03    8.25564E+03    8.25564E+03
 5.01187E-01    8.18596E+03    8.18596E+03    8.18596E+03
 5.24807E-01    8.09657E+03    8.09657E+03    8.09657E+03
 5.49541E-01    8.00371E+03    8.00371E+03    8.00371E+03
 5.75440E-01    7.91586E+03    7.91586E+03    7.91586E+03
 6.02560E-01    7.82642E+03    7.82642E+03    7.82642E+03
 6.30957E-01    7.73277E+03    7.73277E+03    7.73277E+03
 6.60693E-01    7.63953E+03    7.63953E+03    7.63953E+03
 6.91831E-01    7.56243E+03    7.56243E+03    7.56243E+03
 7.24436E-01    7.51820E+03    7.51820E+03    7.51820E+03
 7.58578E-01    7.47583E+03    7.47583E+03    7.47583E+03
 7.94328E-01    7.41852E+03    7.41852E+03    7.41852E+03
 8.31764E-01    7.33386E+03    7.33386E+03    7.33386E+03
 8.70964E-01    7.24172E+03    7.24172E+03    7.24172E+03
 9.12011E-01    7.11006E+03    7.11006E+03    7.11006E+03
 9.54993E-01    6.95934E+03    6.95934E+03    6.95934E+03
 1.00000E+00    6.85062E+03    6.85062E+03    6.85062E+03
 1.04713E+00    6.78666E+03    6.78666E+03    6.78666E+03
 1.09648E+00    6.72287E+03    6.72287E+03    6.72287E+03
 1.14815E+00    6.66828E+03    6.66828E+03    6.66828E+03
 1.20226E+00    6.64012E+03    6.64012E+03    6.64012E+03
 1.25893E+00    6.63561E+03    6.63561E+03    6.63561E+03
 1.31826E+00    6.64454E+03    6.64454E+03    6.64454E+03
 1.38038E+00    6.66468E+03    6.66468E+03    6.66468E+03
 1.44544E+00    6.71717E+03    6.71717E+03    6.71717E+03
 1.51356E+00    6.77824E+03    6.77824E+03    6.77824E+03
 1.58489E+00    6.85754E+03    6.85754E+03    6.85754E+03
 1.65959E+00    6.95938E+03    6.95938E+03    6.95938E+03
 1.73780E+00    7.06886E+03    7.06886E+03    7.06886E+03
 1.81970E+00    7.18133E+03    7.18133E+03    7.18133E+03
 1.90546E+00    7.29094E+03    7.29094E+03    7.29094E+03
 1.99526E+00    7.39966E+03    7.39966E+03    7.39966E+03
 2.08930E+00    7.49470E+03    7.49470E+03    7.49470E+03
 2.18776E+00    7.59193E+03    7.59193E+03    7.59193E+03
 2.29087E+00    7.68151E+03    7.68151E+03    7.68151E+03
 2.39883E+00    7.77048E+03    7.77048E+03    7.77048E+03
 2.51189E+00    7.85144E+03    7.85144E+03    7.85144E+03
 2.63027E+00    7.92780E+03    7.92780E+03    7.92780E+03
 2.75423E+00    7.99674E+03    7.99674E+03    7.99674E+03
 2.88403E+00    8.05581E+03    8.05581E+03    8.05581E+03
 3.01995E+00    8.08687E+03    8.08687E+03    8.08687E+03
 3.16228E+00    8.10993E+03    8.10993E+03    8.10993E+03
 3.31131E+00    8.13409E+03    8.13409E+03    8.13409E+03
 3.46737E+00    8.15566E+03    8.15566E+03    8.15566E+03
 3.63078E+00    8.16193E+03    8.16193E+03    8.16193E+03
 3.80189E+00    8.15432E+03    8.15432E+03    8.15432E+03
 3.98107E+00    8.14485E+03    8.14485E+03    8.14485E+03
 4.16869E+00    8.12995E+03    8.12995E+03    8.12995E+03
 4.36516E+00    8.09741E+03    8.09741E+03    8.09741E+03
 4.57088E+00    8.05185E+03    8.05185E+03    8.05185E+03
 4.78630E+00    7.97483E+03    7.97483E+03    7.97483E+03
 5.01187E+00    7.86810E+03    7.86810E+03    7.86810E+03
 5.24807E+00    7.69489E+03    7.69489E+03    7.69489E+03
 5.49541E+00    7.45295E+03    7.45295E+03    7.45295E+03
 5.75440E+00    7.15167E+03    7.15167E+03    7.15167E+03
 6.02560E+00    6.87925E+03    6.87925E+03    6.87925E+03
 6.30957E+00    6.67751E+03    6.67751E+03    6.67751E+03
 6.60693E+00    6.55833E+03    6.55833E+03    6.55833E+03
 6.91831E+00    6.46447E+03    6.46447E+03    6.46447E+03
 7.24436E+00    6.33272E+03    6.33272E+03    6.33272E+03
 7.58578E+00    6.28143E+03    6.28143E+03    6.28143E+03
 7.94328E+00    6.28746E+03    6.28746E+03    6.28746E+03
 8.31764E+00    6.21523E+03    6.21523E+03    6.21523E+03
 8.70964E+00    6.23129E+03    6.23129E+03    6.23129E+03
 9.12011E+00    6.19347E+03    6.19347E+03    6.19347E+03
 9.54993E+00    6.13288E+03    6.13288E+03    6.13288E+03
 1.00000E+01    6.06623E+03    6.06623E+03    6.06623E+03
 1.04713E+01    6.00002E+03    6.00002E+03    6.00002E+03
 1.09648E+01    5.95708E+03    5.95708E+03    5.95708E+03
 1.14815E+01    5.92833E+03    5.92833E+03    5.92833E+03
 1.20226E+01    5.91638E+03    5.91638E+03    5.91638E+03
 1.25893E+01    5.92147E+03    5.92147E+03    5.92147E+03
 1.31826E+01    5.91540E+03    5.91540E+03    5.91540E+03
 1.38038E+01    5.91784E+03    5.91784E+03    5.91784E+03
 1.44544E+01    5.89624E+03    5.89624E+03    5.89624E+03
 1.51356E+01    5.87898E+03    5.87898E+03    5.87898E+03
 1.58489E+01    5.86332E+03    5.86332E+03    5.86332E+03
 1.65959E+01    5.88444E+03    5.88444E+03    5.88444E+03
 1.73780E+01    5.94805E+03    5.94805E+03    5.94805E+03
 1.81970E+01    6.04049E+03    6.04049E+03    6.04049E+03
 1.90546E+01    6.14195E+03    6.14195E+03    6.14195E+03
 1.99526E+01    6.20333E+03    6.20333E+03    6.20333E+03
 2.08930E+01    6.21212E+03    6.21212E+03    6.21212E+03
 2.18776E+01    6.20447E+03    6.20447E+03    6.20447E+03
 2.29087E+01    6.17813E+03    6.17813E+03    6.17813E+03
 2.39883E+01    6.13019E+03    6.13019E+03    6.13019E+03
 2.51189E+01    6.05825E+03    6.05825E+03    6.05825E+03
 2.63027E+01    5.96337E+03    5.96337E+03    5.96337E+03
 2.75423E+01    5.85095E+03    5.85095E+03    5.85095E+03
 2.88403E+01    5.73079E+03    5.73079E+03    5.73079E+03
 3.01995E+01    5.76146E+03    5.76146E+03    5.76146E+03
 3.16228E+01    5.68156E+03    5.68156E+03    5.68156E+03
 3.31131E+01    5.55332E+03    5.55332E+03    5.55332E+03
 3.46737E+01    5.42743E+03    5.42743E+03    5.42743E+03
 3.63078E+01    5.30952E+03    5.30952E+03    5.30952E+03
 3.80189E+01    5.20436E+03    5.20436E+03    5.20436E+03
 3.98107E+01    5.11524E+03    5.11524E+03    5.11524E+03
 4.16869E+01    5.04396E+03    5.04396E+03    5.04396E+03
 4.36516E+01    4.99143E+03    4.99143E+03    4.99143E+03
 4.57088E+01    4.95823E+03    4.95823E+03    4.95823E+03
 4.78630E+01    4.94417E+03    4.94417E+03    4.94417E+03
 5.01187E+01    4.94783E+03    4.94783E+03    4.94783E+03
 5.24807E+01    4.96650E+03    4.96650E+03    4.96650E+03
 5.49541E+01    4.99712E+03    4.99712E+03    4.99712E+03
 5.75440E+01    5.03622E+03    5.03622E+03    5.03622E+03
 6.02560E+01    5.08034E+03    5.08034E+03    5.08034E+03
 6.30957E+01    5.12475E+03    5.12475E+03    5.12475E+03
 6.60693E+01    5.16668E+03    5.16668E+03    5.16668E+03
 6.91831E+01    5.20212E+03    5.20212E+03    5.20212E+03
 7.24436E+01    5.22876E+03    5.22876E+03    5.22876E+03
 7.58578E+01    5.24421E+03    5.24421E+03    5.24421E+03
 7.94328E+01    5.24696E+03    5.24696E+03    5.24696E+03
 8.31764E+01    5.23617E+03    5.23617E+03    5.23617E+03
 8.70964E+01    5.20954E+03    5.20954E+03    5.20954E+03
 9.12011E+01    5.16983E+03    5.16983E+03    5.16983E+03
 9.54993E+01    5.11583E+03    5.11583E+03    5.11583E+03
 1.00000E+02    5.04924E+03    5.04924E+03    5.04924E+03
 1.04713E+02    4.97165E+03    4.97165E+03    4.97165E+03
 1.09648E+02    4.88409E+03    4.88409E+03    4.88409E+03
 1.14815E+02    4.78868E+03    4.78868E+03    4.78868E+03
 1.20226E+02    4.68697E+03    4.68697E+03    4.68697E+03
 1.25893E+02    4.58067E+03    4.58067E+03    4.58067E+03
 1.31826E+02    4.47185E+03    4.47185E+03    4.47185E+03
 1.38038E+02    4.36157E+03    4.36157E+03    4.36157E+03
 1.44544E+02    4.25180E+03    4.25180E+03    4.25180E+03
 1.51356E+02    4.14397E+03    4.14397E+03    4.14397E+03
 1.58489E+02    4.03908E+03    4.03908E+03    4.03908E+03
 1.65959E+02    3.93879E+03    3.93879E+03    3.93879E+03
 1.73780E+02    3.84220E+03    3.84220E+03    3.84220E+03
 1.81970E+02    3.75216E+03    3.75216E+03    3.75216E+03
 1.90546E+02    3.66819E+03    3.66819E+03    3.66819E+03
 1.99526E+02    1.86736E+02    1.86736E+02    1.86736E+02
