# p + Sm148 : (p,na)    
# tendl.2019 A.J. Koning                       EVAL-OCT19
# uncertainties: y
# # energies =    20
#   E(MeV)       xs(mb)       xslow(mb)      xsupp(mb)
 1.13511E+00    0.00000E+00    0.00000E+00    0.00000E+00
 7.00000E+00    5.66795E-08    0.00000E+00    1.98264E-07
 8.00000E+00    5.68584E-06    0.00000E+00    1.98890E-05
 9.00000E+00    2.17322E-04    0.00000E+00    7.60190E-04
 1.00000E+01    3.39878E-03    0.00000E+00    1.11911E-02
 1.10000E+01    2.13888E-02    0.00000E+00    7.04266E-02
 1.20000E+01    2.95729E-02    0.00000E+00    9.73743E-02
 1.30000E+01    3.68870E-02    0.00000E+00    1.21457E-01
 1.40000E+01    9.08482E-02    0.00000E+00    2.61203E-01
 1.50000E+01    2.56573E-01    0.00000E+00    7.37687E-01
 1.60000E+01    5.48599E-01    0.00000E+00    1.57731E+00
 1.70000E+01    1.12543E+00    0.00000E+00    3.23579E+00
 1.80000E+01    2.04326E+00    0.00000E+00    4.36577E+00
 1.90000E+01    4.43581E+00    0.00000E+00    9.47785E+00
 2.00000E+01    8.07668E+00    0.00000E+00    1.72572E+01
 2.20000E+01    1.21308E+01    1.13721E+00    2.31244E+01
 2.40000E+01    1.20253E+01    1.12732E+00    2.29233E+01
 2.60000E+01    1.25451E+01    2.51282E+00    2.25774E+01
 2.80000E+01    1.23904E+01    2.48183E+00    2.22990E+01
 3.00000E+01    1.16673E+01    2.33699E+00    2.09976E+01
