# n + Tm169 : (n,tot)   
# tendl.2019 A.J. Koning and D. Rochman        EVAL-NOV19
# uncertainties: y
# # energies =   171
#   E(MeV)       xs(mb)       xslow(mb)      xsupp(mb)
 1.00000E-11    1.15624E+06    1.13104E+06    1.18144E+06
 1.00000E-07    4.79821E+04    4.70360E+04    4.89282E+04
 4.13990E-07    3.61489E+04    3.54229E+04    3.68749E+04
 5.31580E-07    3.41381E+04    3.34431E+04    3.48330E+04
 6.82560E-07    3.27969E+04    3.21292E+04    3.34646E+04
 8.76420E-07    3.23219E+04    3.16513E+04    3.29925E+04
 1.12540E-06    3.32016E+04    3.24656E+04    3.39377E+04
 1.44500E-06    3.67288E+04    3.59146E+04    3.75430E+04
 1.85540E-06    4.71759E+04    4.61301E+04    4.82217E+04
 2.37240E-06    9.03588E+04    8.79781E+04    9.27395E+04
 3.05900E-06    3.60378E+06    3.50641E+06    3.70115E+06
 3.92790E-06    2.28559E+06    2.22384E+06    2.34735E+06
 5.04350E-06    5.02927E+04    4.88873E+04    5.16981E+04
 6.47600E-06    2.11952E+04    2.05926E+04    2.17979E+04
 8.31530E-06    1.43342E+04    1.38621E+04    1.48063E+04
 1.06770E-05    1.51423E+04    1.49498E+04    1.53348E+04
 1.37100E-05    2.57671E+05    2.54395E+05    2.60946E+05
 1.76030E-05    1.71728E+04    1.70061E+04    1.73396E+04
 2.26030E-05    1.07159E+04    1.02881E+04    1.11437E+04
 2.92030E-05    7.18615E+04    6.89925E+04    7.47305E+04
 3.72670E-05    3.32122E+04    3.16921E+04    3.47323E+04
 4.78510E-05    6.99398E+04    6.73390E+04    7.25406E+04
 6.14420E-05    1.20672E+05    1.17658E+05    1.23686E+05
 7.88930E-05    6.70222E+04    6.37788E+04    7.02656E+04
 1.01300E-04    3.55502E+04    3.43003E+04    3.68000E+04
 1.30070E-04    5.62692E+04    5.42909E+04    5.82474E+04
 1.67020E-04    1.76309E+04    1.70110E+04    1.82507E+04
 2.14450E-04    1.07981E+05    1.02541E+05    1.13421E+05
 2.75360E-04    4.28987E+04    4.07376E+04    4.50599E+04
 3.53580E-04    4.18355E+04    4.02330E+04    4.34380E+04
 4.54000E-04    1.57189E+04    1.49966E+04    1.64412E+04
 5.82950E-04    4.27190E+04    4.14869E+04    4.39510E+04
 7.48520E-04    1.96206E+04    1.84411E+04    2.08001E+04
 9.61120E-04    2.61820E+04    2.51349E+04    2.72291E+04
 1.23410E-03    2.73249E+04    2.64131E+04    2.82367E+04
 1.58460E-03    2.07154E+04    2.02136E+04    2.12172E+04
 2.03470E-03    1.53450E+04    0.00000E+00    3.27734E+04
 2.24870E-03    1.49344E+04    0.00000E+00    3.18964E+04
 2.48520E-03    1.45998E+04    0.00000E+00    3.11818E+04
 2.61260E-03    1.43615E+04    0.00000E+00    3.06728E+04
 2.74650E-03    1.39814E+04    0.00000E+00    2.98610E+04
 3.03540E-03    1.36324E+04    0.00000E+00    2.91158E+04
 3.35460E-03    1.33823E+04    0.00000E+00    2.85815E+04
 3.70740E-03    1.30306E+04    0.00000E+00    2.78305E+04
 4.30740E-03    1.23646E+04    0.00000E+00    2.64080E+04
 5.53080E-03    1.14639E+04    0.00000E+00    2.44842E+04
 7.10170E-03    1.07979E+04    5.96476E+03    1.56311E+04
 9.11880E-03    1.04403E+04    5.76718E+03    1.51134E+04
 1.17090E-02    1.01801E+04    5.62344E+03    1.47367E+04
 1.50340E-02    9.85623E+03    5.44456E+03    1.42679E+04
 1.93050E-02    9.59155E+03    5.29835E+03    1.38847E+04
 2.18750E-02    9.52728E+03    5.26284E+03    1.37917E+04
 2.35790E-02    9.49725E+03    5.24626E+03    1.37482E+04
 2.41760E-02    9.48161E+03    5.23762E+03    1.37256E+04
 2.47880E-02    9.45736E+03    5.22422E+03    1.36905E+04
 2.60580E-02    9.42867E+03    5.20837E+03    1.36490E+04
 2.70000E-02    9.39717E+03    5.19097E+03    1.36034E+04
 2.85000E-02    9.34050E+03    5.15967E+03    1.35213E+04
 3.18280E-02    9.30766E+03    7.72685E+03    1.08885E+04
 3.43070E-02    9.27363E+03    7.69860E+03    1.08487E+04
 4.08680E-02    9.22733E+03    7.66017E+03    1.07945E+04
 4.63090E-02    9.18291E+03    7.62329E+03    1.07425E+04
 5.24750E-02    9.14628E+03    7.59288E+03    1.06997E+04
 5.65620E-02    9.11068E+03    7.56332E+03    1.06580E+04
 6.73790E-02    9.07300E+03    7.53205E+03    1.06140E+04
 7.20000E-02    9.04710E+03    7.51055E+03    1.05837E+04
 7.95000E-02    9.02938E+03    7.49584E+03    1.05629E+04
 8.25000E-02    9.01796E+03    7.48636E+03    1.05496E+04
 8.65170E-02    8.99297E+03    7.46561E+03    1.05203E+04
 9.80370E-02    8.92644E+03    7.41038E+03    1.04425E+04
 1.11090E-01    8.83464E+03    7.33417E+03    1.03351E+04
 1.16790E-01    8.78163E+03    7.29017E+03    1.02731E+04
 1.22770E-01    8.75417E+03    7.26736E+03    1.02410E+04
 1.29070E-01    8.73002E+03    7.24732E+03    1.02127E+04
 1.35690E-01    8.70467E+03    7.22627E+03    1.01831E+04
 1.42640E-01    8.67865E+03    7.20467E+03    1.01526E+04
 1.49960E-01    8.65660E+03    7.18637E+03    1.01268E+04
 1.57640E-01    8.63462E+03    7.16812E+03    1.01011E+04
 1.65730E-01    8.61150E+03    7.14893E+03    1.00741E+04
 1.74220E-01    8.58721E+03    7.12876E+03    1.00457E+04
 1.83160E-01    8.56166E+03    7.10755E+03    1.00158E+04
 1.92550E-01    8.53481E+03    7.08526E+03    9.98435E+03
 2.02420E-01    8.50658E+03    7.95799E+03    9.05517E+03
 2.12800E-01    8.47690E+03    7.93022E+03    9.02357E+03
 2.23710E-01    8.44570E+03    7.90104E+03    8.99036E+03
 2.35180E-01    8.41290E+03    7.87035E+03    8.95545E+03
 2.47240E-01    8.35367E+03    7.81494E+03    8.89239E+03
 2.73240E-01    8.28234E+03    7.74821E+03    8.81646E+03
 2.87250E-01    8.24438E+03    7.71270E+03    8.77606E+03
 2.94520E-01    8.22665E+03    7.69612E+03    8.75719E+03
 2.97200E-01    8.21958E+03    7.68950E+03    8.74966E+03
 2.98500E-01    8.21111E+03    7.68158E+03    8.74065E+03
 3.01970E-01    8.13696E+03    7.61221E+03    8.66171E+03
 3.33730E-01    8.02481E+03    7.50729E+03    8.54233E+03
 3.68830E-01    8.03390E+03    7.51579E+03    8.55200E+03
 3.87740E-01    8.04570E+03    7.52683E+03    8.56457E+03
 4.07620E-01    8.00743E+03    7.49103E+03    8.52383E+03
 4.50490E-01    7.95268E+03    7.43982E+03    8.46555E+03
 4.97870E-01    7.96440E+03    7.45078E+03    8.47803E+03
 5.23400E-01    7.94496E+03    7.43259E+03    8.45733E+03
 5.50230E-01    7.92483E+03    7.41376E+03    8.43591E+03
 5.78440E-01    7.93503E+03    7.42330E+03    8.44676E+03
 6.08100E-01    7.92531E+03    7.51932E+03    8.33131E+03
 6.39280E-01    7.92252E+03    7.51666E+03    8.32837E+03
 6.72060E-01    7.93723E+03    7.53063E+03    8.34384E+03
 7.06510E-01    7.93721E+03    7.53060E+03    8.34381E+03
 7.42740E-01    7.93712E+03    7.53052E+03    8.34373E+03
 7.80820E-01    7.94683E+03    7.53973E+03    8.35392E+03
 8.20850E-01    7.95038E+03    7.54310E+03    8.35766E+03
 8.62940E-01    7.95197E+03    7.54461E+03    8.35933E+03
 9.07180E-01    7.95942E+03    7.55168E+03    8.36717E+03
 9.61640E-01    7.95746E+03    7.54982E+03    8.36510E+03
 1.00260E+00    7.94574E+03    7.29091E+03    8.60058E+03
 1.10800E+00    7.93253E+03    7.27878E+03    8.58627E+03
 1.16480E+00    7.92118E+03    7.26838E+03    8.57399E+03
 1.22460E+00    7.89170E+03    7.24132E+03    8.54207E+03
 1.28730E+00    7.85643E+03    7.20896E+03    8.50390E+03
 1.35340E+00    7.81935E+03    7.17494E+03    8.46376E+03
 1.42270E+00    7.77238E+03    7.13184E+03    8.41292E+03
 1.49570E+00    7.71116E+03    7.07567E+03    8.34666E+03
 1.57240E+00    7.64674E+03    7.01655E+03    8.27692E+03
 1.65300E+00    7.57506E+03    6.95078E+03    8.19934E+03
 1.73770E+00    7.49168E+03    6.87427E+03    8.10909E+03
 1.82680E+00    7.40376E+03    6.77587E+03    8.03165E+03
 1.92050E+00    7.31131E+03    6.69126E+03    7.93137E+03
 2.01900E+00    7.21416E+03    6.60235E+03    7.82597E+03
 2.12250E+00    7.11204E+03    6.50889E+03    7.71520E+03
 2.23130E+00    7.02310E+03    6.42749E+03    7.61871E+03
 2.30690E+00    6.96791E+03    6.37699E+03    7.55884E+03
 2.34570E+00    6.93978E+03    6.35124E+03    7.52832E+03
 2.36530E+00    6.92078E+03    6.33385E+03    7.50771E+03
 2.38520E+00    6.87269E+03    6.28984E+03    7.45554E+03
 2.46600E+00    6.78190E+03    6.20675E+03    7.35705E+03
 2.59240E+00    6.67180E+03    6.10598E+03    7.23761E+03
 2.72530E+00    6.55604E+03    6.12759E+03    6.98450E+03
 2.86500E+00    6.43794E+03    6.01720E+03    6.85868E+03
 3.01190E+00    6.35312E+03    5.93792E+03    6.76831E+03
 3.16640E+00    6.28124E+03    5.87075E+03    6.69174E+03
 3.32870E+00    6.12605E+03    5.72569E+03    6.52640E+03
 3.67880E+00    5.91835E+03    5.53157E+03    6.30514E+03
 4.06570E+00    5.71748E+03    5.34383E+03    6.09114E+03
 4.49330E+00    5.57374E+03    5.20948E+03    5.93800E+03
 4.72370E+00    5.48827E+03    5.26647E+03    5.71007E+03
 4.96590E+00    5.40475E+03    5.18632E+03    5.62318E+03
 5.22050E+00    5.33476E+03    5.11916E+03    5.55036E+03
 5.48810E+00    5.27098E+03    5.05796E+03    5.48400E+03
 5.76950E+00    5.22018E+03    5.00921E+03    5.43115E+03
 6.06530E+00    5.18027E+03    4.97091E+03    5.38962E+03
 6.37630E+00    5.15368E+03    4.94540E+03    5.36196E+03
 6.59240E+00    5.13801E+03    4.93036E+03    5.34565E+03
 6.70320E+00    5.12733E+03    4.97557E+03    5.27910E+03
 7.04690E+00    5.11187E+03    4.96056E+03    5.26317E+03
 7.40820E+00    5.10027E+03    4.94931E+03    5.25124E+03
 7.78800E+00    5.08412E+03    4.93364E+03    5.23460E+03
 8.18730E+00    5.03128E+03    4.88236E+03    5.18020E+03
 8.60710E+00    5.01708E+03    4.86858E+03    5.16558E+03
 9.04840E+00    5.05331E+03    4.89838E+03    5.20824E+03
 9.51230E+00    5.11141E+03    4.95470E+03    5.26812E+03
 1.00000E+01    5.15410E+03    4.99608E+03    5.31212E+03
 1.05130E+01    5.19117E+03    5.03201E+03    5.35033E+03
 1.10520E+01    5.22884E+03    5.06853E+03    5.38916E+03
 1.16180E+01    5.26867E+03    5.10714E+03    5.43021E+03
 1.22140E+01    5.31199E+03    5.14913E+03    5.47485E+03
 1.28400E+01    5.35971E+03    5.19539E+03    5.52404E+03
 1.34990E+01    5.39551E+03    5.19248E+03    5.59853E+03
 1.38400E+01    5.41518E+03    5.21141E+03    5.61895E+03
 1.41910E+01    5.42865E+03    5.22438E+03    5.63293E+03
 1.45500E+01    5.43750E+03    5.23289E+03    5.64211E+03
 1.49180E+01    5.44671E+03    5.24175E+03    5.65166E+03
 1.56830E+01    5.44714E+03    5.24217E+03    5.65211E+03
 1.64870E+01    5.41469E+03    5.15043E+03    5.67895E+03
