# n + Te124 : (n,h)     
# tendl.2019 A.J. Koning and D. Rochman        EVAL-NOV19
# uncertainties: y
# # energies =    23
#   E(MeV)       xs(mb)       xslow(mb)      xsupp(mb)
 7.50447E+00    0.00000E+00    0.00000E+00    0.00000E+00
 1.20000E+01    3.48330E-17    3.48330E-17    3.48330E-17
 1.25000E+01    5.92870E-16    5.92870E-16    5.92870E-16
 1.30000E+01    5.97680E-15    0.00000E+00    5.97680E-14
 1.35000E+01    4.08640E-14    0.00000E+00    4.08640E-13
 1.40000E+01    2.06200E-13    0.00000E+00    2.06200E-12
 1.45000E+01    5.31380E-12    0.00000E+00    5.31380E-11
 1.50000E+01    7.96210E-11    0.00000E+00    7.96210E-10
 1.60000E+01    7.62980E-09    0.00000E+00    5.02419E-08
 1.70000E+01    2.73990E-07    0.00000E+00    1.80421E-06
 1.80000E+01    4.93343E-06    0.00000E+00    3.24864E-05
 1.90000E+01    5.37776E-05    0.00000E+00    3.54123E-04
 2.00000E+01    4.00475E-04    0.00000E+00    1.46844E-03
 2.10000E+01    2.20179E-03    0.00000E+00    8.07341E-03
 2.20000E+01    9.30242E-03    0.00000E+00    3.41096E-02
 2.30000E+01    3.04290E-02    0.00000E+00    1.11575E-01
 2.40000E+01    7.77502E-02    0.00000E+00    1.73854E-01
 2.50000E+01    1.61648E-01    0.00000E+00    3.61455E-01
 2.60000E+01    2.88236E-01    0.00000E+00    6.44514E-01
 2.70000E+01    4.59468E-01    0.00000E+00    1.02740E+00
 2.80000E+01    6.72670E-01    0.00000E+00    1.50413E+00
 2.90000E+01    9.17727E-01    0.00000E+00    2.05209E+00
 3.00000E+01    1.19980E+00    0.00000E+00    2.68283E+00
