# n + Ca 48 : (n,p)     
# tendl.2019 A.J. Koning and D. Rochman        EVAL-NOV19
# uncertainties: y
# # energies =    53
#   E(MeV)       xs(mb)       xslow(mb)      xsupp(mb)
 1.13925E+01    0.00000E+00   -0.00000E+00    0.00000E+00
 1.20000E+01    5.20010E-07    0.00000E+00    1.24279E-06
 1.25000E+01    1.66758E-04    0.00000E+00    3.98541E-04
 1.30000E+01    2.33042E-03    0.00000E+00    5.56955E-03
 1.35000E+01    1.13023E-02    2.22843E-03    2.03762E-02
 1.40000E+01    3.15741E-02    6.22535E-03    5.69229E-02
 1.45000E+01    6.22656E-02    1.22767E-02    1.12255E-01
 1.50000E+01    1.08047E-01    2.13032E-02    1.94791E-01
 1.60000E+01    3.66040E-01    7.21707E-02    6.59909E-01
 1.70000E+01    1.18335E+00    3.89530E-01    1.97717E+00
 1.80000E+01    2.65627E+00    8.74380E-01    4.43816E+00
 1.90000E+01    4.76767E+00    1.56940E+00    7.96594E+00
 2.00000E+01    6.54728E+00    2.15521E+00    1.09394E+01
 2.10000E+01    7.77916E+00    1.24866E+00    1.43097E+01
 2.20000E+01    8.56740E+00    1.37518E+00    1.57596E+01
 2.30000E+01    9.09183E+00    1.45936E+00    1.67243E+01
 2.40000E+01    9.39561E+00    1.50812E+00    1.72831E+01
 2.50000E+01    9.61964E+00    1.48121E+00    1.77581E+01
 2.60000E+01    9.72944E+00    1.49812E+00    1.79608E+01
 2.70000E+01    9.94730E+00    1.53166E+00    1.83629E+01
 2.80000E+01    9.86773E+00    1.51941E+00    1.82161E+01
 2.90000E+01    9.72157E+00    1.49690E+00    1.79462E+01
 3.00000E+01    9.56130E+00    1.47223E+00    1.76504E+01
 3.00000E+01    9.56151E+00    1.47226E+00    1.76508E+01
 3.20000E+01    9.07019E+00    1.39661E+00    1.67438E+01
 3.40000E+01    8.83025E+00    1.35966E+00    1.63008E+01
 3.60000E+01    8.30462E+00    1.27873E+00    1.53305E+01
 3.80000E+01    7.63156E+00    1.17509E+00    1.40880E+01
 4.00000E+01    6.94643E+00    1.06959E+00    1.28233E+01
 4.20000E+01    6.37366E+00    9.81401E-01    1.17659E+01
 4.40000E+01    5.79807E+00    8.92773E-01    1.07034E+01
 4.60000E+01    5.19940E+00    8.00591E-01    9.59821E+00
 4.80000E+01    4.72370E+00    7.27344E-01    8.72006E+00
 5.00000E+01    4.28752E+00    6.60182E-01    7.91486E+00
 5.20000E+01    3.82611E+00    5.89135E-01    7.06309E+00
 5.40000E+01    3.89267E+00    5.99384E-01    7.18596E+00
 5.60000E+01    3.75863E+00    5.78745E-01    6.93852E+00
 5.80000E+01    3.42432E+00    5.27269E-01    6.32137E+00
 6.00000E+01    3.09482E+00    4.76533E-01    5.71311E+00
 6.50000E+01    2.39161E+00    3.68254E-01    4.41497E+00
 7.00000E+01    2.16288E+00    3.33035E-01    3.99272E+00
 7.50000E+01    1.62796E+00    2.50669E-01    3.00525E+00
 8.00000E+01    1.32877E+00    2.04601E-01    2.45294E+00
 9.00000E+01    9.43067E-01    1.45211E-01    1.74092E+00
 1.00000E+02    7.65266E-01    1.17834E-01    1.41270E+00
 1.10000E+02    6.19389E-01    9.53720E-02    1.14341E+00
 1.20000E+02    5.22062E-01    8.03858E-02    9.63738E-01
 1.30000E+02    4.77557E-01    7.35331E-02    8.81581E-01
 1.40000E+02    3.94708E-01    6.07762E-02    7.28640E-01
 1.50000E+02    3.29510E-01    5.07371E-02    6.08283E-01
 1.60000E+02    2.90162E-01    4.46785E-02    5.35646E-01
 1.80000E+02    2.08265E-01    3.20681E-02    3.84462E-01
 2.00000E+02    1.81504E-01    2.79475E-02    3.35060E-01
