# n + Eu  0 : (n,d)
# tendl.2019 A.J. Koning and D. Rochman        EVAL-NOV19
# uncertainties: y
# # energies =    50
#   E(MeV)          xs(mb) 
 2.68393E+00    0.00000E+00
 4.20000E+00    1.79563E-17
 4.40000E+00    4.01826E-16
 4.60000E+00    1.02930E-14
 4.80000E+00    9.99546E-14
 5.00000E+00    1.05806E-12
 5.20000E+00    8.78894E-12
 5.40000E+00    6.00972E-11
 5.60000E+00    3.46356E-10
 5.80000E+00    1.69757E-09
 6.00000E+00    7.19947E-09
 6.20000E+00    2.69490E-08
 6.40000E+00    8.98744E-08
 6.60000E+00    2.71423E-07
 6.80000E+00    7.51139E-07
 7.00000E+00    1.46499E-06
 7.20000E+00    1.79977E-06
 7.40000E+00    1.17537E-05
 7.60000E+00    1.24246E-05
 7.80000E+00    3.19250E-05
 8.00000E+00    7.61634E-05
 8.50000E+00    3.78432E-04
 9.00000E+00    1.52758E-03
 9.50000E+00    5.20104E-03
 1.00000E+01    1.52862E-02
 1.05000E+01    3.94898E-02
 1.10000E+01    9.11696E-02
 1.15000E+01    1.89411E-01
 1.20000E+01    3.86260E-01
 1.25000E+01    6.66229E-01
 1.30000E+01    1.05891E+00
 1.35000E+01    1.56046E+00
 1.40000E+01    2.17759E+00
 1.45000E+01    2.88924E+00
 1.50000E+01    3.67913E+00
 1.60000E+01    5.43490E+00
 1.70000E+01    7.34427E+00
 1.80000E+01    8.43129E+00
 1.90000E+01    9.88968E+00
 2.00000E+01    1.16755E+01
 2.10000E+01    1.32953E+01
 2.20000E+01    1.46442E+01
 2.30000E+01    1.56926E+01
 2.40000E+01    1.64360E+01
 2.50000E+01    1.66289E+01
 2.60000E+01    1.66790E+01
 2.70000E+01    1.68669E+01
 2.80000E+01    1.69325E+01
 2.90000E+01    1.68842E+01
 3.00000E+01    1.67621E+01
