# n + Se 80 : (n,n'06)  
# tendl.2019 A.J. Koning and D. Rochman        EVAL-NOV19
# uncertainties: n
# # energies =    85
#   E(MeV)       xs(mb) 
 1.98456E+00    0.00000E+00
 2.00000E+00    3.05796E+01
 2.14789E+00    1.36347E+02
 2.20000E+00    1.73615E+02
 2.34046E+00    2.11961E+02
 2.37376E+00    2.21051E+02
 2.40000E+00    2.28215E+02
 2.52626E+00    2.32990E+02
 2.54530E+00    2.33710E+02
 2.60000E+00    2.35778E+02
 2.66056E+00    2.30213E+02
 2.75094E+00    2.21908E+02
 2.80000E+00    2.17400E+02
 2.80932E+00    2.15846E+02
 2.82218E+00    2.13702E+02
 2.85002E+00    2.09061E+02
 2.86121E+00    2.07196E+02
 2.86267E+00    2.06952E+02
 2.87210E+00    2.05380E+02
 2.93205E+00    1.95386E+02
 2.98474E+00    1.86602E+02
 3.00000E+00    1.84058E+02
 3.03584E+00    1.78678E+02
 3.06335E+00    1.74549E+02
 3.07128E+00    1.73358E+02
 3.07432E+00    1.72902E+02
 3.07608E+00    1.72638E+02
 3.16524E+00    1.59254E+02
 3.19988E+00    1.54054E+02
 3.20000E+00    1.54036E+02
 3.21702E+00    1.51766E+02
 3.23978E+00    1.48731E+02
 3.40000E+00    1.27363E+02
 3.60000E+00    1.04375E+02
 3.80000E+00    8.52406E+01
 4.00000E+00    6.93349E+01
 4.20000E+00    5.61271E+01
 4.40000E+00    4.51771E+01
 4.60000E+00    3.61886E+01
 4.80000E+00    2.88916E+01
 5.00000E+00    2.30201E+01
 5.20000E+00    1.83375E+01
 5.40000E+00    1.46352E+01
 5.60000E+00    1.17166E+01
 5.80000E+00    9.43015E+00
 6.00000E+00    7.64287E+00
 6.20000E+00    6.24982E+00
 6.40000E+00    5.16183E+00
 6.60000E+00    4.31110E+00
 6.80000E+00    3.64585E+00
 7.00000E+00    3.12264E+00
 7.20000E+00    2.71033E+00
 7.40000E+00    2.38525E+00
 7.60000E+00    2.12165E+00
 7.80000E+00    1.91553E+00
 8.00000E+00    1.74611E+00
 8.50000E+00    1.45486E+00
 9.00000E+00    1.27769E+00
 9.50000E+00    1.16443E+00
 1.00000E+01    1.08752E+00
 1.05000E+01    1.03123E+00
 1.10000E+01    9.86718E-01
 1.15000E+01    9.49323E-01
 1.20000E+01    9.16669E-01
 1.25000E+01    8.87541E-01
 1.30000E+01    8.61277E-01
 1.35000E+01    8.37359E-01
 1.40000E+01    8.15284E-01
 1.45000E+01    7.94585E-01
 1.50000E+01    7.74881E-01
 1.60000E+01    7.37664E-01
 1.70000E+01    7.03119E-01
 1.80000E+01    6.71562E-01
 1.90000E+01    6.43341E-01
 2.00000E+01    6.18701E-01
 2.10000E+01    5.97622E-01
 2.20000E+01    5.79538E-01
 2.30000E+01    5.63324E-01
 2.40000E+01    5.47718E-01
 2.50000E+01    5.31818E-01
 2.60000E+01    5.15363E-01
 2.70000E+01    4.98656E-01
 2.80000E+01    4.82269E-01
 2.90000E+01    4.66749E-01
 3.00000E+01    4.52454E-01
