# n + Sr 90 : (n,np)    
# tendl.2019 A.J. Koning and D. Rochman        EVAL-NOV19
# uncertainties: y
# # energies =    22
#   E(MeV)       xs(mb)       xslow(mb)      xsupp(mb)
 1.16540E+01    0.00000E+00   -0.00000E+00    0.00000E+00
 1.25000E+01    1.10640E-10    0.00000E+00    3.18082E-10
 1.30000E+01    4.31700E-07    0.00000E+00    1.24111E-06
 1.35000E+01    2.50988E-05    0.00000E+00    7.21573E-05
 1.40000E+01    4.92484E-04    0.00000E+00    1.41586E-03
 1.45000E+01    3.28971E-03    0.00000E+00    9.45768E-03
 1.50000E+01    1.49618E-02    0.00000E+00    4.30141E-02
 1.60000E+01    1.44010E-01    2.37731E-02    2.64247E-01
 1.70000E+01    6.96262E-01    1.14939E-01    1.27759E+00
 1.80000E+01    1.92977E+00    3.18566E-01    3.54097E+00
 1.90000E+01    4.14818E+00    6.84780E-01    7.61158E+00
 2.00000E+01    7.30456E+00    2.07626E+00    1.25329E+01
 2.10000E+01    1.12529E+01    3.19854E+00    1.93073E+01
 2.20000E+01    1.61130E+01    4.57997E+00    2.76460E+01
 2.30000E+01    2.12729E+01    6.04663E+00    3.64992E+01
 2.40000E+01    2.67286E+01    1.16255E+01    4.18317E+01
 2.50000E+01    3.17964E+01    1.38297E+01    4.97631E+01
 2.60000E+01    3.64718E+01    1.58632E+01    5.70804E+01
 2.70000E+01    4.02865E+01    1.75224E+01    6.30506E+01
 2.80000E+01    4.34880E+01    1.89149E+01    6.80611E+01
 2.90000E+01    4.59141E+01    1.99701E+01    7.18581E+01
 3.00000E+01    4.84890E+01    2.10900E+01    7.58880E+01
