# n + Sr 90 : (n,n'03)  
# tendl.2019 A.J. Koning and D. Rochman        EVAL-NOV19
# uncertainties: y
# # energies =    88
#   E(MeV)       xs(mb)       xslow(mb)      xsupp(mb)
 1.91359E+00    0.00000E+00    0.00000E+00    0.00000E+00
 2.00000E+00    1.15743E+02    9.06688E+01    1.40817E+02
 2.20000E+00    3.12593E+02    2.44874E+02    3.80312E+02
 2.23178E+00    3.23705E+02    2.53578E+02    3.93831E+02
 2.40000E+00    3.82521E+02    2.99653E+02    4.65389E+02
 2.52534E+00    3.86752E+02    3.02967E+02    4.70537E+02
 2.55628E+00    3.87797E+02    3.03786E+02    4.71808E+02
 2.59944E+00    3.89254E+02    3.04927E+02    4.73581E+02
 2.60000E+00    3.89273E+02    2.48365E+02    5.30181E+02
 2.61501E+00    3.84317E+02    2.45203E+02    5.23431E+02
 2.70400E+00    3.54934E+02    2.26456E+02    4.83412E+02
 2.80000E+00    3.23236E+02    2.06232E+02    4.40240E+02
 2.96055E+00    2.89822E+02    1.84913E+02    3.94730E+02
 3.00000E+00    2.81611E+02    1.79674E+02    3.83548E+02
 3.00445E+00    2.80911E+02    1.79228E+02    3.82595E+02
 3.06690E+00    2.71095E+02    1.72965E+02    3.69226E+02
 3.07208E+00    2.70281E+02    1.72445E+02    3.68117E+02
 3.07336E+00    2.70080E+02    1.72317E+02    3.67843E+02
 3.18018E+00    2.53289E+02    1.61604E+02    3.44975E+02
 3.18129E+00    2.53115E+02    1.61493E+02    3.44737E+02
 3.20000E+00    2.50174E+02    1.59617E+02    3.40731E+02
 3.30466E+00    2.38512E+02    1.52176E+02    3.24848E+02
 3.40000E+00    2.27888E+02    1.45398E+02    3.10378E+02
 3.42135E+00    2.24943E+02    1.43519E+02    3.06368E+02
 3.43208E+00    2.23464E+02    1.42575E+02    3.04352E+02
 3.48852E+00    2.15679E+02    1.37608E+02    2.93750E+02
 3.51803E+00    2.11609E+02    1.35011E+02    2.88207E+02
 3.54736E+00    2.07564E+02    1.32430E+02    2.82698E+02
 3.59569E+00    2.00898E+02    1.28178E+02    2.73619E+02
 3.60000E+00    2.00304E+02    1.27798E+02    2.72810E+02
 3.62463E+00    1.96950E+02    1.25659E+02    2.68242E+02
 3.63432E+00    1.95631E+02    1.24817E+02    2.66445E+02
 3.66770E+00    1.91085E+02    1.21917E+02    2.60254E+02
 3.76173E+00    1.78281E+02    1.13747E+02    2.42815E+02
 3.80000E+00    1.73070E+02    1.10422E+02    2.35718E+02
 3.82645E+00    1.70225E+02    1.08607E+02    2.31843E+02
 3.84668E+00    1.68049E+02    1.07219E+02    2.28879E+02
 3.88814E+00    1.63590E+02    1.04374E+02    2.22806E+02
 4.00000E+00    1.51558E+02    9.66973E+01    2.06419E+02
 4.20000E+00    1.26837E+02    8.09248E+01    1.72749E+02
 4.40000E+00    1.03605E+02    6.61023E+01    1.41108E+02
 4.60000E+00    8.35596E+01    3.31765E+01    1.33943E+02
 4.80000E+00    6.68638E+01    2.65476E+01    1.07180E+02
 5.00000E+00    5.32040E+01    2.11241E+01    8.52839E+01
 5.20000E+00    4.21642E+01    1.67409E+01    6.75875E+01
 5.40000E+00    3.33256E+01    1.32316E+01    5.34196E+01
 5.60000E+00    2.63051E+01    1.04442E+01    4.21660E+01
 5.80000E+00    2.07644E+01    8.24429E+00    3.32845E+01
 6.00000E+00    1.64107E+01    6.51570E+00    2.63057E+01
 6.20000E+00    1.30170E+01    5.16827E+00    2.08657E+01
 6.40000E+00    1.03664E+01    4.11587E+00    1.66169E+01
 6.60000E+00    8.30267E+00    4.01974E+00    1.25856E+01
 6.80000E+00    6.69704E+00    3.24237E+00    1.01517E+01
 7.00000E+00    5.44410E+00    2.63576E+00    8.25244E+00
 7.20000E+00    4.46017E+00    2.15939E+00    6.76095E+00
 7.40000E+00    3.69460E+00    1.78874E+00    5.60046E+00
 7.60000E+00    3.09981E+00    1.50077E+00    4.69885E+00
 7.80000E+00    2.63711E+00    1.27676E+00    3.99746E+00
 8.00000E+00    2.27905E+00    1.10340E+00    3.45470E+00
 8.50000E+00    1.68145E+00    8.14074E-01    2.54883E+00
 9.00000E+00    1.34868E+00    5.25297E-01    2.17206E+00
 9.50000E+00    1.15614E+00    4.50304E-01    1.86198E+00
 1.00000E+01    1.03827E+00    4.04395E-01    1.67214E+00
 1.05000E+01    9.60661E-01    3.74167E-01    1.54715E+00
 1.10000E+01    9.05433E-01    3.52657E-01    1.45821E+00
 1.15000E+01    8.63199E-01    3.36207E-01    1.39019E+00
 1.20000E+01    8.28966E-01    3.22874E-01    1.33506E+00
 1.25000E+01    8.00005E-01    3.11594E-01    1.28842E+00
 1.30000E+01    7.74787E-01    3.04516E-01    1.24506E+00
 1.35000E+01    7.52392E-01    2.95714E-01    1.20907E+00
 1.40000E+01    7.32224E-01    2.87787E-01    1.17666E+00
 1.45000E+01    7.13846E-01    2.80564E-01    1.14713E+00
 1.50000E+01    6.96907E-01    2.73906E-01    1.11991E+00
 1.60000E+01    6.66293E-01    2.76604E-01    1.05598E+00
 1.70000E+01    6.38965E-01    2.65260E-01    1.01267E+00
 1.80000E+01    6.14411E-01    2.55066E-01    9.73756E-01
 1.90000E+01    5.92468E-01    2.45957E-01    9.38979E-01
 2.00000E+01    5.72640E-01    2.34719E-01    9.10561E-01
 2.10000E+01    5.54029E-01    2.27090E-01    8.80968E-01
 2.20000E+01    5.35836E-01    2.19633E-01    8.52039E-01
 2.30000E+01    5.17777E-01    2.12231E-01    8.23323E-01
 2.40000E+01    5.00124E-01    1.96140E-01    8.04108E-01
 2.50000E+01    4.83409E-01    1.89585E-01    7.77233E-01
 2.60000E+01    4.68120E-01    1.83589E-01    7.52651E-01
 2.70000E+01    4.54511E-01    1.78252E-01    7.30770E-01
 2.80000E+01    4.42562E-01    1.73565E-01    7.11559E-01
 2.90000E+01    4.32019E-01    1.69431E-01    6.94607E-01
 3.00000E+01    4.22507E-01    1.65700E-01    6.79314E-01
