# p + Ba138 : (p,xd)    
# tendl.2019 A.J. Koning                       EVAL-OCT19
# 
# # energies =    55
#   E(MeV)        xs(mb) 
 2.54325E+00    0.00000E+00
 2.61635E+00    0.00000E+00
 2.66027E+00    0.00000E+00
 2.70561E+00    0.00000E+00
 2.73685E+00    0.00000E+00
 2.77535E+00    0.00000E+00
 2.83837E+00    0.00000E+00
 2.95958E+00    0.00000E+00
 3.00000E+00    0.00000E+00
 3.02609E+00    0.00000E+00
 3.05743E+00    0.00000E+00
 3.06572E+00    0.00000E+00
 4.00000E+00    0.00000E+00
 5.00000E+00    0.00000E+00
 6.00000E+00    0.00000E+00
 7.00000E+00    7.49536E-16
 8.00000E+00    2.07336E-15
 9.00000E+00    5.60291E-10
 1.00000E+01    3.39387E-07
 1.10000E+01    3.37979E-05
 1.20000E+01    1.01840E-03
 1.30000E+01    1.48963E-02
 1.40000E+01    1.13689E-01
 1.50000E+01    5.08219E-01
 1.60000E+01    1.46315E+00
 1.70000E+01    3.10374E+00
 1.80000E+01    5.33117E+00
 1.90000E+01    8.44261E+00
 2.00000E+01    1.13636E+01
 2.20000E+01    1.75345E+01
 2.40000E+01    2.36901E+01
 2.60000E+01    2.95657E+01
 2.80000E+01    3.67780E+01
 3.00000E+01    4.16513E+01
 3.00000E+01    4.17933E+01
 3.50000E+01    5.28452E+01
 4.00000E+01    6.20185E+01
 4.50000E+01    6.96841E+01
 5.00000E+01    7.61577E+01
 5.50000E+01    8.20920E+01
 6.00000E+01    8.33344E+01
 6.50000E+01    9.11903E+01
 7.00000E+01    9.22484E+01
 7.50000E+01    9.82043E+01
 8.00000E+01    9.96799E+01
 9.00000E+01    9.77122E+01
 1.00000E+02    9.64390E+01
 1.10000E+02    9.29867E+01
 1.20000E+02    9.02346E+01
 1.30000E+02    8.84330E+01
 1.40000E+02    8.79780E+01
 1.50000E+02    8.92074E+01
 1.60000E+02    9.23420E+01
 1.80000E+02    1.08293E+02
 2.00000E+02    1.69499E+02
