# n + K  39 : (n,n'14)  
# tendl.2019 A.J. Koning and D. Rochman        EVAL-NOV19
# uncertainties: n
# # energies =    62
#   E(MeV)       xs(mb) 
 4.79972E+00    0.00000E+00
 4.86014E+00    4.27242E+00
 4.95914E+00    1.13055E+01
 5.00000E+00    1.42083E+01
 5.05773E+00    1.56366E+01
 5.10584E+00    1.68268E+01
 5.13877E+00    1.76415E+01
 5.14031E+00    1.76796E+01
 5.20000E+00    1.91564E+01
 5.29050E+00    1.99771E+01
 5.29758E+00    2.00413E+01
 5.29922E+00    2.00562E+01
 5.30733E+00    2.01298E+01
 5.39894E+00    2.09606E+01
 5.40000E+00    2.09702E+01
 5.45587E+00    2.10564E+01
 5.49260E+00    2.11130E+01
 5.50901E+00    2.11383E+01
 5.60000E+00    2.12786E+01
 5.64341E+00    2.12785E+01
 5.69357E+00    2.12784E+01
 5.80000E+00    2.12781E+01
 6.00000E+00    2.08080E+01
 6.20000E+00    1.99607E+01
 6.40000E+00    1.91860E+01
 6.60000E+00    1.80267E+01
 6.80000E+00    1.69133E+01
 7.00000E+00    1.56418E+01
 7.20000E+00    1.41890E+01
 7.40000E+00    1.29951E+01
 7.60000E+00    1.16898E+01
 7.80000E+00    1.04989E+01
 8.00000E+00    9.35494E+00
 8.50000E+00    6.90289E+00
 9.00000E+00    5.05280E+00
 9.50000E+00    3.67091E+00
 1.00000E+01    2.68322E+00
 1.05000E+01    1.97901E+00
 1.10000E+01    1.46889E+00
 1.15000E+01    1.10160E+00
 1.20000E+01    8.37264E-01
 1.25000E+01    6.42581E-01
 1.30000E+01    5.01966E-01
 1.35000E+01    3.98742E-01
 1.40000E+01    3.22387E-01
 1.45000E+01    2.65654E-01
 1.50000E+01    2.23197E-01
 1.60000E+01    1.67422E-01
 1.70000E+01    1.35860E-01
 1.80000E+01    1.17596E-01
 1.90000E+01    1.06952E-01
 2.00000E+01    1.00471E-01
 2.10000E+01    9.61036E-02
 2.20000E+01    9.28013E-02
 2.30000E+01    8.99697E-02
 2.40000E+01    8.73679E-02
 2.50000E+01    8.48876E-02
 2.60000E+01    8.25239E-02
 2.70000E+01    8.02953E-02
 2.80000E+01    7.82060E-02
 2.90000E+01    7.62590E-02
 3.00000E+01    7.44457E-02
