# n + K  39 : (n,xh)    
# tendl.2019 A.J. Koning and D. Rochman        EVAL-NOV19
# 
# # energies =   117
#   E(MeV)        xs(mb) 
 2.58780E+00    0.00000E+00
 2.60000E+00    0.00000E+00
 2.80000E+00    0.00000E+00
 2.88715E+00    0.00000E+00
 3.00000E+00    0.00000E+00
 3.09736E+00    0.00000E+00
 3.20000E+00    0.00000E+00
 3.40000E+00    0.00000E+00
 3.60000E+00    0.00000E+00
 3.69063E+00    0.00000E+00
 3.80000E+00    0.00000E+00
 3.98362E+00    0.00000E+00
 4.00000E+00    0.00000E+00
 4.04076E+00    0.00000E+00
 4.04641E+00    0.00000E+00
 4.18798E+00    0.00000E+00
 4.20000E+00    0.00000E+00
 4.20132E+00    0.00000E+00
 4.23281E+00    0.00000E+00
 4.40000E+00    0.00000E+00
 4.59095E+00    0.00000E+00
 4.60000E+00    0.00000E+00
 4.63116E+00    0.00000E+00
 4.63722E+00    0.00000E+00
 4.79972E+00    0.00000E+00
 4.80000E+00    0.00000E+00
 4.86014E+00    0.00000E+00
 4.95914E+00    0.00000E+00
 5.00000E+00    0.00000E+00
 5.05773E+00    0.00000E+00
 5.10584E+00    0.00000E+00
 5.13877E+00    0.00000E+00
 5.14031E+00    0.00000E+00
 5.20000E+00    0.00000E+00
 5.29050E+00    0.00000E+00
 5.29758E+00    0.00000E+00
 5.29922E+00    0.00000E+00
 5.30733E+00    0.00000E+00
 5.39894E+00    0.00000E+00
 5.40000E+00    0.00000E+00
 5.45587E+00    0.00000E+00
 5.49260E+00    0.00000E+00
 5.50901E+00    0.00000E+00
 5.60000E+00    0.00000E+00
 5.64341E+00    0.00000E+00
 5.69357E+00    0.00000E+00
 5.80000E+00    0.00000E+00
 6.00000E+00    0.00000E+00
 6.20000E+00    0.00000E+00
 6.40000E+00    0.00000E+00
 6.60000E+00    0.00000E+00
 6.80000E+00    0.00000E+00
 7.00000E+00    0.00000E+00
 7.20000E+00    0.00000E+00
 7.40000E+00    0.00000E+00
 7.60000E+00    0.00000E+00
 7.80000E+00    0.00000E+00
 8.00000E+00    0.00000E+00
 8.50000E+00    0.00000E+00
 9.00000E+00    0.00000E+00
 9.50000E+00    1.71816E-16
 1.00000E+01    4.21100E-16
 1.05000E+01    3.65670E-11
 1.10000E+01    2.32410E-08
 1.15000E+01    1.54259E-06
 1.20000E+01    2.35226E-05
 1.25000E+01    1.74221E-04
 1.30000E+01    8.88060E-04
 1.35000E+01    3.22949E-03
 1.40000E+01    1.31525E-02
 1.45000E+01    2.24914E-02
 1.50000E+01    5.98239E-02
 1.60000E+01    2.77977E-01
 1.70000E+01    7.37843E-01
 1.80000E+01    1.43728E+00
 1.90000E+01    2.43900E+00
 2.00000E+01    3.75775E+00
 2.10000E+01    5.29713E+00
 2.20000E+01    6.99296E+00
 2.30000E+01    8.79623E+00
 2.40000E+01    1.06559E+01
 2.50000E+01    1.25210E+01
 2.60000E+01    1.43415E+01
 2.70000E+01    1.60485E+01
 2.80000E+01    1.78520E+01
 2.90000E+01    1.95939E+01
 3.00000E+01    2.13358E+01
 3.00000E+01    2.20496E+01
 3.20000E+01    2.49271E+01
 3.40000E+01    2.78267E+01
 3.60000E+01    3.05890E+01
 3.80000E+01    3.30591E+01
 4.00000E+01    3.56216E+01
 4.20000E+01    3.81495E+01
 4.40000E+01    4.04841E+01
 4.60000E+01    4.28890E+01
 4.80000E+01    4.51482E+01
 5.00000E+01    4.75989E+01
 5.20000E+01    5.01696E+01
 5.40000E+01    5.27687E+01
 5.60000E+01    5.51894E+01
 5.80000E+01    5.77304E+01
 6.00000E+01    6.02705E+01
 6.50000E+01    6.67689E+01
 7.00000E+01    7.30859E+01
 7.50000E+01    7.97614E+01
 8.00000E+01    8.68939E+01
 9.00000E+01    1.03378E+02
 1.00000E+02    1.22154E+02
 1.10000E+02    1.36466E+02
 1.20000E+02    1.51380E+02
 1.30000E+02    1.66512E+02
 1.40000E+02    1.73815E+02
 1.50000E+02    1.79431E+02
 1.60000E+02    1.84168E+02
 1.80000E+02    1.92319E+02
 2.00000E+02    1.99942E+02
