# n + K  39 : (n,xg)    
# tendl.2019 A.J. Koning and D. Rochman        EVAL-NOV19
# 
# # energies =   117
#   E(MeV)        xs(mb) 
 2.58780E+00    0.00000E+00
 2.60000E+00    0.00000E+00
 2.80000E+00    0.00000E+00
 2.88715E+00    0.00000E+00
 3.00000E+00    0.00000E+00
 3.09736E+00    0.00000E+00
 3.20000E+00    0.00000E+00
 3.40000E+00    0.00000E+00
 3.60000E+00    0.00000E+00
 3.69063E+00    0.00000E+00
 3.80000E+00    0.00000E+00
 3.98362E+00    0.00000E+00
 4.00000E+00    0.00000E+00
 4.04076E+00    0.00000E+00
 4.04641E+00    0.00000E+00
 4.18798E+00    0.00000E+00
 4.20000E+00    0.00000E+00
 4.20132E+00    0.00000E+00
 4.23281E+00    0.00000E+00
 4.40000E+00    0.00000E+00
 4.59095E+00    0.00000E+00
 4.60000E+00    0.00000E+00
 4.63116E+00    0.00000E+00
 4.63722E+00    0.00000E+00
 4.79972E+00    0.00000E+00
 4.80000E+00    0.00000E+00
 4.86014E+00    0.00000E+00
 4.95914E+00    0.00000E+00
 5.00000E+00    0.00000E+00
 5.05773E+00    0.00000E+00
 5.10584E+00    0.00000E+00
 5.13877E+00    0.00000E+00
 5.14031E+00    0.00000E+00
 5.20000E+00    0.00000E+00
 5.29050E+00    0.00000E+00
 5.29758E+00    0.00000E+00
 5.29922E+00    0.00000E+00
 5.30733E+00    0.00000E+00
 5.39894E+00    0.00000E+00
 5.40000E+00    0.00000E+00
 5.45587E+00    0.00000E+00
 5.49260E+00    0.00000E+00
 5.50901E+00    0.00000E+00
 5.60000E+00    0.00000E+00
 5.64341E+00    0.00000E+00
 5.69357E+00    0.00000E+00
 5.80000E+00    0.00000E+00
 6.00000E+00    0.00000E+00
 6.20000E+00    0.00000E+00
 6.40000E+00    0.00000E+00
 6.60000E+00    0.00000E+00
 6.80000E+00    0.00000E+00
 7.00000E+00    0.00000E+00
 7.20000E+00    0.00000E+00
 7.40000E+00    0.00000E+00
 7.60000E+00    0.00000E+00
 7.80000E+00    0.00000E+00
 8.00000E+00    0.00000E+00
 8.50000E+00    0.00000E+00
 9.00000E+00    0.00000E+00
 9.50000E+00    0.00000E+00
 1.00000E+01    0.00000E+00
 1.05000E+01    0.00000E+00
 1.10000E+01    0.00000E+00
 1.15000E+01    0.00000E+00
 1.20000E+01    0.00000E+00
 1.25000E+01    0.00000E+00
 1.30000E+01    0.00000E+00
 1.35000E+01    0.00000E+00
 1.40000E+01    0.00000E+00
 1.45000E+01    0.00000E+00
 1.50000E+01    0.00000E+00
 1.60000E+01    0.00000E+00
 1.70000E+01    0.00000E+00
 1.80000E+01    0.00000E+00
 1.90000E+01    0.00000E+00
 2.00000E+01    0.00000E+00
 2.10000E+01    0.00000E+00
 2.20000E+01    0.00000E+00
 2.30000E+01    0.00000E+00
 2.40000E+01    0.00000E+00
 2.50000E+01    0.00000E+00
 2.60000E+01    0.00000E+00
 2.70000E+01    0.00000E+00
 2.80000E+01    0.00000E+00
 2.90000E+01    0.00000E+00
 3.00000E+01    0.00000E+00
 3.00000E+01    6.61311E+02
 3.20000E+01    6.41811E+02
 3.40000E+01    6.29401E+02
 3.60000E+01    6.25210E+02
 3.80000E+01    6.30880E+02
 4.00000E+01    6.24590E+02
 4.20000E+01    6.12972E+02
 4.40000E+01    5.99774E+02
 4.60000E+01    5.83570E+02
 4.80000E+01    5.71581E+02
 5.00000E+01    5.57476E+02
 5.20000E+01    5.45178E+02
 5.40000E+01    5.31666E+02
 5.60000E+01    5.20882E+02
 5.80000E+01    5.09271E+02
 6.00000E+01    4.96550E+02
 6.50000E+01    4.74685E+02
 7.00000E+01    4.50867E+02
 7.50000E+01    4.28262E+02
 8.00000E+01    4.08986E+02
 9.00000E+01    3.80065E+02
 1.00000E+02    3.50834E+02
 1.10000E+02    3.27233E+02
 1.20000E+02    3.05054E+02
 1.30000E+02    2.84564E+02
 1.40000E+02    2.68166E+02
 1.50000E+02    2.54335E+02
 1.60000E+02    2.42093E+02
 1.80000E+02    2.24312E+02
 2.00000E+02    2.03786E+02
