# n + U 232 : (n,g)     
# tendl.2019 A.J. Koning and D. Rochman        EVAL-DEC19
# uncertainties: y
# # energies =    69
#   E(MeV)       xs(mb)       xslow(mb)      xsupp(mb)
 1.00000E-10    5.66409E+05    4.68854E+05    6.63964E+05
 5.00000E-09    1.51272E+05    1.25274E+05    1.77271E+05
 1.00000E-08    1.12794E+05    9.34091E+04    1.32180E+05
 1.50000E-08    9.33450E+04    7.73023E+04    1.09388E+05
 2.00000E-08    8.09126E+04    6.70066E+04    9.48186E+04
 2.50000E-08    7.20350E+04    5.96934E+04    8.43767E+04
 3.00000E-08    6.52618E+04    5.41019E+04    7.64217E+04
 3.50000E-08    5.89902E+04    4.89027E+04    6.90777E+04
 4.20000E-08    5.28247E+04    4.38746E+04    6.17749E+04
 5.00000E-08    4.76462E+04    3.95447E+04    5.57477E+04
 5.80000E-08    4.32640E+04    3.59076E+04    5.06203E+04
 6.70000E-08    3.87718E+04    3.21787E+04    4.53650E+04
 8.00000E-08    3.36182E+04    2.79295E+04    3.93069E+04
 1.00000E-07    2.71982E+04    2.26771E+04    3.17193E+04
 1.40000E-07    2.13093E+04    1.77671E+04    2.48515E+04
 1.80000E-07    1.73941E+04    1.45027E+04    2.02854E+04
 2.20000E-07    1.48659E+04    1.24559E+04    1.72758E+04
 2.50000E-07    1.31842E+04    1.10468E+04    1.53215E+04
 2.80000E-07    1.20034E+04    1.00575E+04    1.39492E+04
 3.00000E-07    1.11908E+04    9.43604E+03    1.29456E+04
 3.20000E-07    1.03061E+04    8.69007E+03    1.19222E+04
 3.50000E-07    9.12320E+03    7.69264E+03    1.05538E+04
 4.00000E-07    7.46549E+03    6.32781E+03    8.60317E+03
 5.00000E-07    5.74697E+03    4.91384E+03    6.58010E+03
 6.25000E-07    4.40502E+03    3.76643E+03    5.04361E+03
 7.80000E-07    3.65836E+03    3.17020E+03    4.14653E+03
 8.50000E-07    3.34170E+03    2.89578E+03    3.78761E+03
 9.10000E-07    3.13326E+03    2.71516E+03    3.55135E+03
 9.50000E-07    3.01749E+03    2.61484E+03    3.42014E+03
 9.72000E-07    2.93811E+03    2.54605E+03    3.33017E+03
 9.96000E-07    2.86003E+03    2.47840E+03    3.24167E+03
 1.02000E-06    2.78493E+03    2.46900E+03    3.10087E+03
 1.04500E-06    2.71155E+03    2.40394E+03    3.01916E+03
 1.07100E-06    2.64110E+03    2.34148E+03    2.94072E+03
 1.09700E-06    2.57489E+03    2.28278E+03    2.86699E+03
 1.12300E-06    2.51147E+03    2.22656E+03    2.79638E+03
 1.15000E-06    2.33267E+03    2.06804E+03    2.59729E+03
 1.30000E-06    2.05827E+03    1.82477E+03    2.29177E+03
 1.50000E-06    1.73211E+03    1.53561E+03    1.92861E+03
 2.10000E-06    1.56399E+03    1.38804E+03    1.73993E+03
 2.60000E-06    1.65959E+03    1.47289E+03    1.84629E+03
 3.30000E-06    2.13585E+03    1.85659E+03    2.41511E+03
 4.00000E-06    1.15193E+05    9.76096E+04    1.32777E+05
 9.87700E-06    4.68152E+04    4.19983E+04    5.16321E+04
 1.59680E-05    2.96882E+04    2.58852E+04    3.34913E+04
 2.77000E-05    8.06021E+03    6.44873E+03    9.67170E+03
 4.80520E-05    3.15635E+03    2.41815E+03    3.89455E+03
 7.55014E-05    4.02422E+03    2.24432E+03    5.80413E+03
 1.48728E-04    1.56677E+04    1.40825E+04    1.72528E+04
 3.67262E-04    6.30771E+03    6.30771E+03    6.30771E+03
 9.06898E-04    3.05494E+03    3.05494E+03    3.05494E+03
 1.42510E-03    2.30983E+03    2.30983E+03    2.30983E+03
 2.23945E-03    1.76253E+03    1.76253E+03    1.76253E+03
 3.51910E-03    1.36568E+03    1.36568E+03    1.36568E+03
 5.53000E-03    1.06643E+03    1.06643E+03    1.06643E+03
 9.11800E-03    8.61799E+02    8.61799E+02    8.61799E+02
 1.50300E-02    7.17903E+02    7.17903E+02    7.17903E+02
 2.47800E-02    6.16901E+02    6.16901E+02    6.16901E+02
 4.08500E-02    5.28008E+02    5.28008E+02    5.28008E+02
 6.73400E-02    4.27363E+02    4.27363E+02    4.27363E+02
 1.11000E-01    3.28756E+02    3.28756E+02    3.28756E+02
 1.83000E-01    2.76299E+02    2.76299E+02    2.76299E+02
 3.02000E-01    2.37599E+02    2.37599E+02    2.37599E+02
 5.00000E-01    2.10925E+02    2.10925E+02    2.10925E+02
 8.21000E-01    1.65335E+02    1.65335E+02    1.65335E+02
 1.35300E+00    1.03851E+02    1.03851E+02    1.03851E+02
 2.23100E+00    3.32807E+01    3.32807E+01    3.32807E+01
 3.67900E+00    4.97382E+00    4.97382E+00    4.97382E+00
 6.06500E+00    1.19573E+00    1.19573E+00    1.19573E+00
