# n + U 232 : (n,nt)    
# tendl.2019 A.J. Koning and D. Rochman        EVAL-DEC19
# uncertainties: y
# # energies =    20
#   E(MeV)       xs(mb)       xslow(mb)      xsupp(mb)
 1.02817E+01    0.00000E+00    0.00000E+00    0.00000E+00
 1.35000E+01    2.92680E-16    2.92680E-16    2.92680E-16
 1.40000E+01    6.82600E-14    6.82600E-14    6.82600E-14
 1.45000E+01    3.60700E-11    3.60700E-11    3.60700E-11
 1.50000E+01    7.83870E-10    7.83870E-10    7.83870E-10
 1.60000E+01    1.00050E-07    1.00050E-07    1.00050E-07
 1.70000E+01    4.48904E-06    4.48904E-06    4.48904E-06
 1.80000E+01    8.81325E-05    8.81325E-05    8.81325E-05
 1.90000E+01    8.59848E-04    8.59848E-04    8.59848E-04
 2.00000E+01    6.05643E-03    6.05643E-03    6.05643E-03
 2.10000E+01    3.06787E-02    3.06787E-02    3.06787E-02
 2.20000E+01    9.25748E-02    9.25748E-02    9.25748E-02
 2.30000E+01    2.37912E-01    2.37912E-01    2.37912E-01
 2.40000E+01    4.55408E-01    4.55408E-01    4.55408E-01
 2.50000E+01    7.96332E-01    7.96332E-01    7.96332E-01
 2.60000E+01    1.20959E+00    1.20959E+00    1.20959E+00
 2.70000E+01    1.69729E+00    1.69729E+00    1.69729E+00
 2.80000E+01    2.19447E+00    2.19447E+00    2.19447E+00
 2.90000E+01    2.63887E+00    2.63887E+00    2.63887E+00
 3.00000E+01    3.03122E+00    3.03122E+00    3.03122E+00
