# n + Pb208 : (n,n'15)  
# jendl4.0   O.Iwamoto, N.Iwamoto              EVAL-MAR10
# uncertainties: n
# # energies =    43
#   E(MeV)       xs(mb) 
 4.16108E+00    0.00000E+00
 4.17917E+00    1.05240E+01
 4.20068E+00    1.72696E+01
 4.22580E+00    2.46973E+01
 4.25001E+00    3.15042E+01
 4.25052E+00    3.15832E+01
 4.27413E+00    3.73535E+01
 4.28307E+00    3.93171E+01
 4.31701E+00    4.66029E+01
 4.33894E+00    5.08947E+01
 4.34417E+00    5.16883E+01
 4.50000E+00    7.06455E+01
 5.00000E+00    7.69334E+01
 5.50000E+00    6.53813E+01
 6.00000E+00    5.06764E+01
 6.50000E+00    3.40143E+01
 7.00000E+00    2.02078E+01
 7.50000E+00    1.13543E+01
 8.00000E+00    6.38840E+00
 8.50000E+00    3.75105E+00
 9.00000E+00    2.35738E+00
 9.50000E+00    1.60716E+00
 1.00000E+01    1.19315E+00
 1.05000E+01    9.57911E-01
 1.10000E+01    8.19093E-01
 1.15000E+01    7.33129E-01
 1.20000E+01    6.76079E-01
 1.25000E+01    6.34246E-01
 1.30000E+01    6.00023E-01
 1.35000E+01    5.69490E-01
 1.40000E+01    5.41025E-01
 1.45000E+01    5.14198E-01
 1.50000E+01    4.88882E-01
 1.55000E+01    4.65106E-01
 1.60000E+01    4.42908E-01
 1.65000E+01    4.22384E-01
 1.70000E+01    4.03452E-01
 1.75000E+01    3.86054E-01
 1.80000E+01    3.70042E-01
 1.85000E+01    3.55311E-01
 1.90000E+01    3.41443E-01
 1.95000E+01    3.28363E-01
 2.00000E+01    3.16001E-01
