# n + Tc 98 : (n,xn)    
# tendl.2019 A.J. Koning and D. Rochman        EVAL-NOV19
# 
# # energies =   136
#   E(MeV)        xs(mb) 
 2.20246E-02    0.00000E+00
 3.00000E-02    2.05804E+02
 6.00000E-02    6.79663E+02
 6.61041E-02    7.15523E+02
 7.40349E-02    7.97035E+02
 8.25215E-02    8.84269E+02
 9.16950E-02    1.09446E+03
 1.00000E-01    1.28480E+03
 1.07526E-01    1.30865E+03
 1.39977E-01    1.67405E+03
 1.43463E-01    1.71333E+03
 1.53657E-01    1.83359E+03
 1.92170E-01    2.30738E+03
 2.00000E-01    2.41308E+03
 2.05768E-01    2.41338E+03
 2.70902E-01    2.50010E+03
 3.00000E-01    2.56553E+03
 3.09355E-01    2.53771E+03
 3.25135E-01    2.50241E+03
 3.31834E-01    2.48756E+03
 3.50504E-01    2.45914E+03
 3.54889E-01    2.46559E+03
 3.78954E-01    2.50143E+03
 3.94058E-01    2.53099E+03
 4.00000E-01    2.54298E+03
 4.28409E-01    2.49338E+03
 4.45564E-01    2.47078E+03
 4.51605E-01    2.47549E+03
 4.62547E-01    2.48602E+03
 4.89219E-01    2.51176E+03
 5.00000E-01    2.52228E+03
 5.07263E-01    2.51447E+03
 5.43037E-01    2.48081E+03
 5.48816E-01    2.47537E+03
 5.73852E-01    2.45508E+03
 6.00000E-01    2.43389E+03
 6.15779E-01    2.40285E+03
 6.28590E-01    2.38620E+03
 7.00000E-01    2.32625E+03
 8.00000E-01    2.24425E+03
 9.00000E-01    2.18594E+03
 1.00000E+00    2.14852E+03
 1.20000E+00    2.11681E+03
 1.40000E+00    2.12069E+03
 1.60000E+00    2.13959E+03
 1.80000E+00    2.15744E+03
 2.00000E+00    2.16779E+03
 2.20000E+00    2.16542E+03
 2.40000E+00    2.15015E+03
 2.60000E+00    2.12601E+03
 2.80000E+00    2.09573E+03
 3.00000E+00    2.06217E+03
 3.20000E+00    2.02997E+03
 3.40000E+00    2.00029E+03
 3.60000E+00    1.97362E+03
 3.80000E+00    1.95255E+03
 4.00000E+00    1.93609E+03
 4.20000E+00    1.92434E+03
 4.40000E+00    1.91716E+03
 4.60000E+00    1.91354E+03
 4.80000E+00    1.91368E+03
 5.00000E+00    1.91521E+03
 5.20000E+00    1.91822E+03
 5.40000E+00    1.92246E+03
 5.60000E+00    1.92627E+03
 5.80000E+00    1.92996E+03
 6.00000E+00    1.93246E+03
 6.20000E+00    1.93423E+03
 6.40000E+00    1.93415E+03
 6.60000E+00    1.93338E+03
 6.80000E+00    1.93094E+03
 7.00000E+00    1.92765E+03
 7.20000E+00    1.92334E+03
 7.40000E+00    1.94669E+03
 7.60000E+00    1.98024E+03
 7.80000E+00    2.08049E+03
 8.00000E+00    2.12295E+03
 8.50000E+00    2.39197E+03
 9.00000E+00    2.61964E+03
 9.50000E+00    2.79359E+03
 1.00000E+01    2.92382E+03
 1.05000E+01    3.01445E+03
 1.10000E+01    3.07540E+03
 1.15000E+01    3.11266E+03
 1.20000E+01    3.13191E+03
 1.25000E+01    3.14828E+03
 1.30000E+01    3.15530E+03
 1.35000E+01    3.15472E+03
 1.40000E+01    3.15598E+03
 1.45000E+01    3.14774E+03
 1.50000E+01    3.14578E+03
 1.60000E+01    3.13276E+03
 1.70000E+01    3.12020E+03
 1.80000E+01    3.18854E+03
 1.90000E+01    3.32055E+03
 2.00000E+01    3.43323E+03
 2.10000E+01    3.53995E+03
 2.20000E+01    3.58386E+03
 2.30000E+01    3.62139E+03
 2.40000E+01    3.64750E+03
 2.50000E+01    3.65636E+03
 2.60000E+01    3.66406E+03
 2.70000E+01    3.67842E+03
 2.80000E+01    3.71079E+03
 2.90000E+01    3.74227E+03
 3.00000E+01    3.78076E+03
 3.00000E+01    3.78545E+03
 3.20000E+01    3.85167E+03
 3.40000E+01    3.88853E+03
 3.60000E+01    3.91101E+03
 3.80000E+01    3.93581E+03
 4.00000E+01    3.96611E+03
 4.20000E+01    3.99690E+03
 4.40000E+01    4.03798E+03
 4.60000E+01    4.06884E+03
 4.80000E+01    4.09102E+03
 5.00000E+01    4.10893E+03
 5.20000E+01    4.12960E+03
 5.40000E+01    4.14374E+03
 5.60000E+01    4.15325E+03
 5.80000E+01    4.17093E+03
 6.00000E+01    4.18268E+03
 6.50000E+01    4.20556E+03
 7.00000E+01    4.22242E+03
 7.50000E+01    4.23046E+03
 8.00000E+01    4.25058E+03
 9.00000E+01    4.43824E+03
 1.00000E+02    4.64450E+03
 1.10000E+02    4.83370E+03
 1.20000E+02    5.04391E+03
 1.30000E+02    5.28437E+03
 1.40000E+02    5.54282E+03
 1.50000E+02    5.81386E+03
 1.60000E+02    6.13383E+03
 1.80000E+02    6.89296E+03
 2.00000E+02    7.68838E+03
