# p + Nb 93m: (p,n')g   
# tendl.2019 A.J. Koning                       EVAL-OCT19
# uncertainties: y
# # energies =    46
#   E(MeV)       xs(mb)       xslow(mb)      xsupp(mb)
 1.16990E+00    0.00000E+00    0.00000E+00    0.00000E+00
 2.00000E+00    9.63126E-03    0.00000E+00    0.00000E+00
 3.00000E+00    8.77279E-01    0.00000E+00    0.00000E+00
 4.00000E+00    1.09053E+01    0.00000E+00    0.00000E+00
 5.00000E+00    5.60209E+01    0.00000E+00    0.00000E+00
 6.00000E+00    1.65858E+02    0.00000E+00    0.00000E+00
 7.00000E+00    3.24074E+02    0.00000E+00    0.00000E+00
 8.00000E+00    4.79497E+02    0.00000E+00    0.00000E+00
 9.00000E+00    6.07868E+02    0.00000E+00    0.00000E+00
 1.00000E+01    6.10559E+02    0.00000E+00    0.00000E+00
 1.10000E+01    4.84333E+02    0.00000E+00    0.00000E+00
 1.20000E+01    3.66921E+02    0.00000E+00    0.00000E+00
 1.30000E+01    2.52318E+02    0.00000E+00    0.00000E+00
 1.40000E+01    1.70865E+02    0.00000E+00    0.00000E+00
 1.50000E+01    1.22513E+02    0.00000E+00    0.00000E+00
 1.60000E+01    9.56761E+01    0.00000E+00    0.00000E+00
 1.70000E+01    8.04922E+01    0.00000E+00    0.00000E+00
 1.80000E+01    7.17604E+01    0.00000E+00    0.00000E+00
 1.90000E+01    6.55006E+01    0.00000E+00    0.00000E+00
 2.00000E+01    6.11317E+01    0.00000E+00    0.00000E+00
 2.20000E+01    5.47359E+01    0.00000E+00    0.00000E+00
 2.40000E+01    5.00221E+01    0.00000E+00    0.00000E+00
 2.60000E+01    4.57883E+01    0.00000E+00    0.00000E+00
 2.80000E+01    4.21576E+01    0.00000E+00    0.00000E+00
 3.00000E+01    3.84128E+01    0.00000E+00    0.00000E+00
 3.00000E+01    3.91630E+01    0.00000E+00    0.00000E+00
 3.50000E+01    3.10596E+01    0.00000E+00    0.00000E+00
 4.00000E+01    2.54961E+01    0.00000E+00    0.00000E+00
 4.50000E+01    2.09999E+01    0.00000E+00    0.00000E+00
 5.00000E+01    1.76734E+01    0.00000E+00    0.00000E+00
 5.50000E+01    1.49045E+01    0.00000E+00    0.00000E+00
 6.00000E+01    1.28895E+01    0.00000E+00    0.00000E+00
 6.50000E+01    1.10764E+01    0.00000E+00    0.00000E+00
 7.00000E+01    9.58108E+00    0.00000E+00    0.00000E+00
 7.50000E+01    8.61826E+00    0.00000E+00    0.00000E+00
 8.00000E+01    7.47754E+00    0.00000E+00    0.00000E+00
 9.00000E+01    5.93290E+00    0.00000E+00    0.00000E+00
 1.00000E+02    4.72654E+00    0.00000E+00    0.00000E+00
 1.10000E+02    3.79492E+00    0.00000E+00    0.00000E+00
 1.20000E+02    3.13663E+00    0.00000E+00    0.00000E+00
 1.30000E+02    2.62984E+00    0.00000E+00    0.00000E+00
 1.40000E+02    2.29617E+00    0.00000E+00    0.00000E+00
 1.50000E+02    1.97521E+00    0.00000E+00    0.00000E+00
 1.60000E+02    1.77583E+00    0.00000E+00    0.00000E+00
 1.80000E+02    1.41823E+00    0.00000E+00    0.00000E+00
 2.00000E+02    1.20293E+00    0.00000E+00    0.00000E+00
