# p + Os189 : (p,f)     
# tendl.2019 A.J. Koning                       EVAL-OCT19
# uncertainties: n
# # energies =    31
#   E(MeV)       xs(mb) 
 1.00000E-03    1.00000E-17
 1.60000E+01    1.00000E-17
 1.70000E+01    2.31213E-10
 1.80000E+01    1.75388E-08
 1.90000E+01    5.23085E-08
 2.00000E+01    1.45062E-07
 2.20000E+01    1.06202E-06
 2.40000E+01    4.91812E-06
 2.60000E+01    1.61471E-05
 2.80000E+01    4.08880E-05
 3.00000E+01    8.72176E-05
 3.50000E+01    3.58269E-04
 4.00000E+01    9.56782E-04
 4.50000E+01    1.96249E-03
 5.00000E+01    3.36843E-03
 5.50000E+01    5.19946E-03
 6.00000E+01    7.20157E-03
 6.50000E+01    9.53021E-03
 7.00000E+01    1.17766E-02
 7.50000E+01    1.41551E-02
 8.00000E+01    1.63822E-02
 9.00000E+01    2.05933E-02
 1.00000E+02    2.38139E-02
 1.10000E+02    2.69563E-02
 1.20000E+02    2.93381E-02
 1.30000E+02    3.16404E-02
 1.40000E+02    3.35982E-02
 1.50000E+02    3.54183E-02
 1.60000E+02    3.68688E-02
 1.80000E+02    3.63674E-02
 2.00000E+02    3.14842E-02
