# n + Th232 : (n,n'29)  
# jendl4.0   O.Iwamoto,T.Nakagawa,et al.       EVAL-JAN10
# uncertainties: y
# # energies =    48
#   E(MeV)       xs(mb)       xslow(mb)      xsupp(mb)
 1.15329E+00    0.00000E+00    0.00000E+00    0.00000E+00
 1.20000E+00    6.69088E+00    5.76085E+00    7.62091E+00
 1.30000E+00    2.06255E+01    1.77586E+01    2.34924E+01
 1.40000E+00    3.01135E+01    2.59277E+01    3.42993E+01
 1.50000E+00    3.49815E+01    2.57114E+01    4.42516E+01
 1.60000E+00    3.68322E+01    2.70717E+01    4.65927E+01
 1.70000E+00    3.64877E+01    2.68185E+01    4.61569E+01
 1.80000E+00    3.46395E+01    2.54600E+01    4.38190E+01
 1.90000E+00    3.18666E+01    2.34219E+01    4.03112E+01
 2.00000E+00    2.86404E+01    2.40293E+01    3.32515E+01
 2.30000E+00    1.95221E+01    1.63790E+01    2.26652E+01
 2.50000E+00    1.43330E+01    1.31563E+01    1.55097E+01
 2.70000E+00    1.03047E+01    9.45868E+00    1.11507E+01
 3.00000E+00    6.03822E+00    5.63487E+00    6.44157E+00
 3.50000E+00    2.25877E+00    2.09343E+00    2.42411E+00
 4.00000E+00    7.93809E-01    7.13634E-01    8.73984E-01
 4.50000E+00    2.77133E-01    2.49143E-01    3.05123E-01
 5.00000E+00    1.09700E-01    9.64263E-02    1.22974E-01
 5.50000E+00    5.32946E-02    4.68460E-02    5.97432E-02
 6.00000E+00    3.36644E-02    2.86484E-02    3.86804E-02
 6.50000E+00    2.55341E-02    2.17295E-02    2.93387E-02
 7.00000E+00    2.16832E-02    1.76718E-02    2.56946E-02
 7.50000E+00    1.93104E-02    1.57380E-02    2.28828E-02
 8.00000E+00    1.77396E-02    1.42981E-02    2.11811E-02
 8.50000E+00    1.64496E-02    1.32584E-02    1.96408E-02
 9.00000E+00    1.54277E-02    1.24347E-02    1.84207E-02
 9.50000E+00    1.44741E-02    1.16661E-02    1.72821E-02
 1.00000E+01    1.36424E-02    1.10503E-02    1.62345E-02
 1.05000E+01    1.27645E-02    1.03392E-02    1.51898E-02
 1.10000E+01    1.19952E-02    9.71611E-03    1.42743E-02
 1.15000E+01    1.13427E-02    9.18759E-03    1.34978E-02
 1.20000E+01    1.08118E-02    8.83324E-03    1.27904E-02
 1.25000E+01    1.02675E-02    8.38855E-03    1.21465E-02
 1.30000E+01    9.69843E-03    7.92362E-03    1.14732E-02
 1.35000E+01    9.18066E-03    7.50060E-03    1.08607E-02
 1.40000E+01    8.72401E-03    7.17986E-03    1.02682E-02
 1.45000E+01    8.32952E-03    6.85519E-03    9.80385E-03
 1.50000E+01    7.99997E-03    6.60797E-03    9.39196E-03
 1.55000E+01    7.72237E-03    6.37868E-03    9.06606E-03
 1.60000E+01    7.37750E-03    6.11595E-03    8.63905E-03
 1.65000E+01    7.02285E-03    5.82194E-03    8.22376E-03
 1.70000E+01    6.69941E-03    5.55381E-03    7.84501E-03
 1.75000E+01    6.40280E-03    5.30792E-03    7.49768E-03
 1.80000E+01    6.13112E-03    5.10722E-03    7.15502E-03
 1.85000E+01    5.88556E-03    4.90267E-03    6.86845E-03
 1.90000E+01    5.66695E-03    4.72057E-03    6.61333E-03
 1.95000E+01    5.47193E-03    4.55812E-03    6.38574E-03
 2.00000E+01    5.29688E-03    4.41230E-03    6.18146E-03
