# n + Th232 : (n,n'01)  
# jendl4.0   O.Iwamoto,T.Nakagawa,et al.       EVAL-JAN10
# uncertainties: y
# # energies =    93
#   E(MeV)       xs(mb)       xslow(mb)      xsupp(mb)
 4.95836E-02    0.00000E+00    0.00000E+00    0.00000E+00
 5.00000E-02    8.99123E+00    7.75943E+00    1.02230E+01
 7.00000E-02    2.24079E+02    1.93380E+02    2.54778E+02
 1.00000E-01    4.56802E+02    4.11122E+02    5.02482E+02
 1.20000E-01    5.49726E+02    4.94753E+02    6.04699E+02
 1.40000E-01    6.30102E+02    5.67092E+02    6.93112E+02
 1.62825E-01    7.16766E+02    6.45089E+02    7.88443E+02
 1.70000E-01    7.43558E+02    6.69202E+02    8.17914E+02
 2.00000E-01    8.60210E+02    7.87350E+02    9.33070E+02
 2.50000E-01    9.67559E+02    8.85607E+02    1.04951E+03
 3.00000E-01    1.08253E+03    9.86726E+02    1.17833E+03
 3.34648E-01    1.10902E+03    1.01087E+03    1.20717E+03
 4.00000E-01    1.17066E+03    1.05547E+03    1.28585E+03
 5.00000E-01    1.30761E+03    1.17894E+03    1.43628E+03
 5.59321E-01    1.33311E+03    1.20193E+03    1.46429E+03
 6.00000E-01    1.35053E+03    1.22250E+03    1.47856E+03
 7.00000E-01    1.41092E+03    1.27716E+03    1.54468E+03
 7.17355E-01    1.41441E+03    1.28032E+03    1.54850E+03
 7.33525E-01    1.39321E+03    1.26113E+03    1.52529E+03
 7.77465E-01    1.35248E+03    1.22427E+03    1.48070E+03
 7.77766E-01    1.35017E+03    1.22217E+03    1.47817E+03
 7.88714E-01    1.32574E+03    1.20006E+03    1.45142E+03
 8.00000E-01    1.29611E+03    1.18192E+03    1.41030E+03
 8.30595E-01    1.23980E+03    1.13057E+03    1.34903E+03
 8.33206E-01    1.23563E+03    1.12677E+03    1.34449E+03
 8.76795E-01    1.16526E+03    1.06260E+03    1.26792E+03
 8.87441E-01    1.15156E+03    1.05011E+03    1.25301E+03
 8.93969E-01    1.14371E+03    1.04295E+03    1.24447E+03
 9.00000E-01    1.13651E+03    1.03638E+03    1.23664E+03
 9.64575E-01    1.07304E+03    9.78505E+02    1.16757E+03
 1.00000E+00    1.04715E+03    9.75106E+02    1.11919E+03
 1.02755E+00    1.02795E+03    9.57227E+02    1.09867E+03
 1.04743E+00    1.01576E+03    9.45876E+02    1.08564E+03
 1.05446E+00    1.01128E+03    9.41704E+02    1.08086E+03
 1.05818E+00    1.00883E+03    9.39422E+02    1.07824E+03
 1.07756E+00    9.91782E+02    9.23547E+02    1.06002E+03
 1.08218E+00    9.86543E+02    9.18669E+02    1.05442E+03
 1.08339E+00    9.84175E+02    9.16464E+02    1.05189E+03
 1.09916E+00    9.65180E+02    8.98776E+02    1.03158E+03
 1.10000E+00    9.63930E+02    8.97612E+02    1.03025E+03
 1.11051E+00    9.52017E+02    8.86518E+02    1.01752E+03
 1.12668E+00    9.33623E+02    8.69390E+02    9.97856E+02
 1.14204E+00    9.15361E+02    8.52384E+02    9.78338E+02
 1.14827E+00    9.08736E+02    8.46215E+02    9.71257E+02
 1.15098E+00    9.05658E+02    8.43349E+02    9.67967E+02
 1.15329E+00    9.03147E+02    8.41010E+02    9.65283E+02
 1.20000E+00    8.59056E+02    7.99352E+02    9.18760E+02
 1.30000E+00    7.80335E+02    7.26102E+02    8.34568E+02
 1.40000E+00    7.12531E+02    6.63010E+02    7.62052E+02
 1.50000E+00    6.56313E+02    5.96720E+02    7.15906E+02
 1.60000E+00    6.10916E+02    5.55445E+02    6.66387E+02
 1.70000E+00    5.74017E+02    5.21896E+02    6.26138E+02
 1.80000E+00    5.44693E+02    4.95235E+02    5.94151E+02
 1.90000E+00    5.20635E+02    4.73361E+02    5.67909E+02
 2.00000E+00    5.01722E+02    4.44024E+02    5.59420E+02
 2.30000E+00    4.61343E+02    4.08289E+02    5.14397E+02
 2.50000E+00    4.42742E+02    3.88727E+02    4.96757E+02
 2.70000E+00    4.28827E+02    3.76510E+02    4.81144E+02
 3.00000E+00    4.12608E+02    3.59382E+02    4.65834E+02
 3.50000E+00    3.89162E+02    3.35458E+02    4.42866E+02
 4.00000E+00    3.70408E+02    3.15217E+02    4.25599E+02
 4.50000E+00    3.51117E+02    2.98801E+02    4.03433E+02
 5.00000E+00    3.32271E+02    2.78775E+02    3.85767E+02
 5.50000E+00    3.18355E+02    2.67100E+02    3.69610E+02
 6.00000E+00    3.04478E+02    2.54848E+02    3.54108E+02
 6.50000E+00    2.96170E+02    2.47894E+02    3.44446E+02
 7.00000E+00    2.87866E+02    2.40656E+02    3.35076E+02
 7.50000E+00    2.81166E+02    2.35055E+02    3.27277E+02
 8.00000E+00    2.74466E+02    2.29179E+02    3.19753E+02
 8.50000E+00    2.67051E+02    2.22988E+02    3.11114E+02
 9.00000E+00    2.59636E+02    2.16536E+02    3.02736E+02
 9.50000E+00    2.51604E+02    2.09838E+02    2.93370E+02
 1.00000E+01    2.43572E+02    2.03383E+02    2.83761E+02
 1.05000E+01    2.35667E+02    1.96782E+02    2.74552E+02
 1.10000E+01    2.27761E+02    1.90180E+02    2.65342E+02
 1.15000E+01    2.20287E+02    1.83940E+02    2.56634E+02
 1.20000E+01    2.12813E+02    1.78550E+02    2.47076E+02
 1.25000E+01    2.05830E+02    1.72691E+02    2.38969E+02
 1.30000E+01    1.98847E+02    1.66833E+02    2.30861E+02
 1.35000E+01    1.92442E+02    1.61459E+02    2.23425E+02
 1.40000E+01    1.86038E+02    1.57388E+02    2.14688E+02
 1.45000E+01    1.80315E+02    1.52546E+02    2.08084E+02
 1.50000E+01    1.74592E+02    1.48229E+02    2.00955E+02
 1.55000E+01    1.69595E+02    1.43986E+02    1.95204E+02
 1.60000E+01    1.64597E+02    1.40072E+02    1.89122E+02
 1.65000E+01    1.60305E+02    1.36420E+02    1.84190E+02
 1.70000E+01    1.56014E+02    1.32768E+02    1.79260E+02
 1.75000E+01    1.52373E+02    1.29669E+02    1.75077E+02
 1.80000E+01    1.48733E+02    1.27167E+02    1.70299E+02
 1.85000E+01    1.45673E+02    1.24550E+02    1.66796E+02
 1.90000E+01    1.42612E+02    1.21933E+02    1.63291E+02
 1.95000E+01    1.40048E+02    1.19741E+02    1.60355E+02
 2.00000E+01    1.37484E+02    1.17549E+02    1.57419E+02
