# n + In113 : (n,np)    
# tendl.2019 A.J. Koning and D. Rochman        EVAL-NOV19
# uncertainties: y
# # energies =    37
#   E(MeV)       xs(mb)       xslow(mb)      xsupp(mb)
 6.13556E+00    0.00000E+00   -0.00000E+00    0.00000E+00
 6.80000E+00    2.99920E-15    0.00000E+00    1.15325E-14
 7.00000E+00    9.73580E-12    0.00000E+00    3.74360E-11
 7.20000E+00    6.24940E-10    0.00000E+00    2.40301E-09
 7.40000E+00    3.51960E-08    0.00000E+00    1.35335E-07
 7.60000E+00    5.93010E-07    0.00000E+00    2.28024E-06
 7.80000E+00    7.06955E-06    0.00000E+00    2.71838E-05
 8.00000E+00    4.79515E-05    0.00000E+00    1.84383E-04
 8.50000E+00    2.05536E-03    0.00000E+00    7.90325E-03
 9.00000E+00    2.70676E-02    6.80694E-03    4.73283E-02
 9.50000E+00    1.74787E-01    4.39553E-02    3.05619E-01
 1.00000E+01    3.58816E-01    9.02348E-02    6.27397E-01
 1.05000E+01    5.45037E-01    1.37066E-01    9.53008E-01
 1.10000E+01    9.60975E-01    2.41665E-01    1.68028E+00
 1.15000E+01    1.82483E+00    4.58907E-01    3.19075E+00
 1.20000E+01    3.25798E+00    8.19315E-01    5.69665E+00
 1.25000E+01    5.43492E+00    1.36677E+00    9.50307E+00
 1.30000E+01    8.69507E+00    3.87221E+00    1.35179E+01
 1.35000E+01    1.26404E+01    5.62919E+00    1.96516E+01
 1.40000E+01    1.75678E+01    7.82353E+00    2.73121E+01
 1.45000E+01    2.30292E+01    1.02557E+01    3.58027E+01
 1.50000E+01    2.90204E+01    1.29238E+01    4.51170E+01
 1.60000E+01    4.15672E+01    2.18555E+01    6.12789E+01
 1.70000E+01    5.40277E+01    2.84071E+01    7.96483E+01
 1.80000E+01    6.63845E+01    3.49041E+01    9.78649E+01
 1.90000E+01    7.87142E+01    4.13869E+01    1.16042E+02
 2.00000E+01    9.17212E+01    5.11847E+01    1.32258E+02
 2.10000E+01    1.03697E+02    5.78677E+01    1.49526E+02
 2.20000E+01    1.13376E+02    6.32691E+01    1.63483E+02
 2.30000E+01    1.18638E+02    6.62055E+01    1.71070E+02
 2.40000E+01    1.19222E+02    7.11665E+01    1.67277E+02
 2.50000E+01    1.15885E+02    6.91746E+01    1.62595E+02
 2.60000E+01    1.10083E+02    6.57112E+01    1.54455E+02
 2.70000E+01    1.03914E+02    6.20288E+01    1.45799E+02
 2.80000E+01    9.94946E+01    5.93908E+01    1.39598E+02
 2.90000E+01    9.52096E+01    5.68329E+01    1.33586E+02
 3.00000E+01    9.26148E+01    5.52840E+01    1.29946E+02
