# n + Dy162 : (n,n'22)  
# tendl.2019 A.J. Koning and D. Rochman        EVAL-NOV19
# uncertainties: n
# # energies =    71
#   E(MeV)       xs(mb) 
 1.53966E+00    0.00000E+00
 1.54523E+00    4.41853E-02
 1.58070E+00    3.25557E-01
 1.58410E+00    3.52528E-01
 1.58544E+00    3.63158E-01
 1.60000E+00    4.78657E-01
 1.64460E+00    7.88858E-01
 1.64739E+00    8.08262E-01
 1.66239E+00    9.12590E-01
 1.67665E+00    1.01177E+00
 1.80000E+00    1.86969E+00
 2.00000E+00    3.18395E+00
 2.20000E+00    3.90276E+00
 2.40000E+00    3.98126E+00
 2.60000E+00    3.64877E+00
 2.80000E+00    3.13930E+00
 3.00000E+00    2.60155E+00
 3.20000E+00    2.17425E+00
 3.40000E+00    1.73504E+00
 3.60000E+00    1.37089E+00
 3.80000E+00    1.07676E+00
 4.00000E+00    8.43383E-01
 4.20000E+00    6.59516E-01
 4.40000E+00    5.17345E-01
 4.60000E+00    4.15018E-01
 4.80000E+00    3.22039E-01
 5.00000E+00    2.49776E-01
 5.20000E+00    1.93349E-01
 5.40000E+00    1.49480E-01
 5.60000E+00    1.15483E-01
 5.80000E+00    8.92795E-02
 6.00000E+00    6.85483E-02
 6.20000E+00    5.28910E-02
 6.40000E+00    4.08017E-02
 6.60000E+00    3.15461E-02
 6.80000E+00    2.44508E-02
 7.00000E+00    1.89935E-02
 7.20000E+00    1.48003E-02
 7.40000E+00    1.15530E-02
 7.60000E+00    9.04079E-03
 7.80000E+00    7.08969E-03
 8.00000E+00    5.56757E-03
 8.50000E+00    3.06885E-03
 9.00000E+00    1.70575E-03
 9.50000E+00    9.54719E-04
 1.00000E+01    5.38260E-04
 1.05000E+01    3.05957E-04
 1.10000E+01    1.75449E-04
 1.15000E+01    1.01538E-04
 1.20000E+01    5.93277E-05
 1.25000E+01    3.49550E-05
 1.30000E+01    2.07706E-05
 1.35000E+01    1.24426E-05
 1.40000E+01    7.51722E-06
 1.45000E+01    4.57052E-06
 1.50000E+01    2.80139E-06
 1.60000E+01    1.07205E-06
 1.70000E+01    4.20580E-07
 1.80000E+01    1.68590E-07
 1.90000E+01    6.87220E-08
 2.00000E+01    2.87650E-08
 2.10000E+01    1.22710E-08
 2.20000E+01    5.33030E-09
 2.30000E+01    2.36430E-09
 2.40000E+01    1.06870E-09
 2.50000E+01    4.91060E-10
 2.60000E+01    2.28510E-10
 2.70000E+01    1.07410E-10
 2.80000E+01    5.11040E-11
 2.90000E+01    2.47050E-11
 3.00000E+01    1.20790E-11
