# n + Cu 63 : (n,n'18)  
# endfb8.0   A.Koning,M.Chadwick,Hetrick       EVAL-FEB98
# uncertainties: n
# # energies =    46
#   E(MeV)       xs(mb) 
 2.55226E+00    0.00000E+00
 2.60000E+00    7.78905E+00
 2.70000E+00    1.23086E+01
 2.80000E+00    1.48651E+01
 2.90000E+00    1.67168E+01
 3.00000E+00    1.80822E+01
 3.10000E+00    1.89501E+01
 3.20000E+00    1.93673E+01
 3.30000E+00    1.94007E+01
 3.40000E+00    1.91276E+01
 3.50000E+00    1.86244E+01
 3.60000E+00    1.79590E+01
 3.80000E+00    1.63550E+01
 4.00000E+00    1.46307E+01
 4.50000E+00    1.07094E+01
 5.00000E+00    7.76643E+00
 5.50000E+00    5.65936E+00
 6.00000E+00    4.12721E+00
 6.50000E+00    2.98466E+00
 7.00000E+00    2.13150E+00
 7.50000E+00    1.50216E+00
 8.00000E+00    1.06098E+00
 8.50000E+00    7.37894E-01
 9.00000E+00    5.12446E-01
 9.50000E+00    3.57142E-01
 1.00000E+01    2.50582E-01
 1.05000E+01    1.77786E-01
 1.10000E+01    1.27940E-01
 1.15000E+01    9.39539E-02
 1.20000E+01    7.07638E-02
 1.25000E+01    5.48671E-02
 1.30000E+01    4.30821E-02
 1.35000E+01    3.54730E-02
 1.40000E+01    3.01189E-02
 1.45000E+01    2.92037E-02
 1.50000E+01    2.62332E-02
 1.55000E+01    2.39703E-02
 1.60000E+01    2.21741E-02
 1.65000E+01    2.07299E-02
 1.70000E+01    1.95158E-02
 1.75000E+01    1.84690E-02
 1.80000E+01    1.75435E-02
 1.85000E+01    1.67203E-02
 1.90000E+01    1.54173E-02
 1.95000E+01    1.47351E-02
 2.00000E+01    1.41122E-02
