# n + Eu155 : (n,tot)   
# endfb8.0   You-Xiang Zhuang and Zhi-Gang Ge  EVAL-FEB99
# uncertainties: n
# # energies =   171
#   E(MeV)       xs(mb) 
 1.00000E-11    4.01298E+07
 1.00000E-07    2.46830E+06
 4.13990E-07    1.18168E+07
 5.31580E-07    5.03733E+07
 6.82560E-07    6.70424E+06
 8.76420E-07    1.03161E+06
 1.12540E-06    3.24949E+05
 1.44500E-06    1.41594E+05
 1.85540E-06    1.47460E+05
 2.37240E-06    4.01621E+04
 3.05900E-06    2.45022E+04
 3.92790E-06    1.73340E+04
 5.04350E-06    1.38970E+04
 6.47600E-06    4.35818E+04
 8.31530E-06    1.01032E+04
 1.06770E-05    9.47763E+03
 1.37100E-05    2.07662E+05
 1.76030E-05    2.75486E+05
 2.26030E-05    4.91177E+04
 2.92030E-05    1.60382E+05
 3.72670E-05    1.52982E+05
 4.78510E-05    1.35766E+05
 6.14420E-05    1.20520E+05
 7.88930E-05    1.07074E+05
 1.01300E-04    9.52204E+04
 1.30070E-04    8.47565E+04
 1.67020E-04    7.55231E+04
 2.14450E-04    6.73628E+04
 2.75360E-04    6.01711E+04
 3.53580E-04    5.38174E+04
 4.54000E-04    4.82052E+04
 5.82950E-04    4.32602E+04
 7.48520E-04    3.88849E+04
 9.61120E-04    3.50227E+04
 1.23410E-03    3.16098E+04
 1.58460E-03    2.85990E+04
 2.03470E-03    2.66874E+04
 2.24870E-03    2.56729E+04
 2.48520E-03    2.49427E+04
 2.61260E-03    2.44718E+04
 2.74650E-03    2.37880E+04
 3.03540E-03    2.29138E+04
 3.35460E-03    2.20831E+04
 3.70740E-03    2.10962E+04
 4.30740E-03    1.96407E+04
 5.53080E-03    1.80006E+04
 7.10170E-03    1.65437E+04
 9.11880E-03    1.52447E+04
 1.17090E-02    1.40845E+04
 1.50340E-02    1.30458E+04
 1.93050E-02    1.23302E+04
 2.18750E-02    1.19713E+04
 2.35790E-02    1.17965E+04
 2.41760E-02    1.17115E+04
 2.47880E-02    1.15842E+04
 2.60580E-02    1.14415E+04
 2.70000E-02    1.12945E+04
 2.85000E-02    1.10320E+04
 3.18280E-02    1.07435E+04
 3.43070E-02    1.03692E+04
 4.08680E-02    9.93785E+03
 4.63090E-02    9.59334E+03
 5.24750E-02    9.32637E+03
 5.65620E-02    9.00388E+03
 6.73790E-02    8.69459E+03
 7.20000E-02    8.44779E+03
 7.95000E-02    8.28993E+03
 8.25000E-02    8.23892E+03
 8.65170E-02    8.12540E+03
 9.80370E-02    7.95504E+03
 1.11090E-01    7.80145E+03
 1.16790E-01    7.71451E+03
 1.22770E-01    7.62311E+03
 1.29070E-01    7.52695E+03
 1.35690E-01    7.42595E+03
 1.42640E-01    7.31974E+03
 1.49960E-01    7.20809E+03
 1.57640E-01    7.09072E+03
 1.65730E-01    6.97517E+03
 1.74220E-01    6.90598E+03
 1.83160E-01    6.84284E+03
 1.92550E-01    6.77935E+03
 2.02420E-01    6.73055E+03
 2.12800E-01    6.68239E+03
 2.23710E-01    6.63176E+03
 2.35180E-01    6.57853E+03
 2.47240E-01    6.51692E+03
 2.73240E-01    6.47593E+03
 2.87250E-01    6.45458E+03
 2.94520E-01    6.44461E+03
 2.97200E-01    6.44062E+03
 2.98500E-01    6.43586E+03
 3.01970E-01    6.44151E+03
 3.33730E-01    6.46494E+03
 3.68830E-01    6.48406E+03
 3.87740E-01    6.49768E+03
 4.07620E-01    6.51952E+03
 4.50490E-01    6.55118E+03
 4.97870E-01    6.58576E+03
 5.23400E-01    6.63346E+03
 5.50230E-01    6.68439E+03
 5.78440E-01    6.73793E+03
 6.08100E-01    6.79422E+03
 6.39280E-01    6.85339E+03
 6.72060E-01    6.91559E+03
 7.06510E-01    6.98098E+03
 7.42740E-01    7.04973E+03
 7.80820E-01    7.12200E+03
 8.20850E-01    7.19796E+03
 8.62940E-01    7.25613E+03
 9.07180E-01    7.30088E+03
 9.61640E-01    7.34432E+03
 1.00260E+00    7.41012E+03
 1.10800E+00    7.48436E+03
 1.16480E+00    7.53576E+03
 1.22460E+00    7.55882E+03
 1.28730E+00    7.57079E+03
 1.35340E+00    7.57032E+03
 1.42270E+00    7.55886E+03
 1.49570E+00    7.54389E+03
 1.57240E+00    7.51186E+03
 1.65300E+00    7.47543E+03
 1.73770E+00    7.42459E+03
 1.82680E+00    7.36399E+03
 1.92050E+00    7.29820E+03
 2.01900E+00    7.21706E+03
 2.12250E+00    7.12986E+03
 2.23130E+00    7.05391E+03
 2.30690E+00    7.00678E+03
 2.34570E+00    6.98276E+03
 2.36530E+00    6.96653E+03
 2.38520E+00    6.92534E+03
 2.46600E+00    6.84046E+03
 2.59240E+00    6.73396E+03
 2.72530E+00    6.62200E+03
 2.86500E+00    6.50611E+03
 3.01190E+00    6.38673E+03
 3.16640E+00    6.26125E+03
 3.32870E+00    6.06279E+03
 3.67880E+00    5.80651E+03
 4.06570E+00    5.53301E+03
 4.49330E+00    5.33907E+03
 4.72370E+00    5.22634E+03
 4.96590E+00    5.11745E+03
 5.22050E+00    5.02923E+03
 5.48810E+00    4.95904E+03
 5.76950E+00    4.91059E+03
 6.06530E+00    4.86418E+03
 6.37630E+00    4.84662E+03
 6.59240E+00    4.83872E+03
 6.70320E+00    4.83204E+03
 7.04690E+00    4.83880E+03
 7.40820E+00    4.85191E+03
 7.78800E+00    4.86847E+03
 8.18730E+00    4.89229E+03
 8.60710E+00    4.91758E+03
 9.04840E+00    4.94416E+03
 9.51230E+00    4.97210E+03
 1.00000E+01    5.00125E+03
 1.05130E+01    5.02913E+03
 1.10520E+01    5.05610E+03
 1.16180E+01    5.08140E+03
 1.22140E+01    5.10578E+03
 1.28400E+01    5.12764E+03
 1.34990E+01    5.14295E+03
 1.38400E+01    5.15096E+03
 1.41910E+01    5.14458E+03
 1.45500E+01    5.13607E+03
 1.49180E+01    5.14629E+03
 1.56830E+01    5.15485E+03
 1.64870E+01    5.13024E+03
