# n + Pd104 : (n,tot)   
# jendl4.0   N.Iwamoto,K.Shibata               EVAL-Dec09
# uncertainties: n
# # energies =   616
#   E(MeV)       xs(mb) 
 1.00000E-11    5.70490E+04
 1.04713E-11    5.57670E+04
 1.09648E-11    5.45137E+04
 1.14815E-11    5.32905E+04
 1.20226E-11    5.20941E+04
 1.25893E-11    5.09269E+04
 1.31826E-11    4.97852E+04
 1.38038E-11    4.86712E+04
 1.44544E-11    4.75819E+04
 1.51356E-11    4.65187E+04
 1.58489E-11    4.54796E+04
 1.65959E-11    4.44646E+04
 1.73780E-11    4.34737E+04
 1.81970E-11    4.25049E+04
 1.90546E-11    4.15598E+04
 1.99526E-11    4.06355E+04
 2.08930E-11    3.97339E+04
 2.18776E-11    3.88522E+04
 2.29087E-11    3.79922E+04
 2.39883E-11    3.71514E+04
 2.51189E-11    3.63309E+04
 2.63027E-11    3.55294E+04
 2.75423E-11    3.47465E+04
 2.88403E-11    3.39825E+04
 3.01995E-11    3.32358E+04
 3.16228E-11    3.25075E+04
 3.31131E-11    3.17955E+04
 3.46737E-11    3.11013E+04
 3.63078E-11    3.04227E+04
 3.80189E-11    2.97608E+04
 3.98107E-11    2.91142E+04
 4.16869E-11    2.84833E+04
 4.36516E-11    2.78674E+04
 4.57088E-11    2.72659E+04
 4.78630E-11    2.66794E+04
 5.01187E-11    2.61062E+04
 5.24807E-11    2.55476E+04
 5.49541E-11    2.50018E+04
 5.75440E-11    2.44698E+04
 6.02560E-11    2.39501E+04
 6.30957E-11    2.34434E+04
 6.60693E-11    2.29489E+04
 6.91831E-11    2.24664E+04
 7.24436E-11    2.19960E+04
 7.58578E-11    2.15367E+04
 7.94328E-11    2.10893E+04
 8.31764E-11    2.06523E+04
 8.70964E-11    2.02269E+04
 9.12011E-11    1.98115E+04
 9.54993E-11    1.94064E+04
 1.00000E-10    1.90119E+04
 1.04713E-10    1.86268E+04
 1.09648E-10    1.82517E+04
 1.14815E-10    1.78862E+04
 1.20226E-10    1.75295E+04
 1.25893E-10    1.71824E+04
 1.31826E-10    1.68440E+04
 1.38038E-10    1.65140E+04
 1.44544E-10    1.61930E+04
 1.51356E-10    1.58800E+04
 1.58489E-10    1.55751E+04
 1.65959E-10    1.52784E+04
 1.73780E-10    1.49892E+04
 1.81970E-10    1.47078E+04
 1.90546E-10    1.44339E+04
 1.99526E-10    1.41669E+04
 2.08930E-10    1.39074E+04
 2.18776E-10    1.36548E+04
 2.29087E-10    1.34087E+04
 2.39883E-10    1.31697E+04
 2.51189E-10    1.29370E+04
 2.63027E-10    1.27104E+04
 2.75423E-10    1.24903E+04
 2.88403E-10    1.22762E+04
 3.01995E-10    1.20678E+04
 3.16228E-10    1.18652E+04
 3.31131E-10    1.16685E+04
 3.46737E-10    1.14771E+04
 3.63078E-10    1.12909E+04
 3.80189E-10    1.11101E+04
 3.98107E-10    1.09344E+04
 4.16869E-10    1.07637E+04
 4.36516E-10    1.05976E+04
 4.57088E-10    1.04364E+04
 4.78630E-10    1.02799E+04
 5.01187E-10    1.01277E+04
 5.24807E-10    9.97979E+03
 5.49541E-10    9.83611E+03
 5.75440E-10    9.69668E+03
 6.02560E-10    9.56125E+03
 6.30957E-10    9.42969E+03
 6.60693E-10    9.30184E+03
 6.91831E-10    9.17765E+03
 7.24436E-10    9.05702E+03
 7.58578E-10    8.93993E+03
 7.94328E-10    8.82621E+03
 8.31764E-10    8.71576E+03
 8.70964E-10    8.60842E+03
 9.12011E-10    8.50415E+03
 9.54993E-10    8.40286E+03
 1.00000E-09    8.30445E+03
 1.04713E-09    8.20889E+03
 1.09648E-09    8.11600E+03
 1.14815E-09    8.02575E+03
 1.20226E-09    7.93804E+03
 1.25892E-09    7.85281E+03
 1.31826E-09    7.77004E+03
 1.38038E-09    7.68953E+03
 1.44544E-09    7.61127E+03
 1.51356E-09    7.53520E+03
 1.58489E-09    7.46124E+03
 1.65959E-09    7.38938E+03
 1.73780E-09    7.31945E+03
 1.81970E-09    7.25145E+03
 1.90546E-09    7.18532E+03
 1.99526E-09    7.12102E+03
 2.08930E-09    7.05846E+03
 2.18776E-09    6.99760E+03
 2.29087E-09    6.93840E+03
 2.39883E-09    6.88081E+03
 2.51189E-09    6.82481E+03
 2.63027E-09    6.77030E+03
 2.75423E-09    6.71722E+03
 2.88403E-09    6.66556E+03
 3.01995E-09    6.61525E+03
 3.16228E-09    6.56630E+03
 3.31131E-09    6.51868E+03
 3.46737E-09    6.47238E+03
 3.63078E-09    6.42724E+03
 3.80189E-09    6.38320E+03
 3.98107E-09    6.34036E+03
 4.16869E-09    6.29870E+03
 4.36516E-09    6.25818E+03
 4.57088E-09    6.21862E+03
 4.78630E-09    6.18004E+03
 5.01187E-09    6.14251E+03
 5.24807E-09    6.10605E+03
 5.49541E-09    6.07049E+03
 5.75440E-09    6.03568E+03
 6.02560E-09    6.00190E+03
 6.30957E-09    5.96913E+03
 6.60693E-09    5.93692E+03
 6.91831E-09    5.90560E+03
 7.24436E-09    5.87528E+03
 7.58578E-09    5.84553E+03
 7.94328E-09    5.81649E+03
 8.31764E-09    5.78842E+03
 8.70964E-09    5.76088E+03
 9.12011E-09    5.73397E+03
 9.54993E-09    5.70801E+03
 1.00000E-08    5.68243E+03
 1.04713E-08    5.65753E+03
 1.09648E-08    5.63351E+03
 1.14815E-08    5.60972E+03
 1.20226E-08    5.58677E+03
 1.25893E-08    5.56438E+03
 1.31826E-08    5.54233E+03
 1.38038E-08    5.52119E+03
 1.44544E-08    5.50018E+03
 1.51356E-08    5.47999E+03
 1.58489E-08    5.46015E+03
 1.65959E-08    5.44075E+03
 1.73780E-08    5.42208E+03
 1.81970E-08    5.40348E+03
 1.90546E-08    5.38579E+03
 1.99526E-08    5.36806E+03
 2.08930E-08    5.35122E+03
 2.18776E-08    5.33437E+03
 2.29087E-08    5.31831E+03
 2.39883E-08    5.30211E+03
 2.51189E-08    5.28683E+03
 2.63027E-08    5.27188E+03
 2.75423E-08    5.25704E+03
 2.88403E-08    5.24280E+03
 3.01995E-08    5.22865E+03
 3.16228E-08    5.21512E+03
 3.31131E-08    5.20159E+03
 3.46737E-08    5.18877E+03
 3.63078E-08    5.17583E+03
 3.80189E-08    5.16367E+03
 3.98107E-08    5.15129E+03
 4.16869E-08    5.13973E+03
 4.36516E-08    5.12794E+03
 4.57088E-08    5.11690E+03
 4.78630E-08    5.10579E+03
 5.01187E-08    5.09506E+03
 5.24807E-08    5.08470E+03
 5.49541E-08    5.07423E+03
 5.75440E-08    5.06452E+03
 6.02560E-08    5.05451E+03
 6.30957E-08    5.04520E+03
 6.60693E-08    5.03589E+03
 6.91831E-08    5.02666E+03
 7.24436E-08    5.01806E+03
 7.58578E-08    5.00914E+03
 7.94328E-08    5.00090E+03
 8.31764E-08    4.99268E+03
 8.70964E-08    4.98439E+03
 9.12011E-08    4.97682E+03
 9.54993E-08    4.96899E+03
 1.00000E-07    4.96144E+03
 1.04713E-07    4.95434E+03
 1.09648E-07    4.94693E+03
 1.14815E-07    4.94009E+03
 1.20226E-07    4.93338E+03
 1.25893E-07    4.92644E+03
 1.31826E-07    4.92017E+03
 1.38038E-07    4.91389E+03
 1.44544E-07    4.90740E+03
 1.51356E-07    4.90156E+03
 1.58489E-07    4.89572E+03
 1.65959E-07    4.88966E+03
 1.73780E-07    4.88420E+03
 1.81970E-07    4.87880E+03
 1.90546E-07    4.87315E+03
 1.99526E-07    4.86798E+03
 2.08930E-07    4.86303E+03
 2.18776E-07    4.85784E+03
 2.29087E-07    4.85280E+03
 2.39883E-07    4.84829E+03
 2.51189E-07    4.84358E+03
 2.63027E-07    4.83872E+03
 2.75423E-07    4.83446E+03
 2.88403E-07    4.83022E+03
 3.01995E-07    4.82579E+03
 3.16228E-07    4.82147E+03
 3.31131E-07    4.81767E+03
 3.46737E-07    4.81370E+03
 3.63078E-07    4.80956E+03
 3.80189E-07    4.80579E+03
 3.98107E-07    4.80230E+03
 4.16869E-07    4.79863E+03
 4.36516E-07    4.79481E+03
 4.57088E-07    4.79143E+03
 4.78630E-07    4.78824E+03
 5.01187E-07    4.78489E+03
 5.24807E-07    4.78139E+03
 5.49541E-07    4.77825E+03
 5.75440E-07    4.77537E+03
 6.02560E-07    4.77234E+03
 6.30957E-07    4.76918E+03
 6.60693E-07    4.76615E+03
 6.91831E-07    4.76355E+03
 7.24436E-07    4.76085E+03
 7.58578E-07    4.75802E+03
 7.94328E-07    4.75510E+03
 8.31764E-07    4.75264E+03
 8.70964E-07    4.75026E+03
 9.12011E-07    4.74777E+03
 9.54993E-07    4.74516E+03
 1.00000E-06    4.74258E+03
 1.04713E-06    4.74066E+03
 1.09648E-06    4.73874E+03
 1.14815E-06    4.73674E+03
 1.20226E-06    4.73464E+03
 1.25893E-06    4.73244E+03
 1.31826E-06    4.73014E+03
 1.38038E-06    4.72773E+03
 1.44544E-06    4.72520E+03
 1.51356E-06    4.72318E+03
 1.58489E-06    4.72202E+03
 1.65959E-06    4.72083E+03
 1.73780E-06    4.71957E+03
 1.81970E-06    4.71826E+03
 1.90546E-06    4.71689E+03
 1.99526E-06    4.71545E+03
 2.08930E-06    4.71394E+03
 2.18776E-06    4.71236E+03
 2.29087E-06    4.71071E+03
 2.39883E-06    4.70898E+03
 2.51189E-06    4.70717E+03
 2.63027E-06    4.70528E+03
 2.75423E-06    4.70329E+03
 2.88403E-06    4.70121E+03
 3.01995E-06    4.69903E+03
 3.16228E-06    4.69675E+03
 3.31131E-06    4.69437E+03
 3.46737E-06    4.69187E+03
 3.63078E-06    4.68970E+03
 3.80189E-06    4.68870E+03
 3.98107E-06    4.68772E+03
 4.16869E-06    4.68670E+03
 4.36516E-06    4.68563E+03
 4.57088E-06    4.68451E+03
 4.78630E-06    4.68334E+03
 5.01187E-06    4.68211E+03
 5.24807E-06    4.68082E+03
 5.49541E-06    4.67947E+03
 5.75440E-06    4.67806E+03
 6.02560E-06    4.67658E+03
 6.30957E-06    4.67504E+03
 6.60693E-06    4.67342E+03
 6.91831E-06    4.67172E+03
 7.24436E-06    4.66994E+03
 7.58578E-06    4.66808E+03
 7.94328E-06    4.66614E+03
 8.31764E-06    4.66410E+03
 8.70964E-06    4.66196E+03
 9.12011E-06    4.65972E+03
 9.54993E-06    4.65738E+03
 1.00000E-05    4.65493E+03
 1.04713E-05    4.65236E+03
 1.09648E-05    4.64967E+03
 1.14815E-05    4.64690E+03
 1.20226E-05    4.64461E+03
 1.25893E-05    4.64241E+03
 1.31826E-05    4.64011E+03
 1.38038E-05    4.63770E+03
 1.44544E-05    4.63518E+03
 1.51356E-05    4.63254E+03
 1.58489E-05    4.62977E+03
 1.65959E-05    4.62687E+03
 1.73780E-05    4.62384E+03
 1.81970E-05    4.62066E+03
 1.90546E-05    4.61734E+03
 1.99526E-05    4.61386E+03
 2.08930E-05    4.61021E+03
 2.18776E-05    4.60639E+03
 2.29087E-05    4.60240E+03
 2.39883E-05    4.59821E+03
 2.51189E-05    4.59382E+03
 2.63027E-05    4.58923E+03
 2.75423E-05    4.58443E+03
 2.88403E-05    4.57940E+03
 3.01995E-05    4.57412E+03
 3.16228E-05    4.56861E+03
 3.31131E-05    4.56283E+03
 3.46737E-05    4.55678E+03
 3.63078E-05    4.55044E+03
 3.80189E-05    4.54380E+03
 3.98107E-05    4.53686E+03
 4.16869E-05    4.52958E+03
 4.36516E-05    4.52196E+03
 4.57088E-05    4.51399E+03
 4.78630E-05    4.50563E+03
 5.01187E-05    4.49533E+03
 5.24807E-05    4.48285E+03
 5.49541E-05    4.46977E+03
 5.75440E-05    4.45608E+03
 6.02560E-05    4.44174E+03
 6.30957E-05    4.42673E+03
 6.60693E-05    4.41101E+03
 6.91831E-05    4.39441E+03
 7.24436E-05    4.37299E+03
 7.58578E-05    4.34874E+03
 7.94328E-05    4.32334E+03
 8.31764E-05    4.29675E+03
 8.70964E-05    4.26693E+03
 9.12011E-05    4.22907E+03
 9.54993E-05    4.18888E+03
 1.00000E-04    4.14603E+03
 1.04713E-04    4.26994E+03
 1.09648E-04    4.31533E+03
 1.14815E-04    3.94985E+03
 1.20226E-04    3.85921E+03
 1.25893E-04    3.74675E+03
 1.31826E-04    3.60657E+03
 1.38038E-04    3.42599E+03
 1.44544E-04    3.18691E+03
 1.51356E-04    2.95320E+03
 1.58489E-04    2.44944E+03
 1.65959E-04    2.38811E+03
 1.73780E-04    1.92781E+05
 1.81970E-04    6.09185E+05
 1.90546E-04    1.55268E+04
 1.99526E-04    9.93630E+03
 2.08930E-04    8.14030E+03
 2.18776E-04    7.26377E+03
 2.29087E-04    6.74594E+03
 2.39883E-04    6.40469E+03
 2.51189E-04    6.16365E+03
 2.63027E-04    7.32799E+03
 2.75423E-04    5.83061E+03
 2.88403E-04    7.05304E+03
 3.01995E-04    5.58663E+03
 3.16228E-04    5.45388E+03
 3.31131E-04    6.18856E+03
 3.46737E-04    1.65224E+04
 3.63078E-04    5.56251E+03
 3.80189E-04    5.45164E+03
 3.98107E-04    5.38491E+03
 4.16869E-04    5.33007E+03
 4.36516E-04    5.28685E+03
 4.57088E-04    5.24237E+03
 4.78630E-04    5.20517E+03
 5.01187E-04    7.09117E+03
 5.24807E-04    5.28745E+03
 5.49541E-04    5.08842E+03
 5.75440E-04    5.05222E+03
 6.02560E-04    6.10611E+03
 6.30957E-04    6.68178E+03
 6.60693E-04    5.37031E+03
 6.91831E-04    4.83319E+03
 7.24436E-04    5.19468E+03
 7.58578E-04    4.66201E+03
 7.94328E-04    4.46053E+03
 8.31764E-04    4.17302E+03
 8.70964E-04    4.32164E+03
 9.12011E-04    7.36569E+04
 9.54993E-04    1.15281E+04
 1.00000E-03    6.08014E+03
 1.04713E-03    5.17948E+03
 1.09648E-03    4.30895E+03
 1.14815E-03    5.99884E+04
 1.20226E-03    8.99982E+03
 1.25893E-03    9.88809E+03
 1.31826E-03    7.74835E+03
 1.38038E-03    5.92244E+03
 1.44544E-03    7.16912E+03
 1.51356E-03    8.59092E+03
 1.58489E-03    5.64360E+03
 1.65959E-03    5.50729E+03
 1.73780E-03    5.37241E+03
 1.81970E-03    5.75721E+03
 1.90546E-03    4.59284E+03
 1.99526E-03    2.54363E+04
 2.08930E-03    6.35386E+03
 2.18776E-03    9.31235E+03
 2.29087E-03    1.19851E+04
 2.39883E-03    1.18318E+04
 2.51189E-03    1.16804E+04
 2.63027E-03    1.15310E+04
 2.75423E-03    1.13840E+04
 2.88403E-03    1.12382E+04
 3.01995E-03    1.10944E+04
 3.16228E-03    1.09524E+04
 3.31131E-03    1.08125E+04
 3.46737E-03    1.06742E+04
 3.63078E-03    1.05380E+04
 3.80189E-03    1.04033E+04
 3.98107E-03    1.02837E+04
 4.16869E-03    1.01863E+04
 4.36516E-03    1.00899E+04
 4.57088E-03    9.99499E+03
 4.78630E-03    9.90026E+03
 5.01187E-03    9.80650E+03
 5.24807E-03    9.71370E+03
 5.49541E-03    9.62203E+03
 5.75440E-03    9.53113E+03
 6.02560E-03    9.44079E+03
 6.30957E-03    9.35162E+03
 6.60693E-03    9.26321E+03
 6.91831E-03    9.18101E+03
 7.24436E-03    9.11320E+03
 7.58578E-03    9.04655E+03
 7.94328E-03    8.98088E+03
 8.31764E-03    8.91494E+03
 8.70964E-03    8.84967E+03
 9.12011E-03    8.78521E+03
 9.54993E-03    8.72103E+03
 1.00000E-02    8.67054E+03
 1.04713E-02    8.63307E+03
 1.09648E-02    8.59588E+03
 1.14815E-02    8.55858E+03
 1.20226E-02    8.52174E+03
 1.25893E-02    8.48492E+03
 1.31826E-02    8.44824E+03
 1.38038E-02    8.41177E+03
 1.44544E-02    8.37565E+03
 1.51356E-02    8.33969E+03
 1.58489E-02    8.30355E+03
 1.65959E-02    8.26785E+03
 1.73780E-02    8.23247E+03
 1.81970E-02    8.19676E+03
 1.90546E-02    8.16156E+03
 1.99526E-02    8.13170E+03
 2.08930E-02    8.10903E+03
 2.18776E-02    8.08593E+03
 2.29087E-02    8.06327E+03
 2.39883E-02    8.04056E+03
 2.51189E-02    8.01810E+03
 2.63027E-02    7.99566E+03
 2.75423E-02    7.97322E+03
 2.88403E-02    7.95094E+03
 3.01995E-02    7.93793E+03
 3.16228E-02    7.93046E+03
 3.31131E-02    7.92264E+03
 3.46737E-02    7.91505E+03
 3.63078E-02    7.90764E+03
 3.80189E-02    7.89989E+03
 3.98107E-02    7.89218E+03
 4.16869E-02    7.88472E+03
 4.36516E-02    7.87700E+03
 4.57088E-02    7.86958E+03
 4.78630E-02    7.86196E+03
 5.01187E-02    7.86133E+03
 5.24807E-02    7.86681E+03
 5.49541E-02    7.87254E+03
 5.75440E-02    7.87854E+03
 6.02560E-02    7.88426E+03
 6.30957E-02    7.88984E+03
 6.60693E-02    7.89569E+03
 6.91831E-02    7.90210E+03
 7.24436E-02    7.90957E+03
 7.58578E-02    7.91743E+03
 7.94328E-02    7.92604E+03
 8.31764E-02    7.93575E+03
 8.70964E-02    7.94589E+03
 9.12011E-02    7.95573E+03
 9.54993E-02    7.96575E+03
 1.00000E-01    7.97572E+03
 1.04713E-01    7.98545E+03
 1.09648E-01    7.99510E+03
 1.14815E-01    8.00484E+03
 1.20226E-01    8.01461E+03
 1.25893E-01    8.02414E+03
 1.31826E-01    8.02919E+03
 1.38038E-01    8.03271E+03
 1.44544E-01    8.03621E+03
 1.51356E-01    8.03970E+03
 1.58489E-01    8.04321E+03
 1.65959E-01    8.04672E+03
 1.73780E-01    8.05020E+03
 1.81970E-01    8.05360E+03
 1.90546E-01    8.05716E+03
 1.99526E-01    8.05399E+03
 2.08930E-01    8.04212E+03
 2.18776E-01    8.02968E+03
 2.29087E-01    8.01664E+03
 2.39883E-01    8.00300E+03
 2.51189E-01    7.98871E+03
 2.63027E-01    7.97375E+03
 2.75423E-01    7.95808E+03
 2.88403E-01    7.94167E+03
 3.01995E-01    7.92142E+03
 3.16228E-01    7.89076E+03
 3.31131E-01    7.85800E+03
 3.46737E-01    7.82370E+03
 3.63078E-01    7.78777E+03
 3.80189E-01    7.75016E+03
 3.98107E-01    7.71006E+03
 4.16869E-01    7.66246E+03
 4.36516E-01    7.61143E+03
 4.57088E-01    7.55799E+03
 4.78630E-01    7.50204E+03
 5.01187E-01    7.44344E+03
 5.24807E-01    7.38308E+03
 5.49541E-01    7.32340E+03
 5.75440E-01    7.26122E+03
 6.02560E-01    7.19611E+03
 6.30957E-01    7.12909E+03
 6.60693E-01    7.06033E+03
 6.91831E-01    6.98833E+03
 7.24436E-01    6.91293E+03
 7.58578E-01    6.83512E+03
 7.94328E-01    6.76128E+03
 8.31764E-01    6.68538E+03
 8.70964E-01    6.60590E+03
 9.12011E-01    6.52268E+03
 9.54993E-01    6.43943E+03
 1.00000E+00    6.35893E+03
 1.04713E+00    6.27474E+03
 1.09648E+00    6.18677E+03
 1.14815E+00    6.10243E+03
 1.20226E+00    6.01839E+03
 1.25893E+00    5.93038E+03
 1.31826E+00    5.83873E+03
 1.38038E+00    5.75357E+03
 1.44544E+00    5.66882E+03
 1.51356E+00    5.58007E+03
 1.58489E+00    5.48731E+03
 1.65959E+00    5.39988E+03
 1.73780E+00    5.31397E+03
 1.81970E+00    5.22494E+03
 1.90546E+00    5.14196E+03
 1.99526E+00    5.05796E+03
 2.08930E+00    4.97001E+03
 2.18776E+00    4.88326E+03
 2.29087E+00    4.80182E+03
 2.39883E+00    4.71682E+03
 2.51189E+00    4.63448E+03
 2.63027E+00    4.55213E+03
 2.75423E+00    4.46794E+03
 2.88403E+00    4.38959E+03
 3.01995E+00    4.31466E+03
 3.16228E+00    4.24683E+03
 3.31131E+00    4.17634E+03
 3.46737E+00    4.11501E+03
 3.63078E+00    4.06838E+03
 3.80189E+00    4.02171E+03
 3.98107E+00    3.98523E+03
 4.16869E+00    3.96556E+03
 4.36516E+00    3.94661E+03
 4.57088E+00    3.94567E+03
 4.78630E+00    3.95046E+03
 5.01187E+00    3.96006E+03
 5.24807E+00    3.98071E+03
 5.49541E+00    4.00284E+03
 5.75440E+00    4.02857E+03
 6.02560E+00    4.05668E+03
 6.30957E+00    4.08613E+03
 6.60693E+00    4.11695E+03
 6.91831E+00    4.14924E+03
 7.24436E+00    4.18210E+03
 7.58578E+00    4.21006E+03
 7.94328E+00    4.23809E+03
 8.31764E+00    4.26745E+03
 8.70964E+00    4.29376E+03
 9.12011E+00    4.31526E+03
 9.54993E+00    4.33769E+03
 1.00000E+01    4.35387E+03
 1.04713E+01    4.36414E+03
 1.09648E+01    4.36852E+03
 1.14815E+01    4.36508E+03
 1.20226E+01    4.35363E+03
 1.25893E+01    4.33476E+03
 1.31826E+01    4.30558E+03
 1.38038E+01    4.26968E+03
 1.44544E+01    4.22393E+03
 1.51356E+01    4.16933E+03
 1.58489E+01    4.10738E+03
 1.65959E+01    4.03731E+03
 1.73780E+01    3.96042E+03
 1.81970E+01    3.87822E+03
 1.90546E+01    3.79239E+03
 1.99526E+01    1.92953E+02
