# n + Kr 84 : (n,n'22)  
# tendl.2019 A.J. Koning and D. Rochman        EVAL-NOV19
# uncertainties: n
# # energies =    62
#   E(MeV)       xs(mb) 
 3.37509E+00    0.00000E+00
 3.40000E+00    5.88691E+00
 3.40634E+00    6.76148E+00
 3.44912E+00    1.26630E+01
 3.46793E+00    1.52578E+01
 3.50463E+00    2.03206E+01
 3.51753E+00    2.21001E+01
 3.60000E+00    3.34768E+01
 3.61291E+00    3.40393E+01
 3.63024E+00    3.47944E+01
 3.68224E+00    3.70602E+01
 3.80000E+00    4.21914E+01
 4.00000E+00    4.07009E+01
 4.20000E+00    3.54600E+01
 4.40000E+00    2.92540E+01
 4.60000E+00    2.35811E+01
 4.80000E+00    1.90470E+01
 5.00000E+00    1.54811E+01
 5.20000E+00    1.26611E+01
 5.40000E+00    1.04006E+01
 5.60000E+00    8.57811E+00
 5.80000E+00    7.09782E+00
 6.00000E+00    5.88907E+00
 6.20000E+00    4.89599E+00
 6.40000E+00    4.07845E+00
 6.60000E+00    3.40671E+00
 6.80000E+00    2.85541E+00
 7.00000E+00    2.40402E+00
 7.20000E+00    2.03509E+00
 7.40000E+00    1.73024E+00
 7.60000E+00    1.48350E+00
 7.80000E+00    1.28378E+00
 8.00000E+00    1.11877E+00
 8.50000E+00    8.29038E-01
 9.00000E+00    6.51956E-01
 9.50000E+00    5.42143E-01
 1.00000E+01    4.73410E-01
 1.05000E+01    4.30435E-01
 1.10000E+01    4.03957E-01
 1.15000E+01    3.88008E-01
 1.20000E+01    3.78705E-01
 1.25000E+01    3.73461E-01
 1.30000E+01    3.70574E-01
 1.35000E+01    3.69040E-01
 1.40000E+01    3.68327E-01
 1.45000E+01    3.68205E-01
 1.50000E+01    3.68582E-01
 1.60000E+01    3.70641E-01
 1.70000E+01    3.74114E-01
 1.80000E+01    3.78714E-01
 1.90000E+01    3.84294E-01
 2.00000E+01    3.90643E-01
 2.10000E+01    3.97483E-01
 2.20000E+01    4.04656E-01
 2.30000E+01    4.12130E-01
 2.40000E+01    4.19846E-01
 2.50000E+01    4.27543E-01
 2.60000E+01    4.34781E-01
 2.70000E+01    4.41084E-01
 2.80000E+01    4.46119E-01
 2.90000E+01    4.49769E-01
 3.00000E+01    4.52105E-01
