# n + Bi207 : (n,nd)    
# tendl.2019 A.J. Koning and D. Rochman        EVAL-NOV19
# uncertainties: y
# # energies =    23
#   E(MeV)       xs(mb)       xslow(mb)      xsupp(mb)
 9.46601E+00    0.00000E+00    0.00000E+00    0.00000E+00
 1.20000E+01    6.65270E-15    6.65270E-15    6.65270E-15
 1.25000E+01    3.26720E-12    3.26720E-12    3.26720E-12
 1.30000E+01    1.97660E-10    0.00000E+00    1.13482E-09
 1.35000E+01    6.30110E-09    0.00000E+00    3.61764E-08
 1.40000E+01    8.83360E-08    0.00000E+00    5.07161E-07
 1.45000E+01    6.66900E-07    0.00000E+00    3.82886E-06
 1.50000E+01    3.43829E-06    0.00000E+00    1.97402E-05
 1.60000E+01    1.00492E-04    0.00000E+00    4.26851E-04
 1.70000E+01    1.09213E-03    0.00000E+00    4.63895E-03
 1.80000E+01    8.04563E-03    0.00000E+00    3.41747E-02
 1.90000E+01    4.18035E-02    0.00000E+00    1.77565E-01
 2.00000E+01    1.54963E-01    0.00000E+00    3.83173E-01
 2.10000E+01    4.15492E-01    0.00000E+00    1.02738E+00
 2.20000E+01    8.66908E-01    0.00000E+00    2.14358E+00
 2.30000E+01    1.51677E+00    0.00000E+00    3.75048E+00
 2.40000E+01    2.38028E+00    0.00000E+00    4.92722E+00
 2.50000E+01    3.39948E+00    0.00000E+00    7.03699E+00
 2.60000E+01    4.53128E+00    0.00000E+00    9.37984E+00
 2.70000E+01    5.79718E+00    0.00000E+00    1.20003E+01
 2.80000E+01    7.03456E+00    0.00000E+00    1.45617E+01
 2.90000E+01    8.32636E+00    0.00000E+00    1.72357E+01
 3.00000E+01    9.48162E+00    0.00000E+00    1.96271E+01
