# n + Ti  0 : (n,4n)
# tendl.2019 A.J. Koning and D. Rochman        EVAL-NOV19
# uncertainties: n
# # energies =    32
#   E(MeV)          xs(mb) 
 2.92403E+01    0.00000E+00
 3.00000E+01    5.10435E-04
 3.00000E+01    5.10435E-04
 3.20000E+01    4.75479E-02
 3.40000E+01    4.86866E-01
 3.60000E+01    1.91290E+00
 3.80000E+01    4.29783E+00
 4.00000E+01    7.06738E+00
 4.20000E+01    9.66141E+00
 4.40000E+01    1.16004E+01
 4.60000E+01    1.30668E+01
 4.80000E+01    1.38157E+01
 5.00000E+01    1.42580E+01
 5.20000E+01    1.42347E+01
 5.40000E+01    1.41409E+01
 5.60000E+01    1.39913E+01
 5.80000E+01    1.38119E+01
 6.00000E+01    1.34726E+01
 6.50000E+01    1.28900E+01
 7.00000E+01    1.21517E+01
 7.50000E+01    1.15299E+01
 8.00000E+01    1.09134E+01
 9.00000E+01    1.00742E+01
 1.00000E+02    9.13346E+00
 1.10000E+02    8.38456E+00
 1.20000E+02    7.68859E+00
 1.30000E+02    6.98620E+00
 1.40000E+02    6.39212E+00
 1.50000E+02    5.87945E+00
 1.60000E+02    5.33284E+00
 1.80000E+02    4.52905E+00
 2.00000E+02    3.88304E+00
