# p + Dy  0 : (p,n')m
# tendl.2019 A.J. Koning                       EVAL-OCT19
# uncertainties: y
# # energies =    46
#   E(MeV)          xs(mb) 
 1.86363E+00    2.20582E-08
 2.00000E+00    3.45500E-08
 3.00000E+00    8.06306E-05
 4.00000E+00    7.01524E-03
 5.00000E+00    1.47089E-01
 6.00000E+00    1.18602E+00
 7.00000E+00    5.60497E+00
 8.00000E+00    1.75883E+01
 9.00000E+00    3.77584E+01
 1.00000E+01    5.17304E+01
 1.10000E+01    4.73928E+01
 1.20000E+01    3.16440E+01
 1.30000E+01    2.22523E+01
 1.40000E+01    1.87757E+01
 1.50000E+01    1.78431E+01
 1.60000E+01    1.76682E+01
 1.70000E+01    1.76918E+01
 1.80000E+01    1.76009E+01
 1.90000E+01    1.74923E+01
 2.00000E+01    1.73415E+01
 2.20000E+01    1.67364E+01
 2.40000E+01    1.59606E+01
 2.60000E+01    1.51352E+01
 2.80000E+01    1.42684E+01
 3.00000E+01    1.34446E+01
 3.00000E+01    1.34446E+01
 3.50000E+01    1.16753E+01
 4.00000E+01    9.93076E+00
 4.50000E+01    8.50050E+00
 5.00000E+01    7.26231E+00
 5.50000E+01    6.28161E+00
 6.00000E+01    5.46331E+00
 6.50000E+01    4.74150E+00
 7.00000E+01    4.12122E+00
 7.50000E+01    3.59263E+00
 8.00000E+01    3.17873E+00
 9.00000E+01    2.54045E+00
 1.00000E+02    2.07917E+00
 1.10000E+02    1.76867E+00
 1.20000E+02    1.51667E+00
 1.30000E+02    1.32592E+00
 1.40000E+02    1.17546E+00
 1.50000E+02    1.05729E+00
 1.60000E+02    9.59172E-01
 1.80000E+02    8.00945E-01
 2.00000E+02    6.76724E-01
