# n + Os190 : (n,n'15)  
# jendl4.0   N.Iwamoto                         EVAL-Jan10
# uncertainties: n
# # energies =    70
#   E(MeV)       xs(mb) 
 1.44344E+00    0.00000E+00
 1.45380E+00    3.84427E+01
 1.48203E+00    6.18048E+01
 1.48987E+00    6.56296E+01
 1.50000E+00    6.97734E+01
 1.52214E+00    7.72827E+01
 1.55350E+00    8.58131E+01
 1.55542E+00    8.62401E+01
 1.57737E+00    8.99771E+01
 1.57864E+00    8.97861E+01
 1.59229E+00    8.96700E+01
 1.60000E+00    9.05093E+01
 1.62455E+00    9.34243E+01
 1.67532E+00    9.73822E+01
 1.68458E+00    9.84759E+01
 1.68842E+00    9.80469E+01
 1.68952E+00    9.77976E+01
 1.69062E+00    9.74809E+01
 1.69803E+00    9.71095E+01
 1.70000E+00    9.64770E+01
 1.71446E+00    9.58378E+01
 1.71737E+00    9.58436E+01
 1.73396E+00    9.48876E+01
 1.74210E+00    9.44487E+01
 1.78644E+00    9.52677E+01
 1.80000E+00    9.56568E+01
 1.81227E+00    9.61860E+01
 1.82313E+00    9.65306E+01
 1.83328E+00    9.68187E+01
 1.84607E+00    9.69549E+01
 1.90000E+00    9.64511E+01
 2.00000E+00    9.42913E+01
 2.25000E+00    7.62087E+01
 2.50000E+00    6.12814E+01
 2.75000E+00    4.61047E+01
 3.00000E+00    3.19270E+01
 3.50000E+00    1.51810E+01
 4.00000E+00    6.96156E+00
 4.50000E+00    3.24611E+00
 5.00000E+00    1.63160E+00
 5.50000E+00    9.34340E-01
 6.00000E+00    6.27806E-01
 6.50000E+00    4.84825E-01
 7.00000E+00    4.11199E-01
 7.50000E+00    3.67527E-01
 8.00000E+00    3.37855E-01
 8.50000E+00    3.15432E-01
 9.00000E+00    2.97297E-01
 9.50000E+00    2.81767E-01
 1.00000E+01    2.67800E-01
 1.05000E+01    2.54667E-01
 1.10000E+01    2.42021E-01
 1.15000E+01    2.29755E-01
 1.20000E+01    2.17954E-01
 1.25000E+01    2.06709E-01
 1.30000E+01    1.96130E-01
 1.35000E+01    1.86286E-01
 1.40000E+01    1.77179E-01
 1.45000E+01    1.68785E-01
 1.50000E+01    1.61050E-01
 1.55000E+01    1.53904E-01
 1.60000E+01    1.47270E-01
 1.65000E+01    1.41073E-01
 1.70000E+01    1.35244E-01
 1.75000E+01    1.29731E-01
 1.80000E+01    1.24499E-01
 1.85000E+01    1.19524E-01
 1.90000E+01    1.14797E-01
 1.95000E+01    1.10313E-01
 2.00000E+01    1.06074E-01
